Stock,Expiry,Strike,CE_LTP,CE_OI,CE_Volume,PE_LTP,PE_OI,PE_Volume,Stock_LTP,Stock_High,Stock_Low,Stock_%_Change,timestamp,Max_Pain
360ONE,2026-02-24,920.0,0.0,0.0,0.0,1.95,60000.0,103500.0,1167.6,1188.5,1150.0,5.142,2026-02-03 23:02,6712
360ONE,2026-02-24,940.0,0.0,0.0,0.0,2.55,5500.0,6000.0,1167.6,1188.5,1150.0,5.142,2026-02-03 23:02,5623
360ONE,2026-02-24,960.0,0.0,0.0,0.0,1.9,3000.0,2000.0,1167.6,1188.5,1150.0,5.142,2026-02-03 23:02,4556
360ONE,2026-02-24,980.0,190.75,0.0,1500.0,3.45,8500.0,12500.0,1167.6,1188.5,1150.0,5.142,2026-02-03 23:02,3495
360ONE,2026-02-24,1000.0,168.2,4500.0,3000.0,3.7,84000.0,171000.0,1167.6,1188.5,1150.0,5.142,2026-02-03 23:02,2449
360ONE,2026-02-24,1020.0,152.2,3000.0,4000.0,4.65,8500.0,14500.0,1167.6,1188.5,1150.0,5.142,2026-02-03 23:02,1628
360ONE,2026-02-24,1040.0,66.7,1500.0,0.0,5.0,20500.0,25500.0,1167.6,1188.5,1150.0,5.142,2026-02-03 23:02,826
360ONE,2026-02-24,1060.0,118.0,9000.0,1000.0,7.0,69000.0,89000.0,1167.6,1188.5,1150.0,5.142,2026-02-03 23:02,27
360ONE,2026-02-24,1080.0,93.15,12000.0,3500.0,9.5,44000.0,73000.0,1167.6,1188.5,1150.0,5.142,2026-02-03 23:02,-557
360ONE,2026-02-24,1100.0,87.05,63500.0,23500.0,12.9,94000.0,187500.0,1167.6,1188.5,1150.0,5.142,2026-02-03 23:02,-1018
360ONE,2026-02-24,1120.0,73.0,63500.0,17500.0,17.1,9000.0,26500.0,1167.6,1188.5,1150.0,5.142,2026-02-03 23:02,-802
360ONE,2026-02-24,1140.0,55.9,25000.0,40500.0,25.0,30000.0,14000.0,1167.6,1188.5,1150.0,5.142,2026-02-03 23:02,-425
360ONE,2026-02-24,1160.0,43.8,132500.0,348000.0,30.15,102500.0,139500.0,1167.6,1188.5,1150.0,5.142,2026-02-03 23:02,-321
360ONE,2026-02-24,1180.0,33.55,26000.0,164000.0,40.2,8000.0,30500.0,1167.6,1188.5,1150.0,5.142,2026-02-03 23:02,458
360ONE,2026-02-24,1200.0,26.0,76500.0,207000.0,51.1,46000.0,7500.0,1167.6,1188.5,1150.0,5.142,2026-02-03 23:02,1090
360ONE,2026-02-24,1220.0,20.2,53000.0,80500.0,87.4,500.0,0.0,1167.6,1188.5,1150.0,5.142,2026-02-03 23:02,1876
360ONE,2026-02-24,1240.0,14.6,40500.0,243000.0,145.45,2000.0,0.0,1167.6,1188.5,1150.0,5.142,2026-02-03 23:02,2907
360ONE,2026-02-24,1260.0,11.2,32000.0,63500.0,0.0,0.0,0.0,1167.6,1188.5,1150.0,5.142,2026-02-03 23:02,3951
360ONE,2026-02-24,1280.0,8.45,27500.0,22000.0,95.0,500.0,0.0,1167.6,1188.5,1150.0,5.142,2026-02-03 23:02,5065
360ONE,2026-02-24,1300.0,7.0,136500.0,218500.0,194.8,2500.0,0.0,1167.6,1188.5,1150.0,5.142,2026-02-03 23:02,6218
360ONE,2026-02-24,1320.0,8.0,1000.0,0.0,200.7,500.0,0.0,1167.6,1188.5,1150.0,5.142,2026-02-03 23:02,7677
360ONE,2026-02-24,1360.0,3.85,77000.0,80500.0,0.0,0.0,0.0,1167.6,1188.5,1150.0,5.142,2026-02-03 23:02,10497
360ONE,2026-02-24,1380.0,2.7,43000.0,42000.0,0.0,0.0,0.0,1167.6,1188.5,1150.0,5.142,2026-02-03 23:02,12096
ABB,2026-02-24,3900.0,0.0,0.0,0.0,5.0,3750.0,2375.0,5668.5,5769.0,5608.0,3.667,2026-02-03 23:02,77621
ABB,2026-02-24,4000.0,1450.0,375.0,0.0,4.9,19500.0,9875.0,5668.5,5769.0,5608.0,3.667,2026-02-03 23:02,68872
ABB,2026-02-24,4100.0,0.0,0.0,0.0,5.8,1375.0,0.0,5668.5,5769.0,5608.0,3.667,2026-02-03 23:02,60368
ABB,2026-02-24,4200.0,1212.45,125.0,0.0,6.0,9750.0,5125.0,5668.5,5769.0,5608.0,3.667,2026-02-03 23:02,51832
ABB,2026-02-24,4300.0,0.0,0.0,0.0,9.0,9625.0,250.0,5668.5,5769.0,5608.0,3.667,2026-02-03 23:02,43405
ABB,2026-02-24,4350.0,0.0,0.0,0.0,7.35,2000.0,0.0,5668.5,5769.0,5608.0,3.667,2026-02-03 23:02,39226
ABB,2026-02-24,4400.0,1135.0,625.0,0.0,6.9,16750.0,8125.0,5668.5,5769.0,5608.0,3.667,2026-02-03 23:02,35065
ABB,2026-02-24,4450.0,0.0,0.0,0.0,4.05,1875.0,125.0,5668.5,5769.0,5608.0,3.667,2026-02-03 23:02,31051
ABB,2026-02-24,4500.0,1139.5,1500.0,250.0,9.0,18000.0,7375.0,5668.5,5769.0,5608.0,3.667,2026-02-03 23:02,26987
ABB,2026-02-24,4550.0,0.0,0.0,0.0,10.15,1000.0,125.0,5668.5,5769.0,5608.0,3.667,2026-02-03 23:02,23175
ABB,2026-02-24,4600.0,808.65,2250.0,0.0,9.3,30125.0,14625.0,5668.5,5769.0,5608.0,3.667,2026-02-03 23:02,19213
ABB,2026-02-24,4650.0,829.85,375.0,0.0,10.05,4000.0,2375.0,5668.5,5769.0,5608.0,3.667,2026-02-03 23:02,15567
ABB,2026-02-24,4700.0,999.0,16125.0,375.0,12.5,32875.0,18000.0,5668.5,5769.0,5608.0,3.667,2026-02-03 23:02,11817
ABB,2026-02-24,4750.0,796.9,4375.0,0.0,18.3,4875.0,0.0,5668.5,5769.0,5608.0,3.667,2026-02-03 23:02,9854
ABB,2026-02-24,4800.0,793.25,25375.0,0.0,14.3,49750.0,61875.0,5668.5,5769.0,5608.0,3.667,2026-02-03 23:02,6708
ABB,2026-02-24,4850.0,575.95,9000.0,0.0,17.0,22875.0,9250.0,5668.5,5769.0,5608.0,3.667,2026-02-03 23:02,5539
ABB,2026-02-24,4900.0,837.35,13375.0,250.0,17.25,41750.0,28500.0,5668.5,5769.0,5608.0,3.667,2026-02-03 23:02,3067
ABB,2026-02-24,4950.0,480.0,10875.0,0.0,40.0,4625.0,0.0,5668.5,5769.0,5608.0,3.667,2026-02-03 23:02,1439
ABB,2026-02-24,5000.0,681.65,31125.0,4875.0,21.6,138500.0,136500.0,5668.5,5769.0,5608.0,3.667,2026-02-03 23:02,-654
ABB,2026-02-24,5050.0,652.45,19625.0,750.0,28.0,8000.0,3875.0,5668.5,5769.0,5608.0,3.667,2026-02-03 23:02,-582
ABB,2026-02-24,5100.0,581.45,38750.0,7250.0,29.65,31875.0,36750.0,5668.5,5769.0,5608.0,3.667,2026-02-03 23:02,-936
ABB,2026-02-24,5150.0,311.0,2750.0,0.0,34.85,9000.0,9500.0,5668.5,5769.0,5608.0,3.667,2026-02-03 23:02,-36
ABB,2026-02-24,5200.0,485.45,37750.0,4750.0,38.85,76625.0,100750.0,5668.5,5769.0,5608.0,3.667,2026-02-03 23:02,-1182
ABB,2026-02-24,5250.0,270.0,2000.0,0.0,47.0,9500.0,7500.0,5668.5,5769.0,5608.0,3.667,2026-02-03 23:02,-275
ABB,2026-02-24,5300.0,415.0,68875.0,3500.0,55.65,38125.0,83500.0,5668.5,5769.0,5608.0,3.667,2026-02-03 23:02,-836
ABB,2026-02-24,5350.0,369.2,19000.0,1125.0,65.75,11500.0,18250.0,5668.5,5769.0,5608.0,3.667,2026-02-03 23:02,1773
ABB,2026-02-24,5400.0,336.95,51375.0,23750.0,77.7,35625.0,94500.0,5668.5,5769.0,5608.0,3.667,2026-02-03 23:02,2516
ABB,2026-02-24,5450.0,297.7,7000.0,30125.0,89.65,16250.0,26625.0,5668.5,5769.0,5608.0,3.667,2026-02-03 23:02,4522
ABB,2026-02-24,5500.0,262.0,88875.0,129000.0,106.25,52750.0,156000.0,5668.5,5769.0,5608.0,3.667,2026-02-03 23:02,5253
ABB,2026-02-24,5550.0,236.2,22000.0,46375.0,127.55,23375.0,47250.0,5668.5,5769.0,5608.0,3.667,2026-02-03 23:02,8397
ABB,2026-02-24,5600.0,204.55,77000.0,201500.0,148.05,68750.0,144875.0,5668.5,5769.0,5608.0,3.667,2026-02-03 23:02,10222
ABB,2026-02-24,5650.0,179.25,8250.0,43250.0,177.7,10125.0,46250.0,5668.5,5769.0,5608.0,3.667,2026-02-03 23:02,13111
ABB,2026-02-24,5700.0,156.0,111375.0,530875.0,199.7,23500.0,197625.0,5668.5,5769.0,5608.0,3.667,2026-02-03 23:02,15503
ABB,2026-02-24,5750.0,136.0,50500.0,165375.0,227.4,7750.0,31750.0,5668.5,5769.0,5608.0,3.667,2026-02-03 23:02,19869
ABB,2026-02-24,5800.0,116.6,61500.0,289875.0,260.0,2500.0,7375.0,5668.5,5769.0,5608.0,3.667,2026-02-03 23:02,23769
ABB,2026-02-24,5850.0,102.1,6875.0,13375.0,405.55,250.0,0.0,5668.5,5769.0,5608.0,3.667,2026-02-03 23:02,28130
ABB,2026-02-24,5900.0,86.0,46375.0,132500.0,0.0,0.0,0.0,5668.5,5769.0,5608.0,3.667,2026-02-03 23:02,31936
ABB,2026-02-24,5950.0,72.1,7500.0,10000.0,348.05,0.0,125.0,5668.5,5769.0,5608.0,3.667,2026-02-03 23:02,36311
ABB,2026-02-24,6000.0,64.0,183375.0,610125.0,399.8,22500.0,2375.0,5668.5,5769.0,5608.0,3.667,2026-02-03 23:02,40380
ABB,2026-02-24,6050.0,52.45,5125.0,3125.0,0.0,0.0,0.0,5668.5,5769.0,5608.0,3.667,2026-02-03 23:02,45697
ABB,2026-02-24,6100.0,46.75,93875.0,166500.0,607.75,17375.0,0.0,5668.5,5769.0,5608.0,3.667,2026-02-03 23:02,50794
ABB,2026-02-24,6150.0,0.0,0.0,0.0,0.0,0.0,0.0,5668.5,5769.0,5608.0,3.667,2026-02-03 23:02,55802
ABB,2026-02-24,6200.0,34.3,29625.0,68625.0,0.0,0.0,0.0,5668.5,5769.0,5608.0,3.667,2026-02-03 23:02,61428
ABB,2026-02-24,6300.0,25.0,55500.0,76375.0,850.0,125.0,0.0,5668.5,5769.0,5608.0,3.667,2026-02-03 23:02,73077
ABB,2026-02-24,6400.0,19.1,29875.0,73000.0,0.0,0.0,0.0,5668.5,5769.0,5608.0,3.667,2026-02-03 23:02,85309
ABCAPITAL,2026-02-24,280.0,58.8,6200.0,0.0,0.95,691300.0,722300.0,345.45,360.85,341.1,3.723,2026-02-03 23:02,44331
ABCAPITAL,2026-02-24,290.0,0.0,0.0,0.0,1.35,229400.0,725400.0,345.45,360.85,341.1,3.723,2026-02-03 23:02,32364
ABCAPITAL,2026-02-24,295.0,0.0,0.0,0.0,1.7,43400.0,170500.0,345.45,360.85,341.1,3.723,2026-02-03 23:02,26478
ABCAPITAL,2026-02-24,300.0,45.95,796700.0,37200.0,2.0,1081900.0,1636800.0,345.45,360.85,341.1,3.723,2026-02-03 23:02,20638
ABCAPITAL,2026-02-24,305.0,29.9,27900.0,0.0,2.45,291400.0,654100.0,345.45,360.85,341.1,3.723,2026-02-03 23:02,19189
ABCAPITAL,2026-02-24,310.0,40.15,108500.0,62000.0,2.95,1184200.0,1277200.0,345.45,360.85,341.1,3.723,2026-02-03 23:02,14468
ABCAPITAL,2026-02-24,315.0,0.0,0.0,0.0,3.5,427800.0,731600.0,345.45,360.85,341.1,3.723,2026-02-03 23:02,10467
ABCAPITAL,2026-02-24,320.0,31.7,291400.0,241800.0,4.5,1869300.0,3813000.0,345.45,360.85,341.1,3.723,2026-02-03 23:02,6444
ABCAPITAL,2026-02-24,325.0,27.45,257300.0,266600.0,5.4,272800.0,1562400.0,345.45,360.85,341.1,3.723,2026-02-03 23:02,3733
ABCAPITAL,2026-02-24,330.0,23.95,375100.0,632400.0,6.5,1308200.0,3251900.0,345.45,360.85,341.1,3.723,2026-02-03 23:02,1764
ABCAPITAL,2026-02-24,335.0,20.45,176700.0,412300.0,8.0,616900.0,1949900.0,345.45,360.85,341.1,3.723,2026-02-03 23:02,126
ABCAPITAL,2026-02-24,340.0,17.25,663400.0,1760800.0,9.9,1311300.0,3809900.0,345.45,360.85,341.1,3.723,2026-02-03 23:02,-1295
ABCAPITAL,2026-02-24,345.0,14.4,576600.0,1887900.0,12.1,868000.0,2204100.0,345.45,360.85,341.1,3.723,2026-02-03 23:02,-1751
ABCAPITAL,2026-02-24,350.0,11.8,1500400.0,6351900.0,14.4,1478700.0,2703200.0,345.45,360.85,341.1,3.723,2026-02-03 23:02,-1551
ABCAPITAL,2026-02-24,355.0,9.65,1075700.0,3602200.0,16.85,195300.0,629300.0,345.45,360.85,341.1,3.723,2026-02-03 23:02,0
ABCAPITAL,2026-02-24,360.0,7.8,1404300.0,5508700.0,20.5,285200.0,759500.0,345.45,360.85,341.1,3.723,2026-02-03 23:02,3253
ABCAPITAL,2026-02-24,365.0,6.1,508400.0,1007500.0,23.0,68200.0,105400.0,345.45,360.85,341.1,3.723,2026-02-03 23:02,7153
ABCAPITAL,2026-02-24,370.0,4.85,1311300.0,3366600.0,28.45,310000.0,27900.0,345.45,360.85,341.1,3.723,2026-02-03 23:02,10985
ABCAPITAL,2026-02-24,375.0,3.85,334800.0,861800.0,0.0,0.0,0.0,345.45,360.85,341.1,3.723,2026-02-03 23:02,15227
ABCAPITAL,2026-02-24,380.0,2.95,905200.0,2511000.0,21.55,3100.0,0.0,345.45,360.85,341.1,3.723,2026-02-03 23:02,20012
ABCAPITAL,2026-02-24,385.0,2.35,241800.0,539400.0,37.0,3100.0,0.0,345.45,360.85,341.1,3.723,2026-02-03 23:02,25383
ABCAPITAL,2026-02-24,390.0,1.75,375100.0,1202800.0,46.3,74400.0,12400.0,345.45,360.85,341.1,3.723,2026-02-03 23:02,30661
ABCAPITAL,2026-02-24,395.0,1.45,443300.0,675800.0,0.0,0.0,0.0,345.45,360.85,341.1,3.723,2026-02-03 23:02,35840
ABCAPITAL,2026-02-24,400.0,1.15,1168700.0,2077000.0,0.0,0.0,0.0,345.45,360.85,341.1,3.723,2026-02-03 23:02,41584
ABCAPITAL,2026-02-24,410.0,0.8,461900.0,446400.0,64.5,21700.0,0.0,345.45,360.85,341.1,3.723,2026-02-03 23:02,54245
ADANIENSOL,2026-02-24,660.0,0.0,0.0,0.0,0.85,4050.0,0.0,974.4,982.7,937.2,10.151,2026-02-03 23:02,43667
ADANIENSOL,2026-02-24,680.0,0.0,0.0,0.0,0.0,0.0,0.0,974.4,982.7,937.2,10.151,2026-02-03 23:02,37895
ADANIENSOL,2026-02-24,700.0,0.0,0.0,0.0,1.85,37125.0,56025.0,974.4,982.7,937.2,10.151,2026-02-03 23:02,32124
ADANIENSOL,2026-02-24,710.0,0.0,0.0,0.0,4.0,675.0,0.0,974.4,982.7,937.2,10.151,2026-02-03 23:02,29269
ADANIENSOL,2026-02-24,720.0,157.65,3375.0,0.0,1.55,67500.0,55350.0,974.4,982.7,937.2,10.151,2026-02-03 23:02,26421
ADANIENSOL,2026-02-24,730.0,247.45,0.0,2025.0,0.0,0.0,0.0,974.4,982.7,937.2,10.151,2026-02-03 23:02,23686
ADANIENSOL,2026-02-24,740.0,0.0,0.0,0.0,1.8,36450.0,27675.0,974.4,982.7,937.2,10.151,2026-02-03 23:02,20909
ADANIENSOL,2026-02-24,750.0,96.0,675.0,0.0,3.35,44550.0,1350.0,974.4,982.7,937.2,10.151,2026-02-03 23:02,18162
ADANIENSOL,2026-02-24,760.0,0.0,0.0,0.0,1.3,64125.0,14175.0,974.4,982.7,937.2,10.151,2026-02-03 23:02,15459
ADANIENSOL,2026-02-24,770.0,208.25,0.0,3375.0,2.0,33075.0,7425.0,974.4,982.7,937.2,10.151,2026-02-03 23:02,12819
ADANIENSOL,2026-02-24,780.0,0.0,0.0,0.0,2.1,53325.0,6750.0,974.4,982.7,937.2,10.151,2026-02-03 23:02,10214
ADANIENSOL,2026-02-24,790.0,0.0,0.0,0.0,2.55,33075.0,20925.0,974.4,982.7,937.2,10.151,2026-02-03 23:02,7658
ADANIENSOL,2026-02-24,800.0,155.0,10125.0,3375.0,2.55,150525.0,310500.0,974.4,982.7,937.2,10.151,2026-02-03 23:02,5138
ADANIENSOL,2026-02-24,810.0,171.35,18225.0,2025.0,2.9,60075.0,31725.0,974.4,982.7,937.2,10.151,2026-02-03 23:02,2906
ADANIENSOL,2026-02-24,820.0,160.85,130950.0,27000.0,3.1,107325.0,145800.0,974.4,982.7,937.2,10.151,2026-02-03 23:02,928
ADANIENSOL,2026-02-24,830.0,151.4,51300.0,4050.0,3.45,114075.0,83025.0,974.4,982.7,937.2,10.151,2026-02-03 23:02,967
ADANIENSOL,2026-02-24,840.0,142.0,98550.0,9450.0,4.0,113400.0,134325.0,974.4,982.7,937.2,10.151,2026-02-03 23:02,-164
ADANIENSOL,2026-02-24,850.0,132.0,82350.0,57375.0,4.5,165375.0,149850.0,974.4,982.7,937.2,10.151,2026-02-03 23:02,-467
ADANIENSOL,2026-02-24,860.0,122.35,109350.0,95850.0,5.0,126900.0,245025.0,974.4,982.7,937.2,10.151,2026-02-03 23:02,-864
ADANIENSOL,2026-02-24,870.0,112.0,68175.0,70200.0,6.1,144450.0,220725.0,974.4,982.7,937.2,10.151,2026-02-03 23:02,-763
ADANIENSOL,2026-02-24,880.0,103.9,121500.0,130950.0,6.8,105975.0,198450.0,974.4,982.7,937.2,10.151,2026-02-03 23:02,-1048
ADANIENSOL,2026-02-24,890.0,95.0,74250.0,31050.0,8.0,107325.0,218700.0,974.4,982.7,937.2,10.151,2026-02-03 23:02,-590
ADANIENSOL,2026-02-24,900.0,85.1,266625.0,957150.0,9.4,288225.0,902475.0,974.4,982.7,937.2,10.151,2026-02-03 23:02,-522
ADANIENSOL,2026-02-24,910.0,79.0,84375.0,93150.0,11.15,111375.0,258525.0,974.4,982.7,937.2,10.151,2026-02-03 23:02,1478
ADANIENSOL,2026-02-24,920.0,71.05,116100.0,205200.0,13.4,104625.0,258525.0,974.4,982.7,937.2,10.151,2026-02-03 23:02,2219
ADANIENSOL,2026-02-24,930.0,63.3,62775.0,102600.0,87.8,9450.0,0.0,974.4,982.7,937.2,10.151,2026-02-03 23:02,3324
ADANIENSOL,2026-02-24,940.0,55.1,66825.0,328050.0,18.65,120150.0,251100.0,974.4,982.7,937.2,10.151,2026-02-03 23:02,4131
ADANIENSOL,2026-02-24,950.0,49.05,249750.0,1449225.0,22.9,248400.0,1007100.0,974.4,982.7,937.2,10.151,2026-02-03 23:02,4954
ADANIENSOL,2026-02-24,960.0,42.55,81000.0,1062450.0,27.35,85050.0,228825.0,974.4,982.7,937.2,10.151,2026-02-03 23:02,6787
ADANIENSOL,2026-02-24,970.0,38.6,53325.0,456300.0,31.0,83700.0,270000.0,974.4,982.7,937.2,10.151,2026-02-03 23:02,8242
ADANIENSOL,2026-02-24,980.0,32.6,281475.0,1272375.0,37.65,99225.0,251100.0,974.4,982.7,937.2,10.151,2026-02-03 23:02,9669
ADANIENSOL,2026-02-24,990.0,30.05,79650.0,373275.0,163.0,2025.0,0.0,974.4,982.7,937.2,10.151,2026-02-03 23:02,12074
ADANIENSOL,2026-02-24,1000.0,24.9,502875.0,3415500.0,49.3,72900.0,51300.0,974.4,982.7,937.2,10.151,2026-02-03 23:02,14223
ADANIENSOL,2026-02-24,1010.0,22.5,38475.0,178875.0,164.0,6750.0,0.0,974.4,982.7,937.2,10.151,2026-02-03 23:02,17634
ADANIENSOL,2026-02-24,1020.0,19.6,129600.0,396900.0,105.5,675.0,0.0,974.4,982.7,937.2,10.151,2026-02-03 23:02,20174
ADANIENSOL,2026-02-24,1030.0,17.0,42525.0,131625.0,0.0,0.0,0.0,974.4,982.7,937.2,10.151,2026-02-03 23:02,23115
ADANIENSOL,2026-02-24,1040.0,14.4,102600.0,222075.0,76.35,37800.0,21600.0,974.4,982.7,937.2,10.151,2026-02-03 23:02,25923
ADANIENSOL,2026-02-24,1050.0,12.45,170100.0,623700.0,0.0,0.0,0.0,974.4,982.7,937.2,10.151,2026-02-03 23:02,28659
ADANIENSOL,2026-02-24,1060.0,10.85,34425.0,81000.0,161.0,32400.0,0.0,974.4,982.7,937.2,10.151,2026-02-03 23:02,31918
ADANIENSOL,2026-02-24,1070.0,10.0,14850.0,22950.0,0.0,0.0,0.0,974.4,982.7,937.2,10.151,2026-02-03 23:02,34547
ADANIENSOL,2026-02-24,1080.0,9.6,70875.0,127575.0,0.0,0.0,0.0,974.4,982.7,937.2,10.151,2026-02-03 23:02,37691
ADANIENSOL,2026-02-24,1090.0,7.65,18900.0,22275.0,0.0,0.0,0.0,974.4,982.7,937.2,10.151,2026-02-03 23:02,40958
ADANIENSOL,2026-02-24,1100.0,6.65,279450.0,1586925.0,134.0,8775.0,3375.0,974.4,982.7,937.2,10.151,2026-02-03 23:02,44191
ADANIENSOL,2026-02-24,1110.0,1.65,37800.0,0.0,0.0,0.0,0.0,974.4,982.7,937.2,10.151,2026-02-03 23:02,47766
ADANIENSOL,2026-02-24,1120.0,5.55,19575.0,43875.0,0.0,0.0,0.0,974.4,982.7,937.2,10.151,2026-02-03 23:02,51317
ADANIENSOL,2026-02-24,1130.0,5.1,3375.0,11475.0,0.0,0.0,0.0,974.4,982.7,937.2,10.151,2026-02-03 23:02,54892
ADANIENSOL,2026-02-24,1140.0,4.65,31050.0,98550.0,0.0,0.0,0.0,974.4,982.7,937.2,10.151,2026-02-03 23:02,58461
ADANIENSOL,2026-02-24,1150.0,1.8,675.0,0.0,0.0,0.0,0.0,974.4,982.7,937.2,10.151,2026-02-03 23:02,62074
ADANIENSOL,2026-02-24,1180.0,3.0,26325.0,8100.0,0.0,0.0,0.0,974.4,982.7,937.2,10.151,2026-02-03 23:02,72871
ADANIENSOL,2026-02-24,1200.0,3.0,147150.0,205875.0,296.0,675.0,0.0,974.4,982.7,937.2,10.151,2026-02-03 23:02,80130
ADANIENSOL,2026-02-24,1220.0,1.0,10125.0,0.0,241.05,8100.0,0.0,974.4,982.7,937.2,10.151,2026-02-03 23:02,87701
ADANIENT,2026-02-24,880.0,0.0,0.0,0.0,0.0,0.0,0.0,2202.6,2233.4,2131.1,10.384,2026-02-03 23:02,768751
ADANIENT,2026-02-24,920.0,0.0,0.0,0.0,0.0,0.0,0.0,2202.6,2233.4,2131.1,10.384,2026-02-03 23:02,739432
ADANIENT,2026-02-24,960.0,0.0,0.0,0.0,0.0,0.0,0.0,2202.6,2233.4,2131.1,10.384,2026-02-03 23:02,710113
ADANIENT,2026-02-24,1000.0,0.0,0.0,0.0,0.0,0.0,0.0,2202.6,2233.4,2131.1,10.384,2026-02-03 23:02,680794
ADANIENT,2026-02-24,1040.0,0.0,0.0,0.0,0.0,0.0,0.0,2202.6,2233.4,2131.1,10.384,2026-02-03 23:02,651474
ADANIENT,2026-02-24,1080.0,0.0,0.0,0.0,0.0,0.0,0.0,2202.6,2233.4,2131.1,10.384,2026-02-03 23:02,622155
ADANIENT,2026-02-24,1120.0,0.0,0.0,0.0,0.0,0.0,0.0,2202.6,2233.4,2131.1,10.384,2026-02-03 23:02,592836
ADANIENT,2026-02-24,1160.0,0.0,0.0,0.0,0.0,0.0,0.0,2202.6,2233.4,2131.1,10.384,2026-02-03 23:02,563517
ADANIENT,2026-02-24,1200.0,0.0,0.0,0.0,0.0,0.0,0.0,2202.6,2233.4,2131.1,10.384,2026-02-03 23:02,534198
ADANIENT,2026-02-24,1240.0,0.0,0.0,0.0,0.0,0.0,0.0,2202.6,2233.4,2131.1,10.384,2026-02-03 23:02,504879
ADANIENT,2026-02-24,1280.0,0.0,0.0,0.0,0.0,0.0,0.0,2202.6,2233.4,2131.1,10.384,2026-02-03 23:02,475560
ADANIENT,2026-02-24,1300.0,0.0,0.0,0.0,0.0,0.0,0.0,2202.6,2233.4,2131.1,10.384,2026-02-03 23:02,460900
ADANIENT,2026-02-24,1320.0,0.0,0.0,0.0,0.0,0.0,0.0,2202.6,2233.4,2131.1,10.384,2026-02-03 23:02,446240
ADANIENT,2026-02-24,1340.0,0.0,0.0,0.0,0.0,0.0,0.0,2202.6,2233.4,2131.1,10.384,2026-02-03 23:02,431581
ADANIENT,2026-02-24,1360.0,0.0,0.0,0.0,0.0,0.0,0.0,2202.6,2233.4,2131.1,10.384,2026-02-03 23:02,416921
ADANIENT,2026-02-24,1380.0,0.0,0.0,0.0,0.0,0.0,0.0,2202.6,2233.4,2131.1,10.384,2026-02-03 23:02,402262
ADANIENT,2026-02-24,1400.0,0.0,0.0,0.0,0.0,0.0,0.0,2202.6,2233.4,2131.1,10.384,2026-02-03 23:02,387602
ADANIENT,2026-02-24,1420.0,0.0,0.0,0.0,0.0,0.0,0.0,2202.6,2233.4,2131.1,10.384,2026-02-03 23:02,372942
ADANIENT,2026-02-24,1440.0,0.0,0.0,0.0,0.0,0.0,0.0,2202.6,2233.4,2131.1,10.384,2026-02-03 23:02,358283
ADANIENT,2026-02-24,1460.0,0.0,0.0,0.0,0.0,0.0,0.0,2202.6,2233.4,2131.1,10.384,2026-02-03 23:02,343623
ADANIENT,2026-02-24,1480.0,0.0,0.0,0.0,0.0,0.0,0.0,2202.6,2233.4,2131.1,10.384,2026-02-03 23:02,328964
ADANIENT,2026-02-24,1500.0,0.0,0.0,0.0,0.0,0.0,0.0,2202.6,2233.4,2131.1,10.384,2026-02-03 23:02,314304
ADANIENT,2026-02-24,1520.0,840.8,0.0,0.0,4.2,130398.0,147702.0,2202.6,2233.4,2131.1,10.384,2026-02-03 23:02,299645
ADANIENT,2026-02-24,1540.0,0.0,0.0,0.0,0.0,0.0,0.0,2202.6,2233.4,2131.1,10.384,2026-02-03 23:02,285191
ADANIENT,2026-02-24,1560.0,726.8,0.0,0.0,4.85,23793.0,23175.0,2202.6,2233.4,2131.1,10.384,2026-02-03 23:02,270792
ADANIENT,2026-02-24,1580.0,652.4,0.0,0.0,5.8,1545.0,0.0,2202.6,2233.4,2131.1,10.384,2026-02-03 23:02,256430
ADANIENT,2026-02-24,1600.0,636.25,1236.0,927.0,5.35,139050.0,235149.0,2202.6,2233.4,2131.1,10.384,2026-02-03 23:02,242081
ADANIENT,2026-02-24,1620.0,614.2,0.0,0.0,7.65,5562.0,3708.0,2202.6,2233.4,2131.1,10.384,2026-02-03 23:02,228017
ADANIENT,2026-02-24,1640.0,0.0,0.0,0.0,6.1,10815.0,14523.0,2202.6,2233.4,2131.1,10.384,2026-02-03 23:02,213957
ADANIENT,2026-02-24,1660.0,576.5,0.0,0.0,6.05,13596.0,4017.0,2202.6,2233.4,2131.1,10.384,2026-02-03 23:02,199915
ADANIENT,2026-02-24,1680.0,282.5,7725.0,0.0,6.55,44805.0,47895.0,2202.6,2233.4,2131.1,10.384,2026-02-03 23:02,185899
ADANIENT,2026-02-24,1700.0,520.0,1545.0,309.0,7.25,317343.0,253998.0,2202.6,2233.4,2131.1,10.384,2026-02-03 23:02,172186
ADANIENT,2026-02-24,1720.0,289.15,31827.0,0.0,7.65,56856.0,94863.0,2202.6,2233.4,2131.1,10.384,2026-02-03 23:02,158771
ADANIENT,2026-02-24,1740.0,237.7,618.0,0.0,8.1,47586.0,44187.0,2202.6,2233.4,2131.1,10.384,2026-02-03 23:02,146561
ADANIENT,2026-02-24,1760.0,293.0,6798.0,0.0,9.8,78486.0,86520.0,2202.6,2233.4,2131.1,10.384,2026-02-03 23:02,133546
ADANIENT,2026-02-24,1780.0,207.2,618.0,0.0,9.35,40479.0,64272.0,2202.6,2233.4,2131.1,10.384,2026-02-03 23:02,120848
ADANIENT,2026-02-24,1800.0,413.7,109695.0,270684.0,10.0,403245.0,656007.0,2202.6,2233.4,2131.1,10.384,2026-02-03 23:02,108084
ADANIENT,2026-02-24,1820.0,162.95,2472.0,0.0,10.75,35535.0,111549.0,2202.6,2233.4,2131.1,10.384,2026-02-03 23:02,100507
ADANIENT,2026-02-24,1840.0,387.0,25647.0,12669.0,11.6,80340.0,197142.0,2202.6,2233.4,2131.1,10.384,2026-02-03 23:02,88873
ADANIENT,2026-02-24,1860.0,364.4,36153.0,4326.0,12.4,75396.0,193743.0,2202.6,2233.4,2131.1,10.384,2026-02-03 23:02,78348
ADANIENT,2026-02-24,1880.0,354.55,37698.0,12978.0,13.8,80958.0,226497.0,2202.6,2233.4,2131.1,10.384,2026-02-03 23:02,68370
ADANIENT,2026-02-24,1900.0,327.0,132561.0,136887.0,14.8,401700.0,842952.0,2202.6,2233.4,2131.1,10.384,2026-02-03 23:02,58631
ADANIENT,2026-02-24,1920.0,316.75,63345.0,55311.0,16.3,109695.0,279027.0,2202.6,2233.4,2131.1,10.384,2026-02-03 23:02,52476
ADANIENT,2026-02-24,1940.0,289.0,114021.0,55311.0,17.75,194979.0,351024.0,2202.6,2233.4,2131.1,10.384,2026-02-03 23:02,44754
ADANIENT,2026-02-24,1960.0,273.25,189108.0,107841.0,19.3,258324.0,476169.0,2202.6,2233.4,2131.1,10.384,2026-02-03 23:02,38772
ADANIENT,2026-02-24,1980.0,256.6,73542.0,147393.0,21.15,183546.0,381306.0,2202.6,2233.4,2131.1,10.384,2026-02-03 23:02,35405
ADANIENT,2026-02-24,2000.0,232.95,499035.0,1143609.0,23.45,665277.0,2202552.0,2202.6,2233.4,2131.1,10.384,2026-02-03 23:02,29381
ADANIENT,2026-02-24,2020.0,215.3,89610.0,165315.0,26.2,90228.0,309927.0,2202.6,2233.4,2131.1,10.384,2026-02-03 23:02,34252
ADANIENT,2026-02-24,2040.0,198.7,128235.0,213519.0,29.0,192198.0,466590.0,2202.6,2233.4,2131.1,10.384,2026-02-03 23:02,31111
ADANIENT,2026-02-24,2060.0,182.8,176748.0,218463.0,32.95,155118.0,484203.0,2202.6,2233.4,2131.1,10.384,2026-02-03 23:02,28909
ADANIENT,2026-02-24,2080.0,170.75,117729.0,160680.0,36.5,99498.0,369564.0,2202.6,2233.4,2131.1,10.384,2026-02-03 23:02,28099
ADANIENT,2026-02-24,2100.0,153.15,687216.0,2674086.0,41.5,426111.0,2667288.0,2202.6,2233.4,2131.1,10.384,2026-02-03 23:02,26651
ADANIENT,2026-02-24,2120.0,139.65,46350.0,148629.0,46.75,50676.0,221553.0,2202.6,2233.4,2131.1,10.384,2026-02-03 23:02,34539
ADANIENT,2026-02-24,2140.0,125.25,87756.0,495327.0,53.95,114330.0,564234.0,2202.6,2233.4,2131.1,10.384,2026-02-03 23:02,34276
ADANIENT,2026-02-24,2160.0,113.65,73542.0,1006722.0,61.3,138432.0,931017.0,2202.6,2233.4,2131.1,10.384,2026-02-03 23:02,34488
ADANIENT,2026-02-24,2180.0,102.05,91773.0,1756665.0,68.65,182001.0,1201392.0,2202.6,2233.4,2131.1,10.384,2026-02-03 23:02,34629
ADANIENT,2026-02-24,2200.0,92.0,1221786.0,10013454.0,76.45,1112091.0,4542609.0,2202.6,2233.4,2131.1,10.384,2026-02-03 23:02,35017
ADANIENT,2026-02-24,2220.0,83.0,319815.0,3847977.0,89.95,174585.0,1225494.0,2202.6,2233.4,2131.1,10.384,2026-02-03 23:02,43125
ADANIENT,2026-02-24,2240.0,74.0,309618.0,2673777.0,101.0,118347.0,502125.0,2202.6,2233.4,2131.1,10.384,2026-02-03 23:02,50567
ADANIENT,2026-02-24,2260.0,65.8,193125.0,1514718.0,114.25,48822.0,165315.0,2202.6,2233.4,2131.1,10.384,2026-02-03 23:02,58877
ADANIENT,2026-02-24,2280.0,59.15,111858.0,683508.0,122.85,39861.0,104751.0,2202.6,2233.4,2131.1,10.384,2026-02-03 23:02,67288
ADANIENT,2026-02-24,2300.0,54.25,823485.0,6572430.0,140.5,346389.0,553110.0,2202.6,2233.4,2131.1,10.384,2026-02-03 23:02,75461
ADANIENT,2026-02-24,2320.0,48.8,102897.0,440943.0,0.0,0.0,0.0,2202.6,2233.4,2131.1,10.384,2026-02-03 23:02,85403
ADANIENT,2026-02-24,2340.0,43.5,89919.0,435072.0,372.4,1545.0,0.0,2202.6,2233.4,2131.1,10.384,2026-02-03 23:02,96452
ADANIENT,2026-02-24,2360.0,43.2,131016.0,506451.0,188.4,10197.0,22248.0,2202.6,2233.4,2131.1,10.384,2026-02-03 23:02,107515
ADANIENT,2026-02-24,2380.0,34.95,52839.0,265431.0,202.45,2781.0,3708.0,2202.6,2233.4,2131.1,10.384,2026-02-03 23:02,118901
ADANIENT,2026-02-24,2400.0,32.4,587409.0,3715725.0,217.3,117111.0,38316.0,2202.6,2233.4,2131.1,10.384,2026-02-03 23:02,130153
ADANIENT,2026-02-24,2420.0,29.15,152337.0,368637.0,479.85,4017.0,0.0,2202.6,2233.4,2131.1,10.384,2026-02-03 23:02,142043
ADANIENT,2026-02-24,2440.0,26.45,159444.0,488220.0,560.0,309.0,0.0,2202.6,2233.4,2131.1,10.384,2026-02-03 23:02,155140
ADANIENT,2026-02-24,2460.0,23.5,78486.0,161916.0,270.0,618.0,1545.0,2202.6,2233.4,2131.1,10.384,2026-02-03 23:02,168709
ADANIENT,2026-02-24,2480.0,21.95,41406.0,80340.0,560.0,618.0,0.0,2202.6,2233.4,2131.1,10.384,2026-02-03 23:02,182200
ADANIENT,2026-02-24,2500.0,19.5,861183.0,3666285.0,310.5,270684.0,48204.0,2202.6,2233.4,2131.1,10.384,2026-02-03 23:02,195663
ADANIENT,2026-02-24,2520.0,17.7,59637.0,217536.0,315.05,2781.0,1236.0,2202.6,2233.4,2131.1,10.384,2026-02-03 23:02,204608
ADANIENT,2026-02-24,2540.0,0.0,0.0,0.0,0.0,0.0,0.0,2202.6,2233.4,2131.1,10.384,2026-02-03 23:02,220421
ADANIENT,2026-02-24,2560.0,13.8,22248.0,33681.0,352.3,6798.0,1545.0,2202.6,2233.4,2131.1,10.384,2026-02-03 23:02,236217
ADANIENT,2026-02-24,2580.0,0.0,0.0,0.0,0.0,0.0,0.0,2202.6,2233.4,2131.1,10.384,2026-02-03 23:02,251862
ADANIENT,2026-02-24,2600.0,11.55,287061.0,1554888.0,397.25,213828.0,54075.0,2202.6,2233.4,2131.1,10.384,2026-02-03 23:02,267715
ADANIENT,2026-02-24,2620.0,0.0,0.0,0.0,0.0,0.0,0.0,2202.6,2233.4,2131.1,10.384,2026-02-03 23:02,276408
ADANIENT,2026-02-24,2640.0,8.95,279336.0,733257.0,417.0,10506.0,1236.0,2202.6,2233.4,2131.1,10.384,2026-02-03 23:02,293263
ADANIENT,2026-02-24,2660.0,0.0,0.0,0.0,0.0,0.0,0.0,2202.6,2233.4,2131.1,10.384,2026-02-03 23:02,310510
ADANIENT,2026-02-24,2680.0,0.0,0.0,0.0,0.0,0.0,0.0,2202.6,2233.4,2131.1,10.384,2026-02-03 23:02,327945
ADANIENT,2026-02-24,2720.0,0.0,0.0,0.0,0.0,0.0,0.0,2202.6,2233.4,2131.1,10.384,2026-02-03 23:02,362815
ADANIENT,2026-02-24,2760.0,0.0,0.0,0.0,0.0,0.0,0.0,2202.6,2233.4,2131.1,10.384,2026-02-03 23:02,397685
ADANIENT,2026-02-24,2800.0,0.0,0.0,0.0,0.0,0.0,0.0,2202.6,2233.4,2131.1,10.384,2026-02-03 23:02,432555
ADANIENT,2026-02-24,2840.0,0.0,0.0,0.0,0.0,0.0,0.0,2202.6,2233.4,2131.1,10.384,2026-02-03 23:02,467425
ADANIENT,2026-02-24,2880.0,0.0,0.0,0.0,0.0,0.0,0.0,2202.6,2233.4,2131.1,10.384,2026-02-03 23:02,502295
ADANIENT,2026-02-24,2920.0,0.0,0.0,0.0,0.0,0.0,0.0,2202.6,2233.4,2131.1,10.384,2026-02-03 23:02,537165
ADANIENT,2026-02-24,2960.0,0.0,0.0,0.0,0.0,0.0,0.0,2202.6,2233.4,2131.1,10.384,2026-02-03 23:02,572035
ADANIENT,2026-02-24,3000.0,0.0,0.0,0.0,0.0,0.0,0.0,2202.6,2233.4,2131.1,10.384,2026-02-03 23:02,606905
ADANIENT,2026-02-24,3040.0,0.0,0.0,0.0,0.0,0.0,0.0,2202.6,2233.4,2131.1,10.384,2026-02-03 23:02,641775
ADANIENT,2026-02-24,3080.0,0.0,0.0,0.0,0.0,0.0,0.0,2202.6,2233.4,2131.1,10.384,2026-02-03 23:02,676645
ADANIENT,2026-02-24,3120.0,0.0,0.0,0.0,0.0,0.0,0.0,2202.6,2233.4,2131.1,10.384,2026-02-03 23:02,711515
ADANIGREEN,2026-02-24,320.0,0.0,0.0,0.0,0.0,0.0,0.0,932.1,951.55,900.0,10.445,2026-02-03 23:02,371764
ADANIGREEN,2026-02-24,340.0,0.0,0.0,0.0,0.0,0.0,0.0,932.1,951.55,900.0,10.445,2026-02-03 23:02,355717
ADANIGREEN,2026-02-24,360.0,0.0,0.0,0.0,0.0,0.0,0.0,932.1,951.55,900.0,10.445,2026-02-03 23:02,339669
ADANIGREEN,2026-02-24,380.0,0.0,0.0,0.0,0.0,0.0,0.0,932.1,951.55,900.0,10.445,2026-02-03 23:02,323622
ADANIGREEN,2026-02-24,400.0,0.0,0.0,0.0,0.0,0.0,0.0,932.1,951.55,900.0,10.445,2026-02-03 23:02,307574
ADANIGREEN,2026-02-24,420.0,0.0,0.0,0.0,0.0,0.0,0.0,932.1,951.55,900.0,10.445,2026-02-03 23:02,291526
ADANIGREEN,2026-02-24,440.0,0.0,0.0,0.0,0.0,0.0,0.0,932.1,951.55,900.0,10.445,2026-02-03 23:02,275479
ADANIGREEN,2026-02-24,460.0,0.0,0.0,0.0,0.0,0.0,0.0,932.1,951.55,900.0,10.445,2026-02-03 23:02,259431
ADANIGREEN,2026-02-24,480.0,0.0,0.0,0.0,0.0,0.0,0.0,932.1,951.55,900.0,10.445,2026-02-03 23:02,243384
ADANIGREEN,2026-02-24,490.0,0.0,0.0,0.0,0.0,0.0,0.0,932.1,951.55,900.0,10.445,2026-02-03 23:02,235360
ADANIGREEN,2026-02-24,500.0,0.0,0.0,0.0,0.0,0.0,0.0,932.1,951.55,900.0,10.445,2026-02-03 23:02,227336
ADANIGREEN,2026-02-24,510.0,0.0,0.0,0.0,0.0,0.0,0.0,932.1,951.55,900.0,10.445,2026-02-03 23:02,219312
ADANIGREEN,2026-02-24,520.0,0.0,0.0,0.0,0.0,0.0,0.0,932.1,951.55,900.0,10.445,2026-02-03 23:02,211288
ADANIGREEN,2026-02-24,530.0,0.0,0.0,0.0,0.0,0.0,0.0,932.1,951.55,900.0,10.445,2026-02-03 23:02,203265
ADANIGREEN,2026-02-24,540.0,0.0,0.0,0.0,0.0,0.0,0.0,932.1,951.55,900.0,10.445,2026-02-03 23:02,195241
ADANIGREEN,2026-02-24,550.0,0.0,0.0,0.0,0.0,0.0,0.0,932.1,951.55,900.0,10.445,2026-02-03 23:02,187217
ADANIGREEN,2026-02-24,560.0,0.0,0.0,0.0,0.0,0.0,0.0,932.1,951.55,900.0,10.445,2026-02-03 23:02,179193
ADANIGREEN,2026-02-24,570.0,0.0,0.0,0.0,0.0,0.0,0.0,932.1,951.55,900.0,10.445,2026-02-03 23:02,171169
ADANIGREEN,2026-02-24,580.0,0.0,0.0,0.0,0.0,0.0,0.0,932.1,951.55,900.0,10.445,2026-02-03 23:02,163146
ADANIGREEN,2026-02-24,590.0,0.0,0.0,0.0,0.0,0.0,0.0,932.1,951.55,900.0,10.445,2026-02-03 23:02,155122
ADANIGREEN,2026-02-24,600.0,0.0,0.0,0.0,0.0,0.0,0.0,932.1,951.55,900.0,10.445,2026-02-03 23:02,147098
ADANIGREEN,2026-02-24,610.0,0.0,0.0,0.0,0.0,0.0,0.0,932.1,951.55,900.0,10.445,2026-02-03 23:02,139074
ADANIGREEN,2026-02-24,620.0,393.4,0.0,0.0,1.5,109200.0,159600.0,932.1,951.55,900.0,10.445,2026-02-03 23:02,131050
ADANIGREEN,2026-02-24,630.0,0.0,0.0,0.0,0.0,0.0,0.0,932.1,951.55,900.0,10.445,2026-02-03 23:02,123119
ADANIGREEN,2026-02-24,640.0,294.4,0.0,1800.0,1.45,55800.0,39000.0,932.1,951.55,900.0,10.445,2026-02-03 23:02,115205
ADANIGREEN,2026-02-24,650.0,0.0,0.0,0.0,0.0,0.0,0.0,932.1,951.55,900.0,10.445,2026-02-03 23:02,107338
ADANIGREEN,2026-02-24,660.0,281.1,0.0,1800.0,2.35,309000.0,13200.0,932.1,951.55,900.0,10.445,2026-02-03 23:02,99479
ADANIGREEN,2026-02-24,670.0,325.1,0.0,0.0,1.7,16200.0,25200.0,932.1,951.55,900.0,10.445,2026-02-03 23:02,91857
ADANIGREEN,2026-02-24,680.0,0.0,0.0,0.0,1.95,100200.0,109200.0,932.1,951.55,900.0,10.445,2026-02-03 23:02,84320
ADANIGREEN,2026-02-24,690.0,0.0,0.0,0.0,2.15,14400.0,29400.0,932.1,951.55,900.0,10.445,2026-02-03 23:02,76867
ADANIGREEN,2026-02-24,700.0,166.0,1800.0,0.0,2.1,328200.0,359400.0,932.1,951.55,900.0,10.445,2026-02-03 23:02,69445
ADANIGREEN,2026-02-24,710.0,0.0,0.0,0.0,2.55,33600.0,11400.0,932.1,951.55,900.0,10.445,2026-02-03 23:02,62317
ADANIGREEN,2026-02-24,720.0,146.05,35400.0,0.0,2.6,135000.0,82200.0,932.1,951.55,900.0,10.445,2026-02-03 23:02,55253
ADANIGREEN,2026-02-24,730.0,0.0,0.0,0.0,2.75,55200.0,5400.0,932.1,951.55,900.0,10.445,2026-02-03 23:02,48850
ADANIGREEN,2026-02-24,740.0,87.85,7200.0,0.0,2.95,111600.0,72000.0,932.1,951.55,900.0,10.445,2026-02-03 23:02,42005
ADANIGREEN,2026-02-24,750.0,0.0,0.0,0.0,3.25,511800.0,289200.0,932.1,951.55,900.0,10.445,2026-02-03 23:02,35324
ADANIGREEN,2026-02-24,760.0,176.05,28800.0,4200.0,3.6,228000.0,297600.0,932.1,951.55,900.0,10.445,2026-02-03 23:02,28959
ADANIGREEN,2026-02-24,770.0,170.2,13800.0,6000.0,3.9,139200.0,189600.0,932.1,951.55,900.0,10.445,2026-02-03 23:02,23442
ADANIGREEN,2026-02-24,780.0,159.85,108000.0,34200.0,4.25,341400.0,401400.0,932.1,951.55,900.0,10.445,2026-02-03 23:02,17833
ADANIGREEN,2026-02-24,790.0,150.55,124800.0,33000.0,4.75,177600.0,148200.0,932.1,951.55,900.0,10.445,2026-02-03 23:02,14074
ADANIGREEN,2026-02-24,800.0,140.65,423000.0,222000.0,5.45,823800.0,1120200.0,932.1,951.55,900.0,10.445,2026-02-03 23:02,10831
ADANIGREEN,2026-02-24,810.0,131.4,107400.0,55800.0,6.0,195000.0,233400.0,932.1,951.55,900.0,10.445,2026-02-03 23:02,12541
ADANIGREEN,2026-02-24,820.0,121.5,176400.0,162600.0,6.95,244800.0,553200.0,932.1,951.55,900.0,10.445,2026-02-03 23:02,10346
ADANIGREEN,2026-02-24,830.0,112.6,235200.0,273600.0,7.7,168000.0,445200.0,932.1,951.55,900.0,10.445,2026-02-03 23:02,9252
ADANIGREEN,2026-02-24,840.0,102.4,225000.0,374400.0,8.75,276600.0,597000.0,932.1,951.55,900.0,10.445,2026-02-03 23:02,9107
ADANIGREEN,2026-02-24,850.0,95.65,346800.0,907800.0,10.1,334200.0,1009200.0,932.1,951.55,900.0,10.445,2026-02-03 23:02,9007
ADANIGREEN,2026-02-24,860.0,86.25,198600.0,573600.0,11.9,256200.0,751800.0,932.1,951.55,900.0,10.445,2026-02-03 23:02,10505
ADANIGREEN,2026-02-24,870.0,79.6,123600.0,292800.0,13.4,59400.0,261000.0,932.1,951.55,900.0,10.445,2026-02-03 23:02,10887
ADANIGREEN,2026-02-24,880.0,71.6,194400.0,526200.0,15.8,275400.0,850800.0,932.1,951.55,900.0,10.445,2026-02-03 23:02,10947
ADANIGREEN,2026-02-24,890.0,63.55,97800.0,203400.0,18.65,105000.0,433800.0,932.1,951.55,900.0,10.445,2026-02-03 23:02,11530
ADANIGREEN,2026-02-24,900.0,57.0,708600.0,3301200.0,21.55,694800.0,2961600.0,932.1,951.55,900.0,10.445,2026-02-03 23:02,11785
ADANIGREEN,2026-02-24,910.0,51.3,132000.0,744600.0,25.3,144000.0,547800.0,932.1,951.55,900.0,10.445,2026-02-03 23:02,15559
ADANIGREEN,2026-02-24,920.0,45.25,259200.0,2033400.0,29.0,384000.0,1289400.0,932.1,951.55,900.0,10.445,2026-02-03 23:02,17380
ADANIGREEN,2026-02-24,930.0,39.85,318000.0,3207600.0,33.9,290400.0,1122600.0,932.1,951.55,900.0,10.445,2026-02-03 23:02,19591
ADANIGREEN,2026-02-24,940.0,35.0,374400.0,3373200.0,39.0,201000.0,954000.0,932.1,951.55,900.0,10.445,2026-02-03 23:02,22634
ADANIGREEN,2026-02-24,950.0,30.4,646200.0,6226800.0,44.45,111000.0,411000.0,932.1,951.55,900.0,10.445,2026-02-03 23:02,26496
ADANIGREEN,2026-02-24,960.0,26.65,189000.0,1872000.0,50.8,67200.0,139800.0,932.1,951.55,900.0,10.445,2026-02-03 23:02,32059
ADANIGREEN,2026-02-24,970.0,23.55,178800.0,799800.0,58.95,13800.0,34800.0,932.1,951.55,900.0,10.445,2026-02-03 23:02,36571
ADANIGREEN,2026-02-24,980.0,20.55,181800.0,1018200.0,64.6,8400.0,24600.0,932.1,951.55,900.0,10.445,2026-02-03 23:02,41452
ADANIGREEN,2026-02-24,990.0,18.05,138000.0,436800.0,72.95,9600.0,33000.0,932.1,951.55,900.0,10.445,2026-02-03 23:02,46503
ADANIGREEN,2026-02-24,1000.0,15.8,1364400.0,6332400.0,79.7,245400.0,207000.0,932.1,951.55,900.0,10.445,2026-02-03 23:02,51561
ADANIGREEN,2026-02-24,1010.0,13.65,36000.0,175200.0,96.15,0.0,1200.0,932.1,951.55,900.0,10.445,2026-02-03 23:02,58250
ADANIGREEN,2026-02-24,1020.0,12.2,99000.0,522000.0,94.7,65400.0,6000.0,932.1,951.55,900.0,10.445,2026-02-03 23:02,64824
ADANIGREEN,2026-02-24,1030.0,7.15,10800.0,33600.0,0.0,0.0,0.0,932.1,951.55,900.0,10.445,2026-02-03 23:02,71015
ADANIGREEN,2026-02-24,1040.0,9.8,314400.0,1009800.0,239.45,153000.0,0.0,932.1,951.55,900.0,10.445,2026-02-03 23:02,77723
ADANIGREEN,2026-02-24,1050.0,8.6,203400.0,779400.0,122.0,143400.0,4800.0,932.1,951.55,900.0,10.445,2026-02-03 23:02,81535
ADANIGREEN,2026-02-24,1060.0,7.55,174600.0,487800.0,143.0,13800.0,1200.0,932.1,951.55,900.0,10.445,2026-02-03 23:02,87475
ADANIGREEN,2026-02-24,1070.0,63.35,0.0,0.0,116.4,0.0,0.0,932.1,951.55,900.0,10.445,2026-02-03 23:02,95112
ADANIGREEN,2026-02-24,1080.0,6.2,37200.0,214200.0,219.0,1200.0,0.0,932.1,951.55,900.0,10.445,2026-02-03 23:02,102815
ADANIGREEN,2026-02-24,1090.0,13.0,0.0,0.0,129.3,0.0,0.0,932.1,951.55,900.0,10.445,2026-02-03 23:02,110553
ADANIGREEN,2026-02-24,1100.0,5.15,611400.0,1809000.0,170.0,33000.0,5400.0,932.1,951.55,900.0,10.445,2026-02-03 23:02,118294
ADANIGREEN,2026-02-24,1110.0,50.2,0.0,0.0,142.85,0.0,0.0,932.1,951.55,900.0,10.445,2026-02-03 23:02,126433
ADANIGREEN,2026-02-24,1120.0,4.0,54600.0,297000.0,110.0,1200.0,0.0,932.1,951.55,900.0,10.445,2026-02-03 23:02,134819
ADANIGREEN,2026-02-24,1130.0,44.55,0.0,0.0,157.0,0.0,0.0,932.1,951.55,900.0,10.445,2026-02-03 23:02,143269
ADANIGREEN,2026-02-24,1140.0,41.9,0.0,0.0,164.25,0.0,0.0,932.1,951.55,900.0,10.445,2026-02-03 23:02,151710
ADANIGREEN,2026-02-24,1150.0,39.45,0.0,0.0,171.7,0.0,0.0,932.1,951.55,900.0,10.445,2026-02-03 23:02,160152
ADANIGREEN,2026-02-24,1160.0,2.9,42000.0,184800.0,368.1,7200.0,0.0,932.1,951.55,900.0,10.445,2026-02-03 23:02,168593
ADANIGREEN,2026-02-24,1170.0,0.0,0.0,0.0,0.0,0.0,0.0,932.1,951.55,900.0,10.445,2026-02-03 23:02,176831
ADANIGREEN,2026-02-24,1180.0,2.8,3600.0,1800.0,194.7,0.0,0.0,932.1,951.55,900.0,10.445,2026-02-03 23:02,185322
ADANIGREEN,2026-02-24,1190.0,0.0,0.0,0.0,0.0,0.0,0.0,932.1,951.55,900.0,10.445,2026-02-03 23:02,193817
ADANIGREEN,2026-02-24,1200.0,1.95,247200.0,457200.0,257.0,31200.0,2400.0,932.1,951.55,900.0,10.445,2026-02-03 23:02,202311
ADANIGREEN,2026-02-24,1220.0,0.0,0.0,0.0,0.0,0.0,0.0,932.1,951.55,900.0,10.445,2026-02-03 23:02,219103
ADANIGREEN,2026-02-24,1240.0,0.0,0.0,0.0,0.0,0.0,0.0,932.1,951.55,900.0,10.445,2026-02-03 23:02,236648
ADANIGREEN,2026-02-24,1260.0,0.0,0.0,0.0,0.0,0.0,0.0,932.1,951.55,900.0,10.445,2026-02-03 23:02,254193
ADANIGREEN,2026-02-24,1280.0,0.0,0.0,0.0,0.0,0.0,0.0,932.1,951.55,900.0,10.445,2026-02-03 23:02,271738
ADANIGREEN,2026-02-24,1300.0,0.0,0.0,0.0,0.0,0.0,0.0,932.1,951.55,900.0,10.445,2026-02-03 23:02,289283
ADANIGREEN,2026-02-24,1320.0,0.0,0.0,0.0,0.05,0.0,0.0,932.1,951.55,900.0,10.445,2026-02-03 23:02,306829
ADANIGREEN,2026-02-24,1340.0,0.0,0.0,0.0,0.0,0.0,0.0,932.1,951.55,900.0,10.445,2026-02-03 23:02,324374
ADANIPORTS,2026-02-24,640.0,0.0,0.0,0.0,0.0,0.0,0.0,1530.8,1537.0,1477.2,9.101,2026-02-03 23:02,526706
ADANIPORTS,2026-02-24,680.0,0.0,0.0,0.0,0.0,0.0,0.0,1530.8,1537.0,1477.2,9.101,2026-02-03 23:02,495774
ADANIPORTS,2026-02-24,720.0,0.0,0.0,0.0,0.0,0.0,0.0,1530.8,1537.0,1477.2,9.101,2026-02-03 23:02,464842
ADANIPORTS,2026-02-24,760.0,0.0,0.0,0.0,0.0,0.0,0.0,1530.8,1537.0,1477.2,9.101,2026-02-03 23:02,433910
ADANIPORTS,2026-02-24,800.0,0.0,0.0,0.0,0.0,0.0,0.0,1530.8,1537.0,1477.2,9.101,2026-02-03 23:02,402978
ADANIPORTS,2026-02-24,840.0,0.0,0.0,0.0,0.0,0.0,0.0,1530.8,1537.0,1477.2,9.101,2026-02-03 23:02,372046
ADANIPORTS,2026-02-24,860.0,0.0,0.0,0.0,0.0,0.0,0.0,1530.8,1537.0,1477.2,9.101,2026-02-03 23:02,356580
ADANIPORTS,2026-02-24,880.0,0.0,0.0,0.0,0.0,0.0,0.0,1530.8,1537.0,1477.2,9.101,2026-02-03 23:02,341114
ADANIPORTS,2026-02-24,900.0,0.0,0.0,0.0,0.0,0.0,0.0,1530.8,1537.0,1477.2,9.101,2026-02-03 23:02,325648
ADANIPORTS,2026-02-24,920.0,0.0,0.0,0.0,0.0,0.0,0.0,1530.8,1537.0,1477.2,9.101,2026-02-03 23:02,310182
ADANIPORTS,2026-02-24,940.0,0.0,0.0,0.0,0.0,0.0,0.0,1530.8,1537.0,1477.2,9.101,2026-02-03 23:02,294716
ADANIPORTS,2026-02-24,960.0,0.0,0.0,0.0,0.0,0.0,0.0,1530.8,1537.0,1477.2,9.101,2026-02-03 23:02,279250
ADANIPORTS,2026-02-24,980.0,0.0,0.0,0.0,0.0,0.0,0.0,1530.8,1537.0,1477.2,9.101,2026-02-03 23:02,263784
ADANIPORTS,2026-02-24,1000.0,0.0,0.0,0.0,0.0,0.0,0.0,1530.8,1537.0,1477.2,9.101,2026-02-03 23:02,248318
ADANIPORTS,2026-02-24,1020.0,0.0,0.0,0.0,0.0,0.0,0.0,1530.8,1537.0,1477.2,9.101,2026-02-03 23:02,232852
ADANIPORTS,2026-02-24,1040.0,0.0,0.0,0.0,0.0,0.0,0.0,1530.8,1537.0,1477.2,9.101,2026-02-03 23:02,217386
ADANIPORTS,2026-02-24,1060.0,0.0,0.0,0.0,0.0,0.0,0.0,1530.8,1537.0,1477.2,9.101,2026-02-03 23:02,201920
ADANIPORTS,2026-02-24,1080.0,423.6,0.0,0.0,1.6,242250.0,276450.0,1530.8,1537.0,1477.2,9.101,2026-02-03 23:02,186454
ADANIPORTS,2026-02-24,1100.0,0.0,0.0,0.0,0.0,0.0,0.0,1530.8,1537.0,1477.2,9.101,2026-02-03 23:02,171433
ADANIPORTS,2026-02-24,1120.0,0.0,0.0,0.0,1.9,86450.0,95000.0,1530.8,1537.0,1477.2,9.101,2026-02-03 23:02,156452
ADANIPORTS,2026-02-24,1140.0,0.0,0.0,0.0,1.9,22325.0,18525.0,1530.8,1537.0,1477.2,9.101,2026-02-03 23:02,141627
ADANIPORTS,2026-02-24,1160.0,218.0,0.0,0.0,2.45,72675.0,49400.0,1530.8,1537.0,1477.2,9.101,2026-02-03 23:02,126859
ADANIPORTS,2026-02-24,1180.0,0.0,0.0,0.0,2.55,32775.0,6650.0,1530.8,1537.0,1477.2,9.101,2026-02-03 23:02,112222
ADANIPORTS,2026-02-24,1200.0,335.9,12350.0,5225.0,2.8,216600.0,538650.0,1530.8,1537.0,1477.2,9.101,2026-02-03 23:02,97661
ADANIPORTS,2026-02-24,1220.0,163.9,40850.0,0.0,3.2,50350.0,18525.0,1530.8,1537.0,1477.2,9.101,2026-02-03 23:02,83920
ADANIPORTS,2026-02-24,1240.0,265.0,19950.0,475.0,3.3,102600.0,93100.0,1530.8,1537.0,1477.2,9.101,2026-02-03 23:02,70660
ADANIPORTS,2026-02-24,1260.0,152.3,41800.0,0.0,3.7,104500.0,177175.0,1530.8,1537.0,1477.2,9.101,2026-02-03 23:02,57488
ADANIPORTS,2026-02-24,1280.0,121.8,8075.0,0.0,4.1,83125.0,247475.0,1530.8,1537.0,1477.2,9.101,2026-02-03 23:02,44711
ADANIPORTS,2026-02-24,1300.0,240.35,92150.0,146300.0,4.4,554325.0,1175150.0,1530.8,1537.0,1477.2,9.101,2026-02-03 23:02,31582
ADANIPORTS,2026-02-24,1320.0,222.1,193325.0,100700.0,5.1,351025.0,505875.0,1530.8,1537.0,1477.2,9.101,2026-02-03 23:02,21653
ADANIPORTS,2026-02-24,1340.0,201.0,106875.0,130625.0,5.6,249375.0,684475.0,1530.8,1537.0,1477.2,9.101,2026-02-03 23:02,14957
ADANIPORTS,2026-02-24,1360.0,182.05,178600.0,145350.0,6.35,308275.0,1078250.0,1530.8,1537.0,1477.2,9.101,2026-02-03 23:02,6867
ADANIPORTS,2026-02-24,1380.0,163.7,239400.0,275975.0,7.5,302100.0,1272525.0,1530.8,1537.0,1477.2,9.101,2026-02-03 23:02,798
ADANIPORTS,2026-02-24,1400.0,146.8,503500.0,974225.0,9.0,1054500.0,3646100.0,1530.8,1537.0,1477.2,9.101,2026-02-03 23:02,-3550
ADANIPORTS,2026-02-24,1420.0,128.5,220875.0,598500.0,10.65,270750.0,1906650.0,1530.8,1537.0,1477.2,9.101,2026-02-03 23:02,-2034
ADANIPORTS,2026-02-24,1440.0,110.0,335350.0,935750.0,13.35,465500.0,2418700.0,1530.8,1537.0,1477.2,9.101,2026-02-03 23:02,-3426
ADANIPORTS,2026-02-24,1460.0,94.3,772825.0,1516675.0,16.8,369550.0,2351250.0,1530.8,1537.0,1477.2,9.101,2026-02-03 23:02,-2700
ADANIPORTS,2026-02-24,1480.0,78.45,534375.0,1658700.0,21.7,456475.0,2058175.0,1530.8,1537.0,1477.2,9.101,2026-02-03 23:02,3910
ADANIPORTS,2026-02-24,1500.0,64.8,1051650.0,11314975.0,28.0,1106275.0,6579225.0,1530.8,1537.0,1477.2,9.101,2026-02-03 23:02,9037
ADANIPORTS,2026-02-24,1520.0,53.75,445550.0,7963850.0,36.3,643625.0,2691350.0,1530.8,1537.0,1477.2,9.101,2026-02-03 23:02,18996
ADANIPORTS,2026-02-24,1540.0,43.5,805600.0,7195775.0,46.0,417525.0,1330000.0,1530.8,1537.0,1477.2,9.101,2026-02-03 23:02,27474
ADANIPORTS,2026-02-24,1560.0,35.2,365275.0,3697400.0,58.0,85025.0,340575.0,1530.8,1537.0,1477.2,9.101,2026-02-03 23:02,39924
ADANIPORTS,2026-02-24,1580.0,28.05,241300.0,2399700.0,0.0,0.0,0.0,1530.8,1537.0,1477.2,9.101,2026-02-03 23:02,52483
ADANIPORTS,2026-02-24,1600.0,22.9,1260650.0,12103950.0,85.4,82650.0,139175.0,1530.8,1537.0,1477.2,9.101,2026-02-03 23:02,65410
ADANIPORTS,2026-02-24,1620.0,18.2,171475.0,2033000.0,0.0,0.0,0.0,1530.8,1537.0,1477.2,9.101,2026-02-03 23:02,82527
ADANIPORTS,2026-02-24,1640.0,14.8,218975.0,1457775.0,260.0,475.0,0.0,1530.8,1537.0,1477.2,9.101,2026-02-03 23:02,98118
ADANIPORTS,2026-02-24,1660.0,11.85,321100.0,1372275.0,298.0,950.0,0.0,1530.8,1537.0,1477.2,9.101,2026-02-03 23:02,114147
ADANIPORTS,2026-02-24,1680.0,9.7,426550.0,2346975.0,316.95,950.0,0.0,1530.8,1537.0,1477.2,9.101,2026-02-03 23:02,130861
ADANIPORTS,2026-02-24,1700.0,0.0,0.0,0.0,0.0,0.0,0.0,1530.8,1537.0,1477.2,9.101,2026-02-03 23:02,148462
ADANIPORTS,2026-02-24,1720.0,41.15,0.0,0.0,251.35,0.0,0.0,1530.8,1537.0,1477.2,9.101,2026-02-03 23:02,165678
ADANIPORTS,2026-02-24,1740.0,0.0,0.0,0.0,0.0,0.0,0.0,1530.8,1537.0,1477.2,9.101,2026-02-03 23:02,182895
ADANIPORTS,2026-02-24,1760.0,4.5,380475.0,1655850.0,283.1,0.0,0.0,1530.8,1537.0,1477.2,9.101,2026-02-03 23:02,200112
ADANIPORTS,2026-02-24,1780.0,0.0,0.0,0.0,0.0,0.0,0.0,1530.8,1537.0,1477.2,9.101,2026-02-03 23:02,218261
ADANIPORTS,2026-02-24,1800.0,0.0,0.0,0.0,0.0,0.0,0.0,1530.8,1537.0,1477.2,9.101,2026-02-03 23:02,236239
ADANIPORTS,2026-02-24,1820.0,0.0,0.0,0.0,0.0,0.0,0.0,1530.8,1537.0,1477.2,9.101,2026-02-03 23:02,254217
ADANIPORTS,2026-02-24,1840.0,0.0,0.0,0.0,0.0,0.0,0.0,1530.8,1537.0,1477.2,9.101,2026-02-03 23:02,272195
ADANIPORTS,2026-02-24,1860.0,0.0,0.0,0.0,0.0,0.0,0.0,1530.8,1537.0,1477.2,9.101,2026-02-03 23:02,290172
ADANIPORTS,2026-02-24,1880.0,0.0,0.0,0.0,0.0,0.0,0.0,1530.8,1537.0,1477.2,9.101,2026-02-03 23:02,308150
ADANIPORTS,2026-02-24,1900.0,0.0,0.0,0.0,0.0,0.0,0.0,1530.8,1537.0,1477.2,9.101,2026-02-03 23:02,326128
ADANIPORTS,2026-02-24,1920.0,0.0,0.0,0.0,0.0,0.0,0.0,1530.8,1537.0,1477.2,9.101,2026-02-03 23:02,344106
ADANIPORTS,2026-02-24,1960.0,0.0,0.0,0.0,0.0,0.0,0.0,1530.8,1537.0,1477.2,9.101,2026-02-03 23:02,380061
ADANIPORTS,2026-02-24,2000.0,0.0,0.0,0.0,0.0,0.0,0.0,1530.8,1537.0,1477.2,9.101,2026-02-03 23:02,416017
ADANIPORTS,2026-02-24,2040.0,0.0,0.0,0.0,0.0,0.0,0.0,1530.8,1537.0,1477.2,9.101,2026-02-03 23:02,451973
ADANIPORTS,2026-02-24,2080.0,0.0,0.0,0.0,0.0,0.0,0.0,1530.8,1537.0,1477.2,9.101,2026-02-03 23:02,487928
ADANIPORTS,2026-02-24,2120.0,0.0,0.0,0.0,0.0,0.0,0.0,1530.8,1537.0,1477.2,9.101,2026-02-03 23:02,523884
ALKEM,2026-02-24,4700.0,0.0,0.0,0.0,0.0,0.0,0.0,5702.5,5747.0,5628.0,3.278,2026-02-03 23:02,8287
ALKEM,2026-02-24,4800.0,1060.3,125.0,0.0,7.95,3750.0,70625.0,5702.5,5747.0,5628.0,3.278,2026-02-03 23:02,6942
ALKEM,2026-02-24,4900.0,749.95,750.0,0.0,6.0,5750.0,250.0,5702.5,5747.0,5628.0,3.278,2026-02-03 23:02,5646
ALKEM,2026-02-24,4950.0,0.0,0.0,0.0,0.0,0.0,0.0,5702.5,5747.0,5628.0,3.278,2026-02-03 23:02,5078
ALKEM,2026-02-24,5000.0,0.0,0.0,0.0,11.8,23750.0,38625.0,5702.5,5747.0,5628.0,3.278,2026-02-03 23:02,4457
ALKEM,2026-02-24,5050.0,0.0,0.0,0.0,0.0,0.0,0.0,5702.5,5747.0,5628.0,3.278,2026-02-03 23:02,3927
ALKEM,2026-02-24,5100.0,0.0,0.0,0.0,14.05,8375.0,9875.0,5702.5,5747.0,5628.0,3.278,2026-02-03 23:02,3426
ALKEM,2026-02-24,5150.0,0.0,0.0,0.0,0.0,0.0,0.0,5702.5,5747.0,5628.0,3.278,2026-02-03 23:02,2954
ALKEM,2026-02-24,5200.0,0.0,0.0,0.0,32.0,375.0,0.0,5702.5,5747.0,5628.0,3.278,2026-02-03 23:02,2494
ALKEM,2026-02-24,5250.0,0.0,0.0,0.0,0.0,0.0,0.0,5702.5,5747.0,5628.0,3.278,2026-02-03 23:02,2034
ALKEM,2026-02-24,5300.0,338.3,125.0,0.0,36.8,9000.0,16625.0,5702.5,5747.0,5628.0,3.278,2026-02-03 23:02,1576
ALKEM,2026-02-24,5350.0,300.75,375.0,0.0,46.4,1750.0,2250.0,5702.5,5747.0,5628.0,3.278,2026-02-03 23:02,1135
ALKEM,2026-02-24,5400.0,367.85,1000.0,875.0,54.4,14875.0,79000.0,5702.5,5747.0,5628.0,3.278,2026-02-03 23:02,736
ALKEM,2026-02-24,5450.0,315.0,375.0,250.0,94.5,250.0,0.0,5702.5,5747.0,5628.0,3.278,2026-02-03 23:02,370
ALKEM,2026-02-24,5500.0,265.0,5625.0,625.0,85.0,16250.0,15500.0,5702.5,5747.0,5628.0,3.278,2026-02-03 23:02,60
ALKEM,2026-02-24,5550.0,250.0,2000.0,500.0,127.65,4250.0,0.0,5702.5,5747.0,5628.0,3.278,2026-02-03 23:02,-138
ALKEM,2026-02-24,5600.0,170.25,4750.0,17625.0,206.0,3000.0,0.0,5702.5,5747.0,5628.0,3.278,2026-02-03 23:02,-321
ALKEM,2026-02-24,5650.0,175.3,5875.0,8125.0,260.0,10750.0,0.0,5702.5,5747.0,5628.0,3.278,2026-02-03 23:02,-442
ALKEM,2026-02-24,5700.0,150.5,11500.0,48875.0,161.85,12625.0,10750.0,5702.5,5747.0,5628.0,3.278,2026-02-03 23:02,-676
ALKEM,2026-02-24,5750.0,128.0,3500.0,1375.0,333.45,125.0,0.0,5702.5,5747.0,5628.0,3.278,2026-02-03 23:02,-643
ALKEM,2026-02-24,5800.0,108.0,20250.0,17125.0,350.0,14500.0,0.0,5702.5,5747.0,5628.0,3.278,2026-02-03 23:02,-521
ALKEM,2026-02-24,5850.0,80.5,1500.0,125.0,0.0,0.0,0.0,5702.5,5747.0,5628.0,3.278,2026-02-03 23:02,-554
ALKEM,2026-02-24,5900.0,77.0,7125.0,11500.0,305.75,375.0,0.0,5702.5,5747.0,5628.0,3.278,2026-02-03 23:02,-279
ALKEM,2026-02-24,5950.0,35.0,500.0,0.0,324.9,1000.0,0.0,5702.5,5747.0,5628.0,3.278,2026-02-03 23:02,64
ALKEM,2026-02-24,6000.0,54.0,13000.0,30875.0,349.4,125.0,0.0,5702.5,5747.0,5628.0,3.278,2026-02-03 23:02,342
ALKEM,2026-02-24,6050.0,40.5,9000.0,10375.0,569.2,2000.0,0.0,5702.5,5747.0,5628.0,3.278,2026-02-03 23:02,781
ALKEM,2026-02-24,6100.0,17.0,625.0,0.0,618.55,875.0,0.0,5702.5,5747.0,5628.0,3.278,2026-02-03 23:02,1133
ALKEM,2026-02-24,6150.0,36.4,875.0,0.0,0.0,0.0,0.0,5702.5,5747.0,5628.0,3.278,2026-02-03 23:02,1516
ALKEM,2026-02-24,6200.0,26.65,11500.0,10000.0,0.0,0.0,0.0,5702.5,5747.0,5628.0,3.278,2026-02-03 23:02,1960
ALKEM,2026-02-24,6250.0,17.0,1000.0,0.0,0.0,0.0,0.0,5702.5,5747.0,5628.0,3.278,2026-02-03 23:02,2488
ALKEM,2026-02-24,6300.0,13.0,2250.0,0.0,0.0,0.0,0.0,5702.5,5747.0,5628.0,3.278,2026-02-03 23:02,2993
ALKEM,2026-02-24,6350.0,0.0,0.0,0.0,939.55,375.0,0.0,5702.5,5747.0,5628.0,3.278,2026-02-03 23:02,3511
ALKEM,2026-02-24,6400.0,14.0,4625.0,0.0,720.0,0.0,125.0,5702.5,5747.0,5628.0,3.278,2026-02-03 23:02,3992
ALKEM,2026-02-24,6500.0,4.9,4250.0,125.0,791.1,375.0,0.0,5702.5,5747.0,5628.0,3.278,2026-02-03 23:02,5077
AMBER,2026-02-24,4600.0,0.0,0.0,0.0,11.95,11400.0,800.0,6193.5,6560.0,6151.0,3.242,2026-02-03 23:02,31237
AMBER,2026-02-24,4800.0,0.0,0.0,0.0,17.0,2500.0,0.0,6193.5,6560.0,6151.0,3.242,2026-02-03 23:02,25224
AMBER,2026-02-24,4900.0,0.0,0.0,0.0,47.0,200.0,0.0,6193.5,6560.0,6151.0,3.242,2026-02-03 23:02,22244
AMBER,2026-02-24,5000.0,1252.75,1400.0,400.0,21.7,21400.0,8200.0,6193.5,6560.0,6151.0,3.242,2026-02-03 23:02,19270
AMBER,2026-02-24,5100.0,0.0,0.0,0.0,40.0,300.0,0.0,6193.5,6560.0,6151.0,3.242,2026-02-03 23:02,16654
AMBER,2026-02-24,5200.0,850.0,200.0,0.0,22.05,4400.0,500.0,6193.5,6560.0,6151.0,3.242,2026-02-03 23:02,13911
AMBER,2026-02-24,5300.0,972.7,500.0,100.0,30.3,7000.0,2200.0,6193.5,6560.0,6151.0,3.242,2026-02-03 23:02,11222
AMBER,2026-02-24,5400.0,574.6,2300.0,0.0,40.0,10000.0,4900.0,6193.5,6560.0,6151.0,3.242,2026-02-03 23:02,8629
AMBER,2026-02-24,5500.0,730.0,16400.0,1100.0,45.05,21400.0,86000.0,6193.5,6560.0,6151.0,3.242,2026-02-03 23:02,6223
AMBER,2026-02-24,5600.0,647.75,17100.0,1300.0,56.05,13000.0,20200.0,6193.5,6560.0,6151.0,3.242,2026-02-03 23:02,5204
AMBER,2026-02-24,5700.0,570.2,17600.0,2000.0,72.9,9900.0,25800.0,6193.5,6560.0,6151.0,3.242,2026-02-03 23:02,4420
AMBER,2026-02-24,5800.0,471.8,26700.0,4400.0,96.0,22000.0,33900.0,6193.5,6560.0,6151.0,3.242,2026-02-03 23:02,3807
AMBER,2026-02-24,5900.0,370.3,18500.0,13700.0,120.75,21800.0,64200.0,6193.5,6560.0,6151.0,3.242,2026-02-03 23:02,3798
AMBER,2026-02-24,6000.0,320.0,38900.0,91500.0,159.7,24300.0,103000.0,6193.5,6560.0,6151.0,3.242,2026-02-03 23:02,3566
AMBER,2026-02-24,6100.0,269.95,33200.0,46200.0,196.9,7500.0,17500.0,6193.5,6560.0,6151.0,3.242,2026-02-03 23:02,4401
AMBER,2026-02-24,6200.0,210.0,30100.0,108900.0,255.0,31200.0,75200.0,6193.5,6560.0,6151.0,3.242,2026-02-03 23:02,5535
AMBER,2026-02-24,6300.0,172.5,39000.0,140100.0,310.0,41100.0,80600.0,6193.5,6560.0,6151.0,3.242,2026-02-03 23:02,6369
AMBER,2026-02-24,6400.0,145.4,31800.0,75700.0,386.65,24700.0,15200.0,6193.5,6560.0,6151.0,3.242,2026-02-03 23:02,7567
AMBER,2026-02-24,6500.0,110.0,63800.0,175900.0,436.5,18600.0,33000.0,6193.5,6560.0,6151.0,3.242,2026-02-03 23:02,9438
AMBER,2026-02-24,6600.0,87.45,18200.0,49900.0,444.65,1500.0,1400.0,6193.5,6560.0,6151.0,3.242,2026-02-03 23:02,12516
AMBER,2026-02-24,6700.0,68.0,3800.0,10600.0,880.0,600.0,0.0,6193.5,6560.0,6151.0,3.242,2026-02-03 23:02,15993
AMBER,2026-02-24,6800.0,54.35,11000.0,55400.0,648.35,2700.0,1600.0,6193.5,6560.0,6151.0,3.242,2026-02-03 23:02,19395
AMBER,2026-02-24,6900.0,0.0,0.0,0.0,920.0,600.0,0.0,6193.5,6560.0,6151.0,3.242,2026-02-03 23:02,22846
AMBER,2026-02-24,7000.0,32.65,20900.0,130700.0,846.0,2700.0,200.0,6193.5,6560.0,6151.0,3.242,2026-02-03 23:02,26363
AMBER,2026-02-24,7100.0,29.1,3100.0,5000.0,1606.35,100.0,0.0,6193.5,6560.0,6151.0,3.242,2026-02-03 23:02,30011
AMBER,2026-02-24,7200.0,0.0,0.0,0.0,1550.0,100.0,0.0,6193.5,6560.0,6151.0,3.242,2026-02-03 23:02,33844
AMBER,2026-02-24,7300.0,18.2,9100.0,5500.0,1760.0,100.0,0.0,6193.5,6560.0,6151.0,3.242,2026-02-03 23:02,37669
AMBER,2026-02-24,7400.0,0.0,0.0,0.0,1700.0,200.0,0.0,6193.5,6560.0,6151.0,3.242,2026-02-03 23:02,41601
AMBER,2026-02-24,7500.0,0.0,0.0,0.0,1825.0,2300.0,0.0,6193.5,6560.0,6151.0,3.242,2026-02-03 23:02,45502
AMBER,2026-02-24,7600.0,8.35,6000.0,2300.0,1900.0,1200.0,0.0,6193.5,6560.0,6151.0,3.242,2026-02-03 23:02,49040
AMBER,2026-02-24,7700.0,0.0,0.0,0.0,1730.0,1000.0,0.0,6193.5,6560.0,6151.0,3.242,2026-02-03 23:02,52847
AMBER,2026-02-24,7800.0,7.5,9800.0,14200.0,1521.75,5600.0,100.0,6193.5,6560.0,6151.0,3.242,2026-02-03 23:02,56714
AMBUJACEM,2026-02-24,420.0,0.0,0.0,0.0,0.0,0.0,0.0,528.25,540.5,519.5,3.477,2026-02-03 23:02,107783
AMBUJACEM,2026-02-24,430.0,0.0,0.0,0.0,0.0,0.0,0.0,528.25,540.5,519.5,3.477,2026-02-03 23:02,97001
AMBUJACEM,2026-02-24,435.0,0.0,0.0,0.0,0.0,0.0,0.0,528.25,540.5,519.5,3.477,2026-02-03 23:02,91609
AMBUJACEM,2026-02-24,440.0,94.35,4200.0,0.0,0.75,206850.0,102900.0,528.25,540.5,519.5,3.477,2026-02-03 23:02,86218
AMBUJACEM,2026-02-24,445.0,0.0,0.0,0.0,0.0,0.0,0.0,528.25,540.5,519.5,3.477,2026-02-03 23:02,80957
AMBUJACEM,2026-02-24,450.0,63.95,23100.0,0.0,0.95,190050.0,186900.0,528.25,540.5,519.5,3.477,2026-02-03 23:02,75671
AMBUJACEM,2026-02-24,455.0,0.0,0.0,0.0,1.0,9450.0,3150.0,528.25,540.5,519.5,3.477,2026-02-03 23:02,70622
AMBUJACEM,2026-02-24,460.0,0.0,0.0,0.0,1.15,299250.0,320250.0,528.25,540.5,519.5,3.477,2026-02-03 23:02,65446
AMBUJACEM,2026-02-24,465.0,0.0,0.0,0.0,1.25,45150.0,12600.0,528.25,540.5,519.5,3.477,2026-02-03 23:02,60387
AMBUJACEM,2026-02-24,470.0,0.0,0.0,0.0,1.35,158550.0,350700.0,528.25,540.5,519.5,3.477,2026-02-03 23:02,55379
AMBUJACEM,2026-02-24,475.0,0.0,0.0,0.0,1.55,115500.0,102900.0,528.25,540.5,519.5,3.477,2026-02-03 23:02,50435
AMBUJACEM,2026-02-24,480.0,57.1,61950.0,47250.0,1.75,1036350.0,840000.0,528.25,540.5,519.5,3.477,2026-02-03 23:02,45552
AMBUJACEM,2026-02-24,485.0,31.9,43050.0,0.0,2.05,97650.0,116550.0,528.25,540.5,519.5,3.477,2026-02-03 23:02,41408
AMBUJACEM,2026-02-24,490.0,27.9,44100.0,0.0,2.45,300300.0,391650.0,528.25,540.5,519.5,3.477,2026-02-03 23:02,37280
AMBUJACEM,2026-02-24,495.0,37.85,69300.0,8400.0,2.9,210000.0,386400.0,528.25,540.5,519.5,3.477,2026-02-03 23:02,33256
AMBUJACEM,2026-02-24,500.0,34.0,519750.0,487200.0,3.6,1129800.0,2387700.0,528.25,540.5,519.5,3.477,2026-02-03 23:02,29523
AMBUJACEM,2026-02-24,505.0,29.2,131250.0,162750.0,4.2,181650.0,622650.0,528.25,540.5,519.5,3.477,2026-02-03 23:02,27775
AMBUJACEM,2026-02-24,510.0,25.3,259350.0,827400.0,5.15,358050.0,1265250.0,528.25,540.5,519.5,3.477,2026-02-03 23:02,25129
AMBUJACEM,2026-02-24,515.0,21.9,193200.0,710850.0,6.45,193200.0,457800.0,528.25,540.5,519.5,3.477,2026-02-03 23:02,22957
AMBUJACEM,2026-02-24,520.0,18.05,924000.0,3108000.0,7.7,874650.0,3011400.0,528.25,540.5,519.5,3.477,2026-02-03 23:02,20805
AMBUJACEM,2026-02-24,525.0,14.8,308700.0,1190700.0,9.3,189000.0,863100.0,528.25,540.5,519.5,3.477,2026-02-03 23:02,20248
AMBUJACEM,2026-02-24,530.0,11.95,1104600.0,3973200.0,11.8,743400.0,1974000.0,528.25,540.5,519.5,3.477,2026-02-03 23:02,19226
AMBUJACEM,2026-02-24,535.0,9.5,588000.0,1300950.0,13.7,333900.0,385350.0,528.25,540.5,519.5,3.477,2026-02-03 23:02,19290
AMBUJACEM,2026-02-24,540.0,7.65,1426950.0,3008250.0,16.6,493500.0,415800.0,528.25,540.5,519.5,3.477,2026-02-03 23:02,19474
AMBUJACEM,2026-02-24,545.0,5.9,375900.0,903000.0,20.7,131250.0,95550.0,528.25,540.5,519.5,3.477,2026-02-03 23:02,20789
AMBUJACEM,2026-02-24,550.0,4.75,1921500.0,5813850.0,23.8,787500.0,465150.0,528.25,540.5,519.5,3.477,2026-02-03 23:02,22035
AMBUJACEM,2026-02-24,555.0,3.75,441000.0,1081500.0,29.0,27300.0,0.0,528.25,540.5,519.5,3.477,2026-02-03 23:02,23725
AMBUJACEM,2026-02-24,560.0,2.9,649950.0,1922550.0,28.35,372750.0,43050.0,528.25,540.5,519.5,3.477,2026-02-03 23:02,26696
AMBUJACEM,2026-02-24,565.0,2.15,183750.0,370650.0,23.75,2100.0,0.0,528.25,540.5,519.5,3.477,2026-02-03 23:02,29224
AMBUJACEM,2026-02-24,570.0,1.8,605850.0,1010100.0,40.55,327600.0,92400.0,528.25,540.5,519.5,3.477,2026-02-03 23:02,32747
AMBUJACEM,2026-02-24,575.0,1.55,148050.0,290850.0,44.0,4200.0,0.0,528.25,540.5,519.5,3.477,2026-02-03 23:02,35484
AMBUJACEM,2026-02-24,580.0,1.3,396900.0,1123500.0,49.05,158550.0,16800.0,528.25,540.5,519.5,3.477,2026-02-03 23:02,39520
AMBUJACEM,2026-02-24,585.0,1.05,56700.0,164850.0,53.7,8400.0,0.0,528.25,540.5,519.5,3.477,2026-02-03 23:02,43104
AMBUJACEM,2026-02-24,590.0,0.95,223650.0,252000.0,83.0,201600.0,0.0,528.25,540.5,519.5,3.477,2026-02-03 23:02,47407
AMBUJACEM,2026-02-24,595.0,1.0,55650.0,45150.0,0.0,0.0,0.0,528.25,540.5,519.5,3.477,2026-02-03 23:02,50310
AMBUJACEM,2026-02-24,600.0,0.75,852600.0,2321550.0,68.1,819000.0,11550.0,528.25,540.5,519.5,3.477,2026-02-03 23:02,54898
AMBUJACEM,2026-02-24,605.0,0.35,16800.0,0.0,67.1,2100.0,0.0,528.25,540.5,519.5,3.477,2026-02-03 23:02,54803
AMBUJACEM,2026-02-24,610.0,0.65,89250.0,26250.0,59.6,9450.0,0.0,528.25,540.5,519.5,3.477,2026-02-03 23:02,60218
AMBUJACEM,2026-02-24,615.0,0.5,30450.0,21000.0,0.0,0.0,0.0,528.25,540.5,519.5,3.477,2026-02-03 23:02,65645
AMBUJACEM,2026-02-24,620.0,0.6,55650.0,17850.0,74.5,2100.0,0.0,528.25,540.5,519.5,3.477,2026-02-03 23:02,71139
AMBUJACEM,2026-02-24,625.0,0.3,11550.0,0.0,0.0,0.0,0.0,528.25,540.5,519.5,3.477,2026-02-03 23:02,76648
AMBUJACEM,2026-02-24,630.0,0.4,93450.0,35700.0,95.5,55650.0,0.0,528.25,540.5,519.5,3.477,2026-02-03 23:02,82175
AMBUJACEM,2026-02-24,640.0,0.3,458850.0,206850.0,103.5,676200.0,1050.0,528.25,540.5,519.5,3.477,2026-02-03 23:02,92851
AMBUJACEM,2026-02-24,650.0,0.3,47250.0,69300.0,112.0,30450.0,0.0,528.25,540.5,519.5,3.477,2026-02-03 23:02,98205
ANGELONE,2026-02-24,1100.0,0.0,0.0,0.0,0.0,0.0,0.0,2587.8,2663.9,2500.0,7.767,2026-02-03 23:02,234388
ANGELONE,2026-02-24,1200.0,0.0,0.0,0.0,0.0,0.0,0.0,2587.8,2663.9,2500.0,7.767,2026-02-03 23:02,213208
ANGELONE,2026-02-24,1300.0,67.85,0.0,0.0,0.0,0.0,0.0,2587.8,2663.9,2500.0,7.767,2026-02-03 23:02,192028
ANGELONE,2026-02-24,1400.0,0.0,0.0,0.0,0.0,0.0,0.0,2587.8,2663.9,2500.0,7.767,2026-02-03 23:02,170848
ANGELONE,2026-02-24,1500.0,0.0,0.0,0.0,0.0,0.0,0.0,2587.8,2663.9,2500.0,7.767,2026-02-03 23:02,149668
ANGELONE,2026-02-24,1550.0,0.0,0.0,0.0,0.0,0.0,0.0,2587.8,2663.9,2500.0,7.767,2026-02-03 23:02,139078
ANGELONE,2026-02-24,1600.0,0.0,0.0,0.0,0.0,0.0,0.0,2587.8,2663.9,2500.0,7.767,2026-02-03 23:02,128488
ANGELONE,2026-02-24,1650.0,0.0,0.0,0.0,0.0,0.0,0.0,2587.8,2663.9,2500.0,7.767,2026-02-03 23:02,117898
ANGELONE,2026-02-24,1700.0,0.0,0.0,0.0,0.0,0.0,0.0,2587.8,2663.9,2500.0,7.767,2026-02-03 23:02,107308
ANGELONE,2026-02-24,1750.0,0.0,0.0,0.0,0.0,0.0,0.0,2587.8,2663.9,2500.0,7.767,2026-02-03 23:02,96718
ANGELONE,2026-02-24,1800.0,0.0,0.0,0.0,0.0,0.0,0.0,2587.8,2663.9,2500.0,7.767,2026-02-03 23:02,86128
ANGELONE,2026-02-24,1850.0,0.0,0.0,0.0,0.0,0.0,0.0,2587.8,2663.9,2500.0,7.767,2026-02-03 23:02,75538
ANGELONE,2026-02-24,1900.0,0.0,0.0,0.0,4.55,93250.0,97250.0,2587.8,2663.9,2500.0,7.767,2026-02-03 23:02,64948
ANGELONE,2026-02-24,1950.0,0.0,0.0,0.0,5.6,1750.0,6750.0,2587.8,2663.9,2500.0,7.767,2026-02-03 23:02,54782
ANGELONE,2026-02-24,2000.0,580.0,5250.0,500.0,7.0,89000.0,133500.0,2587.8,2663.9,2500.0,7.767,2026-02-03 23:02,44666
ANGELONE,2026-02-24,2050.0,0.0,0.0,0.0,8.55,21750.0,32250.0,2587.8,2663.9,2500.0,7.767,2026-02-03 23:02,35264
ANGELONE,2026-02-24,2100.0,562.15,1000.0,0.0,9.7,140500.0,159000.0,2587.8,2663.9,2500.0,7.767,2026-02-03 23:02,25711
ANGELONE,2026-02-24,2150.0,238.55,1500.0,0.0,12.6,323000.0,498250.0,2587.8,2663.9,2500.0,7.767,2026-02-03 23:02,16803
ANGELONE,2026-02-24,2200.0,396.5,33500.0,6500.0,14.1,156750.0,465000.0,2587.8,2663.9,2500.0,7.767,2026-02-03 23:02,9227
ANGELONE,2026-02-24,2250.0,360.0,8500.0,1250.0,18.8,35500.0,174250.0,2587.8,2663.9,2500.0,7.767,2026-02-03 23:02,4080
ANGELONE,2026-02-24,2300.0,311.7,132250.0,128750.0,23.8,339000.0,700250.0,2587.8,2663.9,2500.0,7.767,2026-02-03 23:02,-1713
ANGELONE,2026-02-24,2350.0,273.25,34000.0,49000.0,30.5,76250.0,237750.0,2587.8,2663.9,2500.0,7.767,2026-02-03 23:02,-2075
ANGELONE,2026-02-24,2400.0,230.0,250000.0,176750.0,38.6,170750.0,744750.0,2587.8,2663.9,2500.0,7.767,2026-02-03 23:02,-4505
ANGELONE,2026-02-24,2450.0,192.7,53000.0,152250.0,50.65,49750.0,233750.0,2587.8,2663.9,2500.0,7.767,2026-02-03 23:02,-437
ANGELONE,2026-02-24,2500.0,156.0,152250.0,526500.0,65.4,218750.0,1029750.0,2587.8,2663.9,2500.0,7.767,2026-02-03 23:02,-176
ANGELONE,2026-02-24,2550.0,124.5,54250.0,328500.0,84.25,75500.0,622500.0,2587.8,2663.9,2500.0,7.767,2026-02-03 23:02,2114
ANGELONE,2026-02-24,2600.0,98.0,415250.0,1955500.0,108.0,160500.0,745750.0,2587.8,2663.9,2500.0,7.767,2026-02-03 23:02,4148
ANGELONE,2026-02-24,2650.0,73.65,79000.0,673500.0,133.35,45750.0,188750.0,2587.8,2663.9,2500.0,7.767,2026-02-03 23:02,11358
ANGELONE,2026-02-24,2700.0,57.0,219000.0,1937500.0,167.7,77000.0,100250.0,2587.8,2663.9,2500.0,7.767,2026-02-03 23:02,16827
ANGELONE,2026-02-24,2750.0,44.1,56250.0,384250.0,354.95,2250.0,0.0,2587.8,2663.9,2500.0,7.767,2026-02-03 23:02,23762
ANGELONE,2026-02-24,2800.0,32.95,196750.0,1378750.0,229.3,25000.0,7000.0,2587.8,2663.9,2500.0,7.767,2026-02-03 23:02,31200
ANGELONE,2026-02-24,2850.0,25.35,20000.0,86500.0,0.0,0.0,0.0,2587.8,2663.9,2500.0,7.767,2026-02-03 23:02,39654
ANGELONE,2026-02-24,2900.0,19.0,134500.0,660000.0,300.0,5000.0,0.0,2587.8,2663.9,2500.0,7.767,2026-02-03 23:02,48183
ANGELONE,2026-02-24,2950.0,14.8,35000.0,80750.0,0.0,0.0,0.0,2587.8,2663.9,2500.0,7.767,2026-02-03 23:02,57465
ANGELONE,2026-02-24,3000.0,11.9,256000.0,827500.0,416.1,6250.0,0.0,2587.8,2663.9,2500.0,7.767,2026-02-03 23:02,66868
ANGELONE,2026-02-24,3050.0,0.0,0.0,0.0,0.0,0.0,0.0,2587.8,2663.9,2500.0,7.767,2026-02-03 23:02,77575
ANGELONE,2026-02-24,3100.0,7.1,86250.0,122750.0,759.85,1750.0,0.0,2587.8,2663.9,2500.0,7.767,2026-02-03 23:02,88238
ANGELONE,2026-02-24,3150.0,0.0,0.0,0.0,0.0,0.0,0.0,2587.8,2663.9,2500.0,7.767,2026-02-03 23:02,99268
ANGELONE,2026-02-24,3200.0,5.1,69250.0,112500.0,600.0,3000.0,250.0,2587.8,2663.9,2500.0,7.767,2026-02-03 23:02,110371
ANGELONE,2026-02-24,3250.0,0.0,0.0,0.0,0.0,0.0,0.0,2587.8,2663.9,2500.0,7.767,2026-02-03 23:02,121690
ANGELONE,2026-02-24,3300.0,0.0,0.0,0.0,0.0,0.0,0.0,2587.8,2663.9,2500.0,7.767,2026-02-03 23:02,133154
ANGELONE,2026-02-24,3350.0,0.0,0.0,0.0,0.0,0.0,0.0,2587.8,2663.9,2500.0,7.767,2026-02-03 23:02,144617
ANGELONE,2026-02-24,3400.0,0.0,0.0,0.0,0.0,0.0,0.0,2587.8,2663.9,2500.0,7.767,2026-02-03 23:02,156081
ANGELONE,2026-02-24,3500.0,0.0,0.0,0.0,0.0,0.0,0.0,2587.8,2663.9,2500.0,7.767,2026-02-03 23:02,179009
ANGELONE,2026-02-24,3600.0,0.0,0.0,0.0,0.0,0.0,0.0,2587.8,2663.9,2500.0,7.767,2026-02-03 23:02,201936
ANGELONE,2026-02-24,3700.0,0.0,0.0,0.0,0.0,0.0,0.0,2587.8,2663.9,2500.0,7.767,2026-02-03 23:02,224864
ANGELONE,2026-02-24,3800.0,0.0,0.0,0.0,0.0,0.0,0.0,2587.8,2663.9,2500.0,7.767,2026-02-03 23:02,247791
APLAPOLLO,2026-02-24,1640.0,0.0,0.0,0.0,1.0,1400.0,0.0,2137.5,2195.9,2107.6,2.799,2026-02-03 23:02,20935
APLAPOLLO,2026-02-24,1680.0,0.0,0.0,0.0,6.7,700.0,0.0,2137.5,2195.9,2107.6,2.799,2026-02-03 23:02,17967
APLAPOLLO,2026-02-24,1700.0,324.0,3850.0,0.0,0.0,0.0,0.0,2137.5,2195.9,2107.6,2.799,2026-02-03 23:02,16484
APLAPOLLO,2026-02-24,1720.0,204.25,700.0,0.0,3.7,4200.0,0.0,2137.5,2195.9,2107.6,2.799,2026-02-03 23:02,15134
APLAPOLLO,2026-02-24,1740.0,0.0,0.0,0.0,3.15,1400.0,0.0,2137.5,2195.9,2107.6,2.799,2026-02-03 23:02,13681
APLAPOLLO,2026-02-24,1760.0,0.0,0.0,0.0,0.0,0.0,0.0,2137.5,2195.9,2107.6,2.799,2026-02-03 23:02,12219
APLAPOLLO,2026-02-24,1780.0,191.15,1050.0,0.0,2.45,9450.0,4550.0,2137.5,2195.9,2107.6,2.799,2026-02-03 23:02,10756
APLAPOLLO,2026-02-24,1800.0,270.0,350.0,0.0,1.8,20300.0,8050.0,2137.5,2195.9,2107.6,2.799,2026-02-03 23:02,9333
APLAPOLLO,2026-02-24,1820.0,0.0,0.0,0.0,3.0,19250.0,4200.0,2137.5,2195.9,2107.6,2.799,2026-02-03 23:02,7939
APLAPOLLO,2026-02-24,1840.0,122.5,1050.0,0.0,3.3,4900.0,3850.0,2137.5,2195.9,2107.6,2.799,2026-02-03 23:02,6571
APLAPOLLO,2026-02-24,1860.0,0.0,0.0,0.0,3.3,12600.0,2800.0,2137.5,2195.9,2107.6,2.799,2026-02-03 23:02,5233
APLAPOLLO,2026-02-24,1880.0,210.0,7700.0,0.0,14.0,8050.0,0.0,2137.5,2195.9,2107.6,2.799,2026-02-03 23:02,3904
APLAPOLLO,2026-02-24,1900.0,171.65,4200.0,0.0,4.6,79450.0,105700.0,2137.5,2195.9,2107.6,2.799,2026-02-03 23:02,2762
APLAPOLLO,2026-02-24,1920.0,131.25,5950.0,0.0,5.35,22050.0,23450.0,2137.5,2195.9,2107.6,2.799,2026-02-03 23:02,1672
APLAPOLLO,2026-02-24,1940.0,170.0,5600.0,350.0,6.0,22400.0,16800.0,2137.5,2195.9,2107.6,2.799,2026-02-03 23:02,669
APLAPOLLO,2026-02-24,1960.0,160.2,20650.0,1750.0,7.2,42000.0,21000.0,2137.5,2195.9,2107.6,2.799,2026-02-03 23:02,-262
APLAPOLLO,2026-02-24,1980.0,163.85,9800.0,2450.0,8.35,28350.0,30800.0,2137.5,2195.9,2107.6,2.799,2026-02-03 23:02,-850
APLAPOLLO,2026-02-24,2000.0,149.65,53550.0,14700.0,10.6,140700.0,184100.0,2137.5,2195.9,2107.6,2.799,2026-02-03 23:02,-1525
APLAPOLLO,2026-02-24,2020.0,80.55,16450.0,0.0,12.8,33600.0,9100.0,2137.5,2195.9,2107.6,2.799,2026-02-03 23:02,-1296
APLAPOLLO,2026-02-24,2040.0,116.1,31500.0,17850.0,16.0,73850.0,44100.0,2137.5,2195.9,2107.6,2.799,2026-02-03 23:02,-1530
APLAPOLLO,2026-02-24,2060.0,97.5,71050.0,53550.0,20.1,79450.0,101500.0,2137.5,2195.9,2107.6,2.799,2026-02-03 23:02,-1395
APLAPOLLO,2026-02-24,2080.0,80.8,36400.0,43400.0,24.8,21350.0,25900.0,2137.5,2195.9,2107.6,2.799,2026-02-03 23:02,-674
APLAPOLLO,2026-02-24,2100.0,68.35,171500.0,330050.0,31.2,63700.0,233450.0,2137.5,2195.9,2107.6,2.799,2026-02-03 23:02,-129
APLAPOLLO,2026-02-24,2120.0,57.65,17150.0,59500.0,39.5,23450.0,54950.0,2137.5,2195.9,2107.6,2.799,2026-02-03 23:02,1618
APLAPOLLO,2026-02-24,2140.0,45.5,45150.0,74900.0,47.75,7000.0,20300.0,2137.5,2195.9,2107.6,2.799,2026-02-03 23:02,2479
APLAPOLLO,2026-02-24,2160.0,38.45,36050.0,59500.0,95.1,2450.0,0.0,2137.5,2195.9,2107.6,2.799,2026-02-03 23:02,3611
APLAPOLLO,2026-02-24,2180.0,29.9,19950.0,8050.0,132.6,4550.0,0.0,2137.5,2195.9,2107.6,2.799,2026-02-03 23:02,4763
APLAPOLLO,2026-02-24,2200.0,22.7,68600.0,299250.0,84.1,13300.0,26250.0,2137.5,2195.9,2107.6,2.799,2026-02-03 23:02,5848
APLAPOLLO,2026-02-24,2220.0,21.0,5950.0,5950.0,0.0,0.0,0.0,2137.5,2195.9,2107.6,2.799,2026-02-03 23:02,7141
APLAPOLLO,2026-02-24,2240.0,14.55,73500.0,33600.0,138.75,1050.0,4200.0,2137.5,2195.9,2107.6,2.799,2026-02-03 23:02,8415
APLAPOLLO,2026-02-24,2260.0,11.1,16100.0,22750.0,0.0,0.0,0.0,2137.5,2195.9,2107.6,2.799,2026-02-03 23:02,9918
APLAPOLLO,2026-02-24,2280.0,8.45,107100.0,115850.0,146.35,2450.0,5250.0,2137.5,2195.9,2107.6,2.799,2026-02-03 23:02,11379
APLAPOLLO,2026-02-24,2320.0,5.75,23450.0,28000.0,0.0,0.0,0.0,2137.5,2195.9,2107.6,2.799,2026-02-03 23:02,14757
APLAPOLLO,2026-02-24,2360.0,4.15,66150.0,51800.0,0.0,0.0,0.0,2137.5,2195.9,2107.6,2.799,2026-02-03 23:02,18188
ASHOKLEY,2026-02-24,132.0,0.0,0.0,0.0,0.08,30000.0,70000.0,199.87,203.0,196.02,2.814,2026-02-03 23:02,118426
ASHOKLEY,2026-02-24,140.0,0.0,0.0,0.0,0.05,530000.0,85000.0,199.87,203.0,196.02,2.814,2026-02-03 23:02,95026
ASHOKLEY,2026-02-24,150.0,0.0,0.0,0.0,0.11,1110000.0,485000.0,199.87,203.0,196.02,2.814,2026-02-03 23:02,66303
ASHOKLEY,2026-02-24,155.0,36.0,250000.0,0.0,0.0,0.0,0.0,199.87,203.0,196.02,2.814,2026-02-03 23:02,52486
ASHOKLEY,2026-02-24,156.0,35.4,35000.0,0.0,0.2,145000.0,95000.0,199.87,203.0,196.02,2.814,2026-02-03 23:02,50650
ASHOKLEY,2026-02-24,160.0,29.0,145000.0,0.0,0.25,1670000.0,1135000.0,199.87,203.0,196.02,2.814,2026-02-03 23:02,39899
ASHOKLEY,2026-02-24,162.5,34.11,10000.0,0.0,1.12,5000.0,0.0,199.87,203.0,196.02,2.814,2026-02-03 23:02,33936
ASHOKLEY,2026-02-24,165.0,25.0,20000.0,0.0,0.32,385000.0,325000.0,199.87,203.0,196.02,2.814,2026-02-03 23:02,27632
ASHOKLEY,2026-02-24,167.5,22.94,15000.0,0.0,0.91,135000.0,5000.0,199.87,203.0,196.02,2.814,2026-02-03 23:02,21434
ASHOKLEY,2026-02-24,168.0,21.9,70000.0,0.0,0.41,255000.0,160000.0,199.87,203.0,196.02,2.814,2026-02-03 23:02,20216
ASHOKLEY,2026-02-24,170.0,29.0,900000.0,5000.0,0.52,2495000.0,2260000.0,199.87,203.0,196.02,2.814,2026-02-03 23:02,15465
ASHOKLEY,2026-02-24,172.5,0.0,0.0,0.0,0.6,640000.0,200000.0,199.87,203.0,196.02,2.814,2026-02-03 23:02,12677
ASHOKLEY,2026-02-24,174.0,24.65,55000.0,10000.0,0.0,0.0,0.0,199.87,203.0,196.02,2.814,2026-02-03 23:02,9573
ASHOKLEY,2026-02-24,175.0,15.19,95000.0,0.0,0.76,2635000.0,1025000.0,199.87,203.0,196.02,2.814,2026-02-03 23:02,7670
ASHOKLEY,2026-02-24,176.0,18.8,15000.0,0.0,0.0,0.0,0.0,199.87,203.0,196.02,2.814,2026-02-03 23:02,5850
ASHOKLEY,2026-02-24,177.5,11.63,15000.0,0.0,1.03,505000.0,560000.0,199.87,203.0,196.02,2.814,2026-02-03 23:02,3232
ASHOKLEY,2026-02-24,178.0,17.0,95000.0,0.0,0.0,0.0,0.0,199.87,203.0,196.02,2.814,2026-02-03 23:02,2342
ASHOKLEY,2026-02-24,180.0,19.44,665000.0,305000.0,1.25,3025000.0,3265000.0,199.87,203.0,196.02,2.814,2026-02-03 23:02,-899
ASHOKLEY,2026-02-24,182.5,14.03,155000.0,0.0,1.59,895000.0,1270000.0,199.87,203.0,196.02,2.814,2026-02-03 23:02,-3317
ASHOKLEY,2026-02-24,184.0,22.5,80000.0,0.0,0.0,0.0,0.0,199.87,203.0,196.02,2.814,2026-02-03 23:02,-5084
ASHOKLEY,2026-02-24,185.0,15.1,1395000.0,225000.0,2.06,3600000.0,3855000.0,199.87,203.0,196.02,2.814,2026-02-03 23:02,-6124
ASHOKLEY,2026-02-24,186.0,14.38,95000.0,15000.0,0.0,0.0,0.0,199.87,203.0,196.02,2.814,2026-02-03 23:02,-5480
ASHOKLEY,2026-02-24,187.5,13.32,1415000.0,1220000.0,2.57,1295000.0,1295000.0,199.87,203.0,196.02,2.814,2026-02-03 23:02,-6410
ASHOKLEY,2026-02-24,188.0,12.31,440000.0,55000.0,0.0,0.0,0.0,199.87,203.0,196.02,2.814,2026-02-03 23:02,-5078
ASHOKLEY,2026-02-24,190.0,11.4,2695000.0,2645000.0,3.29,3020000.0,4135000.0,199.87,203.0,196.02,2.814,2026-02-03 23:02,-5328
ASHOKLEY,2026-02-24,192.0,9.44,560000.0,275000.0,0.0,0.0,0.0,199.87,203.0,196.02,2.814,2026-02-03 23:02,-2898
ASHOKLEY,2026-02-24,192.5,9.8,915000.0,420000.0,4.06,1225000.0,855000.0,199.87,203.0,196.02,2.814,2026-02-03 23:02,-2254
ASHOKLEY,2026-02-24,195.0,8.31,2450000.0,3880000.0,5.11,1880000.0,7565000.0,199.87,203.0,196.02,2.814,2026-02-03 23:02,-741
ASHOKLEY,2026-02-24,196.0,7.7,450000.0,1005000.0,0.0,0.0,0.0,199.87,203.0,196.02,2.814,2026-02-03 23:02,1212
ASHOKLEY,2026-02-24,197.5,7.03,1145000.0,2410000.0,6.21,485000.0,1630000.0,199.87,203.0,196.02,2.814,2026-02-03 23:02,2944
ASHOKLEY,2026-02-24,200.0,5.82,5995000.0,22335000.0,7.51,1720000.0,3530000.0,199.87,203.0,196.02,2.814,2026-02-03 23:02,6164
ASHOKLEY,2026-02-24,202.5,4.8,800000.0,2200000.0,9.06,70000.0,105000.0,199.87,203.0,196.02,2.814,2026-02-03 23:02,13006
ASHOKLEY,2026-02-24,205.0,3.96,3300000.0,6000000.0,10.68,160000.0,140000.0,199.87,203.0,196.02,2.814,2026-02-03 23:02,18189
ASHOKLEY,2026-02-24,207.5,3.26,845000.0,995000.0,12.43,55000.0,75000.0,199.87,203.0,196.02,2.814,2026-02-03 23:02,25053
ASHOKLEY,2026-02-24,210.0,2.64,5345000.0,11040000.0,14.33,360000.0,405000.0,199.87,203.0,196.02,2.814,2026-02-03 23:02,31212
ASHOKLEY,2026-02-24,212.5,2.12,570000.0,900000.0,16.3,520000.0,540000.0,199.87,203.0,196.02,2.814,2026-02-03 23:02,39486
ASHOKLEY,2026-02-24,215.0,1.68,2880000.0,6350000.0,18.59,400000.0,120000.0,199.87,203.0,196.02,2.814,2026-02-03 23:02,46411
ASHOKLEY,2026-02-24,217.5,1.37,1340000.0,735000.0,20.73,25000.0,20000.0,199.87,203.0,196.02,2.814,2026-02-03 23:02,54622
ASHOKLEY,2026-02-24,220.0,1.11,4420000.0,6730000.0,21.0,5000.0,40000.0,199.87,203.0,196.02,2.814,2026-02-03 23:02,63566
ASIANPAINT,2026-02-24,1960.0,0.0,0.0,0.0,0.0,0.0,0.0,2426.0,2525.0,2391.0,0.999,2026-02-03 23:02,173912
ASIANPAINT,2026-02-24,2000.0,0.0,0.0,0.0,1.15,12500.0,0.0,2426.0,2525.0,2391.0,0.999,2026-02-03 23:02,157227
ASIANPAINT,2026-02-24,2040.0,0.0,0.0,0.0,0.0,0.0,0.0,2426.0,2525.0,2391.0,0.999,2026-02-03 23:02,140591
ASIANPAINT,2026-02-24,2080.0,0.0,0.0,0.0,0.0,0.0,0.0,2426.0,2525.0,2391.0,0.999,2026-02-03 23:02,123956
ASIANPAINT,2026-02-24,2100.0,0.0,0.0,0.0,2.1,524750.0,94000.0,2426.0,2525.0,2391.0,0.999,2026-02-03 23:02,115638
ASIANPAINT,2026-02-24,2120.0,0.0,0.0,0.0,1.95,35750.0,26000.0,2426.0,2525.0,2391.0,0.999,2026-02-03 23:02,108260
ASIANPAINT,2026-02-24,2140.0,0.0,0.0,0.0,4.2,250.0,0.0,2426.0,2525.0,2391.0,0.999,2026-02-03 23:02,101056
ASIANPAINT,2026-02-24,2160.0,278.35,500.0,0.0,3.25,16500.0,72750.0,2426.0,2525.0,2391.0,0.999,2026-02-03 23:02,93860
ASIANPAINT,2026-02-24,2180.0,0.0,0.0,0.0,3.9,123500.0,54250.0,2426.0,2525.0,2391.0,0.999,2026-02-03 23:02,86707
ASIANPAINT,2026-02-24,2200.0,0.0,0.0,0.0,5.0,269250.0,390000.0,2426.0,2525.0,2391.0,0.999,2026-02-03 23:02,79744
ASIANPAINT,2026-02-24,2220.0,0.0,0.0,0.0,5.9,40750.0,62000.0,2426.0,2525.0,2391.0,0.999,2026-02-03 23:02,73233
ASIANPAINT,2026-02-24,2240.0,180.4,2250.0,0.0,7.1,53250.0,101000.0,2426.0,2525.0,2391.0,0.999,2026-02-03 23:02,66914
ASIANPAINT,2026-02-24,2260.0,0.0,0.0,0.0,8.7,72250.0,90750.0,2426.0,2525.0,2391.0,0.999,2026-02-03 23:02,60732
ASIANPAINT,2026-02-24,2280.0,140.9,2000.0,0.0,10.5,102000.0,109250.0,2426.0,2525.0,2391.0,0.999,2026-02-03 23:02,54630
ASIANPAINT,2026-02-24,2300.0,149.0,26750.0,23750.0,13.0,211250.0,580250.0,2426.0,2525.0,2391.0,0.999,2026-02-03 23:02,48720
ASIANPAINT,2026-02-24,2320.0,81.7,2750.0,0.0,16.35,54500.0,184000.0,2426.0,2525.0,2391.0,0.999,2026-02-03 23:02,43488
ASIANPAINT,2026-02-24,2340.0,111.45,7750.0,4000.0,19.45,68500.0,319750.0,2426.0,2525.0,2391.0,0.999,2026-02-03 23:02,38180
ASIANPAINT,2026-02-24,2360.0,102.0,50500.0,32750.0,24.5,150500.0,407000.0,2426.0,2525.0,2391.0,0.999,2026-02-03 23:02,33045
ASIANPAINT,2026-02-24,2380.0,84.9,68750.0,128500.0,30.25,96000.0,267000.0,2426.0,2525.0,2391.0,0.999,2026-02-03 23:02,28505
ASIANPAINT,2026-02-24,2400.0,72.35,282000.0,1100250.0,36.85,357000.0,1065750.0,2426.0,2525.0,2391.0,0.999,2026-02-03 23:02,24441
ASIANPAINT,2026-02-24,2420.0,61.65,173000.0,830500.0,45.0,152250.0,413500.0,2426.0,2525.0,2391.0,0.999,2026-02-03 23:02,22087
ASIANPAINT,2026-02-24,2440.0,49.55,205000.0,919500.0,55.15,199000.0,421750.0,2426.0,2525.0,2391.0,0.999,2026-02-03 23:02,20040
ASIANPAINT,2026-02-24,2460.0,41.5,242500.0,826500.0,64.8,146250.0,275500.0,2426.0,2525.0,2391.0,0.999,2026-02-03 23:02,18338
ASIANPAINT,2026-02-24,2480.0,33.1,174750.0,649000.0,78.25,129250.0,95000.0,2426.0,2525.0,2391.0,0.999,2026-02-03 23:02,17553
ASIANPAINT,2026-02-24,2500.0,27.0,638000.0,2155500.0,91.15,158500.0,170250.0,2426.0,2525.0,2391.0,0.999,2026-02-03 23:02,16885
ASIANPAINT,2026-02-24,2520.0,21.95,449250.0,685500.0,108.1,211250.0,4750.0,2426.0,2525.0,2391.0,0.999,2026-02-03 23:02,18521
ASIANPAINT,2026-02-24,2540.0,18.0,137500.0,410000.0,116.9,24750.0,8250.0,2426.0,2525.0,2391.0,0.999,2026-02-03 23:02,19903
ASIANPAINT,2026-02-24,2560.0,14.3,159250.0,393750.0,136.35,43000.0,11500.0,2426.0,2525.0,2391.0,0.999,2026-02-03 23:02,22864
ASIANPAINT,2026-02-24,2580.0,11.6,281500.0,200000.0,157.0,28000.0,4000.0,2426.0,2525.0,2391.0,0.999,2026-02-03 23:02,25914
ASIANPAINT,2026-02-24,2600.0,10.0,768500.0,1371250.0,171.15,138500.0,34500.0,2426.0,2525.0,2391.0,0.999,2026-02-03 23:02,29828
ASIANPAINT,2026-02-24,2620.0,8.2,153000.0,121750.0,189.2,84000.0,9000.0,2426.0,2525.0,2391.0,0.999,2026-02-03 23:02,34067
ASIANPAINT,2026-02-24,2640.0,7.05,207000.0,236500.0,205.1,34500.0,6500.0,2426.0,2525.0,2391.0,0.999,2026-02-03 23:02,38918
ASIANPAINT,2026-02-24,2660.0,6.35,150000.0,167750.0,238.05,18250.0,0.0,2426.0,2525.0,2391.0,0.999,2026-02-03 23:02,45154
ASIANPAINT,2026-02-24,2680.0,5.6,127000.0,78000.0,274.85,40000.0,250.0,2426.0,2525.0,2391.0,0.999,2026-02-03 23:02,51950
ASIANPAINT,2026-02-24,2700.0,4.95,925750.0,900250.0,265.0,171000.0,11000.0,2426.0,2525.0,2391.0,0.999,2026-02-03 23:02,58390
ASIANPAINT,2026-02-24,2720.0,4.55,171500.0,74750.0,286.15,71250.0,3250.0,2426.0,2525.0,2391.0,0.999,2026-02-03 23:02,63979
ASIANPAINT,2026-02-24,2740.0,4.0,188000.0,101250.0,302.0,43750.0,4000.0,2426.0,2525.0,2391.0,0.999,2026-02-03 23:02,72165
ASIANPAINT,2026-02-24,2760.0,3.55,249750.0,91500.0,354.95,49250.0,0.0,2426.0,2525.0,2391.0,0.999,2026-02-03 23:02,81530
ASIANPAINT,2026-02-24,2780.0,3.25,268750.0,18250.0,328.5,11750.0,1500.0,2426.0,2525.0,2391.0,0.999,2026-02-03 23:02,91080
ASIANPAINT,2026-02-24,2800.0,2.85,904500.0,446500.0,366.0,121750.0,1000.0,2426.0,2525.0,2391.0,0.999,2026-02-03 23:02,102551
ASIANPAINT,2026-02-24,2820.0,2.7,117750.0,30250.0,381.8,8500.0,3500.0,2426.0,2525.0,2391.0,0.999,2026-02-03 23:02,112175
ASIANPAINT,2026-02-24,2840.0,2.45,113000.0,21750.0,424.8,18500.0,0.0,2426.0,2525.0,2391.0,0.999,2026-02-03 23:02,125958
ASIANPAINT,2026-02-24,2860.0,2.2,174500.0,41750.0,406.5,1250.0,1500.0,2426.0,2525.0,2391.0,0.999,2026-02-03 23:02,139537
ASIANPAINT,2026-02-24,2880.0,2.05,25750.0,23750.0,429.55,4500.0,2000.0,2426.0,2525.0,2391.0,0.999,2026-02-03 23:02,154214
ASIANPAINT,2026-02-24,2900.0,1.9,442250.0,130000.0,464.05,42000.0,1000.0,2426.0,2525.0,2391.0,0.999,2026-02-03 23:02,168776
ASIANPAINT,2026-02-24,2920.0,1.3,41000.0,1000.0,292.45,3000.0,0.0,2426.0,2525.0,2391.0,0.999,2026-02-03 23:02,182630
ASIANPAINT,2026-02-24,2940.0,1.55,44000.0,1250.0,426.3,5250.0,0.0,2426.0,2525.0,2391.0,0.999,2026-02-03 23:02,198354
ASIANPAINT,2026-02-24,2960.0,1.3,27250.0,250.0,200.0,1250.0,0.0,2426.0,2525.0,2391.0,0.999,2026-02-03 23:02,214042
ASIANPAINT,2026-02-24,2980.0,0.9,8250.0,500.0,0.0,0.0,0.0,2426.0,2525.0,2391.0,0.999,2026-02-03 23:02,229983
ASIANPAINT,2026-02-24,3000.0,1.4,273500.0,116750.0,582.9,18500.0,1000.0,2426.0,2525.0,2391.0,0.999,2026-02-03 23:02,245962
ASIANPAINT,2026-02-24,3020.0,1.25,9500.0,2500.0,340.0,250.0,0.0,2426.0,2525.0,2391.0,0.999,2026-02-03 23:02,261484
ASIANPAINT,2026-02-24,3040.0,1.05,5500.0,2000.0,0.0,0.0,0.0,2426.0,2525.0,2391.0,0.999,2026-02-03 23:02,278059
ASIANPAINT,2026-02-24,3080.0,0.95,33750.0,0.0,455.0,500.0,0.0,2426.0,2525.0,2391.0,0.999,2026-02-03 23:02,311246
ASIANPAINT,2026-02-24,3100.0,0.95,62250.0,32000.0,590.0,2500.0,0.0,2426.0,2525.0,2391.0,0.999,2026-02-03 23:02,327888
ASIANPAINT,2026-02-24,3120.0,1.1,2750.0,0.0,480.0,250.0,0.0,2426.0,2525.0,2391.0,0.999,2026-02-03 23:02,344537
ASIANPAINT,2026-02-24,3140.0,0.95,5500.0,1750.0,355.4,250.0,0.0,2426.0,2525.0,2391.0,0.999,2026-02-03 23:02,361322
ASIANPAINT,2026-02-24,3160.0,1.15,4000.0,0.0,0.0,0.0,0.0,2426.0,2525.0,2391.0,0.999,2026-02-03 23:02,378122
ASIANPAINT,2026-02-24,3200.0,1.1,77750.0,34750.0,0.0,0.0,0.0,2426.0,2525.0,2391.0,0.999,2026-02-03 23:02,411756
ASIANPAINT,2026-02-24,3240.0,0.5,8750.0,0.0,0.0,0.0,0.0,2426.0,2525.0,2391.0,0.999,2026-02-03 23:02,445708
ASIANPAINT,2026-02-24,3280.0,0.9,18500.0,3250.0,0.0,0.0,0.0,2426.0,2525.0,2391.0,0.999,2026-02-03 23:02,479688
ASTRAL,2026-02-24,1160.0,327.1,2975.0,1275.0,1.85,22950.0,12325.0,1503.5,1510.0,1483.8,2.446,2026-02-03 23:02,17850
ASTRAL,2026-02-24,1200.0,142.0,1700.0,0.0,2.25,24225.0,13175.0,1503.5,1510.0,1483.8,2.446,2026-02-03 23:02,13380
ASTRAL,2026-02-24,1240.0,0.0,0.0,0.0,2.15,58225.0,1700.0,1503.5,1510.0,1483.8,2.446,2026-02-03 23:02,8940
ASTRAL,2026-02-24,1260.0,0.0,0.0,0.0,4.4,11475.0,0.0,1503.5,1510.0,1483.8,2.446,2026-02-03 23:02,6814
ASTRAL,2026-02-24,1280.0,217.55,850.0,0.0,3.3,62900.0,59075.0,1503.5,1510.0,1483.8,2.446,2026-02-03 23:02,4719
ASTRAL,2026-02-24,1300.0,112.65,425.0,0.0,4.2,104125.0,159375.0,1503.5,1510.0,1483.8,2.446,2026-02-03 23:02,2754
ASTRAL,2026-02-24,1320.0,142.85,7225.0,0.0,5.3,46325.0,11050.0,1503.5,1510.0,1483.8,2.446,2026-02-03 23:02,962
ASTRAL,2026-02-24,1340.0,160.0,10200.0,0.0,6.3,38675.0,10200.0,1503.5,1510.0,1483.8,2.446,2026-02-03 23:02,-605
ASTRAL,2026-02-24,1360.0,145.0,17425.0,425.0,7.9,160225.0,89250.0,1503.5,1510.0,1483.8,2.446,2026-02-03 23:02,-2015
ASTRAL,2026-02-24,1380.0,130.75,33575.0,10200.0,10.3,43775.0,35275.0,1503.5,1510.0,1483.8,2.446,2026-02-03 23:02,-3082
ASTRAL,2026-02-24,1400.0,114.55,112625.0,21675.0,12.9,146200.0,215050.0,1503.5,1510.0,1483.8,2.446,2026-02-03 23:02,-3727
ASTRAL,2026-02-24,1420.0,97.95,13175.0,14450.0,17.4,32725.0,47175.0,1503.5,1510.0,1483.8,2.446,2026-02-03 23:02,-3147
ASTRAL,2026-02-24,1440.0,83.7,81600.0,106675.0,22.05,127500.0,252025.0,1503.5,1510.0,1483.8,2.446,2026-02-03 23:02,-3504
ASTRAL,2026-02-24,1460.0,70.4,79900.0,109650.0,28.35,73525.0,77350.0,1503.5,1510.0,1483.8,2.446,2026-02-03 23:02,-3113
ASTRAL,2026-02-24,1480.0,56.7,53550.0,132600.0,36.0,29325.0,192525.0,1503.5,1510.0,1483.8,2.446,2026-02-03 23:02,-2463
ASTRAL,2026-02-24,1500.0,48.0,473025.0,2459050.0,43.2,135150.0,204850.0,1503.5,1510.0,1483.8,2.446,2026-02-03 23:02,-1804
ASTRAL,2026-02-24,1520.0,38.3,123675.0,196775.0,55.75,14450.0,14025.0,1503.5,1510.0,1483.8,2.446,2026-02-03 23:02,1560
ASTRAL,2026-02-24,1540.0,31.15,114325.0,263925.0,122.75,1700.0,0.0,1503.5,1510.0,1483.8,2.446,2026-02-03 23:02,3907
ASTRAL,2026-02-24,1560.0,23.8,102000.0,82875.0,131.0,5525.0,0.0,1503.5,1510.0,1483.8,2.446,2026-02-03 23:02,6429
ASTRAL,2026-02-24,1580.0,18.05,109225.0,48875.0,238.95,425.0,0.0,1503.5,1510.0,1483.8,2.446,2026-02-03 23:02,9000
ASTRAL,2026-02-24,1600.0,14.7,365925.0,688075.0,114.0,22525.0,8925.0,1503.5,1510.0,1483.8,2.446,2026-02-03 23:02,11808
ASTRAL,2026-02-24,1620.0,11.05,113475.0,38675.0,0.0,0.0,0.0,1503.5,1510.0,1483.8,2.446,2026-02-03 23:02,15486
ASTRAL,2026-02-24,1640.0,8.5,96900.0,85425.0,247.0,1275.0,0.0,1503.5,1510.0,1483.8,2.446,2026-02-03 23:02,19236
ASTRAL,2026-02-24,1680.0,5.1,41225.0,70125.0,199.0,425.0,425.0,1503.5,1510.0,1483.8,2.446,2026-02-03 23:02,26929
ASTRAL,2026-02-24,1720.0,0.0,0.0,0.0,334.0,2975.0,0.0,1503.5,1510.0,1483.8,2.446,2026-02-03 23:02,34749
AUROPHARMA,2026-02-24,940.0,0.0,0.0,0.0,2.5,5500.0,0.0,1226.1,1247.3,1211.2,4.705,2026-02-03 23:02,37760
AUROPHARMA,2026-02-24,960.0,0.0,0.0,0.0,4.0,7150.0,0.0,1226.1,1247.3,1211.2,4.705,2026-02-03 23:02,33059
AUROPHARMA,2026-02-24,980.0,0.0,0.0,0.0,1.5,108900.0,550.0,1226.1,1247.3,1211.2,4.705,2026-02-03 23:02,28371
AUROPHARMA,2026-02-24,1000.0,152.0,550.0,0.0,1.5,67100.0,37400.0,1226.1,1247.3,1211.2,4.705,2026-02-03 23:02,23888
AUROPHARMA,2026-02-24,1020.0,0.0,0.0,0.0,1.6,6050.0,2200.0,1226.1,1247.3,1211.2,4.705,2026-02-03 23:02,19555
AUROPHARMA,2026-02-24,1030.0,0.0,0.0,0.0,4.5,1650.0,0.0,1226.1,1247.3,1211.2,4.705,2026-02-03 23:02,17394
AUROPHARMA,2026-02-24,1040.0,0.0,0.0,0.0,2.95,37400.0,8250.0,1226.1,1247.3,1211.2,4.705,2026-02-03 23:02,15235
AUROPHARMA,2026-02-24,1050.0,93.0,550.0,0.0,2.85,27500.0,550.0,1226.1,1247.3,1211.2,4.705,2026-02-03 23:02,13103
AUROPHARMA,2026-02-24,1060.0,91.0,1100.0,0.0,3.55,21450.0,27500.0,1226.1,1247.3,1211.2,4.705,2026-02-03 23:02,11007
AUROPHARMA,2026-02-24,1070.0,0.0,0.0,0.0,4.0,15400.0,23650.0,1226.1,1247.3,1211.2,4.705,2026-02-03 23:02,8940
AUROPHARMA,2026-02-24,1080.0,0.0,0.0,0.0,4.3,84700.0,72600.0,1226.1,1247.3,1211.2,4.705,2026-02-03 23:02,6879
AUROPHARMA,2026-02-24,1090.0,0.0,0.0,0.0,0.0,0.0,0.0,1226.1,1247.3,1211.2,4.705,2026-02-03 23:02,4872
AUROPHARMA,2026-02-24,1100.0,145.0,18700.0,1100.0,5.75,352550.0,568150.0,1226.1,1247.3,1211.2,4.705,2026-02-03 23:02,2902
AUROPHARMA,2026-02-24,1110.0,113.45,39600.0,0.0,6.4,17600.0,23650.0,1226.1,1247.3,1211.2,4.705,2026-02-03 23:02,1372
AUROPHARMA,2026-02-24,1120.0,67.1,21450.0,0.0,7.3,88550.0,100650.0,1226.1,1247.3,1211.2,4.705,2026-02-03 23:02,268
AUROPHARMA,2026-02-24,1130.0,120.5,43450.0,3850.0,8.45,53900.0,33550.0,1226.1,1247.3,1211.2,4.705,2026-02-03 23:02,-1083
AUROPHARMA,2026-02-24,1140.0,100.0,56650.0,23650.0,10.55,122100.0,142450.0,1226.1,1247.3,1211.2,4.705,2026-02-03 23:02,-1940
AUROPHARMA,2026-02-24,1150.0,85.0,98450.0,79200.0,11.65,164450.0,116050.0,1226.1,1247.3,1211.2,4.705,2026-02-03 23:02,-2657
AUROPHARMA,2026-02-24,1160.0,77.85,50050.0,42350.0,13.8,115500.0,258500.0,1226.1,1247.3,1211.2,4.705,2026-02-03 23:02,-2905
AUROPHARMA,2026-02-24,1170.0,68.6,61600.0,39050.0,16.3,59950.0,53900.0,1226.1,1247.3,1211.2,4.705,2026-02-03 23:02,-3402
AUROPHARMA,2026-02-24,1180.0,62.1,103950.0,326150.0,20.15,84700.0,209000.0,1226.1,1247.3,1211.2,4.705,2026-02-03 23:02,-3682
AUROPHARMA,2026-02-24,1190.0,56.35,38500.0,152900.0,23.15,57200.0,87450.0,1226.1,1247.3,1211.2,4.705,2026-02-03 23:02,-3624
AUROPHARMA,2026-02-24,1200.0,51.05,466950.0,1049950.0,27.3,511500.0,579150.0,1226.1,1247.3,1211.2,4.705,2026-02-03 23:02,-3861
AUROPHARMA,2026-02-24,1210.0,46.25,49500.0,53900.0,30.15,36850.0,99000.0,1226.1,1247.3,1211.2,4.705,2026-02-03 23:02,-2217
AUROPHARMA,2026-02-24,1220.0,40.7,141900.0,555500.0,35.0,53900.0,227150.0,1226.1,1247.3,1211.2,4.705,2026-02-03 23:02,-1355
AUROPHARMA,2026-02-24,1230.0,34.6,53900.0,464750.0,40.55,50600.0,281050.0,1226.1,1247.3,1211.2,4.705,2026-02-03 23:02,-27
AUROPHARMA,2026-02-24,1240.0,31.4,150150.0,1205600.0,46.0,69850.0,251350.0,1226.1,1247.3,1211.2,4.705,2026-02-03 23:02,997
AUROPHARMA,2026-02-24,1250.0,26.5,472450.0,1221550.0,52.1,13750.0,47300.0,1226.1,1247.3,1211.2,4.705,2026-02-03 23:02,2411
AUROPHARMA,2026-02-24,1260.0,24.55,110550.0,231550.0,56.55,5500.0,14300.0,1226.1,1247.3,1211.2,4.705,2026-02-03 23:02,5342
AUROPHARMA,2026-02-24,1270.0,21.65,7700.0,21450.0,66.0,6050.0,10450.0,1226.1,1247.3,1211.2,4.705,2026-02-03 23:02,7448
AUROPHARMA,2026-02-24,1280.0,17.45,202400.0,431750.0,73.2,62700.0,6600.0,1226.1,1247.3,1211.2,4.705,2026-02-03 23:02,9305
AUROPHARMA,2026-02-24,1290.0,15.9,130900.0,74800.0,0.0,0.0,0.0,1226.1,1247.3,1211.2,4.705,2026-02-03 23:02,11344
AUROPHARMA,2026-02-24,1300.0,13.25,413050.0,1169300.0,87.55,37400.0,14300.0,1226.1,1247.3,1211.2,4.705,2026-02-03 23:02,13828
AUROPHARMA,2026-02-24,1310.0,11.0,44550.0,54450.0,0.0,0.0,0.0,1226.1,1247.3,1211.2,4.705,2026-02-03 23:02,16774
AUROPHARMA,2026-02-24,1320.0,9.3,106150.0,203500.0,154.0,2200.0,0.0,1226.1,1247.3,1211.2,4.705,2026-02-03 23:02,19594
AUROPHARMA,2026-02-24,1330.0,8.35,6600.0,6600.0,0.0,0.0,0.0,1226.1,1247.3,1211.2,4.705,2026-02-03 23:02,22538
AUROPHARMA,2026-02-24,1340.0,6.9,105050.0,195250.0,210.0,1100.0,0.0,1226.1,1247.3,1211.2,4.705,2026-02-03 23:02,25430
AUROPHARMA,2026-02-24,1350.0,6.3,42350.0,96250.0,211.3,1100.0,0.0,1226.1,1247.3,1211.2,4.705,2026-02-03 23:02,28471
AUROPHARMA,2026-02-24,1360.0,5.0,69300.0,242550.0,220.75,1100.0,0.0,1226.1,1247.3,1211.2,4.705,2026-02-03 23:02,31510
AUROPHARMA,2026-02-24,1370.0,0.0,0.0,0.0,0.0,0.0,0.0,1226.1,1247.3,1211.2,4.705,2026-02-03 23:02,34626
AUROPHARMA,2026-02-24,1380.0,3.6,18150.0,46200.0,0.0,0.0,0.0,1226.1,1247.3,1211.2,4.705,2026-02-03 23:02,37732
AUROPHARMA,2026-02-24,1400.0,0.0,0.0,0.0,259.55,1100.0,0.0,1226.1,1247.3,1211.2,4.705,2026-02-03 23:02,43987
AUROPHARMA,2026-02-24,1420.0,0.0,0.0,0.0,278.9,1100.0,0.0,1226.1,1247.3,1211.2,4.705,2026-02-03 23:02,50208
AUBANK,2026-02-24,820.0,0.0,0.0,0.0,0.8,141000.0,37000.0,982.3,1019.0,979.8,1.772,2026-02-03 23:02,40376
AUBANK,2026-02-24,840.0,146.5,45000.0,0.0,1.2,79000.0,28000.0,982.3,1019.0,979.8,1.772,2026-02-03 23:02,32515
AUBANK,2026-02-24,860.0,108.65,14000.0,0.0,1.65,109000.0,56000.0,982.3,1019.0,979.8,1.772,2026-02-03 23:02,25563
AUBANK,2026-02-24,870.0,0.0,0.0,0.0,2.75,49000.0,0.0,982.3,1019.0,979.8,1.772,2026-02-03 23:02,22019
AUBANK,2026-02-24,880.0,0.0,0.0,0.0,2.35,139000.0,135000.0,982.3,1019.0,979.8,1.772,2026-02-03 23:02,18376
AUBANK,2026-02-24,890.0,0.0,0.0,0.0,2.85,58000.0,45000.0,982.3,1019.0,979.8,1.772,2026-02-03 23:02,14854
AUBANK,2026-02-24,900.0,92.0,11000.0,0.0,3.55,279000.0,296000.0,982.3,1019.0,979.8,1.772,2026-02-03 23:02,11405
AUBANK,2026-02-24,910.0,106.0,4000.0,0.0,4.3,90000.0,180000.0,982.3,1019.0,979.8,1.772,2026-02-03 23:02,8265
AUBANK,2026-02-24,920.0,61.5,33000.0,0.0,5.35,179000.0,177000.0,982.3,1019.0,979.8,1.772,2026-02-03 23:02,5221
AUBANK,2026-02-24,930.0,69.0,11000.0,4000.0,6.9,111000.0,193000.0,982.3,1019.0,979.8,1.772,2026-02-03 23:02,2492
AUBANK,2026-02-24,940.0,55.85,39000.0,14000.0,8.7,181000.0,169000.0,982.3,1019.0,979.8,1.772,2026-02-03 23:02,-222
AUBANK,2026-02-24,950.0,47.65,269000.0,111000.0,10.8,1233000.0,442000.0,982.3,1019.0,979.8,1.772,2026-02-03 23:02,-2655
AUBANK,2026-02-24,960.0,40.05,187000.0,339000.0,13.6,257000.0,414000.0,982.3,1019.0,979.8,1.772,2026-02-03 23:02,-3697
AUBANK,2026-02-24,970.0,34.0,276000.0,516000.0,17.25,277000.0,340000.0,982.3,1019.0,979.8,1.772,2026-02-03 23:02,-3846
AUBANK,2026-02-24,980.0,28.15,287000.0,495000.0,20.9,283000.0,598000.0,982.3,1019.0,979.8,1.772,2026-02-03 23:02,-3380
AUBANK,2026-02-24,990.0,23.0,446000.0,1144000.0,26.35,185000.0,507000.0,982.3,1019.0,979.8,1.772,2026-02-03 23:02,-2589
AUBANK,2026-02-24,1000.0,19.0,841000.0,1884000.0,31.9,216000.0,294000.0,982.3,1019.0,979.8,1.772,2026-02-03 23:02,-844
AUBANK,2026-02-24,1010.0,15.65,162000.0,250000.0,36.7,74000.0,10000.0,982.3,1019.0,979.8,1.772,2026-02-03 23:02,2327
AUBANK,2026-02-24,1020.0,12.15,315000.0,636000.0,43.75,51000.0,12000.0,982.3,1019.0,979.8,1.772,2026-02-03 23:02,4807
AUBANK,2026-02-24,1030.0,10.2,188000.0,135000.0,55.75,23000.0,0.0,982.3,1019.0,979.8,1.772,2026-02-03 23:02,7832
AUBANK,2026-02-24,1040.0,7.85,131000.0,155000.0,64.45,10000.0,9000.0,982.3,1019.0,979.8,1.772,2026-02-03 23:02,10972
AUBANK,2026-02-24,1050.0,6.35,399000.0,594000.0,75.25,22000.0,0.0,982.3,1019.0,979.8,1.772,2026-02-03 23:02,14227
AUBANK,2026-02-24,1060.0,5.1,171000.0,131000.0,94.5,2000.0,0.0,982.3,1019.0,979.8,1.772,2026-02-03 23:02,17953
AUBANK,2026-02-24,1070.0,4.4,156000.0,496000.0,89.55,2000.0,0.0,982.3,1019.0,979.8,1.772,2026-02-03 23:02,21832
AUBANK,2026-02-24,1080.0,3.5,197000.0,141000.0,106.25,1000.0,0.0,982.3,1019.0,979.8,1.772,2026-02-03 23:02,25852
AUBANK,2026-02-24,1090.0,2.85,55000.0,25000.0,107.35,2000.0,0.0,982.3,1019.0,979.8,1.772,2026-02-03 23:02,30077
AUBANK,2026-02-24,1100.0,2.55,431000.0,430000.0,149.05,2000.0,0.0,982.3,1019.0,979.8,1.772,2026-02-03 23:02,34295
AUBANK,2026-02-24,1110.0,0.0,0.0,0.0,126.95,2000.0,0.0,982.3,1019.0,979.8,1.772,2026-02-03 23:02,39032
AUBANK,2026-02-24,1120.0,1.8,103000.0,63000.0,129.0,9000.0,0.0,982.3,1019.0,979.8,1.772,2026-02-03 23:02,43666
AUBANK,2026-02-24,1130.0,1.6,100000.0,2000.0,0.0,0.0,0.0,982.3,1019.0,979.8,1.772,2026-02-03 23:02,48340
AUBANK,2026-02-24,1140.0,1.35,175000.0,8000.0,0.0,0.0,0.0,982.3,1019.0,979.8,1.772,2026-02-03 23:02,53227
AUBANK,2026-02-24,1150.0,1.2,3000.0,0.0,0.0,0.0,0.0,982.3,1019.0,979.8,1.772,2026-02-03 23:02,58296
AUBANK,2026-02-24,1160.0,1.0,217000.0,85000.0,0.0,0.0,0.0,982.3,1019.0,979.8,1.772,2026-02-03 23:02,63345
AUBANK,2026-02-24,1170.0,2.2,1000.0,0.0,0.0,0.0,0.0,982.3,1019.0,979.8,1.772,2026-02-03 23:02,68633
AXISBANK,2026-02-24,1060.0,0.0,0.0,0.0,0.45,1250.0,0.0,1356.2,1418.3,1345.5,3.408,2026-02-03 23:02,258653
AXISBANK,2026-02-24,1080.0,0.0,0.0,0.0,0.7,21875.0,3750.0,1356.2,1418.3,1345.5,3.408,2026-02-03 23:02,231106
AXISBANK,2026-02-24,1100.0,263.4,31875.0,6250.0,0.65,154375.0,62500.0,1356.2,1418.3,1345.5,3.408,2026-02-03 23:02,203600
AXISBANK,2026-02-24,1120.0,222.7,1875.0,0.0,0.7,70000.0,10625.0,1356.2,1418.3,1345.5,3.408,2026-02-03 23:02,177299
AXISBANK,2026-02-24,1140.0,0.0,0.0,0.0,0.5,77500.0,1250.0,1356.2,1418.3,1345.5,3.408,2026-02-03 23:02,150348
AXISBANK,2026-02-24,1150.0,186.0,15625.0,0.0,0.8,277500.0,701875.0,1356.2,1418.3,1345.5,3.408,2026-02-03 23:02,136928
AXISBANK,2026-02-24,1160.0,162.65,9375.0,0.0,1.15,106875.0,11875.0,1356.2,1418.3,1345.5,3.408,2026-02-03 23:02,124073
AXISBANK,2026-02-24,1170.0,153.35,4375.0,0.0,1.4,69375.0,14375.0,1356.2,1418.3,1345.5,3.408,2026-02-03 23:02,111206
AXISBANK,2026-02-24,1180.0,143.95,1875.0,0.0,1.3,430000.0,152500.0,1356.2,1418.3,1345.5,3.408,2026-02-03 23:02,98331
AXISBANK,2026-02-24,1190.0,99.35,625.0,0.0,1.55,85000.0,20625.0,1356.2,1418.3,1345.5,3.408,2026-02-03 23:02,85801
AXISBANK,2026-02-24,1200.0,161.85,117500.0,8125.0,1.45,864375.0,596875.0,1356.2,1418.3,1345.5,3.408,2026-02-03 23:02,73378
AXISBANK,2026-02-24,1210.0,80.8,1250.0,0.0,1.65,57500.0,60000.0,1356.2,1418.3,1345.5,3.408,2026-02-03 23:02,63721
AXISBANK,2026-02-24,1220.0,101.0,39375.0,0.0,2.05,272500.0,382500.0,1356.2,1418.3,1345.5,3.408,2026-02-03 23:02,52346
AXISBANK,2026-02-24,1230.0,135.35,2500.0,1250.0,2.25,540000.0,422500.0,1356.2,1418.3,1345.5,3.408,2026-02-03 23:02,41625
AXISBANK,2026-02-24,1240.0,120.35,71875.0,7500.0,2.5,538125.0,515000.0,1356.2,1418.3,1345.5,3.408,2026-02-03 23:02,31017
AXISBANK,2026-02-24,1250.0,110.35,161875.0,8750.0,2.9,921875.0,1008750.0,1356.2,1418.3,1345.5,3.408,2026-02-03 23:02,21837
AXISBANK,2026-02-24,1260.0,101.55,179375.0,10000.0,3.3,375625.0,583750.0,1356.2,1418.3,1345.5,3.408,2026-02-03 23:02,14529
AXISBANK,2026-02-24,1270.0,57.55,110625.0,0.0,3.75,290000.0,629375.0,1356.2,1418.3,1345.5,3.408,2026-02-03 23:02,7954
AXISBANK,2026-02-24,1280.0,84.5,73750.0,93125.0,4.5,451875.0,757500.0,1356.2,1418.3,1345.5,3.408,2026-02-03 23:02,611
AXISBANK,2026-02-24,1290.0,73.4,86875.0,35000.0,5.4,692500.0,1300625.0,1356.2,1418.3,1345.5,3.408,2026-02-03 23:02,-6314
AXISBANK,2026-02-24,1300.0,64.4,1725625.0,648750.0,6.6,1595000.0,4574375.0,1356.2,1418.3,1345.5,3.408,2026-02-03 23:02,-12616
AXISBANK,2026-02-24,1310.0,55.9,170625.0,387500.0,8.05,481875.0,2139375.0,1356.2,1418.3,1345.5,3.408,2026-02-03 23:02,-5802
AXISBANK,2026-02-24,1320.0,47.45,604375.0,1091875.0,10.0,1340625.0,2800000.0,1356.2,1418.3,1345.5,3.408,2026-02-03 23:02,-7829
AXISBANK,2026-02-24,1330.0,39.7,1203125.0,1504375.0,12.15,638125.0,1945000.0,1356.2,1418.3,1345.5,3.408,2026-02-03 23:02,-6950
AXISBANK,2026-02-24,1340.0,32.75,1223125.0,2010625.0,15.35,520625.0,2367500.0,1356.2,1418.3,1345.5,3.408,2026-02-03 23:02,-1756
AXISBANK,2026-02-24,1350.0,26.6,1413750.0,3797500.0,19.35,755000.0,3841250.0,1356.2,1418.3,1345.5,3.408,2026-02-03 23:02,4387
AXISBANK,2026-02-24,1360.0,21.8,1175625.0,5621875.0,24.0,605625.0,3649375.0,1356.2,1418.3,1345.5,3.408,2026-02-03 23:02,11792
AXISBANK,2026-02-24,1370.0,17.0,2869375.0,6415000.0,28.85,491875.0,1883750.0,1356.2,1418.3,1345.5,3.408,2026-02-03 23:02,19788
AXISBANK,2026-02-24,1380.0,13.25,2778125.0,5691250.0,35.1,383750.0,1242500.0,1356.2,1418.3,1345.5,3.408,2026-02-03 23:02,33495
AXISBANK,2026-02-24,1390.0,10.1,1935000.0,4540625.0,41.55,113125.0,53750.0,1356.2,1418.3,1345.5,3.408,2026-02-03 23:02,49239
AXISBANK,2026-02-24,1400.0,7.9,2808750.0,6831875.0,49.2,358125.0,216875.0,1356.2,1418.3,1345.5,3.408,2026-02-03 23:02,66182
AXISBANK,2026-02-24,1410.0,5.9,930625.0,1798750.0,57.95,4375.0,8750.0,1356.2,1418.3,1345.5,3.408,2026-02-03 23:02,85264
AXISBANK,2026-02-24,1420.0,4.65,751875.0,2130000.0,65.75,18750.0,20625.0,1356.2,1418.3,1345.5,3.408,2026-02-03 23:02,105347
AXISBANK,2026-02-24,1430.0,3.75,237500.0,718750.0,73.25,101250.0,15000.0,1356.2,1418.3,1345.5,3.408,2026-02-03 23:02,125904
AXISBANK,2026-02-24,1440.0,2.9,423125.0,1126250.0,83.75,63750.0,22500.0,1356.2,1418.3,1345.5,3.408,2026-02-03 23:02,145921
AXISBANK,2026-02-24,1450.0,2.4,480625.0,1208750.0,83.9,3125.0,0.0,1356.2,1418.3,1345.5,3.408,2026-02-03 23:02,166666
AXISBANK,2026-02-24,1460.0,2.0,493125.0,553125.0,119.0,1875.0,0.0,1356.2,1418.3,1345.5,3.408,2026-02-03 23:02,188395
AXISBANK,2026-02-24,1470.0,1.7,189375.0,508125.0,0.0,0.0,0.0,1356.2,1418.3,1345.5,3.408,2026-02-03 23:02,210607
AXISBANK,2026-02-24,1480.0,1.4,231250.0,503750.0,118.0,0.0,0.0,1356.2,1418.3,1345.5,3.408,2026-02-03 23:02,232963
AXISBANK,2026-02-24,1490.0,1.1,3125.0,4375.0,0.0,0.0,0.0,1356.2,1418.3,1345.5,3.408,2026-02-03 23:02,255551
AXISBANK,2026-02-24,1500.0,1.1,1013750.0,1419375.0,0.0,0.0,0.0,1356.2,1418.3,1345.5,3.408,2026-02-03 23:02,278110
AXISBANK,2026-02-24,1520.0,0.75,896875.0,1805000.0,0.0,0.0,0.0,1356.2,1418.3,1345.5,3.408,2026-02-03 23:02,325367
AXISBANK,2026-02-24,1540.0,0.55,418125.0,99375.0,0.0,0.0,0.0,1356.2,1418.3,1345.5,3.408,2026-02-03 23:02,374373
AXISBANK,2026-02-24,1560.0,0.55,34375.0,23125.0,0.0,0.0,0.0,1356.2,1418.3,1345.5,3.408,2026-02-03 23:02,424171
AXISBANK,2026-02-24,1580.0,0.0,0.0,0.0,0.0,0.0,0.0,1356.2,1418.3,1345.5,3.408,2026-02-03 23:02,474016
BAJAJ-AUTO,2026-02-24,7600.0,0.0,0.0,0.0,2.7,4200.0,2325.0,9595.5,9941.0,9515.0,1.042,2026-02-03 23:02,92035
BAJAJ-AUTO,2026-02-24,7800.0,1400.0,75.0,0.0,1.5,19125.0,150.0,9595.5,9941.0,9515.0,1.042,2026-02-03 23:02,77031
BAJAJ-AUTO,2026-02-24,8000.0,1530.0,75.0,0.0,5.05,68250.0,8550.0,9595.5,9941.0,9515.0,1.042,2026-02-03 23:02,62420
BAJAJ-AUTO,2026-02-24,8200.0,0.0,0.0,0.0,7.55,26850.0,9750.0,9595.5,9941.0,9515.0,1.042,2026-02-03 23:02,49144
BAJAJ-AUTO,2026-02-24,8300.0,0.0,0.0,0.0,9.5,16125.0,2700.0,9595.5,9941.0,9515.0,1.042,2026-02-03 23:02,42766
BAJAJ-AUTO,2026-02-24,8400.0,0.0,0.0,0.0,11.95,10350.0,11775.0,9595.5,9941.0,9515.0,1.042,2026-02-03 23:02,36554
BAJAJ-AUTO,2026-02-24,8500.0,1162.8,1275.0,150.0,13.65,19800.0,33525.0,9595.5,9941.0,9515.0,1.042,2026-02-03 23:02,30449
BAJAJ-AUTO,2026-02-24,8600.0,1026.95,975.0,750.0,16.35,13125.0,21375.0,9595.5,9941.0,9515.0,1.042,2026-02-03 23:02,24688
BAJAJ-AUTO,2026-02-24,8700.0,970.0,1275.0,75.0,19.9,24150.0,33900.0,9595.5,9941.0,9515.0,1.042,2026-02-03 23:02,19025
BAJAJ-AUTO,2026-02-24,8800.0,800.0,450.0,0.0,25.7,88350.0,68625.0,9595.5,9941.0,9515.0,1.042,2026-02-03 23:02,13614
BAJAJ-AUTO,2026-02-24,8900.0,747.3,225.0,0.0,32.45,31275.0,47400.0,9595.5,9941.0,9515.0,1.042,2026-02-03 23:02,8824
BAJAJ-AUTO,2026-02-24,9000.0,685.0,13200.0,2400.0,40.1,63825.0,146400.0,9595.5,9941.0,9515.0,1.042,2026-02-03 23:02,4455
BAJAJ-AUTO,2026-02-24,9100.0,575.0,1875.0,450.0,52.0,39300.0,66000.0,9595.5,9941.0,9515.0,1.042,2026-02-03 23:02,1590
BAJAJ-AUTO,2026-02-24,9200.0,507.5,10800.0,7800.0,70.3,41550.0,93675.0,9595.5,9941.0,9515.0,1.042,2026-02-03 23:02,-1608
BAJAJ-AUTO,2026-02-24,9300.0,409.5,27675.0,27375.0,90.0,55425.0,149550.0,9595.5,9941.0,9515.0,1.042,2026-02-03 23:02,-3930
BAJAJ-AUTO,2026-02-24,9400.0,342.95,38550.0,45750.0,119.7,36900.0,132225.0,9595.5,9941.0,9515.0,1.042,2026-02-03 23:02,-5043
BAJAJ-AUTO,2026-02-24,9500.0,272.25,72825.0,156975.0,152.0,65475.0,204975.0,9595.5,9941.0,9515.0,1.042,2026-02-03 23:02,-5156
BAJAJ-AUTO,2026-02-24,9600.0,221.75,114825.0,212400.0,195.3,29700.0,147525.0,9595.5,9941.0,9515.0,1.042,2026-02-03 23:02,-3779
BAJAJ-AUTO,2026-02-24,9700.0,172.95,97125.0,360525.0,244.55,25425.0,138375.0,9595.5,9941.0,9515.0,1.042,2026-02-03 23:02,22
BAJAJ-AUTO,2026-02-24,9800.0,130.95,83475.0,296625.0,305.85,31425.0,84975.0,9595.5,9941.0,9515.0,1.042,2026-02-03 23:02,4141
BAJAJ-AUTO,2026-02-24,9900.0,101.45,71025.0,196125.0,376.2,9450.0,14550.0,9595.5,9941.0,9515.0,1.042,2026-02-03 23:02,8482
BAJAJ-AUTO,2026-02-24,10000.0,76.6,147600.0,523050.0,438.2,19875.0,21375.0,9595.5,9941.0,9515.0,1.042,2026-02-03 23:02,13862
BAJAJ-AUTO,2026-02-24,10100.0,55.0,55200.0,117225.0,533.45,375.0,825.0,9595.5,9941.0,9515.0,1.042,2026-02-03 23:02,20811
BAJAJ-AUTO,2026-02-24,10200.0,41.75,38775.0,166725.0,535.05,75.0,300.0,9595.5,9941.0,9515.0,1.042,2026-02-03 23:02,28339
BAJAJ-AUTO,2026-02-24,10300.0,31.45,27225.0,85575.0,0.0,0.0,0.0,9595.5,9941.0,9515.0,1.042,2026-02-03 23:02,36131
BAJAJ-AUTO,2026-02-24,10400.0,24.1,26175.0,65625.0,1180.0,225.0,0.0,9595.5,9941.0,9515.0,1.042,2026-02-03 23:02,44122
BAJAJ-AUTO,2026-02-24,10500.0,18.6,64500.0,160425.0,876.85,9300.0,6900.0,9595.5,9941.0,9515.0,1.042,2026-02-03 23:02,52329
BAJAJ-AUTO,2026-02-24,10600.0,14.2,27000.0,33300.0,1300.0,300.0,0.0,9595.5,9941.0,9515.0,1.042,2026-02-03 23:02,60541
BAJAJ-AUTO,2026-02-24,10700.0,10.95,45075.0,23250.0,0.0,0.0,0.0,9595.5,9941.0,9515.0,1.042,2026-02-03 23:02,69721
BAJAJ-AUTO,2026-02-24,10800.0,8.5,20400.0,42375.0,0.0,0.0,0.0,9595.5,9941.0,9515.0,1.042,2026-02-03 23:02,79402
BAJAJ-AUTO,2026-02-24,11000.0,6.05,136350.0,140550.0,1315.0,4125.0,10275.0,9595.5,9941.0,9515.0,1.042,2026-02-03 23:02,99090
BAJAJ-AUTO,2026-02-24,11200.0,4.7,24225.0,15675.0,0.0,0.0,0.0,9595.5,9941.0,9515.0,1.042,2026-02-03 23:02,121111
BAJAJFINSV,2026-02-24,1600.0,313.0,3750.0,0.0,1.25,0.0,0.0,2012.7,2045.5,1986.3,4.28,2026-02-03 23:02,83572
BAJAJFINSV,2026-02-24,1640.0,0.0,0.0,0.0,1.1,79250.0,59000.0,2012.7,2045.5,1986.3,4.28,2026-02-03 23:02,68303
BAJAJFINSV,2026-02-24,1680.0,232.85,31750.0,0.0,1.5,705000.0,69000.0,2012.7,2045.5,1986.3,4.28,2026-02-03 23:02,53224
BAJAJFINSV,2026-02-24,1700.0,0.0,0.0,0.0,2.7,5250.0,750.0,2012.7,2045.5,1986.3,4.28,2026-02-03 23:02,47796
BAJAJFINSV,2026-02-24,1720.0,216.05,3250.0,0.0,2.35,55750.0,287500.0,2012.7,2045.5,1986.3,4.28,2026-02-03 23:02,41744
BAJAJFINSV,2026-02-24,1740.0,0.0,0.0,0.0,3.7,52250.0,70250.0,2012.7,2045.5,1986.3,4.28,2026-02-03 23:02,35868
BAJAJFINSV,2026-02-24,1760.0,163.25,750.0,0.0,3.65,69000.0,106750.0,2012.7,2045.5,1986.3,4.28,2026-02-03 23:02,30020
BAJAJFINSV,2026-02-24,1780.0,162.75,2250.0,0.0,4.15,23250.0,40750.0,2012.7,2045.5,1986.3,4.28,2026-02-03 23:02,24318
BAJAJFINSV,2026-02-24,1800.0,225.8,12750.0,3250.0,4.9,293500.0,428250.0,2012.7,2045.5,1986.3,4.28,2026-02-03 23:02,18707
BAJAJFINSV,2026-02-24,1820.0,119.15,2750.0,0.0,6.35,349000.0,120000.0,2012.7,2045.5,1986.3,4.28,2026-02-03 23:02,13826
BAJAJFINSV,2026-02-24,1840.0,94.8,6250.0,0.0,7.3,354500.0,448250.0,2012.7,2045.5,1986.3,4.28,2026-02-03 23:02,9315
BAJAJFINSV,2026-02-24,1860.0,175.0,3750.0,2500.0,9.2,108000.0,217000.0,2012.7,2045.5,1986.3,4.28,2026-02-03 23:02,5515
BAJAJFINSV,2026-02-24,1880.0,150.8,10750.0,15000.0,11.7,52250.0,111500.0,2012.7,2045.5,1986.3,4.28,2026-02-03 23:02,2104
BAJAJFINSV,2026-02-24,1900.0,135.15,76500.0,68250.0,14.7,263000.0,651500.0,2012.7,2045.5,1986.3,4.28,2026-02-03 23:02,-1045
BAJAJFINSV,2026-02-24,1920.0,116.95,63750.0,94500.0,18.35,102000.0,208500.0,2012.7,2045.5,1986.3,4.28,2026-02-03 23:02,-2970
BAJAJFINSV,2026-02-24,1940.0,102.3,255500.0,299250.0,22.15,223750.0,557750.0,2012.7,2045.5,1986.3,4.28,2026-02-03 23:02,-4652
BAJAJFINSV,2026-02-24,1960.0,87.9,281000.0,224250.0,30.0,166250.0,427750.0,2012.7,2045.5,1986.3,4.28,2026-02-03 23:02,-3816
BAJAJFINSV,2026-02-24,1980.0,73.5,407750.0,302000.0,34.65,136500.0,319750.0,2012.7,2045.5,1986.3,4.28,2026-02-03 23:02,-2232
BAJAJFINSV,2026-02-24,2000.0,63.05,578000.0,1216750.0,42.35,250750.0,871500.0,2012.7,2045.5,1986.3,4.28,2026-02-03 23:02,992
BAJAJFINSV,2026-02-24,2020.0,53.25,210500.0,775750.0,52.9,162500.0,589750.0,2012.7,2045.5,1986.3,4.28,2026-02-03 23:02,5933
BAJAJFINSV,2026-02-24,2040.0,43.15,182500.0,806000.0,63.5,112000.0,169500.0,2012.7,2045.5,1986.3,4.28,2026-02-03 23:02,9299
BAJAJFINSV,2026-02-24,2060.0,34.5,190250.0,576250.0,75.15,38500.0,82000.0,2012.7,2045.5,1986.3,4.28,2026-02-03 23:02,13068
BAJAJFINSV,2026-02-24,2080.0,28.35,83500.0,396500.0,88.75,11750.0,22500.0,2012.7,2045.5,1986.3,4.28,2026-02-03 23:02,17586
BAJAJFINSV,2026-02-24,2100.0,23.25,607750.0,2561750.0,102.05,96750.0,57000.0,2012.7,2045.5,1986.3,4.28,2026-02-03 23:02,22060
BAJAJFINSV,2026-02-24,2120.0,18.15,88250.0,284500.0,79.2,250.0,0.0,2012.7,2045.5,1986.3,4.28,2026-02-03 23:02,28237
BAJAJFINSV,2026-02-24,2140.0,14.5,87000.0,204500.0,162.3,6750.0,0.0,2012.7,2045.5,1986.3,4.28,2026-02-03 23:02,34322
BAJAJFINSV,2026-02-24,2160.0,11.1,123000.0,243750.0,157.3,1250.0,0.0,2012.7,2045.5,1986.3,4.28,2026-02-03 23:02,40454
BAJAJFINSV,2026-02-24,2180.0,8.55,42000.0,182250.0,234.2,250.0,0.0,2012.7,2045.5,1986.3,4.28,2026-02-03 23:02,46934
BAJAJFINSV,2026-02-24,2200.0,6.85,338000.0,856500.0,177.95,50000.0,2750.0,2012.7,2045.5,1986.3,4.28,2026-02-03 23:02,53412
BAJAJFINSV,2026-02-24,2220.0,5.05,192250.0,100250.0,268.55,250.0,0.0,2012.7,2045.5,1986.3,4.28,2026-02-03 23:02,59978
BAJAJFINSV,2026-02-24,2240.0,3.65,291000.0,400750.0,216.2,10500.0,1750.0,2012.7,2045.5,1986.3,4.28,2026-02-03 23:02,67677
BAJAJFINSV,2026-02-24,2280.0,2.05,63250.0,63000.0,257.0,12500.0,250.0,2012.7,2045.5,1986.3,4.28,2026-02-03 23:02,83981
BAJAJFINSV,2026-02-24,2320.0,0.9,13500.0,4250.0,0.0,0.0,0.0,2012.7,2045.5,1986.3,4.28,2026-02-03 23:02,100399
BAJAJFINSV,2026-02-24,2360.0,0.0,0.0,0.0,399.0,1250.0,0.0,2012.7,2045.5,1986.3,4.28,2026-02-03 23:02,117182
BAJAJFINSV,2026-02-24,2400.0,0.0,0.0,0.0,370.0,56750.0,6250.0,2012.7,2045.5,1986.3,4.28,2026-02-03 23:02,133918
BAJAJHLDNG,2026-02-24,9000.0,0.0,0.0,0.0,11.15,1950.0,2000.0,10915.0,11035.0,10800.0,2.383,2026-02-03 23:02,3996
BAJAJHLDNG,2026-02-24,9200.0,0.0,0.0,0.0,30.0,100.0,0.0,10915.0,11035.0,10800.0,2.383,2026-02-03 23:02,3180
BAJAJHLDNG,2026-02-24,9400.0,0.0,0.0,0.0,83.1,100.0,0.0,10915.0,11035.0,10800.0,2.383,2026-02-03 23:02,2368
BAJAJHLDNG,2026-02-24,9500.0,0.0,0.0,0.0,0.0,0.0,0.0,10915.0,11035.0,10800.0,2.383,2026-02-03 23:02,1962
BAJAJHLDNG,2026-02-24,9600.0,0.0,0.0,0.0,0.0,0.0,0.0,10915.0,11035.0,10800.0,2.383,2026-02-03 23:02,1557
BAJAJHLDNG,2026-02-24,9700.0,0.0,0.0,0.0,0.0,0.0,0.0,10915.0,11035.0,10800.0,2.383,2026-02-03 23:02,1152
BAJAJHLDNG,2026-02-24,9800.0,968.6,50.0,0.0,75.0,300.0,0.0,10915.0,11035.0,10800.0,2.383,2026-02-03 23:02,747
BAJAJHLDNG,2026-02-24,9900.0,0.0,0.0,0.0,0.0,0.0,0.0,10915.0,11035.0,10800.0,2.383,2026-02-03 23:02,348
BAJAJHLDNG,2026-02-24,10000.0,720.95,150.0,0.0,76.0,7600.0,5550.0,10915.0,11035.0,10800.0,2.383,2026-02-03 23:02,-52
BAJAJHLDNG,2026-02-24,10100.0,712.85,50.0,0.0,95.65,1300.0,100.0,10915.0,11035.0,10800.0,2.383,2026-02-03 23:02,-423
BAJAJHLDNG,2026-02-24,10200.0,642.7,50.0,0.0,113.7,1650.0,200.0,10915.0,11035.0,10800.0,2.383,2026-02-03 23:02,-743
BAJAJHLDNG,2026-02-24,10300.0,577.6,50.0,0.0,132.25,700.0,1050.0,10915.0,11035.0,10800.0,2.383,2026-02-03 23:02,-1052
BAJAJHLDNG,2026-02-24,10400.0,0.0,0.0,0.0,140.0,650.0,100.0,10915.0,11035.0,10800.0,2.383,2026-02-03 23:02,-1344
BAJAJHLDNG,2026-02-24,10500.0,631.65,6850.0,1500.0,172.0,12200.0,16650.0,10915.0,11035.0,10800.0,2.383,2026-02-03 23:02,-1633
BAJAJHLDNG,2026-02-24,10600.0,562.2,1250.0,1000.0,212.35,50.0,150.0,10915.0,11035.0,10800.0,2.383,2026-02-03 23:02,-1499
BAJAJHLDNG,2026-02-24,10700.0,305.0,1450.0,0.0,204.0,1650.0,100.0,10915.0,11035.0,10800.0,2.383,2026-02-03 23:02,-1506
BAJAJHLDNG,2026-02-24,10800.0,441.95,1200.0,850.0,226.75,350.0,550.0,10915.0,11035.0,10800.0,2.383,2026-02-03 23:02,-1540
BAJAJHLDNG,2026-02-24,10900.0,382.0,1850.0,2100.0,305.0,6900.0,6400.0,10915.0,11035.0,10800.0,2.383,2026-02-03 23:02,-1524
BAJAJHLDNG,2026-02-24,11000.0,324.0,37050.0,43150.0,365.0,6100.0,10800.0,10915.0,11035.0,10800.0,2.383,2026-02-03 23:02,-1606
BAJAJHLDNG,2026-02-24,11100.0,297.6,150.0,750.0,0.0,0.0,0.0,10915.0,11035.0,10800.0,2.383,2026-02-03 23:02,-139
BAJAJHLDNG,2026-02-24,11200.0,120.15,800.0,0.0,657.6,150.0,0.0,10915.0,11035.0,10800.0,2.383,2026-02-03 23:02,355
BAJAJHLDNG,2026-02-24,11300.0,225.0,1650.0,1250.0,840.0,450.0,0.0,10915.0,11035.0,10800.0,2.383,2026-02-03 23:02,856
BAJAJHLDNG,2026-02-24,11400.0,221.1,650.0,0.0,0.0,0.0,0.0,10915.0,11035.0,10800.0,2.383,2026-02-03 23:02,1377
BAJAJHLDNG,2026-02-24,11500.0,168.0,9150.0,11550.0,976.2,350.0,0.0,10915.0,11035.0,10800.0,2.383,2026-02-03 23:02,1919
BAJAJHLDNG,2026-02-24,11600.0,0.0,0.0,0.0,0.0,0.0,0.0,10915.0,11035.0,10800.0,2.383,2026-02-03 23:02,2661
BAJAJHLDNG,2026-02-24,11700.0,131.75,1000.0,600.0,0.0,0.0,0.0,10915.0,11035.0,10800.0,2.383,2026-02-03 23:02,3284
BAJAJHLDNG,2026-02-24,11800.0,0.0,0.0,0.0,0.0,0.0,0.0,10915.0,11035.0,10800.0,2.383,2026-02-03 23:02,3931
BAJAJHLDNG,2026-02-24,11900.0,61.0,50.0,0.0,0.0,0.0,0.0,10915.0,11035.0,10800.0,2.383,2026-02-03 23:02,4564
BAJAJHLDNG,2026-02-24,12000.0,95.55,15000.0,29400.0,1095.0,100.0,150.0,10915.0,11035.0,10800.0,2.383,2026-02-03 23:02,5197
BAJAJHLDNG,2026-02-24,12200.0,0.0,0.0,0.0,0.0,0.0,0.0,10915.0,11035.0,10800.0,2.383,2026-02-03 23:02,6899
BAJAJHLDNG,2026-02-24,12400.0,28.8,3450.0,0.0,0.0,0.0,0.0,10915.0,11035.0,10800.0,2.383,2026-02-03 23:02,8468
BAJFINANCE,2026-02-24,420.0,0.0,0.0,0.0,0.0,0.0,0.0,964.4,972.8,941.9,6.717,2026-02-03 23:02,913449
BAJFINANCE,2026-02-24,440.0,0.0,0.0,0.0,0.0,0.0,0.0,964.4,972.8,941.9,6.717,2026-02-03 23:02,875065
BAJFINANCE,2026-02-24,460.0,0.0,0.0,0.0,0.0,0.0,0.0,964.4,972.8,941.9,6.717,2026-02-03 23:02,836682
BAJFINANCE,2026-02-24,480.0,0.0,0.0,0.0,0.0,0.0,0.0,964.4,972.8,941.9,6.717,2026-02-03 23:02,798298
BAJFINANCE,2026-02-24,500.0,0.0,0.0,0.0,0.0,0.0,0.0,964.4,972.8,941.9,6.717,2026-02-03 23:02,759915
BAJFINANCE,2026-02-24,520.0,0.0,0.0,0.0,0.0,0.0,0.0,964.4,972.8,941.9,6.717,2026-02-03 23:02,721531
BAJFINANCE,2026-02-24,540.0,0.0,0.0,0.0,0.0,0.0,0.0,964.4,972.8,941.9,6.717,2026-02-03 23:02,683148
BAJFINANCE,2026-02-24,560.0,0.0,0.0,0.0,0.0,0.0,0.0,964.4,972.8,941.9,6.717,2026-02-03 23:02,644764
BAJFINANCE,2026-02-24,580.0,0.0,0.0,0.0,0.0,0.0,0.0,964.4,972.8,941.9,6.717,2026-02-03 23:02,606381
BAJFINANCE,2026-02-24,600.0,0.0,0.0,0.0,0.0,0.0,0.0,964.4,972.8,941.9,6.717,2026-02-03 23:02,567997
BAJFINANCE,2026-02-24,610.0,0.0,0.0,0.0,0.0,0.0,0.0,964.4,972.8,941.9,6.717,2026-02-03 23:02,548806
BAJFINANCE,2026-02-24,620.0,0.0,0.0,0.0,0.0,0.0,0.0,964.4,972.8,941.9,6.717,2026-02-03 23:02,529614
BAJFINANCE,2026-02-24,630.0,0.0,0.0,0.0,0.0,0.0,0.0,964.4,972.8,941.9,6.717,2026-02-03 23:02,510422
BAJFINANCE,2026-02-24,640.0,0.0,0.0,0.0,0.0,0.0,0.0,964.4,972.8,941.9,6.717,2026-02-03 23:02,491230
BAJFINANCE,2026-02-24,650.0,0.0,0.0,0.0,0.0,0.0,0.0,964.4,972.8,941.9,6.717,2026-02-03 23:02,472039
BAJFINANCE,2026-02-24,660.0,0.0,0.0,0.0,0.0,0.0,0.0,964.4,972.8,941.9,6.717,2026-02-03 23:02,452847
BAJFINANCE,2026-02-24,670.0,0.0,0.0,0.0,0.0,0.0,0.0,964.4,972.8,941.9,6.717,2026-02-03 23:02,433655
BAJFINANCE,2026-02-24,680.0,0.0,0.0,0.0,0.0,0.0,0.0,964.4,972.8,941.9,6.717,2026-02-03 23:02,414463
BAJFINANCE,2026-02-24,690.0,0.0,0.0,0.0,0.0,0.0,0.0,964.4,972.8,941.9,6.717,2026-02-03 23:02,395272
BAJFINANCE,2026-02-24,700.0,0.0,0.0,0.0,0.0,0.0,0.0,964.4,972.8,941.9,6.717,2026-02-03 23:02,376080
BAJFINANCE,2026-02-24,710.0,0.0,0.0,0.0,0.0,0.0,0.0,964.4,972.8,941.9,6.717,2026-02-03 23:02,356888
BAJFINANCE,2026-02-24,720.0,0.0,0.0,0.0,0.0,0.0,0.0,964.4,972.8,941.9,6.717,2026-02-03 23:02,337696
BAJFINANCE,2026-02-24,730.0,0.0,0.0,0.0,0.0,0.0,0.0,964.4,972.8,941.9,6.717,2026-02-03 23:02,318505
BAJFINANCE,2026-02-24,740.0,0.0,0.0,0.0,0.0,0.0,0.0,964.4,972.8,941.9,6.717,2026-02-03 23:02,299313
BAJFINANCE,2026-02-24,750.0,0.0,0.0,0.0,0.0,0.0,0.0,964.4,972.8,941.9,6.717,2026-02-03 23:02,280121
BAJFINANCE,2026-02-24,760.0,0.0,0.0,0.0,0.75,928500.0,2959500.0,964.4,972.8,941.9,6.717,2026-02-03 23:02,260929
BAJFINANCE,2026-02-24,770.0,0.0,0.0,0.0,0.0,0.0,0.0,964.4,972.8,941.9,6.717,2026-02-03 23:02,242596
BAJFINANCE,2026-02-24,780.0,0.0,0.0,0.0,1.05,553500.0,1428750.0,964.4,972.8,941.9,6.717,2026-02-03 23:02,224333
BAJFINANCE,2026-02-24,790.0,0.0,0.0,0.0,0.0,0.0,0.0,964.4,972.8,941.9,6.717,2026-02-03 23:02,206565
BAJFINANCE,2026-02-24,800.0,157.05,33750.0,3750.0,1.65,486750.0,1095000.0,964.4,972.8,941.9,6.717,2026-02-03 23:02,188855
BAJFINANCE,2026-02-24,810.0,0.0,0.0,0.0,2.0,64500.0,241500.0,964.4,972.8,941.9,6.717,2026-02-03 23:02,172116
BAJFINANCE,2026-02-24,820.0,114.85,750.0,0.0,2.4,339750.0,714750.0,964.4,972.8,941.9,6.717,2026-02-03 23:02,154978
BAJFINANCE,2026-02-24,830.0,0.0,0.0,0.0,2.75,221250.0,608250.0,964.4,972.8,941.9,6.717,2026-02-03 23:02,138121
BAJFINANCE,2026-02-24,840.0,128.95,56250.0,7500.0,3.45,191250.0,514500.0,964.4,972.8,941.9,6.717,2026-02-03 23:02,121497
BAJFINANCE,2026-02-24,850.0,116.95,213750.0,29250.0,4.2,674250.0,1549500.0,964.4,972.8,941.9,6.717,2026-02-03 23:02,105841
BAJFINANCE,2026-02-24,860.0,94.2,27000.0,3000.0,5.05,699000.0,1390500.0,964.4,972.8,941.9,6.717,2026-02-03 23:02,92630
BAJFINANCE,2026-02-24,870.0,86.35,60000.0,2250.0,6.05,667500.0,1001250.0,964.4,972.8,941.9,6.717,2026-02-03 23:02,77830
BAJFINANCE,2026-02-24,880.0,94.4,147750.0,120000.0,7.05,498000.0,1199250.0,964.4,972.8,941.9,6.717,2026-02-03 23:02,63970
BAJFINANCE,2026-02-24,890.0,83.7,241500.0,184500.0,8.4,711750.0,1125750.0,964.4,972.8,941.9,6.717,2026-02-03 23:02,51686
BAJFINANCE,2026-02-24,900.0,76.7,551250.0,959250.0,10.25,2379750.0,6805500.0,964.4,972.8,941.9,6.717,2026-02-03 23:02,40734
BAJFINANCE,2026-02-24,910.0,68.0,290250.0,585000.0,12.1,589500.0,1944750.0,964.4,972.8,941.9,6.717,2026-02-03 23:02,33079
BAJFINANCE,2026-02-24,920.0,60.05,411000.0,899250.0,14.4,1278000.0,2676000.0,964.4,972.8,941.9,6.717,2026-02-03 23:02,25775
BAJFINANCE,2026-02-24,930.0,52.0,513750.0,1604250.0,17.2,1014000.0,4296000.0,964.4,972.8,941.9,6.717,2026-02-03 23:02,19528
BAJFINANCE,2026-02-24,940.0,45.7,836250.0,2845500.0,20.2,1326750.0,3559500.0,964.4,972.8,941.9,6.717,2026-02-03 23:02,15108
BAJFINANCE,2026-02-24,950.0,39.35,1782000.0,6534750.0,23.6,1605000.0,5746500.0,964.4,972.8,941.9,6.717,2026-02-03 23:02,13065
BAJFINANCE,2026-02-24,960.0,33.05,1014000.0,6114000.0,27.45,775500.0,4026750.0,964.4,972.8,941.9,6.717,2026-02-03 23:02,16492
BAJFINANCE,2026-02-24,970.0,28.1,721500.0,5138250.0,32.5,786000.0,2665500.0,964.4,972.8,941.9,6.717,2026-02-03 23:02,19706
BAJFINANCE,2026-02-24,980.0,23.45,1094250.0,5282250.0,37.7,702000.0,1791750.0,964.4,972.8,941.9,6.717,2026-02-03 23:02,22679
BAJFINANCE,2026-02-24,990.0,18.85,470250.0,3573000.0,42.85,156750.0,348750.0,964.4,972.8,941.9,6.717,2026-02-03 23:02,27894
BAJFINANCE,2026-02-24,1000.0,15.45,2150250.0,9756750.0,49.1,801750.0,729000.0,964.4,972.8,941.9,6.717,2026-02-03 23:02,34031
BAJFINANCE,2026-02-24,1010.0,12.5,301500.0,1675500.0,54.7,65250.0,196500.0,964.4,972.8,941.9,6.717,2026-02-03 23:02,42292
BAJFINANCE,2026-02-24,1020.0,9.85,591750.0,2462250.0,62.6,155250.0,66000.0,964.4,972.8,941.9,6.717,2026-02-03 23:02,51553
BAJFINANCE,2026-02-24,1030.0,7.7,647250.0,1869750.0,94.55,53250.0,0.0,964.4,972.8,941.9,6.717,2026-02-03 23:02,61153
BAJFINANCE,2026-02-24,1040.0,6.0,345000.0,1505250.0,79.0,57750.0,33000.0,964.4,972.8,941.9,6.717,2026-02-03 23:02,71837
BAJFINANCE,2026-02-24,1050.0,4.8,830250.0,2296500.0,88.4,260250.0,60000.0,964.4,972.8,941.9,6.717,2026-02-03 23:02,82679
BAJFINANCE,2026-02-24,1060.0,3.7,248250.0,647250.0,110.0,45750.0,3000.0,964.4,972.8,941.9,6.717,2026-02-03 23:02,92959
BAJFINANCE,2026-02-24,1070.0,2.9,174750.0,461250.0,103.85,276000.0,3000.0,964.4,972.8,941.9,6.717,2026-02-03 23:02,105024
BAJFINANCE,2026-02-24,1080.0,2.05,439500.0,835500.0,76.5,750.0,0.0,964.4,972.8,941.9,6.717,2026-02-03 23:02,115135
BAJFINANCE,2026-02-24,1090.0,1.75,350250.0,1229250.0,192.0,750.0,0.0,964.4,972.8,941.9,6.717,2026-02-03 23:02,128587
BAJFINANCE,2026-02-24,1100.0,1.5,1222500.0,3879000.0,135.3,347250.0,22500.0,964.4,972.8,941.9,6.717,2026-02-03 23:02,142352
BAJFINANCE,2026-02-24,1110.0,0.0,0.0,0.0,0.0,0.0,0.0,964.4,972.8,941.9,6.717,2026-02-03 23:02,153125
BAJFINANCE,2026-02-24,1120.0,0.9,383250.0,390750.0,157.0,9750.0,3750.0,964.4,972.8,941.9,6.717,2026-02-03 23:02,168413
BAJFINANCE,2026-02-24,1130.0,0.0,0.0,0.0,0.0,0.0,0.0,964.4,972.8,941.9,6.717,2026-02-03 23:02,183976
BAJFINANCE,2026-02-24,1140.0,0.7,61500.0,72750.0,215.0,3000.0,0.0,964.4,972.8,941.9,6.717,2026-02-03 23:02,199657
BAJFINANCE,2026-02-24,1150.0,0.0,0.0,0.0,0.0,0.0,0.0,964.4,972.8,941.9,6.717,2026-02-03 23:02,215342
BAJFINANCE,2026-02-24,1160.0,0.55,89250.0,46500.0,191.0,465750.0,131250.0,964.4,972.8,941.9,6.717,2026-02-03 23:02,231088
BAJFINANCE,2026-02-24,1170.0,0.0,0.0,0.0,0.0,0.0,0.0,964.4,972.8,941.9,6.717,2026-02-03 23:02,238497
BAJFINANCE,2026-02-24,1180.0,0.0,0.0,0.0,0.0,0.0,0.0,964.4,972.8,941.9,6.717,2026-02-03 23:02,254798
BAJFINANCE,2026-02-24,1190.0,0.0,0.0,0.0,0.0,0.0,0.0,964.4,972.8,941.9,6.717,2026-02-03 23:02,271098
BAJFINANCE,2026-02-24,1200.0,0.45,117750.0,30000.0,207.1,0.0,0.0,964.4,972.8,941.9,6.717,2026-02-03 23:02,287399
BAJFINANCE,2026-02-24,1210.0,0.0,0.0,0.0,0.0,0.0,0.0,964.4,972.8,941.9,6.717,2026-02-03 23:02,303822
BAJFINANCE,2026-02-24,1220.0,0.0,0.0,0.0,0.0,0.0,0.0,964.4,972.8,941.9,6.717,2026-02-03 23:02,320240
BAJFINANCE,2026-02-24,1230.0,0.0,0.0,0.0,0.0,0.0,0.0,964.4,972.8,941.9,6.717,2026-02-03 23:02,336659
BAJFINANCE,2026-02-24,1240.0,0.0,0.0,0.0,0.0,0.0,0.0,964.4,972.8,941.9,6.717,2026-02-03 23:02,353077
BAJFINANCE,2026-02-24,1260.0,0.0,0.0,0.0,0.0,0.0,0.0,964.4,972.8,941.9,6.717,2026-02-03 23:02,385913
BAJFINANCE,2026-02-24,1280.0,0.0,0.0,0.0,0.0,0.0,0.0,964.4,972.8,941.9,6.717,2026-02-03 23:02,418750
BAJFINANCE,2026-02-24,1300.0,0.05,0.0,0.0,22.5,0.0,0.0,964.4,972.8,941.9,6.717,2026-02-03 23:02,451586
BAJFINANCE,2026-02-24,1320.0,0.0,0.0,0.0,0.0,0.0,0.0,964.4,972.8,941.9,6.717,2026-02-03 23:02,484423
BAJFINANCE,2026-02-24,1340.0,0.0,0.0,0.0,0.0,0.0,0.0,964.4,972.8,941.9,6.717,2026-02-03 23:02,517259
BAJFINANCE,2026-02-24,1360.0,0.0,0.0,0.0,0.0,0.0,0.0,964.4,972.8,941.9,6.717,2026-02-03 23:02,550096
BAJFINANCE,2026-02-24,1380.0,0.0,0.0,0.0,0.0,0.0,0.0,964.4,972.8,941.9,6.717,2026-02-03 23:02,582932
BAJFINANCE,2026-02-24,1400.0,0.0,0.0,0.0,0.0,0.0,0.0,964.4,972.8,941.9,6.717,2026-02-03 23:02,615769
BAJFINANCE,2026-02-24,1420.0,0.0,0.0,0.0,0.0,0.0,0.0,964.4,972.8,941.9,6.717,2026-02-03 23:02,648605
BANDHANBNK,2026-02-24,115.0,0.0,0.0,0.0,0.32,7200.0,0.0,155.0,155.5,151.21,4.335,2026-02-03 23:02,52967
BANDHANBNK,2026-02-24,120.0,0.0,0.0,0.0,0.2,237600.0,39600.0,155.0,155.5,151.21,4.335,2026-02-03 23:02,43575
BANDHANBNK,2026-02-24,125.0,0.0,0.0,0.0,0.2,129600.0,10800.0,155.0,155.5,151.21,4.335,2026-02-03 23:02,34296
BANDHANBNK,2026-02-24,130.0,25.78,136800.0,32400.0,0.3,1861200.0,201600.0,155.0,155.5,151.21,4.335,2026-02-03 23:02,25085
BANDHANBNK,2026-02-24,132.5,0.0,0.0,0.0,0.67,129600.0,0.0,155.0,155.5,151.21,4.335,2026-02-03 23:02,21277
BANDHANBNK,2026-02-24,135.0,14.84,32400.0,0.0,0.48,867600.0,838800.0,155.0,155.5,151.21,4.335,2026-02-03 23:02,17196
BANDHANBNK,2026-02-24,137.5,13.01,50400.0,0.0,0.61,100800.0,270000.0,155.0,155.5,151.21,4.335,2026-02-03 23:02,13355
BANDHANBNK,2026-02-24,140.0,16.5,504000.0,93600.0,0.8,2534400.0,2595600.0,155.0,155.5,151.21,4.335,2026-02-03 23:02,9604
BANDHANBNK,2026-02-24,142.5,9.17,50400.0,0.0,1.07,327600.0,464400.0,155.0,155.5,151.21,4.335,2026-02-03 23:02,7183
BANDHANBNK,2026-02-24,145.0,12.1,687600.0,266400.0,1.4,1022400.0,1569600.0,155.0,155.5,151.21,4.335,2026-02-03 23:02,4239
BANDHANBNK,2026-02-24,147.5,10.05,604800.0,277200.0,1.84,694800.0,482400.0,155.0,155.5,151.21,4.335,2026-02-03 23:02,2400
BANDHANBNK,2026-02-24,150.0,8.26,3085200.0,3322800.0,2.48,3830400.0,2242800.0,155.0,155.5,151.21,4.335,2026-02-03 23:02,676
BANDHANBNK,2026-02-24,152.5,6.57,1296000.0,1069200.0,3.32,1152000.0,766800.0,155.0,155.5,151.21,4.335,2026-02-03 23:02,1800
BANDHANBNK,2026-02-24,155.0,5.15,3340800.0,6159600.0,4.43,2790000.0,1036800.0,155.0,155.5,151.21,4.335,2026-02-03 23:02,2407
BANDHANBNK,2026-02-24,157.5,4.05,601200.0,525600.0,6.37,198000.0,3600.0,155.0,155.5,151.21,4.335,2026-02-03 23:02,4562
BANDHANBNK,2026-02-24,160.0,3.15,4086000.0,5130000.0,7.39,817200.0,187200.0,155.0,155.5,151.21,4.335,2026-02-03 23:02,6550
BANDHANBNK,2026-02-24,162.5,2.44,306000.0,180000.0,9.05,72000.0,21600.0,155.0,155.5,151.21,4.335,2026-02-03 23:02,10329
BANDHANBNK,2026-02-24,165.0,1.89,1252800.0,1731600.0,11.11,234000.0,39600.0,155.0,155.5,151.21,4.335,2026-02-03 23:02,13529
BANDHANBNK,2026-02-24,167.5,1.46,496800.0,583200.0,15.01,0.0,3600.0,155.0,155.5,151.21,4.335,2026-02-03 23:02,17068
BANDHANBNK,2026-02-24,170.0,1.14,2394000.0,3445200.0,15.0,626400.0,140400.0,155.0,155.5,151.21,4.335,2026-02-03 23:02,20827
BANDHANBNK,2026-02-24,175.0,0.7,702000.0,752400.0,19.99,1101600.0,93600.0,155.0,155.5,151.21,4.335,2026-02-03 23:02,29043
BANDHANBNK,2026-02-24,180.0,0.45,640800.0,439200.0,24.58,57600.0,75600.0,155.0,155.5,151.21,4.335,2026-02-03 23:02,36675
BANKBARODA,2026-02-24,235.0,51.0,5850.0,5850.0,0.4,84825.0,140400.0,285.4,295.0,281.9,2.81,2026-02-03 23:02,140669
BANKBARODA,2026-02-24,240.0,0.0,0.0,0.0,0.35,453375.0,193050.0,285.4,295.0,281.9,2.81,2026-02-03 23:02,124725
BANKBARODA,2026-02-24,242.5,0.0,0.0,0.0,0.0,0.0,0.0,285.4,295.0,281.9,2.81,2026-02-03 23:02,116837
BANKBARODA,2026-02-24,245.0,0.0,0.0,0.0,0.0,0.0,0.0,285.4,295.0,281.9,2.81,2026-02-03 23:02,108966
BANKBARODA,2026-02-24,247.5,0.0,0.0,0.0,0.6,20475.0,17550.0,285.4,295.0,281.9,2.81,2026-02-03 23:02,101094
BANKBARODA,2026-02-24,250.0,35.95,172575.0,8775.0,0.6,2018250.0,1167075.0,285.4,295.0,281.9,2.81,2026-02-03 23:02,93226
BANKBARODA,2026-02-24,252.5,0.0,0.0,0.0,0.75,61425.0,76050.0,285.4,295.0,281.9,2.81,2026-02-03 23:02,86406
BANKBARODA,2026-02-24,255.0,46.5,8775.0,0.0,0.8,286650.0,593775.0,285.4,295.0,281.9,2.81,2026-02-03 23:02,79098
BANKBARODA,2026-02-24,257.5,0.0,0.0,0.0,0.0,0.0,0.0,285.4,295.0,281.9,2.81,2026-02-03 23:02,71886
BANKBARODA,2026-02-24,260.0,26.7,219375.0,362700.0,1.1,924300.0,1547325.0,285.4,295.0,281.9,2.81,2026-02-03 23:02,64656
BANKBARODA,2026-02-24,262.5,15.65,29250.0,0.0,1.25,117000.0,125775.0,285.4,295.0,281.9,2.81,2026-02-03 23:02,58196
BANKBARODA,2026-02-24,265.0,22.8,137475.0,32175.0,1.6,883350.0,1462500.0,285.4,295.0,281.9,2.81,2026-02-03 23:02,51320
BANKBARODA,2026-02-24,267.5,20.7,29250.0,76050.0,1.9,365625.0,494325.0,285.4,295.0,281.9,2.81,2026-02-03 23:02,44839
BANKBARODA,2026-02-24,270.0,17.9,1433250.0,725400.0,2.25,1980225.0,3577275.0,285.4,295.0,281.9,2.81,2026-02-03 23:02,38277
BANKBARODA,2026-02-24,272.5,15.95,318825.0,169650.0,2.75,348075.0,523575.0,285.4,295.0,281.9,2.81,2026-02-03 23:02,34697
BANKBARODA,2026-02-24,275.0,14.0,485550.0,1134900.0,3.35,3006900.0,3741075.0,285.4,295.0,281.9,2.81,2026-02-03 23:02,29576
BANKBARODA,2026-02-24,277.5,12.3,353925.0,362700.0,4.15,655200.0,912600.0,285.4,295.0,281.9,2.81,2026-02-03 23:02,24589
BANKBARODA,2026-02-24,280.0,10.65,1918800.0,4574700.0,4.85,2685150.0,4042350.0,285.4,295.0,281.9,2.81,2026-02-03 23:02,20344
BANKBARODA,2026-02-24,282.5,9.1,403650.0,938925.0,6.05,798525.0,1816425.0,285.4,295.0,281.9,2.81,2026-02-03 23:02,17828
BANKBARODA,2026-02-24,285.0,7.75,1453725.0,7631325.0,7.1,1477125.0,4548375.0,285.4,295.0,281.9,2.81,2026-02-03 23:02,14756
BANKBARODA,2026-02-24,287.5,6.6,687375.0,1702350.0,8.55,1093950.0,1714050.0,285.4,295.0,281.9,2.81,2026-02-03 23:02,12610
BANKBARODA,2026-02-24,290.0,5.7,3939975.0,13832325.0,9.85,4001400.0,1860300.0,285.4,295.0,281.9,2.81,2026-02-03 23:02,10350
BANKBARODA,2026-02-24,292.5,4.85,561600.0,1371825.0,11.6,529425.0,406575.0,285.4,295.0,281.9,2.81,2026-02-03 23:02,8861
BANKBARODA,2026-02-24,295.0,4.1,1828125.0,4609800.0,13.4,1099800.0,465075.0,285.4,295.0,281.9,2.81,2026-02-03 23:02,8999
BANKBARODA,2026-02-24,297.5,3.5,731250.0,1725750.0,15.2,728325.0,216450.0,285.4,295.0,281.9,2.81,2026-02-03 23:02,9487
BANKBARODA,2026-02-24,300.0,3.0,6619275.0,13425750.0,17.25,3474900.0,1055925.0,285.4,295.0,281.9,2.81,2026-02-03 23:02,10212
BANKBARODA,2026-02-24,302.5,2.5,1295775.0,851175.0,19.2,362700.0,35100.0,285.4,295.0,281.9,2.81,2026-02-03 23:02,10304
BANKBARODA,2026-02-24,305.0,2.2,2261025.0,2658825.0,21.45,1208025.0,29250.0,285.4,295.0,281.9,2.81,2026-02-03 23:02,14446
BANKBARODA,2026-02-24,307.5,1.9,836550.0,459225.0,28.6,231075.0,0.0,285.4,295.0,281.9,2.81,2026-02-03 23:02,17735
BANKBARODA,2026-02-24,310.0,1.6,7195500.0,6180525.0,25.8,1225575.0,412425.0,285.4,295.0,281.9,2.81,2026-02-03 23:02,22882
BANKBARODA,2026-02-24,312.5,1.4,450450.0,321750.0,38.55,105300.0,0.0,285.4,295.0,281.9,2.81,2026-02-03 23:02,28625
BANKBARODA,2026-02-24,315.0,1.25,2667600.0,1459575.0,31.9,412425.0,23400.0,285.4,295.0,281.9,2.81,2026-02-03 23:02,36175
BANKBARODA,2026-02-24,317.5,1.1,301275.0,137475.0,20.1,17550.0,0.0,285.4,295.0,281.9,2.81,2026-02-03 23:02,43856
BANKBARODA,2026-02-24,320.0,0.95,6347250.0,4004325.0,34.85,889200.0,40950.0,285.4,295.0,281.9,2.81,2026-02-03 23:02,52597
BANKBARODA,2026-02-24,322.5,0.9,204750.0,26325.0,24.15,20475.0,0.0,285.4,295.0,281.9,2.81,2026-02-03 23:02,60653
BANKBARODA,2026-02-24,325.0,0.75,640575.0,201825.0,27.1,26325.0,0.0,285.4,295.0,281.9,2.81,2026-02-03 23:02,71230
BANKBARODA,2026-02-24,327.5,0.75,166725.0,26325.0,0.0,0.0,0.0,285.4,295.0,281.9,2.81,2026-02-03 23:02,81982
BANKBARODA,2026-02-24,330.0,0.65,1822275.0,915525.0,25.45,356850.0,0.0,285.4,295.0,281.9,2.81,2026-02-03 23:02,92811
BANKBARODA,2026-02-24,332.5,0.5,155025.0,64350.0,0.0,0.0,0.0,285.4,295.0,281.9,2.81,2026-02-03 23:02,103383
BANKBARODA,2026-02-24,335.0,0.5,1032525.0,195975.0,0.0,0.0,0.0,285.4,295.0,281.9,2.81,2026-02-03 23:02,114791
BANKBARODA,2026-02-24,340.0,0.35,1544400.0,883350.0,34.25,29250.0,0.0,285.4,295.0,281.9,2.81,2026-02-03 23:02,138159
BANKBARODA,2026-02-24,345.0,0.3,155025.0,225225.0,0.0,0.0,0.0,285.4,295.0,281.9,2.81,2026-02-03 23:02,162216
BANKBARODA,2026-02-24,350.0,0.3,1099800.0,605475.0,50.9,52650.0,0.0,285.4,295.0,281.9,2.81,2026-02-03 23:02,186402
BANKBARODA,2026-02-24,355.0,0.2,704925.0,292500.0,0.0,0.0,0.0,285.4,295.0,281.9,2.81,2026-02-03 23:02,210924
BANKINDIA,2026-02-24,122.0,0.0,0.0,0.0,0.19,265200.0,72800.0,158.01,160.87,155.61,4.18,2026-02-03 23:02,50249
BANKINDIA,2026-02-24,124.0,0.0,0.0,0.0,0.76,10400.0,0.0,158.01,160.87,155.61,4.18,2026-02-03 23:02,46766
BANKINDIA,2026-02-24,126.0,0.0,0.0,0.0,1.61,10400.0,0.0,158.01,160.87,155.61,4.18,2026-02-03 23:02,43290
BANKINDIA,2026-02-24,128.0,0.0,0.0,0.0,0.96,10400.0,0.0,158.01,160.87,155.61,4.18,2026-02-03 23:02,39814
BANKINDIA,2026-02-24,130.0,31.2,114400.0,0.0,0.27,431600.0,254800.0,158.01,160.87,155.61,4.18,2026-02-03 23:02,36342
BANKINDIA,2026-02-24,132.0,0.0,0.0,0.0,0.39,15600.0,0.0,158.01,160.87,155.61,4.18,2026-02-03 23:02,33325
BANKINDIA,2026-02-24,133.0,0.0,0.0,0.0,0.85,36400.0,0.0,158.01,160.87,155.61,4.18,2026-02-03 23:02,31645
BANKINDIA,2026-02-24,134.0,0.0,0.0,0.0,0.87,15600.0,0.0,158.01,160.87,155.61,4.18,2026-02-03 23:02,29966
BANKINDIA,2026-02-24,135.0,0.0,0.0,0.0,0.39,296400.0,478400.0,158.01,160.87,155.61,4.18,2026-02-03 23:02,28290
BANKINDIA,2026-02-24,136.0,0.0,0.0,0.0,0.96,26000.0,0.0,158.01,160.87,155.61,4.18,2026-02-03 23:02,26633
BANKINDIA,2026-02-24,137.0,0.0,0.0,0.0,1.84,78000.0,0.0,158.01,160.87,155.61,4.18,2026-02-03 23:02,24989
BANKINDIA,2026-02-24,138.0,0.0,0.0,0.0,1.4,26000.0,0.0,158.01,160.87,155.61,4.18,2026-02-03 23:02,23340
BANKINDIA,2026-02-24,139.0,0.0,0.0,0.0,1.18,46800.0,0.0,158.01,160.87,155.61,4.18,2026-02-03 23:02,21705
BANKINDIA,2026-02-24,140.0,19.4,88400.0,15600.0,0.67,852800.0,681200.0,158.01,160.87,155.61,4.18,2026-02-03 23:02,20072
BANKINDIA,2026-02-24,141.0,0.0,0.0,0.0,0.88,41600.0,5200.0,158.01,160.87,155.61,4.18,2026-02-03 23:02,18653
BANKINDIA,2026-02-24,142.0,0.0,0.0,0.0,0.75,223600.0,0.0,158.01,160.87,155.61,4.18,2026-02-03 23:02,17121
BANKINDIA,2026-02-24,143.0,0.0,0.0,0.0,0.71,223600.0,0.0,158.01,160.87,155.61,4.18,2026-02-03 23:02,15598
BANKINDIA,2026-02-24,144.0,0.0,0.0,0.0,2.07,327600.0,0.0,158.01,160.87,155.61,4.18,2026-02-03 23:02,14098
BANKINDIA,2026-02-24,145.0,14.45,88400.0,31200.0,1.22,774800.0,676000.0,158.01,160.87,155.61,4.18,2026-02-03 23:02,12579
BANKINDIA,2026-02-24,146.0,7.85,20800.0,0.0,1.43,93600.0,93600.0,158.01,160.87,155.61,4.18,2026-02-03 23:02,11247
BANKINDIA,2026-02-24,147.0,0.0,0.0,0.0,1.55,109200.0,327600.0,158.01,160.87,155.61,4.18,2026-02-03 23:02,9896
BANKINDIA,2026-02-24,148.0,12.0,197600.0,26000.0,0.0,0.0,0.0,158.01,160.87,155.61,4.18,2026-02-03 23:02,8537
BANKINDIA,2026-02-24,149.0,0.0,0.0,0.0,1.9,0.0,36400.0,158.01,160.87,155.61,4.18,2026-02-03 23:02,7451
BANKINDIA,2026-02-24,150.0,10.35,738400.0,998400.0,2.19,2745600.0,2168400.0,158.01,160.87,155.61,4.18,2026-02-03 23:02,6128
BANKINDIA,2026-02-24,151.0,9.65,124800.0,52000.0,4.42,577200.0,0.0,158.01,160.87,155.61,4.18,2026-02-03 23:02,5317
BANKINDIA,2026-02-24,152.0,9.11,114400.0,192400.0,2.81,57200.0,104000.0,158.01,160.87,155.61,4.18,2026-02-03 23:02,4278
BANKINDIA,2026-02-24,153.0,8.29,52000.0,88400.0,3.15,78000.0,166400.0,158.01,160.87,155.61,4.18,2026-02-03 23:02,3479
BANKINDIA,2026-02-24,154.0,7.88,104000.0,93600.0,3.38,135200.0,130000.0,158.01,160.87,155.61,4.18,2026-02-03 23:02,2623
BANKINDIA,2026-02-24,155.0,7.25,1008800.0,1315600.0,3.9,1721200.0,2319200.0,158.01,160.87,155.61,4.18,2026-02-03 23:02,1809
BANKINDIA,2026-02-24,156.0,6.5,384800.0,254800.0,4.35,150800.0,171600.0,158.01,160.87,155.61,4.18,2026-02-03 23:02,1292
BANKINDIA,2026-02-24,157.0,5.9,239200.0,452400.0,4.67,520000.0,1201200.0,158.01,160.87,155.61,4.18,2026-02-03 23:02,953
BANKINDIA,2026-02-24,158.0,5.53,452400.0,863200.0,5.18,462800.0,889200.0,158.01,160.87,155.61,4.18,2026-02-03 23:02,403
BANKINDIA,2026-02-24,159.0,4.92,202800.0,244400.0,5.69,660400.0,431600.0,158.01,160.87,155.61,4.18,2026-02-03 23:02,58
BANKINDIA,2026-02-24,160.0,4.5,2038400.0,4841200.0,6.12,1398800.0,738400.0,158.01,160.87,155.61,4.18,2026-02-03 23:02,-487
BANKINDIA,2026-02-24,161.0,4.23,135200.0,67600.0,5.0,140400.0,10400.0,158.01,160.87,155.61,4.18,2026-02-03 23:02,-352
BANKINDIA,2026-02-24,162.0,3.7,1185600.0,348400.0,8.26,358800.0,31200.0,158.01,160.87,155.61,4.18,2026-02-03 23:02,-264
BANKINDIA,2026-02-24,163.0,3.04,899600.0,5200.0,8.18,416000.0,10400.0,158.01,160.87,155.61,4.18,2026-02-03 23:02,133
BANKINDIA,2026-02-24,164.0,3.07,291200.0,130000.0,9.64,176800.0,46800.0,158.01,160.87,155.61,4.18,2026-02-03 23:02,454
BANKINDIA,2026-02-24,165.0,2.8,1695200.0,2511600.0,9.57,1014000.0,546000.0,158.01,160.87,155.61,4.18,2026-02-03 23:02,807
BANKINDIA,2026-02-24,166.0,2.48,722800.0,228800.0,14.04,410800.0,0.0,158.01,160.87,155.61,4.18,2026-02-03 23:02,1017
BANKINDIA,2026-02-24,167.0,2.25,665600.0,218400.0,17.59,1227200.0,0.0,158.01,160.87,155.61,4.18,2026-02-03 23:02,1438
BANKINDIA,2026-02-24,168.0,2.15,525200.0,405600.0,12.15,182000.0,26000.0,158.01,160.87,155.61,4.18,2026-02-03 23:02,436
BANKINDIA,2026-02-24,169.0,1.62,171600.0,5200.0,16.9,88400.0,0.0,158.01,160.87,155.61,4.18,2026-02-03 23:02,1407
BANKINDIA,2026-02-24,170.0,1.65,3983200.0,2906800.0,13.1,941200.0,109200.0,158.01,160.87,155.61,4.18,2026-02-03 23:02,2390
BANKINDIA,2026-02-24,171.0,0.79,114400.0,0.0,8.96,15600.0,0.0,158.01,160.87,155.61,4.18,2026-02-03 23:02,3411
BANKINDIA,2026-02-24,172.0,1.42,239200.0,156000.0,23.0,62400.0,0.0,158.01,160.87,155.61,4.18,2026-02-03 23:02,5016
BANKINDIA,2026-02-24,173.0,1.25,104000.0,20800.0,10.39,46800.0,0.0,158.01,160.87,155.61,4.18,2026-02-03 23:02,6546
BANKINDIA,2026-02-24,174.0,0.61,197600.0,0.0,10.41,20800.0,0.0,158.01,160.87,155.61,4.18,2026-02-03 23:02,8166
BANKINDIA,2026-02-24,175.0,1.04,1336400.0,800800.0,26.91,72800.0,0.0,158.01,160.87,155.61,4.18,2026-02-03 23:02,9833
BANKINDIA,2026-02-24,176.0,0.97,104000.0,20800.0,13.24,31200.0,0.0,158.01,160.87,155.61,4.18,2026-02-03 23:02,11594
BANKINDIA,2026-02-24,177.0,2.82,41600.0,0.0,12.49,10400.0,0.0,158.01,160.87,155.61,4.18,2026-02-03 23:02,13394
BANKINDIA,2026-02-24,178.0,1.62,286000.0,0.0,13.23,10400.0,0.0,158.01,160.87,155.61,4.18,2026-02-03 23:02,15230
BANKINDIA,2026-02-24,179.0,2.37,20800.0,0.0,0.0,0.0,0.0,158.01,160.87,155.61,4.18,2026-02-03 23:02,17129
BANKINDIA,2026-02-24,180.0,0.67,1799200.0,1632800.0,17.0,5200.0,0.0,158.01,160.87,155.61,4.18,2026-02-03 23:02,19002
BANKINDIA,2026-02-24,182.0,0.0,0.0,0.0,0.0,0.0,0.0,158.01,160.87,155.61,4.18,2026-02-03 23:02,23211
BANKINDIA,2026-02-24,184.0,0.6,98800.0,5200.0,0.0,0.0,0.0,158.01,160.87,155.61,4.18,2026-02-03 23:02,27309
BANKINDIA,2026-02-24,185.0,0.44,312000.0,426400.0,0.0,0.0,0.0,158.01,160.87,155.61,4.18,2026-02-03 23:02,29373
BANKINDIA,2026-02-24,186.0,0.36,738400.0,228800.0,0.0,0.0,0.0,158.01,160.87,155.61,4.18,2026-02-03 23:02,31477
BANKINDIA,2026-02-24,188.0,0.0,0.0,0.0,0.0,0.0,0.0,158.01,160.87,155.61,4.18,2026-02-03 23:02,35831
BANKINDIA,2026-02-24,189.0,0.25,280800.0,5200.0,0.0,0.0,0.0,158.01,160.87,155.61,4.18,2026-02-03 23:02,37995
BANKINDIA,2026-02-24,190.0,0.3,603200.0,78000.0,0.0,0.0,0.0,158.01,160.87,155.61,4.18,2026-02-03 23:02,40194
BEL,2026-02-24,330.0,0.0,0.0,0.0,0.3,280725.0,125400.0,438.95,460.0,435.25,-0.034,2026-02-03 23:02,280553
BEL,2026-02-24,340.0,77.0,18525.0,0.0,0.4,280725.0,72675.0,438.95,460.0,435.25,-0.034,2026-02-03 23:02,238483
BEL,2026-02-24,350.0,92.5,548625.0,7125.0,0.5,384750.0,128250.0,438.95,460.0,435.25,-0.034,2026-02-03 23:02,196852
BEL,2026-02-24,360.0,79.65,162450.0,0.0,0.65,627000.0,314925.0,438.95,460.0,435.25,-0.034,2026-02-03 23:02,161079
BEL,2026-02-24,365.0,51.0,5700.0,0.0,0.75,218025.0,158175.0,438.95,460.0,435.25,-0.034,2026-02-03 23:02,142312
BEL,2026-02-24,370.0,68.25,37050.0,0.0,0.9,1601700.0,575700.0,438.95,460.0,435.25,-0.034,2026-02-03 23:02,122417
BEL,2026-02-24,375.0,85.3,7125.0,1425.0,1.0,262200.0,300675.0,438.95,460.0,435.25,-0.034,2026-02-03 23:02,103437
BEL,2026-02-24,380.0,64.0,332025.0,17100.0,1.2,1704300.0,1262550.0,438.95,460.0,435.25,-0.034,2026-02-03 23:02,84517
BEL,2026-02-24,385.0,56.0,44175.0,1425.0,1.35,333450.0,467400.0,438.95,460.0,435.25,-0.034,2026-02-03 23:02,68502
BEL,2026-02-24,390.0,51.6,178125.0,24225.0,1.75,1359450.0,1410750.0,438.95,460.0,435.25,-0.034,2026-02-03 23:02,50958
BEL,2026-02-24,395.0,50.0,109725.0,32775.0,2.05,729600.0,678300.0,438.95,460.0,435.25,-0.034,2026-02-03 23:02,34661
BEL,2026-02-24,400.0,42.6,1158525.0,446025.0,2.55,4930500.0,5836800.0,438.95,460.0,435.25,-0.034,2026-02-03 23:02,18501
BEL,2026-02-24,405.0,38.1,322050.0,65550.0,3.15,837900.0,1142850.0,438.95,460.0,435.25,-0.034,2026-02-03 23:02,8665
BEL,2026-02-24,410.0,33.85,1412175.0,259350.0,3.95,2919825.0,3620925.0,438.95,460.0,435.25,-0.034,2026-02-03 23:02,-3305
BEL,2026-02-24,415.0,30.2,1328100.0,396150.0,5.0,1906650.0,4658325.0,438.95,460.0,435.25,-0.034,2026-02-03 23:02,-10446
BEL,2026-02-24,420.0,26.15,3184875.0,1530450.0,6.2,4560000.0,7964325.0,438.95,460.0,435.25,-0.034,2026-02-03 23:02,-16539
BEL,2026-02-24,425.0,22.55,758100.0,1047375.0,7.65,1323825.0,3045225.0,438.95,460.0,435.25,-0.034,2026-02-03 23:02,-16316
BEL,2026-02-24,430.0,19.75,3209100.0,4571400.0,9.5,3060900.0,8901975.0,438.95,460.0,435.25,-0.034,2026-02-03 23:02,-19856
BEL,2026-02-24,435.0,16.85,1546125.0,5406450.0,11.75,1268250.0,6237225.0,438.95,460.0,435.25,-0.034,2026-02-03 23:02,-17528
BEL,2026-02-24,440.0,14.4,6560700.0,19877325.0,14.35,3585300.0,9557475.0,438.95,460.0,435.25,-0.034,2026-02-03 23:02,-16109
BEL,2026-02-24,445.0,12.2,3247575.0,9862425.0,17.25,1681500.0,4443150.0,438.95,460.0,435.25,-0.034,2026-02-03 23:02,-6428
BEL,2026-02-24,450.0,10.55,13427775.0,25604400.0,20.3,3565350.0,3082275.0,438.95,460.0,435.25,-0.034,2026-02-03 23:02,2475
BEL,2026-02-24,455.0,8.95,3667950.0,8069775.0,23.9,886350.0,943350.0,438.95,460.0,435.25,-0.034,2026-02-03 23:02,25743
BEL,2026-02-24,460.0,7.6,12359025.0,18562050.0,27.35,1634475.0,743850.0,438.95,460.0,435.25,-0.034,2026-02-03 23:02,45523
BEL,2026-02-24,465.0,6.4,2250075.0,7642275.0,30.55,317775.0,128250.0,438.95,460.0,435.25,-0.034,2026-02-03 23:02,76059
BEL,2026-02-24,470.0,5.5,6864225.0,11382900.0,35.65,778050.0,394725.0,438.95,460.0,435.25,-0.034,2026-02-03 23:02,103425
BEL,2026-02-24,475.0,4.7,2358375.0,5235450.0,39.6,585675.0,708225.0,438.95,460.0,435.25,-0.034,2026-02-03 23:02,135144
BEL,2026-02-24,480.0,4.1,8760900.0,10348350.0,40.6,474525.0,106875.0,438.95,460.0,435.25,-0.034,2026-02-03 23:02,166124
BEL,2026-02-24,485.0,3.6,1228350.0,1426425.0,62.15,74100.0,0.0,438.95,460.0,435.25,-0.034,2026-02-03 23:02,204597
BEL,2026-02-24,490.0,3.1,2925525.0,4095450.0,53.0,84075.0,7125.0,438.95,460.0,435.25,-0.034,2026-02-03 23:02,242037
BEL,2026-02-24,495.0,2.75,1520475.0,1737075.0,0.0,0.0,0.0,438.95,460.0,435.25,-0.034,2026-02-03 23:02,281463
BEL,2026-02-24,500.0,2.45,7170600.0,10727400.0,61.45,81225.0,45600.0,438.95,460.0,435.25,-0.034,2026-02-03 23:02,321605
BEL,2026-02-24,510.0,1.95,11273175.0,8936175.0,86.75,4275.0,0.0,438.95,460.0,435.25,-0.034,2026-02-03 23:02,409562
BHEL,2026-02-24,205.0,0.0,0.0,0.0,0.25,304500.0,139125.0,267.9,271.6,261.35,3.737,2026-02-03 23:02,80608
BHEL,2026-02-24,210.0,0.0,0.0,0.0,0.35,1488375.0,784875.0,267.9,271.6,261.35,3.737,2026-02-03 23:02,68377
BHEL,2026-02-24,212.5,0.0,0.0,0.0,1.35,2625.0,0.0,267.9,271.6,261.35,3.737,2026-02-03 23:02,62585
BHEL,2026-02-24,215.0,0.0,0.0,0.0,0.45,175875.0,60375.0,267.9,271.6,261.35,3.737,2026-02-03 23:02,56846
BHEL,2026-02-24,217.5,0.0,0.0,0.0,0.7,55125.0,0.0,267.9,271.6,261.35,3.737,2026-02-03 23:02,51143
BHEL,2026-02-24,220.0,33.0,31500.0,0.0,0.55,771750.0,425250.0,267.9,271.6,261.35,3.737,2026-02-03 23:02,45458
BHEL,2026-02-24,222.5,0.0,0.0,0.0,0.9,76125.0,0.0,267.9,271.6,261.35,3.737,2026-02-03 23:02,40040
BHEL,2026-02-24,225.0,0.0,0.0,0.0,0.6,401625.0,307125.0,267.9,271.6,261.35,3.737,2026-02-03 23:02,34571
BHEL,2026-02-24,227.5,0.0,0.0,0.0,0.7,65625.0,181125.0,267.9,271.6,261.35,3.737,2026-02-03 23:02,29186
BHEL,2026-02-24,230.0,35.2,68250.0,13125.0,0.8,1598625.0,1724625.0,267.9,271.6,261.35,3.737,2026-02-03 23:02,23837
BHEL,2026-02-24,232.5,0.0,0.0,0.0,0.9,217875.0,175875.0,267.9,271.6,261.35,3.737,2026-02-03 23:02,19022
BHEL,2026-02-24,235.0,33.85,107625.0,2625.0,1.0,1365000.0,939750.0,267.9,271.6,261.35,3.737,2026-02-03 23:02,14129
BHEL,2026-02-24,237.5,19.15,91875.0,0.0,1.2,238875.0,173250.0,267.9,271.6,261.35,3.737,2026-02-03 23:02,9852
BHEL,2026-02-24,240.0,30.05,307125.0,65625.0,1.35,2031750.0,2475375.0,267.9,271.6,261.35,3.737,2026-02-03 23:02,5576
BHEL,2026-02-24,242.5,27.85,154875.0,5250.0,1.55,448875.0,485625.0,267.9,271.6,261.35,3.737,2026-02-03 23:02,2387
BHEL,2026-02-24,245.0,25.55,448875.0,76125.0,1.85,1023750.0,1451625.0,267.9,271.6,261.35,3.737,2026-02-03 23:02,-937
BHEL,2026-02-24,247.5,15.55,409500.0,0.0,2.15,530250.0,430500.0,267.9,271.6,261.35,3.737,2026-02-03 23:02,-3298
BHEL,2026-02-24,250.0,21.3,1412250.0,1052625.0,2.55,2890125.0,6452250.0,267.9,271.6,261.35,3.737,2026-02-03 23:02,-5859
BHEL,2026-02-24,252.5,19.25,727125.0,144375.0,3.0,632625.0,682500.0,267.9,271.6,261.35,3.737,2026-02-03 23:02,-5596
BHEL,2026-02-24,255.0,17.4,939750.0,1044750.0,3.55,1304625.0,4281375.0,267.9,271.6,261.35,3.737,2026-02-03 23:02,-6054
BHEL,2026-02-24,257.5,15.55,464625.0,514500.0,4.25,611625.0,1186500.0,267.9,271.6,261.35,3.737,2026-02-03 23:02,-5989
BHEL,2026-02-24,260.0,14.0,3451875.0,5423250.0,5.0,2260125.0,3992625.0,267.9,271.6,261.35,3.737,2026-02-03 23:02,-6365
BHEL,2026-02-24,262.5,12.6,774375.0,1391250.0,5.9,897750.0,1257375.0,267.9,271.6,261.35,3.737,2026-02-03 23:02,-2072
BHEL,2026-02-24,265.0,10.55,1522500.0,5780250.0,6.9,834750.0,2787750.0,267.9,271.6,261.35,3.737,2026-02-03 23:02,-618
BHEL,2026-02-24,267.5,9.35,448875.0,2102625.0,8.0,330750.0,703500.0,267.9,271.6,261.35,3.737,2026-02-03 23:02,2008
BHEL,2026-02-24,270.0,8.3,4060875.0,11489625.0,9.3,1577625.0,2097375.0,267.9,271.6,261.35,3.737,2026-02-03 23:02,3956
BHEL,2026-02-24,272.5,7.3,278250.0,1283625.0,10.6,105000.0,320250.0,267.9,271.6,261.35,3.737,2026-02-03 23:02,9061
BHEL,2026-02-24,275.0,6.2,2328375.0,4942875.0,12.05,273000.0,304500.0,267.9,271.6,261.35,3.737,2026-02-03 23:02,12450
BHEL,2026-02-24,277.5,5.35,315000.0,968625.0,13.5,70875.0,91875.0,267.9,271.6,261.35,3.737,2026-02-03 23:02,17513
BHEL,2026-02-24,280.0,4.55,3717000.0,11185125.0,15.6,753375.0,322875.0,267.9,271.6,261.35,3.737,2026-02-03 23:02,21630
BHEL,2026-02-24,282.5,3.9,257250.0,1000125.0,17.5,34125.0,65625.0,267.9,271.6,261.35,3.737,2026-02-03 23:02,27308
BHEL,2026-02-24,285.0,3.3,2635500.0,5604375.0,18.8,105000.0,78750.0,267.9,271.6,261.35,3.737,2026-02-03 23:02,32584
BHEL,2026-02-24,287.5,2.85,406875.0,443625.0,21.6,28875.0,60375.0,267.9,271.6,261.35,3.737,2026-02-03 23:02,39176
BHEL,2026-02-24,290.0,2.45,4937625.0,6121500.0,25.2,480375.0,99750.0,267.9,271.6,261.35,3.737,2026-02-03 23:02,45259
BHEL,2026-02-24,292.5,2.15,249375.0,309750.0,0.0,0.0,0.0,267.9,271.6,261.35,3.737,2026-02-03 23:02,52641
BHEL,2026-02-24,295.0,1.85,598500.0,863625.0,41.3,89250.0,0.0,267.9,271.6,261.35,3.737,2026-02-03 23:02,60141
BHEL,2026-02-24,297.5,1.6,254625.0,21000.0,0.0,0.0,0.0,267.9,271.6,261.35,3.737,2026-02-03 23:02,67501
BHEL,2026-02-24,300.0,1.5,8037750.0,8641500.0,32.25,420000.0,57750.0,267.9,271.6,261.35,3.737,2026-02-03 23:02,75223
BHEL,2026-02-24,302.5,1.25,238875.0,84000.0,47.15,7875.0,0.0,267.9,271.6,261.35,3.737,2026-02-03 23:02,84870
BHEL,2026-02-24,305.0,1.05,1275750.0,464625.0,36.6,26250.0,42000.0,267.9,271.6,261.35,3.737,2026-02-03 23:02,94720
BHEL,2026-02-24,307.5,0.95,173250.0,23625.0,0.0,0.0,0.0,267.9,271.6,261.35,3.737,2026-02-03 23:02,104941
BHEL,2026-02-24,310.0,0.85,1517250.0,2065875.0,57.75,105000.0,0.0,267.9,271.6,261.35,3.737,2026-02-03 23:02,115184
BHEL,2026-02-24,315.0,0.7,149625.0,120750.0,0.0,0.0,0.0,267.9,271.6,261.35,3.737,2026-02-03 23:02,135970
BHEL,2026-02-24,320.0,0.6,1514625.0,1141875.0,51.0,26250.0,2625.0,267.9,271.6,261.35,3.737,2026-02-03 23:02,157319
BHEL,2026-02-24,325.0,0.5,70875.0,55125.0,75.0,15750.0,0.0,267.9,271.6,261.35,3.737,2026-02-03 23:02,179385
BHEL,2026-02-24,330.0,0.45,3018750.0,750750.0,65.0,73500.0,39375.0,267.9,271.6,261.35,3.737,2026-02-03 23:02,201423
BHEL,2026-02-24,345.0,0.25,31500.0,2625.0,0.0,0.0,0.0,267.9,271.6,261.35,3.737,2026-02-03 23:02,272177
BHARATFORG,2026-02-24,760.0,0.0,0.0,0.0,0.0,0.0,0.0,1539.0,1588.0,1533.1,6.601,2026-02-03 23:02,110528
BHARATFORG,2026-02-24,800.0,0.0,0.0,0.0,0.0,0.0,0.0,1539.0,1588.0,1533.1,6.601,2026-02-03 23:02,103162
BHARATFORG,2026-02-24,840.0,0.0,0.0,0.0,0.0,0.0,0.0,1539.0,1588.0,1533.1,6.601,2026-02-03 23:02,95796
BHARATFORG,2026-02-24,880.0,0.0,0.0,0.0,0.0,0.0,0.0,1539.0,1588.0,1533.1,6.601,2026-02-03 23:02,88430
BHARATFORG,2026-02-24,920.0,0.0,0.0,0.0,0.0,0.0,0.0,1539.0,1588.0,1533.1,6.601,2026-02-03 23:02,81064
BHARATFORG,2026-02-24,960.0,0.0,0.0,0.0,0.0,0.0,0.0,1539.0,1588.0,1533.1,6.601,2026-02-03 23:02,73698
BHARATFORG,2026-02-24,980.0,0.0,0.0,0.0,0.0,0.0,0.0,1539.0,1588.0,1533.1,6.601,2026-02-03 23:02,70015
BHARATFORG,2026-02-24,1000.0,0.0,0.0,0.0,0.0,0.0,0.0,1539.0,1588.0,1533.1,6.601,2026-02-03 23:02,66332
BHARATFORG,2026-02-24,1020.0,0.0,0.0,0.0,0.0,0.0,0.0,1539.0,1588.0,1533.1,6.601,2026-02-03 23:02,62649
BHARATFORG,2026-02-24,1040.0,0.0,0.0,0.0,0.0,0.0,0.0,1539.0,1588.0,1533.1,6.601,2026-02-03 23:02,58966
BHARATFORG,2026-02-24,1060.0,0.0,0.0,0.0,0.0,0.0,0.0,1539.0,1588.0,1533.1,6.601,2026-02-03 23:02,55283
BHARATFORG,2026-02-24,1080.0,0.0,0.0,0.0,0.0,0.0,0.0,1539.0,1588.0,1533.1,6.601,2026-02-03 23:02,51600
BHARATFORG,2026-02-24,1100.0,0.0,0.0,0.0,0.0,0.0,0.0,1539.0,1588.0,1533.1,6.601,2026-02-03 23:02,47917
BHARATFORG,2026-02-24,1120.0,0.0,0.0,0.0,0.0,0.0,0.0,1539.0,1588.0,1533.1,6.601,2026-02-03 23:02,44234
BHARATFORG,2026-02-24,1140.0,0.0,0.0,0.0,0.0,0.0,0.0,1539.0,1588.0,1533.1,6.601,2026-02-03 23:02,40551
BHARATFORG,2026-02-24,1160.0,0.0,0.0,0.0,0.8,0.0,0.0,1539.0,1588.0,1533.1,6.601,2026-02-03 23:02,36868
BHARATFORG,2026-02-24,1180.0,0.0,0.0,0.0,1.4,500.0,0.0,1539.0,1588.0,1533.1,6.601,2026-02-03 23:02,33185
BHARATFORG,2026-02-24,1200.0,356.7,6000.0,1500.0,1.5,80000.0,20000.0,1539.0,1588.0,1533.1,6.601,2026-02-03 23:02,29503
BHARATFORG,2026-02-24,1220.0,0.0,0.0,0.0,2.75,500.0,0.0,1539.0,1588.0,1533.1,6.601,2026-02-03 23:02,26195
BHARATFORG,2026-02-24,1240.0,0.0,0.0,0.0,2.15,48000.0,82000.0,1539.0,1588.0,1533.1,6.601,2026-02-03 23:02,22686
BHARATFORG,2026-02-24,1260.0,0.0,0.0,0.0,1.95,3500.0,3500.0,1539.0,1588.0,1533.1,6.601,2026-02-03 23:02,19263
BHARATFORG,2026-02-24,1280.0,293.4,3500.0,1000.0,3.15,24500.0,19000.0,1539.0,1588.0,1533.1,6.601,2026-02-03 23:02,15856
BHARATFORG,2026-02-24,1300.0,282.0,4500.0,1500.0,3.85,59500.0,138500.0,1539.0,1588.0,1533.1,6.601,2026-02-03 23:02,12601
BHARATFORG,2026-02-24,1320.0,121.25,3000.0,0.0,4.85,44500.0,89000.0,1539.0,1588.0,1533.1,6.601,2026-02-03 23:02,9483
BHARATFORG,2026-02-24,1340.0,233.0,15500.0,500.0,5.9,73000.0,187500.0,1539.0,1588.0,1533.1,6.601,2026-02-03 23:02,6371
BHARATFORG,2026-02-24,1360.0,191.3,23000.0,26500.0,7.25,95500.0,349000.0,1539.0,1588.0,1533.1,6.601,2026-02-03 23:02,3739
BHARATFORG,2026-02-24,1380.0,173.65,21500.0,34000.0,9.0,93000.0,167000.0,1539.0,1588.0,1533.1,6.601,2026-02-03 23:02,1397
BHARATFORG,2026-02-24,1400.0,157.0,66000.0,299500.0,11.3,253000.0,797500.0,1539.0,1588.0,1533.1,6.601,2026-02-03 23:02,-797
BHARATFORG,2026-02-24,1420.0,138.85,59500.0,84500.0,14.1,79000.0,277500.0,1539.0,1588.0,1533.1,6.601,2026-02-03 23:02,-1892
BHARATFORG,2026-02-24,1440.0,120.8,113000.0,341500.0,17.5,146000.0,578000.0,1539.0,1588.0,1533.1,6.601,2026-02-03 23:02,-2746
BHARATFORG,2026-02-24,1460.0,107.0,121500.0,359500.0,22.55,128500.0,456500.0,1539.0,1588.0,1533.1,6.601,2026-02-03 23:02,-2688
BHARATFORG,2026-02-24,1480.0,93.45,65000.0,286000.0,27.2,66500.0,252500.0,1539.0,1588.0,1533.1,6.601,2026-02-03 23:02,-2229
BHARATFORG,2026-02-24,1500.0,78.0,262500.0,1130500.0,34.55,210500.0,1478000.0,1539.0,1588.0,1533.1,6.601,2026-02-03 23:02,-2090
BHARATFORG,2026-02-24,1520.0,67.9,77000.0,244500.0,42.95,76000.0,247500.0,1539.0,1588.0,1533.1,6.601,2026-02-03 23:02,-112
BHARATFORG,2026-02-24,1540.0,56.0,127000.0,645500.0,51.45,79000.0,525000.0,1539.0,1588.0,1533.1,6.601,2026-02-03 23:02,1048
BHARATFORG,2026-02-24,1560.0,46.8,211500.0,1139500.0,62.0,186000.0,618500.0,1539.0,1588.0,1533.1,6.601,2026-02-03 23:02,2728
BHARATFORG,2026-02-24,1580.0,38.85,157500.0,888000.0,74.5,32500.0,249500.0,1539.0,1588.0,1533.1,6.601,2026-02-03 23:02,4736
BHARATFORG,2026-02-24,1600.0,31.5,249000.0,2067500.0,85.6,52000.0,318000.0,1539.0,1588.0,1533.1,6.601,2026-02-03 23:02,7657
BHARATFORG,2026-02-24,1620.0,26.25,81500.0,299000.0,0.0,0.0,0.0,1539.0,1588.0,1533.1,6.601,2026-02-03 23:02,11149
BHARATFORG,2026-02-24,1640.0,20.55,126500.0,701500.0,115.7,8000.0,31000.0,1539.0,1588.0,1533.1,6.601,2026-02-03 23:02,14679
BHARATFORG,2026-02-24,1660.0,16.7,11500.0,18500.0,0.0,0.0,0.0,1539.0,1588.0,1533.1,6.601,2026-02-03 23:02,18431
BHARATFORG,2026-02-24,1680.0,13.6,343500.0,1809500.0,0.0,0.0,0.0,1539.0,1588.0,1533.1,6.601,2026-02-03 23:02,22058
BHARATFORG,2026-02-24,1700.0,11.25,154000.0,748500.0,148.5,2000.0,3500.0,1539.0,1588.0,1533.1,6.601,2026-02-03 23:02,26821
BHARATFORG,2026-02-24,1720.0,0.0,0.0,0.0,0.0,0.0,0.0,1539.0,1588.0,1533.1,6.601,2026-02-03 23:02,31571
BHARATFORG,2026-02-24,1740.0,7.8,36000.0,126000.0,0.0,0.0,0.0,1539.0,1588.0,1533.1,6.601,2026-02-03 23:02,36178
BHARATFORG,2026-02-24,1760.0,6.3,66000.0,133500.0,0.0,0.0,0.0,1539.0,1588.0,1533.1,6.601,2026-02-03 23:02,40885
BHARATFORG,2026-02-24,1780.0,0.0,0.0,0.0,0.0,0.0,0.0,1539.0,1588.0,1533.1,6.601,2026-02-03 23:02,45738
BHARATFORG,2026-02-24,1800.0,0.05,0.0,0.0,240.7,0.0,0.0,1539.0,1588.0,1533.1,6.601,2026-02-03 23:02,50549
BHARATFORG,2026-02-24,1820.0,0.0,0.0,0.0,0.0,0.0,0.0,1539.0,1588.0,1533.1,6.601,2026-02-03 23:02,55360
BHARATFORG,2026-02-24,1840.0,0.0,0.0,0.0,0.0,0.0,0.0,1539.0,1588.0,1533.1,6.601,2026-02-03 23:02,60171
BHARATFORG,2026-02-24,1860.0,0.0,0.0,0.0,0.0,0.0,0.0,1539.0,1588.0,1533.1,6.601,2026-02-03 23:02,64982
BHARATFORG,2026-02-24,1880.0,0.0,0.0,0.0,0.0,0.0,0.0,1539.0,1588.0,1533.1,6.601,2026-02-03 23:02,69793
BHARATFORG,2026-02-24,1920.0,0.0,0.0,0.0,0.0,0.0,0.0,1539.0,1588.0,1533.1,6.601,2026-02-03 23:02,79415
BHARATFORG,2026-02-24,1960.0,0.0,0.0,0.0,0.0,0.0,0.0,1539.0,1588.0,1533.1,6.601,2026-02-03 23:02,89037
BHARATFORG,2026-02-24,2000.0,0.0,0.0,0.0,0.0,0.0,0.0,1539.0,1588.0,1533.1,6.601,2026-02-03 23:02,98659
BHARATFORG,2026-02-24,2040.0,0.0,0.0,0.0,0.0,0.0,0.0,1539.0,1588.0,1533.1,6.601,2026-02-03 23:02,108281
BHARTIARTL,2026-02-24,1640.0,0.0,0.0,0.0,0.85,51300.0,27075.0,1997.3,2050.0,1980.1,1.623,2026-02-03 23:02,116782
BHARTIARTL,2026-02-24,1680.0,0.0,0.0,0.0,0.85,94525.0,28500.0,1997.3,2050.0,1980.1,1.623,2026-02-03 23:02,95281
BHARTIARTL,2026-02-24,1720.0,0.0,0.0,0.0,1.0,485450.0,309225.0,1997.3,2050.0,1980.1,1.623,2026-02-03 23:02,74154
BHARTIARTL,2026-02-24,1740.0,0.0,0.0,0.0,1.35,52250.0,70300.0,1997.3,2050.0,1980.1,1.623,2026-02-03 23:02,64517
BHARTIARTL,2026-02-24,1760.0,247.55,950.0,0.0,1.65,636975.0,169575.0,1997.3,2050.0,1980.1,1.623,2026-02-03 23:02,55026
BHARTIARTL,2026-02-24,1780.0,0.0,0.0,0.0,2.2,28975.0,26600.0,1997.3,2050.0,1980.1,1.623,2026-02-03 23:02,46737
BHARTIARTL,2026-02-24,1800.0,194.0,21850.0,0.0,2.8,443650.0,349125.0,1997.3,2050.0,1980.1,1.623,2026-02-03 23:02,38580
BHARTIARTL,2026-02-24,1820.0,0.0,0.0,0.0,3.5,106400.0,125400.0,1997.3,2050.0,1980.1,1.623,2026-02-03 23:02,31661
BHARTIARTL,2026-02-24,1840.0,139.95,950.0,0.0,4.6,110675.0,164825.0,1997.3,2050.0,1980.1,1.623,2026-02-03 23:02,24617
BHARTIARTL,2026-02-24,1860.0,117.1,50350.0,0.0,6.1,212325.0,312550.0,1997.3,2050.0,1980.1,1.623,2026-02-03 23:02,17797
BHARTIARTL,2026-02-24,1880.0,101.5,22325.0,0.0,8.05,143450.0,412300.0,1997.3,2050.0,1980.1,1.623,2026-02-03 23:02,11999
BHARTIARTL,2026-02-24,1900.0,106.5,171950.0,89300.0,11.2,420375.0,908675.0,1997.3,2050.0,1980.1,1.623,2026-02-03 23:02,6184
BHARTIARTL,2026-02-24,1920.0,94.25,95000.0,20425.0,15.0,158650.0,342950.0,1997.3,2050.0,1980.1,1.623,2026-02-03 23:02,2803
BHARTIARTL,2026-02-24,1940.0,77.55,149625.0,311600.0,20.0,194750.0,653125.0,1997.3,2050.0,1980.1,1.623,2026-02-03 23:02,-772
BHARTIARTL,2026-02-24,1960.0,62.05,615600.0,840750.0,26.45,358625.0,836950.0,1997.3,2050.0,1980.1,1.623,2026-02-03 23:02,-3547
BHARTIARTL,2026-02-24,1980.0,49.4,1385575.0,2083825.0,33.3,274550.0,667850.0,1997.3,2050.0,1980.1,1.623,2026-02-03 23:02,-2273
BHARTIARTL,2026-02-24,2000.0,39.5,1189400.0,3394825.0,42.9,712975.0,1332850.0,1997.3,2050.0,1980.1,1.623,2026-02-03 23:02,5380
BHARTIARTL,2026-02-24,2020.0,30.5,383800.0,1359925.0,53.8,146300.0,315875.0,1997.3,2050.0,1980.1,1.623,2026-02-03 23:02,12548
BHARTIARTL,2026-02-24,2040.0,23.35,417525.0,1294375.0,65.35,75525.0,133000.0,1997.3,2050.0,1980.1,1.623,2026-02-03 23:02,19519
BHARTIARTL,2026-02-24,2060.0,17.55,353875.0,1099625.0,81.25,73625.0,54150.0,1997.3,2050.0,1980.1,1.623,2026-02-03 23:02,27575
BHARTIARTL,2026-02-24,2080.0,13.0,713450.0,1122425.0,95.05,39425.0,55100.0,1997.3,2050.0,1980.1,1.623,2026-02-03 23:02,36027
BHARTIARTL,2026-02-24,2100.0,9.6,1368475.0,2183575.0,110.4,360525.0,47975.0,1997.3,2050.0,1980.1,1.623,2026-02-03 23:02,46515
BHARTIARTL,2026-02-24,2120.0,6.9,270275.0,458375.0,126.55,38475.0,29450.0,1997.3,2050.0,1980.1,1.623,2026-02-03 23:02,57242
BHARTIARTL,2026-02-24,2140.0,4.95,343900.0,670700.0,148.6,41800.0,22800.0,1997.3,2050.0,1980.1,1.623,2026-02-03 23:02,70952
BHARTIARTL,2026-02-24,2160.0,3.45,129200.0,346750.0,163.55,14725.0,6650.0,1997.3,2050.0,1980.1,1.623,2026-02-03 23:02,85283
BHARTIARTL,2026-02-24,2180.0,2.5,142975.0,227050.0,168.0,475.0,0.0,1997.3,2050.0,1980.1,1.623,2026-02-03 23:02,100157
BHARTIARTL,2026-02-24,2200.0,1.9,731025.0,532000.0,200.05,141075.0,6650.0,1997.3,2050.0,1980.1,1.623,2026-02-03 23:02,115541
BHARTIARTL,2026-02-24,2220.0,1.2,598025.0,250800.0,205.0,950.0,0.0,1997.3,2050.0,1980.1,1.623,2026-02-03 23:02,129959
BHARTIARTL,2026-02-24,2240.0,1.1,131575.0,59850.0,0.0,0.0,0.0,1997.3,2050.0,1980.1,1.623,2026-02-03 23:02,148310
BHARTIARTL,2026-02-24,2260.0,1.1,30875.0,14725.0,0.0,0.0,0.0,1997.3,2050.0,1980.1,1.623,2026-02-03 23:02,166886
BHARTIARTL,2026-02-24,2280.0,1.1,42750.0,20900.0,0.0,0.0,0.0,1997.3,2050.0,1980.1,1.623,2026-02-03 23:02,185514
BHARTIARTL,2026-02-24,2300.0,0.9,106400.0,67450.0,306.2,3800.0,0.0,1997.3,2050.0,1980.1,1.623,2026-02-03 23:02,204228
BHARTIARTL,2026-02-24,2320.0,0.5,10450.0,0.0,0.0,0.0,0.0,1997.3,2050.0,1980.1,1.623,2026-02-03 23:02,223051
BHARTIARTL,2026-02-24,2360.0,0.9,8550.0,4275.0,0.0,0.0,0.0,1997.3,2050.0,1980.1,1.623,2026-02-03 23:02,260952
BHARTIARTL,2026-02-24,2400.0,0.85,124925.0,18525.0,415.65,2850.0,0.0,1997.3,2050.0,1980.1,1.623,2026-02-03 23:02,298889
BHARTIARTL,2026-02-24,2480.0,0.6,15675.0,5225.0,0.0,0.0,0.0,1997.3,2050.0,1980.1,1.623,2026-02-03 23:02,375674
BIOCON,2026-02-24,300.0,66.45,20000.0,0.0,0.65,187500.0,22500.0,372.3,387.7,370.9,0.581,2026-02-03 23:02,52702
BIOCON,2026-02-24,310.0,0.0,0.0,0.0,0.75,575000.0,235000.0,372.3,387.7,370.9,0.581,2026-02-03 23:02,42208
BIOCON,2026-02-24,320.0,47.0,7500.0,0.0,1.1,490000.0,110000.0,372.3,387.7,370.9,0.581,2026-02-03 23:02,32125
BIOCON,2026-02-24,325.0,44.0,20000.0,0.0,1.35,30000.0,2500.0,372.3,387.7,370.9,0.581,2026-02-03 23:02,27335
BIOCON,2026-02-24,330.0,42.15,125000.0,0.0,1.7,282500.0,392500.0,372.3,387.7,370.9,0.581,2026-02-03 23:02,22673
BIOCON,2026-02-24,335.0,32.5,2500.0,0.0,2.15,137500.0,185000.0,372.3,387.7,370.9,0.581,2026-02-03 23:02,18609
BIOCON,2026-02-24,340.0,37.0,67500.0,100000.0,2.75,715000.0,405000.0,372.3,387.7,370.9,0.581,2026-02-03 23:02,14115
BIOCON,2026-02-24,345.0,29.45,45000.0,0.0,3.45,577500.0,447500.0,372.3,387.7,370.9,0.581,2026-02-03 23:02,10087
BIOCON,2026-02-24,350.0,28.35,595000.0,130000.0,4.4,1077500.0,857500.0,372.3,387.7,370.9,0.581,2026-02-03 23:02,6250
BIOCON,2026-02-24,355.0,24.55,80000.0,57500.0,5.55,217500.0,745000.0,372.3,387.7,370.9,0.581,2026-02-03 23:02,4529
BIOCON,2026-02-24,360.0,20.5,505000.0,642500.0,6.85,1257500.0,1780000.0,372.3,387.7,370.9,0.581,2026-02-03 23:02,1820
BIOCON,2026-02-24,365.0,17.65,480000.0,492500.0,8.85,627500.0,857500.0,372.3,387.7,370.9,0.581,2026-02-03 23:02,90
BIOCON,2026-02-24,370.0,14.6,1462500.0,2105000.0,10.7,1452500.0,2687500.0,372.3,387.7,370.9,0.581,2026-02-03 23:02,-967
BIOCON,2026-02-24,375.0,11.95,847500.0,3027500.0,13.1,485000.0,1130000.0,372.3,387.7,370.9,0.581,2026-02-03 23:02,-279
BIOCON,2026-02-24,380.0,9.75,2390000.0,6602500.0,15.75,975000.0,1075000.0,372.3,387.7,370.9,0.581,2026-02-03 23:02,871
BIOCON,2026-02-24,385.0,7.8,510000.0,1175000.0,19.0,110000.0,315000.0,372.3,387.7,370.9,0.581,2026-02-03 23:02,4122
BIOCON,2026-02-24,390.0,6.35,1255000.0,3200000.0,22.15,225000.0,345000.0,372.3,387.7,370.9,0.581,2026-02-03 23:02,7077
BIOCON,2026-02-24,395.0,5.05,310000.0,967500.0,26.15,62500.0,220000.0,372.3,387.7,370.9,0.581,2026-02-03 23:02,10882
BIOCON,2026-02-24,400.0,4.0,3177500.0,9142500.0,30.1,975000.0,172500.0,372.3,387.7,370.9,0.581,2026-02-03 23:02,14568
BIOCON,2026-02-24,405.0,3.2,177500.0,242500.0,33.5,2500.0,0.0,372.3,387.7,370.9,0.581,2026-02-03 23:02,18673
BIOCON,2026-02-24,410.0,2.6,660000.0,947500.0,38.7,65000.0,60000.0,372.3,387.7,370.9,0.581,2026-02-03 23:02,24580
BIOCON,2026-02-24,420.0,1.65,630000.0,805000.0,47.4,122500.0,77500.0,372.3,387.7,370.9,0.581,2026-02-03 23:02,36943
BIOCON,2026-02-24,425.0,0.0,0.0,0.0,57.25,15000.0,0.0,372.3,387.7,370.9,0.581,2026-02-03 23:02,43063
BIOCON,2026-02-24,430.0,1.15,390000.0,417500.0,60.0,47500.0,0.0,372.3,387.7,370.9,0.581,2026-02-03 23:02,49582
BIOCON,2026-02-24,440.0,0.8,177500.0,180000.0,77.65,30000.0,0.0,372.3,387.7,370.9,0.581,2026-02-03 23:02,62990
BIOCON,2026-02-24,450.0,0.55,497500.0,272500.0,76.1,80000.0,180000.0,372.3,387.7,370.9,0.581,2026-02-03 23:02,76626
BIOCON,2026-02-24,460.0,0.45,177500.0,57500.0,0.0,0.0,0.0,372.3,387.7,370.9,0.581,2026-02-03 23:02,90477
BIOCON,2026-02-24,480.0,0.25,40000.0,20000.0,0.0,0.0,0.0,372.3,387.7,370.9,0.581,2026-02-03 23:02,119705
BPCL,2026-02-24,290.0,85.0,96775.0,23700.0,0.3,1234375.0,294275.0,373.45,374.7,358.3,1.841,2026-02-03 23:02,28475
BPCL,2026-02-24,300.0,76.0,51350.0,7900.0,0.5,256750.0,323900.0,373.45,374.7,358.3,1.841,2026-02-03 23:02,21073
BPCL,2026-02-24,305.0,0.0,0.0,0.0,0.5,161950.0,15800.0,373.45,374.7,358.3,1.841,2026-02-03 23:02,17510
BPCL,2026-02-24,310.0,66.0,45425.0,3950.0,0.6,250825.0,278475.0,373.45,374.7,358.3,1.841,2026-02-03 23:02,13643
BPCL,2026-02-24,315.0,32.5,3950.0,0.0,0.7,272550.0,195525.0,373.45,374.7,358.3,1.841,2026-02-03 23:02,10216
BPCL,2026-02-24,320.0,52.1,79000.0,69125.0,0.85,521400.0,541150.0,373.45,374.7,358.3,1.841,2026-02-03 23:02,6637
BPCL,2026-02-24,325.0,35.7,71100.0,0.0,1.05,140225.0,118500.0,373.45,374.7,358.3,1.841,2026-02-03 23:02,3732
BPCL,2026-02-24,330.0,46.05,146150.0,79000.0,1.25,845300.0,665575.0,373.45,374.7,358.3,1.841,2026-02-03 23:02,804
BPCL,2026-02-24,335.0,35.15,69125.0,0.0,1.55,317975.0,545100.0,373.45,374.7,358.3,1.841,2026-02-03 23:02,-1299
BPCL,2026-02-24,340.0,37.0,400925.0,185650.0,1.85,922325.0,1874275.0,373.45,374.7,358.3,1.841,2026-02-03 23:02,-3583
BPCL,2026-02-24,345.0,31.2,387100.0,82950.0,2.45,373275.0,869000.0,373.45,374.7,358.3,1.841,2026-02-03 23:02,-4086
BPCL,2026-02-24,350.0,27.6,685325.0,606325.0,3.15,1125750.0,3790025.0,373.45,374.7,358.3,1.841,2026-02-03 23:02,-4405
BPCL,2026-02-24,355.0,23.1,373275.0,310075.0,4.0,367350.0,1506925.0,373.45,374.7,358.3,1.841,2026-02-03 23:02,-3399
BPCL,2026-02-24,360.0,19.45,1090200.0,2693900.0,5.35,809750.0,4597800.0,373.45,374.7,358.3,1.841,2026-02-03 23:02,-2843
BPCL,2026-02-24,365.0,16.05,685325.0,3971725.0,6.85,586575.0,1738000.0,373.45,374.7,358.3,1.841,2026-02-03 23:02,-366
BPCL,2026-02-24,370.0,12.95,1481250.0,7309475.0,8.8,772225.0,1848600.0,373.45,374.7,358.3,1.841,2026-02-03 23:02,1757
BPCL,2026-02-24,375.0,10.4,734700.0,3799900.0,11.3,173800.0,558925.0,373.45,374.7,358.3,1.841,2026-02-03 23:02,5548
BPCL,2026-02-24,380.0,8.2,1046750.0,7094200.0,14.05,167875.0,375250.0,373.45,374.7,358.3,1.841,2026-02-03 23:02,9123
BPCL,2026-02-24,385.0,6.65,501650.0,3337750.0,17.4,49375.0,96775.0,373.45,374.7,358.3,1.841,2026-02-03 23:02,13360
BPCL,2026-02-24,390.0,5.2,1463475.0,5697875.0,20.95,73075.0,132325.0,373.45,374.7,358.3,1.841,2026-02-03 23:02,17497
BPCL,2026-02-24,395.0,3.95,598425.0,1755775.0,49.0,1975.0,0.0,373.45,374.7,358.3,1.841,2026-02-03 23:02,22763
BPCL,2026-02-24,400.0,3.1,1273875.0,5468775.0,28.7,86900.0,124425.0,373.45,374.7,358.3,1.841,2026-02-03 23:02,27948
BPCL,2026-02-24,405.0,2.45,84925.0,294275.0,0.0,0.0,0.0,373.45,374.7,358.3,1.841,2026-02-03 23:02,33732
BPCL,2026-02-24,410.0,1.9,1017125.0,2298900.0,63.65,5925.0,0.0,373.45,374.7,358.3,1.841,2026-02-03 23:02,39434
BPCL,2026-02-24,415.0,1.75,0.0,3950.0,0.0,0.0,0.0,373.45,374.7,358.3,1.841,2026-02-03 23:02,45782
BPCL,2026-02-24,420.0,1.05,1283750.0,1230425.0,50.65,1975.0,5925.0,373.45,374.7,358.3,1.841,2026-02-03 23:02,51975
BRITANNIA,2026-02-24,4800.0,0.0,0.0,0.0,0.0,0.0,0.0,5882.0,5975.5,5821.0,-0.11,2026-02-03 23:02,21240
BRITANNIA,2026-02-24,4900.0,0.0,0.0,0.0,1.55,57250.0,2625.0,5882.0,5975.5,5821.0,-0.11,2026-02-03 23:02,17490
BRITANNIA,2026-02-24,5000.0,785.0,250.0,0.0,3.05,42000.0,14000.0,5882.0,5975.5,5821.0,-0.11,2026-02-03 23:02,14304
BRITANNIA,2026-02-24,5100.0,0.0,0.0,0.0,4.75,3500.0,250.0,5882.0,5975.5,5821.0,-0.11,2026-02-03 23:02,11555
BRITANNIA,2026-02-24,5150.0,0.0,0.0,0.0,8.75,125.0,0.0,5882.0,5975.5,5821.0,-0.11,2026-02-03 23:02,10194
BRITANNIA,2026-02-24,5200.0,0.0,0.0,0.0,7.7,12375.0,1875.0,5882.0,5975.5,5821.0,-0.11,2026-02-03 23:02,8834
BRITANNIA,2026-02-24,5250.0,0.0,0.0,0.0,0.0,0.0,0.0,5882.0,5975.5,5821.0,-0.11,2026-02-03 23:02,7527
BRITANNIA,2026-02-24,5300.0,501.0,125.0,0.0,13.2,29750.0,2750.0,5882.0,5975.5,5821.0,-0.11,2026-02-03 23:02,6230
BRITANNIA,2026-02-24,5350.0,0.0,0.0,0.0,0.0,0.0,0.0,5882.0,5975.5,5821.0,-0.11,2026-02-03 23:02,5049
BRITANNIA,2026-02-24,5400.0,688.15,500.0,0.0,20.8,24250.0,29750.0,5882.0,5975.5,5821.0,-0.11,2026-02-03 23:02,3901
BRITANNIA,2026-02-24,5450.0,0.0,0.0,0.0,37.2,1375.0,0.0,5882.0,5975.5,5821.0,-0.11,2026-02-03 23:02,2860
BRITANNIA,2026-02-24,5500.0,342.65,1250.0,0.0,33.25,22125.0,17125.0,5882.0,5975.5,5821.0,-0.11,2026-02-03 23:02,1838
BRITANNIA,2026-02-24,5550.0,389.8,250.0,0.0,41.45,2875.0,1500.0,5882.0,5975.5,5821.0,-0.11,2026-02-03 23:02,906
BRITANNIA,2026-02-24,5600.0,352.05,2750.0,0.0,49.95,19625.0,10625.0,5882.0,5975.5,5821.0,-0.11,2026-02-03 23:02,19
BRITANNIA,2026-02-24,5650.0,286.75,1250.0,375.0,62.5,7875.0,4875.0,5882.0,5975.5,5821.0,-0.11,2026-02-03 23:02,-754
BRITANNIA,2026-02-24,5700.0,274.0,7750.0,5875.0,76.0,31500.0,21875.0,5882.0,5975.5,5821.0,-0.11,2026-02-03 23:02,-1495
BRITANNIA,2026-02-24,5750.0,241.8,5375.0,1625.0,88.0,13250.0,7000.0,5882.0,5975.5,5821.0,-0.11,2026-02-03 23:02,-2054
BRITANNIA,2026-02-24,5800.0,208.0,20125.0,47875.0,111.15,32125.0,49750.0,5882.0,5975.5,5821.0,-0.11,2026-02-03 23:02,-2478
BRITANNIA,2026-02-24,5850.0,176.0,12375.0,65875.0,128.0,15500.0,30500.0,5882.0,5975.5,5821.0,-0.11,2026-02-03 23:02,-2594
BRITANNIA,2026-02-24,5900.0,151.0,49375.0,110875.0,157.75,30250.0,56750.0,5882.0,5975.5,5821.0,-0.11,2026-02-03 23:02,-2612
BRITANNIA,2026-02-24,5950.0,127.0,14125.0,14250.0,179.15,4125.0,3625.0,5882.0,5975.5,5821.0,-0.11,2026-02-03 23:02,-1983
BRITANNIA,2026-02-24,6000.0,108.0,53875.0,124500.0,208.55,12875.0,8125.0,5882.0,5975.5,5821.0,-0.11,2026-02-03 23:02,-1425
BRITANNIA,2026-02-24,6050.0,90.75,5875.0,6125.0,348.2,375.0,0.0,5882.0,5975.5,5821.0,-0.11,2026-02-03 23:02,-326
BRITANNIA,2026-02-24,6100.0,73.75,49625.0,25500.0,275.0,6625.0,3375.0,5882.0,5975.5,5821.0,-0.11,2026-02-03 23:02,530
BRITANNIA,2026-02-24,6150.0,52.6,3375.0,0.0,0.0,0.0,0.0,5882.0,5975.5,5821.0,-0.11,2026-02-03 23:02,1812
BRITANNIA,2026-02-24,6200.0,50.05,34125.0,33375.0,381.8,1875.0,0.0,5882.0,5975.5,5821.0,-0.11,2026-02-03 23:02,2944
BRITANNIA,2026-02-24,6250.0,42.0,17375.0,4125.0,0.0,0.0,0.0,5882.0,5975.5,5821.0,-0.11,2026-02-03 23:02,4339
BRITANNIA,2026-02-24,6300.0,33.5,26875.0,17000.0,436.2,1125.0,0.0,5882.0,5975.5,5821.0,-0.11,2026-02-03 23:02,5793
BRITANNIA,2026-02-24,6350.0,29.35,3625.0,4250.0,0.0,0.0,0.0,5882.0,5975.5,5821.0,-0.11,2026-02-03 23:02,7356
BRITANNIA,2026-02-24,6400.0,22.5,25625.0,18250.0,597.95,1250.0,0.0,5882.0,5975.5,5821.0,-0.11,2026-02-03 23:02,8907
BRITANNIA,2026-02-24,6450.0,0.0,0.0,0.0,0.0,0.0,0.0,5882.0,5975.5,5821.0,-0.11,2026-02-03 23:02,10564
BRITANNIA,2026-02-24,6500.0,14.2,97625.0,84375.0,0.0,0.0,0.0,5882.0,5975.5,5821.0,-0.11,2026-02-03 23:02,12239
BRITANNIA,2026-02-24,6550.0,11.65,4625.0,4000.0,0.0,0.0,0.0,5882.0,5975.5,5821.0,-0.11,2026-02-03 23:02,14540
BRITANNIA,2026-02-24,6600.0,9.05,68625.0,9000.0,670.0,125.0,0.0,5882.0,5975.5,5821.0,-0.11,2026-02-03 23:02,16731
BRITANNIA,2026-02-24,6650.0,7.1,1625.0,125.0,0.0,0.0,0.0,5882.0,5975.5,5821.0,-0.11,2026-02-03 23:02,19314
BRITANNIA,2026-02-24,6700.0,4.5,83750.0,7375.0,0.0,0.0,0.0,5882.0,5975.5,5821.0,-0.11,2026-02-03 23:02,21853
BRITANNIA,2026-02-24,6750.0,3.7,7000.0,2500.0,0.0,0.0,0.0,5882.0,5975.5,5821.0,-0.11,2026-02-03 23:02,24846
BRITANNIA,2026-02-24,6800.0,3.9,39125.0,4500.0,1040.0,625.0,0.0,5882.0,5975.5,5821.0,-0.11,2026-02-03 23:02,27840
BRITANNIA,2026-02-24,6900.0,2.8,1250.0,0.0,0.0,0.0,0.0,5882.0,5975.5,5821.0,-0.11,2026-02-03 23:02,34171
BRITANNIA,2026-02-24,7000.0,2.25,4625.0,7000.0,1130.0,250.0,0.0,5882.0,5975.5,5821.0,-0.11,2026-02-03 23:02,40563
BRITANNIA,2026-02-24,7100.0,1.2,375.0,0.0,0.0,0.0,0.0,5882.0,5975.5,5821.0,-0.11,2026-02-03 23:02,46977
BSE,2026-02-24,1400.0,0.0,0.0,0.0,0.0,0.0,0.0,2860.8,2929.2,2793.8,5.893,2026-02-03 23:02,515679
BSE,2026-02-24,1500.0,0.0,0.0,0.0,0.0,0.0,0.0,2860.8,2929.2,2793.8,5.893,2026-02-03 23:02,466329
BSE,2026-02-24,1600.0,0.0,0.0,0.0,0.0,0.0,0.0,2860.8,2929.2,2793.8,5.893,2026-02-03 23:02,416979
BSE,2026-02-24,1700.0,0.0,0.0,0.0,0.0,0.0,0.0,2860.8,2929.2,2793.8,5.893,2026-02-03 23:02,367629
BSE,2026-02-24,1800.0,0.0,0.0,0.0,0.0,0.0,0.0,2860.8,2929.2,2793.8,5.893,2026-02-03 23:02,318279
BSE,2026-02-24,1850.0,0.0,0.0,0.0,0.0,0.0,0.0,2860.8,2929.2,2793.8,5.893,2026-02-03 23:02,293604
BSE,2026-02-24,1900.0,0.0,0.0,0.0,0.0,0.0,0.0,2860.8,2929.2,2793.8,5.893,2026-02-03 23:02,268929
BSE,2026-02-24,1950.0,0.0,0.0,0.0,0.0,0.0,0.0,2860.8,2929.2,2793.8,5.893,2026-02-03 23:02,244254
BSE,2026-02-24,2000.0,0.0,0.0,0.0,0.0,0.0,0.0,2860.8,2929.2,2793.8,5.893,2026-02-03 23:02,219579
BSE,2026-02-24,2050.0,0.0,0.0,0.0,4.4,59250.0,73875.0,2860.8,2929.2,2793.8,5.893,2026-02-03 23:02,194904
BSE,2026-02-24,2100.0,0.0,0.0,0.0,5.3,121125.0,187125.0,2860.8,2929.2,2793.8,5.893,2026-02-03 23:02,170499
BSE,2026-02-24,2150.0,513.0,1500.0,0.0,6.4,14625.0,16875.0,2860.8,2929.2,2793.8,5.893,2026-02-03 23:02,146662
BSE,2026-02-24,2200.0,676.0,7875.0,0.0,7.5,424875.0,345750.0,2860.8,2929.2,2793.8,5.893,2026-02-03 23:02,123037
BSE,2026-02-24,2250.0,360.0,1125.0,0.0,8.5,39750.0,185625.0,2860.8,2929.2,2793.8,5.893,2026-02-03 23:02,101722
BSE,2026-02-24,2300.0,391.5,3000.0,0.0,10.25,279000.0,313500.0,2860.8,2929.2,2793.8,5.893,2026-02-03 23:02,80405
BSE,2026-02-24,2350.0,0.0,0.0,0.0,12.65,34500.0,96375.0,2860.8,2929.2,2793.8,5.893,2026-02-03 23:02,60322
BSE,2026-02-24,2400.0,492.75,28875.0,15375.0,15.5,267000.0,420750.0,2860.8,2929.2,2793.8,5.893,2026-02-03 23:02,40536
BSE,2026-02-24,2450.0,442.7,11625.0,11250.0,18.55,52875.0,230625.0,2860.8,2929.2,2793.8,5.893,2026-02-03 23:02,23283
BSE,2026-02-24,2500.0,384.35,249750.0,121125.0,23.35,704250.0,1393875.0,2860.8,2929.2,2793.8,5.893,2026-02-03 23:02,5759
BSE,2026-02-24,2550.0,343.0,67125.0,63375.0,29.15,111000.0,383250.0,2860.8,2929.2,2793.8,5.893,2026-02-03 23:02,544
BSE,2026-02-24,2600.0,297.3,344250.0,561000.0,36.15,493875.0,1397250.0,2860.8,2929.2,2793.8,5.893,2026-02-03 23:02,-9756
BSE,2026-02-24,2650.0,259.05,95625.0,180000.0,46.25,215625.0,570750.0,2860.8,2929.2,2793.8,5.893,2026-02-03 23:02,-9395
BSE,2026-02-24,2700.0,223.05,540000.0,798750.0,57.4,570750.0,1473375.0,2860.8,2929.2,2793.8,5.893,2026-02-03 23:02,-14448
BSE,2026-02-24,2750.0,186.75,151125.0,483375.0,72.8,182250.0,474000.0,2860.8,2929.2,2793.8,5.893,2026-02-03 23:02,-6658
BSE,2026-02-24,2800.0,156.1,394875.0,2105250.0,91.0,542250.0,1977750.0,2860.8,2929.2,2793.8,5.893,2026-02-03 23:02,-4474
BSE,2026-02-24,2850.0,129.0,361500.0,1874250.0,113.5,265125.0,1198875.0,2860.8,2929.2,2793.8,5.893,2026-02-03 23:02,2128
BSE,2026-02-24,2900.0,105.45,700500.0,2900625.0,138.1,294000.0,573375.0,2860.8,2929.2,2793.8,5.893,2026-02-03 23:02,12289
BSE,2026-02-24,2950.0,84.65,187875.0,710250.0,171.15,34125.0,110250.0,2860.8,2929.2,2793.8,5.893,2026-02-03 23:02,29095
BSE,2026-02-24,3000.0,68.0,858000.0,3253875.0,200.1,94875.0,208875.0,2860.8,2929.2,2793.8,5.893,2026-02-03 23:02,44691
BSE,2026-02-24,3050.0,54.25,111750.0,528000.0,238.05,55875.0,40875.0,2860.8,2929.2,2793.8,5.893,2026-02-03 23:02,67980
BSE,2026-02-24,3100.0,43.0,488250.0,1451250.0,275.35,60000.0,42375.0,2860.8,2929.2,2793.8,5.893,2026-02-03 23:02,87448
BSE,2026-02-24,3150.0,34.75,750.0,1500.0,0.0,0.0,0.0,2860.8,2929.2,2793.8,5.893,2026-02-03 23:02,110829
BSE,2026-02-24,3200.0,26.55,632625.0,1524000.0,353.0,12000.0,4500.0,2860.8,2929.2,2793.8,5.893,2026-02-03 23:02,133768
BSE,2026-02-24,3250.0,20.0,7500.0,29250.0,0.0,0.0,0.0,2860.8,2929.2,2793.8,5.893,2026-02-03 23:02,161184
BSE,2026-02-24,3300.0,16.0,267000.0,834750.0,447.05,6000.0,1875.0,2860.8,2929.2,2793.8,5.893,2026-02-03 23:02,187397
BSE,2026-02-24,3350.0,0.0,0.0,0.0,0.0,0.0,0.0,2860.8,2929.2,2793.8,5.893,2026-02-03 23:02,215118
BSE,2026-02-24,3400.0,176.75,0.0,0.0,684.9,0.0,0.0,2860.8,2929.2,2793.8,5.893,2026-02-03 23:02,242681
BSE,2026-02-24,3450.0,0.0,0.0,0.0,0.0,0.0,0.0,2860.8,2929.2,2793.8,5.893,2026-02-03 23:02,270243
BSE,2026-02-24,3500.0,0.0,0.0,0.0,0.0,0.0,0.0,2860.8,2929.2,2793.8,5.893,2026-02-03 23:02,297806
BSE,2026-02-24,3550.0,0.0,0.0,0.0,0.0,0.0,0.0,2860.8,2929.2,2793.8,5.893,2026-02-03 23:02,325368
BSE,2026-02-24,3600.0,0.0,0.0,0.0,0.0,0.0,0.0,2860.8,2929.2,2793.8,5.893,2026-02-03 23:02,352931
BSE,2026-02-24,3700.0,0.0,0.0,0.0,0.0,0.0,0.0,2860.8,2929.2,2793.8,5.893,2026-02-03 23:02,408056
BSE,2026-02-24,3800.0,0.0,0.0,0.0,0.0,0.0,0.0,2860.8,2929.2,2793.8,5.893,2026-02-03 23:02,463181
BSE,2026-02-24,3900.0,0.0,0.0,0.0,0.0,0.0,0.0,2860.8,2929.2,2793.8,5.893,2026-02-03 23:02,518306
BSE,2026-02-24,4000.0,0.0,0.0,0.0,0.0,0.0,0.0,2860.8,2929.2,2793.8,5.893,2026-02-03 23:02,573431
BSE,2026-02-24,4100.0,0.0,0.0,0.0,0.0,0.0,0.0,2860.8,2929.2,2793.8,5.893,2026-02-03 23:02,628556
CAMS,2026-02-24,560.0,167.85,2250.0,2250.0,1.2,70500.0,66750.0,728.45,740.0,718.7,4.979,2026-02-03 23:02,29465
CAMS,2026-02-24,570.0,0.0,0.0,0.0,0.0,0.0,0.0,728.45,740.0,718.7,4.979,2026-02-03 23:02,27047
CAMS,2026-02-24,580.0,127.3,0.0,0.0,2.65,43500.0,0.0,728.45,740.0,718.7,4.979,2026-02-03 23:02,24600
CAMS,2026-02-24,590.0,0.0,0.0,0.0,0.0,0.0,0.0,728.45,740.0,718.7,4.979,2026-02-03 23:02,22185
CAMS,2026-02-24,600.0,102.0,1500.0,0.0,1.75,133500.0,75000.0,728.45,740.0,718.7,4.979,2026-02-03 23:02,19781
CAMS,2026-02-24,610.0,0.0,0.0,0.0,1.8,9000.0,3750.0,728.45,740.0,718.7,4.979,2026-02-03 23:02,17504
CAMS,2026-02-24,620.0,0.0,0.0,0.0,2.4,57750.0,43500.0,728.45,740.0,718.7,4.979,2026-02-03 23:02,15243
CAMS,2026-02-24,630.0,0.0,0.0,0.0,2.7,31500.0,42750.0,728.45,740.0,718.7,4.979,2026-02-03 23:02,13027
CAMS,2026-02-24,640.0,85.0,5250.0,3000.0,2.95,44250.0,65250.0,728.45,740.0,718.7,4.979,2026-02-03 23:02,10848
CAMS,2026-02-24,650.0,52.6,3000.0,0.0,3.6,172500.0,242250.0,728.45,740.0,718.7,4.979,2026-02-03 23:02,8759
CAMS,2026-02-24,660.0,45.45,9000.0,0.0,4.3,79500.0,123750.0,728.45,740.0,718.7,4.979,2026-02-03 23:02,6767
CAMS,2026-02-24,670.0,68.2,23250.0,12000.0,5.25,70500.0,102750.0,728.45,740.0,718.7,4.979,2026-02-03 23:02,4917
CAMS,2026-02-24,680.0,55.4,45000.0,48000.0,7.0,307500.0,198000.0,728.45,740.0,718.7,4.979,2026-02-03 23:02,3275
CAMS,2026-02-24,690.0,46.4,99750.0,81000.0,8.25,138750.0,132750.0,728.45,740.0,718.7,4.979,2026-02-03 23:02,1898
CAMS,2026-02-24,700.0,39.0,370500.0,321000.0,10.8,393750.0,291750.0,728.45,740.0,718.7,4.979,2026-02-03 23:02,1074
CAMS,2026-02-24,710.0,32.3,233250.0,192750.0,13.65,248250.0,197250.0,728.45,740.0,718.7,4.979,2026-02-03 23:02,1686
CAMS,2026-02-24,720.0,25.3,166500.0,306000.0,17.2,163500.0,258750.0,728.45,740.0,718.7,4.979,2026-02-03 23:02,2174
CAMS,2026-02-24,730.0,20.35,100500.0,281250.0,21.65,95250.0,212250.0,728.45,740.0,718.7,4.979,2026-02-03 23:02,2718
CAMS,2026-02-24,740.0,15.75,132750.0,228000.0,26.9,68250.0,91500.0,728.45,740.0,718.7,4.979,2026-02-03 23:02,3315
CAMS,2026-02-24,750.0,12.0,204750.0,487500.0,33.0,35250.0,38250.0,728.45,740.0,718.7,4.979,2026-02-03 23:02,4141
CAMS,2026-02-24,760.0,9.5,150750.0,188250.0,37.8,110250.0,39000.0,728.45,740.0,718.7,4.979,2026-02-03 23:02,5311
CAMS,2026-02-24,770.0,7.15,43500.0,66750.0,0.0,0.0,0.0,728.45,740.0,718.7,4.979,2026-02-03 23:02,6338
CAMS,2026-02-24,780.0,5.3,197250.0,247500.0,52.35,57000.0,5250.0,728.45,740.0,718.7,4.979,2026-02-03 23:02,7714
CAMS,2026-02-24,790.0,6.25,750.0,0.0,118.75,750.0,0.0,728.45,740.0,718.7,4.979,2026-02-03 23:02,9119
CAMS,2026-02-24,800.0,2.9,348000.0,645750.0,71.1,87750.0,6000.0,728.45,740.0,718.7,4.979,2026-02-03 23:02,10711
CAMS,2026-02-24,810.0,0.0,0.0,0.0,87.9,750.0,0.0,728.45,740.0,718.7,4.979,2026-02-03 23:02,12225
CAMS,2026-02-24,820.0,1.9,57000.0,116250.0,120.0,5250.0,0.0,728.45,740.0,718.7,4.979,2026-02-03 23:02,14255
CAMS,2026-02-24,830.0,0.0,0.0,0.0,123.75,1500.0,0.0,728.45,740.0,718.7,4.979,2026-02-03 23:02,16302
CAMS,2026-02-24,840.0,0.6,14250.0,0.0,133.0,26250.0,0.0,728.45,740.0,718.7,4.979,2026-02-03 23:02,18384
CAMS,2026-02-24,860.0,0.7,9000.0,0.0,155.25,41250.0,0.0,728.45,740.0,718.7,4.979,2026-02-03 23:02,22318
CAMS,2026-02-24,880.0,0.75,20250.0,0.0,169.65,26250.0,0.0,728.45,740.0,718.7,4.979,2026-02-03 23:02,26062
CAMS,2026-02-24,920.0,0.05,3750.0,750.0,0.0,0.0,0.0,728.45,740.0,718.7,4.979,2026-02-03 23:02,34570
CANBK,2026-02-24,118.0,0.0,0.0,0.0,0.0,0.0,0.0,147.34,157.5,146.88,0.594,2026-02-03 23:02,206794
CANBK,2026-02-24,119.0,0.0,0.0,0.0,0.0,0.0,0.0,147.34,157.5,146.88,0.594,2026-02-03 23:02,198321
CANBK,2026-02-24,120.0,0.0,0.0,0.0,0.12,378000.0,54000.0,147.34,157.5,146.88,0.594,2026-02-03 23:02,189847
CANBK,2026-02-24,121.0,0.0,0.0,0.0,0.0,0.0,0.0,147.34,157.5,146.88,0.594,2026-02-03 23:02,181407
CANBK,2026-02-24,122.0,0.0,0.0,0.0,0.17,573750.0,0.0,147.34,157.5,146.88,0.594,2026-02-03 23:02,172972
CANBK,2026-02-24,123.0,0.0,0.0,0.0,0.0,0.0,0.0,147.34,157.5,146.88,0.594,2026-02-03 23:02,164584
CANBK,2026-02-24,124.0,0.0,0.0,0.0,0.2,303750.0,168750.0,147.34,157.5,146.88,0.594,2026-02-03 23:02,156206
CANBK,2026-02-24,125.0,0.0,0.0,0.0,0.22,364500.0,263250.0,147.34,157.5,146.88,0.594,2026-02-03 23:02,147852
CANBK,2026-02-24,126.0,0.0,0.0,0.0,0.25,432000.0,229500.0,147.34,157.5,146.88,0.594,2026-02-03 23:02,139533
CANBK,2026-02-24,127.0,0.0,0.0,0.0,0.32,276750.0,0.0,147.34,157.5,146.88,0.594,2026-02-03 23:02,131254
CANBK,2026-02-24,128.0,13.44,222750.0,0.0,0.33,1660500.0,972000.0,147.34,157.5,146.88,0.594,2026-02-03 23:02,123005
CANBK,2026-02-24,129.0,0.0,0.0,0.0,0.0,0.0,0.0,147.34,157.5,146.88,0.594,2026-02-03 23:02,115197
CANBK,2026-02-24,130.0,18.67,641250.0,40500.0,0.44,4110750.0,4043250.0,147.34,157.5,146.88,0.594,2026-02-03 23:02,107145
CANBK,2026-02-24,131.0,0.0,0.0,0.0,0.42,135000.0,67500.0,147.34,157.5,146.88,0.594,2026-02-03 23:02,100584
CANBK,2026-02-24,132.0,22.0,6750.0,0.0,0.49,337500.0,263250.0,147.34,157.5,146.88,0.594,2026-02-03 23:02,93015
CANBK,2026-02-24,133.0,9.48,6750.0,0.0,0.66,391500.0,101250.0,147.34,157.5,146.88,0.594,2026-02-03 23:02,85485
CANBK,2026-02-24,134.0,10.64,60750.0,0.0,0.76,884250.0,1248750.0,147.34,157.5,146.88,0.594,2026-02-03 23:02,77976
CANBK,2026-02-24,135.0,13.02,27000.0,0.0,0.88,2079000.0,4664250.0,147.34,157.5,146.88,0.594,2026-02-03 23:02,70579
CANBK,2026-02-24,136.0,10.0,54000.0,0.0,0.98,1788750.0,2004750.0,147.34,157.5,146.88,0.594,2026-02-03 23:02,63247
CANBK,2026-02-24,137.0,10.35,303750.0,0.0,1.12,391500.0,648000.0,147.34,157.5,146.88,0.594,2026-02-03 23:02,56126
CANBK,2026-02-24,138.0,11.68,108000.0,33750.0,1.32,1552500.0,2875500.0,147.34,157.5,146.88,0.594,2026-02-03 23:02,49466
CANBK,2026-02-24,139.0,10.2,94500.0,6750.0,1.48,1215000.0,1417500.0,147.34,157.5,146.88,0.594,2026-02-03 23:02,42624
CANBK,2026-02-24,140.0,9.75,2241000.0,1019250.0,1.71,12244500.0,9416250.0,147.34,157.5,146.88,0.594,2026-02-03 23:02,35907
CANBK,2026-02-24,141.0,8.99,263250.0,162000.0,1.9,1478250.0,1113750.0,147.34,157.5,146.88,0.594,2026-02-03 23:02,30813
CANBK,2026-02-24,142.0,8.26,310500.0,175500.0,2.21,1444500.0,1991250.0,147.34,157.5,146.88,0.594,2026-02-03 23:02,25759
CANBK,2026-02-24,143.0,7.58,378000.0,216000.0,2.52,1289250.0,2079000.0,147.34,157.5,146.88,0.594,2026-02-03 23:02,20861
CANBK,2026-02-24,144.0,6.85,438750.0,357750.0,2.86,1134000.0,978750.0,147.34,157.5,146.88,0.594,2026-02-03 23:02,16154
CANBK,2026-02-24,145.0,6.2,4171500.0,5960250.0,3.24,7904250.0,7823250.0,147.34,157.5,146.88,0.594,2026-02-03 23:02,11619
CANBK,2026-02-24,146.0,5.7,499500.0,924750.0,3.68,1714500.0,1694250.0,147.34,157.5,146.88,0.594,2026-02-03 23:02,8341
CANBK,2026-02-24,147.0,5.15,594000.0,1140750.0,4.15,1343250.0,1269000.0,147.34,157.5,146.88,0.594,2026-02-03 23:02,4913
CANBK,2026-02-24,148.0,4.67,1896750.0,3462750.0,4.63,1633500.0,1606500.0,147.34,157.5,146.88,0.594,2026-02-03 23:02,1773
CANBK,2026-02-24,149.0,4.15,2760750.0,4900500.0,5.16,1478250.0,2875500.0,147.34,157.5,146.88,0.594,2026-02-03 23:02,-632
CANBK,2026-02-24,150.0,3.75,16139250.0,29720250.0,5.7,12487500.0,12771000.0,147.34,157.5,146.88,0.594,2026-02-03 23:02,-2360
CANBK,2026-02-24,151.0,3.39,1829250.0,4232250.0,6.35,1086750.0,1525500.0,147.34,157.5,146.88,0.594,2026-02-03 23:02,-2675
CANBK,2026-02-24,152.0,3.03,3732750.0,5919750.0,6.56,972000.0,290250.0,147.34,157.5,146.88,0.594,2026-02-03 23:02,-1702
CANBK,2026-02-24,153.0,2.77,2976750.0,3570750.0,7.61,1005750.0,148500.0,147.34,157.5,146.88,0.594,2026-02-03 23:02,304
CANBK,2026-02-24,154.0,2.45,2693250.0,3260250.0,7.17,1633500.0,270000.0,147.34,157.5,146.88,0.594,2026-02-03 23:02,2275
CANBK,2026-02-24,155.0,2.18,12453750.0,19399500.0,9.06,4394250.0,594000.0,147.34,157.5,146.88,0.594,2026-02-03 23:02,4108
CANBK,2026-02-24,156.0,1.99,2031750.0,3199500.0,9.96,614250.0,101250.0,147.34,157.5,146.88,0.594,2026-02-03 23:02,6871
CANBK,2026-02-24,157.0,1.8,1782000.0,1343250.0,9.5,1032750.0,162000.0,147.34,157.5,146.88,0.594,2026-02-03 23:02,10957
CANBK,2026-02-24,158.0,1.6,2727000.0,3064500.0,11.34,843750.0,74250.0,147.34,157.5,146.88,0.594,2026-02-03 23:02,14872
CANBK,2026-02-24,159.0,1.45,3030750.0,2200500.0,18.01,1559250.0,0.0,147.34,157.5,146.88,0.594,2026-02-03 23:02,19283
CANBK,2026-02-24,160.0,1.32,29234250.0,19588500.0,12.97,6277500.0,513000.0,147.34,157.5,146.88,0.594,2026-02-03 23:02,22306
CANBK,2026-02-24,161.0,1.17,2848500.0,2173500.0,14.48,1491750.0,0.0,147.34,157.5,146.88,0.594,2026-02-03 23:02,26965
CANBK,2026-02-24,162.0,1.07,3422250.0,1147500.0,18.23,607500.0,0.0,147.34,157.5,146.88,0.594,2026-02-03 23:02,34515
CANBK,2026-02-24,163.0,0.98,1289250.0,830250.0,16.18,74250.0,0.0,147.34,157.5,146.88,0.594,2026-02-03 23:02,43553
CANBK,2026-02-24,164.0,0.87,1302750.0,405000.0,16.0,27000.0,6750.0,147.34,157.5,146.88,0.594,2026-02-03 23:02,53475
CANBK,2026-02-24,165.0,0.79,10246500.0,8579250.0,19.3,1127250.0,0.0,147.34,157.5,146.88,0.594,2026-02-03 23:02,63594
CANBK,2026-02-24,166.0,0.72,1208250.0,715500.0,10.72,128250.0,0.0,147.34,157.5,146.88,0.594,2026-02-03 23:02,73414
CANBK,2026-02-24,167.0,0.69,1282500.0,621000.0,18.04,54000.0,0.0,147.34,157.5,146.88,0.594,2026-02-03 23:02,84683
CANBK,2026-02-24,168.0,0.59,837000.0,391500.0,0.0,0.0,0.0,147.34,157.5,146.88,0.594,2026-02-03 23:02,96127
CANBK,2026-02-24,169.0,0.54,648000.0,526500.0,0.0,0.0,0.0,147.34,157.5,146.88,0.594,2026-02-03 23:02,107714
CANBK,2026-02-24,170.0,0.5,15396750.0,9031500.0,22.39,681750.0,499500.0,147.34,157.5,146.88,0.594,2026-02-03 23:02,119351
CANBK,2026-02-24,172.0,0.42,762750.0,641250.0,0.0,0.0,0.0,147.34,157.5,146.88,0.594,2026-02-03 23:02,145014
CANBK,2026-02-24,174.0,0.35,1856250.0,756000.0,0.0,0.0,0.0,147.34,157.5,146.88,0.594,2026-02-03 23:02,171618
CANBK,2026-02-24,176.0,0.3,2268000.0,587250.0,0.0,0.0,0.0,147.34,157.5,146.88,0.594,2026-02-03 23:02,198626
CANBK,2026-02-24,178.0,0.27,931500.0,627750.0,0.0,0.0,0.0,147.34,157.5,146.88,0.594,2026-02-03 23:02,226091
CANBK,2026-02-24,180.0,0.22,8424000.0,5656500.0,23.28,94500.0,0.0,147.34,157.5,146.88,0.594,2026-02-03 23:02,253699
CDSL,2026-02-24,520.0,0.0,0.0,0.0,0.0,0.0,0.0,1343.0,1357.3,1318.4,8.552,2026-02-03 23:02,411238
CDSL,2026-02-24,560.0,0.0,0.0,0.0,0.0,0.0,0.0,1343.0,1357.3,1318.4,8.552,2026-02-03 23:02,389661
CDSL,2026-02-24,600.0,0.0,0.0,0.0,0.0,0.0,0.0,1343.0,1357.3,1318.4,8.552,2026-02-03 23:02,368085
CDSL,2026-02-24,640.0,0.0,0.0,0.0,0.0,0.0,0.0,1343.0,1357.3,1318.4,8.552,2026-02-03 23:02,346508
CDSL,2026-02-24,680.0,0.0,0.0,0.0,0.0,0.0,0.0,1343.0,1357.3,1318.4,8.552,2026-02-03 23:02,324932
CDSL,2026-02-24,720.0,0.0,0.0,0.0,0.0,0.0,0.0,1343.0,1357.3,1318.4,8.552,2026-02-03 23:02,303356
CDSL,2026-02-24,760.0,0.0,0.0,0.0,0.0,0.0,0.0,1343.0,1357.3,1318.4,8.552,2026-02-03 23:02,281779
CDSL,2026-02-24,780.0,0.0,0.0,0.0,0.0,0.0,0.0,1343.0,1357.3,1318.4,8.552,2026-02-03 23:02,270991
CDSL,2026-02-24,800.0,0.0,0.0,0.0,0.0,0.0,0.0,1343.0,1357.3,1318.4,8.552,2026-02-03 23:02,260203
CDSL,2026-02-24,820.0,0.0,0.0,0.0,0.0,0.0,0.0,1343.0,1357.3,1318.4,8.552,2026-02-03 23:02,249415
CDSL,2026-02-24,840.0,0.0,0.0,0.0,0.0,0.0,0.0,1343.0,1357.3,1318.4,8.552,2026-02-03 23:02,238626
CDSL,2026-02-24,860.0,0.0,0.0,0.0,0.0,0.0,0.0,1343.0,1357.3,1318.4,8.552,2026-02-03 23:02,227838
CDSL,2026-02-24,880.0,0.0,0.0,0.0,0.0,0.0,0.0,1343.0,1357.3,1318.4,8.552,2026-02-03 23:02,217050
CDSL,2026-02-24,900.0,0.0,0.0,0.0,0.0,0.0,0.0,1343.0,1357.3,1318.4,8.552,2026-02-03 23:02,206262
CDSL,2026-02-24,920.0,0.0,0.0,0.0,0.0,0.0,0.0,1343.0,1357.3,1318.4,8.552,2026-02-03 23:02,195474
CDSL,2026-02-24,940.0,0.0,0.0,0.0,0.0,0.0,0.0,1343.0,1357.3,1318.4,8.552,2026-02-03 23:02,184685
CDSL,2026-02-24,960.0,0.0,0.0,0.0,0.0,0.0,0.0,1343.0,1357.3,1318.4,8.552,2026-02-03 23:02,173897
CDSL,2026-02-24,980.0,0.0,0.0,0.0,0.0,0.0,0.0,1343.0,1357.3,1318.4,8.552,2026-02-03 23:02,163109
CDSL,2026-02-24,1000.0,0.0,0.0,0.0,2.4,99275.0,154375.0,1343.0,1357.3,1318.4,8.552,2026-02-03 23:02,152321
CDSL,2026-02-24,1020.0,0.0,0.0,0.0,0.0,0.0,0.0,1343.0,1357.3,1318.4,8.552,2026-02-03 23:02,141707
CDSL,2026-02-24,1040.0,0.0,0.0,0.0,2.7,19475.0,15200.0,1343.0,1357.3,1318.4,8.552,2026-02-03 23:02,131118
CDSL,2026-02-24,1060.0,0.0,0.0,0.0,3.25,58425.0,67925.0,1343.0,1357.3,1318.4,8.552,2026-02-03 23:02,120562
CDSL,2026-02-24,1080.0,0.0,0.0,0.0,3.45,83125.0,92625.0,1343.0,1357.3,1318.4,8.552,2026-02-03 23:02,110109
CDSL,2026-02-24,1100.0,140.05,950.0,0.0,4.2,161025.0,294500.0,1343.0,1357.3,1318.4,8.552,2026-02-03 23:02,99813
CDSL,2026-02-24,1120.0,225.0,7600.0,1900.0,4.75,139650.0,251275.0,1343.0,1357.3,1318.4,8.552,2026-02-03 23:02,89815
CDSL,2026-02-24,1140.0,110.15,14725.0,0.0,5.5,105925.0,222775.0,1343.0,1357.3,1318.4,8.552,2026-02-03 23:02,80270
CDSL,2026-02-24,1160.0,174.5,12825.0,2850.0,6.6,153425.0,344850.0,1343.0,1357.3,1318.4,8.552,2026-02-03 23:02,70966
CDSL,2026-02-24,1180.0,171.55,11875.0,7125.0,7.65,91200.0,242725.0,1343.0,1357.3,1318.4,8.552,2026-02-03 23:02,62013
CDSL,2026-02-24,1200.0,147.65,96900.0,129675.0,9.3,523450.0,1136675.0,1343.0,1357.3,1318.4,8.552,2026-02-03 23:02,53278
CDSL,2026-02-24,1220.0,129.7,86450.0,134425.0,11.35,220875.0,569050.0,1343.0,1357.3,1318.4,8.552,2026-02-03 23:02,46594
CDSL,2026-02-24,1240.0,113.0,122075.0,297350.0,13.6,184775.0,758100.0,1343.0,1357.3,1318.4,8.552,2026-02-03 23:02,40450
CDSL,2026-02-24,1260.0,95.35,125400.0,410875.0,17.05,140600.0,645050.0,1343.0,1357.3,1318.4,8.552,2026-02-03 23:02,35178
CDSL,2026-02-24,1280.0,81.55,94525.0,347225.0,21.65,159600.0,727700.0,1343.0,1357.3,1318.4,8.552,2026-02-03 23:02,30266
CDSL,2026-02-24,1300.0,66.35,340575.0,1583175.0,27.1,429400.0,1569875.0,1343.0,1357.3,1318.4,8.552,2026-02-03 23:02,25331
CDSL,2026-02-24,1320.0,53.7,303525.0,855000.0,34.5,227525.0,1089175.0,1343.0,1357.3,1318.4,8.552,2026-02-03 23:02,22608
CDSL,2026-02-24,1340.0,43.2,375725.0,2476650.0,43.35,317775.0,1216475.0,1343.0,1357.3,1318.4,8.552,2026-02-03 23:02,20695
CDSL,2026-02-24,1360.0,33.8,1105325.0,3007700.0,54.0,482125.0,487825.0,1343.0,1357.3,1318.4,8.552,2026-02-03 23:02,19569
CDSL,2026-02-24,1380.0,26.0,677825.0,1349950.0,65.8,216125.0,185250.0,1343.0,1357.3,1318.4,8.552,2026-02-03 23:02,22506
CDSL,2026-02-24,1400.0,19.6,789450.0,3240925.0,80.5,513000.0,154375.0,1343.0,1357.3,1318.4,8.552,2026-02-03 23:02,26438
CDSL,2026-02-24,1420.0,14.85,226575.0,807025.0,96.0,23275.0,950.0,1343.0,1357.3,1318.4,8.552,2026-02-03 23:02,30053
CDSL,2026-02-24,1440.0,11.2,273125.0,993700.0,111.0,102600.0,16625.0,1343.0,1357.3,1318.4,8.552,2026-02-03 23:02,36862
CDSL,2026-02-24,1460.0,8.4,249850.0,561925.0,123.5,74575.0,4750.0,1343.0,1357.3,1318.4,8.552,2026-02-03 23:02,43477
CDSL,2026-02-24,1480.0,6.75,253650.0,307325.0,144.35,45600.0,3800.0,1343.0,1357.3,1318.4,8.552,2026-02-03 23:02,50863
CDSL,2026-02-24,1500.0,5.25,589950.0,859750.0,165.4,335825.0,45600.0,1343.0,1357.3,1318.4,8.552,2026-02-03 23:02,59071
CDSL,2026-02-24,1520.0,4.45,382850.0,257925.0,302.0,25650.0,0.0,1343.0,1357.3,1318.4,8.552,2026-02-03 23:02,64373
CDSL,2026-02-24,1540.0,3.55,79325.0,127300.0,325.0,18050.0,0.0,1343.0,1357.3,1318.4,8.552,2026-02-03 23:02,75133
CDSL,2026-02-24,1560.0,3.05,53200.0,53675.0,250.0,18050.0,0.0,1343.0,1357.3,1318.4,8.552,2026-02-03 23:02,86133
CDSL,2026-02-24,1580.0,2.55,13775.0,18050.0,246.0,21850.0,0.0,1343.0,1357.3,1318.4,8.552,2026-02-03 23:02,97399
CDSL,2026-02-24,1600.0,2.15,182875.0,187150.0,258.0,232275.0,19950.0,1343.0,1357.3,1318.4,8.552,2026-02-03 23:02,108638
CDSL,2026-02-24,1620.0,1.8,10450.0,3800.0,209.7,0.0,0.0,1343.0,1357.3,1318.4,8.552,2026-02-03 23:02,115287
CDSL,2026-02-24,1640.0,121.8,0.0,0.0,323.0,26600.0,475.0,1343.0,1357.3,1318.4,8.552,2026-02-03 23:02,127913
CDSL,2026-02-24,1660.0,0.0,0.0,0.0,0.0,0.0,0.0,1343.0,1357.3,1318.4,8.552,2026-02-03 23:02,139730
CDSL,2026-02-24,1680.0,0.85,20425.0,4750.0,341.55,88350.0,16150.0,1343.0,1357.3,1318.4,8.552,2026-02-03 23:02,152407
CDSL,2026-02-24,1700.0,0.0,0.0,0.0,0.0,0.0,0.0,1343.0,1357.3,1318.4,8.552,2026-02-03 23:02,162286
CDSL,2026-02-24,1720.0,92.7,0.0,0.0,385.0,32775.0,0.0,1343.0,1357.3,1318.4,8.552,2026-02-03 23:02,175180
CDSL,2026-02-24,1740.0,0.0,0.0,0.0,0.0,0.0,0.0,1343.0,1357.3,1318.4,8.552,2026-02-03 23:02,186878
CDSL,2026-02-24,1760.0,80.45,0.0,0.0,239.85,0.0,0.0,1343.0,1357.3,1318.4,8.552,2026-02-03 23:02,199838
CDSL,2026-02-24,1780.0,0.0,0.0,0.0,0.0,0.0,0.0,1343.0,1357.3,1318.4,8.552,2026-02-03 23:02,212798
CDSL,2026-02-24,1800.0,69.6,0.0,0.0,465.0,21850.0,0.0,1343.0,1357.3,1318.4,8.552,2026-02-03 23:02,225758
CDSL,2026-02-24,1820.0,0.0,0.0,0.0,0.0,0.0,0.0,1343.0,1357.3,1318.4,8.552,2026-02-03 23:02,237745
CDSL,2026-02-24,1840.0,60.05,0.0,0.0,298.25,0.0,0.0,1343.0,1357.3,1318.4,8.552,2026-02-03 23:02,250749
CDSL,2026-02-24,1880.0,0.0,0.0,0.0,0.0,0.0,0.0,1343.0,1357.3,1318.4,8.552,2026-02-03 23:02,276756
CDSL,2026-02-24,1920.0,0.0,0.0,0.0,0.0,0.0,0.0,1343.0,1357.3,1318.4,8.552,2026-02-03 23:02,302763
CDSL,2026-02-24,1960.0,0.0,0.0,0.0,0.0,0.0,0.0,1343.0,1357.3,1318.4,8.552,2026-02-03 23:02,328770
CDSL,2026-02-24,2000.0,0.0,0.0,0.0,0.0,0.0,0.0,1343.0,1357.3,1318.4,8.552,2026-02-03 23:02,354778
CDSL,2026-02-24,2040.0,0.0,0.0,0.0,0.0,0.0,0.0,1343.0,1357.3,1318.4,8.552,2026-02-03 23:02,380785
CDSL,2026-02-24,2080.0,0.0,0.0,0.0,0.0,0.0,0.0,1343.0,1357.3,1318.4,8.552,2026-02-03 23:02,406792
CGPOWER,2026-02-24,280.0,0.0,0.0,0.0,0.0,0.0,0.0,661.55,669.15,650.8,8.745,2026-02-03 23:02,169810
CGPOWER,2026-02-24,300.0,0.0,0.0,0.0,0.0,0.0,0.0,661.55,669.15,650.8,8.745,2026-02-03 23:02,156378
CGPOWER,2026-02-24,320.0,0.0,0.0,0.0,0.0,0.0,0.0,661.55,669.15,650.8,8.745,2026-02-03 23:02,142946
CGPOWER,2026-02-24,340.0,0.0,0.0,0.0,0.0,0.0,0.0,661.55,669.15,650.8,8.745,2026-02-03 23:02,129515
CGPOWER,2026-02-24,360.0,0.0,0.0,0.0,0.0,0.0,0.0,661.55,669.15,650.8,8.745,2026-02-03 23:02,116083
CGPOWER,2026-02-24,370.0,0.0,0.0,0.0,0.0,0.0,0.0,661.55,669.15,650.8,8.745,2026-02-03 23:02,109367
CGPOWER,2026-02-24,380.0,0.0,0.0,0.0,0.0,0.0,0.0,661.55,669.15,650.8,8.745,2026-02-03 23:02,102651
CGPOWER,2026-02-24,390.0,0.0,0.0,0.0,0.0,0.0,0.0,661.55,669.15,650.8,8.745,2026-02-03 23:02,95935
CGPOWER,2026-02-24,400.0,0.0,0.0,0.0,0.0,0.0,0.0,661.55,669.15,650.8,8.745,2026-02-03 23:02,89220
CGPOWER,2026-02-24,410.0,0.0,0.0,0.0,0.0,0.0,0.0,661.55,669.15,650.8,8.745,2026-02-03 23:02,82504
CGPOWER,2026-02-24,420.0,0.0,0.0,0.0,0.0,0.0,0.0,661.55,669.15,650.8,8.745,2026-02-03 23:02,75788
CGPOWER,2026-02-24,430.0,0.0,0.0,0.0,0.0,0.0,0.0,661.55,669.15,650.8,8.745,2026-02-03 23:02,69072
CGPOWER,2026-02-24,440.0,249.65,0.0,0.0,0.55,17000.0,850.0,661.55,669.15,650.8,8.745,2026-02-03 23:02,62356
CGPOWER,2026-02-24,450.0,0.0,0.0,0.0,0.0,0.0,0.0,661.55,669.15,650.8,8.745,2026-02-03 23:02,55656
CGPOWER,2026-02-24,460.0,230.35,0.0,0.0,0.45,55250.0,28050.0,661.55,669.15,650.8,8.745,2026-02-03 23:02,48958
CGPOWER,2026-02-24,470.0,0.0,0.0,0.0,0.0,0.0,0.0,661.55,669.15,650.8,8.745,2026-02-03 23:02,42312
CGPOWER,2026-02-24,480.0,77.5,2550.0,0.0,0.55,99450.0,56100.0,661.55,669.15,650.8,8.745,2026-02-03 23:02,35668
CGPOWER,2026-02-24,490.0,94.2,13600.0,0.0,0.45,22950.0,18700.0,661.55,669.15,650.8,8.745,2026-02-03 23:02,29141
CGPOWER,2026-02-24,500.0,97.55,23800.0,0.0,0.4,725900.0,349350.0,661.55,669.15,650.8,8.745,2026-02-03 23:02,22763
CGPOWER,2026-02-24,510.0,72.4,7650.0,0.0,0.8,141100.0,64600.0,661.55,669.15,650.8,8.745,2026-02-03 23:02,17210
CGPOWER,2026-02-24,520.0,144.0,207400.0,7650.0,1.0,364650.0,77350.0,661.55,669.15,650.8,8.745,2026-02-03 23:02,11648
CGPOWER,2026-02-24,530.0,75.3,84150.0,0.0,1.1,405450.0,225250.0,661.55,669.15,650.8,8.745,2026-02-03 23:02,9563
CGPOWER,2026-02-24,540.0,125.1,134300.0,20400.0,1.3,260100.0,163200.0,661.55,669.15,650.8,8.745,2026-02-03 23:02,5608
CGPOWER,2026-02-24,550.0,115.65,255850.0,107100.0,1.6,527850.0,456450.0,661.55,669.15,650.8,8.745,2026-02-03 23:02,3103
CGPOWER,2026-02-24,560.0,102.45,201450.0,21250.0,1.9,225250.0,351050.0,661.55,669.15,650.8,8.745,2026-02-03 23:02,2611
CGPOWER,2026-02-24,570.0,95.95,215050.0,106250.0,2.25,321300.0,516800.0,661.55,669.15,650.8,8.745,2026-02-03 23:02,1692
CGPOWER,2026-02-24,580.0,83.9,286450.0,85000.0,2.8,367200.0,757350.0,661.55,669.15,650.8,8.745,2026-02-03 23:02,1279
CGPOWER,2026-02-24,590.0,74.3,277100.0,194650.0,3.4,269450.0,746300.0,661.55,669.15,650.8,8.745,2026-02-03 23:02,1829
CGPOWER,2026-02-24,600.0,65.35,622200.0,1018300.0,4.35,542300.0,2711500.0,661.55,669.15,650.8,8.745,2026-02-03 23:02,2593
CGPOWER,2026-02-24,610.0,56.5,336600.0,663000.0,5.75,323000.0,1630300.0,661.55,669.15,650.8,8.745,2026-02-03 23:02,6384
CGPOWER,2026-02-24,620.0,48.85,416500.0,924800.0,7.35,408850.0,1866600.0,661.55,669.15,650.8,8.745,2026-02-03 23:02,8721
CGPOWER,2026-02-24,630.0,41.15,220150.0,808350.0,9.75,324700.0,1965200.0,661.55,669.15,650.8,8.745,2026-02-03 23:02,11901
CGPOWER,2026-02-24,640.0,33.85,220150.0,923950.0,12.75,221850.0,1411850.0,661.55,669.15,650.8,8.745,2026-02-03 23:02,14481
CGPOWER,2026-02-24,650.0,28.0,487050.0,4157350.0,16.6,343400.0,2366400.0,661.55,669.15,650.8,8.745,2026-02-03 23:02,17376
CGPOWER,2026-02-24,660.0,22.65,374000.0,3811400.0,21.4,284750.0,2075700.0,661.55,669.15,650.8,8.745,2026-02-03 23:02,21433
CGPOWER,2026-02-24,670.0,17.95,533800.0,4985250.0,26.85,104550.0,1008950.0,661.55,669.15,650.8,8.745,2026-02-03 23:02,25592
CGPOWER,2026-02-24,680.0,14.45,245650.0,2352800.0,32.8,89250.0,260100.0,661.55,669.15,650.8,8.745,2026-02-03 23:02,30830
CGPOWER,2026-02-24,690.0,11.2,316200.0,1494300.0,39.65,32300.0,161500.0,661.55,669.15,650.8,8.745,2026-02-03 23:02,35787
CGPOWER,2026-02-24,700.0,8.75,776050.0,5724750.0,47.0,176800.0,192950.0,661.55,669.15,650.8,8.745,2026-02-03 23:02,41257
CGPOWER,2026-02-24,710.0,6.85,254150.0,949450.0,55.3,7650.0,12750.0,661.55,669.15,650.8,8.745,2026-02-03 23:02,47302
CGPOWER,2026-02-24,720.0,5.25,149600.0,998750.0,123.25,30600.0,0.0,661.55,669.15,650.8,8.745,2026-02-03 23:02,53892
CGPOWER,2026-02-24,730.0,4.0,76500.0,165750.0,0.0,0.0,0.0,661.55,669.15,650.8,8.745,2026-02-03 23:02,60232
CGPOWER,2026-02-24,740.0,3.2,377400.0,1706800.0,80.0,22950.0,8500.0,661.55,669.15,650.8,8.745,2026-02-03 23:02,66977
CGPOWER,2026-02-24,750.0,0.0,0.0,0.0,0.0,0.0,0.0,661.55,669.15,650.8,8.745,2026-02-03 23:02,74030
CGPOWER,2026-02-24,760.0,1.9,219300.0,1045500.0,96.15,0.0,0.0,661.55,669.15,650.8,8.745,2026-02-03 23:02,81145
CGPOWER,2026-02-24,770.0,0.0,0.0,0.0,0.0,0.0,0.0,661.55,669.15,650.8,8.745,2026-02-03 23:02,88521
CGPOWER,2026-02-24,780.0,0.0,0.0,0.0,0.0,0.0,0.0,661.55,669.15,650.8,8.745,2026-02-03 23:02,95856
CGPOWER,2026-02-24,790.0,0.0,0.0,0.0,0.0,0.0,0.0,661.55,669.15,650.8,8.745,2026-02-03 23:02,103191
CGPOWER,2026-02-24,800.0,0.85,200600.0,504050.0,125.9,0.0,0.0,661.55,669.15,650.8,8.745,2026-02-03 23:02,110525
CGPOWER,2026-02-24,810.0,0.0,0.0,0.0,0.0,0.0,0.0,661.55,669.15,650.8,8.745,2026-02-03 23:02,118078
CGPOWER,2026-02-24,820.0,0.0,0.0,0.0,0.0,0.0,0.0,661.55,669.15,650.8,8.745,2026-02-03 23:02,125613
CGPOWER,2026-02-24,840.0,0.0,0.0,0.0,0.0,0.0,0.0,661.55,669.15,650.8,8.745,2026-02-03 23:02,140683
CGPOWER,2026-02-24,860.0,0.0,0.0,0.0,0.0,0.0,0.0,661.55,669.15,650.8,8.745,2026-02-03 23:02,155754
CGPOWER,2026-02-24,880.0,0.0,0.0,0.0,0.0,0.0,0.0,661.55,669.15,650.8,8.745,2026-02-03 23:02,170824
CGPOWER,2026-02-24,900.0,0.05,0.0,0.0,0.0,0.0,0.0,661.55,669.15,650.8,8.745,2026-02-03 23:02,185895
CHOLAFIN,2026-02-24,720.0,0.0,0.0,0.0,0.0,0.0,0.0,1694.4,1740.0,1674.4,6.279,2026-02-03 23:02,226167
CHOLAFIN,2026-02-24,760.0,0.0,0.0,0.0,0.0,0.0,0.0,1694.4,1740.0,1674.4,6.279,2026-02-03 23:02,215269
CHOLAFIN,2026-02-24,800.0,0.0,0.0,0.0,0.0,0.0,0.0,1694.4,1740.0,1674.4,6.279,2026-02-03 23:02,204372
CHOLAFIN,2026-02-24,840.0,0.0,0.0,0.0,0.0,0.0,0.0,1694.4,1740.0,1674.4,6.279,2026-02-03 23:02,193474
CHOLAFIN,2026-02-24,880.0,0.0,0.0,0.0,0.0,0.0,0.0,1694.4,1740.0,1674.4,6.279,2026-02-03 23:02,182577
CHOLAFIN,2026-02-24,920.0,0.0,0.0,0.0,0.0,0.0,0.0,1694.4,1740.0,1674.4,6.279,2026-02-03 23:02,171679
CHOLAFIN,2026-02-24,960.0,0.0,0.0,0.0,0.0,0.0,0.0,1694.4,1740.0,1674.4,6.279,2026-02-03 23:02,160782
CHOLAFIN,2026-02-24,1000.0,0.0,0.0,0.0,0.0,0.0,0.0,1694.4,1740.0,1674.4,6.279,2026-02-03 23:02,149884
CHOLAFIN,2026-02-24,1040.0,0.0,0.0,0.0,0.0,0.0,0.0,1694.4,1740.0,1674.4,6.279,2026-02-03 23:02,138987
CHOLAFIN,2026-02-24,1060.0,0.0,0.0,0.0,0.0,0.0,0.0,1694.4,1740.0,1674.4,6.279,2026-02-03 23:02,133538
CHOLAFIN,2026-02-24,1080.0,0.0,0.0,0.0,0.0,0.0,0.0,1694.4,1740.0,1674.4,6.279,2026-02-03 23:02,128089
CHOLAFIN,2026-02-24,1100.0,0.0,0.0,0.0,0.0,0.0,0.0,1694.4,1740.0,1674.4,6.279,2026-02-03 23:02,122641
CHOLAFIN,2026-02-24,1120.0,0.0,0.0,0.0,0.0,0.0,0.0,1694.4,1740.0,1674.4,6.279,2026-02-03 23:02,117192
CHOLAFIN,2026-02-24,1140.0,0.0,0.0,0.0,0.0,0.0,0.0,1694.4,1740.0,1674.4,6.279,2026-02-03 23:02,111743
CHOLAFIN,2026-02-24,1160.0,0.0,0.0,0.0,0.0,0.0,0.0,1694.4,1740.0,1674.4,6.279,2026-02-03 23:02,106294
CHOLAFIN,2026-02-24,1180.0,0.0,0.0,0.0,0.0,0.0,0.0,1694.4,1740.0,1674.4,6.279,2026-02-03 23:02,100846
CHOLAFIN,2026-02-24,1200.0,0.0,0.0,0.0,0.0,0.0,0.0,1694.4,1740.0,1674.4,6.279,2026-02-03 23:02,95397
CHOLAFIN,2026-02-24,1220.0,0.0,0.0,0.0,0.0,0.0,0.0,1694.4,1740.0,1674.4,6.279,2026-02-03 23:02,89948
CHOLAFIN,2026-02-24,1240.0,0.0,0.0,0.0,0.0,0.0,0.0,1694.4,1740.0,1674.4,6.279,2026-02-03 23:02,84499
CHOLAFIN,2026-02-24,1260.0,0.0,0.0,0.0,0.0,0.0,0.0,1694.4,1740.0,1674.4,6.279,2026-02-03 23:02,79051
CHOLAFIN,2026-02-24,1280.0,407.7,0.0,1875.0,0.0,0.0,0.0,1694.4,1740.0,1674.4,6.279,2026-02-03 23:02,73602
CHOLAFIN,2026-02-24,1300.0,0.0,0.0,0.0,0.0,0.0,0.0,1694.4,1740.0,1674.4,6.279,2026-02-03 23:02,68153
CHOLAFIN,2026-02-24,1320.0,0.0,0.0,0.0,1.1,11875.0,6250.0,1694.4,1740.0,1674.4,6.279,2026-02-03 23:02,62704
CHOLAFIN,2026-02-24,1340.0,0.0,0.0,0.0,0.0,0.0,0.0,1694.4,1740.0,1674.4,6.279,2026-02-03 23:02,57278
CHOLAFIN,2026-02-24,1360.0,0.0,0.0,0.0,1.5,150000.0,33125.0,1694.4,1740.0,1674.4,6.279,2026-02-03 23:02,51853
CHOLAFIN,2026-02-24,1380.0,0.0,0.0,0.0,0.0,0.0,0.0,1694.4,1740.0,1674.4,6.279,2026-02-03 23:02,46706
CHOLAFIN,2026-02-24,1400.0,253.0,10000.0,0.0,1.9,66250.0,28125.0,1694.4,1740.0,1674.4,6.279,2026-02-03 23:02,41581
CHOLAFIN,2026-02-24,1420.0,0.0,0.0,0.0,2.2,4375.0,3125.0,1694.4,1740.0,1674.4,6.279,2026-02-03 23:02,36849
CHOLAFIN,2026-02-24,1440.0,0.0,0.0,0.0,2.7,66250.0,111875.0,1694.4,1740.0,1674.4,6.279,2026-02-03 23:02,31884
CHOLAFIN,2026-02-24,1460.0,0.0,0.0,0.0,3.25,36875.0,27500.0,1694.4,1740.0,1674.4,6.279,2026-02-03 23:02,27035
CHOLAFIN,2026-02-24,1480.0,0.0,0.0,0.0,3.7,87500.0,81250.0,1694.4,1740.0,1674.4,6.279,2026-02-03 23:02,22265
CHOLAFIN,2026-02-24,1500.0,206.0,5625.0,3750.0,4.35,190000.0,224375.0,1694.4,1740.0,1674.4,6.279,2026-02-03 23:02,17650
CHOLAFIN,2026-02-24,1520.0,98.45,7500.0,0.0,5.3,62500.0,114375.0,1694.4,1740.0,1674.4,6.279,2026-02-03 23:02,13492
CHOLAFIN,2026-02-24,1540.0,162.2,70000.0,18125.0,6.3,245000.0,329375.0,1694.4,1740.0,1674.4,6.279,2026-02-03 23:02,9482
CHOLAFIN,2026-02-24,1560.0,145.5,46875.0,66250.0,8.0,106250.0,191250.0,1694.4,1740.0,1674.4,6.279,2026-02-03 23:02,7042
CHOLAFIN,2026-02-24,1580.0,127.25,80625.0,58125.0,10.15,82500.0,123750.0,1694.4,1740.0,1674.4,6.279,2026-02-03 23:02,4524
CHOLAFIN,2026-02-24,1600.0,110.35,147500.0,248125.0,13.0,431875.0,946875.0,1694.4,1740.0,1674.4,6.279,2026-02-03 23:02,2677
CHOLAFIN,2026-02-24,1620.0,92.0,57500.0,78125.0,16.85,93750.0,123125.0,1694.4,1740.0,1674.4,6.279,2026-02-03 23:02,2113
CHOLAFIN,2026-02-24,1640.0,79.8,257500.0,416875.0,22.05,215000.0,504375.0,1694.4,1740.0,1674.4,6.279,2026-02-03 23:02,1157
CHOLAFIN,2026-02-24,1660.0,64.1,130625.0,421250.0,28.45,202500.0,671250.0,1694.4,1740.0,1674.4,6.279,2026-02-03 23:02,2355
CHOLAFIN,2026-02-24,1680.0,52.55,247500.0,668125.0,36.0,89375.0,660000.0,1694.4,1740.0,1674.4,6.279,2026-02-03 23:02,2900
CHOLAFIN,2026-02-24,1700.0,42.0,360000.0,2012500.0,45.7,260625.0,799375.0,1694.4,1740.0,1674.4,6.279,2026-02-03 23:02,4836
CHOLAFIN,2026-02-24,1720.0,33.0,118750.0,566875.0,53.7,46250.0,72500.0,1694.4,1740.0,1674.4,6.279,2026-02-03 23:02,7356
CHOLAFIN,2026-02-24,1740.0,25.65,60625.0,400625.0,64.1,17500.0,17500.0,1694.4,1740.0,1674.4,6.279,2026-02-03 23:02,10028
CHOLAFIN,2026-02-24,1760.0,19.85,115625.0,378125.0,123.65,6250.0,0.0,1694.4,1740.0,1674.4,6.279,2026-02-03 23:02,12757
CHOLAFIN,2026-02-24,1780.0,15.5,119375.0,177500.0,98.4,170625.0,7500.0,1694.4,1740.0,1674.4,6.279,2026-02-03 23:02,15838
CHOLAFIN,2026-02-24,1800.0,11.5,212500.0,1356250.0,113.3,60000.0,9375.0,1694.4,1740.0,1674.4,6.279,2026-02-03 23:02,17853
CHOLAFIN,2026-02-24,1820.0,8.4,42500.0,105625.0,153.7,1250.0,0.0,1694.4,1740.0,1674.4,6.279,2026-02-03 23:02,21471
CHOLAFIN,2026-02-24,1840.0,6.2,107500.0,248750.0,228.55,6250.0,0.0,1694.4,1740.0,1674.4,6.279,2026-02-03 23:02,25629
CHOLAFIN,2026-02-24,1860.0,0.0,0.0,0.0,104.0,1250.0,0.0,1694.4,1740.0,1674.4,6.279,2026-02-03 23:02,29921
CHOLAFIN,2026-02-24,1880.0,3.6,41875.0,74375.0,111.1,5625.0,0.0,1694.4,1740.0,1674.4,6.279,2026-02-03 23:02,34279
CHOLAFIN,2026-02-24,1900.0,2.75,97500.0,141875.0,0.0,0.0,0.0,1694.4,1740.0,1674.4,6.279,2026-02-03 23:02,38698
CHOLAFIN,2026-02-24,1920.0,2.0,11250.0,0.0,176.7,1875.0,0.0,1694.4,1740.0,1674.4,6.279,2026-02-03 23:02,43386
CHOLAFIN,2026-02-24,1940.0,1.55,70625.0,1250.0,251.0,0.0,0.0,1694.4,1740.0,1674.4,6.279,2026-02-03 23:02,48043
CHOLAFIN,2026-02-24,1960.0,1.6,28750.0,5000.0,270.2,1875.0,0.0,1694.4,1740.0,1674.4,6.279,2026-02-03 23:02,52883
CHOLAFIN,2026-02-24,1980.0,10.85,1875.0,0.0,284.05,0.0,0.0,1694.4,1740.0,1674.4,6.279,2026-02-03 23:02,57727
CHOLAFIN,2026-02-24,2000.0,1.0,77500.0,10625.0,310.0,3125.0,625.0,1694.4,1740.0,1674.4,6.279,2026-02-03 23:02,62622
CHOLAFIN,2026-02-24,2020.0,0.0,0.0,0.0,0.0,0.0,0.0,1694.4,1740.0,1674.4,6.279,2026-02-03 23:02,67588
CHOLAFIN,2026-02-24,2040.0,11.5,3750.0,0.0,356.5,0.0,0.0,1694.4,1740.0,1674.4,6.279,2026-02-03 23:02,72643
CHOLAFIN,2026-02-24,2060.0,0.0,0.0,0.0,0.0,0.0,0.0,1694.4,1740.0,1674.4,6.279,2026-02-03 23:02,77710
CHOLAFIN,2026-02-24,2080.0,0.2,2500.0,0.0,390.4,0.0,0.0,1694.4,1740.0,1674.4,6.279,2026-02-03 23:02,82773
CHOLAFIN,2026-02-24,2100.0,0.0,0.0,0.0,0.0,0.0,0.0,1694.4,1740.0,1674.4,6.279,2026-02-03 23:02,87840
CHOLAFIN,2026-02-24,2120.0,0.0,0.0,0.0,0.0,0.0,0.0,1694.4,1740.0,1674.4,6.279,2026-02-03 23:02,92908
CHOLAFIN,2026-02-24,2140.0,0.0,0.0,0.0,0.0,0.0,0.0,1694.4,1740.0,1674.4,6.279,2026-02-03 23:02,97975
CHOLAFIN,2026-02-24,2160.0,0.0,0.0,0.0,0.0,0.0,0.0,1694.4,1740.0,1674.4,6.279,2026-02-03 23:02,103043
CHOLAFIN,2026-02-24,2180.0,0.0,0.0,0.0,0.0,0.0,0.0,1694.4,1740.0,1674.4,6.279,2026-02-03 23:02,108110
CHOLAFIN,2026-02-24,2200.0,0.0,0.0,0.0,0.0,0.0,0.0,1694.4,1740.0,1674.4,6.279,2026-02-03 23:02,113178
CHOLAFIN,2026-02-24,2240.0,0.0,0.0,0.0,0.0,0.0,0.0,1694.4,1740.0,1674.4,6.279,2026-02-03 23:02,123313
CHOLAFIN,2026-02-24,2280.0,0.0,0.0,0.0,0.0,0.0,0.0,1694.4,1740.0,1674.4,6.279,2026-02-03 23:02,133448
CHOLAFIN,2026-02-24,2320.0,0.0,0.0,0.0,0.0,0.0,0.0,1694.4,1740.0,1674.4,6.279,2026-02-03 23:02,143583
CHOLAFIN,2026-02-24,2360.0,0.0,0.0,0.0,0.0,0.0,0.0,1694.4,1740.0,1674.4,6.279,2026-02-03 23:02,153718
CHOLAFIN,2026-02-24,2400.0,0.0,0.0,0.0,0.0,0.0,0.0,1694.4,1740.0,1674.4,6.279,2026-02-03 23:02,163853
CHOLAFIN,2026-02-24,2440.0,0.0,0.0,0.0,0.0,0.0,0.0,1694.4,1740.0,1674.4,6.279,2026-02-03 23:02,173988
CHOLAFIN,2026-02-24,2480.0,0.0,0.0,0.0,0.0,0.0,0.0,1694.4,1740.0,1674.4,6.279,2026-02-03 23:02,184123
CIPLA,2026-02-24,1100.0,225.0,375.0,0.0,0.7,13500.0,1500.0,1322.8,1381.3,1319.6,0.854,2026-02-03 23:02,74798
CIPLA,2026-02-24,1120.0,0.0,0.0,0.0,0.65,4875.0,0.0,1322.8,1381.3,1319.6,0.854,2026-02-03 23:02,66965
CIPLA,2026-02-24,1140.0,0.0,0.0,0.0,0.55,69000.0,13125.0,1322.8,1381.3,1319.6,0.854,2026-02-03 23:02,59133
CIPLA,2026-02-24,1160.0,0.0,0.0,0.0,0.75,157500.0,9375.0,1322.8,1381.3,1319.6,0.854,2026-02-03 23:02,51436
CIPLA,2026-02-24,1180.0,0.0,0.0,0.0,1.15,426750.0,248625.0,1322.8,1381.3,1319.6,0.854,2026-02-03 23:02,44045
CIPLA,2026-02-24,1190.0,0.0,0.0,0.0,0.0,0.0,0.0,1322.8,1381.3,1319.6,0.854,2026-02-03 23:02,40734
CIPLA,2026-02-24,1200.0,133.0,3000.0,375.0,1.9,116250.0,97875.0,1322.8,1381.3,1319.6,0.854,2026-02-03 23:02,37471
CIPLA,2026-02-24,1210.0,0.0,0.0,0.0,2.15,10125.0,25875.0,1322.8,1381.3,1319.6,0.854,2026-02-03 23:02,34346
CIPLA,2026-02-24,1220.0,0.0,0.0,0.0,2.65,51000.0,80625.0,1322.8,1381.3,1319.6,0.854,2026-02-03 23:02,31210
CIPLA,2026-02-24,1230.0,0.0,0.0,0.0,3.5,23625.0,23250.0,1322.8,1381.3,1319.6,0.854,2026-02-03 23:02,28115
CIPLA,2026-02-24,1240.0,0.0,0.0,0.0,4.4,93000.0,126000.0,1322.8,1381.3,1319.6,0.854,2026-02-03 23:02,25048
CIPLA,2026-02-24,1250.0,69.7,1125.0,0.0,5.15,92250.0,124500.0,1322.8,1381.3,1319.6,0.854,2026-02-03 23:02,22042
CIPLA,2026-02-24,1260.0,76.15,1125.0,750.0,6.3,82125.0,74625.0,1322.8,1381.3,1319.6,0.854,2026-02-03 23:02,19130
CIPLA,2026-02-24,1270.0,69.1,4125.0,8625.0,7.7,52875.0,49125.0,1322.8,1381.3,1319.6,0.854,2026-02-03 23:02,16298
CIPLA,2026-02-24,1280.0,58.95,13125.0,15000.0,9.55,120750.0,149625.0,1322.8,1381.3,1319.6,0.854,2026-02-03 23:02,13554
CIPLA,2026-02-24,1290.0,51.9,21375.0,9750.0,11.35,130875.0,89250.0,1322.8,1381.3,1319.6,0.854,2026-02-03 23:02,10918
CIPLA,2026-02-24,1300.0,43.2,194250.0,245250.0,14.5,578625.0,564375.0,1322.8,1381.3,1319.6,0.854,2026-02-03 23:02,8434
CIPLA,2026-02-24,1310.0,36.85,83250.0,122250.0,17.65,166125.0,125250.0,1322.8,1381.3,1319.6,0.854,2026-02-03 23:02,6762
CIPLA,2026-02-24,1320.0,30.55,225000.0,419250.0,21.8,269250.0,356625.0,1322.8,1381.3,1319.6,0.854,2026-02-03 23:02,5352
CIPLA,2026-02-24,1330.0,25.4,304125.0,613875.0,27.0,229500.0,370875.0,1322.8,1381.3,1319.6,0.854,2026-02-03 23:02,4523
CIPLA,2026-02-24,1340.0,21.2,451875.0,958500.0,31.6,144000.0,169500.0,1322.8,1381.3,1319.6,0.854,2026-02-03 23:02,4280
CIPLA,2026-02-24,1350.0,17.0,262875.0,459375.0,37.85,147000.0,157500.0,1322.8,1381.3,1319.6,0.854,2026-02-03 23:02,4983
CIPLA,2026-02-24,1360.0,13.9,248250.0,402375.0,43.55,127875.0,46125.0,1322.8,1381.3,1319.6,0.854,2026-02-03 23:02,5484
CIPLA,2026-02-24,1370.0,11.15,180000.0,312000.0,52.0,51000.0,32625.0,1322.8,1381.3,1319.6,0.854,2026-02-03 23:02,6258
CIPLA,2026-02-24,1380.0,9.2,315000.0,354000.0,56.75,104625.0,8250.0,1322.8,1381.3,1319.6,0.854,2026-02-03 23:02,7411
CIPLA,2026-02-24,1390.0,7.6,128250.0,216750.0,64.4,11250.0,7500.0,1322.8,1381.3,1319.6,0.854,2026-02-03 23:02,8744
CIPLA,2026-02-24,1400.0,6.2,828375.0,960000.0,76.5,230250.0,58125.0,1322.8,1381.3,1319.6,0.854,2026-02-03 23:02,10545
CIPLA,2026-02-24,1410.0,5.0,57375.0,57750.0,84.0,7125.0,7125.0,1322.8,1381.3,1319.6,0.854,2026-02-03 23:02,12133
CIPLA,2026-02-24,1420.0,4.1,318000.0,182625.0,98.65,35250.0,0.0,1322.8,1381.3,1319.6,0.854,2026-02-03 23:02,15001
CIPLA,2026-02-24,1430.0,3.25,39750.0,28125.0,108.5,1500.0,0.0,1322.8,1381.3,1319.6,0.854,2026-02-03 23:02,18036
CIPLA,2026-02-24,1440.0,2.85,131250.0,117375.0,114.0,28875.0,0.0,1322.8,1381.3,1319.6,0.854,2026-02-03 23:02,21327
CIPLA,2026-02-24,1450.0,2.35,108000.0,119625.0,122.25,38250.0,2625.0,1322.8,1381.3,1319.6,0.854,2026-02-03 23:02,24489
CIPLA,2026-02-24,1460.0,1.9,253875.0,78000.0,153.0,96375.0,0.0,1322.8,1381.3,1319.6,0.854,2026-02-03 23:02,27647
CIPLA,2026-02-24,1470.0,1.65,100875.0,11250.0,154.05,2250.0,0.0,1322.8,1381.3,1319.6,0.854,2026-02-03 23:02,30172
CIPLA,2026-02-24,1480.0,1.4,54000.0,19500.0,150.0,22125.0,0.0,1322.8,1381.3,1319.6,0.854,2026-02-03 23:02,34208
CIPLA,2026-02-24,1490.0,1.2,34500.0,6375.0,0.0,0.0,0.0,1322.8,1381.3,1319.6,0.854,2026-02-03 23:02,38013
CIPLA,2026-02-24,1500.0,1.0,737250.0,308625.0,169.65,160500.0,4125.0,1322.8,1381.3,1319.6,0.854,2026-02-03 23:02,42182
CIPLA,2026-02-24,1510.0,0.55,121125.0,14625.0,128.5,2250.0,0.0,1322.8,1381.3,1319.6,0.854,2026-02-03 23:02,44595
CIPLA,2026-02-24,1520.0,1.0,21750.0,0.0,139.0,9000.0,0.0,1322.8,1381.3,1319.6,0.854,2026-02-03 23:02,49758
CIPLA,2026-02-24,1530.0,0.7,6750.0,0.0,208.5,3750.0,0.0,1322.8,1381.3,1319.6,0.854,2026-02-03 23:02,54851
CIPLA,2026-02-24,1540.0,1.1,19875.0,1875.0,208.95,1125.0,0.0,1322.8,1381.3,1319.6,0.854,2026-02-03 23:02,60000
CIPLA,2026-02-24,1550.0,0.75,16875.0,9000.0,160.75,3375.0,0.0,1322.8,1381.3,1319.6,0.854,2026-02-03 23:02,65227
CIPLA,2026-02-24,1560.0,0.4,4500.0,0.0,237.5,2625.0,0.0,1322.8,1381.3,1319.6,0.854,2026-02-03 23:02,70442
CIPLA,2026-02-24,1580.0,0.45,4875.0,0.0,0.0,0.0,0.0,1322.8,1381.3,1319.6,0.854,2026-02-03 23:02,80930
CIPLA,2026-02-24,1600.0,1.4,67500.0,4500.0,268.0,16125.0,0.0,1322.8,1381.3,1319.6,0.854,2026-02-03 23:02,91490
CIPLA,2026-02-24,1640.0,0.5,22500.0,0.0,0.0,0.0,0.0,1322.8,1381.3,1319.6,0.854,2026-02-03 23:02,112522
CIPLA,2026-02-24,1700.0,1.1,11250.0,0.0,0.0,0.0,0.0,1322.8,1381.3,1319.6,0.854,2026-02-03 23:02,144840
COALINDIA,2026-02-24,330.0,0.0,0.0,0.0,0.2,36450.0,21600.0,429.4,437.0,419.95,1.393,2026-02-03 23:02,137011
COALINDIA,2026-02-24,340.0,86.0,13500.0,0.0,0.0,0.0,0.0,429.4,437.0,419.95,1.393,2026-02-03 23:02,118504
COALINDIA,2026-02-24,350.0,69.2,4050.0,0.0,0.0,0.0,0.0,429.4,437.0,419.95,1.393,2026-02-03 23:02,100128
COALINDIA,2026-02-24,352.5,0.0,0.0,0.0,0.0,0.0,0.0,429.4,437.0,419.95,1.393,2026-02-03 23:02,95534
COALINDIA,2026-02-24,355.0,0.0,0.0,0.0,0.0,0.0,0.0,429.4,437.0,419.95,1.393,2026-02-03 23:02,90912
COALINDIA,2026-02-24,357.5,0.0,0.0,0.0,0.0,0.0,0.0,429.4,437.0,419.95,1.393,2026-02-03 23:02,86290
COALINDIA,2026-02-24,360.0,58.65,6750.0,0.0,0.45,556200.0,117450.0,429.4,437.0,419.95,1.393,2026-02-03 23:02,81668
COALINDIA,2026-02-24,362.5,0.0,0.0,0.0,0.0,0.0,0.0,429.4,437.0,419.95,1.393,2026-02-03 23:02,77201
COALINDIA,2026-02-24,365.0,0.0,0.0,0.0,0.55,47250.0,54000.0,429.4,437.0,419.95,1.393,2026-02-03 23:02,72720
COALINDIA,2026-02-24,367.5,0.0,0.0,0.0,0.0,0.0,0.0,429.4,437.0,419.95,1.393,2026-02-03 23:02,68248
COALINDIA,2026-02-24,370.0,86.1,10800.0,0.0,0.7,696600.0,148500.0,429.4,437.0,419.95,1.393,2026-02-03 23:02,63778
COALINDIA,2026-02-24,372.5,0.0,0.0,0.0,0.0,0.0,0.0,429.4,437.0,419.95,1.393,2026-02-03 23:02,59530
COALINDIA,2026-02-24,375.0,0.0,0.0,0.0,0.8,346950.0,140400.0,429.4,437.0,419.95,1.393,2026-02-03 23:02,55237
COALINDIA,2026-02-24,377.5,0.0,0.0,0.0,1.0,28350.0,28350.0,429.4,437.0,419.95,1.393,2026-02-03 23:02,51003
COALINDIA,2026-02-24,380.0,39.4,81000.0,0.0,1.1,1066500.0,436050.0,429.4,437.0,419.95,1.393,2026-02-03 23:02,46802
COALINDIA,2026-02-24,382.5,0.0,0.0,0.0,1.3,102600.0,43200.0,429.4,437.0,419.95,1.393,2026-02-03 23:02,43091
COALINDIA,2026-02-24,385.0,37.75,4050.0,0.0,1.35,126900.0,190350.0,429.4,437.0,419.95,1.393,2026-02-03 23:02,39192
COALINDIA,2026-02-24,387.5,32.55,5400.0,0.0,1.65,118800.0,94500.0,429.4,437.0,419.95,1.393,2026-02-03 23:02,35336
COALINDIA,2026-02-24,390.0,36.15,122850.0,17550.0,1.85,646650.0,675000.0,429.4,437.0,419.95,1.393,2026-02-03 23:02,31512
COALINDIA,2026-02-24,392.5,23.05,5400.0,0.0,2.15,87750.0,71550.0,429.4,437.0,419.95,1.393,2026-02-03 23:02,28206
COALINDIA,2026-02-24,395.0,22.7,13500.0,0.0,2.4,432000.0,468450.0,429.4,437.0,419.95,1.393,2026-02-03 23:02,24593
COALINDIA,2026-02-24,397.5,22.55,5400.0,0.0,2.85,151200.0,153900.0,429.4,437.0,419.95,1.393,2026-02-03 23:02,21024
COALINDIA,2026-02-24,400.0,27.9,446850.0,278100.0,3.25,1752300.0,1711800.0,429.4,437.0,419.95,1.393,2026-02-03 23:02,17537
COALINDIA,2026-02-24,402.5,17.45,5400.0,0.0,3.6,133650.0,99900.0,429.4,437.0,419.95,1.393,2026-02-03 23:02,15308
COALINDIA,2026-02-24,405.0,24.0,87750.0,102600.0,4.25,457650.0,558900.0,429.4,437.0,419.95,1.393,2026-02-03 23:02,12397
COALINDIA,2026-02-24,407.5,21.85,40500.0,72900.0,4.85,226800.0,471150.0,429.4,437.0,419.95,1.393,2026-02-03 23:02,9678
COALINDIA,2026-02-24,410.0,20.1,253800.0,483300.0,5.4,820800.0,1675350.0,429.4,437.0,419.95,1.393,2026-02-03 23:02,6988
COALINDIA,2026-02-24,412.5,18.75,105300.0,386100.0,6.3,406350.0,710100.0,429.4,437.0,419.95,1.393,2026-02-03 23:02,4655
COALINDIA,2026-02-24,415.0,17.0,297000.0,1170450.0,7.2,623700.0,2509650.0,429.4,437.0,419.95,1.393,2026-02-03 23:02,2324
COALINDIA,2026-02-24,417.5,15.3,197100.0,1287900.0,8.15,225450.0,1395900.0,429.4,437.0,419.95,1.393,2026-02-03 23:02,338
COALINDIA,2026-02-24,420.0,13.9,1395900.0,5624100.0,9.0,2631150.0,4048650.0,429.4,437.0,419.95,1.393,2026-02-03 23:02,-1479
COALINDIA,2026-02-24,422.5,12.6,396900.0,2875500.0,10.25,117450.0,1300050.0,429.4,437.0,419.95,1.393,2026-02-03 23:02,-2837
COALINDIA,2026-02-24,425.0,11.35,1610550.0,7215750.0,11.65,1231200.0,1692900.0,429.4,437.0,419.95,1.393,2026-02-03 23:02,-3258
COALINDIA,2026-02-24,427.5,10.3,220050.0,1980450.0,13.0,163350.0,461700.0,429.4,437.0,419.95,1.393,2026-02-03 23:02,-2955
COALINDIA,2026-02-24,430.0,9.2,1848150.0,6712200.0,14.15,1239300.0,801900.0,429.4,437.0,419.95,1.393,2026-02-03 23:02,-2935
COALINDIA,2026-02-24,432.5,8.2,951750.0,1337850.0,16.0,210600.0,85050.0,429.4,437.0,419.95,1.393,2026-02-03 23:02,-2211
COALINDIA,2026-02-24,435.0,7.4,672300.0,1945350.0,17.6,639900.0,226800.0,429.4,437.0,419.95,1.393,2026-02-03 23:02,-700
COALINDIA,2026-02-24,437.5,6.5,356400.0,344250.0,18.45,244350.0,82350.0,429.4,437.0,419.95,1.393,2026-02-03 23:02,67
COALINDIA,2026-02-24,440.0,5.85,3284550.0,3996000.0,20.95,981450.0,198450.0,429.4,437.0,419.95,1.393,2026-02-03 23:02,1394
COALINDIA,2026-02-24,442.5,5.35,326700.0,405000.0,22.15,179550.0,28350.0,429.4,437.0,419.95,1.393,2026-02-03 23:02,3871
COALINDIA,2026-02-24,445.0,4.85,738450.0,1035450.0,25.2,344250.0,33750.0,429.4,437.0,419.95,1.393,2026-02-03 23:02,6388
COALINDIA,2026-02-24,447.5,4.25,252450.0,234900.0,27.2,112050.0,37800.0,429.4,437.0,419.95,1.393,2026-02-03 23:02,8888
COALINDIA,2026-02-24,450.0,3.8,3690900.0,3226500.0,29.05,571050.0,103950.0,429.4,437.0,419.95,1.393,2026-02-03 23:02,11792
COALINDIA,2026-02-24,452.5,3.4,438750.0,562950.0,40.0,93150.0,0.0,429.4,437.0,419.95,1.393,2026-02-03 23:02,15702
COALINDIA,2026-02-24,455.0,3.0,1109700.0,1607850.0,32.3,102600.0,6750.0,429.4,437.0,419.95,1.393,2026-02-03 23:02,19778
COALINDIA,2026-02-24,457.5,2.8,294300.0,98550.0,35.3,39150.0,8100.0,429.4,437.0,419.95,1.393,2026-02-03 23:02,24382
COALINDIA,2026-02-24,460.0,2.4,3109050.0,2007450.0,37.0,78300.0,1350.0,429.4,437.0,419.95,1.393,2026-02-03 23:02,29012
COALINDIA,2026-02-24,462.5,2.15,255150.0,106650.0,34.85,48600.0,0.0,429.4,437.0,419.95,1.393,2026-02-03 23:02,34951
COALINDIA,2026-02-24,465.0,2.05,753300.0,523800.0,48.75,41850.0,9450.0,429.4,437.0,419.95,1.393,2026-02-03 23:02,40395
COALINDIA,2026-02-24,467.5,1.8,144450.0,114750.0,0.0,0.0,0.0,429.4,437.0,419.95,1.393,2026-02-03 23:02,46103
COALINDIA,2026-02-24,470.0,1.6,1217700.0,830250.0,47.0,130950.0,8100.0,429.4,437.0,419.95,1.393,2026-02-03 23:02,51922
COALINDIA,2026-02-24,472.5,1.5,149850.0,33750.0,34.85,18900.0,0.0,429.4,437.0,419.95,1.393,2026-02-03 23:02,57632
COALINDIA,2026-02-24,475.0,1.3,367200.0,179550.0,27.8,14850.0,0.0,429.4,437.0,419.95,1.393,2026-02-03 23:02,63762
COALINDIA,2026-02-24,477.5,1.2,105300.0,105300.0,0.0,0.0,0.0,429.4,437.0,419.95,1.393,2026-02-03 23:02,70037
COALINDIA,2026-02-24,480.0,1.05,2675700.0,1116450.0,53.0,76950.0,1350.0,429.4,437.0,419.95,1.393,2026-02-03 23:02,76344
COALINDIA,2026-02-24,482.5,0.95,71550.0,56700.0,0.0,0.0,0.0,429.4,437.0,419.95,1.393,2026-02-03 23:02,83200
COALINDIA,2026-02-24,485.0,0.9,226800.0,106650.0,0.0,0.0,0.0,429.4,437.0,419.95,1.393,2026-02-03 23:02,90208
COALINDIA,2026-02-24,490.0,0.8,994950.0,437400.0,40.4,70200.0,0.0,429.4,437.0,419.95,1.393,2026-02-03 23:02,104343
COALINDIA,2026-02-24,495.0,0.7,90450.0,91800.0,0.0,0.0,0.0,429.4,437.0,419.95,1.393,2026-02-03 23:02,118786
COALINDIA,2026-02-24,500.0,0.65,1216350.0,530550.0,65.9,66150.0,0.0,429.4,437.0,419.95,1.393,2026-02-03 23:02,133486
COALINDIA,2026-02-24,505.0,0.55,1046250.0,101250.0,63.5,4050.0,0.0,429.4,437.0,419.95,1.393,2026-02-03 23:02,148463
COALINDIA,2026-02-24,510.0,0.5,259200.0,93150.0,0.0,0.0,0.0,429.4,437.0,419.95,1.393,2026-02-03 23:02,164354
COALINDIA,2026-02-24,515.0,0.4,901800.0,29700.0,0.0,0.0,0.0,429.4,437.0,419.95,1.393,2026-02-03 23:02,180355
COFORGE,2026-02-24,1360.0,0.0,0.0,0.0,0.95,59250.0,39375.0,1712.1,1759.0,1702.5,2.632,2026-02-03 23:02,38250
COFORGE,2026-02-24,1380.0,0.0,0.0,0.0,6.2,375.0,0.0,1712.1,1759.0,1702.5,2.632,2026-02-03 23:02,34224
COFORGE,2026-02-24,1400.0,268.6,1125.0,0.0,1.75,60375.0,116250.0,1712.1,1759.0,1702.5,2.632,2026-02-03 23:02,30204
COFORGE,2026-02-24,1440.0,257.2,2250.0,0.0,2.45,31500.0,36750.0,1712.1,1759.0,1702.5,2.632,2026-02-03 23:02,22432
COFORGE,2026-02-24,1460.0,0.0,0.0,0.0,2.65,22500.0,19875.0,1712.1,1759.0,1702.5,2.632,2026-02-03 23:02,18653
COFORGE,2026-02-24,1480.0,0.0,0.0,0.0,3.4,13125.0,3375.0,1712.1,1759.0,1702.5,2.632,2026-02-03 23:02,14863
COFORGE,2026-02-24,1500.0,175.65,2625.0,0.0,4.35,113250.0,142125.0,1712.1,1759.0,1702.5,2.632,2026-02-03 23:02,11101
COFORGE,2026-02-24,1520.0,188.7,375.0,0.0,5.35,40500.0,33000.0,1712.1,1759.0,1702.5,2.632,2026-02-03 23:02,7572
COFORGE,2026-02-24,1540.0,0.0,0.0,0.0,6.8,45000.0,48750.0,1712.1,1759.0,1702.5,2.632,2026-02-03 23:02,4114
COFORGE,2026-02-24,1560.0,96.25,1500.0,0.0,8.5,49875.0,52500.0,1712.1,1759.0,1702.5,2.632,2026-02-03 23:02,729
COFORGE,2026-02-24,1580.0,142.65,10500.0,4125.0,10.95,73125.0,122625.0,1712.1,1759.0,1702.5,2.632,2026-02-03 23:02,-2549
COFORGE,2026-02-24,1600.0,127.1,99375.0,49125.0,13.3,321375.0,318750.0,1712.1,1759.0,1702.5,2.632,2026-02-03 23:02,-5563
COFORGE,2026-02-24,1620.0,117.3,28125.0,5625.0,16.9,54000.0,121500.0,1712.1,1759.0,1702.5,2.632,2026-02-03 23:02,-6970
COFORGE,2026-02-24,1640.0,94.1,188250.0,65625.0,22.3,132000.0,183000.0,1712.1,1759.0,1702.5,2.632,2026-02-03 23:02,-8810
COFORGE,2026-02-24,1660.0,82.3,638250.0,192000.0,27.5,192375.0,220875.0,1712.1,1759.0,1702.5,2.632,2026-02-03 23:02,-8770
COFORGE,2026-02-24,1680.0,69.45,501000.0,296625.0,35.0,232500.0,238500.0,1712.1,1759.0,1702.5,2.632,2026-02-03 23:02,-3823
COFORGE,2026-02-24,1700.0,58.15,720750.0,1041000.0,43.0,212250.0,496500.0,1712.1,1759.0,1702.5,2.632,2026-02-03 23:02,532
COFORGE,2026-02-24,1720.0,48.1,148500.0,488625.0,51.95,55875.0,241875.0,1712.1,1759.0,1702.5,2.632,2026-02-03 23:02,7367
COFORGE,2026-02-24,1740.0,39.9,174375.0,646500.0,65.65,66000.0,247500.0,1712.1,1759.0,1702.5,2.632,2026-02-03 23:02,11756
COFORGE,2026-02-24,1760.0,32.0,83625.0,390000.0,76.75,31875.0,96750.0,1712.1,1759.0,1702.5,2.632,2026-02-03 23:02,16465
COFORGE,2026-02-24,1780.0,25.6,133125.0,301500.0,86.0,30375.0,26250.0,1712.1,1759.0,1702.5,2.632,2026-02-03 23:02,21165
COFORGE,2026-02-24,1800.0,20.75,462000.0,1098750.0,107.05,123000.0,57375.0,1712.1,1759.0,1702.5,2.632,2026-02-03 23:02,26248
COFORGE,2026-02-24,1820.0,16.7,51000.0,118125.0,190.0,1875.0,0.0,1712.1,1759.0,1702.5,2.632,2026-02-03 23:02,32064
COFORGE,2026-02-24,1840.0,13.25,49125.0,66000.0,187.0,30375.0,0.0,1712.1,1759.0,1702.5,2.632,2026-02-03 23:02,38394
COFORGE,2026-02-24,1860.0,10.6,46875.0,105000.0,175.0,1500.0,0.0,1712.1,1759.0,1702.5,2.632,2026-02-03 23:02,44329
COFORGE,2026-02-24,1880.0,8.8,40875.0,40125.0,222.0,1500.0,0.0,1712.1,1759.0,1702.5,2.632,2026-02-03 23:02,50888
COFORGE,2026-02-24,1900.0,7.05,73875.0,170250.0,189.0,27750.0,2625.0,1712.1,1759.0,1702.5,2.632,2026-02-03 23:02,57511
COFORGE,2026-02-24,1920.0,5.9,37875.0,13125.0,207.95,20250.0,0.0,1712.1,1759.0,1702.5,2.632,2026-02-03 23:02,63862
COFORGE,2026-02-24,1960.0,4.25,69375.0,34875.0,100.0,375.0,0.0,1712.1,1759.0,1702.5,2.632,2026-02-03 23:02,77343
COFORGE,2026-02-24,2000.0,3.1,156375.0,191625.0,327.0,25125.0,0.0,1712.1,1759.0,1702.5,2.632,2026-02-03 23:02,91527
COFORGE,2026-02-24,2040.0,8.0,375.0,0.0,0.0,0.0,0.0,1712.1,1759.0,1702.5,2.632,2026-02-03 23:02,105639
COFORGE,2026-02-24,2080.0,1.0,750.0,750.0,0.0,0.0,0.0,1712.1,1759.0,1702.5,2.632,2026-02-03 23:02,120525
COFORGE,2026-02-24,2160.0,0.8,2250.0,0.0,0.0,0.0,0.0,1712.1,1759.0,1702.5,2.632,2026-02-03 23:02,150303
COFORGE,2026-02-24,2240.0,1.0,4125.0,375.0,0.0,0.0,0.0,1712.1,1759.0,1702.5,2.632,2026-02-03 23:02,180099
COLPAL,2026-02-24,1720.0,455.0,225.0,0.0,0.0,0.0,0.0,2138.7,2159.9,2103.9,0.531,2026-02-03 23:02,40439
COLPAL,2026-02-24,1760.0,0.0,0.0,0.0,6.0,450.0,0.0,2138.7,2159.9,2103.9,0.531,2026-02-03 23:02,35586
COLPAL,2026-02-24,1800.0,329.55,225.0,900.0,0.0,0.0,0.0,2138.7,2159.9,2103.9,0.531,2026-02-03 23:02,30724
COLPAL,2026-02-24,1820.0,292.0,450.0,0.0,1.95,4950.0,225.0,2138.7,2159.9,2103.9,0.531,2026-02-03 23:02,28301
COLPAL,2026-02-24,1840.0,309.0,0.0,0.0,1.7,450.0,0.0,2138.7,2159.9,2103.9,0.531,2026-02-03 23:02,25894
COLPAL,2026-02-24,1880.0,0.0,0.0,0.0,2.8,28350.0,4500.0,2138.7,2159.9,2103.9,0.531,2026-02-03 23:02,21056
COLPAL,2026-02-24,1900.0,0.0,0.0,0.0,2.05,65925.0,42300.0,2138.7,2159.9,2103.9,0.531,2026-02-03 23:02,18686
COLPAL,2026-02-24,1920.0,191.0,1575.0,0.0,3.55,24975.0,6075.0,2138.7,2159.9,2103.9,0.531,2026-02-03 23:02,16442
COLPAL,2026-02-24,1940.0,220.8,225.0,0.0,3.35,32400.0,73575.0,2138.7,2159.9,2103.9,0.531,2026-02-03 23:02,14286
COLPAL,2026-02-24,1960.0,0.0,0.0,0.0,4.2,56475.0,65475.0,2138.7,2159.9,2103.9,0.531,2026-02-03 23:02,12169
COLPAL,2026-02-24,1980.0,122.5,450.0,0.0,5.5,71550.0,9225.0,2138.7,2159.9,2103.9,0.531,2026-02-03 23:02,10146
COLPAL,2026-02-24,2000.0,136.3,17550.0,0.0,7.3,126900.0,83925.0,2138.7,2159.9,2103.9,0.531,2026-02-03 23:02,8257
COLPAL,2026-02-24,2020.0,113.6,1800.0,0.0,9.35,44775.0,46575.0,2138.7,2159.9,2103.9,0.531,2026-02-03 23:02,6838
COLPAL,2026-02-24,2040.0,99.9,2700.0,900.0,12.7,27450.0,32400.0,2138.7,2159.9,2103.9,0.531,2026-02-03 23:02,5344
COLPAL,2026-02-24,2060.0,104.3,8325.0,675.0,16.0,37350.0,37800.0,2138.7,2159.9,2103.9,0.531,2026-02-03 23:02,3923
COLPAL,2026-02-24,2080.0,89.9,15750.0,4500.0,20.5,56025.0,33750.0,2138.7,2159.9,2103.9,0.531,2026-02-03 23:02,2629
COLPAL,2026-02-24,2100.0,75.05,114075.0,204075.0,26.6,130725.0,124425.0,2138.7,2159.9,2103.9,0.531,2026-02-03 23:02,1478
COLPAL,2026-02-24,2120.0,62.0,84150.0,223425.0,33.5,50175.0,57375.0,2138.7,2159.9,2103.9,0.531,2026-02-03 23:02,1298
COLPAL,2026-02-24,2140.0,52.35,96525.0,250875.0,42.0,71100.0,23850.0,2138.7,2159.9,2103.9,0.531,2026-02-03 23:02,1233
COLPAL,2026-02-24,2160.0,42.0,120375.0,96525.0,52.5,89325.0,7650.0,2138.7,2159.9,2103.9,0.531,2026-02-03 23:02,1355
COLPAL,2026-02-24,2180.0,34.2,70425.0,31275.0,65.1,38250.0,1575.0,2138.7,2159.9,2103.9,0.531,2026-02-03 23:02,1727
COLPAL,2026-02-24,2200.0,26.5,320625.0,418050.0,78.3,141975.0,15075.0,2138.7,2159.9,2103.9,0.531,2026-02-03 23:02,2272
COLPAL,2026-02-24,2220.0,21.35,19125.0,8550.0,0.0,0.0,0.0,2138.7,2159.9,2103.9,0.531,2026-02-03 23:02,3487
COLPAL,2026-02-24,2240.0,17.1,44550.0,22950.0,125.8,900.0,0.0,2138.7,2159.9,2103.9,0.531,2026-02-03 23:02,5044
COLPAL,2026-02-24,2260.0,13.0,50625.0,60975.0,139.2,6300.0,0.0,2138.7,2159.9,2103.9,0.531,2026-02-03 23:02,6716
COLPAL,2026-02-24,2280.0,10.4,66600.0,4275.0,148.0,1125.0,0.0,2138.7,2159.9,2103.9,0.531,2026-02-03 23:02,8415
COLPAL,2026-02-24,2300.0,8.35,207450.0,191475.0,158.0,58050.0,8100.0,2138.7,2159.9,2103.9,0.531,2026-02-03 23:02,10324
COLPAL,2026-02-24,2320.0,6.5,37125.0,19800.0,250.0,450.0,0.0,2138.7,2159.9,2103.9,0.531,2026-02-03 23:02,11967
COLPAL,2026-02-24,2340.0,5.9,16875.0,3375.0,185.0,225.0,0.0,2138.7,2159.9,2103.9,0.531,2026-02-03 23:02,14442
COLPAL,2026-02-24,2360.0,5.2,11475.0,7650.0,245.0,5175.0,0.0,2138.7,2159.9,2103.9,0.531,2026-02-03 23:02,16945
COLPAL,2026-02-24,2380.0,3.85,3150.0,3600.0,0.0,0.0,0.0,2138.7,2159.9,2103.9,0.531,2026-02-03 23:02,19354
COLPAL,2026-02-24,2400.0,3.6,187875.0,93150.0,276.1,18675.0,0.0,2138.7,2159.9,2103.9,0.531,2026-02-03 23:02,21891
COLPAL,2026-02-24,2440.0,1.45,40950.0,8550.0,302.0,3150.0,675.0,2138.7,2159.9,2103.9,0.531,2026-02-03 23:02,27342
COLPAL,2026-02-24,2480.0,2.1,9225.0,675.0,382.95,22500.0,0.0,2138.7,2159.9,2103.9,0.531,2026-02-03 23:02,33328
CONCOR,2026-02-24,400.0,100.25,8750.0,0.0,0.5,443750.0,13750.0,527.9,538.95,519.15,3.948,2026-02-03 23:02,81601
CONCOR,2026-02-24,420.0,0.0,0.0,0.0,0.85,232500.0,188750.0,527.9,538.95,519.15,3.948,2026-02-03 23:02,62797
CONCOR,2026-02-24,430.0,0.0,0.0,0.0,1.15,102500.0,86250.0,527.9,538.95,519.15,3.948,2026-02-03 23:02,53574
CONCOR,2026-02-24,440.0,0.0,0.0,0.0,1.25,226250.0,60000.0,527.9,538.95,519.15,3.948,2026-02-03 23:02,44463
CONCOR,2026-02-24,445.0,60.9,0.0,0.0,1.25,46250.0,0.0,527.9,538.95,519.15,3.948,2026-02-03 23:02,39997
CONCOR,2026-02-24,450.0,80.5,131250.0,31250.0,1.45,295000.0,188750.0,527.9,538.95,519.15,3.948,2026-02-03 23:02,35578
CONCOR,2026-02-24,455.0,0.0,0.0,0.0,2.0,40000.0,0.0,527.9,538.95,519.15,3.948,2026-02-03 23:02,32391
CONCOR,2026-02-24,460.0,67.75,23750.0,1250.0,1.8,301250.0,181250.0,527.9,538.95,519.15,3.948,2026-02-03 23:02,28202
CONCOR,2026-02-24,465.0,40.7,10000.0,0.0,2.0,55000.0,42500.0,527.9,538.95,519.15,3.948,2026-02-03 23:02,24291
CONCOR,2026-02-24,470.0,59.1,106250.0,11250.0,2.15,313750.0,181250.0,527.9,538.95,519.15,3.948,2026-02-03 23:02,20335
CONCOR,2026-02-24,475.0,55.75,48750.0,15000.0,2.4,121250.0,106250.0,527.9,538.95,519.15,3.948,2026-02-03 23:02,17120
CONCOR,2026-02-24,480.0,50.85,340000.0,41250.0,2.8,1298750.0,407500.0,527.9,538.95,519.15,3.948,2026-02-03 23:02,13672
CONCOR,2026-02-24,485.0,44.55,95000.0,11250.0,3.2,152500.0,123750.0,527.9,538.95,519.15,3.948,2026-02-03 23:02,12166
CONCOR,2026-02-24,490.0,40.4,395000.0,75000.0,3.8,653750.0,542500.0,527.9,538.95,519.15,3.948,2026-02-03 23:02,9793
CONCOR,2026-02-24,495.0,36.05,205000.0,63750.0,4.45,288750.0,442500.0,527.9,538.95,519.15,3.948,2026-02-03 23:02,8917
CONCOR,2026-02-24,500.0,31.5,840000.0,856250.0,5.35,1093750.0,1632500.0,527.9,538.95,519.15,3.948,2026-02-03 23:02,7551
CONCOR,2026-02-24,505.0,27.55,266250.0,156250.0,6.1,261250.0,596250.0,527.9,538.95,519.15,3.948,2026-02-03 23:02,8603
CONCOR,2026-02-24,510.0,24.1,446250.0,1151250.0,7.55,495000.0,1173750.0,527.9,538.95,519.15,3.948,2026-02-03 23:02,8431
CONCOR,2026-02-24,515.0,20.7,122500.0,691250.0,8.85,250000.0,636250.0,527.9,538.95,519.15,3.948,2026-02-03 23:02,8858
CONCOR,2026-02-24,520.0,17.35,1422500.0,3272500.0,10.9,820000.0,1260000.0,527.9,538.95,519.15,3.948,2026-02-03 23:02,8802
CONCOR,2026-02-24,525.0,14.65,356250.0,1851250.0,12.95,260000.0,606250.0,527.9,538.95,519.15,3.948,2026-02-03 23:02,11408
CONCOR,2026-02-24,530.0,12.2,887500.0,3023750.0,15.9,258750.0,472500.0,527.9,538.95,519.15,3.948,2026-02-03 23:02,12934
CONCOR,2026-02-24,535.0,10.05,151250.0,568750.0,17.9,50000.0,102500.0,527.9,538.95,519.15,3.948,2026-02-03 23:02,15519
CONCOR,2026-02-24,540.0,8.35,987500.0,2391250.0,21.45,543750.0,173750.0,527.9,538.95,519.15,3.948,2026-02-03 23:02,17596
CONCOR,2026-02-24,545.0,6.8,125000.0,351250.0,24.55,20000.0,26250.0,527.9,538.95,519.15,3.948,2026-02-03 23:02,20034
CONCOR,2026-02-24,550.0,5.6,955000.0,4331250.0,28.25,381250.0,135000.0,527.9,538.95,519.15,3.948,2026-02-03 23:02,22923
CONCOR,2026-02-24,555.0,4.6,55000.0,170000.0,32.8,1250.0,1250.0,527.9,538.95,519.15,3.948,2026-02-03 23:02,25901
CONCOR,2026-02-24,560.0,3.65,321250.0,748750.0,34.65,77500.0,18750.0,527.9,538.95,519.15,3.948,2026-02-03 23:02,29471
CONCOR,2026-02-24,565.0,2.95,11250.0,3750.0,0.0,0.0,0.0,527.9,538.95,519.15,3.948,2026-02-03 23:02,33068
CONCOR,2026-02-24,570.0,2.4,200000.0,291250.0,68.5,26250.0,0.0,527.9,538.95,519.15,3.948,2026-02-03 23:02,36825
CONCOR,2026-02-24,580.0,1.65,332500.0,260000.0,76.65,46250.0,0.0,527.9,538.95,519.15,3.948,2026-02-03 23:02,44427
CONCOR,2026-02-24,590.0,1.1,56250.0,67500.0,67.0,21250.0,1250.0,527.9,538.95,519.15,3.948,2026-02-03 23:02,52240
CONCOR,2026-02-24,600.0,0.95,950000.0,687500.0,73.0,710000.0,43750.0,527.9,538.95,519.15,3.948,2026-02-03 23:02,60294
CROMPTON,2026-02-24,180.0,54.63,1800.0,14400.0,0.5,99000.0,88200.0,232.69,239.49,229.48,3.23,2026-02-03 23:02,39333
CROMPTON,2026-02-24,185.0,0.0,0.0,0.0,0.9,25200.0,0.0,232.69,239.49,229.48,3.23,2026-02-03 23:02,34814
CROMPTON,2026-02-24,190.0,0.0,0.0,0.0,0.56,111600.0,82800.0,232.69,239.49,229.48,3.23,2026-02-03 23:02,30301
CROMPTON,2026-02-24,195.0,0.0,0.0,0.0,0.0,0.0,0.0,232.69,239.49,229.48,3.23,2026-02-03 23:02,25840
CROMPTON,2026-02-24,197.5,34.0,1800.0,1800.0,0.0,0.0,0.0,232.69,239.49,229.48,3.23,2026-02-03 23:02,23612
CROMPTON,2026-02-24,200.0,30.47,14400.0,3600.0,0.98,477000.0,891000.0,232.69,239.49,229.48,3.23,2026-02-03 23:02,21391
CROMPTON,2026-02-24,202.5,25.47,5400.0,0.0,1.07,298800.0,505800.0,232.69,239.49,229.48,3.23,2026-02-03 23:02,19284
CROMPTON,2026-02-24,205.0,27.44,1800.0,0.0,0.0,0.0,0.0,232.69,239.49,229.48,3.23,2026-02-03 23:02,17238
CROMPTON,2026-02-24,207.5,25.73,1800.0,0.0,0.0,0.0,0.0,232.69,239.49,229.48,3.23,2026-02-03 23:02,15215
CROMPTON,2026-02-24,210.0,30.81,55800.0,19800.0,1.65,568800.0,1341000.0,232.69,239.49,229.48,3.23,2026-02-03 23:02,13192
CROMPTON,2026-02-24,212.5,17.78,9000.0,0.0,2.95,52200.0,0.0,232.69,239.49,229.48,3.23,2026-02-03 23:02,11399
CROMPTON,2026-02-24,215.0,13.92,73800.0,0.0,2.28,196200.0,320400.0,232.69,239.49,229.48,3.23,2026-02-03 23:02,9544
CROMPTON,2026-02-24,217.5,18.95,52200.0,45000.0,2.68,106200.0,72000.0,232.69,239.49,229.48,3.23,2026-02-03 23:02,7814
CROMPTON,2026-02-24,220.0,16.78,374400.0,480600.0,3.25,1258200.0,1634400.0,232.69,239.49,229.48,3.23,2026-02-03 23:02,6136
CROMPTON,2026-02-24,222.5,14.9,203400.0,79200.0,3.76,270000.0,234000.0,232.69,239.49,229.48,3.23,2026-02-03 23:02,5014
CROMPTON,2026-02-24,225.0,12.89,628200.0,648000.0,4.55,646200.0,914400.0,232.69,239.49,229.48,3.23,2026-02-03 23:02,3994
CROMPTON,2026-02-24,227.5,11.43,198000.0,234000.0,5.31,270000.0,531000.0,232.69,239.49,229.48,3.23,2026-02-03 23:02,3606
CROMPTON,2026-02-24,230.0,9.71,1936800.0,2170800.0,6.34,982800.0,1476000.0,232.69,239.49,229.48,3.23,2026-02-03 23:02,2902
CROMPTON,2026-02-24,232.5,8.42,115200.0,320400.0,7.3,203400.0,410400.0,232.69,239.49,229.48,3.23,2026-02-03 23:02,4103
CROMPTON,2026-02-24,235.0,7.15,970200.0,2633400.0,8.63,1247400.0,1778400.0,232.69,239.49,229.48,3.23,2026-02-03 23:02,4075
CROMPTON,2026-02-24,237.5,6.3,534600.0,756000.0,10.07,147600.0,189000.0,232.69,239.49,229.48,3.23,2026-02-03 23:02,4269
CROMPTON,2026-02-24,240.0,5.16,1994400.0,4681800.0,11.41,676800.0,838800.0,232.69,239.49,229.48,3.23,2026-02-03 23:02,5205
CROMPTON,2026-02-24,242.5,4.33,230400.0,394200.0,13.22,19800.0,144000.0,232.69,239.49,229.48,3.23,2026-02-03 23:02,6878
CROMPTON,2026-02-24,245.0,3.58,1413000.0,2340000.0,24.0,1800.0,0.0,232.69,239.49,229.48,3.23,2026-02-03 23:02,8430
CROMPTON,2026-02-24,247.5,3.51,5400.0,10800.0,26.05,3600.0,0.0,232.69,239.49,229.48,3.23,2026-02-03 23:02,10763
CROMPTON,2026-02-24,250.0,2.51,2658600.0,4586400.0,18.87,415800.0,192600.0,232.69,239.49,229.48,3.23,2026-02-03 23:02,12590
CROMPTON,2026-02-24,252.5,2.14,57600.0,72000.0,0.0,0.0,0.0,232.69,239.49,229.48,3.23,2026-02-03 23:02,15075
CROMPTON,2026-02-24,255.0,1.83,280800.0,419400.0,34.2,12600.0,0.0,232.69,239.49,229.48,3.23,2026-02-03 23:02,17705
CROMPTON,2026-02-24,260.0,1.37,1209600.0,2536200.0,26.93,82800.0,45000.0,232.69,239.49,229.48,3.23,2026-02-03 23:02,23094
CROMPTON,2026-02-24,265.0,1.01,216000.0,358200.0,39.4,25200.0,0.0,232.69,239.49,229.48,3.23,2026-02-03 23:02,29064
CROMPTON,2026-02-24,270.0,0.81,489600.0,489600.0,36.33,172800.0,37800.0,232.69,239.49,229.48,3.23,2026-02-03 23:02,35135
CROMPTON,2026-02-24,275.0,0.6,1800.0,1800.0,53.8,21600.0,0.0,232.69,239.49,229.48,3.23,2026-02-03 23:02,41026
CROMPTON,2026-02-24,280.0,0.56,333000.0,675000.0,55.05,97200.0,0.0,232.69,239.49,229.48,3.23,2026-02-03 23:02,47400
CROMPTON,2026-02-24,285.0,0.0,0.0,0.0,63.0,7200.0,0.0,232.69,239.49,229.48,3.23,2026-02-03 23:02,53590
CROMPTON,2026-02-24,290.0,0.17,50400.0,9000.0,55.0,81000.0,7200.0,232.69,239.49,229.48,3.23,2026-02-03 23:02,60254
CROMPTON,2026-02-24,295.0,0.0,0.0,0.0,68.0,64800.0,0.0,232.69,239.49,229.48,3.23,2026-02-03 23:02,66585
CROMPTON,2026-02-24,300.0,0.31,351000.0,162000.0,64.5,426600.0,9000.0,232.69,239.49,229.48,3.23,2026-02-03 23:02,72951
CROMPTON,2026-02-24,305.0,0.0,0.0,0.0,79.9,77400.0,0.0,232.69,239.49,229.48,3.23,2026-02-03 23:02,77407
CUMMINSIND,2026-02-24,3200.0,0.0,0.0,0.0,2.4,2200.0,1000.0,4165.8,4368.0,4146.8,1.796,2026-02-03 23:02,44956
CUMMINSIND,2026-02-24,3300.0,0.0,0.0,0.0,11.95,44800.0,3400.0,4165.8,4368.0,4146.8,1.796,2026-02-03 23:02,37591
CUMMINSIND,2026-02-24,3400.0,0.0,0.0,0.0,7.0,4600.0,200.0,4165.8,4368.0,4146.8,1.796,2026-02-03 23:02,30622
CUMMINSIND,2026-02-24,3500.0,0.0,0.0,0.0,7.0,15200.0,3200.0,4165.8,4368.0,4146.8,1.796,2026-02-03 23:02,23748
CUMMINSIND,2026-02-24,3550.0,0.0,0.0,0.0,0.0,0.0,0.0,4165.8,4368.0,4146.8,1.796,2026-02-03 23:02,20379
CUMMINSIND,2026-02-24,3600.0,0.0,0.0,0.0,15.5,43200.0,67800.0,4165.8,4368.0,4146.8,1.796,2026-02-03 23:02,17020
CUMMINSIND,2026-02-24,3650.0,0.0,0.0,0.0,19.65,26000.0,4800.0,4165.8,4368.0,4146.8,1.796,2026-02-03 23:02,13810
CUMMINSIND,2026-02-24,3700.0,0.0,0.0,0.0,23.7,60200.0,55000.0,4165.8,4368.0,4146.8,1.796,2026-02-03 23:02,10746
CUMMINSIND,2026-02-24,3750.0,0.0,0.0,0.0,51.15,4600.0,0.0,4165.8,4368.0,4146.8,1.796,2026-02-03 23:02,7891
CUMMINSIND,2026-02-24,3800.0,440.0,13200.0,4400.0,36.0,66600.0,103200.0,4165.8,4368.0,4146.8,1.796,2026-02-03 23:02,5179
CUMMINSIND,2026-02-24,3850.0,270.05,3600.0,0.0,44.45,11200.0,3800.0,4165.8,4368.0,4146.8,1.796,2026-02-03 23:02,3230
CUMMINSIND,2026-02-24,3900.0,312.3,9800.0,10800.0,56.0,65600.0,98400.0,4165.8,4368.0,4146.8,1.796,2026-02-03 23:02,1061
CUMMINSIND,2026-02-24,3950.0,280.0,6400.0,5400.0,68.5,16800.0,13600.0,4165.8,4368.0,4146.8,1.796,2026-02-03 23:02,-838
CUMMINSIND,2026-02-24,4000.0,245.0,39000.0,60200.0,89.6,189000.0,296600.0,4165.8,4368.0,4146.8,1.796,2026-02-03 23:02,-2497
CUMMINSIND,2026-02-24,4050.0,212.0,17800.0,11800.0,105.2,12200.0,9800.0,4165.8,4368.0,4146.8,1.796,2026-02-03 23:02,-3818
CUMMINSIND,2026-02-24,4100.0,176.05,43800.0,101800.0,122.1,70400.0,102800.0,4165.8,4368.0,4146.8,1.796,2026-02-03 23:02,-4002
CUMMINSIND,2026-02-24,4150.0,150.85,32400.0,40200.0,141.0,20800.0,20600.0,4165.8,4368.0,4146.8,1.796,2026-02-03 23:02,-3953
CUMMINSIND,2026-02-24,4200.0,130.85,72200.0,174600.0,171.85,37800.0,155600.0,4165.8,4368.0,4146.8,1.796,2026-02-03 23:02,-3353
CUMMINSIND,2026-02-24,4250.0,108.5,27200.0,60800.0,201.25,6000.0,9800.0,4165.8,4368.0,4146.8,1.796,2026-02-03 23:02,-2104
CUMMINSIND,2026-02-24,4300.0,97.0,63600.0,251000.0,233.95,19600.0,41400.0,4165.8,4368.0,4146.8,1.796,2026-02-03 23:02,-810
CUMMINSIND,2026-02-24,4350.0,80.0,12400.0,29000.0,252.1,0.0,1200.0,4165.8,4368.0,4146.8,1.796,2026-02-03 23:02,884
CUMMINSIND,2026-02-24,4400.0,66.0,56600.0,150800.0,245.1,15600.0,1000.0,4165.8,4368.0,4146.8,1.796,2026-02-03 23:02,2581
CUMMINSIND,2026-02-24,4450.0,52.0,7200.0,16000.0,0.0,0.0,0.0,4165.8,4368.0,4146.8,1.796,2026-02-03 23:02,4531
CUMMINSIND,2026-02-24,4500.0,45.1,65600.0,243200.0,383.4,2200.0,3800.0,4165.8,4368.0,4146.8,1.796,2026-02-03 23:02,6564
CUMMINSIND,2026-02-24,4550.0,33.65,8000.0,8600.0,0.0,0.0,0.0,4165.8,4368.0,4146.8,1.796,2026-02-03 23:02,9109
CUMMINSIND,2026-02-24,4600.0,29.2,12400.0,22800.0,450.0,2800.0,1600.0,4165.8,4368.0,4146.8,1.796,2026-02-03 23:02,11510
CUMMINSIND,2026-02-24,4650.0,70.4,400.0,0.0,0.0,0.0,0.0,4165.8,4368.0,4146.8,1.796,2026-02-03 23:02,13870
CUMMINSIND,2026-02-24,4700.0,19.9,13400.0,9000.0,690.9,200.0,0.0,4165.8,4368.0,4146.8,1.796,2026-02-03 23:02,16325
CUMMINSIND,2026-02-24,4750.0,17.5,800.0,1600.0,0.0,0.0,0.0,4165.8,4368.0,4146.8,1.796,2026-02-03 23:02,18858
CUMMINSIND,2026-02-24,4800.0,14.0,8200.0,6400.0,0.0,0.0,0.0,4165.8,4368.0,4146.8,1.796,2026-02-03 23:02,21383
CUMMINSIND,2026-02-24,4850.0,11.55,41600.0,6000.0,0.0,0.0,0.0,4165.8,4368.0,4146.8,1.796,2026-02-03 23:02,23960
CUMMINSIND,2026-02-24,4900.0,9.95,5400.0,3200.0,0.0,0.0,0.0,4165.8,4368.0,4146.8,1.796,2026-02-03 23:02,26781
CUMMINSIND,2026-02-24,5000.0,0.0,0.0,0.0,1050.0,400.0,0.0,4165.8,4368.0,4146.8,1.796,2026-02-03 23:02,32386
CUMMINSIND,2026-02-24,5100.0,0.0,0.0,0.0,1160.0,600.0,0.0,4165.8,4368.0,4146.8,1.796,2026-02-03 23:02,37948
CUMMINSIND,2026-02-24,5200.0,0.8,1000.0,0.0,0.0,0.0,0.0,4165.8,4368.0,4146.8,1.796,2026-02-03 23:02,43489
DABUR,2026-02-24,430.0,0.0,0.0,0.0,0.25,302500.0,77500.0,500.5,510.0,495.6,0.301,2026-02-03 23:02,33825
DABUR,2026-02-24,440.0,0.0,0.0,0.0,0.45,523750.0,60000.0,500.5,510.0,495.6,0.301,2026-02-03 23:02,27164
DABUR,2026-02-24,450.0,0.0,0.0,0.0,0.8,473750.0,832500.0,500.5,510.0,495.6,0.301,2026-02-03 23:02,21010
DABUR,2026-02-24,455.0,0.0,0.0,0.0,1.05,50000.0,58750.0,500.5,510.0,495.6,0.301,2026-02-03 23:02,18144
DABUR,2026-02-24,460.0,0.0,0.0,0.0,1.35,455000.0,510000.0,500.5,510.0,495.6,0.301,2026-02-03 23:02,15336
DABUR,2026-02-24,465.0,0.0,0.0,0.0,1.7,37500.0,65000.0,500.5,510.0,495.6,0.301,2026-02-03 23:02,12699
DABUR,2026-02-24,470.0,0.0,0.0,0.0,2.35,336250.0,518750.0,500.5,510.0,495.6,0.301,2026-02-03 23:02,10136
DABUR,2026-02-24,475.0,31.2,38750.0,11250.0,3.0,320000.0,353750.0,500.5,510.0,495.6,0.301,2026-02-03 23:02,7668
DABUR,2026-02-24,480.0,24.35,58750.0,0.0,3.85,796250.0,1900000.0,500.5,510.0,495.6,0.301,2026-02-03 23:02,5483
DABUR,2026-02-24,485.0,20.55,47500.0,0.0,5.1,85000.0,270000.0,500.5,510.0,495.6,0.301,2026-02-03 23:02,3538
DABUR,2026-02-24,490.0,17.75,92500.0,203750.0,6.5,585000.0,1235000.0,500.5,510.0,495.6,0.301,2026-02-03 23:02,1877
DABUR,2026-02-24,495.0,14.55,115000.0,301250.0,8.4,211250.0,523750.0,500.5,510.0,495.6,0.301,2026-02-03 23:02,284
DABUR,2026-02-24,500.0,11.65,1341250.0,3405000.0,10.75,857500.0,1753750.0,500.5,510.0,495.6,0.301,2026-02-03 23:02,-939
DABUR,2026-02-24,505.0,9.4,240000.0,733750.0,13.25,162500.0,181250.0,500.5,510.0,495.6,0.301,2026-02-03 23:02,-413
DABUR,2026-02-24,510.0,7.35,893750.0,2308750.0,16.05,496250.0,248750.0,500.5,510.0,495.6,0.301,2026-02-03 23:02,-316
DABUR,2026-02-24,515.0,5.75,395000.0,547500.0,19.75,172500.0,55000.0,500.5,510.0,495.6,0.301,2026-02-03 23:02,326
DABUR,2026-02-24,520.0,4.45,1220000.0,2026250.0,23.2,460000.0,91250.0,500.5,510.0,495.6,0.301,2026-02-03 23:02,1278
DABUR,2026-02-24,525.0,3.5,515000.0,560000.0,26.95,107500.0,0.0,500.5,510.0,495.6,0.301,2026-02-03 23:02,2659
DABUR,2026-02-24,530.0,2.75,1535000.0,1978750.0,30.0,215000.0,25000.0,500.5,510.0,495.6,0.301,2026-02-03 23:02,4767
DABUR,2026-02-24,535.0,2.15,318750.0,200000.0,37.05,15000.0,0.0,500.5,510.0,495.6,0.301,2026-02-03 23:02,7636
DABUR,2026-02-24,540.0,1.75,867500.0,552500.0,40.9,132500.0,26250.0,500.5,510.0,495.6,0.301,2026-02-03 23:02,10907
DABUR,2026-02-24,545.0,1.4,138750.0,90000.0,0.0,0.0,0.0,500.5,510.0,495.6,0.301,2026-02-03 23:02,14276
DABUR,2026-02-24,550.0,1.15,927500.0,526250.0,49.9,110000.0,18750.0,500.5,510.0,495.6,0.301,2026-02-03 23:02,18123
DABUR,2026-02-24,555.0,1.0,115000.0,18750.0,0.0,0.0,0.0,500.5,510.0,495.6,0.301,2026-02-03 23:02,22028
DABUR,2026-02-24,560.0,0.85,598750.0,307500.0,60.0,22500.0,0.0,500.5,510.0,495.6,0.301,2026-02-03 23:02,26444
DABUR,2026-02-24,565.0,0.6,67500.0,0.0,0.0,0.0,0.0,500.5,510.0,495.6,0.301,2026-02-03 23:02,31075
DABUR,2026-02-24,570.0,0.55,313750.0,166250.0,68.5,10000.0,2500.0,500.5,510.0,495.6,0.301,2026-02-03 23:02,35828
DABUR,2026-02-24,575.0,0.45,67500.0,0.0,0.0,0.0,0.0,500.5,510.0,495.6,0.301,2026-02-03 23:02,40687
DABUR,2026-02-24,580.0,0.45,527500.0,105000.0,66.3,10000.0,0.0,500.5,510.0,495.6,0.301,2026-02-03 23:02,45634
DABUR,2026-02-24,585.0,0.4,3750.0,0.0,0.0,0.0,0.0,500.5,510.0,495.6,0.301,2026-02-03 23:02,50805
DABUR,2026-02-24,590.0,0.35,617500.0,90000.0,73.0,6250.0,0.0,500.5,510.0,495.6,0.301,2026-02-03 23:02,56020
DABUR,2026-02-24,600.0,0.3,770000.0,43750.0,81.0,2500.0,0.0,500.5,510.0,495.6,0.301,2026-02-03 23:02,67050
DALBHARAT,2026-02-24,1660.0,0.0,0.0,0.0,3.8,6825.0,325.0,2110.6,2169.7,2079.3,2.287,2026-02-03 23:02,44320
DALBHARAT,2026-02-24,1680.0,0.0,0.0,0.0,2.2,63375.0,14625.0,2110.6,2169.7,2079.3,2.287,2026-02-03 23:02,40742
DALBHARAT,2026-02-24,1700.0,0.0,0.0,0.0,0.0,0.0,0.0,2110.6,2169.7,2079.3,2.287,2026-02-03 23:02,37279
DALBHARAT,2026-02-24,1720.0,0.0,0.0,0.0,0.0,0.0,0.0,2110.6,2169.7,2079.3,2.287,2026-02-03 23:02,33830
DALBHARAT,2026-02-24,1740.0,0.0,0.0,0.0,0.0,0.0,0.0,2110.6,2169.7,2079.3,2.287,2026-02-03 23:02,30381
DALBHARAT,2026-02-24,1760.0,0.0,0.0,0.0,12.4,29250.0,0.0,2110.6,2169.7,2079.3,2.287,2026-02-03 23:02,26932
DALBHARAT,2026-02-24,1780.0,0.0,0.0,0.0,0.0,0.0,0.0,2110.6,2169.7,2079.3,2.287,2026-02-03 23:02,23506
DALBHARAT,2026-02-24,1800.0,284.55,975.0,0.0,6.8,111800.0,30225.0,2110.6,2169.7,2079.3,2.287,2026-02-03 23:02,20115
DALBHARAT,2026-02-24,1820.0,0.0,0.0,0.0,0.0,0.0,0.0,2110.6,2169.7,2079.3,2.287,2026-02-03 23:02,16902
DALBHARAT,2026-02-24,1840.0,0.0,0.0,0.0,0.0,0.0,0.0,2110.6,2169.7,2079.3,2.287,2026-02-03 23:02,13737
DALBHARAT,2026-02-24,1860.0,0.0,0.0,0.0,26.45,78650.0,0.0,2110.6,2169.7,2079.3,2.287,2026-02-03 23:02,10572
DALBHARAT,2026-02-24,1880.0,186.65,1950.0,0.0,10.5,28925.0,4550.0,2110.6,2169.7,2079.3,2.287,2026-02-03 23:02,7357
DALBHARAT,2026-02-24,1900.0,159.6,1950.0,0.0,13.2,884325.0,195975.0,2110.6,2169.7,2079.3,2.287,2026-02-03 23:02,4417
DALBHARAT,2026-02-24,1920.0,115.75,2275.0,0.0,17.0,0.0,650.0,2110.6,2169.7,2079.3,2.287,2026-02-03 23:02,2108
DALBHARAT,2026-02-24,1940.0,189.6,1625.0,325.0,17.15,58825.0,5850.0,2110.6,2169.7,2079.3,2.287,2026-02-03 23:02,965
DALBHARAT,2026-02-24,1960.0,175.15,3575.0,4225.0,21.05,48425.0,72150.0,2110.6,2169.7,2079.3,2.287,2026-02-03 23:02,-152
DALBHARAT,2026-02-24,1980.0,123.3,6500.0,325.0,55.2,10725.0,0.0,2110.6,2169.7,2079.3,2.287,2026-02-03 23:02,-1135
DALBHARAT,2026-02-24,2000.0,143.0,14625.0,7150.0,25.3,256750.0,299325.0,2110.6,2169.7,2079.3,2.287,2026-02-03 23:02,-2023
DALBHARAT,2026-02-24,2020.0,118.7,10400.0,3575.0,31.0,17875.0,10075.0,2110.6,2169.7,2079.3,2.287,2026-02-03 23:02,-2830
DALBHARAT,2026-02-24,2040.0,106.1,15275.0,6500.0,32.95,20150.0,11700.0,2110.6,2169.7,2079.3,2.287,2026-02-03 23:02,-3072
DALBHARAT,2026-02-24,2060.0,95.0,21450.0,7150.0,38.1,38675.0,14300.0,2110.6,2169.7,2079.3,2.287,2026-02-03 23:02,-3216
DALBHARAT,2026-02-24,2080.0,83.75,33800.0,13325.0,48.55,10400.0,8775.0,2110.6,2169.7,2079.3,2.287,2026-02-03 23:02,-3278
DALBHARAT,2026-02-24,2100.0,70.0,135525.0,333775.0,51.5,62075.0,58500.0,2110.6,2169.7,2079.3,2.287,2026-02-03 23:02,-3076
DALBHARAT,2026-02-24,2120.0,57.85,9750.0,6500.0,60.05,5525.0,5525.0,2110.6,2169.7,2079.3,2.287,2026-02-03 23:02,-2083
DALBHARAT,2026-02-24,2140.0,49.0,31525.0,17875.0,69.9,6825.0,3900.0,2110.6,2169.7,2079.3,2.287,2026-02-03 23:02,-1664
DALBHARAT,2026-02-24,2160.0,23.2,975.0,0.0,83.95,12025.0,19500.0,2110.6,2169.7,2079.3,2.287,2026-02-03 23:02,-1086
DALBHARAT,2026-02-24,2180.0,31.3,4225.0,5200.0,109.0,1300.0,0.0,2110.6,2169.7,2079.3,2.287,2026-02-03 23:02,-686
DALBHARAT,2026-02-24,2200.0,26.8,132925.0,208650.0,169.0,24050.0,0.0,2110.6,2169.7,2079.3,2.287,2026-02-03 23:02,-178
DALBHARAT,2026-02-24,2220.0,21.35,18850.0,12350.0,0.0,0.0,0.0,2110.6,2169.7,2079.3,2.287,2026-02-03 23:02,593
DALBHARAT,2026-02-24,2240.0,17.0,46800.0,43875.0,168.3,5850.0,0.0,2110.6,2169.7,2079.3,2.287,2026-02-03 23:02,1494
DALBHARAT,2026-02-24,2260.0,13.6,8125.0,2925.0,0.0,0.0,0.0,2110.6,2169.7,2079.3,2.287,2026-02-03 23:02,2441
DALBHARAT,2026-02-24,2280.0,5.0,2600.0,0.0,130.0,1625.0,0.0,2110.6,2169.7,2079.3,2.287,2026-02-03 23:02,3434
DALBHARAT,2026-02-24,2300.0,9.2,127725.0,97500.0,248.15,6825.0,0.0,2110.6,2169.7,2079.3,2.287,2026-02-03 23:02,4405
DALBHARAT,2026-02-24,2320.0,7.2,7150.0,7150.0,0.0,0.0,0.0,2110.6,2169.7,2079.3,2.287,2026-02-03 23:02,5613
DALBHARAT,2026-02-24,2340.0,5.0,11050.0,0.0,0.0,0.0,0.0,2110.6,2169.7,2079.3,2.287,2026-02-03 23:02,6892
DALBHARAT,2026-02-24,2360.0,3.2,1950.0,0.0,0.0,0.0,0.0,2110.6,2169.7,2079.3,2.287,2026-02-03 23:02,8194
DALBHARAT,2026-02-24,2380.0,2.25,2600.0,0.0,0.0,0.0,0.0,2110.6,2169.7,2079.3,2.287,2026-02-03 23:02,9494
DALBHARAT,2026-02-24,2400.0,3.35,51350.0,18850.0,228.0,2925.0,0.0,2110.6,2169.7,2079.3,2.287,2026-02-03 23:02,10800
DALBHARAT,2026-02-24,2440.0,1.55,9750.0,0.0,0.0,0.0,0.0,2110.6,2169.7,2079.3,2.287,2026-02-03 23:02,13578
DALBHARAT,2026-02-24,2480.0,5.0,325.0,0.0,372.0,650.0,0.0,2110.6,2169.7,2079.3,2.287,2026-02-03 23:02,16446
DALBHARAT,2026-02-24,2520.0,1.2,12025.0,0.0,0.0,0.0,0.0,2110.6,2169.7,2079.3,2.287,2026-02-03 23:02,19293
DELHIVERY,2026-02-24,320.0,123.3,24900.0,0.0,0.4,33200.0,14525.0,443.25,458.8,440.4,0.762,2026-02-03 23:02,40993
DELHIVERY,2026-02-24,330.0,0.0,0.0,0.0,0.95,12450.0,0.0,443.25,458.8,440.4,0.762,2026-02-03 23:02,35344
DELHIVERY,2026-02-24,340.0,0.0,0.0,0.0,0.45,168075.0,0.0,443.25,458.8,440.4,0.762,2026-02-03 23:02,29400
DELHIVERY,2026-02-24,350.0,90.0,16600.0,0.0,0.7,89225.0,37350.0,443.25,458.8,440.4,0.762,2026-02-03 23:02,23618
DELHIVERY,2026-02-24,360.0,0.0,0.0,0.0,0.75,70550.0,37350.0,443.25,458.8,440.4,0.762,2026-02-03 23:02,18092
DELHIVERY,2026-02-24,365.0,0.0,0.0,0.0,0.6,8300.0,4150.0,443.25,458.8,440.4,0.762,2026-02-03 23:02,15287
DELHIVERY,2026-02-24,370.0,70.75,6225.0,0.0,0.95,141100.0,45650.0,443.25,458.8,440.4,0.762,2026-02-03 23:02,12492
DELHIVERY,2026-02-24,375.0,44.4,14525.0,0.0,1.15,47725.0,0.0,443.25,458.8,440.4,0.762,2026-02-03 23:02,9801
DELHIVERY,2026-02-24,380.0,68.5,68475.0,14525.0,1.3,329925.0,352750.0,443.25,458.8,440.4,0.762,2026-02-03 23:02,7170
DELHIVERY,2026-02-24,385.0,36.95,31125.0,0.0,1.5,120350.0,85075.0,443.25,458.8,440.4,0.762,2026-02-03 23:02,5105
DELHIVERY,2026-02-24,390.0,55.15,93375.0,0.0,1.75,622500.0,485550.0,443.25,458.8,440.4,0.762,2026-02-03 23:02,2787
DELHIVERY,2026-02-24,395.0,50.1,112050.0,0.0,2.1,116200.0,126575.0,443.25,458.8,440.4,0.762,2026-02-03 23:02,1135
DELHIVERY,2026-02-24,400.0,46.45,404625.0,60175.0,2.55,605900.0,717950.0,443.25,458.8,440.4,0.762,2026-02-03 23:02,-270
DELHIVERY,2026-02-24,405.0,42.05,157700.0,6225.0,3.15,201275.0,141100.0,443.25,458.8,440.4,0.762,2026-02-03 23:02,16
DELHIVERY,2026-02-24,410.0,39.25,280125.0,53950.0,3.8,427450.0,556100.0,443.25,458.8,440.4,0.762,2026-02-03 23:02,-642
DELHIVERY,2026-02-24,415.0,32.6,211650.0,22825.0,4.7,265600.0,392175.0,443.25,458.8,440.4,0.762,2026-02-03 23:02,-609
DELHIVERY,2026-02-24,420.0,31.4,249000.0,95450.0,5.7,402550.0,649475.0,443.25,458.8,440.4,0.762,2026-02-03 23:02,-710
DELHIVERY,2026-02-24,425.0,27.3,400475.0,97525.0,6.95,319550.0,684750.0,443.25,458.8,440.4,0.762,2026-02-03 23:02,-498
DELHIVERY,2026-02-24,430.0,24.35,537425.0,402550.0,8.4,510450.0,1010525.0,443.25,458.8,440.4,0.762,2026-02-03 23:02,392
DELHIVERY,2026-02-24,435.0,20.65,143175.0,327850.0,10.4,450275.0,456500.0,443.25,458.8,440.4,0.762,2026-02-03 23:02,1815
DELHIVERY,2026-02-24,440.0,18.15,396325.0,1182750.0,12.5,427450.0,1284425.0,443.25,458.8,440.4,0.762,2026-02-03 23:02,2483
DELHIVERY,2026-02-24,445.0,15.3,199200.0,1180675.0,14.65,251075.0,524975.0,443.25,458.8,440.4,0.762,2026-02-03 23:02,3920
DELHIVERY,2026-02-24,450.0,13.2,554025.0,1828075.0,17.4,242775.0,726250.0,443.25,458.8,440.4,0.762,2026-02-03 23:02,5335
DELHIVERY,2026-02-24,455.0,11.35,222025.0,661925.0,21.85,47725.0,70550.0,443.25,458.8,440.4,0.762,2026-02-03 23:02,7519
DELHIVERY,2026-02-24,460.0,9.3,516675.0,1662075.0,23.65,66400.0,352750.0,443.25,458.8,440.4,0.762,2026-02-03 23:02,9678
DELHIVERY,2026-02-24,465.0,7.85,124500.0,184675.0,28.85,12450.0,0.0,443.25,458.8,440.4,0.762,2026-02-03 23:02,12303
DELHIVERY,2026-02-24,470.0,6.4,317475.0,863200.0,32.85,22825.0,0.0,443.25,458.8,440.4,0.762,2026-02-03 23:02,14736
DELHIVERY,2026-02-24,475.0,5.1,145250.0,49800.0,0.0,0.0,0.0,443.25,458.8,440.4,0.762,2026-02-03 23:02,17405
DELHIVERY,2026-02-24,480.0,4.4,458575.0,1045800.0,0.0,0.0,0.0,443.25,458.8,440.4,0.762,2026-02-03 23:02,20092
DELHIVERY,2026-02-24,485.0,3.7,0.0,4150.0,0.0,0.0,0.0,443.25,458.8,440.4,0.762,2026-02-03 23:02,23137
DELHIVERY,2026-02-24,490.0,3.2,170150.0,168075.0,0.0,0.0,0.0,443.25,458.8,440.4,0.762,2026-02-03 23:02,25980
DELHIVERY,2026-02-24,495.0,2.65,103750.0,60175.0,0.0,0.0,0.0,443.25,458.8,440.4,0.762,2026-02-03 23:02,28962
DELHIVERY,2026-02-24,500.0,2.15,1292725.0,3064775.0,0.0,0.0,0.0,443.25,458.8,440.4,0.762,2026-02-03 23:02,31969
DELHIVERY,2026-02-24,505.0,1.85,336150.0,261450.0,0.0,0.0,0.0,443.25,458.8,440.4,0.762,2026-02-03 23:02,35873
DIVISLAB,2026-02-24,5000.0,0.0,0.0,0.0,1.75,44900.0,35000.0,6209.0,6304.5,6150.0,4.309,2026-02-03 23:02,36874
DIVISLAB,2026-02-24,5100.0,0.0,0.0,0.0,0.0,0.0,0.0,6209.0,6304.5,6150.0,4.309,2026-02-03 23:02,32036
DIVISLAB,2026-02-24,5200.0,0.0,0.0,0.0,3.55,12300.0,4500.0,6209.0,6304.5,6150.0,4.309,2026-02-03 23:02,27206
DIVISLAB,2026-02-24,5300.0,0.0,0.0,0.0,4.8,3600.0,1000.0,6209.0,6304.5,6150.0,4.309,2026-02-03 23:02,22495
DIVISLAB,2026-02-24,5350.0,0.0,0.0,0.0,0.0,0.0,0.0,6209.0,6304.5,6150.0,4.309,2026-02-03 23:02,20158
DIVISLAB,2026-02-24,5400.0,0.0,0.0,0.0,8.8,21600.0,14800.0,6209.0,6304.5,6150.0,4.309,2026-02-03 23:02,17822
DIVISLAB,2026-02-24,5450.0,0.0,0.0,0.0,36.0,2100.0,0.0,6209.0,6304.5,6150.0,4.309,2026-02-03 23:02,15576
DIVISLAB,2026-02-24,5500.0,0.0,0.0,0.0,13.2,37300.0,28500.0,6209.0,6304.5,6150.0,4.309,2026-02-03 23:02,13351
DIVISLAB,2026-02-24,5550.0,0.0,0.0,0.0,16.75,8400.0,800.0,6209.0,6304.5,6150.0,4.309,2026-02-03 23:02,11271
DIVISLAB,2026-02-24,5600.0,500.0,300.0,0.0,19.5,8300.0,6900.0,6209.0,6304.5,6150.0,4.309,2026-02-03 23:02,9269
DIVISLAB,2026-02-24,5650.0,0.0,0.0,0.0,25.1,5800.0,1500.0,6209.0,6304.5,6150.0,4.309,2026-02-03 23:02,7322
DIVISLAB,2026-02-24,5700.0,594.85,800.0,300.0,31.3,20100.0,21200.0,6209.0,6304.5,6150.0,4.309,2026-02-03 23:02,5391
DIVISLAB,2026-02-24,5750.0,382.95,300.0,0.0,69.65,1000.0,0.0,6209.0,6304.5,6150.0,4.309,2026-02-03 23:02,3564
DIVISLAB,2026-02-24,5800.0,506.55,1000.0,1000.0,45.0,30100.0,43400.0,6209.0,6304.5,6150.0,4.309,2026-02-03 23:02,1763
DIVISLAB,2026-02-24,5850.0,0.0,0.0,0.0,51.75,2300.0,3000.0,6209.0,6304.5,6150.0,4.309,2026-02-03 23:02,28
DIVISLAB,2026-02-24,5900.0,396.95,5100.0,10600.0,64.75,24100.0,45200.0,6209.0,6304.5,6150.0,4.309,2026-02-03 23:02,-1621
DIVISLAB,2026-02-24,5950.0,361.35,24900.0,9200.0,76.2,13600.0,23600.0,6209.0,6304.5,6150.0,4.309,2026-02-03 23:02,-3068
DIVISLAB,2026-02-24,6000.0,325.65,32600.0,56900.0,90.5,81700.0,134500.0,6209.0,6304.5,6150.0,4.309,2026-02-03 23:02,-3571
DIVISLAB,2026-02-24,6050.0,287.7,39400.0,18600.0,106.9,25900.0,30400.0,6209.0,6304.5,6150.0,4.309,2026-02-03 23:02,-3978
DIVISLAB,2026-02-24,6100.0,247.45,33400.0,51100.0,126.7,41200.0,38200.0,6209.0,6304.5,6150.0,4.309,2026-02-03 23:02,-3523
DIVISLAB,2026-02-24,6150.0,218.95,14200.0,14600.0,145.0,11800.0,13500.0,6209.0,6304.5,6150.0,4.309,2026-02-03 23:02,-3248
DIVISLAB,2026-02-24,6200.0,190.05,104500.0,203200.0,170.0,52600.0,151100.0,6209.0,6304.5,6150.0,4.309,2026-02-03 23:02,-3007
DIVISLAB,2026-02-24,6250.0,170.3,12000.0,53700.0,195.0,24400.0,55400.0,6209.0,6304.5,6150.0,4.309,2026-02-03 23:02,-1028
DIVISLAB,2026-02-24,6300.0,147.0,43800.0,311100.0,223.0,17500.0,45600.0,6209.0,6304.5,6150.0,4.309,2026-02-03 23:02,-231
DIVISLAB,2026-02-24,6350.0,128.0,4800.0,11100.0,270.6,600.0,0.0,6209.0,6304.5,6150.0,4.309,2026-02-03 23:02,1396
DIVISLAB,2026-02-24,6400.0,110.45,39500.0,125700.0,259.85,4800.0,100.0,6209.0,6304.5,6150.0,4.309,2026-02-03 23:02,2843
DIVISLAB,2026-02-24,6450.0,96.4,2900.0,6900.0,312.0,500.0,600.0,6209.0,6304.5,6150.0,4.309,2026-02-03 23:02,4779
DIVISLAB,2026-02-24,6500.0,79.15,96900.0,333500.0,304.2,16400.0,1800.0,6209.0,6304.5,6150.0,4.309,2026-02-03 23:02,6431
DIVISLAB,2026-02-24,6550.0,76.3,7700.0,10000.0,0.0,0.0,0.0,6209.0,6304.5,6150.0,4.309,2026-02-03 23:02,8906
DIVISLAB,2026-02-24,6600.0,58.0,36500.0,84900.0,560.0,12400.0,0.0,6209.0,6304.5,6150.0,4.309,2026-02-03 23:02,11211
DIVISLAB,2026-02-24,6650.0,33.85,500.0,0.0,0.0,0.0,0.0,6209.0,6304.5,6150.0,4.309,2026-02-03 23:02,13218
DIVISLAB,2026-02-24,6700.0,41.0,22300.0,41800.0,508.5,700.0,0.0,6209.0,6304.5,6150.0,4.309,2026-02-03 23:02,15712
DIVISLAB,2026-02-24,6750.0,0.0,0.0,0.0,0.0,0.0,0.0,6209.0,6304.5,6150.0,4.309,2026-02-03 23:02,18376
DIVISLAB,2026-02-24,6800.0,29.0,17400.0,62700.0,730.0,600.0,0.0,6209.0,6304.5,6150.0,4.309,2026-02-03 23:02,20983
DIVISLAB,2026-02-24,6900.0,20.85,6100.0,9000.0,0.0,0.0,0.0,6209.0,6304.5,6150.0,4.309,2026-02-03 23:02,26385
DIVISLAB,2026-02-24,6950.0,18.4,2200.0,700.0,0.0,0.0,0.0,6209.0,6304.5,6150.0,4.309,2026-02-03 23:02,29125
DIVISLAB,2026-02-24,7000.0,13.35,69900.0,135000.0,930.0,1100.0,0.0,6209.0,6304.5,6150.0,4.309,2026-02-03 23:02,31868
DIVISLAB,2026-02-24,7050.0,29.95,200.0,0.0,0.0,0.0,0.0,6209.0,6304.5,6150.0,4.309,2026-02-03 23:02,34953
DIVISLAB,2026-02-24,7100.0,8.2,179400.0,104200.0,1025.0,200.0,0.0,6209.0,6304.5,6150.0,4.309,2026-02-03 23:02,38049
DIVISLAB,2026-02-24,7200.0,40.0,200.0,0.0,0.0,0.0,0.0,6209.0,6304.5,6150.0,4.309,2026-02-03 23:02,46162
DIVISLAB,2026-02-24,7250.0,3.55,200.0,0.0,0.0,0.0,0.0,6209.0,6304.5,6150.0,4.309,2026-02-03 23:02,50157
DIVISLAB,2026-02-24,7300.0,5.0,1500.0,100.0,0.0,0.0,0.0,6209.0,6304.5,6150.0,4.309,2026-02-03 23:02,54152
DIVISLAB,2026-02-24,7400.0,1.35,3200.0,0.0,0.0,0.0,0.0,6209.0,6304.5,6150.0,4.309,2026-02-03 23:02,62157
DIVISLAB,2026-02-24,7500.0,1.5,700.0,0.0,0.0,0.0,0.0,6209.0,6304.5,6150.0,4.309,2026-02-03 23:02,70195
DLF,2026-02-24,320.0,0.0,0.0,0.0,0.0,0.0,0.0,650.4,674.4,645.85,3.848,2026-02-03 23:02,298608
DLF,2026-02-24,340.0,0.0,0.0,0.0,0.0,0.0,0.0,650.4,674.4,645.85,3.848,2026-02-03 23:02,277371
DLF,2026-02-24,360.0,0.0,0.0,0.0,0.0,0.0,0.0,650.4,674.4,645.85,3.848,2026-02-03 23:02,256134
DLF,2026-02-24,380.0,0.0,0.0,0.0,0.0,0.0,0.0,650.4,674.4,645.85,3.848,2026-02-03 23:02,234897
DLF,2026-02-24,400.0,0.0,0.0,0.0,0.0,0.0,0.0,650.4,674.4,645.85,3.848,2026-02-03 23:02,213659
DLF,2026-02-24,410.0,0.0,0.0,0.0,0.0,0.0,0.0,650.4,674.4,645.85,3.848,2026-02-03 23:02,203041
DLF,2026-02-24,420.0,0.0,0.0,0.0,0.0,0.0,0.0,650.4,674.4,645.85,3.848,2026-02-03 23:02,192422
DLF,2026-02-24,430.0,0.0,0.0,0.0,0.0,0.0,0.0,650.4,674.4,645.85,3.848,2026-02-03 23:02,181804
DLF,2026-02-24,440.0,0.0,0.0,0.0,0.0,0.0,0.0,650.4,674.4,645.85,3.848,2026-02-03 23:02,171185
DLF,2026-02-24,450.0,0.0,0.0,0.0,0.0,0.0,0.0,650.4,674.4,645.85,3.848,2026-02-03 23:02,160567
DLF,2026-02-24,460.0,0.0,0.0,0.0,0.0,0.0,0.0,650.4,674.4,645.85,3.848,2026-02-03 23:02,149948
DLF,2026-02-24,470.0,0.0,0.0,0.0,0.0,0.0,0.0,650.4,674.4,645.85,3.848,2026-02-03 23:02,139329
DLF,2026-02-24,480.0,139.3,2475.0,0.0,0.4,61875.0,0.0,650.4,674.4,645.85,3.848,2026-02-03 23:02,128711
DLF,2026-02-24,490.0,0.0,0.0,0.0,0.0,0.0,0.0,650.4,674.4,645.85,3.848,2026-02-03 23:02,118189
DLF,2026-02-24,500.0,133.25,825.0,0.0,0.7,187275.0,52800.0,650.4,674.4,645.85,3.848,2026-02-03 23:02,107634
DLF,2026-02-24,510.0,0.0,0.0,0.0,0.0,0.0,0.0,650.4,674.4,645.85,3.848,2026-02-03 23:02,97266
DLF,2026-02-24,520.0,140.0,825.0,825.0,0.95,889350.0,114675.0,650.4,674.4,645.85,3.848,2026-02-03 23:02,86900
DLF,2026-02-24,530.0,0.0,0.0,0.0,0.95,164175.0,25575.0,650.4,674.4,645.85,3.848,2026-02-03 23:02,77351
DLF,2026-02-24,540.0,0.0,0.0,0.0,1.15,314325.0,71775.0,650.4,674.4,645.85,3.848,2026-02-03 23:02,68024
DLF,2026-02-24,550.0,110.0,24750.0,825.0,1.6,462000.0,218625.0,650.4,674.4,645.85,3.848,2026-02-03 23:02,58990
DLF,2026-02-24,560.0,60.0,32175.0,0.0,1.85,449625.0,248325.0,650.4,674.4,645.85,3.848,2026-02-03 23:02,50678
DLF,2026-02-24,570.0,75.65,28050.0,0.0,2.2,328350.0,233475.0,650.4,674.4,645.85,3.848,2026-02-03 23:02,42759
DLF,2026-02-24,580.0,73.0,99825.0,27225.0,2.8,802725.0,698775.0,650.4,674.4,645.85,3.848,2026-02-03 23:02,35226
DLF,2026-02-24,590.0,64.95,202125.0,84975.0,3.65,361350.0,466125.0,650.4,674.4,645.85,3.848,2026-02-03 23:02,28960
DLF,2026-02-24,600.0,55.5,1055175.0,198825.0,4.55,988350.0,2013825.0,650.4,674.4,645.85,3.848,2026-02-03 23:02,23935
DLF,2026-02-24,610.0,46.5,348975.0,319275.0,5.9,391050.0,994950.0,650.4,674.4,645.85,3.848,2026-02-03 23:02,25178
DLF,2026-02-24,620.0,38.75,983400.0,483450.0,7.6,707850.0,1253175.0,650.4,674.4,645.85,3.848,2026-02-03 23:02,23147
DLF,2026-02-24,630.0,31.0,509850.0,891000.0,10.1,421575.0,1040325.0,650.4,674.4,645.85,3.848,2026-02-03 23:02,24688
DLF,2026-02-24,640.0,24.25,834900.0,1569150.0,13.5,445500.0,1301850.0,650.4,674.4,645.85,3.848,2026-02-03 23:02,25043
DLF,2026-02-24,650.0,18.4,1136025.0,2752200.0,17.5,720225.0,2370225.0,650.4,674.4,645.85,3.848,2026-02-03 23:02,26946
DLF,2026-02-24,660.0,13.7,1209450.0,4026825.0,22.65,431475.0,1736625.0,650.4,674.4,645.85,3.848,2026-02-03 23:02,30113
DLF,2026-02-24,670.0,9.9,694650.0,2960925.0,27.7,84975.0,212025.0,650.4,674.4,645.85,3.848,2026-02-03 23:02,34770
DLF,2026-02-24,680.0,7.2,942975.0,2555025.0,35.15,494175.0,730125.0,650.4,674.4,645.85,3.848,2026-02-03 23:02,39979
DLF,2026-02-24,690.0,5.05,290400.0,1082400.0,42.45,62700.0,52800.0,650.4,674.4,645.85,3.848,2026-02-03 23:02,45115
DLF,2026-02-24,700.0,3.55,1744050.0,4310625.0,52.4,479325.0,149325.0,650.4,674.4,645.85,3.848,2026-02-03 23:02,51543
DLF,2026-02-24,710.0,2.45,226050.0,667425.0,56.7,33825.0,3300.0,650.4,674.4,645.85,3.848,2026-02-03 23:02,58421
DLF,2026-02-24,720.0,1.85,377850.0,770550.0,69.6,112200.0,7425.0,650.4,674.4,645.85,3.848,2026-02-03 23:02,67315
DLF,2026-02-24,730.0,1.4,84975.0,114675.0,77.5,31350.0,7425.0,650.4,674.4,645.85,3.848,2026-02-03 23:02,76124
DLF,2026-02-24,740.0,0.95,119625.0,96525.0,88.8,102300.0,17325.0,650.4,674.4,645.85,3.848,2026-02-03 23:02,85530
DLF,2026-02-24,750.0,0.75,322575.0,325875.0,97.4,407550.0,49500.0,650.4,674.4,645.85,3.848,2026-02-03 23:02,94492
DLF,2026-02-24,760.0,0.5,250800.0,113025.0,108.4,23100.0,3300.0,650.4,674.4,645.85,3.848,2026-02-03 23:02,101135
DLF,2026-02-24,770.0,0.55,825.0,0.0,147.5,21450.0,0.0,650.4,674.4,645.85,3.848,2026-02-03 23:02,111760
DLF,2026-02-24,780.0,0.25,14025.0,0.0,119.25,105600.0,2475.0,650.4,674.4,645.85,3.848,2026-02-03 23:02,122329
DLF,2026-02-24,790.0,0.0,0.0,0.0,0.0,0.0,0.0,650.4,674.4,645.85,3.848,2026-02-03 23:02,132074
DLF,2026-02-24,800.0,0.35,130350.0,30525.0,139.4,160875.0,8250.0,650.4,674.4,645.85,3.848,2026-02-03 23:02,143079
DLF,2026-02-24,810.0,0.0,0.0,0.0,0.0,0.0,0.0,650.4,674.4,645.85,3.848,2026-02-03 23:02,152137
DLF,2026-02-24,820.0,21.7,0.0,0.0,166.4,273900.0,5775.0,650.4,674.4,645.85,3.848,2026-02-03 23:02,163433
DLF,2026-02-24,830.0,0.0,0.0,0.0,0.0,0.0,0.0,650.4,674.4,645.85,3.848,2026-02-03 23:02,170445
DLF,2026-02-24,840.0,0.15,29700.0,46200.0,187.2,98175.0,21450.0,650.4,674.4,645.85,3.848,2026-02-03 23:02,182015
DLF,2026-02-24,850.0,0.0,0.0,0.0,0.0,0.0,0.0,650.4,674.4,645.85,3.848,2026-02-03 23:02,191875
DLF,2026-02-24,860.0,0.0,0.0,0.0,0.0,0.0,0.0,650.4,674.4,645.85,3.848,2026-02-03 23:02,203573
DLF,2026-02-24,880.0,0.0,0.0,0.0,0.0,0.0,0.0,650.4,674.4,645.85,3.848,2026-02-03 23:02,226968
DLF,2026-02-24,900.0,0.0,0.0,0.0,0.0,0.0,0.0,650.4,674.4,645.85,3.848,2026-02-03 23:02,250363
DLF,2026-02-24,920.0,0.0,0.0,0.0,0.0,0.0,0.0,650.4,674.4,645.85,3.848,2026-02-03 23:02,273759
DLF,2026-02-24,940.0,0.0,0.0,0.0,0.0,0.0,0.0,650.4,674.4,645.85,3.848,2026-02-03 23:02,297154
DMART,2026-02-24,3000.0,690.5,600.0,0.0,4.9,47100.0,31350.0,3776.6,3802.4,3709.0,2.787,2026-02-03 23:02,44151
DMART,2026-02-24,3100.0,0.0,0.0,0.0,7.0,19200.0,23250.0,3776.6,3802.4,3709.0,2.787,2026-02-03 23:02,35243
DMART,2026-02-24,3200.0,441.0,300.0,0.0,8.45,41850.0,60900.0,3776.6,3802.4,3709.0,2.787,2026-02-03 23:02,26495
DMART,2026-02-24,3250.0,509.45,0.0,300.0,14.0,900.0,0.0,3776.6,3802.4,3709.0,2.787,2026-02-03 23:02,22316
DMART,2026-02-24,3300.0,0.0,0.0,0.0,10.9,47550.0,62850.0,3776.6,3802.4,3709.0,2.787,2026-02-03 23:02,18163
DMART,2026-02-24,3350.0,340.0,150.0,0.0,13.5,150.0,0.0,3776.6,3802.4,3709.0,2.787,2026-02-03 23:02,14197
DMART,2026-02-24,3400.0,309.1,600.0,0.0,15.1,191100.0,119700.0,3776.6,3802.4,3709.0,2.787,2026-02-03 23:02,10289
DMART,2026-02-24,3450.0,0.0,0.0,0.0,18.1,18450.0,9300.0,3776.6,3802.4,3709.0,2.787,2026-02-03 23:02,7065
DMART,2026-02-24,3500.0,185.0,5100.0,0.0,22.5,66450.0,119250.0,3776.6,3802.4,3709.0,2.787,2026-02-03 23:02,4169
DMART,2026-02-24,3550.0,259.2,3600.0,450.0,28.65,28350.0,28650.0,3776.6,3802.4,3709.0,2.787,2026-02-03 23:02,1610
DMART,2026-02-24,3600.0,211.75,43200.0,26550.0,36.7,84150.0,122250.0,3776.6,3802.4,3709.0,2.787,2026-02-03 23:02,-722
DMART,2026-02-24,3650.0,170.1,36450.0,36450.0,47.45,38550.0,68100.0,3776.6,3802.4,3709.0,2.787,2026-02-03 23:02,-1823
DMART,2026-02-24,3700.0,137.65,206100.0,639000.0,61.5,139800.0,115650.0,3776.6,3802.4,3709.0,2.787,2026-02-03 23:02,-2719
DMART,2026-02-24,3750.0,107.35,51750.0,150600.0,79.25,39150.0,60000.0,3776.6,3802.4,3709.0,2.787,2026-02-03 23:02,-345
DMART,2026-02-24,3800.0,79.6,253950.0,692550.0,106.75,80400.0,97050.0,3776.6,3802.4,3709.0,2.787,2026-02-03 23:02,750
DMART,2026-02-24,3850.0,58.85,27150.0,76350.0,129.6,1650.0,1950.0,3776.6,3802.4,3709.0,2.787,2026-02-03 23:02,4437
DMART,2026-02-24,3900.0,43.8,101550.0,298500.0,171.55,15300.0,2850.0,3776.6,3802.4,3709.0,2.787,2026-02-03 23:02,7242
DMART,2026-02-24,3950.0,30.35,29400.0,40500.0,320.0,1650.0,0.0,3776.6,3802.4,3709.0,2.787,2026-02-03 23:02,10676
DMART,2026-02-24,4000.0,22.25,180300.0,426600.0,245.0,49500.0,5100.0,3776.6,3802.4,3709.0,2.787,2026-02-03 23:02,14118
DMART,2026-02-24,4050.0,16.05,16650.0,22050.0,0.0,0.0,0.0,3776.6,3802.4,3709.0,2.787,2026-02-03 23:02,17862
DMART,2026-02-24,4100.0,11.6,134850.0,200250.0,359.05,11700.0,900.0,3776.6,3802.4,3709.0,2.787,2026-02-03 23:02,22528
DMART,2026-02-24,4150.0,8.9,3300.0,4200.0,407.1,450.0,300.0,3776.6,3802.4,3709.0,2.787,2026-02-03 23:02,27636
DMART,2026-02-24,4200.0,6.85,77400.0,88800.0,511.75,3150.0,0.0,3776.6,3802.4,3709.0,2.787,2026-02-03 23:02,33011
DMART,2026-02-24,4250.0,6.2,300.0,1800.0,0.0,0.0,0.0,3776.6,3802.4,3709.0,2.787,2026-02-03 23:02,38695
DMART,2026-02-24,4300.0,4.45,10500.0,16200.0,549.65,4800.0,450.0,3776.6,3802.4,3709.0,2.787,2026-02-03 23:02,44490
DMART,2026-02-24,4350.0,0.0,0.0,0.0,680.0,150.0,0.0,3776.6,3802.4,3709.0,2.787,2026-02-03 23:02,50102
DMART,2026-02-24,4400.0,3.8,7500.0,3600.0,647.75,8850.0,1200.0,3776.6,3802.4,3709.0,2.787,2026-02-03 23:02,55963
DMART,2026-02-24,4500.0,2.7,238800.0,152100.0,0.0,0.0,0.0,3776.6,3802.4,3709.0,2.787,2026-02-03 23:02,67300
DRREDDY,2026-02-24,960.0,0.0,0.0,0.0,0.4,2500.0,0.0,1235.4,1265.9,1218.1,4.474,2026-02-03 23:02,50938
DRREDDY,2026-02-24,980.0,0.0,0.0,0.0,0.35,18750.0,14375.0,1235.4,1265.9,1218.1,4.474,2026-02-03 23:02,45539
DRREDDY,2026-02-24,1000.0,190.85,625.0,0.0,0.8,11875.0,2500.0,1235.4,1265.9,1218.1,4.474,2026-02-03 23:02,40177
DRREDDY,2026-02-24,1020.0,175.8,625.0,0.0,1.2,12500.0,0.0,1235.4,1265.9,1218.1,4.474,2026-02-03 23:02,34851
DRREDDY,2026-02-24,1040.0,156.45,625.0,0.0,0.45,113750.0,36875.0,1235.4,1265.9,1218.1,4.474,2026-02-03 23:02,29551
DRREDDY,2026-02-24,1050.0,0.0,0.0,0.0,1.65,44375.0,0.0,1235.4,1265.9,1218.1,4.474,2026-02-03 23:02,27015
DRREDDY,2026-02-24,1060.0,135.65,2500.0,0.0,1.9,1250.0,0.0,1235.4,1265.9,1218.1,4.474,2026-02-03 23:02,24511
DRREDDY,2026-02-24,1070.0,0.0,0.0,0.0,0.0,0.0,0.0,1235.4,1265.9,1218.1,4.474,2026-02-03 23:02,22053
DRREDDY,2026-02-24,1080.0,149.4,3750.0,0.0,1.0,131875.0,62500.0,1235.4,1265.9,1218.1,4.474,2026-02-03 23:02,19560
DRREDDY,2026-02-24,1090.0,111.35,1250.0,0.0,0.0,0.0,0.0,1235.4,1265.9,1218.1,4.474,2026-02-03 23:02,17246
DRREDDY,2026-02-24,1100.0,112.0,1875.0,0.0,1.5,213750.0,141875.0,1235.4,1265.9,1218.1,4.474,2026-02-03 23:02,14904
DRREDDY,2026-02-24,1110.0,0.0,0.0,0.0,4.7,3750.0,0.0,1235.4,1265.9,1218.1,4.474,2026-02-03 23:02,12753
DRREDDY,2026-02-24,1120.0,115.45,625.0,1250.0,1.85,50000.0,88125.0,1235.4,1265.9,1218.1,4.474,2026-02-03 23:02,10615
DRREDDY,2026-02-24,1130.0,58.75,1875.0,0.0,2.25,35000.0,20000.0,1235.4,1265.9,1218.1,4.474,2026-02-03 23:02,8528
DRREDDY,2026-02-24,1140.0,72.25,625.0,0.0,3.2,141875.0,91250.0,1235.4,1265.9,1218.1,4.474,2026-02-03 23:02,6482
DRREDDY,2026-02-24,1150.0,88.5,10000.0,7500.0,3.35,153125.0,170625.0,1235.4,1265.9,1218.1,4.474,2026-02-03 23:02,4535
DRREDDY,2026-02-24,1160.0,81.95,25625.0,12500.0,4.7,113750.0,200625.0,1235.4,1265.9,1218.1,4.474,2026-02-03 23:02,2829
DRREDDY,2026-02-24,1170.0,72.9,40625.0,34375.0,5.95,56875.0,171250.0,1235.4,1265.9,1218.1,4.474,2026-02-03 23:02,1382
DRREDDY,2026-02-24,1180.0,64.85,86250.0,97500.0,7.65,274375.0,589375.0,1235.4,1265.9,1218.1,4.474,2026-02-03 23:02,138
DRREDDY,2026-02-24,1190.0,51.7,80625.0,107500.0,8.45,72500.0,114375.0,1235.4,1265.9,1218.1,4.474,2026-02-03 23:02,-657
DRREDDY,2026-02-24,1200.0,45.4,178125.0,513125.0,12.0,305625.0,443750.0,1235.4,1265.9,1218.1,4.474,2026-02-03 23:02,-1294
DRREDDY,2026-02-24,1210.0,41.95,51250.0,164375.0,15.3,96875.0,181875.0,1235.4,1265.9,1218.1,4.474,2026-02-03 23:02,-1361
DRREDDY,2026-02-24,1220.0,31.7,152500.0,647500.0,18.65,271250.0,615625.0,1235.4,1265.9,1218.1,4.474,2026-02-03 23:02,-1655
DRREDDY,2026-02-24,1230.0,26.35,272500.0,1090625.0,23.6,178125.0,391875.0,1235.4,1265.9,1218.1,4.474,2026-02-03 23:02,-1614
DRREDDY,2026-02-24,1240.0,21.0,252500.0,712500.0,29.1,160000.0,142500.0,1235.4,1265.9,1218.1,4.474,2026-02-03 23:02,-803
DRREDDY,2026-02-24,1250.0,17.0,710000.0,1553125.0,34.6,83750.0,53125.0,1235.4,1265.9,1218.1,4.474,2026-02-03 23:02,187
DRREDDY,2026-02-24,1260.0,13.75,151875.0,422500.0,37.7,24375.0,16250.0,1235.4,1265.9,1218.1,4.474,2026-02-03 23:02,2824
DRREDDY,2026-02-24,1270.0,10.75,106250.0,296875.0,41.45,10625.0,16875.0,1235.4,1265.9,1218.1,4.474,2026-02-03 23:02,4837
DRREDDY,2026-02-24,1280.0,8.5,418750.0,418125.0,50.3,29375.0,8750.0,1235.4,1265.9,1218.1,4.474,2026-02-03 23:02,6921
DRREDDY,2026-02-24,1290.0,7.1,61875.0,63750.0,67.15,5625.0,3750.0,1235.4,1265.9,1218.1,4.474,2026-02-03 23:02,9590
DRREDDY,2026-02-24,1300.0,4.9,675625.0,988750.0,67.6,46875.0,15625.0,1235.4,1265.9,1218.1,4.474,2026-02-03 23:02,12125
DRREDDY,2026-02-24,1310.0,3.8,98125.0,108750.0,83.7,9375.0,3750.0,1235.4,1265.9,1218.1,4.474,2026-02-03 23:02,15390
DRREDDY,2026-02-24,1320.0,2.95,246875.0,411250.0,79.0,1875.0,0.0,1235.4,1265.9,1218.1,4.474,2026-02-03 23:02,18708
DRREDDY,2026-02-24,1330.0,2.1,26875.0,30625.0,138.95,1250.0,0.0,1235.4,1265.9,1218.1,4.474,2026-02-03 23:02,22374
DRREDDY,2026-02-24,1340.0,1.7,170625.0,200625.0,165.7,1875.0,0.0,1235.4,1265.9,1218.1,4.474,2026-02-03 23:02,25997
DRREDDY,2026-02-24,1350.0,1.3,136250.0,81250.0,148.25,5000.0,0.0,1235.4,1265.9,1218.1,4.474,2026-02-03 23:02,29804
DRREDDY,2026-02-24,1360.0,0.85,589375.0,117500.0,109.85,4375.0,0.0,1235.4,1265.9,1218.1,4.474,2026-02-03 23:02,33697
DRREDDY,2026-02-24,1380.0,0.65,128750.0,107500.0,140.0,4375.0,0.0,1235.4,1265.9,1218.1,4.474,2026-02-03 23:02,42785
DRREDDY,2026-02-24,1390.0,0.0,0.0,0.0,160.3,1875.0,0.0,1235.4,1265.9,1218.1,4.474,2026-02-03 23:02,47408
DRREDDY,2026-02-24,1400.0,0.65,162500.0,137500.0,170.0,6250.0,625.0,1235.4,1265.9,1218.1,4.474,2026-02-03 23:02,52056
DRREDDY,2026-02-24,1420.0,0.35,35000.0,6250.0,0.0,0.0,0.0,1235.4,1265.9,1218.1,4.474,2026-02-03 23:02,61654
DRREDDY,2026-02-24,1440.0,0.3,22500.0,0.0,0.0,0.0,0.0,1235.4,1265.9,1218.1,4.474,2026-02-03 23:02,71419
DRREDDY,2026-02-24,1460.0,0.35,1250.0,0.0,0.0,0.0,0.0,1235.4,1265.9,1218.1,4.474,2026-02-03 23:02,81229
DRREDDY,2026-02-24,1480.0,0.35,12500.0,0.0,314.55,1250.0,0.0,1235.4,1265.9,1218.1,4.474,2026-02-03 23:02,91040
EICHERMOT,2026-02-24,5800.0,0.0,0.0,0.0,0.0,0.0,0.0,7215.0,7258.5,7053.0,3.285,2026-02-03 23:02,83507
EICHERMOT,2026-02-24,5900.0,0.0,0.0,0.0,3.4,87100.0,78700.0,7215.0,7258.5,7053.0,3.285,2026-02-03 23:02,74178
EICHERMOT,2026-02-24,6000.0,1020.0,1200.0,0.0,6.4,23400.0,7200.0,7215.0,7258.5,7053.0,3.285,2026-02-03 23:02,65690
EICHERMOT,2026-02-24,6100.0,930.0,2900.0,0.0,10.35,9700.0,1900.0,7215.0,7258.5,7053.0,3.285,2026-02-03 23:02,57586
EICHERMOT,2026-02-24,6200.0,773.6,1600.0,0.0,7.95,19600.0,11500.0,7215.0,7258.5,7053.0,3.285,2026-02-03 23:02,49759
EICHERMOT,2026-02-24,6300.0,1090.0,100.0,0.0,12.15,13800.0,25300.0,7215.0,7258.5,7053.0,3.285,2026-02-03 23:02,41994
EICHERMOT,2026-02-24,6350.0,0.0,0.0,0.0,16.7,1300.0,100.0,7215.0,7258.5,7053.0,3.285,2026-02-03 23:02,38120
EICHERMOT,2026-02-24,6400.0,741.9,100.0,0.0,15.95,25900.0,19500.0,7215.0,7258.5,7053.0,3.285,2026-02-03 23:02,34257
EICHERMOT,2026-02-24,6450.0,0.0,0.0,0.0,23.8,1400.0,200.0,7215.0,7258.5,7053.0,3.285,2026-02-03 23:02,30492
EICHERMOT,2026-02-24,6500.0,765.45,5600.0,300.0,22.0,34700.0,31900.0,7215.0,7258.5,7053.0,3.285,2026-02-03 23:02,26765
EICHERMOT,2026-02-24,6550.0,0.0,0.0,0.0,83.85,1200.0,0.0,7215.0,7258.5,7053.0,3.285,2026-02-03 23:02,23595
EICHERMOT,2026-02-24,6600.0,560.0,400.0,0.0,29.4,16700.0,24500.0,7215.0,7258.5,7053.0,3.285,2026-02-03 23:02,20068
EICHERMOT,2026-02-24,6650.0,458.8,100.0,0.0,37.95,5400.0,1200.0,7215.0,7258.5,7053.0,3.285,2026-02-03 23:02,16610
EICHERMOT,2026-02-24,6700.0,372.0,4600.0,0.0,40.35,31800.0,30200.0,7215.0,7258.5,7053.0,3.285,2026-02-03 23:02,13191
EICHERMOT,2026-02-24,6750.0,439.05,100.0,0.0,46.25,21000.0,19700.0,7215.0,7258.5,7053.0,3.285,2026-02-03 23:02,10012
EICHERMOT,2026-02-24,6800.0,501.8,20200.0,4300.0,55.05,165500.0,82000.0,7215.0,7258.5,7053.0,3.285,2026-02-03 23:02,6804
EICHERMOT,2026-02-24,6850.0,446.95,4900.0,2700.0,61.35,35100.0,5600.0,7215.0,7258.5,7053.0,3.285,2026-02-03 23:02,4719
EICHERMOT,2026-02-24,6900.0,420.0,20800.0,22000.0,73.0,56300.0,50200.0,7215.0,7258.5,7053.0,3.285,2026-02-03 23:02,2735
EICHERMOT,2026-02-24,6950.0,378.75,8400.0,15700.0,85.1,20100.0,10800.0,7215.0,7258.5,7053.0,3.285,2026-02-03 23:02,1595
EICHERMOT,2026-02-24,7000.0,347.05,99000.0,69800.0,96.0,75600.0,108400.0,7215.0,7258.5,7053.0,3.285,2026-02-03 23:02,283
EICHERMOT,2026-02-24,7050.0,316.75,11400.0,16500.0,113.2,8800.0,21100.0,7215.0,7258.5,7053.0,3.285,2026-02-03 23:02,2407
EICHERMOT,2026-02-24,7100.0,281.05,60000.0,74500.0,130.0,46800.0,89300.0,7215.0,7258.5,7053.0,3.285,2026-02-03 23:02,2183
EICHERMOT,2026-02-24,7150.0,249.0,13100.0,105000.0,145.85,9100.0,30400.0,7215.0,7258.5,7053.0,3.285,2026-02-03 23:02,3309
EICHERMOT,2026-02-24,7200.0,218.1,61400.0,326200.0,171.0,35700.0,156200.0,7215.0,7258.5,7053.0,3.285,2026-02-03 23:02,3662
EICHERMOT,2026-02-24,7250.0,194.6,50500.0,206900.0,195.0,12400.0,24800.0,7215.0,7258.5,7053.0,3.285,2026-02-03 23:02,5036
EICHERMOT,2026-02-24,7300.0,168.05,58600.0,295000.0,216.55,17500.0,27300.0,7215.0,7258.5,7053.0,3.285,2026-02-03 23:02,6736
EICHERMOT,2026-02-24,7350.0,147.0,10600.0,54300.0,245.95,2000.0,3900.0,7215.0,7258.5,7053.0,3.285,2026-02-03 23:02,8682
EICHERMOT,2026-02-24,7400.0,127.8,35600.0,116000.0,277.0,6700.0,6100.0,7215.0,7258.5,7053.0,3.285,2026-02-03 23:02,10191
EICHERMOT,2026-02-24,7450.0,112.2,9200.0,17700.0,368.15,300.0,0.0,7215.0,7258.5,7053.0,3.285,2026-02-03 23:02,12075
EICHERMOT,2026-02-24,7500.0,95.55,49500.0,201500.0,344.0,9600.0,5900.0,7215.0,7258.5,7053.0,3.285,2026-02-03 23:02,13829
EICHERMOT,2026-02-24,7550.0,83.1,4100.0,3400.0,0.0,0.0,0.0,7215.0,7258.5,7053.0,3.285,2026-02-03 23:02,15930
EICHERMOT,2026-02-24,7600.0,68.5,32600.0,56700.0,420.0,51800.0,2600.0,7215.0,7258.5,7053.0,3.285,2026-02-03 23:02,17942
EICHERMOT,2026-02-24,7650.0,59.0,7600.0,2700.0,0.0,0.0,0.0,7215.0,7258.5,7053.0,3.285,2026-02-03 23:02,18390
EICHERMOT,2026-02-24,7700.0,50.65,45800.0,80000.0,499.15,78900.0,2200.0,7215.0,7258.5,7053.0,3.285,2026-02-03 23:02,20872
EICHERMOT,2026-02-24,7750.0,43.45,7900.0,3000.0,0.0,0.0,0.0,7215.0,7258.5,7053.0,3.285,2026-02-03 23:02,20228
EICHERMOT,2026-02-24,7800.0,37.15,20600.0,38700.0,560.85,6800.0,600.0,7215.0,7258.5,7053.0,3.285,2026-02-03 23:02,23363
EICHERMOT,2026-02-24,7850.0,32.0,4200.0,3400.0,0.0,0.0,0.0,7215.0,7258.5,7053.0,3.285,2026-02-03 23:02,26296
EICHERMOT,2026-02-24,7900.0,26.25,19600.0,25400.0,950.15,300.0,0.0,7215.0,7258.5,7053.0,3.285,2026-02-03 23:02,29568
EICHERMOT,2026-02-24,7950.0,27.05,1800.0,1700.0,0.0,0.0,0.0,7215.0,7258.5,7053.0,3.285,2026-02-03 23:02,32950
EICHERMOT,2026-02-24,8000.0,19.4,138200.0,124000.0,760.0,600.0,300.0,7215.0,7258.5,7053.0,3.285,2026-02-03 23:02,36322
EICHERMOT,2026-02-24,8050.0,16.45,2500.0,2500.0,0.0,0.0,0.0,7215.0,7258.5,7053.0,3.285,2026-02-03 23:02,40606
EICHERMOT,2026-02-24,8100.0,12.9,69000.0,44600.0,0.0,0.0,0.0,7215.0,7258.5,7053.0,3.285,2026-02-03 23:02,44684
EICHERMOT,2026-02-24,8150.0,5.0,1800.0,0.0,0.0,0.0,0.0,7215.0,7258.5,7053.0,3.285,2026-02-03 23:02,49192
EICHERMOT,2026-02-24,8200.0,8.7,56100.0,114300.0,0.0,0.0,0.0,7215.0,7258.5,7053.0,3.285,2026-02-03 23:02,53621
EICHERMOT,2026-02-24,8300.0,6.0,70100.0,87500.0,0.0,0.0,0.0,7215.0,7258.5,7053.0,3.285,2026-02-03 23:02,63087
EICHERMOT,2026-02-24,8400.0,5.5,2300.0,1500.0,0.0,0.0,0.0,7215.0,7258.5,7053.0,3.285,2026-02-03 23:02,73247
EICHERMOT,2026-02-24,8500.0,3.0,400.0,1400.0,0.0,0.0,0.0,7215.0,7258.5,7053.0,3.285,2026-02-03 23:02,83389
EICHERMOT,2026-02-24,8600.0,2.3,3300.0,3600.0,0.0,0.0,0.0,7215.0,7258.5,7053.0,3.285,2026-02-03 23:02,93535
EICHERMOT,2026-02-24,8700.0,2.0,1700.0,1100.0,0.0,0.0,0.0,7215.0,7258.5,7053.0,3.285,2026-02-03 23:02,103713
EXIDEIND,2026-02-24,260.0,0.0,0.0,0.0,0.0,0.0,0.0,328.0,337.0,323.75,2.117,2026-02-03 23:02,67479
EXIDEIND,2026-02-24,265.0,62.75,0.0,5400.0,0.4,12600.0,1800.0,328.0,337.0,323.75,2.117,2026-02-03 23:02,62419
EXIDEIND,2026-02-24,270.0,0.0,0.0,0.0,0.65,136800.0,0.0,328.0,337.0,323.75,2.117,2026-02-03 23:02,57365
EXIDEIND,2026-02-24,275.0,0.0,0.0,0.0,0.0,0.0,0.0,328.0,337.0,323.75,2.117,2026-02-03 23:02,52371
EXIDEIND,2026-02-24,280.0,0.0,0.0,0.0,0.7,190800.0,23400.0,328.0,337.0,323.75,2.117,2026-02-03 23:02,47386
EXIDEIND,2026-02-24,285.0,0.0,0.0,0.0,0.9,16200.0,18000.0,328.0,337.0,323.75,2.117,2026-02-03 23:02,42483
EXIDEIND,2026-02-24,287.5,0.0,0.0,0.0,0.0,0.0,0.0,328.0,337.0,323.75,2.117,2026-02-03 23:02,40041
EXIDEIND,2026-02-24,290.0,36.25,1800.0,0.0,1.1,259200.0,183600.0,328.0,337.0,323.75,2.117,2026-02-03 23:02,37600
EXIDEIND,2026-02-24,292.5,0.0,0.0,0.0,1.6,16200.0,0.0,328.0,337.0,323.75,2.117,2026-02-03 23:02,35203
EXIDEIND,2026-02-24,295.0,0.0,0.0,0.0,0.0,0.0,0.0,328.0,337.0,323.75,2.117,2026-02-03 23:02,32828
EXIDEIND,2026-02-24,297.5,0.0,0.0,0.0,2.05,63000.0,0.0,328.0,337.0,323.75,2.117,2026-02-03 23:02,30457
EXIDEIND,2026-02-24,300.0,29.35,73800.0,84600.0,1.65,997200.0,664200.0,328.0,337.0,323.75,2.117,2026-02-03 23:02,28088
EXIDEIND,2026-02-24,302.5,27.9,9000.0,10800.0,1.95,99000.0,140400.0,328.0,337.0,323.75,2.117,2026-02-03 23:02,26052
EXIDEIND,2026-02-24,305.0,25.5,18000.0,28800.0,2.15,158400.0,241200.0,328.0,337.0,323.75,2.117,2026-02-03 23:02,23997
EXIDEIND,2026-02-24,307.5,23.3,5400.0,7200.0,2.55,73800.0,63000.0,328.0,337.0,323.75,2.117,2026-02-03 23:02,21992
EXIDEIND,2026-02-24,310.0,21.65,331200.0,302400.0,2.85,694800.0,653400.0,328.0,337.0,323.75,2.117,2026-02-03 23:02,19989
EXIDEIND,2026-02-24,312.5,19.1,64800.0,79200.0,3.25,203400.0,219600.0,328.0,337.0,323.75,2.117,2026-02-03 23:02,18767
EXIDEIND,2026-02-24,315.0,17.75,235800.0,194400.0,3.8,444600.0,532800.0,328.0,337.0,323.75,2.117,2026-02-03 23:02,17151
EXIDEIND,2026-02-24,317.5,15.85,127800.0,79200.0,4.4,187200.0,241200.0,328.0,337.0,323.75,2.117,2026-02-03 23:02,15897
EXIDEIND,2026-02-24,320.0,14.0,729000.0,1184400.0,5.15,772200.0,1114200.0,328.0,337.0,323.75,2.117,2026-02-03 23:02,14593
EXIDEIND,2026-02-24,322.5,12.65,201600.0,201600.0,5.95,237600.0,230400.0,328.0,337.0,323.75,2.117,2026-02-03 23:02,14166
EXIDEIND,2026-02-24,325.0,10.9,828000.0,1234800.0,7.0,586800.0,437400.0,328.0,337.0,323.75,2.117,2026-02-03 23:02,13341
EXIDEIND,2026-02-24,327.5,9.35,280800.0,397800.0,8.15,331200.0,165600.0,328.0,337.0,323.75,2.117,2026-02-03 23:02,13246
EXIDEIND,2026-02-24,330.0,8.25,1855800.0,3079800.0,9.2,1413000.0,711000.0,328.0,337.0,323.75,2.117,2026-02-03 23:02,12806
EXIDEIND,2026-02-24,332.5,7.1,104400.0,198000.0,10.75,79200.0,97200.0,328.0,337.0,323.75,2.117,2026-02-03 23:02,13421
EXIDEIND,2026-02-24,335.0,6.4,504000.0,943200.0,12.25,122400.0,104400.0,328.0,337.0,323.75,2.117,2026-02-03 23:02,13841
EXIDEIND,2026-02-24,337.5,5.25,68400.0,106200.0,13.85,34200.0,64800.0,328.0,337.0,323.75,2.117,2026-02-03 23:02,14600
EXIDEIND,2026-02-24,340.0,4.55,1463400.0,2509200.0,15.55,552600.0,293400.0,328.0,337.0,323.75,2.117,2026-02-03 23:02,15201
EXIDEIND,2026-02-24,342.5,3.85,64800.0,151200.0,18.35,12600.0,23400.0,328.0,337.0,323.75,2.117,2026-02-03 23:02,16124
EXIDEIND,2026-02-24,345.0,3.25,244800.0,426600.0,19.35,88200.0,50400.0,328.0,337.0,323.75,2.117,2026-02-03 23:02,17262
EXIDEIND,2026-02-24,347.5,2.9,28800.0,90000.0,21.3,12600.0,27000.0,328.0,337.0,323.75,2.117,2026-02-03 23:02,18390
EXIDEIND,2026-02-24,350.0,2.4,1456200.0,2867400.0,23.2,372600.0,120600.0,328.0,337.0,323.75,2.117,2026-02-03 23:02,19601
EXIDEIND,2026-02-24,352.5,2.05,41400.0,72000.0,0.0,0.0,0.0,328.0,337.0,323.75,2.117,2026-02-03 23:02,20772
EXIDEIND,2026-02-24,355.0,1.85,117000.0,169200.0,33.7,48600.0,0.0,328.0,337.0,323.75,2.117,2026-02-03 23:02,22478
EXIDEIND,2026-02-24,360.0,1.45,667800.0,783000.0,32.5,315000.0,16200.0,328.0,337.0,323.75,2.117,2026-02-03 23:02,25812
EXIDEIND,2026-02-24,365.0,1.0,88200.0,81000.0,37.9,25200.0,3600.0,328.0,337.0,323.75,2.117,2026-02-03 23:02,28853
EXIDEIND,2026-02-24,367.5,0.0,0.0,0.0,43.0,3600.0,0.0,328.0,337.0,323.75,2.117,2026-02-03 23:02,30779
EXIDEIND,2026-02-24,370.0,0.8,361800.0,271800.0,44.45,156600.0,0.0,328.0,337.0,323.75,2.117,2026-02-03 23:02,32777
EXIDEIND,2026-02-24,375.0,1.75,1800.0,0.0,40.6,23400.0,0.0,328.0,337.0,323.75,2.117,2026-02-03 23:02,36396
EXIDEIND,2026-02-24,380.0,0.6,396000.0,252000.0,58.5,165600.0,0.0,328.0,337.0,323.75,2.117,2026-02-03 23:02,40599
EXIDEIND,2026-02-24,390.0,0.5,129600.0,7200.0,61.45,104400.0,1800.0,328.0,337.0,323.75,2.117,2026-02-03 23:02,48813
EXIDEIND,2026-02-24,400.0,0.25,475200.0,88200.0,70.7,376200.0,16200.0,328.0,337.0,323.75,2.117,2026-02-03 23:02,57570
EXIDEIND,2026-02-24,410.0,0.4,16200.0,1800.0,87.5,45000.0,0.0,328.0,337.0,323.75,2.117,2026-02-03 23:02,65166
EXIDEIND,2026-02-24,420.0,0.2,9000.0,0.0,108.0,90000.0,0.0,328.0,337.0,323.75,2.117,2026-02-03 23:02,75078
EXIDEIND,2026-02-24,425.0,0.15,10800.0,0.0,99.5,81000.0,0.0,328.0,337.0,323.75,2.117,2026-02-03 23:02,79308
EXIDEIND,2026-02-24,440.0,0.1,178200.0,7200.0,120.95,516600.0,0.0,328.0,337.0,323.75,2.117,2026-02-03 23:02,94246
FEDERALBNK,2026-02-24,205.0,0.0,0.0,0.0,0.1,25000.0,10000.0,285.5,298.25,283.35,1.493,2026-02-03 23:02,162510
FEDERALBNK,2026-02-24,210.0,0.0,0.0,0.0,0.05,135000.0,130000.0,285.5,298.25,283.35,1.493,2026-02-03 23:02,147460
FEDERALBNK,2026-02-24,215.0,0.0,0.0,0.0,0.1,25000.0,0.0,285.5,298.25,283.35,1.493,2026-02-03 23:02,132477
FEDERALBNK,2026-02-24,220.0,67.2,95000.0,0.0,0.1,310000.0,65000.0,285.5,298.25,283.35,1.493,2026-02-03 23:02,117507
FEDERALBNK,2026-02-24,225.0,56.0,5000.0,0.0,0.3,5000.0,0.0,285.5,298.25,283.35,1.493,2026-02-03 23:02,103375
FEDERALBNK,2026-02-24,227.5,57.4,15000.0,0.0,0.0,0.0,0.0,285.5,298.25,283.35,1.493,2026-02-03 23:02,96021
FEDERALBNK,2026-02-24,230.0,54.0,120000.0,0.0,0.1,1435000.0,245000.0,285.5,298.25,283.35,1.493,2026-02-03 23:02,88730
FEDERALBNK,2026-02-24,235.0,47.9,45000.0,0.0,0.2,445000.0,150000.0,285.5,298.25,283.35,1.493,2026-02-03 23:02,75386
FEDERALBNK,2026-02-24,237.5,18.2,20000.0,0.0,0.7,40000.0,0.0,285.5,298.25,283.35,1.493,2026-02-03 23:02,68726
FEDERALBNK,2026-02-24,240.0,45.2,10000.0,0.0,0.25,920000.0,455000.0,285.5,298.25,283.35,1.493,2026-02-03 23:02,61909
FEDERALBNK,2026-02-24,242.5,15.4,20000.0,0.0,0.85,45000.0,0.0,285.5,298.25,283.35,1.493,2026-02-03 23:02,55312
FEDERALBNK,2026-02-24,245.0,38.5,10000.0,0.0,0.25,315000.0,385000.0,285.5,298.25,283.35,1.493,2026-02-03 23:02,48737
FEDERALBNK,2026-02-24,247.5,0.0,0.0,0.0,0.6,220000.0,0.0,285.5,298.25,283.35,1.493,2026-02-03 23:02,42246
FEDERALBNK,2026-02-24,250.0,37.6,415000.0,0.0,0.45,6240000.0,3395000.0,285.5,298.25,283.35,1.493,2026-02-03 23:02,35767
FEDERALBNK,2026-02-24,252.5,0.0,0.0,0.0,0.45,260000.0,115000.0,285.5,298.25,283.35,1.493,2026-02-03 23:02,32244
FEDERALBNK,2026-02-24,255.0,24.2,465000.0,0.0,0.55,550000.0,390000.0,285.5,298.25,283.35,1.493,2026-02-03 23:02,27494
FEDERALBNK,2026-02-24,257.5,27.6,60000.0,0.0,0.65,160000.0,60000.0,285.5,298.25,283.35,1.493,2026-02-03 23:02,24106
FEDERALBNK,2026-02-24,260.0,26.95,700000.0,40000.0,0.75,2205000.0,1255000.0,285.5,298.25,283.35,1.493,2026-02-03 23:02,19832
FEDERALBNK,2026-02-24,262.5,22.1,50000.0,0.0,0.9,365000.0,405000.0,285.5,298.25,283.35,1.493,2026-02-03 23:02,17851
FEDERALBNK,2026-02-24,265.0,18.0,135000.0,0.0,1.15,805000.0,1120000.0,285.5,298.25,283.35,1.493,2026-02-03 23:02,14330
FEDERALBNK,2026-02-24,267.5,12.3,25000.0,0.0,1.4,395000.0,485000.0,285.5,298.25,283.35,1.493,2026-02-03 23:02,11116
FEDERALBNK,2026-02-24,270.0,17.9,1075000.0,250000.0,1.75,2375000.0,3905000.0,285.5,298.25,283.35,1.493,2026-02-03 23:02,7833
FEDERALBNK,2026-02-24,272.5,16.35,120000.0,0.0,2.15,425000.0,1015000.0,285.5,298.25,283.35,1.493,2026-02-03 23:02,6945
FEDERALBNK,2026-02-24,275.0,13.95,505000.0,1075000.0,2.7,1200000.0,3860000.0,285.5,298.25,283.35,1.493,2026-02-03 23:02,4790
FEDERALBNK,2026-02-24,277.5,11.75,410000.0,485000.0,3.35,875000.0,2330000.0,285.5,298.25,283.35,1.493,2026-02-03 23:02,3337
FEDERALBNK,2026-02-24,280.0,10.3,2290000.0,2650000.0,4.15,3545000.0,4965000.0,285.5,298.25,283.35,1.493,2026-02-03 23:02,2013
FEDERALBNK,2026-02-24,282.5,9.0,535000.0,1460000.0,5.15,665000.0,2665000.0,285.5,298.25,283.35,1.493,2026-02-03 23:02,2847
FEDERALBNK,2026-02-24,285.0,7.45,2980000.0,8620000.0,6.15,2520000.0,4195000.0,285.5,298.25,283.35,1.493,2026-02-03 23:02,3232
FEDERALBNK,2026-02-24,287.5,6.45,750000.0,2270000.0,7.45,580000.0,1190000.0,285.5,298.25,283.35,1.493,2026-02-03 23:02,5524
FEDERALBNK,2026-02-24,290.0,5.1,3445000.0,8390000.0,8.8,1960000.0,2075000.0,285.5,298.25,283.35,1.493,2026-02-03 23:02,7529
FEDERALBNK,2026-02-24,292.5,4.3,715000.0,1785000.0,10.45,175000.0,290000.0,285.5,298.25,283.35,1.493,2026-02-03 23:02,10866
FEDERALBNK,2026-02-24,295.0,3.55,1130000.0,3575000.0,12.3,335000.0,545000.0,285.5,298.25,283.35,1.493,2026-02-03 23:02,14518
FEDERALBNK,2026-02-24,297.5,2.9,575000.0,1195000.0,13.6,35000.0,75000.0,285.5,298.25,283.35,1.493,2026-02-03 23:02,18401
FEDERALBNK,2026-02-24,300.0,2.45,3455000.0,5860000.0,14.7,160000.0,150000.0,285.5,298.25,283.35,1.493,2026-02-03 23:02,22567
FEDERALBNK,2026-02-24,302.5,1.95,240000.0,370000.0,19.35,45000.0,85000.0,285.5,298.25,283.35,1.493,2026-02-03 23:02,28128
FEDERALBNK,2026-02-24,305.0,1.6,1130000.0,1955000.0,20.45,95000.0,120000.0,285.5,298.25,283.35,1.493,2026-02-03 23:02,33109
FEDERALBNK,2026-02-24,307.5,1.35,210000.0,370000.0,0.0,0.0,0.0,285.5,298.25,283.35,1.493,2026-02-03 23:02,38423
FEDERALBNK,2026-02-24,310.0,1.1,2030000.0,2755000.0,23.45,60000.0,0.0,285.5,298.25,283.35,1.493,2026-02-03 23:02,43831
FEDERALBNK,2026-02-24,312.5,0.9,30000.0,65000.0,0.0,0.0,0.0,285.5,298.25,283.35,1.493,2026-02-03 23:02,49816
FEDERALBNK,2026-02-24,315.0,0.8,995000.0,955000.0,0.0,0.0,0.0,285.5,298.25,283.35,1.493,2026-02-03 23:02,55729
FEDERALBNK,2026-02-24,320.0,0.55,2285000.0,3520000.0,31.5,85000.0,0.0,285.5,298.25,283.35,1.493,2026-02-03 23:02,68126
FEDERALBNK,2026-02-24,325.0,0.35,1220000.0,475000.0,36.3,90000.0,0.0,285.5,298.25,283.35,1.493,2026-02-03 23:02,81487
FEDERALBNK,2026-02-24,330.0,0.3,1230000.0,1295000.0,0.0,0.0,0.0,285.5,298.25,283.35,1.493,2026-02-03 23:02,95360
FORTIS,2026-02-24,700.0,0.0,0.0,0.0,2.85,2325.0,0.0,863.1,870.95,852.15,3.001,2026-02-03 23:02,16604
FORTIS,2026-02-24,720.0,0.0,0.0,0.0,0.0,0.0,0.0,863.1,870.95,852.15,3.001,2026-02-03 23:02,13971
FORTIS,2026-02-24,740.0,0.0,0.0,0.0,3.9,13175.0,0.0,863.1,870.95,852.15,3.001,2026-02-03 23:02,11339
FORTIS,2026-02-24,750.0,0.0,0.0,0.0,1.75,26350.0,29450.0,863.1,870.95,852.15,3.001,2026-02-03 23:02,10031
FORTIS,2026-02-24,760.0,0.0,0.0,0.0,0.0,0.0,0.0,863.1,870.95,852.15,3.001,2026-02-03 23:02,8750
FORTIS,2026-02-24,770.0,0.0,0.0,0.0,2.4,44175.0,19375.0,863.1,870.95,852.15,3.001,2026-02-03 23:02,7474
FORTIS,2026-02-24,780.0,0.0,0.0,0.0,3.4,41075.0,41075.0,863.1,870.95,852.15,3.001,2026-02-03 23:02,6231
FORTIS,2026-02-24,790.0,0.0,0.0,0.0,4.15,22475.0,11625.0,863.1,870.95,852.15,3.001,2026-02-03 23:02,5026
FORTIS,2026-02-24,800.0,72.0,10075.0,10075.0,5.45,243350.0,179025.0,863.1,870.95,852.15,3.001,2026-02-03 23:02,3848
FORTIS,2026-02-24,810.0,33.95,1550.0,0.0,7.0,68200.0,96875.0,863.1,870.95,852.15,3.001,2026-02-03 23:02,2873
FORTIS,2026-02-24,820.0,54.1,14725.0,14725.0,8.7,61225.0,75950.0,863.1,870.95,852.15,3.001,2026-02-03 23:02,1985
FORTIS,2026-02-24,830.0,43.4,27900.0,16275.0,11.5,70525.0,43400.0,863.1,870.95,852.15,3.001,2026-02-03 23:02,1241
FORTIS,2026-02-24,840.0,42.6,44950.0,26350.0,15.35,206150.0,48050.0,863.1,870.95,852.15,3.001,2026-02-03 23:02,610
FORTIS,2026-02-24,850.0,35.3,82925.0,107725.0,18.2,115475.0,75175.0,863.1,870.95,852.15,3.001,2026-02-03 23:02,65
FORTIS,2026-02-24,860.0,30.55,199175.0,694400.0,22.75,82150.0,84475.0,863.1,870.95,852.15,3.001,2026-02-03 23:02,-73
FORTIS,2026-02-24,870.0,25.1,120125.0,423925.0,27.8,29450.0,34875.0,863.1,870.95,852.15,3.001,2026-02-03 23:02,407
FORTIS,2026-02-24,880.0,20.85,168175.0,760275.0,50.0,19375.0,0.0,863.1,870.95,852.15,3.001,2026-02-03 23:02,836
FORTIS,2026-02-24,890.0,16.3,73625.0,166625.0,39.4,6200.0,6200.0,863.1,870.95,852.15,3.001,2026-02-03 23:02,1487
FORTIS,2026-02-24,900.0,13.85,257300.0,1027650.0,46.75,90675.0,13175.0,863.1,870.95,852.15,3.001,2026-02-03 23:02,2059
FORTIS,2026-02-24,910.0,9.95,39525.0,42625.0,74.65,2325.0,0.0,863.1,870.95,852.15,3.001,2026-02-03 23:02,2816
FORTIS,2026-02-24,920.0,8.8,120900.0,251875.0,84.1,28675.0,0.0,863.1,870.95,852.15,3.001,2026-02-03 23:02,3705
FORTIS,2026-02-24,930.0,6.65,27900.0,44950.0,76.0,3100.0,0.0,863.1,870.95,852.15,3.001,2026-02-03 23:02,4586
FORTIS,2026-02-24,940.0,5.3,32550.0,44950.0,0.0,0.0,0.0,863.1,870.95,852.15,3.001,2026-02-03 23:02,5628
FORTIS,2026-02-24,950.0,4.05,27125.0,13175.0,90.5,42625.0,775.0,863.1,870.95,852.15,3.001,2026-02-03 23:02,6725
FORTIS,2026-02-24,960.0,3.2,101525.0,81375.0,116.15,775.0,0.0,863.1,870.95,852.15,3.001,2026-02-03 23:02,7499
FORTIS,2026-02-24,970.0,6.8,2325.0,0.0,124.15,11625.0,0.0,863.1,870.95,852.15,3.001,2026-02-03 23:02,8774
FORTIS,2026-02-24,980.0,2.25,3100.0,0.0,123.0,4650.0,0.0,863.1,870.95,852.15,3.001,2026-02-03 23:02,9897
FORTIS,2026-02-24,990.0,0.0,0.0,0.0,143.5,775.0,0.0,863.1,870.95,852.15,3.001,2026-02-03 23:02,11114
FORTIS,2026-02-24,1000.0,1.7,110050.0,33325.0,135.0,75175.0,775.0,863.1,870.95,852.15,3.001,2026-02-03 23:02,12377
FORTIS,2026-02-24,1020.0,0.5,2325.0,0.0,0.0,0.0,0.0,863.1,870.95,852.15,3.001,2026-02-03 23:02,14299
FORTIS,2026-02-24,1040.0,0.0,0.0,0.0,104.0,2325.0,0.0,863.1,870.95,852.15,3.001,2026-02-03 23:02,17223
FORTIS,2026-02-24,1060.0,0.25,775.0,0.0,195.95,3875.0,2325.0,863.1,870.95,852.15,3.001,2026-02-03 23:02,20127
GAIL,2026-02-24,136.0,0.0,0.0,0.0,0.27,434700.0,126000.0,162.8,166.49,161.4,1.503,2026-02-03 23:02,83099
GAIL,2026-02-24,138.0,0.0,0.0,0.0,0.41,63000.0,0.0,162.8,166.49,161.4,1.503,2026-02-03 23:02,77133
GAIL,2026-02-24,140.0,27.0,3150.0,0.0,0.34,648900.0,160650.0,162.8,166.49,161.4,1.503,2026-02-03 23:02,71189
GAIL,2026-02-24,142.0,0.0,0.0,0.0,0.53,6300.0,0.0,162.8,166.49,161.4,1.503,2026-02-03 23:02,65365
GAIL,2026-02-24,144.0,0.0,0.0,0.0,0.51,12600.0,0.0,162.8,166.49,161.4,1.503,2026-02-03 23:02,59554
GAIL,2026-02-24,145.0,0.0,0.0,0.0,0.5,1395450.0,998550.0,162.8,166.49,161.4,1.503,2026-02-03 23:02,56650
GAIL,2026-02-24,146.0,0.0,0.0,0.0,0.61,69300.0,0.0,162.8,166.49,161.4,1.503,2026-02-03 23:02,53816
GAIL,2026-02-24,148.0,0.0,0.0,0.0,0.64,160650.0,12600.0,162.8,166.49,161.4,1.503,2026-02-03 23:02,48298
GAIL,2026-02-24,149.0,0.0,0.0,0.0,0.77,223650.0,189000.0,162.8,166.49,161.4,1.503,2026-02-03 23:02,45546
GAIL,2026-02-24,150.0,14.6,138600.0,56700.0,0.85,3877650.0,872550.0,162.8,166.49,161.4,1.503,2026-02-03 23:02,42810
GAIL,2026-02-24,151.0,0.0,0.0,0.0,0.9,189000.0,144900.0,162.8,166.49,161.4,1.503,2026-02-03 23:02,40366
GAIL,2026-02-24,152.0,9.4,18900.0,0.0,1.17,53550.0,0.0,162.8,166.49,161.4,1.503,2026-02-03 23:02,38051
GAIL,2026-02-24,153.0,9.35,15750.0,0.0,1.13,365400.0,529200.0,162.8,166.49,161.4,1.503,2026-02-03 23:02,35771
GAIL,2026-02-24,154.0,12.7,0.0,0.0,1.29,330750.0,107100.0,162.8,166.49,161.4,1.503,2026-02-03 23:02,33492
GAIL,2026-02-24,155.0,10.49,144900.0,53550.0,1.36,2097900.0,1845900.0,162.8,166.49,161.4,1.503,2026-02-03 23:02,31229
GAIL,2026-02-24,156.0,7.72,66150.0,0.0,1.54,126000.0,176400.0,162.8,166.49,161.4,1.503,2026-02-03 23:02,29100
GAIL,2026-02-24,157.0,8.44,75600.0,18900.0,1.71,374850.0,214200.0,162.8,166.49,161.4,1.503,2026-02-03 23:02,27156
GAIL,2026-02-24,158.0,7.63,107100.0,110250.0,1.97,488250.0,658350.0,162.8,166.49,161.4,1.503,2026-02-03 23:02,25224
GAIL,2026-02-24,159.0,6.92,204750.0,233100.0,2.15,283500.0,535500.0,162.8,166.49,161.4,1.503,2026-02-03 23:02,23338
GAIL,2026-02-24,160.0,6.14,2605050.0,2151450.0,2.42,3162600.0,3761100.0,162.8,166.49,161.4,1.503,2026-02-03 23:02,21596
GAIL,2026-02-24,161.0,5.54,365400.0,299250.0,2.69,437850.0,352800.0,162.8,166.49,161.4,1.503,2026-02-03 23:02,21184
GAIL,2026-02-24,162.0,4.81,532350.0,538650.0,3.12,626850.0,481950.0,162.8,166.49,161.4,1.503,2026-02-03 23:02,20103
GAIL,2026-02-24,163.0,4.27,441000.0,661500.0,3.53,724500.0,680400.0,162.8,166.49,161.4,1.503,2026-02-03 23:02,19113
GAIL,2026-02-24,164.0,3.7,346500.0,1071000.0,3.91,274050.0,204750.0,162.8,166.49,161.4,1.503,2026-02-03 23:02,18112
GAIL,2026-02-24,165.0,3.13,2945250.0,4800600.0,4.41,2479050.0,1200150.0,162.8,166.49,161.4,1.503,2026-02-03 23:02,17262
GAIL,2026-02-24,166.0,3.08,548100.0,601650.0,4.95,308700.0,97650.0,162.8,166.49,161.4,1.503,2026-02-03 23:02,16762
GAIL,2026-02-24,167.0,2.42,538650.0,513450.0,5.6,387450.0,91350.0,162.8,166.49,161.4,1.503,2026-02-03 23:02,16535
GAIL,2026-02-24,168.0,2.04,771750.0,403200.0,6.29,611100.0,103950.0,162.8,166.49,161.4,1.503,2026-02-03 23:02,16297
GAIL,2026-02-24,169.0,1.76,374850.0,459900.0,6.94,403200.0,296100.0,162.8,166.49,161.4,1.503,2026-02-03 23:02,16058
GAIL,2026-02-24,170.0,1.5,6076350.0,7654500.0,7.59,2718450.0,1704150.0,162.8,166.49,161.4,1.503,2026-02-03 23:02,15910
GAIL,2026-02-24,171.0,1.27,494550.0,437850.0,8.46,110250.0,81900.0,162.8,166.49,161.4,1.503,2026-02-03 23:02,15703
GAIL,2026-02-24,172.0,1.11,551250.0,670950.0,9.37,151200.0,138600.0,162.8,166.49,161.4,1.503,2026-02-03 23:02,16678
GAIL,2026-02-24,173.0,0.77,198450.0,0.0,12.96,53550.0,0.0,162.8,166.49,161.4,1.503,2026-02-03 23:02,17673
GAIL,2026-02-24,174.0,0.87,179550.0,40950.0,9.78,63000.0,0.0,162.8,166.49,161.4,1.503,2026-02-03 23:02,18720
GAIL,2026-02-24,175.0,0.71,3206700.0,2907450.0,14.6,1048950.0,0.0,162.8,166.49,161.4,1.503,2026-02-03 23:02,19799
GAIL,2026-02-24,176.0,0.0,0.0,0.0,0.0,0.0,0.0,162.8,166.49,161.4,1.503,2026-02-03 23:02,20046
GAIL,2026-02-24,177.0,0.56,204750.0,173250.0,13.75,6300.0,0.0,162.8,166.49,161.4,1.503,2026-02-03 23:02,21597
GAIL,2026-02-24,178.0,0.35,179550.0,0.0,11.66,9450.0,0.0,162.8,166.49,161.4,1.503,2026-02-03 23:02,23172
GAIL,2026-02-24,179.0,0.45,119700.0,267750.0,0.0,0.0,0.0,162.8,166.49,161.4,1.503,2026-02-03 23:02,24758
GAIL,2026-02-24,180.0,0.4,3109050.0,2835000.0,16.6,863100.0,75600.0,162.8,166.49,161.4,1.503,2026-02-03 23:02,26366
GAIL,2026-02-24,182.0,0.32,406350.0,633150.0,19.25,6300.0,0.0,162.8,166.49,161.4,1.503,2026-02-03 23:02,29057
GAIL,2026-02-24,183.0,0.0,0.0,0.0,23.05,3150.0,0.0,162.8,166.49,161.4,1.503,2026-02-03 23:02,31099
GAIL,2026-02-24,184.0,0.81,75600.0,0.0,0.0,0.0,0.0,162.8,166.49,161.4,1.503,2026-02-03 23:02,33134
GAIL,2026-02-24,185.0,0.23,1723050.0,491400.0,17.0,116550.0,0.0,162.8,166.49,161.4,1.503,2026-02-03 23:02,35189
GAIL,2026-02-24,186.0,1.0,9450.0,0.0,0.0,0.0,0.0,162.8,166.49,161.4,1.503,2026-02-03 23:02,37263
GAIL,2026-02-24,188.0,0.18,248850.0,0.0,26.8,3150.0,0.0,162.8,166.49,161.4,1.503,2026-02-03 23:02,41732
GAIL,2026-02-24,190.0,0.19,1496250.0,500850.0,29.53,355950.0,0.0,162.8,166.49,161.4,1.503,2026-02-03 23:02,46247
GAIL,2026-02-24,192.0,0.0,0.0,0.0,23.0,22050.0,0.0,162.8,166.49,161.4,1.503,2026-02-03 23:02,50113
GAIL,2026-02-24,194.0,0.3,12600.0,0.0,32.75,18900.0,0.0,162.8,166.49,161.4,1.503,2026-02-03 23:02,54955
GAIL,2026-02-24,195.0,0.12,245700.0,135450.0,0.0,0.0,0.0,162.8,166.49,161.4,1.503,2026-02-03 23:02,57343
GAIL,2026-02-24,196.0,0.3,12600.0,0.0,0.0,0.0,0.0,162.8,166.49,161.4,1.503,2026-02-03 23:02,59821
GAIL,2026-02-24,200.0,0.09,2384550.0,270900.0,36.78,3521700.0,0.0,162.8,166.49,161.4,1.503,2026-02-03 23:02,69723
GAIL,2026-02-24,205.0,0.09,138600.0,12600.0,0.0,0.0,0.0,162.8,166.49,161.4,1.503,2026-02-03 23:02,72123
GAIL,2026-02-24,210.0,0.08,88200.0,0.0,50.5,516600.0,0.0,162.8,166.49,161.4,1.503,2026-02-03 23:02,87525
GAIL,2026-02-24,220.0,0.05,88200.0,0.0,0.0,0.0,0.0,162.8,166.49,161.4,1.503,2026-02-03 23:02,116322
GLENMARK,2026-02-24,1560.0,0.0,0.0,0.0,0.0,0.0,0.0,1954.2,2006.6,1947.6,1.76,2026-02-03 23:02,45506
GLENMARK,2026-02-24,1580.0,0.0,0.0,0.0,0.0,0.0,0.0,1954.2,2006.6,1947.6,1.76,2026-02-03 23:02,42609
GLENMARK,2026-02-24,1600.0,0.0,0.0,0.0,0.0,0.0,0.0,1954.2,2006.6,1947.6,1.76,2026-02-03 23:02,39712
GLENMARK,2026-02-24,1620.0,0.0,0.0,0.0,0.0,0.0,0.0,1954.2,2006.6,1947.6,1.76,2026-02-03 23:02,36814
GLENMARK,2026-02-24,1640.0,331.3,0.0,1125.0,0.0,0.0,0.0,1954.2,2006.6,1947.6,1.76,2026-02-03 23:02,33917
GLENMARK,2026-02-24,1660.0,0.0,0.0,0.0,0.0,0.0,0.0,1954.2,2006.6,1947.6,1.76,2026-02-03 23:02,31020
GLENMARK,2026-02-24,1680.0,344.2,375.0,0.0,3.15,18750.0,7125.0,1954.2,2006.6,1947.6,1.76,2026-02-03 23:02,28123
GLENMARK,2026-02-24,1700.0,172.0,3000.0,0.0,0.0,0.0,0.0,1954.2,2006.6,1947.6,1.76,2026-02-03 23:02,25271
GLENMARK,2026-02-24,1720.0,0.0,0.0,0.0,4.4,68625.0,56250.0,1954.2,2006.6,1947.6,1.76,2026-02-03 23:02,22469
GLENMARK,2026-02-24,1740.0,0.0,0.0,0.0,5.45,25875.0,12750.0,1954.2,2006.6,1947.6,1.76,2026-02-03 23:02,19723
GLENMARK,2026-02-24,1760.0,0.0,0.0,0.0,6.9,20250.0,18000.0,1954.2,2006.6,1947.6,1.76,2026-02-03 23:02,17045
GLENMARK,2026-02-24,1780.0,212.6,3750.0,750.0,8.65,37125.0,12000.0,1954.2,2006.6,1947.6,1.76,2026-02-03 23:02,14408
GLENMARK,2026-02-24,1800.0,190.0,9000.0,1875.0,10.7,117750.0,283125.0,1954.2,2006.6,1947.6,1.76,2026-02-03 23:02,11914
GLENMARK,2026-02-24,1820.0,153.05,3750.0,3000.0,13.4,27750.0,51000.0,1954.2,2006.6,1947.6,1.76,2026-02-03 23:02,9670
GLENMARK,2026-02-24,1840.0,138.55,4500.0,7125.0,16.2,19125.0,30750.0,1954.2,2006.6,1947.6,1.76,2026-02-03 23:02,7465
GLENMARK,2026-02-24,1860.0,124.8,22125.0,7500.0,20.45,54000.0,118500.0,1954.2,2006.6,1947.6,1.76,2026-02-03 23:02,5319
GLENMARK,2026-02-24,1880.0,109.0,18750.0,27375.0,26.05,42750.0,78750.0,1954.2,2006.6,1947.6,1.76,2026-02-03 23:02,3459
GLENMARK,2026-02-24,1900.0,95.0,89250.0,87375.0,30.5,217125.0,194625.0,1954.2,2006.6,1947.6,1.76,2026-02-03 23:02,1649
GLENMARK,2026-02-24,1920.0,81.45,110625.0,33000.0,37.75,64125.0,37500.0,1954.2,2006.6,1947.6,1.76,2026-02-03 23:02,545
GLENMARK,2026-02-24,1940.0,69.7,42000.0,66000.0,45.35,47625.0,88875.0,1954.2,2006.6,1947.6,1.76,2026-02-03 23:02,263
GLENMARK,2026-02-24,1960.0,58.55,146250.0,194250.0,53.95,228000.0,100500.0,1954.2,2006.6,1947.6,1.76,2026-02-03 23:02,-420
GLENMARK,2026-02-24,1980.0,49.7,140625.0,356250.0,66.2,92250.0,124500.0,1954.2,2006.6,1947.6,1.76,2026-02-03 23:02,-807
GLENMARK,2026-02-24,2000.0,41.0,333000.0,640125.0,75.4,117750.0,84000.0,1954.2,2006.6,1947.6,1.76,2026-02-03 23:02,-266
GLENMARK,2026-02-24,2020.0,33.75,126750.0,168375.0,89.05,35625.0,13875.0,1954.2,2006.6,1947.6,1.76,2026-02-03 23:02,1565
GLENMARK,2026-02-24,2040.0,27.6,82125.0,121125.0,91.35,13875.0,12750.0,1954.2,2006.6,1947.6,1.76,2026-02-03 23:02,3355
GLENMARK,2026-02-24,2060.0,21.75,62250.0,69750.0,115.6,107250.0,3000.0,1954.2,2006.6,1947.6,1.76,2026-02-03 23:02,5326
GLENMARK,2026-02-24,2080.0,17.7,219000.0,90750.0,141.1,7875.0,0.0,1954.2,2006.6,1947.6,1.76,2026-02-03 23:02,6432
GLENMARK,2026-02-24,2100.0,14.25,397500.0,449250.0,152.3,19875.0,27000.0,1954.2,2006.6,1947.6,1.76,2026-02-03 23:02,9373
GLENMARK,2026-02-24,2120.0,11.7,42375.0,32250.0,155.8,10875.0,0.0,1954.2,2006.6,1947.6,1.76,2026-02-03 23:02,13135
GLENMARK,2026-02-24,2140.0,9.25,1125.0,1500.0,174.3,3000.0,0.0,1954.2,2006.6,1947.6,1.76,2026-02-03 23:02,16620
GLENMARK,2026-02-24,2160.0,7.6,73875.0,33000.0,182.15,2250.0,0.0,1954.2,2006.6,1947.6,1.76,2026-02-03 23:02,20183
GLENMARK,2026-02-24,2180.0,47.0,375.0,0.0,0.0,0.0,0.0,1954.2,2006.6,1947.6,1.76,2026-02-03 23:02,23964
GLENMARK,2026-02-24,2200.0,5.25,146625.0,89625.0,196.85,7500.0,0.0,1954.2,2006.6,1947.6,1.76,2026-02-03 23:02,27732
GLENMARK,2026-02-24,2220.0,4.4,22875.0,32625.0,240.0,375.0,0.0,1954.2,2006.6,1947.6,1.76,2026-02-03 23:02,31736
GLENMARK,2026-02-24,2240.0,3.6,22875.0,8625.0,258.0,3000.0,1125.0,1954.2,2006.6,1947.6,1.76,2026-02-03 23:02,35858
GLENMARK,2026-02-24,2260.0,6.65,750.0,0.0,0.0,0.0,0.0,1954.2,2006.6,1947.6,1.76,2026-02-03 23:02,39962
GLENMARK,2026-02-24,2280.0,1.85,22500.0,375.0,0.0,0.0,0.0,1954.2,2006.6,1947.6,1.76,2026-02-03 23:02,44137
GLENMARK,2026-02-24,2300.0,1.4,7125.0,0.0,310.0,38250.0,0.0,1954.2,2006.6,1947.6,1.76,2026-02-03 23:02,48361
GLENMARK,2026-02-24,2320.0,2.0,62625.0,5625.0,0.0,0.0,0.0,1954.2,2006.6,1947.6,1.76,2026-02-03 23:02,51486
GLENMARK,2026-02-24,2360.0,1.4,20625.0,375.0,0.0,0.0,0.0,1954.2,2006.6,1947.6,1.76,2026-02-03 23:02,60370
GLENMARK,2026-02-24,2400.0,3.7,31500.0,0.0,0.0,0.0,0.0,1954.2,2006.6,1947.6,1.76,2026-02-03 23:02,69326
GODREJCP,2026-02-24,980.0,189.5,3000.0,0.0,0.0,0.0,0.0,1146.4,1187.1,1142.2,-2.025,2026-02-03 23:02,18422
GODREJCP,2026-02-24,1000.0,154.15,2500.0,3000.0,0.6,42500.0,11000.0,1146.4,1187.1,1142.2,-2.025,2026-02-03 23:02,15661
GODREJCP,2026-02-24,1020.0,150.35,1500.0,0.0,0.0,0.0,0.0,1146.4,1187.1,1142.2,-2.025,2026-02-03 23:02,12970
GODREJCP,2026-02-24,1030.0,0.0,0.0,0.0,1.95,11500.0,1500.0,1146.4,1187.1,1142.2,-2.025,2026-02-03 23:02,11631
GODREJCP,2026-02-24,1040.0,0.0,0.0,0.0,2.35,64500.0,67500.0,1146.4,1187.1,1142.2,-2.025,2026-02-03 23:02,10278
GODREJCP,2026-02-24,1050.0,0.0,0.0,0.0,2.25,7500.0,0.0,1146.4,1187.1,1142.2,-2.025,2026-02-03 23:02,8977
GODREJCP,2026-02-24,1060.0,0.0,0.0,0.0,3.75,101000.0,188000.0,1146.4,1187.1,1142.2,-2.025,2026-02-03 23:02,7697
GODREJCP,2026-02-24,1070.0,0.0,0.0,0.0,4.45,16500.0,19000.0,1146.4,1187.1,1142.2,-2.025,2026-02-03 23:02,6481
GODREJCP,2026-02-24,1080.0,0.0,0.0,0.0,5.55,122500.0,91500.0,1146.4,1187.1,1142.2,-2.025,2026-02-03 23:02,5313
GODREJCP,2026-02-24,1090.0,0.0,0.0,0.0,5.75,2000.0,1000.0,1146.4,1187.1,1142.2,-2.025,2026-02-03 23:02,4207
GODREJCP,2026-02-24,1100.0,59.35,46000.0,9500.0,9.0,160500.0,356000.0,1146.4,1187.1,1142.2,-2.025,2026-02-03 23:02,3169
GODREJCP,2026-02-24,1110.0,76.15,3000.0,0.0,7.25,22500.0,0.0,1146.4,1187.1,1142.2,-2.025,2026-02-03 23:02,2468
GODREJCP,2026-02-24,1120.0,54.0,2000.0,0.0,14.0,50000.0,51000.0,1146.4,1187.1,1142.2,-2.025,2026-02-03 23:02,1670
GODREJCP,2026-02-24,1130.0,36.75,4000.0,3500.0,17.15,33500.0,55000.0,1146.4,1187.1,1142.2,-2.025,2026-02-03 23:02,858
GODREJCP,2026-02-24,1140.0,33.0,58000.0,74000.0,22.3,85000.0,156500.0,1146.4,1187.1,1142.2,-2.025,2026-02-03 23:02,100
GODREJCP,2026-02-24,1150.0,28.0,170500.0,357000.0,26.1,121500.0,807500.0,1146.4,1187.1,1142.2,-2.025,2026-02-03 23:02,-469
GODREJCP,2026-02-24,1160.0,22.6,233500.0,582500.0,32.4,193000.0,366000.0,1146.4,1187.1,1142.2,-2.025,2026-02-03 23:02,-589
GODREJCP,2026-02-24,1170.0,19.1,89500.0,169000.0,38.05,71000.0,40500.0,1146.4,1187.1,1142.2,-2.025,2026-02-03 23:02,-540
GODREJCP,2026-02-24,1180.0,15.6,250000.0,379500.0,43.3,56500.0,13500.0,1146.4,1187.1,1142.2,-2.025,2026-02-03 23:02,-332
GODREJCP,2026-02-24,1190.0,12.05,51500.0,47000.0,42.65,4500.0,0.0,1146.4,1187.1,1142.2,-2.025,2026-02-03 23:02,426
GODREJCP,2026-02-24,1200.0,10.55,417500.0,900000.0,58.6,138500.0,26000.0,1146.4,1187.1,1142.2,-2.025,2026-02-03 23:02,1138
GODREJCP,2026-02-24,1210.0,8.2,12500.0,39000.0,57.7,0.0,4000.0,1146.4,1187.1,1142.2,-2.025,2026-02-03 23:02,1992
GODREJCP,2026-02-24,1220.0,6.75,137000.0,73500.0,73.0,3500.0,0.0,1146.4,1187.1,1142.2,-2.025,2026-02-03 23:02,3241
GODREJCP,2026-02-24,1230.0,5.5,30000.0,44000.0,77.4,12000.0,12500.0,1146.4,1187.1,1142.2,-2.025,2026-02-03 23:02,4686
GODREJCP,2026-02-24,1240.0,4.8,198000.0,140000.0,74.95,42000.0,0.0,1146.4,1187.1,1142.2,-2.025,2026-02-03 23:02,6030
GODREJCP,2026-02-24,1250.0,4.05,270500.0,302500.0,81.3,37500.0,0.0,1146.4,1187.1,1142.2,-2.025,2026-02-03 23:02,7471
GODREJCP,2026-02-24,1260.0,3.45,101000.0,108500.0,97.8,500.0,0.0,1146.4,1187.1,1142.2,-2.025,2026-02-03 23:02,9244
GODREJCP,2026-02-24,1270.0,5.25,8000.0,0.0,101.3,2000.0,0.0,1146.4,1187.1,1142.2,-2.025,2026-02-03 23:02,11344
GODREJCP,2026-02-24,1280.0,2.6,73500.0,53500.0,0.0,0.0,0.0,1146.4,1187.1,1142.2,-2.025,2026-02-03 23:02,13408
GODREJCP,2026-02-24,1290.0,3.35,7000.0,0.0,0.0,0.0,0.0,1146.4,1187.1,1142.2,-2.025,2026-02-03 23:02,15581
GODREJCP,2026-02-24,1300.0,2.05,249500.0,150500.0,130.0,9500.0,0.0,1146.4,1187.1,1142.2,-2.025,2026-02-03 23:02,17744
GODREJCP,2026-02-24,1310.0,2.1,500.0,0.0,0.0,0.0,0.0,1146.4,1187.1,1142.2,-2.025,2026-02-03 23:02,20091
GODREJCP,2026-02-24,1320.0,1.55,54000.0,13500.0,0.0,0.0,0.0,1146.4,1187.1,1142.2,-2.025,2026-02-03 23:02,22511
GODREJCP,2026-02-24,1340.0,1.4,55000.0,37000.0,0.0,0.0,0.0,1146.4,1187.1,1142.2,-2.025,2026-02-03 23:02,27467
GODREJCP,2026-02-24,1350.0,1.1,2000.0,2000.0,0.0,0.0,0.0,1146.4,1187.1,1142.2,-2.025,2026-02-03 23:02,30004
GODREJCP,2026-02-24,1360.0,0.0,0.0,0.0,122.75,0.0,0.0,1146.4,1187.1,1142.2,-2.025,2026-02-03 23:02,32535
GODREJCP,2026-02-24,1370.0,0.95,40500.0,20500.0,0.0,0.0,0.0,1146.4,1187.1,1142.2,-2.025,2026-02-03 23:02,35066
GODREJCP,2026-02-24,1380.0,5.0,9500.0,0.0,0.0,0.0,0.0,1146.4,1187.1,1142.2,-2.025,2026-02-03 23:02,37641
GODREJCP,2026-02-24,1400.0,0.85,101000.0,168500.0,0.0,0.0,0.0,1146.4,1187.1,1142.2,-2.025,2026-02-03 23:02,42808
GODREJCP,2026-02-24,1440.0,0.7,9500.0,1000.0,0.0,0.0,0.0,1146.4,1187.1,1142.2,-2.025,2026-02-03 23:02,53545
GODREJPROP,2026-02-24,1200.0,0.0,0.0,0.0,1.65,23100.0,5225.0,1699.4,1743.1,1610.2,8.929,2026-02-03 23:02,83320
GODREJPROP,2026-02-24,1240.0,331.3,0.0,0.0,2.7,22550.0,17050.0,1699.4,1743.1,1610.2,8.929,2026-02-03 23:02,72911
GODREJPROP,2026-02-24,1280.0,0.0,0.0,0.0,3.5,17050.0,9075.0,1699.4,1743.1,1610.2,8.929,2026-02-03 23:02,62589
GODREJPROP,2026-02-24,1300.0,400.0,1650.0,825.0,4.45,32450.0,7975.0,1699.4,1743.1,1610.2,8.929,2026-02-03 23:02,57459
GODREJPROP,2026-02-24,1320.0,377.95,275.0,275.0,3.5,26400.0,30525.0,1699.4,1743.1,1610.2,8.929,2026-02-03 23:02,52455
GODREJPROP,2026-02-24,1340.0,0.0,0.0,0.0,3.65,12375.0,44825.0,1699.4,1743.1,1610.2,8.929,2026-02-03 23:02,47454
GODREJPROP,2026-02-24,1360.0,0.0,0.0,0.0,4.6,34100.0,27225.0,1699.4,1743.1,1610.2,8.929,2026-02-03 23:02,42472
GODREJPROP,2026-02-24,1380.0,0.0,0.0,0.0,5.05,14850.0,9350.0,1699.4,1743.1,1610.2,8.929,2026-02-03 23:02,37547
GODREJPROP,2026-02-24,1400.0,314.7,32450.0,4950.0,6.0,128425.0,138600.0,1699.4,1743.1,1610.2,8.929,2026-02-03 23:02,32660
GODREJPROP,2026-02-24,1420.0,125.25,1375.0,0.0,6.65,28050.0,18975.0,1699.4,1743.1,1610.2,8.929,2026-02-03 23:02,29046
GODREJPROP,2026-02-24,1440.0,147.0,825.0,0.0,7.85,54725.0,73975.0,1699.4,1743.1,1610.2,8.929,2026-02-03 23:02,24546
GODREJPROP,2026-02-24,1460.0,226.85,8525.0,3850.0,9.15,100925.0,152075.0,1699.4,1743.1,1610.2,8.929,2026-02-03 23:02,20127
GODREJPROP,2026-02-24,1480.0,218.1,26400.0,26675.0,10.6,77000.0,126225.0,1699.4,1743.1,1610.2,8.929,2026-02-03 23:02,16059
GODREJPROP,2026-02-24,1500.0,212.0,205425.0,142725.0,12.55,308825.0,606925.0,1699.4,1743.1,1610.2,8.929,2026-02-03 23:02,12591
GODREJPROP,2026-02-24,1520.0,193.25,85800.0,59125.0,14.25,184800.0,266475.0,1699.4,1743.1,1610.2,8.929,2026-02-03 23:02,13625
GODREJPROP,2026-02-24,1540.0,176.15,132000.0,119350.0,17.05,103125.0,304150.0,1699.4,1743.1,1610.2,8.929,2026-02-03 23:02,12627
GODREJPROP,2026-02-24,1560.0,163.9,57475.0,178200.0,20.95,108900.0,366025.0,1699.4,1743.1,1610.2,8.929,2026-02-03 23:02,12854
GODREJPROP,2026-02-24,1580.0,146.25,62975.0,99000.0,24.55,51700.0,189750.0,1699.4,1743.1,1610.2,8.929,2026-02-03 23:02,11978
GODREJPROP,2026-02-24,1600.0,128.15,292050.0,795850.0,29.95,208725.0,748550.0,1699.4,1743.1,1610.2,8.929,2026-02-03 23:02,11412
GODREJPROP,2026-02-24,1620.0,115.0,35750.0,172425.0,35.15,38775.0,146575.0,1699.4,1743.1,1610.2,8.929,2026-02-03 23:02,14171
GODREJPROP,2026-02-24,1640.0,104.9,57750.0,363000.0,42.0,70675.0,270875.0,1699.4,1743.1,1610.2,8.929,2026-02-03 23:02,14236
GODREJPROP,2026-02-24,1660.0,91.95,147675.0,922900.0,50.85,71500.0,304975.0,1699.4,1743.1,1610.2,8.929,2026-02-03 23:02,14593
GODREJPROP,2026-02-24,1680.0,79.0,89650.0,799150.0,57.3,98725.0,447700.0,1699.4,1743.1,1610.2,8.929,2026-02-03 23:02,16073
GODREJPROP,2026-02-24,1700.0,69.0,535425.0,3298075.0,68.0,231825.0,605000.0,1699.4,1743.1,1610.2,8.929,2026-02-03 23:02,17078
GODREJPROP,2026-02-24,1720.0,61.5,55825.0,473275.0,80.25,56650.0,133650.0,1699.4,1743.1,1610.2,8.929,2026-02-03 23:02,21593
GODREJPROP,2026-02-24,1740.0,52.0,85250.0,486200.0,89.55,15950.0,25025.0,1699.4,1743.1,1610.2,8.929,2026-02-03 23:02,24103
GODREJPROP,2026-02-24,1760.0,45.85,36575.0,286825.0,104.65,9075.0,6875.0,1699.4,1743.1,1610.2,8.929,2026-02-03 23:02,27228
GODREJPROP,2026-02-24,1780.0,39.9,40975.0,128700.0,108.45,14575.0,8800.0,1699.4,1743.1,1610.2,8.929,2026-02-03 23:02,30216
GODREJPROP,2026-02-24,1800.0,34.3,473550.0,1950575.0,131.65,139425.0,76450.0,1699.4,1743.1,1610.2,8.929,2026-02-03 23:02,33248
GODREJPROP,2026-02-24,1820.0,29.95,44550.0,152625.0,165.45,17600.0,4400.0,1699.4,1743.1,1610.2,8.929,2026-02-03 23:02,37290
GODREJPROP,2026-02-24,1840.0,25.5,32450.0,94875.0,162.75,4950.0,3575.0,1699.4,1743.1,1610.2,8.929,2026-02-03 23:02,41509
GODREJPROP,2026-02-24,1860.0,22.3,54725.0,134475.0,175.0,7150.0,4125.0,1699.4,1743.1,1610.2,8.929,2026-02-03 23:02,45963
GODREJPROP,2026-02-24,1880.0,19.1,29975.0,43450.0,328.45,7425.0,0.0,1699.4,1743.1,1610.2,8.929,2026-02-03 23:02,50535
GODREJPROP,2026-02-24,1900.0,17.3,327250.0,897050.0,204.2,74800.0,9350.0,1699.4,1743.1,1610.2,8.929,2026-02-03 23:02,54999
GODREJPROP,2026-02-24,1920.0,15.2,31625.0,109175.0,91.25,2475.0,0.0,1699.4,1743.1,1610.2,8.929,2026-02-03 23:02,59492
GODREJPROP,2026-02-24,1940.0,12.85,23375.0,117150.0,425.0,4400.0,0.0,1699.4,1743.1,1610.2,8.929,2026-02-03 23:02,65040
GODREJPROP,2026-02-24,1960.0,11.4,76725.0,202125.0,388.05,3850.0,0.0,1699.4,1743.1,1610.2,8.929,2026-02-03 23:02,70461
GODREJPROP,2026-02-24,1980.0,10.0,17600.0,56650.0,475.0,2750.0,0.0,1699.4,1743.1,1610.2,8.929,2026-02-03 23:02,76138
GODREJPROP,2026-02-24,2000.0,9.35,392150.0,1499850.0,299.0,85525.0,12650.0,1699.4,1743.1,1610.2,8.929,2026-02-03 23:02,81805
GODREJPROP,2026-02-24,2020.0,7.45,72325.0,101200.0,490.0,2200.0,0.0,1699.4,1743.1,1610.2,8.929,2026-02-03 23:02,86350
GODREJPROP,2026-02-24,2040.0,6.5,12925.0,16500.0,420.0,550.0,0.0,1699.4,1743.1,1610.2,8.929,2026-02-03 23:02,93180
GODREJPROP,2026-02-24,2060.0,35.85,275.0,0.0,368.0,3025.0,2200.0,1699.4,1743.1,1610.2,8.929,2026-02-03 23:02,100077
GODREJPROP,2026-02-24,2080.0,2.25,6875.0,0.0,386.0,13475.0,2750.0,1699.4,1743.1,1610.2,8.929,2026-02-03 23:02,106884
GODREJPROP,2026-02-24,2100.0,4.95,154825.0,259325.0,393.0,17050.0,2475.0,1699.4,1743.1,1610.2,8.929,2026-02-03 23:02,113324
GODREJPROP,2026-02-24,2120.0,0.0,0.0,0.0,599.0,275.0,0.0,1699.4,1743.1,1610.2,8.929,2026-02-03 23:02,120033
GODREJPROP,2026-02-24,2140.0,2.0,550.0,0.0,584.0,1650.0,0.0,1699.4,1743.1,1610.2,8.929,2026-02-03 23:02,127320
GODREJPROP,2026-02-24,2160.0,3.5,10725.0,3025.0,650.0,5225.0,0.0,1699.4,1743.1,1610.2,8.929,2026-02-03 23:02,134531
GODREJPROP,2026-02-24,2180.0,3.2,2200.0,3300.0,0.0,0.0,0.0,1699.4,1743.1,1610.2,8.929,2026-02-03 23:02,141534
GODREJPROP,2026-02-24,2200.0,3.3,84700.0,12375.0,494.0,46475.0,2750.0,1699.4,1743.1,1610.2,8.929,2026-02-03 23:02,148878
GODREJPROP,2026-02-24,2260.0,1.4,550.0,0.0,0.0,0.0,0.0,1699.4,1743.1,1610.2,8.929,2026-02-03 23:02,169428
GODREJPROP,2026-02-24,2280.0,0.95,1925.0,0.0,170.0,275.0,0.0,1699.4,1743.1,1610.2,8.929,2026-02-03 23:02,177035
GODREJPROP,2026-02-24,2300.0,2.95,26400.0,23100.0,603.5,18700.0,550.0,1699.4,1743.1,1610.2,8.929,2026-02-03 23:02,184642
GODREJPROP,2026-02-24,2320.0,1.0,1100.0,0.0,800.0,1650.0,0.0,1699.4,1743.1,1610.2,8.929,2026-02-03 23:02,191223
GODREJPROP,2026-02-24,2340.0,2.5,550.0,275.0,0.0,0.0,0.0,1699.4,1743.1,1610.2,8.929,2026-02-03 23:02,198799
GODREJPROP,2026-02-24,2360.0,0.0,0.0,0.0,832.0,550.0,0.0,1699.4,1743.1,1610.2,8.929,2026-02-03 23:02,206507
GODREJPROP,2026-02-24,2400.0,1.9,37400.0,38775.0,888.0,11550.0,0.0,1699.4,1743.1,1610.2,8.929,2026-02-03 23:02,221880
GODREJPROP,2026-02-24,2440.0,2.0,7150.0,275.0,833.45,5775.0,0.0,1699.4,1743.1,1610.2,8.929,2026-02-03 23:02,236476
GRASIM,2026-02-24,2280.0,0.0,0.0,0.0,0.0,0.0,0.0,2808.9,2869.0,2801.1,1.236,2026-02-03 23:02,38908
GRASIM,2026-02-24,2320.0,0.0,0.0,0.0,2.3,1250.0,2500.0,2808.9,2869.0,2801.1,1.236,2026-02-03 23:02,35054
GRASIM,2026-02-24,2360.0,0.0,0.0,0.0,3.25,3750.0,0.0,2808.9,2869.0,2801.1,1.236,2026-02-03 23:02,31205
GRASIM,2026-02-24,2400.0,0.0,0.0,0.0,0.0,0.0,0.0,2808.9,2869.0,2801.1,1.236,2026-02-03 23:02,27369
GRASIM,2026-02-24,2440.0,0.0,0.0,0.0,0.0,0.0,0.0,2808.9,2869.0,2801.1,1.236,2026-02-03 23:02,23535
GRASIM,2026-02-24,2480.0,0.0,0.0,0.0,0.0,0.0,0.0,2808.9,2869.0,2801.1,1.236,2026-02-03 23:02,19701
GRASIM,2026-02-24,2500.0,0.0,0.0,0.0,2.5,82250.0,9000.0,2808.9,2869.0,2801.1,1.236,2026-02-03 23:02,17784
GRASIM,2026-02-24,2520.0,0.0,0.0,0.0,0.0,0.0,0.0,2808.9,2869.0,2801.1,1.236,2026-02-03 23:02,16011
GRASIM,2026-02-24,2540.0,0.0,0.0,0.0,6.5,16000.0,0.0,2808.9,2869.0,2801.1,1.236,2026-02-03 23:02,14259
GRASIM,2026-02-24,2560.0,0.0,0.0,0.0,4.7,13000.0,3750.0,2808.9,2869.0,2801.1,1.236,2026-02-03 23:02,12528
GRASIM,2026-02-24,2580.0,0.0,0.0,0.0,9.0,750.0,0.0,2808.9,2869.0,2801.1,1.236,2026-02-03 23:02,10827
GRASIM,2026-02-24,2600.0,165.8,500.0,0.0,6.75,134250.0,94000.0,2808.9,2869.0,2801.1,1.236,2026-02-03 23:02,9134
GRASIM,2026-02-24,2620.0,154.1,3500.0,0.0,13.55,7750.0,0.0,2808.9,2869.0,2801.1,1.236,2026-02-03 23:02,7628
GRASIM,2026-02-24,2640.0,0.0,0.0,0.0,16.95,500.0,0.0,2808.9,2869.0,2801.1,1.236,2026-02-03 23:02,6270
GRASIM,2026-02-24,2660.0,0.0,0.0,0.0,13.2,161000.0,230500.0,2808.9,2869.0,2801.1,1.236,2026-02-03 23:02,4869
GRASIM,2026-02-24,2680.0,0.0,0.0,0.0,24.15,7000.0,0.0,2808.9,2869.0,2801.1,1.236,2026-02-03 23:02,3579
GRASIM,2026-02-24,2700.0,147.0,13500.0,6500.0,19.5,106750.0,258000.0,2808.9,2869.0,2801.1,1.236,2026-02-03 23:02,2498
GRASIM,2026-02-24,2720.0,102.0,3750.0,0.0,24.75,7750.0,3250.0,2808.9,2869.0,2801.1,1.236,2026-02-03 23:02,1665
GRASIM,2026-02-24,2740.0,108.2,9250.0,2750.0,29.6,28750.0,24750.0,2808.9,2869.0,2801.1,1.236,2026-02-03 23:02,883
GRASIM,2026-02-24,2760.0,97.8,22000.0,12750.0,35.9,28750.0,18750.0,2808.9,2869.0,2801.1,1.236,2026-02-03 23:02,174
GRASIM,2026-02-24,2780.0,88.0,14000.0,10000.0,43.8,34500.0,24000.0,2808.9,2869.0,2801.1,1.236,2026-02-03 23:02,-336
GRASIM,2026-02-24,2800.0,75.45,78000.0,124500.0,50.0,152000.0,172000.0,2808.9,2869.0,2801.1,1.236,2026-02-03 23:02,-890
GRASIM,2026-02-24,2820.0,65.7,18000.0,15250.0,60.6,23500.0,31750.0,2808.9,2869.0,2801.1,1.236,2026-02-03 23:02,-1128
GRASIM,2026-02-24,2840.0,53.3,36750.0,79500.0,66.35,50000.0,44500.0,2808.9,2869.0,2801.1,1.236,2026-02-03 23:02,-1135
GRASIM,2026-02-24,2860.0,45.0,42750.0,72000.0,83.45,23500.0,6500.0,2808.9,2869.0,2801.1,1.236,2026-02-03 23:02,-1080
GRASIM,2026-02-24,2880.0,38.2,22250.0,40750.0,92.75,8000.0,8750.0,2808.9,2869.0,2801.1,1.236,2026-02-03 23:02,-761
GRASIM,2026-02-24,2900.0,32.4,146750.0,359500.0,105.4,31250.0,26750.0,2808.9,2869.0,2801.1,1.236,2026-02-03 23:02,-367
GRASIM,2026-02-24,2920.0,25.25,28500.0,16000.0,203.2,5500.0,0.0,2808.9,2869.0,2801.1,1.236,2026-02-03 23:02,518
GRASIM,2026-02-24,2940.0,21.85,46750.0,57000.0,135.25,3500.0,1250.0,2808.9,2869.0,2801.1,1.236,2026-02-03 23:02,1286
GRASIM,2026-02-24,2960.0,17.65,56000.0,15500.0,161.45,2000.0,0.0,2808.9,2869.0,2801.1,1.236,2026-02-03 23:02,2249
GRASIM,2026-02-24,2980.0,24.6,13500.0,750.0,150.0,1750.0,2000.0,2808.9,2869.0,2801.1,1.236,2026-02-03 23:02,3339
GRASIM,2026-02-24,3000.0,11.85,114500.0,218750.0,186.85,16000.0,0.0,2808.9,2869.0,2801.1,1.236,2026-02-03 23:02,4401
GRASIM,2026-02-24,3020.0,9.8,11250.0,5000.0,0.0,0.0,0.0,2808.9,2869.0,2801.1,1.236,2026-02-03 23:02,5553
GRASIM,2026-02-24,3040.0,7.5,10500.0,6250.0,0.0,0.0,0.0,2808.9,2869.0,2801.1,1.236,2026-02-03 23:02,6902
GRASIM,2026-02-24,3060.0,6.8,20250.0,13250.0,0.0,0.0,0.0,2808.9,2869.0,2801.1,1.236,2026-02-03 23:02,8269
GRASIM,2026-02-24,3080.0,16.3,500.0,0.0,0.0,0.0,0.0,2808.9,2869.0,2801.1,1.236,2026-02-03 23:02,9682
GRASIM,2026-02-24,3100.0,4.7,72750.0,58250.0,0.0,0.0,0.0,2808.9,2869.0,2801.1,1.236,2026-02-03 23:02,11083
GRASIM,2026-02-24,3120.0,2.1,11500.0,0.0,0.0,0.0,0.0,2808.9,2869.0,2801.1,1.236,2026-02-03 23:02,12663
GRASIM,2026-02-24,3160.0,2.55,172500.0,0.0,0.0,0.0,0.0,2808.9,2869.0,2801.1,1.236,2026-02-03 23:02,15804
GRASIM,2026-02-24,3200.0,2.6,244000.0,3500.0,0.0,0.0,0.0,2808.9,2869.0,2801.1,1.236,2026-02-03 23:02,19676
GRASIM,2026-02-24,3240.0,2.05,250.0,0.0,0.0,0.0,0.0,2808.9,2869.0,2801.1,1.236,2026-02-03 23:02,24543
GRASIM,2026-02-24,3280.0,0.0,0.0,0.0,0.0,0.0,0.0,2808.9,2869.0,2801.1,1.236,2026-02-03 23:02,29348
GRASIM,2026-02-24,3320.0,1.9,4250.0,0.0,451.0,12500.0,0.0,2808.9,2869.0,2801.1,1.236,2026-02-03 23:02,34153
HAL,2026-02-24,3700.0,711.0,750.0,0.0,6.6,148800.0,183450.0,4470.4,4608.1,4410.1,3.035,2026-02-03 23:02,183755
HAL,2026-02-24,3750.0,0.0,0.0,0.0,8.0,0.0,450.0,4470.4,4608.1,4410.1,3.035,2026-02-03 23:02,167336
HAL,2026-02-24,3800.0,544.55,12150.0,0.0,9.75,97950.0,86250.0,4470.4,4608.1,4410.1,3.035,2026-02-03 23:02,150962
HAL,2026-02-24,3850.0,488.1,450.0,0.0,11.95,19200.0,30750.0,4470.4,4608.1,4410.1,3.035,2026-02-03 23:02,135705
HAL,2026-02-24,3900.0,0.0,0.0,0.0,14.25,109050.0,67650.0,4470.4,4608.1,4410.1,3.035,2026-02-03 23:02,119979
HAL,2026-02-24,3950.0,0.0,0.0,0.0,17.55,20850.0,12600.0,4470.4,4608.1,4410.1,3.035,2026-02-03 23:02,104643
HAL,2026-02-24,4000.0,481.0,19500.0,7800.0,22.6,135000.0,204750.0,4470.4,4608.1,4410.1,3.035,2026-02-03 23:02,89531
HAL,2026-02-24,4050.0,290.65,4200.0,0.0,28.05,25650.0,41850.0,4470.4,4608.1,4410.1,3.035,2026-02-03 23:02,75861
HAL,2026-02-24,4100.0,410.05,22950.0,12150.0,33.95,100650.0,152250.0,4470.4,4608.1,4410.1,3.035,2026-02-03 23:02,61757
HAL,2026-02-24,4150.0,349.15,34500.0,14250.0,42.15,56700.0,93900.0,4470.4,4608.1,4410.1,3.035,2026-02-03 23:02,48820
HAL,2026-02-24,4200.0,315.0,75150.0,95250.0,52.95,288450.0,466200.0,4470.4,4608.1,4410.1,3.035,2026-02-03 23:02,36706
HAL,2026-02-24,4250.0,273.0,55350.0,133050.0,65.35,82950.0,186450.0,4470.4,4608.1,4410.1,3.035,2026-02-03 23:02,26284
HAL,2026-02-24,4300.0,243.65,263850.0,358800.0,80.4,344700.0,460200.0,4470.4,4608.1,4410.1,3.035,2026-02-03 23:02,16682
HAL,2026-02-24,4350.0,208.2,150600.0,213450.0,98.25,160200.0,202800.0,4470.4,4608.1,4410.1,3.035,2026-02-03 23:02,12812
HAL,2026-02-24,4400.0,180.25,244800.0,755850.0,118.0,363600.0,739050.0,4470.4,4608.1,4410.1,3.035,2026-02-03 23:02,8399
HAL,2026-02-24,4450.0,152.65,75150.0,523800.0,143.8,95100.0,317850.0,4470.4,4608.1,4410.1,3.035,2026-02-03 23:02,5590
HAL,2026-02-24,4500.0,130.0,446100.0,1930950.0,167.5,384450.0,556350.0,4470.4,4608.1,4410.1,3.035,2026-02-03 23:02,3289
HAL,2026-02-24,4550.0,111.05,107100.0,443400.0,198.35,89550.0,97050.0,4470.4,4608.1,4410.1,3.035,2026-02-03 23:02,4721
HAL,2026-02-24,4600.0,94.45,591150.0,1573800.0,230.65,234900.0,103350.0,4470.4,4608.1,4410.1,3.035,2026-02-03 23:02,7189
HAL,2026-02-24,4650.0,79.15,236100.0,532500.0,262.65,73650.0,39600.0,4470.4,4608.1,4410.1,3.035,2026-02-03 23:02,14541
HAL,2026-02-24,4700.0,67.0,673200.0,1303050.0,300.0,171600.0,23250.0,4470.4,4608.1,4410.1,3.035,2026-02-03 23:02,23209
HAL,2026-02-24,4750.0,56.05,148650.0,221400.0,448.5,47250.0,0.0,4470.4,4608.1,4410.1,3.035,2026-02-03 23:02,35530
HAL,2026-02-24,4800.0,48.45,504450.0,772800.0,378.95,135600.0,13950.0,4470.4,4608.1,4410.1,3.035,2026-02-03 23:02,48182
HAL,2026-02-24,4850.0,41.15,84150.0,130650.0,574.0,12900.0,0.0,4470.4,4608.1,4410.1,3.035,2026-02-03 23:02,62626
HAL,2026-02-24,4900.0,35.0,203700.0,249150.0,636.55,28350.0,0.0,4470.4,4608.1,4410.1,3.035,2026-02-03 23:02,79855
HAL,2026-02-24,4950.0,29.4,50400.0,85800.0,455.95,150.0,150.0,4470.4,4608.1,4410.1,3.035,2026-02-03 23:02,97548
HAL,2026-02-24,5000.0,25.65,676200.0,993150.0,566.0,117150.0,3450.0,4470.4,4608.1,4410.1,3.035,2026-02-03 23:02,116725
HAL,2026-02-24,5050.0,22.35,39150.0,61350.0,0.0,0.0,0.0,4470.4,4608.1,4410.1,3.035,2026-02-03 23:02,134832
HAL,2026-02-24,5100.0,19.55,245250.0,297750.0,626.75,79650.0,450.0,4470.4,4608.1,4410.1,3.035,2026-02-03 23:02,158119
HAL,2026-02-24,5200.0,14.7,404100.0,477000.0,995.3,300.0,0.0,4470.4,4608.1,4410.1,3.035,2026-02-03 23:02,203253
HAVELLS,2026-02-24,1060.0,0.0,0.0,0.0,0.0,0.0,0.0,1318.0,1335.1,1305.4,3.09,2026-02-03 23:02,41978
HAVELLS,2026-02-24,1080.0,0.0,0.0,0.0,0.0,0.0,0.0,1318.0,1335.1,1305.4,3.09,2026-02-03 23:02,37706
HAVELLS,2026-02-24,1100.0,0.0,0.0,0.0,0.55,117000.0,7500.0,1318.0,1335.1,1305.4,3.09,2026-02-03 23:02,33434
HAVELLS,2026-02-24,1120.0,0.0,0.0,0.0,1.45,19500.0,0.0,1318.0,1335.1,1305.4,3.09,2026-02-03 23:02,29389
HAVELLS,2026-02-24,1140.0,0.0,0.0,0.0,0.5,33000.0,2000.0,1318.0,1335.1,1305.4,3.09,2026-02-03 23:02,25387
HAVELLS,2026-02-24,1150.0,0.0,0.0,0.0,0.0,0.0,0.0,1318.0,1335.1,1305.4,3.09,2026-02-03 23:02,23419
HAVELLS,2026-02-24,1160.0,111.5,500.0,0.0,1.45,39000.0,11000.0,1318.0,1335.1,1305.4,3.09,2026-02-03 23:02,21453
HAVELLS,2026-02-24,1170.0,0.0,0.0,0.0,1.65,500.0,0.0,1318.0,1335.1,1305.4,3.09,2026-02-03 23:02,19526
HAVELLS,2026-02-24,1180.0,0.0,0.0,0.0,3.9,32000.0,0.0,1318.0,1335.1,1305.4,3.09,2026-02-03 23:02,17599
HAVELLS,2026-02-24,1190.0,75.0,2500.0,0.0,4.55,5500.0,0.0,1318.0,1335.1,1305.4,3.09,2026-02-03 23:02,15692
HAVELLS,2026-02-24,1200.0,136.3,8000.0,2000.0,2.15,345000.0,250500.0,1318.0,1335.1,1305.4,3.09,2026-02-03 23:02,13822
HAVELLS,2026-02-24,1210.0,0.0,0.0,0.0,3.15,11500.0,5000.0,1318.0,1335.1,1305.4,3.09,2026-02-03 23:02,12323
HAVELLS,2026-02-24,1220.0,62.0,4000.0,0.0,3.0,91500.0,148500.0,1318.0,1335.1,1305.4,3.09,2026-02-03 23:02,10798
HAVELLS,2026-02-24,1230.0,0.0,0.0,0.0,11.25,500.0,0.0,1318.0,1335.1,1305.4,3.09,2026-02-03 23:02,9368
HAVELLS,2026-02-24,1240.0,58.95,2000.0,0.0,5.15,134500.0,129000.0,1318.0,1335.1,1305.4,3.09,2026-02-03 23:02,7942
HAVELLS,2026-02-24,1250.0,75.0,16000.0,5000.0,6.0,92000.0,107500.0,1318.0,1335.1,1305.4,3.09,2026-02-03 23:02,6595
HAVELLS,2026-02-24,1260.0,71.25,20000.0,20000.0,7.3,105500.0,165500.0,1318.0,1335.1,1305.4,3.09,2026-02-03 23:02,5478
HAVELLS,2026-02-24,1270.0,61.8,15000.0,40500.0,9.1,13000.0,15500.0,1318.0,1335.1,1305.4,3.09,2026-02-03 23:02,4488
HAVELLS,2026-02-24,1280.0,54.3,116500.0,104000.0,11.5,175500.0,131000.0,1318.0,1335.1,1305.4,3.09,2026-02-03 23:02,3541
HAVELLS,2026-02-24,1290.0,47.3,18000.0,35000.0,14.0,32500.0,16000.0,1318.0,1335.1,1305.4,3.09,2026-02-03 23:02,3235
HAVELLS,2026-02-24,1300.0,40.2,352000.0,478000.0,18.75,340000.0,355000.0,1318.0,1335.1,1305.4,3.09,2026-02-03 23:02,2589
HAVELLS,2026-02-24,1310.0,32.85,22000.0,30500.0,21.95,17500.0,19500.0,1318.0,1335.1,1305.4,3.09,2026-02-03 23:02,3373
HAVELLS,2026-02-24,1320.0,28.95,159500.0,436500.0,27.3,142000.0,157000.0,1318.0,1335.1,1305.4,3.09,2026-02-03 23:02,3453
HAVELLS,2026-02-24,1330.0,23.85,22000.0,68500.0,31.95,14500.0,32500.0,1318.0,1335.1,1305.4,3.09,2026-02-03 23:02,3875
HAVELLS,2026-02-24,1340.0,19.2,133500.0,213500.0,38.15,35500.0,41000.0,1318.0,1335.1,1305.4,3.09,2026-02-03 23:02,4265
HAVELLS,2026-02-24,1350.0,15.5,132000.0,289000.0,43.8,45000.0,26000.0,1318.0,1335.1,1305.4,3.09,2026-02-03 23:02,4939
HAVELLS,2026-02-24,1360.0,13.35,93000.0,231000.0,50.0,21500.0,7500.0,1318.0,1335.1,1305.4,3.09,2026-02-03 23:02,5676
HAVELLS,2026-02-24,1370.0,11.1,23500.0,17000.0,83.0,500.0,0.0,1318.0,1335.1,1305.4,3.09,2026-02-03 23:02,6538
HAVELLS,2026-02-24,1380.0,9.35,56000.0,97000.0,69.15,14500.0,6500.0,1318.0,1335.1,1305.4,3.09,2026-02-03 23:02,7428
HAVELLS,2026-02-24,1390.0,7.15,23000.0,27500.0,0.0,0.0,0.0,1318.0,1335.1,1305.4,3.09,2026-02-03 23:02,8319
HAVELLS,2026-02-24,1400.0,5.95,364500.0,815500.0,80.85,98000.0,17500.0,1318.0,1335.1,1305.4,3.09,2026-02-03 23:02,9298
HAVELLS,2026-02-24,1410.0,5.0,5500.0,2000.0,0.0,0.0,0.0,1318.0,1335.1,1305.4,3.09,2026-02-03 23:02,10147
HAVELLS,2026-02-24,1420.0,4.15,126500.0,94500.0,90.0,25000.0,1000.0,1318.0,1335.1,1305.4,3.09,2026-02-03 23:02,11579
HAVELLS,2026-02-24,1430.0,3.5,12000.0,19500.0,123.35,1000.0,0.0,1318.0,1335.1,1305.4,3.09,2026-02-03 23:02,12988
HAVELLS,2026-02-24,1440.0,3.05,55000.0,32000.0,145.0,3500.0,0.0,1318.0,1335.1,1305.4,3.09,2026-02-03 23:02,14575
HAVELLS,2026-02-24,1450.0,2.6,61000.0,63000.0,0.0,0.0,0.0,1318.0,1335.1,1305.4,3.09,2026-02-03 23:02,16194
HAVELLS,2026-02-24,1460.0,2.15,126000.0,31000.0,158.4,9500.0,0.0,1318.0,1335.1,1305.4,3.09,2026-02-03 23:02,17924
HAVELLS,2026-02-24,1470.0,0.0,0.0,0.0,172.95,500.0,0.0,1318.0,1335.1,1305.4,3.09,2026-02-03 23:02,19650
HAVELLS,2026-02-24,1480.0,1.8,18500.0,500.0,50.9,500.0,0.0,1318.0,1335.1,1305.4,3.09,2026-02-03 23:02,21491
HAVELLS,2026-02-24,1500.0,1.3,317000.0,171000.0,164.0,57500.0,2500.0,1318.0,1335.1,1305.4,3.09,2026-02-03 23:02,25230
HAVELLS,2026-02-24,1520.0,0.85,60500.0,5000.0,227.0,7000.0,0.0,1318.0,1335.1,1305.4,3.09,2026-02-03 23:02,28815
HAVELLS,2026-02-24,1540.0,3.85,2000.0,0.0,234.45,1500.0,0.0,1318.0,1335.1,1305.4,3.09,2026-02-03 23:02,33283
HAVELLS,2026-02-24,1550.0,0.9,12000.0,0.0,0.0,0.0,0.0,1318.0,1335.1,1305.4,3.09,2026-02-03 23:02,35563
HAVELLS,2026-02-24,1560.0,0.8,17000.0,0.0,121.0,7500.0,0.0,1318.0,1335.1,1305.4,3.09,2026-02-03 23:02,37891
HAVELLS,2026-02-24,1570.0,5.0,9000.0,0.0,0.0,0.0,0.0,1318.0,1335.1,1305.4,3.09,2026-02-03 23:02,40153
HAVELLS,2026-02-24,1580.0,0.6,4000.0,0.0,269.5,3500.0,0.0,1318.0,1335.1,1305.4,3.09,2026-02-03 23:02,42517
HAVELLS,2026-02-24,1600.0,0.5,45500.0,9000.0,340.0,3500.0,0.0,1318.0,1335.1,1305.4,3.09,2026-02-03 23:02,47158
HAVELLS,2026-02-24,1610.0,1.05,500.0,0.0,0.0,0.0,0.0,1318.0,1335.1,1305.4,3.09,2026-02-03 23:02,49458
HAVELLS,2026-02-24,1620.0,12.75,1500.0,0.0,358.0,1000.0,0.0,1318.0,1335.1,1305.4,3.09,2026-02-03 23:02,51875
HAVELLS,2026-02-24,1640.0,0.3,4000.0,0.0,346.0,3000.0,0.0,1318.0,1335.1,1305.4,3.09,2026-02-03 23:02,56680
HAVELLS,2026-02-24,1660.0,1.15,13500.0,0.0,0.0,0.0,0.0,1318.0,1335.1,1305.4,3.09,2026-02-03 23:02,61429
HAVELLS,2026-02-24,1680.0,0.3,0.0,0.0,392.0,34500.0,0.0,1318.0,1335.1,1305.4,3.09,2026-02-03 23:02,66311
HAVELLS,2026-02-24,1720.0,0.25,16500.0,0.0,0.0,0.0,0.0,1318.0,1335.1,1305.4,3.09,2026-02-03 23:02,74856
HCLTECH,2026-02-24,1360.0,0.0,0.0,0.0,0.5,3150.0,0.0,1695.3,1780.1,1689.1,1.103,2026-02-03 23:02,74059
HCLTECH,2026-02-24,1400.0,296.2,700.0,0.0,0.2,7000.0,3150.0,1695.3,1780.1,1689.1,1.103,2026-02-03 23:02,60650
HCLTECH,2026-02-24,1440.0,0.0,0.0,0.0,0.5,62650.0,2100.0,1695.3,1780.1,1689.1,1.103,2026-02-03 23:02,47292
HCLTECH,2026-02-24,1460.0,0.0,0.0,0.0,1.0,1050.0,0.0,1695.3,1780.1,1689.1,1.103,2026-02-03 23:02,40725
HCLTECH,2026-02-24,1480.0,0.0,0.0,0.0,0.75,251650.0,40950.0,1695.3,1780.1,1689.1,1.103,2026-02-03 23:02,34163
HCLTECH,2026-02-24,1500.0,205.0,1400.0,350.0,1.25,627900.0,186200.0,1695.3,1780.1,1689.1,1.103,2026-02-03 23:02,28086
HCLTECH,2026-02-24,1520.0,179.5,1750.0,0.0,1.75,184100.0,98000.0,1695.3,1780.1,1689.1,1.103,2026-02-03 23:02,23236
HCLTECH,2026-02-24,1540.0,0.0,0.0,0.0,2.6,159600.0,80850.0,1695.3,1780.1,1689.1,1.103,2026-02-03 23:02,18807
HCLTECH,2026-02-24,1560.0,119.15,350.0,0.0,3.8,73500.0,170800.0,1695.3,1780.1,1689.1,1.103,2026-02-03 23:02,14657
HCLTECH,2026-02-24,1580.0,107.8,2100.0,0.0,5.45,68250.0,173250.0,1695.3,1780.1,1689.1,1.103,2026-02-03 23:02,10672
HCLTECH,2026-02-24,1600.0,105.1,47600.0,40250.0,7.8,168700.0,441350.0,1695.3,1780.1,1689.1,1.103,2026-02-03 23:02,6836
HCLTECH,2026-02-24,1620.0,92.9,23100.0,10500.0,10.7,367850.0,313950.0,1695.3,1780.1,1689.1,1.103,2026-02-03 23:02,3817
HCLTECH,2026-02-24,1640.0,71.6,70700.0,24500.0,14.65,183050.0,513100.0,1695.3,1780.1,1689.1,1.103,2026-02-03 23:02,1032
HCLTECH,2026-02-24,1660.0,57.2,98350.0,122850.0,20.0,250950.0,579600.0,1695.3,1780.1,1689.1,1.103,2026-02-03 23:02,-827
HCLTECH,2026-02-24,1680.0,45.0,92400.0,445200.0,27.0,234500.0,605150.0,1695.3,1780.1,1689.1,1.103,2026-02-03 23:02,-2167
HCLTECH,2026-02-24,1700.0,33.65,420700.0,1556800.0,35.85,325850.0,1193850.0,1695.3,1780.1,1689.1,1.103,2026-02-03 23:02,-3130
HCLTECH,2026-02-24,1720.0,24.6,466900.0,1646400.0,46.8,171850.0,444500.0,1695.3,1780.1,1689.1,1.103,2026-02-03 23:02,-2136
HCLTECH,2026-02-24,1740.0,17.5,401450.0,1103200.0,59.7,96250.0,316050.0,1695.3,1780.1,1689.1,1.103,2026-02-03 23:02,232
HCLTECH,2026-02-24,1760.0,12.1,672700.0,1046150.0,72.15,24850.0,93800.0,1695.3,1780.1,1689.1,1.103,2026-02-03 23:02,3379
HCLTECH,2026-02-24,1780.0,8.5,130900.0,474600.0,88.2,8400.0,25550.0,1695.3,1780.1,1689.1,1.103,2026-02-03 23:02,8429
HCLTECH,2026-02-24,1800.0,5.85,766150.0,1742300.0,105.3,34300.0,4900.0,1695.3,1780.1,1689.1,1.103,2026-02-03 23:02,13160
HCLTECH,2026-02-24,1820.0,3.85,114800.0,242900.0,155.25,1400.0,0.0,1695.3,1780.1,1689.1,1.103,2026-02-03 23:02,19541
HCLTECH,2026-02-24,1840.0,2.7,87500.0,463050.0,163.8,5250.0,0.0,1695.3,1780.1,1689.1,1.103,2026-02-03 23:02,26090
HCLTECH,2026-02-24,1860.0,1.85,109900.0,190400.0,130.35,28000.0,0.0,1695.3,1780.1,1689.1,1.103,2026-02-03 23:02,32740
HCLTECH,2026-02-24,1880.0,1.15,877100.0,303100.0,170.9,13650.0,0.0,1695.3,1780.1,1689.1,1.103,2026-02-03 23:02,39384
HCLTECH,2026-02-24,1920.0,0.75,140700.0,110950.0,238.05,1750.0,0.0,1695.3,1780.1,1689.1,1.103,2026-02-03 23:02,56791
HCLTECH,2026-02-24,1960.0,0.9,80850.0,22050.0,0.0,0.0,0.0,1695.3,1780.1,1689.1,1.103,2026-02-03 23:02,74868
HDFCAMC,2026-02-24,1280.0,0.0,0.0,0.0,0.0,0.0,0.0,2671.3,2769.9,2658.7,3.93,2026-02-03 23:02,121794
HDFCAMC,2026-02-24,1320.0,0.0,0.0,0.0,0.0,0.0,0.0,2671.3,2769.9,2658.7,3.93,2026-02-03 23:02,117500
HDFCAMC,2026-02-24,1360.0,0.0,0.0,0.0,0.0,0.0,0.0,2671.3,2769.9,2658.7,3.93,2026-02-03 23:02,113206
HDFCAMC,2026-02-24,1400.0,0.0,0.0,0.0,0.0,0.0,0.0,2671.3,2769.9,2658.7,3.93,2026-02-03 23:02,108913
HDFCAMC,2026-02-24,1440.0,200.35,0.0,0.0,1923.15,0.0,0.0,2671.3,2769.9,2658.7,3.93,2026-02-03 23:02,104619
HDFCAMC,2026-02-24,1480.0,0.0,0.0,0.0,0.0,0.0,0.0,2671.3,2769.9,2658.7,3.93,2026-02-03 23:02,100326
HDFCAMC,2026-02-24,1520.0,0.0,0.0,0.0,0.0,0.0,0.0,2671.3,2769.9,2658.7,3.93,2026-02-03 23:02,96032
HDFCAMC,2026-02-24,1560.0,0.0,0.0,0.0,0.0,0.0,0.0,2671.3,2769.9,2658.7,3.93,2026-02-03 23:02,91738
HDFCAMC,2026-02-24,1600.0,0.0,0.0,0.0,0.0,0.0,0.0,2671.3,2769.9,2658.7,3.93,2026-02-03 23:02,87445
HDFCAMC,2026-02-24,1640.0,0.0,0.0,0.0,0.0,0.0,0.0,2671.3,2769.9,2658.7,3.93,2026-02-03 23:02,83151
HDFCAMC,2026-02-24,1680.0,495.25,0.0,0.0,0.05,0.0,0.0,2671.3,2769.9,2658.7,3.93,2026-02-03 23:02,78858
HDFCAMC,2026-02-24,1720.0,0.0,0.0,0.0,0.0,0.0,0.0,2671.3,2769.9,2658.7,3.93,2026-02-03 23:02,74564
HDFCAMC,2026-02-24,1740.0,0.0,0.0,0.0,0.0,0.0,0.0,2671.3,2769.9,2658.7,3.93,2026-02-03 23:02,72417
HDFCAMC,2026-02-24,1760.0,0.0,0.0,0.0,0.0,0.0,0.0,2671.3,2769.9,2658.7,3.93,2026-02-03 23:02,70270
HDFCAMC,2026-02-24,1780.0,0.0,0.0,0.0,0.0,0.0,0.0,2671.3,2769.9,2658.7,3.93,2026-02-03 23:02,68124
HDFCAMC,2026-02-24,1800.0,0.0,0.0,0.0,0.0,0.0,0.0,2671.3,2769.9,2658.7,3.93,2026-02-03 23:02,65977
HDFCAMC,2026-02-24,1820.0,0.0,0.0,0.0,0.0,0.0,0.0,2671.3,2769.9,2658.7,3.93,2026-02-03 23:02,63830
HDFCAMC,2026-02-24,1840.0,0.0,0.0,0.0,0.0,0.0,0.0,2671.3,2769.9,2658.7,3.93,2026-02-03 23:02,61683
HDFCAMC,2026-02-24,1860.0,0.0,0.0,0.0,0.0,0.0,0.0,2671.3,2769.9,2658.7,3.93,2026-02-03 23:02,59536
HDFCAMC,2026-02-24,1880.0,0.0,0.0,0.0,0.0,0.0,0.0,2671.3,2769.9,2658.7,3.93,2026-02-03 23:02,57390
HDFCAMC,2026-02-24,1900.0,0.0,0.0,0.0,0.0,0.0,0.0,2671.3,2769.9,2658.7,3.93,2026-02-03 23:02,55243
HDFCAMC,2026-02-24,1920.0,0.0,0.0,0.0,0.0,0.0,0.0,2671.3,2769.9,2658.7,3.93,2026-02-03 23:02,53096
HDFCAMC,2026-02-24,1940.0,0.0,0.0,0.0,0.0,0.0,0.0,2671.3,2769.9,2658.7,3.93,2026-02-03 23:02,50949
HDFCAMC,2026-02-24,1960.0,0.0,0.0,0.0,0.0,0.0,0.0,2671.3,2769.9,2658.7,3.93,2026-02-03 23:02,48802
HDFCAMC,2026-02-24,1980.0,0.0,0.0,0.0,0.0,0.0,0.0,2671.3,2769.9,2658.7,3.93,2026-02-03 23:02,46656
HDFCAMC,2026-02-24,2000.0,0.0,0.0,0.0,0.0,0.0,0.0,2671.3,2769.9,2658.7,3.93,2026-02-03 23:02,44509
HDFCAMC,2026-02-24,2020.0,0.0,0.0,0.0,0.0,0.0,0.0,2671.3,2769.9,2658.7,3.93,2026-02-03 23:02,42362
HDFCAMC,2026-02-24,2040.0,676.25,0.0,0.0,2.9,300.0,0.0,2671.3,2769.9,2658.7,3.93,2026-02-03 23:02,40215
HDFCAMC,2026-02-24,2060.0,0.0,0.0,0.0,0.0,0.0,0.0,2671.3,2769.9,2658.7,3.93,2026-02-03 23:02,38069
HDFCAMC,2026-02-24,2080.0,0.0,0.0,0.0,3.0,12600.0,0.0,2671.3,2769.9,2658.7,3.93,2026-02-03 23:02,35923
HDFCAMC,2026-02-24,2100.0,0.0,0.0,0.0,0.0,0.0,0.0,2671.3,2769.9,2658.7,3.93,2026-02-03 23:02,33798
HDFCAMC,2026-02-24,2120.0,0.0,0.0,0.0,3.3,10800.0,0.0,2671.3,2769.9,2658.7,3.93,2026-02-03 23:02,31677
HDFCAMC,2026-02-24,2140.0,0.0,0.0,0.0,0.0,0.0,0.0,2671.3,2769.9,2658.7,3.93,2026-02-03 23:02,29574
HDFCAMC,2026-02-24,2160.0,0.0,0.0,0.0,3.4,11100.0,300.0,2671.3,2769.9,2658.7,3.93,2026-02-03 23:02,27475
HDFCAMC,2026-02-24,2180.0,480.25,0.0,0.0,9.9,0.0,0.0,2671.3,2769.9,2658.7,3.93,2026-02-03 23:02,25394
HDFCAMC,2026-02-24,2200.0,524.7,5700.0,3600.0,2.5,21600.0,44700.0,2671.3,2769.9,2658.7,3.93,2026-02-03 23:02,23316
HDFCAMC,2026-02-24,2220.0,0.0,0.0,0.0,0.0,0.0,0.0,2671.3,2769.9,2658.7,3.93,2026-02-03 23:02,21588
HDFCAMC,2026-02-24,2240.0,0.0,0.0,0.0,6.65,6600.0,600.0,2671.3,2769.9,2658.7,3.93,2026-02-03 23:02,19565
HDFCAMC,2026-02-24,2260.0,0.0,0.0,0.0,0.0,0.0,0.0,2671.3,2769.9,2658.7,3.93,2026-02-03 23:02,17551
HDFCAMC,2026-02-24,2280.0,0.0,0.0,0.0,0.0,0.0,0.0,2671.3,2769.9,2658.7,3.93,2026-02-03 23:02,15542
HDFCAMC,2026-02-24,2300.0,286.7,2400.0,0.0,4.0,40500.0,110700.0,2671.3,2769.9,2658.7,3.93,2026-02-03 23:02,13532
HDFCAMC,2026-02-24,2320.0,163.9,900.0,0.0,4.3,18900.0,26100.0,2671.3,2769.9,2658.7,3.93,2026-02-03 23:02,11661
HDFCAMC,2026-02-24,2340.0,150.4,1500.0,0.0,9.3,13800.0,300.0,2671.3,2769.9,2658.7,3.93,2026-02-03 23:02,9784
HDFCAMC,2026-02-24,2360.0,141.75,900.0,0.0,5.25,12000.0,16500.0,2671.3,2769.9,2658.7,3.93,2026-02-03 23:02,7940
HDFCAMC,2026-02-24,2380.0,127.45,600.0,0.0,13.0,1800.0,0.0,2671.3,2769.9,2658.7,3.93,2026-02-03 23:02,6119
HDFCAMC,2026-02-24,2400.0,270.45,17100.0,7500.0,7.0,122700.0,399300.0,2671.3,2769.9,2658.7,3.93,2026-02-03 23:02,4302
HDFCAMC,2026-02-24,2420.0,147.05,5100.0,0.0,8.05,24900.0,18000.0,2671.3,2769.9,2658.7,3.93,2026-02-03 23:02,3135
HDFCAMC,2026-02-24,2440.0,236.0,13200.0,1200.0,9.0,59700.0,66300.0,2671.3,2769.9,2658.7,3.93,2026-02-03 23:02,1707
HDFCAMC,2026-02-24,2460.0,226.25,15300.0,13200.0,9.95,36000.0,61200.0,2671.3,2769.9,2658.7,3.93,2026-02-03 23:02,627
HDFCAMC,2026-02-24,2480.0,123.3,16200.0,0.0,12.25,46800.0,53400.0,2671.3,2769.9,2658.7,3.93,2026-02-03 23:02,-296
HDFCAMC,2026-02-24,2500.0,183.1,109500.0,102000.0,14.0,153300.0,351300.0,2671.3,2769.9,2658.7,3.93,2026-02-03 23:02,-1263
HDFCAMC,2026-02-24,2520.0,163.45,21900.0,6600.0,16.75,53100.0,67800.0,2671.3,2769.9,2658.7,3.93,2026-02-03 23:02,-56
HDFCAMC,2026-02-24,2540.0,145.0,18600.0,27000.0,19.9,23400.0,58800.0,2671.3,2769.9,2658.7,3.93,2026-02-03 23:02,-220
HDFCAMC,2026-02-24,2560.0,133.05,85500.0,54900.0,23.5,41100.0,106800.0,2671.3,2769.9,2658.7,3.93,2026-02-03 23:02,-346
HDFCAMC,2026-02-24,2580.0,131.7,22500.0,8400.0,27.8,13800.0,60600.0,2671.3,2769.9,2658.7,3.93,2026-02-03 23:02,598
HDFCAMC,2026-02-24,2600.0,99.55,139200.0,320700.0,33.0,125700.0,463800.0,2671.3,2769.9,2658.7,3.93,2026-02-03 23:02,833
HDFCAMC,2026-02-24,2620.0,86.5,18900.0,6000.0,39.45,10200.0,25200.0,2671.3,2769.9,2658.7,3.93,2026-02-03 23:02,2310
HDFCAMC,2026-02-24,2640.0,73.9,33000.0,66900.0,47.8,34200.0,109800.0,2671.3,2769.9,2658.7,3.93,2026-02-03 23:02,2998
HDFCAMC,2026-02-24,2660.0,62.8,10800.0,10200.0,57.05,48300.0,247200.0,2671.3,2769.9,2658.7,3.93,2026-02-03 23:02,3777
HDFCAMC,2026-02-24,2680.0,52.65,74700.0,96000.0,67.0,7500.0,30000.0,2671.3,2769.9,2658.7,3.93,2026-02-03 23:02,4387
HDFCAMC,2026-02-24,2700.0,44.0,171000.0,712200.0,77.0,72300.0,325200.0,2671.3,2769.9,2658.7,3.93,2026-02-03 23:02,5711
HDFCAMC,2026-02-24,2720.0,35.5,16200.0,9600.0,79.0,1800.0,11700.0,2671.3,2769.9,2658.7,3.93,2026-02-03 23:02,7375
HDFCAMC,2026-02-24,2740.0,29.25,45300.0,109800.0,102.8,12900.0,51600.0,2671.3,2769.9,2658.7,3.93,2026-02-03 23:02,8923
HDFCAMC,2026-02-24,2760.0,24.05,42900.0,172800.0,189.3,2700.0,0.0,2671.3,2769.9,2658.7,3.93,2026-02-03 23:02,10543
HDFCAMC,2026-02-24,2780.0,0.0,0.0,0.0,169.95,600.0,0.0,2671.3,2769.9,2658.7,3.93,2026-02-03 23:02,12307
HDFCAMC,2026-02-24,2800.0,16.45,171300.0,575100.0,150.0,26700.0,29100.0,2671.3,2769.9,2658.7,3.93,2026-02-03 23:02,14010
HDFCAMC,2026-02-24,2820.0,13.7,33900.0,50100.0,0.0,0.0,0.0,2671.3,2769.9,2658.7,3.93,2026-02-03 23:02,16000
HDFCAMC,2026-02-24,2840.0,12.25,64200.0,133500.0,0.0,0.0,0.0,2671.3,2769.9,2658.7,3.93,2026-02-03 23:02,18224
HDFCAMC,2026-02-24,2860.0,0.0,0.0,0.0,399.7,600.0,0.0,2671.3,2769.9,2658.7,3.93,2026-02-03 23:02,20607
HDFCAMC,2026-02-24,2880.0,7.0,0.0,300.0,0.0,0.0,0.0,2671.3,2769.9,2658.7,3.93,2026-02-03 23:02,22890
HDFCAMC,2026-02-24,2900.0,7.0,82200.0,196200.0,0.0,0.0,0.0,2671.3,2769.9,2658.7,3.93,2026-02-03 23:02,25196
HDFCAMC,2026-02-24,2920.0,7.55,23100.0,33900.0,0.0,0.0,0.0,2671.3,2769.9,2658.7,3.93,2026-02-03 23:02,27725
HDFCAMC,2026-02-24,2940.0,5.5,10200.0,28500.0,0.0,0.0,0.0,2671.3,2769.9,2658.7,3.93,2026-02-03 23:02,30259
HDFCAMC,2026-02-24,2960.0,0.0,0.0,0.0,271.95,900.0,900.0,2671.3,2769.9,2658.7,3.93,2026-02-03 23:02,32802
HDFCAMC,2026-02-24,2980.0,0.0,0.0,0.0,0.0,0.0,0.0,2671.3,2769.9,2658.7,3.93,2026-02-03 23:02,35317
HDFCAMC,2026-02-24,3000.0,4.15,101100.0,308700.0,525.0,3000.0,0.0,2671.3,2769.9,2658.7,3.93,2026-02-03 23:02,37856
HDFCAMC,2026-02-24,3020.0,5.0,0.0,300.0,0.0,0.0,0.0,2671.3,2769.9,2658.7,3.93,2026-02-03 23:02,40488
HDFCAMC,2026-02-24,3040.0,0.0,0.0,0.0,0.0,0.0,0.0,2671.3,2769.9,2658.7,3.93,2026-02-03 23:02,43235
HDFCAMC,2026-02-24,3060.0,0.0,0.0,0.0,0.0,0.0,0.0,2671.3,2769.9,2658.7,3.93,2026-02-03 23:02,45983
HDFCAMC,2026-02-24,3080.0,0.0,0.0,0.0,634.0,1200.0,0.0,2671.3,2769.9,2658.7,3.93,2026-02-03 23:02,48730
HDFCAMC,2026-02-24,3100.0,0.0,0.0,0.0,0.0,0.0,0.0,2671.3,2769.9,2658.7,3.93,2026-02-03 23:02,51404
HDFCAMC,2026-02-24,3120.0,0.0,0.0,0.0,0.0,0.0,0.0,2671.3,2769.9,2658.7,3.93,2026-02-03 23:02,54153
HDFCAMC,2026-02-24,3140.0,0.0,0.0,0.0,0.0,0.0,0.0,2671.3,2769.9,2658.7,3.93,2026-02-03 23:02,56903
HDFCAMC,2026-02-24,3160.0,0.0,0.0,0.0,0.0,0.0,0.0,2671.3,2769.9,2658.7,3.93,2026-02-03 23:02,59653
HDFCAMC,2026-02-24,3180.0,0.0,0.0,0.0,0.0,0.0,0.0,2671.3,2769.9,2658.7,3.93,2026-02-03 23:02,62403
HDFCAMC,2026-02-24,3200.0,0.0,0.0,0.0,0.0,0.0,0.0,2671.3,2769.9,2658.7,3.93,2026-02-03 23:02,65153
HDFCAMC,2026-02-24,3220.0,0.0,0.0,0.0,0.0,0.0,0.0,2671.3,2769.9,2658.7,3.93,2026-02-03 23:02,67902
HDFCAMC,2026-02-24,3240.0,0.0,0.0,0.0,0.0,0.0,0.0,2671.3,2769.9,2658.7,3.93,2026-02-03 23:02,70652
HDFCAMC,2026-02-24,3260.0,0.0,0.0,0.0,0.0,0.0,0.0,2671.3,2769.9,2658.7,3.93,2026-02-03 23:02,73402
HDFCAMC,2026-02-24,3280.0,0.0,0.0,0.0,0.0,0.0,0.0,2671.3,2769.9,2658.7,3.93,2026-02-03 23:02,76152
HDFCAMC,2026-02-24,3300.0,0.0,0.0,0.0,0.0,0.0,0.0,2671.3,2769.9,2658.7,3.93,2026-02-03 23:02,78902
HDFCAMC,2026-02-24,3320.0,0.0,0.0,0.0,0.0,0.0,0.0,2671.3,2769.9,2658.7,3.93,2026-02-03 23:02,81651
HDFCAMC,2026-02-24,3360.0,0.0,0.0,0.0,0.0,0.0,0.0,2671.3,2769.9,2658.7,3.93,2026-02-03 23:02,87151
HDFCAMC,2026-02-24,3400.0,0.0,0.0,0.0,0.0,0.0,0.0,2671.3,2769.9,2658.7,3.93,2026-02-03 23:02,92651
HDFCAMC,2026-02-24,3440.0,0.0,0.0,0.0,0.0,0.0,0.0,2671.3,2769.9,2658.7,3.93,2026-02-03 23:02,98150
HDFCAMC,2026-02-24,3480.0,0.0,0.0,0.0,0.0,0.0,0.0,2671.3,2769.9,2658.7,3.93,2026-02-03 23:02,103650
HDFCAMC,2026-02-24,3520.0,0.0,0.0,0.0,0.0,0.0,0.0,2671.3,2769.9,2658.7,3.93,2026-02-03 23:02,109149
HDFCAMC,2026-02-24,3560.0,0.0,0.0,0.0,0.0,0.0,0.0,2671.3,2769.9,2658.7,3.93,2026-02-03 23:02,114649
HDFCAMC,2026-02-24,3600.0,0.0,0.0,0.0,0.0,0.0,0.0,2671.3,2769.9,2658.7,3.93,2026-02-03 23:02,120149
HDFCAMC,2026-02-24,3640.0,0.0,0.0,0.0,0.0,0.0,0.0,2671.3,2769.9,2658.7,3.93,2026-02-03 23:02,125648
HDFCAMC,2026-02-24,3680.0,0.0,0.0,0.0,0.0,0.0,0.0,2671.3,2769.9,2658.7,3.93,2026-02-03 23:02,131148
HDFCAMC,2026-02-24,3720.0,444.45,0.0,0.0,0.0,0.0,0.0,2671.3,2769.9,2658.7,3.93,2026-02-03 23:02,136647
HDFCAMC,2026-02-24,3760.0,0.0,0.0,0.0,0.0,0.0,0.0,2671.3,2769.9,2658.7,3.93,2026-02-03 23:02,142147
HDFCBANK,2026-02-24,800.0,153.5,238150.0,5500.0,0.55,924000.0,241450.0,948.7,994.0,945.0,2.22,2026-02-03 23:02,263093
HDFCBANK,2026-02-24,810.0,0.0,0.0,0.0,0.8,920150.0,273350.0,948.7,994.0,945.0,2.22,2026-02-03 23:02,240324
HDFCBANK,2026-02-24,820.0,105.0,1100.0,0.0,0.95,709500.0,139700.0,948.7,994.0,945.0,2.22,2026-02-03 23:02,214797
HDFCBANK,2026-02-24,830.0,0.0,0.0,0.0,1.05,583000.0,140250.0,948.7,994.0,945.0,2.22,2026-02-03 23:02,189998
HDFCBANK,2026-02-24,840.0,92.9,47850.0,0.0,1.2,477400.0,480150.0,948.7,994.0,945.0,2.22,2026-02-03 23:02,165777
HDFCBANK,2026-02-24,850.0,103.9,110550.0,7150.0,1.45,762300.0,534050.0,948.7,994.0,945.0,2.22,2026-02-03 23:02,142530
HDFCBANK,2026-02-24,855.0,82.9,16500.0,0.0,1.5,160600.0,92400.0,948.7,994.0,945.0,2.22,2026-02-03 23:02,132187
HDFCBANK,2026-02-24,860.0,95.2,51700.0,6050.0,1.6,1392600.0,475200.0,948.7,994.0,945.0,2.22,2026-02-03 23:02,121007
HDFCBANK,2026-02-24,865.0,78.0,20900.0,0.0,1.55,83600.0,261250.0,948.7,994.0,945.0,2.22,2026-02-03 23:02,110706
HDFCBANK,2026-02-24,870.0,83.0,83600.0,12100.0,1.8,442200.0,439450.0,948.7,994.0,945.0,2.22,2026-02-03 23:02,100339
HDFCBANK,2026-02-24,875.0,61.4,33000.0,0.0,1.85,269500.0,229900.0,948.7,994.0,945.0,2.22,2026-02-03 23:02,90698
HDFCBANK,2026-02-24,880.0,72.2,180950.0,66550.0,2.05,547250.0,734250.0,948.7,994.0,945.0,2.22,2026-02-03 23:02,80747
HDFCBANK,2026-02-24,885.0,50.3,39050.0,0.0,2.2,259600.0,355850.0,948.7,994.0,945.0,2.22,2026-02-03 23:02,72201
HDFCBANK,2026-02-24,890.0,62.6,228250.0,127600.0,2.45,414150.0,875050.0,948.7,994.0,945.0,2.22,2026-02-03 23:02,62750
HDFCBANK,2026-02-24,895.0,58.05,66550.0,37950.0,2.7,195250.0,619850.0,948.7,994.0,945.0,2.22,2026-02-03 23:02,54809
HDFCBANK,2026-02-24,900.0,53.0,1647800.0,1862300.0,3.0,1916750.0,3510100.0,948.7,994.0,945.0,2.22,2026-02-03 23:02,46004
HDFCBANK,2026-02-24,905.0,48.2,116600.0,46200.0,3.4,262350.0,684200.0,948.7,994.0,945.0,2.22,2026-02-03 23:02,46806
HDFCBANK,2026-02-24,910.0,43.55,311300.0,149600.0,3.95,731500.0,1857350.0,948.7,994.0,945.0,2.22,2026-02-03 23:02,40113
HDFCBANK,2026-02-24,915.0,39.5,304700.0,455400.0,4.5,469700.0,1208900.0,948.7,994.0,945.0,2.22,2026-02-03 23:02,34534
HDFCBANK,2026-02-24,920.0,35.4,1648900.0,2658700.0,5.3,1768250.0,3113550.0,948.7,994.0,945.0,2.22,2026-02-03 23:02,29269
HDFCBANK,2026-02-24,925.0,31.35,771650.0,1202300.0,6.2,983950.0,2591600.0,948.7,994.0,945.0,2.22,2026-02-03 23:02,29619
HDFCBANK,2026-02-24,930.0,27.2,1950850.0,4144250.0,7.35,2088350.0,6558200.0,948.7,994.0,945.0,2.22,2026-02-03 23:02,27757
HDFCBANK,2026-02-24,935.0,23.75,2619650.0,1903550.0,8.65,649000.0,3003550.0,948.7,994.0,945.0,2.22,2026-02-03 23:02,29876
HDFCBANK,2026-02-24,940.0,20.4,2098250.0,6483950.0,10.5,1487750.0,5959250.0,948.7,994.0,945.0,2.22,2026-02-03 23:02,35519
HDFCBANK,2026-02-24,945.0,17.4,1351350.0,2814900.0,12.4,470800.0,2454650.0,948.7,994.0,945.0,2.22,2026-02-03 23:02,40013
HDFCBANK,2026-02-24,950.0,14.9,5746400.0,16438400.0,14.8,2095500.0,9100300.0,948.7,994.0,945.0,2.22,2026-02-03 23:02,44467
HDFCBANK,2026-02-24,955.0,12.7,774400.0,4631000.0,17.45,396550.0,1859550.0,948.7,994.0,945.0,2.22,2026-02-03 23:02,56535
HDFCBANK,2026-02-24,960.0,10.5,2237950.0,9871950.0,20.15,749650.0,2520100.0,948.7,994.0,945.0,2.22,2026-02-03 23:02,64019
HDFCBANK,2026-02-24,965.0,8.8,902000.0,4340050.0,23.45,235400.0,972400.0,948.7,994.0,945.0,2.22,2026-02-03 23:02,73545
HDFCBANK,2026-02-24,970.0,7.3,1309000.0,5558850.0,27.0,347050.0,640200.0,948.7,994.0,945.0,2.22,2026-02-03 23:02,83042
HDFCBANK,2026-02-24,975.0,6.05,542300.0,1899700.0,30.9,100650.0,174350.0,948.7,994.0,945.0,2.22,2026-02-03 23:02,93144
HDFCBANK,2026-02-24,980.0,5.2,1889800.0,4982450.0,35.0,574200.0,266750.0,948.7,994.0,945.0,2.22,2026-02-03 23:02,103566
HDFCBANK,2026-02-24,985.0,4.3,388300.0,1733600.0,39.0,58300.0,108900.0,948.7,994.0,945.0,2.22,2026-02-03 23:02,114176
HDFCBANK,2026-02-24,990.0,3.65,1610950.0,3195500.0,43.2,146300.0,132000.0,948.7,994.0,945.0,2.22,2026-02-03 23:02,125976
HDFCBANK,2026-02-24,995.0,3.15,348150.0,706200.0,47.65,78100.0,105050.0,948.7,994.0,945.0,2.22,2026-02-03 23:02,138671
HDFCBANK,2026-02-24,1000.0,2.7,5982900.0,8389700.0,52.0,2502500.0,321750.0,948.7,994.0,945.0,2.22,2026-02-03 23:02,151360
HDFCBANK,2026-02-24,1005.0,2.3,361350.0,492250.0,88.0,1650.0,0.0,948.7,994.0,945.0,2.22,2026-02-03 23:02,157157
HDFCBANK,2026-02-24,1010.0,1.9,386100.0,1058200.0,61.15,182050.0,85250.0,948.7,994.0,945.0,2.22,2026-02-03 23:02,174602
HDFCBANK,2026-02-24,1015.0,1.7,123750.0,169950.0,82.0,1100.0,0.0,948.7,994.0,945.0,2.22,2026-02-03 23:02,191222
HDFCBANK,2026-02-24,1020.0,1.45,1085150.0,1108800.0,70.1,189200.0,119350.0,948.7,994.0,945.0,2.22,2026-02-03 23:02,208957
HDFCBANK,2026-02-24,1025.0,1.25,159500.0,270600.0,90.4,3300.0,0.0,948.7,994.0,945.0,2.22,2026-02-03 23:02,226148
HDFCBANK,2026-02-24,1030.0,1.05,364650.0,386650.0,106.85,550.0,0.0,948.7,994.0,945.0,2.22,2026-02-03 23:02,244579
HDFCBANK,2026-02-24,1035.0,0.9,260150.0,146300.0,0.0,0.0,0.0,948.7,994.0,945.0,2.22,2026-02-03 23:02,263236
HDFCBANK,2026-02-24,1040.0,0.8,804100.0,817850.0,116.0,6050.0,0.0,948.7,994.0,945.0,2.22,2026-02-03 23:02,282013
HDFCBANK,2026-02-24,1045.0,0.7,543950.0,101200.0,0.0,0.0,0.0,948.7,994.0,945.0,2.22,2026-02-03 23:02,301166
HDFCBANK,2026-02-24,1050.0,0.7,885500.0,795850.0,96.45,340450.0,6600.0,948.7,994.0,945.0,2.22,2026-02-03 23:02,320635
HDFCBANK,2026-02-24,1060.0,0.55,143550.0,166650.0,0.0,0.0,0.0,948.7,994.0,945.0,2.22,2026-02-03 23:02,357501
HDFCBANK,2026-02-24,1070.0,0.5,144650.0,140800.0,0.0,0.0,0.0,948.7,994.0,945.0,2.22,2026-02-03 23:02,397740
HDFCBANK,2026-02-24,1080.0,0.5,110550.0,112200.0,129.0,22550.0,550.0,948.7,994.0,945.0,2.22,2026-02-03 23:02,438124
HDFCBANK,2026-02-24,1090.0,0.45,88000.0,36850.0,0.0,0.0,0.0,948.7,994.0,945.0,2.22,2026-02-03 23:02,478348
HDFCBANK,2026-02-24,1100.0,0.4,559900.0,322850.0,145.0,528550.0,19250.0,948.7,994.0,945.0,2.22,2026-02-03 23:02,518949
HDFCBANK,2026-02-24,1110.0,0.4,47850.0,19800.0,0.0,0.0,0.0,948.7,994.0,945.0,2.22,2026-02-03 23:02,552993
HDFCBANK,2026-02-24,1120.0,0.35,104500.0,54450.0,169.45,6600.0,2200.0,948.7,994.0,945.0,2.22,2026-02-03 23:02,594728
HDFCLIFE,2026-02-24,600.0,0.0,0.0,0.0,0.2,18700.0,39600.0,720.15,735.0,718.15,0.369,2026-02-03 23:02,51551
HDFCLIFE,2026-02-24,620.0,0.0,0.0,0.0,0.5,1100.0,0.0,720.15,735.0,718.15,0.369,2026-02-03 23:02,39803
HDFCLIFE,2026-02-24,640.0,0.0,0.0,0.0,0.6,173800.0,124300.0,720.15,735.0,718.15,0.369,2026-02-03 23:02,28057
HDFCLIFE,2026-02-24,650.0,78.0,1100.0,0.0,0.75,940500.0,185900.0,720.15,735.0,718.15,0.369,2026-02-03 23:02,22348
HDFCLIFE,2026-02-24,660.0,64.0,26400.0,7700.0,1.25,730400.0,86900.0,720.15,735.0,718.15,0.369,2026-02-03 23:02,17528
HDFCLIFE,2026-02-24,670.0,96.15,3300.0,0.0,2.0,180400.0,130900.0,720.15,735.0,718.15,0.369,2026-02-03 23:02,13605
HDFCLIFE,2026-02-24,680.0,45.0,2200.0,0.0,3.25,394900.0,324500.0,720.15,735.0,718.15,0.369,2026-02-03 23:02,9784
HDFCLIFE,2026-02-24,690.0,32.3,8800.0,0.0,4.6,261800.0,170500.0,720.15,735.0,718.15,0.369,2026-02-03 23:02,6246
HDFCLIFE,2026-02-24,700.0,28.7,370700.0,673200.0,6.9,525800.0,689700.0,720.15,735.0,718.15,0.369,2026-02-03 23:02,3004
HDFCLIFE,2026-02-24,710.0,21.7,116600.0,77000.0,9.8,389400.0,442200.0,720.15,735.0,718.15,0.369,2026-02-03 23:02,1453
HDFCLIFE,2026-02-24,720.0,15.4,576400.0,763400.0,14.2,870100.0,806300.0,720.15,735.0,718.15,0.369,2026-02-03 23:02,-422
HDFCLIFE,2026-02-24,730.0,10.9,1006500.0,3041500.0,19.05,525800.0,488400.0,720.15,735.0,718.15,0.369,2026-02-03 23:02,-1070
HDFCLIFE,2026-02-24,740.0,7.3,1720400.0,2647700.0,25.1,185900.0,95700.0,720.15,735.0,718.15,0.369,2026-02-03 23:02,256
HDFCLIFE,2026-02-24,750.0,4.75,1025200.0,2061400.0,32.75,398200.0,145200.0,720.15,735.0,718.15,0.369,2026-02-03 23:02,4184
HDFCLIFE,2026-02-24,760.0,3.0,807400.0,1031800.0,39.1,114400.0,41800.0,720.15,735.0,718.15,0.369,2026-02-03 23:02,7929
HDFCLIFE,2026-02-24,770.0,1.95,463100.0,271700.0,43.65,37400.0,0.0,720.15,735.0,718.15,0.369,2026-02-03 23:02,13207
HDFCLIFE,2026-02-24,780.0,1.3,334400.0,514800.0,60.45,40700.0,0.0,720.15,735.0,718.15,0.369,2026-02-03 23:02,19118
HDFCLIFE,2026-02-24,790.0,0.85,189200.0,141900.0,72.0,3300.0,0.0,720.15,735.0,718.15,0.369,2026-02-03 23:02,25275
HDFCLIFE,2026-02-24,800.0,0.6,2239600.0,1177000.0,76.75,61600.0,7700.0,720.15,735.0,718.15,0.369,2026-02-03 23:02,31818
HDFCLIFE,2026-02-24,810.0,0.45,339900.0,75900.0,74.0,9900.0,0.0,720.15,735.0,718.15,0.369,2026-02-03 23:02,40333
HDFCLIFE,2026-02-24,820.0,0.5,143000.0,25300.0,0.0,0.0,0.0,720.15,735.0,718.15,0.369,2026-02-03 23:02,49478
HDFCLIFE,2026-02-24,830.0,0.45,64900.0,75900.0,0.0,0.0,0.0,720.15,735.0,718.15,0.369,2026-02-03 23:02,58830
HDFCLIFE,2026-02-24,840.0,0.3,63800.0,39600.0,0.0,0.0,0.0,720.15,735.0,718.15,0.369,2026-02-03 23:02,68244
HDFCLIFE,2026-02-24,850.0,0.0,0.0,0.0,125.0,15400.0,0.0,720.15,735.0,718.15,0.369,2026-02-03 23:02,77720
HDFCLIFE,2026-02-24,860.0,0.2,2200.0,0.0,145.5,5500.0,0.0,720.15,735.0,718.15,0.369,2026-02-03 23:02,87017
HDFCLIFE,2026-02-24,880.0,3.7,3300.0,0.0,150.0,7700.0,0.0,720.15,735.0,718.15,0.369,2026-02-03 23:02,105932
HEROMOTOCO,2026-02-24,4500.0,0.0,0.0,0.0,0.9,135300.0,6450.0,5763.0,5791.0,5676.5,2.49,2026-02-03 23:02,67843
HEROMOTOCO,2026-02-24,4600.0,757.5,300.0,0.0,2.0,100200.0,3450.0,5763.0,5791.0,5676.5,2.49,2026-02-03 23:02,57003
HEROMOTOCO,2026-02-24,4700.0,761.35,4350.0,0.0,4.0,29400.0,8850.0,5763.0,5791.0,5676.5,2.49,2026-02-03 23:02,47182
HEROMOTOCO,2026-02-24,4800.0,765.1,900.0,0.0,5.7,49800.0,34950.0,5763.0,5791.0,5676.5,2.49,2026-02-03 23:02,38015
HEROMOTOCO,2026-02-24,4850.0,0.0,0.0,0.0,10.2,450.0,0.0,5763.0,5791.0,5676.5,2.49,2026-02-03 23:02,33566
HEROMOTOCO,2026-02-24,4900.0,600.0,3600.0,0.0,7.2,33000.0,45900.0,5763.0,5791.0,5676.5,2.49,2026-02-03 23:02,29078
HEROMOTOCO,2026-02-24,4950.0,415.1,750.0,0.0,17.95,4650.0,0.0,5763.0,5791.0,5676.5,2.49,2026-02-03 23:02,24966
HEROMOTOCO,2026-02-24,5000.0,546.55,6150.0,0.0,10.3,60000.0,97350.0,5763.0,5791.0,5676.5,2.49,2026-02-03 23:02,20712
HEROMOTOCO,2026-02-24,5050.0,399.4,750.0,0.0,12.05,16650.0,16500.0,5763.0,5791.0,5676.5,2.49,2026-02-03 23:02,17040
HEROMOTOCO,2026-02-24,5100.0,547.75,2250.0,150.0,15.0,37200.0,35850.0,5763.0,5791.0,5676.5,2.49,2026-02-03 23:02,13190
HEROMOTOCO,2026-02-24,5150.0,456.9,2100.0,0.0,18.3,7650.0,7800.0,5763.0,5791.0,5676.5,2.49,2026-02-03 23:02,9595
HEROMOTOCO,2026-02-24,5200.0,374.4,9750.0,0.0,20.6,39000.0,58200.0,5763.0,5791.0,5676.5,2.49,2026-02-03 23:02,6064
HEROMOTOCO,2026-02-24,5250.0,290.75,3450.0,0.0,25.45,25650.0,25500.0,5763.0,5791.0,5676.5,2.49,2026-02-03 23:02,2979
HEROMOTOCO,2026-02-24,5300.0,439.55,9150.0,1800.0,30.3,60750.0,76350.0,5763.0,5791.0,5676.5,2.49,2026-02-03 23:02,-209
HEROMOTOCO,2026-02-24,5350.0,315.85,12450.0,0.0,35.5,43050.0,22350.0,5763.0,5791.0,5676.5,2.49,2026-02-03 23:02,-2866
HEROMOTOCO,2026-02-24,5400.0,398.6,42900.0,6000.0,43.5,72750.0,101550.0,5763.0,5791.0,5676.5,2.49,2026-02-03 23:02,-5223
HEROMOTOCO,2026-02-24,5450.0,358.0,19050.0,5250.0,53.0,29850.0,83400.0,5763.0,5791.0,5676.5,2.49,2026-02-03 23:02,-5848
HEROMOTOCO,2026-02-24,5500.0,316.0,78600.0,78900.0,63.05,107850.0,179550.0,5763.0,5791.0,5676.5,2.49,2026-02-03 23:02,-7099
HEROMOTOCO,2026-02-24,5550.0,281.25,51750.0,34200.0,76.6,40050.0,69300.0,5763.0,5791.0,5676.5,2.49,2026-02-03 23:02,-6138
HEROMOTOCO,2026-02-24,5600.0,249.4,103650.0,155100.0,92.0,69900.0,207300.0,5763.0,5791.0,5676.5,2.49,2026-02-03 23:02,-5372
HEROMOTOCO,2026-02-24,5650.0,217.9,31500.0,75450.0,112.55,32550.0,151200.0,5763.0,5791.0,5676.5,2.49,2026-02-03 23:02,-2946
HEROMOTOCO,2026-02-24,5700.0,187.0,98250.0,513600.0,133.95,96150.0,265200.0,5763.0,5791.0,5676.5,2.49,2026-02-03 23:02,-1821
HEROMOTOCO,2026-02-24,5750.0,162.95,154200.0,1279350.0,156.65,43200.0,131100.0,5763.0,5791.0,5676.5,2.49,2026-02-03 23:02,504
HEROMOTOCO,2026-02-24,5800.0,139.0,110100.0,904800.0,181.7,27900.0,54900.0,5763.0,5791.0,5676.5,2.49,2026-02-03 23:02,5104
HEROMOTOCO,2026-02-24,5850.0,119.15,23550.0,129450.0,348.25,300.0,0.0,5763.0,5791.0,5676.5,2.49,2026-02-03 23:02,9581
HEROMOTOCO,2026-02-24,5900.0,100.85,73050.0,405300.0,243.05,18300.0,18300.0,5763.0,5791.0,5676.5,2.49,2026-02-03 23:02,13424
HEROMOTOCO,2026-02-24,5950.0,85.45,23850.0,36900.0,392.35,900.0,0.0,5763.0,5791.0,5676.5,2.49,2026-02-03 23:02,17746
HEROMOTOCO,2026-02-24,6000.0,71.3,115050.0,496050.0,308.4,22050.0,2550.0,5763.0,5791.0,5676.5,2.49,2026-02-03 23:02,22068
HEROMOTOCO,2026-02-24,6050.0,60.0,16200.0,21750.0,0.0,0.0,0.0,5763.0,5791.0,5676.5,2.49,2026-02-03 23:02,27047
HEROMOTOCO,2026-02-24,6100.0,49.6,48750.0,109350.0,763.35,1350.0,0.0,5763.0,5791.0,5676.5,2.49,2026-02-03 23:02,32064
HEROMOTOCO,2026-02-24,6150.0,41.3,6750.0,10800.0,0.0,0.0,0.0,5763.0,5791.0,5676.5,2.49,2026-02-03 23:02,37374
HEROMOTOCO,2026-02-24,6200.0,34.5,85950.0,188400.0,700.0,11250.0,0.0,5763.0,5791.0,5676.5,2.49,2026-02-03 23:02,42606
HEROMOTOCO,2026-02-24,6250.0,30.45,11850.0,8400.0,0.0,0.0,0.0,5763.0,5791.0,5676.5,2.49,2026-02-03 23:02,47805
HEROMOTOCO,2026-02-24,6300.0,23.75,37350.0,100200.0,900.0,750.0,0.0,5763.0,5791.0,5676.5,2.49,2026-02-03 23:02,53591
HEROMOTOCO,2026-02-24,6400.0,16.3,184800.0,328500.0,0.0,0.0,0.0,5763.0,5791.0,5676.5,2.49,2026-02-03 23:02,65492
HEROMOTOCO,2026-02-24,6450.0,13.55,9900.0,11850.0,0.0,0.0,0.0,5763.0,5791.0,5676.5,2.49,2026-02-03 23:02,72657
HEROMOTOCO,2026-02-24,6500.0,11.0,159750.0,191250.0,0.0,0.0,0.0,5763.0,5791.0,5676.5,2.49,2026-02-03 23:02,79584
HEROMOTOCO,2026-02-24,6550.0,11.55,21450.0,12300.0,0.0,0.0,0.0,5763.0,5791.0,5676.5,2.49,2026-02-03 23:02,87472
HEROMOTOCO,2026-02-24,6700.0,3.5,300.0,0.0,0.0,0.0,0.0,5763.0,5791.0,5676.5,2.49,2026-02-03 23:02,110955
HEROMOTOCO,2026-02-24,6800.0,4.5,13800.0,10650.0,0.0,0.0,0.0,5763.0,5791.0,5676.5,2.49,2026-02-03 23:02,126597
HEROMOTOCO,2026-02-24,6900.0,0.0,0.0,0.0,1500.0,300.0,0.0,5763.0,5791.0,5676.5,2.49,2026-02-03 23:02,142384
HINDALCO,2026-02-24,680.0,0.0,0.0,0.0,0.85,58100.0,60200.0,955.3,972.55,945.2,2.665,2026-02-03 23:02,171857
HINDALCO,2026-02-24,760.0,200.0,2800.0,0.0,1.45,259000.0,78400.0,955.3,972.55,945.2,2.665,2026-02-03 23:02,102927
HINDALCO,2026-02-24,770.0,0.0,0.0,0.0,1.75,4900.0,6300.0,955.3,972.55,945.2,2.665,2026-02-03 23:02,94592
HINDALCO,2026-02-24,780.0,131.65,13300.0,0.0,1.85,225400.0,141400.0,955.3,972.55,945.2,2.665,2026-02-03 23:02,86242
HINDALCO,2026-02-24,790.0,0.0,0.0,0.0,2.4,45500.0,46900.0,955.3,972.55,945.2,2.665,2026-02-03 23:02,78265
HINDALCO,2026-02-24,800.0,159.7,72800.0,2100.0,2.5,742700.0,541100.0,955.3,972.55,945.2,2.665,2026-02-03 23:02,70190
HINDALCO,2026-02-24,810.0,140.0,700.0,0.0,2.85,107100.0,124600.0,955.3,972.55,945.2,2.665,2026-02-03 23:02,63918
HINDALCO,2026-02-24,820.0,153.8,14700.0,6300.0,3.55,114800.0,520100.0,955.3,972.55,945.2,2.665,2026-02-03 23:02,56755
HINDALCO,2026-02-24,830.0,74.7,1400.0,0.0,4.1,79800.0,300300.0,955.3,972.55,945.2,2.665,2026-02-03 23:02,49929
HINDALCO,2026-02-24,840.0,101.15,21000.0,0.0,4.75,168000.0,173600.0,955.3,972.55,945.2,2.665,2026-02-03 23:02,42976
HINDALCO,2026-02-24,850.0,113.0,73500.0,700.0,5.75,325500.0,603400.0,955.3,972.55,945.2,2.665,2026-02-03 23:02,36367
HINDALCO,2026-02-24,860.0,106.65,24500.0,9800.0,6.65,338800.0,268800.0,955.3,972.55,945.2,2.665,2026-02-03 23:02,30667
HINDALCO,2026-02-24,870.0,76.15,18200.0,0.0,8.1,238700.0,315700.0,955.3,972.55,945.2,2.665,2026-02-03 23:02,24724
HINDALCO,2026-02-24,880.0,86.55,121100.0,38500.0,9.5,357000.0,665000.0,955.3,972.55,945.2,2.665,2026-02-03 23:02,18947
HINDALCO,2026-02-24,890.0,79.4,45500.0,60200.0,11.45,154700.0,256200.0,955.3,972.55,945.2,2.665,2026-02-03 23:02,14411
HINDALCO,2026-02-24,900.0,73.1,330400.0,403900.0,13.6,889700.0,2671200.0,955.3,972.55,945.2,2.665,2026-02-03 23:02,9551
HINDALCO,2026-02-24,910.0,63.95,193200.0,371000.0,16.0,303800.0,611100.0,955.3,972.55,945.2,2.665,2026-02-03 23:02,6932
HINDALCO,2026-02-24,920.0,57.45,348600.0,412300.0,18.9,467600.0,1300600.0,955.3,972.55,945.2,2.665,2026-02-03 23:02,4355
HINDALCO,2026-02-24,930.0,49.9,462000.0,749000.0,22.65,333900.0,881300.0,955.3,972.55,945.2,2.665,2026-02-03 23:02,2963
HINDALCO,2026-02-24,940.0,44.9,313600.0,602700.0,26.4,410900.0,1041600.0,955.3,972.55,945.2,2.665,2026-02-03 23:02,2797
HINDALCO,2026-02-24,950.0,39.5,418600.0,2242800.0,30.4,509600.0,1914500.0,955.3,972.55,945.2,2.665,2026-02-03 23:02,2130
HINDALCO,2026-02-24,960.0,34.55,503300.0,2998100.0,35.15,526400.0,1542800.0,955.3,972.55,945.2,2.665,2026-02-03 23:02,2172
HINDALCO,2026-02-24,970.0,29.55,679700.0,3023300.0,41.0,195300.0,612500.0,955.3,972.55,945.2,2.665,2026-02-03 23:02,3028
HINDALCO,2026-02-24,980.0,25.75,383600.0,1995700.0,46.9,221200.0,449400.0,955.3,972.55,945.2,2.665,2026-02-03 23:02,6078
HINDALCO,2026-02-24,990.0,21.75,229600.0,922600.0,53.3,182000.0,212800.0,955.3,972.55,945.2,2.665,2026-02-03 23:02,8475
HINDALCO,2026-02-24,1000.0,18.65,1521800.0,4504500.0,59.85,374500.0,336000.0,955.3,972.55,945.2,2.665,2026-02-03 23:02,10864
HINDALCO,2026-02-24,1010.0,16.35,235200.0,505400.0,67.95,106400.0,11200.0,955.3,972.55,945.2,2.665,2026-02-03 23:02,16215
HINDALCO,2026-02-24,1020.0,13.55,544600.0,886900.0,75.25,458500.0,28000.0,955.3,972.55,945.2,2.665,2026-02-03 23:02,20974
HINDALCO,2026-02-24,1030.0,11.55,448000.0,805000.0,79.75,120400.0,41300.0,955.3,972.55,945.2,2.665,2026-02-03 23:02,24361
HINDALCO,2026-02-24,1040.0,9.85,377300.0,592200.0,91.1,165200.0,185500.0,955.3,972.55,945.2,2.665,2026-02-03 23:02,30587
HINDALCO,2026-02-24,1050.0,8.4,802900.0,1299900.0,91.65,98700.0,9800.0,955.3,972.55,945.2,2.665,2026-02-03 23:02,36664
HINDALCO,2026-02-24,1060.0,7.3,256200.0,432600.0,106.2,30100.0,2100.0,955.3,972.55,945.2,2.665,2026-02-03 23:02,44546
HINDALCO,2026-02-24,1070.0,6.05,63000.0,186200.0,151.9,2100.0,0.0,955.3,972.55,945.2,2.665,2026-02-03 23:02,52812
HINDALCO,2026-02-24,1080.0,5.15,452200.0,478100.0,120.15,28700.0,1400.0,955.3,972.55,945.2,2.665,2026-02-03 23:02,61282
HINDALCO,2026-02-24,1090.0,4.25,68600.0,158200.0,80.85,6300.0,0.0,955.3,972.55,945.2,2.665,2026-02-03 23:02,70115
HINDALCO,2026-02-24,1100.0,3.8,441000.0,905100.0,143.7,22400.0,1400.0,955.3,972.55,945.2,2.665,2026-02-03 23:02,79112
HINDALCO,2026-02-24,1110.0,3.15,54600.0,70700.0,0.0,0.0,0.0,955.3,972.55,945.2,2.665,2026-02-03 23:02,88441
HINDALCO,2026-02-24,1120.0,2.65,354200.0,381500.0,0.0,0.0,0.0,955.3,972.55,945.2,2.665,2026-02-03 23:02,97996
HINDALCO,2026-02-24,1140.0,1.95,271600.0,242200.0,0.0,0.0,0.0,955.3,972.55,945.2,2.665,2026-02-03 23:02,117873
HINDPETRO,2026-02-24,345.0,0.0,0.0,0.0,0.0,0.0,0.0,450.7,475.75,444.1,-0.563,2026-02-03 23:02,58878
HINDPETRO,2026-02-24,350.0,0.0,0.0,0.0,0.0,0.0,0.0,450.7,475.75,444.1,-0.563,2026-02-03 23:02,54267
HINDPETRO,2026-02-24,355.0,0.0,0.0,0.0,0.0,0.0,0.0,450.7,475.75,444.1,-0.563,2026-02-03 23:02,49656
HINDPETRO,2026-02-24,360.0,85.95,8100.0,0.0,0.6,429300.0,196425.0,450.7,475.75,444.1,-0.563,2026-02-03 23:02,45045
HINDPETRO,2026-02-24,365.0,0.0,0.0,0.0,0.0,0.0,0.0,450.7,475.75,444.1,-0.563,2026-02-03 23:02,40697
HINDPETRO,2026-02-24,370.0,52.0,2025.0,0.0,0.7,159975.0,50625.0,450.7,475.75,444.1,-0.563,2026-02-03 23:02,36305
HINDPETRO,2026-02-24,375.0,0.0,0.0,0.0,1.8,4050.0,0.0,450.7,475.75,444.1,-0.563,2026-02-03 23:02,31993
HINDPETRO,2026-02-24,380.0,0.0,0.0,0.0,0.95,465750.0,149850.0,450.7,475.75,444.1,-0.563,2026-02-03 23:02,27683
HINDPETRO,2026-02-24,385.0,0.0,0.0,0.0,1.05,85050.0,42525.0,450.7,475.75,444.1,-0.563,2026-02-03 23:02,23562
HINDPETRO,2026-02-24,390.0,56.85,32400.0,0.0,1.25,259200.0,123525.0,450.7,475.75,444.1,-0.563,2026-02-03 23:02,19520
HINDPETRO,2026-02-24,395.0,42.85,34425.0,0.0,1.55,81000.0,105300.0,450.7,475.75,444.1,-0.563,2026-02-03 23:02,15783
HINDPETRO,2026-02-24,400.0,53.5,111375.0,34425.0,1.9,937575.0,1087425.0,450.7,475.75,444.1,-0.563,2026-02-03 23:02,12088
HINDPETRO,2026-02-24,405.0,33.5,58725.0,0.0,2.25,121500.0,210600.0,450.7,475.75,444.1,-0.563,2026-02-03 23:02,9200
HINDPETRO,2026-02-24,410.0,44.5,220725.0,42525.0,2.75,643950.0,532575.0,450.7,475.75,444.1,-0.563,2026-02-03 23:02,6154
HINDPETRO,2026-02-24,415.0,40.0,206550.0,20250.0,3.25,305775.0,378675.0,450.7,475.75,444.1,-0.563,2026-02-03 23:02,4175
HINDPETRO,2026-02-24,420.0,36.0,394875.0,119475.0,3.9,842400.0,1123875.0,450.7,475.75,444.1,-0.563,2026-02-03 23:02,2375
HINDPETRO,2026-02-24,425.0,33.15,153900.0,129600.0,4.8,255150.0,309825.0,450.7,475.75,444.1,-0.563,2026-02-03 23:02,1560
HINDPETRO,2026-02-24,430.0,27.85,562950.0,374625.0,5.75,929475.0,1611900.0,450.7,475.75,444.1,-0.563,2026-02-03 23:02,243
HINDPETRO,2026-02-24,435.0,25.45,342225.0,91125.0,6.9,313875.0,737100.0,450.7,475.75,444.1,-0.563,2026-02-03 23:02,319
HINDPETRO,2026-02-24,440.0,20.7,801900.0,1172475.0,8.45,710775.0,2371275.0,450.7,475.75,444.1,-0.563,2026-02-03 23:02,343
HINDPETRO,2026-02-24,445.0,17.7,307800.0,670275.0,10.35,174150.0,866700.0,450.7,475.75,444.1,-0.563,2026-02-03 23:02,1529
HINDPETRO,2026-02-24,450.0,14.75,1364850.0,4550175.0,12.5,1188675.0,2847150.0,450.7,475.75,444.1,-0.563,2026-02-03 23:02,2261
HINDPETRO,2026-02-24,455.0,12.25,372600.0,1255500.0,14.7,164025.0,694575.0,450.7,475.75,444.1,-0.563,2026-02-03 23:02,4433
HINDPETRO,2026-02-24,460.0,10.0,980100.0,4347675.0,17.75,281475.0,710775.0,450.7,475.75,444.1,-0.563,2026-02-03 23:02,6561
HINDPETRO,2026-02-24,465.0,8.15,313875.0,814050.0,20.7,44550.0,226800.0,450.7,475.75,444.1,-0.563,2026-02-03 23:02,9585
HINDPETRO,2026-02-24,470.0,6.75,866700.0,3146850.0,24.25,204525.0,267300.0,450.7,475.75,444.1,-0.563,2026-02-03 23:02,12471
HINDPETRO,2026-02-24,475.0,5.45,236925.0,1150200.0,27.1,36450.0,105300.0,450.7,475.75,444.1,-0.563,2026-02-03 23:02,15818
HINDPETRO,2026-02-24,480.0,4.45,1225125.0,4230225.0,32.0,240975.0,115425.0,450.7,475.75,444.1,-0.563,2026-02-03 23:02,19244
HINDPETRO,2026-02-24,485.0,3.6,200475.0,463725.0,34.15,12150.0,10125.0,450.7,475.75,444.1,-0.563,2026-02-03 23:02,23146
HINDPETRO,2026-02-24,490.0,2.9,516375.0,1022625.0,40.0,76950.0,14175.0,450.7,475.75,444.1,-0.563,2026-02-03 23:02,27410
HINDPETRO,2026-02-24,495.0,2.45,145800.0,188325.0,0.0,0.0,0.0,450.7,475.75,444.1,-0.563,2026-02-03 23:02,31783
HINDPETRO,2026-02-24,500.0,2.05,1314225.0,3201525.0,51.7,212625.0,36450.0,450.7,475.75,444.1,-0.563,2026-02-03 23:02,36423
HINDPETRO,2026-02-24,505.0,0.0,0.0,0.0,0.0,0.0,0.0,450.7,475.75,444.1,-0.563,2026-02-03 23:02,40960
HINDPETRO,2026-02-24,510.0,1.45,125550.0,230850.0,75.75,16200.0,0.0,450.7,475.75,444.1,-0.563,2026-02-03 23:02,46328
HINDPETRO,2026-02-24,515.0,0.0,0.0,0.0,0.0,0.0,0.0,450.7,475.75,444.1,-0.563,2026-02-03 23:02,51661
HINDPETRO,2026-02-24,520.0,1.05,396900.0,330075.0,0.0,0.0,0.0,450.7,475.75,444.1,-0.563,2026-02-03 23:02,57099
HINDPETRO,2026-02-24,530.0,0.65,113400.0,66825.0,110.0,4050.0,0.0,450.7,475.75,444.1,-0.563,2026-02-03 23:02,68414
HINDPETRO,2026-02-24,540.0,0.55,257175.0,198450.0,85.5,20250.0,0.0,450.7,475.75,444.1,-0.563,2026-02-03 23:02,79768
HINDPETRO,2026-02-24,545.0,0.3,2025.0,4050.0,0.0,0.0,0.0,450.7,475.75,444.1,-0.563,2026-02-03 23:02,85443
HINDPETRO,2026-02-24,550.0,0.5,141750.0,85050.0,0.0,0.0,0.0,450.7,475.75,444.1,-0.563,2026-02-03 23:02,91278
HINDUNILVR,2026-02-24,2000.0,0.0,0.0,0.0,0.45,96600.0,239100.0,2368.6,2399.9,2343.3,0.479,2026-02-03 23:02,68523
HINDUNILVR,2026-02-24,2040.0,0.0,0.0,0.0,0.85,127800.0,5700.0,2368.6,2399.9,2343.3,0.479,2026-02-03 23:02,57083
HINDUNILVR,2026-02-24,2080.0,0.0,0.0,0.0,1.35,287100.0,20400.0,2368.6,2399.9,2343.3,0.479,2026-02-03 23:02,46149
HINDUNILVR,2026-02-24,2100.0,0.0,0.0,0.0,2.1,135300.0,45900.0,2368.6,2399.9,2343.3,0.479,2026-02-03 23:02,41223
HINDUNILVR,2026-02-24,2120.0,0.0,0.0,0.0,2.9,87000.0,32700.0,2368.6,2399.9,2343.3,0.479,2026-02-03 23:02,36577
HINDUNILVR,2026-02-24,2140.0,0.0,0.0,0.0,3.45,45300.0,45300.0,2368.6,2399.9,2343.3,0.479,2026-02-03 23:02,32109
HINDUNILVR,2026-02-24,2160.0,0.0,0.0,0.0,4.5,75600.0,67500.0,2368.6,2399.9,2343.3,0.479,2026-02-03 23:02,27741
HINDUNILVR,2026-02-24,2180.0,0.0,0.0,0.0,6.1,51300.0,35700.0,2368.6,2399.9,2343.3,0.479,2026-02-03 23:02,23506
HINDUNILVR,2026-02-24,2200.0,188.0,14400.0,6000.0,7.75,194100.0,187500.0,2368.6,2399.9,2343.3,0.479,2026-02-03 23:02,19376
HINDUNILVR,2026-02-24,2220.0,0.0,0.0,0.0,9.7,89700.0,75600.0,2368.6,2399.9,2343.3,0.479,2026-02-03 23:02,15814
HINDUNILVR,2026-02-24,2240.0,157.7,2700.0,0.0,12.75,88800.0,86400.0,2368.6,2399.9,2343.3,0.479,2026-02-03 23:02,12225
HINDUNILVR,2026-02-24,2260.0,129.95,3000.0,7500.0,15.7,78300.0,63000.0,2368.6,2399.9,2343.3,0.479,2026-02-03 23:02,8835
HINDUNILVR,2026-02-24,2280.0,115.35,27900.0,77100.0,19.75,53700.0,66000.0,2368.6,2399.9,2343.3,0.479,2026-02-03 23:02,5595
HINDUNILVR,2026-02-24,2300.0,100.5,54300.0,49200.0,25.0,264000.0,383400.0,2368.6,2399.9,2343.3,0.479,2026-02-03 23:02,2817
HINDUNILVR,2026-02-24,2320.0,84.95,23700.0,20400.0,31.35,47400.0,114300.0,2368.6,2399.9,2343.3,0.479,2026-02-03 23:02,346
HINDUNILVR,2026-02-24,2340.0,73.35,100500.0,228300.0,38.2,506400.0,264900.0,2368.6,2399.9,2343.3,0.479,2026-02-03 23:02,-1815
HINDUNILVR,2026-02-24,2360.0,61.7,116400.0,525300.0,46.0,138300.0,339900.0,2368.6,2399.9,2343.3,0.479,2026-02-03 23:02,-4013
HINDUNILVR,2026-02-24,2380.0,52.05,160200.0,425100.0,55.65,101700.0,93900.0,2368.6,2399.9,2343.3,0.479,2026-02-03 23:02,-4422
HINDUNILVR,2026-02-24,2400.0,42.6,407400.0,1056600.0,66.1,154200.0,175500.0,2368.6,2399.9,2343.3,0.479,2026-02-03 23:02,-4122
HINDUNILVR,2026-02-24,2420.0,34.95,137100.0,215400.0,77.5,77400.0,31500.0,2368.6,2399.9,2343.3,0.479,2026-02-03 23:02,-2250
HINDUNILVR,2026-02-24,2440.0,28.25,163500.0,256500.0,92.4,89700.0,25500.0,2368.6,2399.9,2343.3,0.479,2026-02-03 23:02,-786
HINDUNILVR,2026-02-24,2460.0,22.25,360000.0,176700.0,102.6,7500.0,5700.0,2368.6,2399.9,2343.3,0.479,2026-02-03 23:02,937
HINDUNILVR,2026-02-24,2480.0,17.65,133500.0,125100.0,150.1,3300.0,0.0,2368.6,2399.9,2343.3,0.479,2026-02-03 23:02,4487
HINDUNILVR,2026-02-24,2500.0,14.5,481500.0,706500.0,138.6,109200.0,40500.0,2368.6,2399.9,2343.3,0.479,2026-02-03 23:02,7773
HINDUNILVR,2026-02-24,2520.0,11.25,104100.0,53400.0,185.25,2400.0,0.0,2368.6,2399.9,2343.3,0.479,2026-02-03 23:02,11238
HINDUNILVR,2026-02-24,2540.0,9.0,91500.0,86700.0,163.95,300.0,0.0,2368.6,2399.9,2343.3,0.479,2026-02-03 23:02,15805
HINDUNILVR,2026-02-24,2560.0,7.15,72600.0,63900.0,175.05,2400.0,0.0,2368.6,2399.9,2343.3,0.479,2026-02-03 23:02,20560
HINDUNILVR,2026-02-24,2580.0,5.9,65400.0,42600.0,180.2,300.0,0.0,2368.6,2399.9,2343.3,0.479,2026-02-03 23:02,25398
HINDUNILVR,2026-02-24,2600.0,4.65,175200.0,175800.0,218.0,31500.0,4500.0,2368.6,2399.9,2343.3,0.479,2026-02-03 23:02,30390
HINDUNILVR,2026-02-24,2620.0,3.6,45600.0,29700.0,196.2,1200.0,0.0,2368.6,2399.9,2343.3,0.479,2026-02-03 23:02,35157
HINDUNILVR,2026-02-24,2640.0,3.2,90000.0,79800.0,235.7,300.0,0.0,2368.6,2399.9,2343.3,0.479,2026-02-03 23:02,40616
HINDUNILVR,2026-02-24,2660.0,2.6,76500.0,3300.0,273.15,300.0,0.0,2368.6,2399.9,2343.3,0.479,2026-02-03 23:02,46284
HINDUNILVR,2026-02-24,2680.0,2.3,48900.0,5700.0,248.25,1200.0,0.0,2368.6,2399.9,2343.3,0.479,2026-02-03 23:02,52096
HINDUNILVR,2026-02-24,2720.0,1.75,144900.0,9600.0,306.0,1500.0,0.0,2368.6,2399.9,2343.3,0.479,2026-02-03 23:02,63878
HINDUNILVR,2026-02-24,2760.0,1.25,45000.0,300.0,338.0,300.0,0.0,2368.6,2399.9,2343.3,0.479,2026-02-03 23:02,76244
HINDUNILVR,2026-02-24,2800.0,1.45,152100.0,259500.0,396.95,3900.0,0.0,2368.6,2399.9,2343.3,0.479,2026-02-03 23:02,88807
HINDZINC,2026-02-24,420.0,0.0,0.0,0.0,0.8,645575.0,352800.0,628.25,639.4,602.0,2.975,2026-02-03 23:02,552043
HINDZINC,2026-02-24,440.0,0.0,0.0,0.0,0.95,445900.0,284200.0,628.25,639.4,602.0,2.975,2026-02-03 23:02,484471
HINDZINC,2026-02-24,460.0,0.0,0.0,0.0,1.35,387100.0,496125.0,628.25,639.4,602.0,2.975,2026-02-03 23:02,417801
HINDZINC,2026-02-24,470.0,0.0,0.0,0.0,1.65,245000.0,181300.0,628.25,639.4,602.0,2.975,2026-02-03 23:02,384822
HINDZINC,2026-02-24,480.0,0.0,0.0,0.0,1.9,442225.0,1531250.0,628.25,639.4,602.0,2.975,2026-02-03 23:02,352100
HINDZINC,2026-02-24,485.0,0.0,0.0,0.0,2.2,139650.0,189875.0,628.25,639.4,602.0,2.975,2026-02-03 23:02,335896
HINDZINC,2026-02-24,490.0,0.0,0.0,0.0,2.4,224175.0,563500.0,628.25,639.4,602.0,2.975,2026-02-03 23:02,319815
HINDZINC,2026-02-24,495.0,0.0,0.0,0.0,2.65,14700.0,9800.0,628.25,639.4,602.0,2.975,2026-02-03 23:02,303824
HINDZINC,2026-02-24,500.0,135.0,101675.0,25725.0,2.75,2443875.0,2622725.0,628.25,639.4,602.0,2.975,2026-02-03 23:02,287889
HINDZINC,2026-02-24,505.0,101.35,3675.0,0.0,2.95,52675.0,85750.0,628.25,639.4,602.0,2.975,2026-02-03 23:02,273932
HINDZINC,2026-02-24,510.0,96.95,12250.0,0.0,3.3,209475.0,527975.0,628.25,639.4,602.0,2.975,2026-02-03 23:02,259324
HINDZINC,2026-02-24,515.0,0.0,0.0,0.0,3.45,90650.0,80850.0,628.25,639.4,602.0,2.975,2026-02-03 23:02,244855
HINDZINC,2026-02-24,520.0,115.2,9800.0,4900.0,3.9,452025.0,824425.0,628.25,639.4,602.0,2.975,2026-02-03 23:02,230351
HINDZINC,2026-02-24,525.0,50.15,2450.0,0.0,4.15,122500.0,270725.0,628.25,639.4,602.0,2.975,2026-02-03 23:02,216045
HINDZINC,2026-02-24,530.0,63.4,2450.0,0.0,4.7,291550.0,901600.0,628.25,639.4,602.0,2.975,2026-02-03 23:02,201826
HINDZINC,2026-02-24,535.0,50.05,14700.0,0.0,5.1,91875.0,208250.0,628.25,639.4,602.0,2.975,2026-02-03 23:02,187672
HINDZINC,2026-02-24,540.0,95.05,56350.0,26950.0,5.5,785225.0,2496550.0,628.25,639.4,602.0,2.975,2026-02-03 23:02,173719
HINDZINC,2026-02-24,545.0,86.35,14700.0,4900.0,6.2,184975.0,243775.0,628.25,639.4,602.0,2.975,2026-02-03 23:02,160264
HINDZINC,2026-02-24,550.0,87.0,199675.0,100450.0,7.05,1451625.0,3357725.0,628.25,639.4,602.0,2.975,2026-02-03 23:02,146817
HINDZINC,2026-02-24,555.0,75.4,42875.0,28175.0,7.45,247450.0,365050.0,628.25,639.4,602.0,2.975,2026-02-03 23:02,134897
HINDZINC,2026-02-24,560.0,77.65,333200.0,150675.0,8.45,699475.0,1104950.0,628.25,639.4,602.0,2.975,2026-02-03 23:02,122548
HINDZINC,2026-02-24,565.0,74.25,68600.0,62475.0,9.3,249900.0,442225.0,628.25,639.4,602.0,2.975,2026-02-03 23:02,112572
HINDZINC,2026-02-24,570.0,69.5,438550.0,209475.0,10.35,1436925.0,2034725.0,628.25,639.4,602.0,2.975,2026-02-03 23:02,101036
HINDZINC,2026-02-24,575.0,66.1,267050.0,205800.0,11.4,429975.0,539000.0,628.25,639.4,602.0,2.975,2026-02-03 23:02,91722
HINDZINC,2026-02-24,580.0,61.0,742350.0,759500.0,12.6,1254400.0,2375275.0,628.25,639.4,602.0,2.975,2026-02-03 23:02,82471
HINDZINC,2026-02-24,585.0,57.15,155575.0,118825.0,13.95,181300.0,633325.0,628.25,639.4,602.0,2.975,2026-02-03 23:02,75891
HINDZINC,2026-02-24,590.0,54.55,325850.0,509600.0,15.2,527975.0,1672125.0,628.25,639.4,602.0,2.975,2026-02-03 23:02,67167
HINDZINC,2026-02-24,595.0,51.7,194775.0,188650.0,16.8,177625.0,657825.0,628.25,639.4,602.0,2.975,2026-02-03 23:02,59209
HINDZINC,2026-02-24,600.0,46.9,2702350.0,6251175.0,18.6,3269525.0,5666850.0,628.25,639.4,602.0,2.975,2026-02-03 23:02,51171
HINDZINC,2026-02-24,605.0,45.2,202125.0,824425.0,20.45,177625.0,1444275.0,628.25,639.4,602.0,2.975,2026-02-03 23:02,52004
HINDZINC,2026-02-24,610.0,41.55,503475.0,4309550.0,22.55,743575.0,2911825.0,628.25,639.4,602.0,2.975,2026-02-03 23:02,46983
HINDZINC,2026-02-24,615.0,39.2,202125.0,2233175.0,24.9,126175.0,959175.0,628.25,639.4,602.0,2.975,2026-02-03 23:02,42451
HINDZINC,2026-02-24,620.0,36.0,875875.0,9525600.0,27.35,807275.0,2320150.0,628.25,639.4,602.0,2.975,2026-02-03 23:02,38146
HINDZINC,2026-02-24,625.0,33.8,252350.0,2386300.0,29.8,184975.0,900375.0,628.25,639.4,602.0,2.975,2026-02-03 23:02,35150
HINDZINC,2026-02-24,630.0,31.3,1153950.0,8409625.0,32.5,787675.0,1435700.0,628.25,639.4,602.0,2.975,2026-02-03 23:02,31729
HINDZINC,2026-02-24,635.0,29.2,278075.0,1701525.0,35.35,126175.0,295225.0,628.25,639.4,602.0,2.975,2026-02-03 23:02,30029
HINDZINC,2026-02-24,640.0,27.6,1512875.0,6496175.0,38.6,697025.0,616175.0,628.25,639.4,602.0,2.975,2026-02-03 23:02,27845
HINDZINC,2026-02-24,645.0,25.55,167825.0,787675.0,41.2,245000.0,121275.0,628.25,639.4,602.0,2.975,2026-02-03 23:02,27885
HINDZINC,2026-02-24,650.0,23.6,3597825.0,11503975.0,45.05,2353225.0,867300.0,628.25,639.4,602.0,2.975,2026-02-03 23:02,26066
HINDZINC,2026-02-24,655.0,22.5,180075.0,562275.0,47.75,270725.0,124950.0,628.25,639.4,602.0,2.975,2026-02-03 23:02,25693
HINDZINC,2026-02-24,660.0,20.8,1310750.0,3626000.0,51.25,682325.0,150675.0,628.25,639.4,602.0,2.975,2026-02-03 23:02,26768
HINDZINC,2026-02-24,665.0,19.35,274400.0,743575.0,54.6,171500.0,113925.0,628.25,639.4,602.0,2.975,2026-02-03 23:02,28956
HINDZINC,2026-02-24,670.0,18.0,1102500.0,1931825.0,58.2,700700.0,98000.0,628.25,639.4,602.0,2.975,2026-02-03 23:02,31733
HINDZINC,2026-02-24,675.0,16.75,406700.0,572075.0,62.0,380975.0,35525.0,628.25,639.4,602.0,2.975,2026-02-03 23:02,33723
HINDZINC,2026-02-24,680.0,15.75,1852200.0,3381000.0,66.05,1005725.0,143325.0,628.25,639.4,602.0,2.975,2026-02-03 23:02,36519
HINDZINC,2026-02-24,685.0,14.55,405475.0,491225.0,70.75,180075.0,19600.0,628.25,639.4,602.0,2.975,2026-02-03 23:02,38700
HINDZINC,2026-02-24,690.0,13.8,1675800.0,1427125.0,73.8,401800.0,47775.0,628.25,639.4,602.0,2.975,2026-02-03 23:02,44215
HINDZINC,2026-02-24,695.0,12.8,335650.0,562275.0,78.85,336875.0,57575.0,628.25,639.4,602.0,2.975,2026-02-03 23:02,50800
HINDZINC,2026-02-24,700.0,12.35,8392475.0,14256550.0,82.5,2158450.0,124950.0,628.25,639.4,602.0,2.975,2026-02-03 23:02,56148
HINDZINC,2026-02-24,705.0,11.35,366275.0,376075.0,99.9,418950.0,36750.0,628.25,639.4,602.0,2.975,2026-02-03 23:02,61555
HINDZINC,2026-02-24,710.0,10.65,1778700.0,1700300.0,90.75,388325.0,39200.0,628.25,639.4,602.0,2.975,2026-02-03 23:02,71028
HINDZINC,2026-02-24,715.0,10.0,951825.0,442225.0,98.0,605150.0,30625.0,628.25,639.4,602.0,2.975,2026-02-03 23:02,83724
HINDZINC,2026-02-24,720.0,9.5,4108650.0,3372425.0,99.0,1363425.0,94325.0,628.25,639.4,602.0,2.975,2026-02-03 23:02,93849
HINDZINC,2026-02-24,725.0,9.0,929775.0,487550.0,113.05,278075.0,4900.0,628.25,639.4,602.0,2.975,2026-02-03 23:02,102095
HINDZINC,2026-02-24,730.0,8.55,2617825.0,2605575.0,116.55,279300.0,35525.0,628.25,639.4,602.0,2.975,2026-02-03 23:02,118232
HINDZINC,2026-02-24,735.0,8.45,627200.0,269500.0,155.0,129850.0,0.0,628.25,639.4,602.0,2.975,2026-02-03 23:02,137108
HINDZINC,2026-02-24,740.0,7.2,1630475.0,1199275.0,131.85,131075.0,0.0,628.25,639.4,602.0,2.975,2026-02-03 23:02,155897
HINDZINC,2026-02-24,745.0,6.7,313600.0,203350.0,54.6,26950.0,0.0,628.25,639.4,602.0,2.975,2026-02-03 23:02,176494
HINDZINC,2026-02-24,750.0,6.35,5677875.0,4544750.0,125.2,829325.0,79625.0,628.25,639.4,602.0,2.975,2026-02-03 23:02,197880
HINDZINC,2026-02-24,755.0,6.25,269500.0,215600.0,175.0,8575.0,0.0,628.25,639.4,602.0,2.975,2026-02-03 23:02,215678
HINDZINC,2026-02-24,760.0,5.6,1136800.0,616175.0,153.15,35525.0,8575.0,628.25,639.4,602.0,2.975,2026-02-03 23:02,240411
HINDZINC,2026-02-24,765.0,5.6,245000.0,111475.0,68.35,2450.0,0.0,628.25,639.4,602.0,2.975,2026-02-03 23:02,265805
HINDZINC,2026-02-24,770.0,4.95,1332800.0,422625.0,116.95,45325.0,0.0,628.25,639.4,602.0,2.975,2026-02-03 23:02,291350
HINDZINC,2026-02-24,775.0,5.0,247450.0,205800.0,0.0,0.0,0.0,628.25,639.4,602.0,2.975,2026-02-03 23:02,317594
HINDZINC,2026-02-24,780.0,4.55,869750.0,605150.0,78.9,6125.0,0.0,628.25,639.4,602.0,2.975,2026-02-03 23:02,343955
HINDZINC,2026-02-24,785.0,4.25,107800.0,137200.0,0.0,0.0,0.0,628.25,639.4,602.0,2.975,2026-02-03 23:02,370978
HINDZINC,2026-02-24,790.0,4.05,709275.0,676200.0,106.0,31850.0,0.0,628.25,639.4,602.0,2.975,2026-02-03 23:02,397754
HINDZINC,2026-02-24,795.0,3.85,156800.0,78400.0,0.0,0.0,0.0,628.25,639.4,602.0,2.975,2026-02-03 23:02,424803
HINDZINC,2026-02-24,800.0,3.5,5684000.0,3289125.0,186.25,91875.0,14700.0,628.25,639.4,602.0,2.975,2026-02-03 23:02,452042
HINDZINC,2026-02-24,810.0,3.0,748475.0,524300.0,0.0,0.0,0.0,628.25,639.4,602.0,2.975,2026-02-03 23:02,512453
HINDZINC,2026-02-24,820.0,2.6,2348325.0,2062900.0,0.0,0.0,0.0,628.25,639.4,602.0,2.975,2026-02-03 23:02,573559
HUDCO,2026-02-24,155.0,0.0,0.0,0.0,0.45,871350.0,588300.0,191.52,197.78,188.51,1.986,2026-02-03 23:02,55922
HUDCO,2026-02-24,157.5,0.0,0.0,0.0,0.79,2775.0,0.0,191.52,197.78,188.51,1.986,2026-02-03 23:02,50985
HUDCO,2026-02-24,160.0,0.0,0.0,0.0,0.61,993450.0,1040625.0,191.52,197.78,188.51,1.986,2026-02-03 23:02,46089
HUDCO,2026-02-24,162.5,0.0,0.0,0.0,0.0,0.0,0.0,191.52,197.78,188.51,1.986,2026-02-03 23:02,41380
HUDCO,2026-02-24,165.0,27.63,244200.0,19425.0,0.83,912975.0,882450.0,191.52,197.78,188.51,1.986,2026-02-03 23:02,36732
HUDCO,2026-02-24,167.5,0.0,0.0,0.0,1.41,0.0,2775.0,191.52,197.78,188.51,1.986,2026-02-03 23:02,32972
HUDCO,2026-02-24,170.0,22.56,44400.0,11100.0,1.19,860250.0,915750.0,191.52,197.78,188.51,1.986,2026-02-03 23:02,28613
HUDCO,2026-02-24,172.5,17.45,24975.0,0.0,1.31,238650.0,138750.0,191.52,197.78,188.51,1.986,2026-02-03 23:02,24478
HUDCO,2026-02-24,175.0,17.29,72150.0,74925.0,1.7,821400.0,1332000.0,191.52,197.78,188.51,1.986,2026-02-03 23:02,20424
HUDCO,2026-02-24,177.5,13.12,58275.0,0.0,2.06,308025.0,319125.0,191.52,197.78,188.51,1.986,2026-02-03 23:02,16565
HUDCO,2026-02-24,180.0,13.57,566100.0,843600.0,2.58,4054275.0,2422575.0,191.52,197.78,188.51,1.986,2026-02-03 23:02,12827
HUDCO,2026-02-24,182.5,11.61,147075.0,74925.0,3.18,491175.0,904650.0,191.52,197.78,188.51,1.986,2026-02-03 23:02,9952
HUDCO,2026-02-24,185.0,10.0,1526250.0,624375.0,4.01,1559550.0,2167275.0,191.52,197.78,188.51,1.986,2026-02-03 23:02,7530
HUDCO,2026-02-24,187.5,8.48,355200.0,246975.0,4.91,607725.0,774225.0,191.52,197.78,188.51,1.986,2026-02-03 23:02,6765
HUDCO,2026-02-24,190.0,7.14,2206125.0,2886000.0,6.0,1501275.0,2419800.0,191.52,197.78,188.51,1.986,2026-02-03 23:02,5343
HUDCO,2026-02-24,192.5,5.95,1032300.0,1676100.0,7.37,860250.0,1021200.0,191.52,197.78,188.51,1.986,2026-02-03 23:02,5519
HUDCO,2026-02-24,195.0,5.0,2886000.0,3624150.0,8.79,707625.0,327450.0,191.52,197.78,188.51,1.986,2026-02-03 23:02,5474
HUDCO,2026-02-24,197.5,4.13,735375.0,1351425.0,10.49,213675.0,158175.0,191.52,197.78,188.51,1.986,2026-02-03 23:02,7169
HUDCO,2026-02-24,200.0,3.5,5255850.0,6435225.0,12.44,1784325.0,993450.0,191.52,197.78,188.51,1.986,2026-02-03 23:02,8359
HUDCO,2026-02-24,202.5,2.9,657675.0,1162725.0,14.54,135975.0,102675.0,191.52,197.78,188.51,1.986,2026-02-03 23:02,10849
HUDCO,2026-02-24,205.0,2.44,1898100.0,2200575.0,16.76,604950.0,49950.0,191.52,197.78,188.51,1.986,2026-02-03 23:02,13912
HUDCO,2026-02-24,207.5,2.08,291375.0,555000.0,18.88,111000.0,30525.0,191.52,197.78,188.51,1.986,2026-02-03 23:02,17056
HUDCO,2026-02-24,210.0,1.82,3721275.0,3693525.0,21.04,638250.0,66600.0,191.52,197.78,188.51,1.986,2026-02-03 23:02,20702
HUDCO,2026-02-24,212.5,1.56,413475.0,502275.0,14.81,36075.0,0.0,191.52,197.78,188.51,1.986,2026-02-03 23:02,24922
HUDCO,2026-02-24,215.0,1.34,924075.0,1054500.0,25.0,352425.0,2775.0,191.52,197.78,188.51,1.986,2026-02-03 23:02,29931
HUDCO,2026-02-24,217.5,1.25,291375.0,299700.0,0.0,0.0,0.0,191.52,197.78,188.51,1.986,2026-02-03 23:02,34491
HUDCO,2026-02-24,220.0,1.0,3382725.0,2494725.0,30.1,699300.0,8325.0,191.52,197.78,188.51,1.986,2026-02-03 23:02,39917
HUDCO,2026-02-24,222.5,0.91,102675.0,16650.0,28.0,2775.0,0.0,191.52,197.78,188.51,1.986,2026-02-03 23:02,44560
HUDCO,2026-02-24,225.0,0.76,851925.0,455100.0,44.0,133200.0,0.0,191.52,197.78,188.51,1.986,2026-02-03 23:02,50999
HUDCO,2026-02-24,227.5,0.5,11100.0,0.0,0.0,0.0,0.0,191.52,197.78,188.51,1.986,2026-02-03 23:02,57160
HUDCO,2026-02-24,230.0,0.62,2378175.0,732600.0,39.5,360750.0,5550.0,191.52,197.78,188.51,1.986,2026-02-03 23:02,63846
HUDCO,2026-02-24,232.5,0.75,16650.0,0.0,37.9,5550.0,0.0,191.52,197.78,188.51,1.986,2026-02-03 23:02,69939
HUDCO,2026-02-24,235.0,0.32,355200.0,2775.0,31.0,44400.0,0.0,191.52,197.78,188.51,1.986,2026-02-03 23:02,77295
HUDCO,2026-02-24,240.0,0.36,1182150.0,757575.0,44.77,177600.0,0.0,191.52,197.78,188.51,1.986,2026-02-03 23:02,92121
HUDCO,2026-02-24,242.5,0.0,0.0,0.0,47.24,5550.0,0.0,191.52,197.78,188.51,1.986,2026-02-03 23:02,99184
HUDCO,2026-02-24,245.0,0.31,88800.0,22200.0,50.0,33300.0,0.0,191.52,197.78,188.51,1.986,2026-02-03 23:02,106975
HUDCO,2026-02-24,250.0,0.31,582750.0,55500.0,51.63,105450.0,0.0,191.52,197.78,188.51,1.986,2026-02-03 23:02,122507
HUDCO,2026-02-24,255.0,0.26,24975.0,11100.0,59.9,11100.0,0.0,191.52,197.78,188.51,1.986,2026-02-03 23:02,138020
HUDCO,2026-02-24,260.0,0.22,255300.0,119325.0,61.9,213675.0,0.0,191.52,197.78,188.51,1.986,2026-02-03 23:02,154011
HUDCO,2026-02-24,270.0,0.32,8325.0,0.0,0.0,0.0,0.0,191.52,197.78,188.51,1.986,2026-02-03 23:02,185278
ICICIBANK,2026-02-24,1140.0,0.0,0.0,0.0,0.0,0.0,0.0,1389.7,1417.0,1373.4,2.728,2026-02-03 23:02,314233
ICICIBANK,2026-02-24,1160.0,205.8,5600.0,0.0,0.0,0.0,0.0,1389.7,1417.0,1373.4,2.728,2026-02-03 23:02,277427
ICICIBANK,2026-02-24,1180.0,198.4,2100.0,0.0,0.7,42000.0,25900.0,1389.7,1417.0,1373.4,2.728,2026-02-03 23:02,240748
ICICIBANK,2026-02-24,1200.0,155.0,24500.0,0.0,0.65,326200.0,100800.0,1389.7,1417.0,1373.4,2.728,2026-02-03 23:02,204080
ICICIBANK,2026-02-24,1210.0,0.0,0.0,0.0,0.0,0.0,0.0,1389.7,1417.0,1373.4,2.728,2026-02-03 23:02,186436
ICICIBANK,2026-02-24,1220.0,159.25,5600.0,0.0,0.8,250600.0,78400.0,1389.7,1417.0,1373.4,2.728,2026-02-03 23:02,168433
ICICIBANK,2026-02-24,1230.0,0.0,0.0,0.0,1.0,278600.0,145600.0,1389.7,1417.0,1373.4,2.728,2026-02-03 23:02,150756
ICICIBANK,2026-02-24,1240.0,136.6,7700.0,0.0,1.1,403200.0,503300.0,1389.7,1417.0,1373.4,2.728,2026-02-03 23:02,133260
ICICIBANK,2026-02-24,1250.0,130.9,2800.0,0.0,1.2,423500.0,431200.0,1389.7,1417.0,1373.4,2.728,2026-02-03 23:02,116264
ICICIBANK,2026-02-24,1260.0,121.35,700.0,0.0,1.35,444500.0,513100.0,1389.7,1417.0,1373.4,2.728,2026-02-03 23:02,99620
ICICIBANK,2026-02-24,1270.0,86.8,18900.0,0.0,1.6,381500.0,120400.0,1389.7,1417.0,1373.4,2.728,2026-02-03 23:02,83383
ICICIBANK,2026-02-24,1280.0,77.6,9800.0,0.0,1.75,445900.0,411600.0,1389.7,1417.0,1373.4,2.728,2026-02-03 23:02,67701
ICICIBANK,2026-02-24,1290.0,104.25,17500.0,9100.0,2.0,249200.0,258300.0,1389.7,1417.0,1373.4,2.728,2026-02-03 23:02,52369
ICICIBANK,2026-02-24,1300.0,94.85,308000.0,186900.0,2.25,1179500.0,1803200.0,1389.7,1417.0,1373.4,2.728,2026-02-03 23:02,37439
ICICIBANK,2026-02-24,1310.0,85.45,136500.0,120400.0,2.45,333200.0,718200.0,1389.7,1417.0,1373.4,2.728,2026-02-03 23:02,26520
ICICIBANK,2026-02-24,1320.0,75.6,179900.0,118300.0,2.85,711200.0,1327900.0,1389.7,1417.0,1373.4,2.728,2026-02-03 23:02,14500
ICICIBANK,2026-02-24,1330.0,67.0,252700.0,252000.0,3.55,739900.0,1523200.0,1389.7,1417.0,1373.4,2.728,2026-02-03 23:02,3443
ICICIBANK,2026-02-24,1340.0,57.35,731500.0,1358700.0,4.3,1201900.0,3089800.0,1389.7,1417.0,1373.4,2.728,2026-02-03 23:02,-6348
ICICIBANK,2026-02-24,1350.0,48.5,1337000.0,2229500.0,5.4,1880200.0,8067500.0,1389.7,1417.0,1373.4,2.728,2026-02-03 23:02,-11958
ICICIBANK,2026-02-24,1360.0,40.85,4998000.0,3586800.0,7.2,1414000.0,4608100.0,1389.7,1417.0,1373.4,2.728,2026-02-03 23:02,-12559
ICICIBANK,2026-02-24,1370.0,33.65,1823500.0,2698500.0,9.5,1280300.0,4069800.0,1389.7,1417.0,1373.4,2.728,2026-02-03 23:02,7179
ICICIBANK,2026-02-24,1380.0,26.5,1914500.0,5423600.0,13.25,1691200.0,5481000.0,1389.7,1417.0,1373.4,2.728,2026-02-03 23:02,15544
ICICIBANK,2026-02-24,1390.0,21.45,907200.0,3635100.0,17.3,616000.0,3401300.0,1389.7,1417.0,1373.4,2.728,2026-02-03 23:02,25427
ICICIBANK,2026-02-24,1400.0,16.5,4269300.0,15371300.0,22.5,3171700.0,4992400.0,1389.7,1417.0,1373.4,2.728,2026-02-03 23:02,34881
ICICIBANK,2026-02-24,1410.0,12.8,606900.0,3250100.0,28.35,202300.0,520800.0,1389.7,1417.0,1373.4,2.728,2026-02-03 23:02,50803
ICICIBANK,2026-02-24,1420.0,9.85,972300.0,4837700.0,35.35,221900.0,494200.0,1389.7,1417.0,1373.4,2.728,2026-02-03 23:02,67830
ICICIBANK,2026-02-24,1430.0,7.6,450800.0,2989000.0,44.2,111300.0,61600.0,1389.7,1417.0,1373.4,2.728,2026-02-03 23:02,86022
ICICIBANK,2026-02-24,1440.0,6.0,571900.0,2515100.0,52.1,49700.0,76300.0,1389.7,1417.0,1373.4,2.728,2026-02-03 23:02,104452
ICICIBANK,2026-02-24,1450.0,4.55,1669500.0,5134500.0,60.45,205100.0,383600.0,1389.7,1417.0,1373.4,2.728,2026-02-03 23:02,123738
ICICIBANK,2026-02-24,1460.0,3.45,379400.0,1035300.0,70.0,4200.0,8400.0,1389.7,1417.0,1373.4,2.728,2026-02-03 23:02,144334
ICICIBANK,2026-02-24,1470.0,2.7,176400.0,547400.0,125.0,4200.0,0.0,1389.7,1417.0,1373.4,2.728,2026-02-03 23:02,165896
ICICIBANK,2026-02-24,1480.0,2.05,252000.0,683200.0,114.4,15400.0,0.0,1389.7,1417.0,1373.4,2.728,2026-02-03 23:02,187531
ICICIBANK,2026-02-24,1490.0,1.55,183400.0,331800.0,0.0,0.0,0.0,1389.7,1417.0,1373.4,2.728,2026-02-03 23:02,209315
ICICIBANK,2026-02-24,1500.0,1.2,1891400.0,2170700.0,107.35,114100.0,200200.0,1389.7,1417.0,1373.4,2.728,2026-02-03 23:02,231434
ICICIBANK,2026-02-24,1510.0,0.95,483700.0,214900.0,0.0,0.0,0.0,1389.7,1417.0,1373.4,2.728,2026-02-03 23:02,254533
ICICIBANK,2026-02-24,1520.0,0.75,414400.0,347200.0,130.5,1400.0,0.0,1389.7,1417.0,1373.4,2.728,2026-02-03 23:02,279160
ICICIBANK,2026-02-24,1530.0,0.6,90300.0,10500.0,0.0,0.0,0.0,1389.7,1417.0,1373.4,2.728,2026-02-03 23:02,304169
ICICIBANK,2026-02-24,1540.0,0.6,116900.0,22400.0,184.0,700.0,0.0,1389.7,1417.0,1373.4,2.728,2026-02-03 23:02,329261
ICICIBANK,2026-02-24,1550.0,0.55,149800.0,42700.0,0.0,0.0,0.0,1389.7,1417.0,1373.4,2.728,2026-02-03 23:02,354459
ICICIBANK,2026-02-24,1560.0,0.4,51100.0,5600.0,0.0,0.0,0.0,1389.7,1417.0,1373.4,2.728,2026-02-03 23:02,379821
ICICIBANK,2026-02-24,1580.0,0.5,23100.0,2100.0,0.0,0.0,0.0,1389.7,1417.0,1373.4,2.728,2026-02-03 23:02,430634
ICICIBANK,2026-02-24,1600.0,0.55,223300.0,9800.0,199.5,7000.0,2100.0,1389.7,1417.0,1373.4,2.728,2026-02-03 23:02,481491
ICICIBANK,2026-02-24,1620.0,0.5,72800.0,23100.0,235.3,1400.0,0.0,1389.7,1417.0,1373.4,2.728,2026-02-03 23:02,532681
ICICIBANK,2026-02-24,1640.0,1.05,26600.0,700.0,0.0,0.0,0.0,1389.7,1417.0,1373.4,2.728,2026-02-03 23:02,584117
ICICIGI,2026-02-24,1520.0,314.35,975.0,0.0,0.0,0.0,0.0,1861.5,1890.0,1844.9,1.905,2026-02-03 23:02,12071
ICICIGI,2026-02-24,1560.0,293.6,0.0,1625.0,1.7,650.0,0.0,1861.5,1890.0,1844.9,1.905,2026-02-03 23:02,10058
ICICIGI,2026-02-24,1600.0,254.25,0.0,1625.0,3.1,2275.0,0.0,1861.5,1890.0,1844.9,1.905,2026-02-03 23:02,8017
ICICIGI,2026-02-24,1620.0,234.45,0.0,1625.0,0.0,0.0,0.0,1861.5,1890.0,1844.9,1.905,2026-02-03 23:02,7000
ICICIGI,2026-02-24,1640.0,213.2,975.0,1950.0,2.8,9425.0,0.0,1861.5,1890.0,1844.9,1.905,2026-02-03 23:02,5984
ICICIGI,2026-02-24,1660.0,0.0,0.0,0.0,1.9,43550.0,36075.0,1861.5,1890.0,1844.9,1.905,2026-02-03 23:02,5007
ICICIGI,2026-02-24,1680.0,0.0,0.0,0.0,10.4,9100.0,0.0,1861.5,1890.0,1844.9,1.905,2026-02-03 23:02,4091
ICICIGI,2026-02-24,1700.0,0.0,0.0,0.0,3.25,129025.0,109525.0,1861.5,1890.0,1844.9,1.905,2026-02-03 23:02,3191
ICICIGI,2026-02-24,1720.0,110.0,325.0,0.0,11.1,6825.0,0.0,1861.5,1890.0,1844.9,1.905,2026-02-03 23:02,2518
ICICIGI,2026-02-24,1740.0,103.0,325.0,0.0,6.2,24050.0,27300.0,1861.5,1890.0,1844.9,1.905,2026-02-03 23:02,1896
ICICIGI,2026-02-24,1760.0,88.5,975.0,0.0,8.4,25675.0,15925.0,1861.5,1890.0,1844.9,1.905,2026-02-03 23:02,1316
ICICIGI,2026-02-24,1780.0,97.0,0.0,0.0,16.75,3575.0,0.0,1861.5,1890.0,1844.9,1.905,2026-02-03 23:02,788
ICICIGI,2026-02-24,1800.0,68.55,30225.0,11050.0,17.0,88075.0,121225.0,1861.5,1890.0,1844.9,1.905,2026-02-03 23:02,273
ICICIGI,2026-02-24,1820.0,52.7,45175.0,35425.0,20.2,63375.0,3900.0,1861.5,1890.0,1844.9,1.905,2026-02-03 23:02,59
ICICIGI,2026-02-24,1840.0,40.55,25675.0,12025.0,29.2,23725.0,20475.0,1861.5,1890.0,1844.9,1.905,2026-02-03 23:02,114
ICICIGI,2026-02-24,1860.0,31.2,44525.0,36400.0,40.7,10400.0,18200.0,1861.5,1890.0,1844.9,1.905,2026-02-03 23:02,194
ICICIGI,2026-02-24,1880.0,32.3,3575.0,0.0,78.75,1625.0,0.0,1861.5,1890.0,1844.9,1.905,2026-02-03 23:02,444
ICICIGI,2026-02-24,1900.0,16.0,66300.0,143325.0,58.0,32175.0,650.0,1861.5,1890.0,1844.9,1.905,2026-02-03 23:02,607
ICICIGI,2026-02-24,1920.0,12.3,28925.0,20150.0,108.8,5525.0,0.0,1861.5,1890.0,1844.9,1.905,2026-02-03 23:02,888
ICICIGI,2026-02-24,1940.0,8.9,5850.0,9750.0,0.0,0.0,0.0,1861.5,1890.0,1844.9,1.905,2026-02-03 23:02,1294
ICICIGI,2026-02-24,1960.0,6.25,56875.0,25350.0,140.9,27300.0,0.0,1861.5,1890.0,1844.9,1.905,2026-02-03 23:02,1741
ICICIGI,2026-02-24,1980.0,4.6,11700.0,10075.0,0.0,0.0,0.0,1861.5,1890.0,1844.9,1.905,2026-02-03 23:02,2002
ICICIGI,2026-02-24,2000.0,3.55,103025.0,175825.0,145.0,2600.0,650.0,1861.5,1890.0,1844.9,1.905,2026-02-03 23:02,2642
ICICIGI,2026-02-24,2020.0,0.0,0.0,0.0,190.0,650.0,0.0,1861.5,1890.0,1844.9,1.905,2026-02-03 23:02,3485
ICICIGI,2026-02-24,2040.0,2.25,10075.0,975.0,0.0,0.0,0.0,1861.5,1890.0,1844.9,1.905,2026-02-03 23:02,4319
ICICIGI,2026-02-24,2060.0,0.0,0.0,0.0,240.0,1300.0,0.0,1861.5,1890.0,1844.9,1.905,2026-02-03 23:02,5188
ICICIGI,2026-02-24,2080.0,1.1,3575.0,0.0,0.0,0.0,0.0,1861.5,1890.0,1844.9,1.905,2026-02-03 23:02,6026
ICICIGI,2026-02-24,2120.0,0.0,0.0,0.0,0.0,0.0,0.0,1861.5,1890.0,1844.9,1.905,2026-02-03 23:02,7779
ICICIGI,2026-02-24,2140.0,1.45,2275.0,0.0,0.0,0.0,0.0,1861.5,1890.0,1844.9,1.905,2026-02-03 23:02,8655
ICICIGI,2026-02-24,2160.0,3.5,1950.0,0.0,0.0,0.0,0.0,1861.5,1890.0,1844.9,1.905,2026-02-03 23:02,9536
ICICIGI,2026-02-24,2200.0,1.55,3900.0,0.0,0.0,0.0,0.0,1861.5,1890.0,1844.9,1.905,2026-02-03 23:02,11306
ICICIGI,2026-02-24,2240.0,0.25,5525.0,0.0,384.95,975.0,0.0,1861.5,1890.0,1844.9,1.905,2026-02-03 23:02,13092
ICICIGI,2026-02-24,2280.0,5.45,1300.0,0.0,0.0,0.0,0.0,1861.5,1890.0,1844.9,1.905,2026-02-03 23:02,14865
ICICIPRULI,2026-02-24,530.0,112.35,4625.0,0.0,0.0,0.0,0.0,654.4,662.8,651.2,1.963,2026-02-03 23:02,14854
ICICIPRULI,2026-02-24,540.0,0.0,0.0,0.0,1.35,1850.0,0.0,654.4,662.8,651.2,1.963,2026-02-03 23:02,12921
ICICIPRULI,2026-02-24,550.0,0.0,0.0,0.0,0.3,77700.0,3700.0,654.4,662.8,651.2,1.963,2026-02-03 23:02,10939
ICICIPRULI,2026-02-24,560.0,0.0,0.0,0.0,0.0,0.0,0.0,654.4,662.8,651.2,1.963,2026-02-03 23:02,9032
ICICIPRULI,2026-02-24,565.0,0.0,0.0,0.0,0.0,0.0,0.0,654.4,662.8,651.2,1.963,2026-02-03 23:02,8080
ICICIPRULI,2026-02-24,570.0,73.2,2775.0,0.0,2.7,27750.0,0.0,654.4,662.8,651.2,1.963,2026-02-03 23:02,7127
ICICIPRULI,2026-02-24,575.0,0.0,0.0,0.0,0.0,0.0,0.0,654.4,662.8,651.2,1.963,2026-02-03 23:02,6203
ICICIPRULI,2026-02-24,580.0,0.0,0.0,0.0,0.0,0.0,0.0,654.4,662.8,651.2,1.963,2026-02-03 23:02,5266
ICICIPRULI,2026-02-24,585.0,0.0,0.0,0.0,1.05,155400.0,43475.0,654.4,662.8,651.2,1.963,2026-02-03 23:02,4329
ICICIPRULI,2026-02-24,590.0,0.0,0.0,0.0,1.0,60125.0,73075.0,654.4,662.8,651.2,1.963,2026-02-03 23:02,3453
ICICIPRULI,2026-02-24,595.0,68.5,925.0,0.0,0.0,0.0,0.0,654.4,662.8,651.2,1.963,2026-02-03 23:02,2618
ICICIPRULI,2026-02-24,600.0,55.4,2775.0,0.0,1.8,551300.0,249750.0,654.4,662.8,651.2,1.963,2026-02-03 23:02,1796
ICICIPRULI,2026-02-24,605.0,0.0,0.0,0.0,3.75,6475.0,0.0,654.4,662.8,651.2,1.963,2026-02-03 23:02,1160
ICICIPRULI,2026-02-24,610.0,37.75,6475.0,0.0,2.3,72150.0,82325.0,654.4,662.8,651.2,1.963,2026-02-03 23:02,609
ICICIPRULI,2026-02-24,615.0,33.0,10175.0,0.0,2.85,29600.0,34225.0,654.4,662.8,651.2,1.963,2026-02-03 23:02,108
ICICIPRULI,2026-02-24,620.0,42.25,24975.0,8325.0,3.5,274725.0,230325.0,654.4,662.8,651.2,1.963,2026-02-03 23:02,-355
ICICIPRULI,2026-02-24,625.0,24.95,5550.0,0.0,7.75,29600.0,0.0,654.4,662.8,651.2,1.963,2026-02-03 23:02,-686
ICICIPRULI,2026-02-24,630.0,32.15,76775.0,12950.0,5.05,59200.0,64750.0,654.4,662.8,651.2,1.963,2026-02-03 23:02,-1017
ICICIPRULI,2026-02-24,635.0,28.0,78625.0,13875.0,5.55,38850.0,7400.0,654.4,662.8,651.2,1.963,2026-02-03 23:02,-1053
ICICIPRULI,2026-02-24,640.0,24.1,158175.0,62900.0,7.6,239575.0,258075.0,654.4,662.8,651.2,1.963,2026-02-03 23:02,-1050
ICICIPRULI,2026-02-24,645.0,23.0,66600.0,8325.0,8.85,41625.0,33300.0,654.4,662.8,651.2,1.963,2026-02-03 23:02,-847
ICICIPRULI,2026-02-24,650.0,17.75,193325.0,204425.0,10.45,121175.0,91575.0,654.4,662.8,651.2,1.963,2026-02-03 23:02,-673
ICICIPRULI,2026-02-24,655.0,14.7,24975.0,14800.0,21.55,2775.0,0.0,654.4,662.8,651.2,1.963,2026-02-03 23:02,-242
ICICIPRULI,2026-02-24,660.0,13.35,478225.0,419950.0,15.55,81400.0,100825.0,654.4,662.8,651.2,1.963,2026-02-03 23:02,17
ICICIPRULI,2026-02-24,665.0,5.75,7400.0,0.0,28.5,2775.0,0.0,654.4,662.8,651.2,1.963,2026-02-03 23:02,1038
ICICIPRULI,2026-02-24,670.0,8.75,101750.0,258075.0,20.25,29600.0,24050.0,654.4,662.8,651.2,1.963,2026-02-03 23:02,1548
ICICIPRULI,2026-02-24,675.0,0.0,0.0,0.0,0.0,0.0,0.0,654.4,662.8,651.2,1.963,2026-02-03 23:02,2157
ICICIPRULI,2026-02-24,680.0,6.25,136900.0,194250.0,27.15,31450.0,18500.0,654.4,662.8,651.2,1.963,2026-02-03 23:02,2736
ICICIPRULI,2026-02-24,685.0,0.0,0.0,0.0,0.0,0.0,0.0,654.4,662.8,651.2,1.963,2026-02-03 23:02,3400
ICICIPRULI,2026-02-24,690.0,3.9,79550.0,65675.0,46.25,6475.0,0.0,654.4,662.8,651.2,1.963,2026-02-03 23:02,4064
ICICIPRULI,2026-02-24,695.0,2.9,2775.0,3700.0,0.0,0.0,0.0,654.4,662.8,651.2,1.963,2026-02-03 23:02,4771
ICICIPRULI,2026-02-24,700.0,2.65,334850.0,581825.0,45.3,45325.0,9250.0,654.4,662.8,651.2,1.963,2026-02-03 23:02,5480
ICICIPRULI,2026-02-24,705.0,0.0,0.0,0.0,0.0,0.0,0.0,654.4,662.8,651.2,1.963,2026-02-03 23:02,6262
ICICIPRULI,2026-02-24,710.0,1.6,12025.0,0.0,0.0,0.0,0.0,654.4,662.8,651.2,1.963,2026-02-03 23:02,7160
ICICIPRULI,2026-02-24,720.0,1.2,192400.0,148925.0,0.0,0.0,0.0,654.4,662.8,651.2,1.963,2026-02-03 23:02,8970
ICICIPRULI,2026-02-24,730.0,10.0,925.0,0.0,0.0,0.0,0.0,654.4,662.8,651.2,1.963,2026-02-03 23:02,10994
ICICIPRULI,2026-02-24,735.0,1.85,925.0,0.0,0.0,0.0,0.0,654.4,662.8,651.2,1.963,2026-02-03 23:02,11996
ICICIPRULI,2026-02-24,740.0,0.7,35150.0,925.0,0.0,0.0,0.0,654.4,662.8,651.2,1.963,2026-02-03 23:02,12997
ICICIPRULI,2026-02-24,750.0,0.0,0.0,0.0,92.8,1850.0,0.0,654.4,662.8,651.2,1.963,2026-02-03 23:02,15038
ICICIPRULI,2026-02-24,780.0,0.8,2775.0,0.0,0.0,0.0,0.0,654.4,662.8,651.2,1.963,2026-02-03 23:02,21139
IDEA,2026-02-24,1.0,0.0,0.0,0.0,0.0,0.0,0.0,11.41,11.55,10.81,5.55,2026-02-03 23:02,766979
IDEA,2026-02-24,2.0,0.0,0.0,0.0,0.0,0.0,0.0,11.41,11.55,10.81,5.55,2026-02-03 23:02,675026
IDEA,2026-02-24,3.0,0.0,0.0,0.0,0.0,0.0,0.0,11.41,11.55,10.81,5.55,2026-02-03 23:02,583074
IDEA,2026-02-24,4.0,6.11,0.0,0.0,0.01,0.0,0.0,11.41,11.55,10.81,5.55,2026-02-03 23:02,491121
IDEA,2026-02-24,5.0,0.0,0.0,0.0,0.0,0.0,0.0,11.41,11.55,10.81,5.55,2026-02-03 23:02,399169
IDEA,2026-02-24,6.0,5.37,7076025.0,1929825.0,0.02,9577650.0,357375.0,11.41,11.55,10.81,5.55,2026-02-03 23:02,307216
IDEA,2026-02-24,7.0,3.82,2358675.0,0.0,0.02,14723850.0,11078625.0,11.41,11.55,10.81,5.55,2026-02-03 23:02,220710
IDEA,2026-02-24,8.0,3.55,9220275.0,428850.0,0.03,83125425.0,53820675.0,11.41,11.55,10.81,5.55,2026-02-03 23:02,133002
IDEA,2026-02-24,9.0,2.53,49389225.0,8434050.0,0.05,193482825.0,146166375.0,11.41,11.55,10.81,5.55,2026-02-03 23:02,56682
IDEA,2026-02-24,10.0,1.61,136374300.0,88843425.0,0.11,246588750.0,273320400.0,11.41,11.55,10.81,5.55,2026-02-03 23:02,13152
IDEA,2026-02-24,11.0,0.86,282683625.0,427349025.0,0.36,135373650.0,239083875.0,11.41,11.55,10.81,5.55,2026-02-03 23:02,15635
IDEA,2026-02-24,12.0,0.4,356302875.0,564009225.0,0.9,177043575.0,87628350.0,11.41,11.55,10.81,5.55,2026-02-03 23:02,60117
IDEA,2026-02-24,13.0,0.18,181832400.0,412053375.0,1.67,39096825.0,7576350.0,11.41,11.55,10.81,5.55,2026-02-03 23:02,136815
IDEA,2026-02-24,14.0,0.08,136231350.0,361520550.0,2.58,15510075.0,10649775.0,11.41,11.55,10.81,5.55,2026-02-03 23:02,234031
IDEA,2026-02-24,15.0,0.05,38525025.0,222144300.0,3.53,5003250.0,142950.0,11.41,11.55,10.81,5.55,2026-02-03 23:02,346766
IDEA,2026-02-24,16.0,0.03,43170900.0,28447050.0,5.9,0.0,0.0,11.41,11.55,10.81,5.55,2026-02-03 23:02,465192
IDEA,2026-02-24,17.0,0.0,0.0,0.0,0.0,0.0,0.0,11.41,11.55,10.81,5.55,2026-02-03 23:02,589638
IDEA,2026-02-24,18.0,0.02,39668625.0,10149450.0,7.77,0.0,0.0,11.41,11.55,10.81,5.55,2026-02-03 23:02,713954
IDEA,2026-02-24,19.0,0.0,0.0,0.0,0.0,0.0,0.0,11.41,11.55,10.81,5.55,2026-02-03 23:02,842317
IDEA,2026-02-24,20.0,0.1,0.0,0.0,1373.1,0.0,0.0,11.41,11.55,10.81,5.55,2026-02-03 23:02,970600
IDFCFIRSTB,2026-02-24,68.0,0.0,0.0,0.0,0.04,2105425.0,881125.0,84.85,85.98,83.4,4.482,2026-02-03 23:02,78422
IDFCFIRSTB,2026-02-24,70.0,15.0,139125.0,18550.0,0.08,4526200.0,3496675.0,84.85,85.98,83.4,4.482,2026-02-03 23:02,62389
IDFCFIRSTB,2026-02-24,72.0,8.78,64925.0,0.0,0.1,2791775.0,6446125.0,84.85,85.98,83.4,4.482,2026-02-03 23:02,47469
IDFCFIRSTB,2026-02-24,73.0,0.0,0.0,0.0,0.0,0.0,0.0,84.85,85.98,83.4,4.482,2026-02-03 23:02,40238
IDFCFIRSTB,2026-02-24,74.0,7.24,27825.0,0.0,0.13,4748800.0,1808625.0,84.85,85.98,83.4,4.482,2026-02-03 23:02,32977
IDFCFIRSTB,2026-02-24,75.0,10.15,1660225.0,259700.0,0.17,4303600.0,4748800.0,84.85,85.98,83.4,4.482,2026-02-03 23:02,26153
IDFCFIRSTB,2026-02-24,76.0,9.35,306075.0,74200.0,0.22,2643375.0,1966300.0,84.85,85.98,83.4,4.482,2026-02-03 23:02,21578
IDFCFIRSTB,2026-02-24,77.0,8.36,148400.0,268975.0,0.29,2123975.0,3264800.0,84.85,85.98,83.4,4.482,2026-02-03 23:02,15915
IDFCFIRSTB,2026-02-24,78.0,7.57,1038800.0,166950.0,0.35,6928425.0,7058275.0,84.85,85.98,83.4,4.482,2026-02-03 23:02,10313
IDFCFIRSTB,2026-02-24,79.0,6.45,287525.0,287525.0,0.47,4581850.0,9553250.0,84.85,85.98,83.4,4.482,2026-02-03 23:02,5989
IDFCFIRSTB,2026-02-24,80.0,5.83,2615550.0,4470550.0,0.63,15962275.0,15517075.0,84.85,85.98,83.4,4.482,2026-02-03 23:02,1579
IDFCFIRSTB,2026-02-24,81.0,5.01,1576750.0,4006800.0,0.82,2930900.0,6038025.0,84.85,85.98,83.4,4.482,2026-02-03 23:02,-424
IDFCFIRSTB,2026-02-24,82.0,4.22,3209150.0,4609675.0,1.06,3654350.0,9757300.0,84.85,85.98,83.4,4.482,2026-02-03 23:02,-1946
IDFCFIRSTB,2026-02-24,83.0,3.55,2930900.0,6399750.0,1.36,3552325.0,10323075.0,84.85,85.98,83.4,4.482,2026-02-03 23:02,-2365
IDFCFIRSTB,2026-02-24,84.0,2.92,4452000.0,11482450.0,1.73,5787600.0,11769975.0,84.85,85.98,83.4,4.482,2026-02-03 23:02,-2545
IDFCFIRSTB,2026-02-24,85.0,2.35,22130150.0,41403600.0,2.17,7679700.0,7132475.0,84.85,85.98,83.4,4.482,2026-02-03 23:02,-1960
IDFCFIRSTB,2026-02-24,86.0,1.86,3292625.0,11417525.0,2.64,1233575.0,2828875.0,84.85,85.98,83.4,4.482,2026-02-03 23:02,4841
IDFCFIRSTB,2026-02-24,87.0,1.5,3107125.0,6678000.0,3.22,454475.0,1020250.0,84.85,85.98,83.4,4.482,2026-02-03 23:02,8848
IDFCFIRSTB,2026-02-24,88.0,1.12,6279175.0,8829800.0,3.88,797650.0,296800.0,84.85,85.98,83.4,4.482,2026-02-03 23:02,13244
IDFCFIRSTB,2026-02-24,89.0,0.87,3366825.0,4702425.0,5.79,27825.0,55650.0,84.85,85.98,83.4,4.482,2026-02-03 23:02,18422
IDFCFIRSTB,2026-02-24,90.0,0.65,19050850.0,19523875.0,5.32,4572575.0,1103725.0,84.85,85.98,83.4,4.482,2026-02-03 23:02,23822
IDFCFIRSTB,2026-02-24,91.0,0.51,1177925.0,2198175.0,8.0,9275.0,0.0,84.85,85.98,83.4,4.482,2026-02-03 23:02,30114
IDFCFIRSTB,2026-02-24,92.0,0.37,5286750.0,3793475.0,9.5,64925.0,0.0,84.85,85.98,83.4,4.482,2026-02-03 23:02,37771
IDFCFIRSTB,2026-02-24,93.0,0.27,1558200.0,3468850.0,0.0,0.0,0.0,84.85,85.98,83.4,4.482,2026-02-03 23:02,46045
IDFCFIRSTB,2026-02-24,94.0,0.2,4702425.0,7317975.0,10.55,18550.0,0.0,84.85,85.98,83.4,4.482,2026-02-03 23:02,54382
IDFCFIRSTB,2026-02-24,96.0,0.11,3691450.0,3292625.0,13.8,166950.0,0.0,84.85,85.98,83.4,4.482,2026-02-03 23:02,71992
IDFCFIRSTB,2026-02-24,98.0,0.07,8514450.0,3719275.0,13.09,565775.0,259700.0,84.85,85.98,83.4,4.482,2026-02-03 23:02,90109
IEX,2026-02-24,100.0,0.0,0.0,0.0,0.37,142500.0,157500.0,126.26,128.17,124.26,2.969,2026-02-03 23:02,108713
IEX,2026-02-24,102.0,0.0,0.0,0.0,0.39,363750.0,412500.0,126.26,128.17,124.26,2.969,2026-02-03 23:02,100010
IEX,2026-02-24,104.0,0.0,0.0,0.0,0.5,258750.0,510000.0,126.26,128.17,124.26,2.969,2026-02-03 23:02,91370
IEX,2026-02-24,106.0,0.0,0.0,0.0,0.54,1117500.0,476250.0,126.26,128.17,124.26,2.969,2026-02-03 23:02,82783
IEX,2026-02-24,108.0,0.0,0.0,0.0,0.66,330000.0,498750.0,126.26,128.17,124.26,2.969,2026-02-03 23:02,74372
IEX,2026-02-24,110.0,0.0,0.0,0.0,0.83,2238750.0,2220000.0,126.26,128.17,124.26,2.969,2026-02-03 23:02,66066
IEX,2026-02-24,111.0,0.0,0.0,0.0,0.0,0.0,0.0,126.26,128.17,124.26,2.969,2026-02-03 23:02,61961
IEX,2026-02-24,112.0,10.9,3750.0,0.0,1.03,431250.0,345000.0,126.26,128.17,124.26,2.969,2026-02-03 23:02,58043
IEX,2026-02-24,113.0,0.0,0.0,0.0,0.0,0.0,0.0,126.26,128.17,124.26,2.969,2026-02-03 23:02,54128
IEX,2026-02-24,114.0,7.62,18750.0,0.0,1.2,577500.0,1346250.0,126.26,128.17,124.26,2.969,2026-02-03 23:02,50253
IEX,2026-02-24,115.0,8.81,138750.0,0.0,1.39,4470000.0,3150000.0,126.26,128.17,124.26,2.969,2026-02-03 23:02,46383
IEX,2026-02-24,116.0,8.31,56250.0,0.0,1.52,532500.0,315000.0,126.26,128.17,124.26,2.969,2026-02-03 23:02,42529
IEX,2026-02-24,117.0,7.68,22500.0,0.0,1.64,382500.0,213750.0,126.26,128.17,124.26,2.969,2026-02-03 23:02,39200
IEX,2026-02-24,118.0,9.2,71250.0,86250.0,1.87,671250.0,716250.0,126.26,128.17,124.26,2.969,2026-02-03 23:02,35899
IEX,2026-02-24,119.0,8.2,232500.0,127500.0,2.07,817500.0,1215000.0,126.26,128.17,124.26,2.969,2026-02-03 23:02,32658
IEX,2026-02-24,120.0,7.58,1121250.0,1173750.0,2.34,3453750.0,4162500.0,126.26,128.17,124.26,2.969,2026-02-03 23:02,29604
IEX,2026-02-24,121.0,7.0,363750.0,180000.0,2.61,1005000.0,1593750.0,126.26,128.17,124.26,2.969,2026-02-03 23:02,27027
IEX,2026-02-24,122.0,5.97,641250.0,416250.0,2.94,1117500.0,915000.0,126.26,128.17,124.26,2.969,2026-02-03 23:02,24538
IEX,2026-02-24,123.0,5.69,408750.0,315000.0,3.44,828750.0,1357500.0,126.26,128.17,124.26,2.969,2026-02-03 23:02,22287
IEX,2026-02-24,124.0,5.0,735000.0,491250.0,3.91,1128750.0,1668750.0,126.26,128.17,124.26,2.969,2026-02-03 23:02,20053
IEX,2026-02-24,125.0,4.49,3101250.0,7335000.0,4.36,3281250.0,3138750.0,126.26,128.17,124.26,2.969,2026-02-03 23:02,17984
IEX,2026-02-24,126.0,4.06,1192500.0,2336250.0,4.8,678750.0,307500.0,126.26,128.17,124.26,2.969,2026-02-03 23:02,16588
IEX,2026-02-24,127.0,3.58,3142500.0,2988750.0,5.44,971250.0,663750.0,126.26,128.17,124.26,2.969,2026-02-03 23:02,15577
IEX,2026-02-24,128.0,3.21,1440000.0,2441250.0,6.06,367500.0,30000.0,126.26,128.17,124.26,2.969,2026-02-03 23:02,15415
IEX,2026-02-24,129.0,2.87,1586250.0,1237500.0,6.73,382500.0,33750.0,126.26,128.17,124.26,2.969,2026-02-03 23:02,15076
IEX,2026-02-24,130.0,2.61,12453750.0,11343750.0,7.26,4095000.0,581250.0,126.26,128.17,124.26,2.969,2026-02-03 23:02,14893
IEX,2026-02-24,131.0,2.39,1781250.0,420000.0,7.98,285000.0,26250.0,126.26,128.17,124.26,2.969,2026-02-03 23:02,16445
IEX,2026-02-24,132.0,2.12,1800000.0,1181250.0,9.59,356250.0,0.0,126.26,128.17,124.26,2.969,2026-02-03 23:02,18123
IEX,2026-02-24,133.0,1.95,1136250.0,442500.0,10.64,101250.0,0.0,126.26,128.17,124.26,2.969,2026-02-03 23:02,19860
IEX,2026-02-24,134.0,1.74,408750.0,195000.0,11.7,30000.0,0.0,126.26,128.17,124.26,2.969,2026-02-03 23:02,21793
IEX,2026-02-24,135.0,1.55,4290000.0,5036250.0,11.72,1901250.0,120000.0,126.26,128.17,124.26,2.969,2026-02-03 23:02,23693
IEX,2026-02-24,136.0,1.42,296250.0,198750.0,12.6,7500.0,0.0,126.26,128.17,124.26,2.969,2026-02-03 23:02,24613
IEX,2026-02-24,137.0,1.29,416250.0,292500.0,12.49,142500.0,0.0,126.26,128.17,124.26,2.969,2026-02-03 23:02,27158
IEX,2026-02-24,138.0,1.19,138750.0,161250.0,13.05,7500.0,0.0,126.26,128.17,124.26,2.969,2026-02-03 23:02,29603
IEX,2026-02-24,139.0,1.09,75000.0,78750.0,14.2,3750.0,0.0,126.26,128.17,124.26,2.969,2026-02-03 23:02,32194
IEX,2026-02-24,140.0,1.0,7803750.0,4098750.0,15.45,5385000.0,30000.0,126.26,128.17,124.26,2.969,2026-02-03 23:02,34788
IEX,2026-02-24,141.0,0.9,157500.0,157500.0,0.0,0.0,0.0,126.26,128.17,124.26,2.969,2026-02-03 23:02,31159
IEX,2026-02-24,142.0,0.84,71250.0,41250.0,22.0,3750.0,0.0,126.26,128.17,124.26,2.969,2026-02-03 23:02,35100
IEX,2026-02-24,143.0,0.78,168750.0,146250.0,0.0,0.0,0.0,126.26,128.17,124.26,2.969,2026-02-03 23:02,39031
IEX,2026-02-24,144.0,0.73,183750.0,82500.0,0.0,0.0,0.0,126.26,128.17,124.26,2.969,2026-02-03 23:02,42995
IEX,2026-02-24,145.0,0.67,2501250.0,1492500.0,20.88,1327500.0,15000.0,126.26,128.17,124.26,2.969,2026-02-03 23:02,46977
IEX,2026-02-24,146.0,0.9,41250.0,0.0,20.16,3750.0,0.0,126.26,128.17,124.26,2.969,2026-02-03 23:02,48725
IEX,2026-02-24,147.0,0.6,183750.0,30000.0,22.0,7500.0,0.0,126.26,128.17,124.26,2.969,2026-02-03 23:02,53078
IEX,2026-02-24,148.0,10.98,18750.0,0.0,24.0,3750.0,0.0,126.26,128.17,124.26,2.969,2026-02-03 23:02,57448
IEX,2026-02-24,149.0,0.54,48750.0,71250.0,0.0,0.0,0.0,126.26,128.17,124.26,2.969,2026-02-03 23:02,61837
IEX,2026-02-24,150.0,0.5,8013750.0,2531250.0,25.89,2040000.0,15000.0,126.26,128.17,124.26,2.969,2026-02-03 23:02,66222
IEX,2026-02-24,151.0,0.0,0.0,0.0,15.04,7500.0,0.0,126.26,128.17,124.26,2.969,2026-02-03 23:02,66729
IEX,2026-02-24,152.0,4.35,11250.0,0.0,0.0,0.0,0.0,126.26,128.17,124.26,2.969,2026-02-03 23:02,72107
IEX,2026-02-24,153.0,0.32,18750.0,0.0,0.0,0.0,0.0,126.26,128.17,124.26,2.969,2026-02-03 23:02,77502
IEX,2026-02-24,154.0,0.0,0.0,0.0,18.46,3750.0,0.0,126.26,128.17,124.26,2.969,2026-02-03 23:02,82894
IEX,2026-02-24,155.0,0.39,915000.0,270000.0,29.03,277500.0,0.0,126.26,128.17,124.26,2.969,2026-02-03 23:02,88279
IEX,2026-02-24,156.0,0.53,11250.0,0.0,0.0,0.0,0.0,126.26,128.17,124.26,2.969,2026-02-03 23:02,93021
IEX,2026-02-24,157.0,7.72,11250.0,0.0,0.0,0.0,0.0,126.26,128.17,124.26,2.969,2026-02-03 23:02,98534
IEX,2026-02-24,159.0,3.9,11250.0,0.0,0.0,0.0,0.0,126.26,128.17,124.26,2.969,2026-02-03 23:02,109570
IEX,2026-02-24,160.0,0.31,2190000.0,675000.0,36.33,483750.0,11250.0,126.26,128.17,124.26,2.969,2026-02-03 23:02,115089
IEX,2026-02-24,164.0,0.0,0.0,0.0,26.59,3750.0,0.0,126.26,128.17,124.26,2.969,2026-02-03 23:02,136528
IEX,2026-02-24,165.0,0.29,251250.0,153750.0,37.5,210000.0,0.0,126.26,128.17,124.26,2.969,2026-02-03 23:02,142300
IEX,2026-02-24,168.0,2.3,11250.0,0.0,0.0,0.0,0.0,126.26,128.17,124.26,2.969,2026-02-03 23:02,159006
IEX,2026-02-24,169.0,2.2,3750.0,0.0,0.0,0.0,0.0,126.26,128.17,124.26,2.969,2026-02-03 23:02,164838
IEX,2026-02-24,170.0,0.19,1421250.0,378750.0,45.0,1395000.0,3750.0,126.26,128.17,124.26,2.969,2026-02-03 23:02,170669
IEX,2026-02-24,172.0,2.5,7500.0,0.0,0.0,0.0,0.0,126.26,128.17,124.26,2.969,2026-02-03 23:02,176642
IEX,2026-02-24,173.0,1.85,3750.0,0.0,0.0,0.0,0.0,126.26,128.17,124.26,2.969,2026-02-03 23:02,182757
IEX,2026-02-24,174.0,1.7,15000.0,0.0,0.0,0.0,0.0,126.26,128.17,124.26,2.969,2026-02-03 23:02,188870
IEX,2026-02-24,175.0,0.18,150000.0,33750.0,0.0,0.0,0.0,126.26,128.17,124.26,2.969,2026-02-03 23:02,194987
IEX,2026-02-24,177.0,2.05,3750.0,0.0,0.0,0.0,0.0,126.26,128.17,124.26,2.969,2026-02-03 23:02,207248
IEX,2026-02-24,180.0,0.15,836250.0,213750.0,42.0,3750.0,0.0,126.26,128.17,124.26,2.969,2026-02-03 23:02,225638
INDHOTEL,2026-02-24,540.0,0.0,0.0,0.0,0.75,73000.0,0.0,681.5,693.9,678.25,2.651,2026-02-03 23:02,66565
INDHOTEL,2026-02-24,545.0,0.0,0.0,0.0,0.0,0.0,0.0,681.5,693.9,678.25,2.651,2026-02-03 23:02,63577
INDHOTEL,2026-02-24,550.0,0.0,0.0,0.0,0.35,2000.0,0.0,681.5,693.9,678.25,2.651,2026-02-03 23:02,60595
INDHOTEL,2026-02-24,555.0,0.0,0.0,0.0,0.0,0.0,0.0,681.5,693.9,678.25,2.651,2026-02-03 23:02,57613
INDHOTEL,2026-02-24,560.0,0.0,0.0,0.0,0.0,0.0,0.0,681.5,693.9,678.25,2.651,2026-02-03 23:02,54632
INDHOTEL,2026-02-24,565.0,0.0,0.0,0.0,0.0,0.0,0.0,681.5,693.9,678.25,2.651,2026-02-03 23:02,51650
INDHOTEL,2026-02-24,570.0,0.0,0.0,0.0,0.9,79000.0,45000.0,681.5,693.9,678.25,2.651,2026-02-03 23:02,48669
INDHOTEL,2026-02-24,575.0,0.0,0.0,0.0,0.0,0.0,0.0,681.5,693.9,678.25,2.651,2026-02-03 23:02,45720
INDHOTEL,2026-02-24,580.0,0.0,0.0,0.0,1.25,163000.0,2000.0,681.5,693.9,678.25,2.651,2026-02-03 23:02,42778
INDHOTEL,2026-02-24,585.0,0.0,0.0,0.0,0.0,0.0,0.0,681.5,693.9,678.25,2.651,2026-02-03 23:02,39897
INDHOTEL,2026-02-24,590.0,0.0,0.0,0.0,1.4,294000.0,15000.0,681.5,693.9,678.25,2.651,2026-02-03 23:02,37036
INDHOTEL,2026-02-24,595.0,0.0,0.0,0.0,2.6,13000.0,0.0,681.5,693.9,678.25,2.651,2026-02-03 23:02,34282
INDHOTEL,2026-02-24,600.0,72.0,6000.0,0.0,1.75,313000.0,150000.0,681.5,693.9,678.25,2.651,2026-02-03 23:02,31571
INDHOTEL,2026-02-24,605.0,0.0,0.0,0.0,3.45,10000.0,0.0,681.5,693.9,678.25,2.651,2026-02-03 23:02,29012
INDHOTEL,2026-02-24,610.0,0.0,0.0,0.0,2.5,68000.0,94000.0,681.5,693.9,678.25,2.651,2026-02-03 23:02,26466
INDHOTEL,2026-02-24,615.0,0.0,0.0,0.0,2.7,24000.0,6000.0,681.5,693.9,678.25,2.651,2026-02-03 23:02,23941
INDHOTEL,2026-02-24,620.0,46.1,7000.0,0.0,3.35,162000.0,210000.0,681.5,693.9,678.25,2.651,2026-02-03 23:02,21438
INDHOTEL,2026-02-24,625.0,0.0,0.0,0.0,3.45,34000.0,22000.0,681.5,693.9,678.25,2.651,2026-02-03 23:02,19004
INDHOTEL,2026-02-24,630.0,61.0,31000.0,26000.0,4.35,266000.0,421000.0,681.5,693.9,678.25,2.651,2026-02-03 23:02,16597
INDHOTEL,2026-02-24,635.0,0.0,0.0,0.0,4.65,28000.0,75000.0,681.5,693.9,678.25,2.651,2026-02-03 23:02,14424
INDHOTEL,2026-02-24,640.0,49.15,91000.0,34000.0,5.85,241000.0,275000.0,681.5,693.9,678.25,2.651,2026-02-03 23:02,12179
INDHOTEL,2026-02-24,645.0,47.2,67000.0,1000.0,6.65,85000.0,27000.0,681.5,693.9,678.25,2.651,2026-02-03 23:02,10418
INDHOTEL,2026-02-24,650.0,39.6,631000.0,325000.0,7.85,1114000.0,711000.0,681.5,693.9,678.25,2.651,2026-02-03 23:02,8688
INDHOTEL,2026-02-24,655.0,35.95,144000.0,52000.0,9.15,66000.0,120000.0,681.5,693.9,678.25,2.651,2026-02-03 23:02,9194
INDHOTEL,2026-02-24,660.0,32.0,378000.0,273000.0,10.35,509000.0,581000.0,681.5,693.9,678.25,2.651,2026-02-03 23:02,8638
INDHOTEL,2026-02-24,665.0,29.2,55000.0,53000.0,12.3,91000.0,232000.0,681.5,693.9,678.25,2.651,2026-02-03 23:02,8751
INDHOTEL,2026-02-24,670.0,25.4,289000.0,656000.0,13.95,252000.0,638000.0,681.5,693.9,678.25,2.651,2026-02-03 23:02,8304
INDHOTEL,2026-02-24,675.0,22.4,85000.0,219000.0,15.75,61000.0,91000.0,681.5,693.9,678.25,2.651,2026-02-03 23:02,8460
INDHOTEL,2026-02-24,680.0,19.2,468000.0,1138000.0,18.25,392000.0,845000.0,681.5,693.9,678.25,2.651,2026-02-03 23:02,8401
INDHOTEL,2026-02-24,685.0,17.0,216000.0,285000.0,20.5,31000.0,189000.0,681.5,693.9,678.25,2.651,2026-02-03 23:02,8862
INDHOTEL,2026-02-24,690.0,15.1,180000.0,534000.0,23.35,100000.0,129000.0,681.5,693.9,678.25,2.651,2026-02-03 23:02,9566
INDHOTEL,2026-02-24,695.0,13.2,54000.0,204000.0,51.3,10000.0,0.0,681.5,693.9,678.25,2.651,2026-02-03 23:02,10144
INDHOTEL,2026-02-24,700.0,11.0,1227000.0,2412000.0,29.0,405000.0,329000.0,681.5,693.9,678.25,2.651,2026-02-03 23:02,10737
INDHOTEL,2026-02-24,705.0,9.35,30000.0,54000.0,0.0,0.0,0.0,681.5,693.9,678.25,2.651,2026-02-03 23:02,12301
INDHOTEL,2026-02-24,710.0,7.9,232000.0,351000.0,32.0,29000.0,9000.0,681.5,693.9,678.25,2.651,2026-02-03 23:02,13732
INDHOTEL,2026-02-24,715.0,7.1,21000.0,9000.0,70.0,8000.0,0.0,681.5,693.9,678.25,2.651,2026-02-03 23:02,15357
INDHOTEL,2026-02-24,720.0,5.9,535000.0,575000.0,41.4,160000.0,7000.0,681.5,693.9,678.25,2.651,2026-02-03 23:02,16864
INDHOTEL,2026-02-24,725.0,5.0,50000.0,58000.0,0.0,0.0,0.0,681.5,693.9,678.25,2.651,2026-02-03 23:02,18413
INDHOTEL,2026-02-24,730.0,4.15,161000.0,139000.0,50.2,58000.0,6000.0,681.5,693.9,678.25,2.651,2026-02-03 23:02,20359
INDHOTEL,2026-02-24,735.0,2.5,25000.0,0.0,0.0,0.0,0.0,681.5,693.9,678.25,2.651,2026-02-03 23:02,22166
INDHOTEL,2026-02-24,740.0,2.95,184000.0,191000.0,70.0,87000.0,0.0,681.5,693.9,678.25,2.651,2026-02-03 23:02,24215
INDHOTEL,2026-02-24,745.0,2.6,126000.0,42000.0,59.0,4000.0,0.0,681.5,693.9,678.25,2.651,2026-02-03 23:02,25839
INDHOTEL,2026-02-24,750.0,2.2,507000.0,381000.0,69.0,253000.0,18000.0,681.5,693.9,678.25,2.651,2026-02-03 23:02,28091
INDHOTEL,2026-02-24,755.0,2.25,34000.0,1000.0,0.0,0.0,0.0,681.5,693.9,678.25,2.651,2026-02-03 23:02,29081
INDHOTEL,2026-02-24,760.0,1.65,176000.0,52000.0,74.7,123000.0,8000.0,681.5,693.9,678.25,2.651,2026-02-03 23:02,31729
INDHOTEL,2026-02-24,765.0,1.25,43000.0,0.0,0.0,0.0,0.0,681.5,693.9,678.25,2.651,2026-02-03 23:02,33629
INDHOTEL,2026-02-24,770.0,1.25,9000.0,8000.0,95.0,97000.0,0.0,681.5,693.9,678.25,2.651,2026-02-03 23:02,36446
INDHOTEL,2026-02-24,780.0,1.05,49000.0,6000.0,120.0,102000.0,0.0,681.5,693.9,678.25,2.651,2026-02-03 23:02,41254
INDHOTEL,2026-02-24,785.0,8.15,1000.0,0.0,0.0,0.0,0.0,681.5,693.9,678.25,2.651,2026-02-03 23:02,42976
INDHOTEL,2026-02-24,790.0,0.0,0.0,0.0,142.0,1000.0,0.0,681.5,693.9,678.25,2.651,2026-02-03 23:02,45917
INDHOTEL,2026-02-24,800.0,0.75,137000.0,56000.0,144.0,143000.0,0.0,681.5,693.9,678.25,2.651,2026-02-03 23:02,51785
INDHOTEL,2026-02-24,810.0,0.8,2000.0,0.0,152.0,2000.0,0.0,681.5,693.9,678.25,2.651,2026-02-03 23:02,55898
INDHOTEL,2026-02-24,820.0,7.4,5000.0,0.0,0.0,0.0,0.0,681.5,693.9,678.25,2.651,2026-02-03 23:02,62034
INDHOTEL,2026-02-24,830.0,3.4,5000.0,0.0,178.75,12000.0,0.0,681.5,693.9,678.25,2.651,2026-02-03 23:02,68208
INDHOTEL,2026-02-24,840.0,0.75,53000.0,2000.0,0.0,0.0,0.0,681.5,693.9,678.25,2.651,2026-02-03 23:02,74183
INDHOTEL,2026-02-24,880.0,0.25,13000.0,0.0,224.0,73000.0,0.0,681.5,693.9,678.25,2.651,2026-02-03 23:02,99151
INDIGO,2026-02-24,3900.0,0.0,0.0,0.0,3.35,6300.0,7350.0,4946.2,5007.8,4834.5,5.53,2026-02-03 23:02,136032
INDIGO,2026-02-24,4000.0,712.0,5400.0,0.0,3.6,106050.0,105300.0,4946.2,5007.8,4834.5,5.53,2026-02-03 23:02,115268
INDIGO,2026-02-24,4100.0,0.0,0.0,0.0,4.4,25200.0,29250.0,4946.2,5007.8,4834.5,5.53,2026-02-03 23:02,95968
INDIGO,2026-02-24,4150.0,0.0,0.0,0.0,0.0,0.0,0.0,4946.2,5007.8,4834.5,5.53,2026-02-03 23:02,86259
INDIGO,2026-02-24,4200.0,0.0,0.0,0.0,5.5,77400.0,108750.0,4946.2,5007.8,4834.5,5.53,2026-02-03 23:02,76562
INDIGO,2026-02-24,4250.0,0.0,0.0,0.0,6.3,9000.0,13200.0,4946.2,5007.8,4834.5,5.53,2026-02-03 23:02,67208
INDIGO,2026-02-24,4300.0,657.0,4050.0,1350.0,7.1,49800.0,126600.0,4946.2,5007.8,4834.5,5.53,2026-02-03 23:02,57937
INDIGO,2026-02-24,4350.0,0.0,0.0,0.0,8.3,11850.0,20100.0,4946.2,5007.8,4834.5,5.53,2026-02-03 23:02,49172
INDIGO,2026-02-24,4400.0,540.0,2550.0,8400.0,9.85,105600.0,222450.0,4946.2,5007.8,4834.5,5.53,2026-02-03 23:02,40225
INDIGO,2026-02-24,4450.0,0.0,0.0,0.0,11.95,10200.0,34350.0,4946.2,5007.8,4834.5,5.53,2026-02-03 23:02,31862
INDIGO,2026-02-24,4500.0,467.9,62250.0,10050.0,14.05,144000.0,271500.0,4946.2,5007.8,4834.5,5.53,2026-02-03 23:02,23505
INDIGO,2026-02-24,4550.0,418.15,6900.0,4800.0,17.0,24150.0,64500.0,4946.2,5007.8,4834.5,5.53,2026-02-03 23:02,18901
INDIGO,2026-02-24,4600.0,374.7,121950.0,79500.0,21.05,270450.0,355650.0,4946.2,5007.8,4834.5,5.53,2026-02-03 23:02,11990
INDIGO,2026-02-24,4650.0,330.35,78900.0,64050.0,26.45,81750.0,358800.0,4946.2,5007.8,4834.5,5.53,2026-02-03 23:02,10793
INDIGO,2026-02-24,4700.0,285.95,190650.0,217050.0,33.0,211800.0,576900.0,4946.2,5007.8,4834.5,5.53,2026-02-03 23:02,8790
INDIGO,2026-02-24,4750.0,241.95,337200.0,121650.0,41.3,68700.0,255900.0,4946.2,5007.8,4834.5,5.53,2026-02-03 23:02,11162
INDIGO,2026-02-24,4800.0,205.0,319050.0,486600.0,53.2,137100.0,666900.0,4946.2,5007.8,4834.5,5.53,2026-02-03 23:02,18685
INDIGO,2026-02-24,4850.0,170.0,36600.0,220650.0,68.6,40800.0,280050.0,4946.2,5007.8,4834.5,5.53,2026-02-03 23:02,26425
INDIGO,2026-02-24,4900.0,140.5,231600.0,874800.0,87.05,187800.0,1018500.0,4946.2,5007.8,4834.5,5.53,2026-02-03 23:02,29083
INDIGO,2026-02-24,4950.0,113.4,46650.0,442800.0,109.45,71850.0,268950.0,4946.2,5007.8,4834.5,5.53,2026-02-03 23:02,35115
INDIGO,2026-02-24,5000.0,90.35,378900.0,1628250.0,133.6,135000.0,451500.0,4946.2,5007.8,4834.5,5.53,2026-02-03 23:02,39863
INDIGO,2026-02-24,5050.0,70.15,17250.0,183600.0,166.3,23400.0,68100.0,4946.2,5007.8,4834.5,5.53,2026-02-03 23:02,49058
INDIGO,2026-02-24,5100.0,54.2,135600.0,574050.0,199.0,18300.0,70950.0,4946.2,5007.8,4834.5,5.53,2026-02-03 23:02,56568
INDIGO,2026-02-24,5150.0,41.35,28500.0,145650.0,428.95,1200.0,0.0,4946.2,5007.8,4834.5,5.53,2026-02-03 23:02,65487
INDIGO,2026-02-24,5200.0,31.0,133950.0,633000.0,275.65,14850.0,9000.0,4946.2,5007.8,4834.5,5.53,2026-02-03 23:02,74249
INDIGO,2026-02-24,5250.0,23.5,30750.0,97200.0,0.0,0.0,0.0,4946.2,5007.8,4834.5,5.53,2026-02-03 23:02,83696
INDIGO,2026-02-24,5300.0,17.7,96600.0,199200.0,360.0,21600.0,5700.0,4946.2,5007.8,4834.5,5.53,2026-02-03 23:02,93362
INDIGO,2026-02-24,5350.0,13.85,23250.0,18600.0,560.0,150.0,0.0,4946.2,5007.8,4834.5,5.53,2026-02-03 23:02,102940
INDIGO,2026-02-24,5400.0,10.5,111600.0,81750.0,455.0,10800.0,600.0,4946.2,5007.8,4834.5,5.53,2026-02-03 23:02,113266
INDIGO,2026-02-24,5450.0,7.85,15000.0,12600.0,800.0,900.0,0.0,4946.2,5007.8,4834.5,5.53,2026-02-03 23:02,123806
INDIGO,2026-02-24,5500.0,7.25,180300.0,186900.0,550.45,137100.0,17550.0,4946.2,5007.8,4834.5,5.53,2026-02-03 23:02,134739
INDIGO,2026-02-24,5550.0,5.5,5250.0,7050.0,732.0,3300.0,0.0,4946.2,5007.8,4834.5,5.53,2026-02-03 23:02,139904
INDIGO,2026-02-24,5600.0,5.4,29700.0,27000.0,640.0,18300.0,1350.0,4946.2,5007.8,4834.5,5.53,2026-02-03 23:02,152288
INDIGO,2026-02-24,5700.0,4.2,127500.0,60750.0,758.0,6600.0,600.0,4946.2,5007.8,4834.5,5.53,2026-02-03 23:02,176860
INDIGO,2026-02-24,5800.0,3.25,11100.0,3900.0,833.05,3750.0,300.0,4946.2,5007.8,4834.5,5.53,2026-02-03 23:02,203480
INDIGO,2026-02-24,5900.0,0.0,0.0,0.0,1137.9,4050.0,0.0,4946.2,5007.8,4834.5,5.53,2026-02-03 23:02,230388
INDIGO,2026-02-24,6000.0,2.5,22350.0,9150.0,1040.0,43350.0,1650.0,4946.2,5007.8,4834.5,5.53,2026-02-03 23:02,257183
INDIGO,2026-02-24,6100.0,3.3,22350.0,0.0,0.0,0.0,0.0,4946.2,5007.8,4834.5,5.53,2026-02-03 23:02,280594
INDIGO,2026-02-24,6200.0,0.8,4200.0,4650.0,0.0,0.0,0.0,4946.2,5007.8,4834.5,5.53,2026-02-03 23:02,308738
INDIGO,2026-02-24,6400.0,4.5,1350.0,0.0,0.0,0.0,0.0,4946.2,5007.8,4834.5,5.53,2026-02-03 23:02,365097
INDIANB,2026-02-24,680.0,191.6,4000.0,3000.0,0.0,0.0,0.0,870.1,892.1,857.9,4.229,2026-02-03 23:02,40928
INDIANB,2026-02-24,700.0,0.0,0.0,0.0,0.9,42000.0,38000.0,870.1,892.1,857.9,4.229,2026-02-03 23:02,34741
INDIANB,2026-02-24,720.0,128.35,3000.0,0.0,1.2,48000.0,39000.0,870.1,892.1,857.9,4.229,2026-02-03 23:02,28557
INDIANB,2026-02-24,730.0,120.0,5000.0,0.0,0.0,0.0,0.0,870.1,892.1,857.9,4.229,2026-02-03 23:02,25551
INDIANB,2026-02-24,740.0,144.1,12000.0,0.0,1.55,69000.0,43000.0,870.1,892.1,857.9,4.229,2026-02-03 23:02,22577
INDIANB,2026-02-24,750.0,124.0,11000.0,1000.0,1.75,48000.0,101000.0,870.1,892.1,857.9,4.229,2026-02-03 23:02,19786
INDIANB,2026-02-24,760.0,125.0,1000.0,0.0,2.15,104000.0,97000.0,870.1,892.1,857.9,4.229,2026-02-03 23:02,17020
INDIANB,2026-02-24,770.0,118.0,1000.0,0.0,5.5,36000.0,0.0,870.1,892.1,857.9,4.229,2026-02-03 23:02,14221
INDIANB,2026-02-24,780.0,94.0,12000.0,2000.0,3.1,205000.0,184000.0,870.1,892.1,857.9,4.229,2026-02-03 23:02,11461
INDIANB,2026-02-24,790.0,49.25,6000.0,0.0,4.0,47000.0,60000.0,870.1,892.1,857.9,4.229,2026-02-03 23:02,8975
INDIANB,2026-02-24,800.0,76.0,64000.0,36000.0,4.95,370000.0,680000.0,870.1,892.1,857.9,4.229,2026-02-03 23:02,6504
INDIANB,2026-02-24,810.0,67.8,24000.0,61000.0,6.25,134000.0,67000.0,870.1,892.1,857.9,4.229,2026-02-03 23:02,4759
INDIANB,2026-02-24,820.0,59.05,74000.0,94000.0,7.95,242000.0,219000.0,870.1,892.1,857.9,4.229,2026-02-03 23:02,2948
INDIANB,2026-02-24,830.0,51.9,77000.0,99000.0,10.15,100000.0,111000.0,870.1,892.1,857.9,4.229,2026-02-03 23:02,1619
INDIANB,2026-02-24,840.0,44.2,83000.0,117000.0,12.65,274000.0,305000.0,870.1,892.1,857.9,4.229,2026-02-03 23:02,520
INDIANB,2026-02-24,850.0,37.85,250000.0,234000.0,16.4,326000.0,217000.0,870.1,892.1,857.9,4.229,2026-02-03 23:02,-499
INDIANB,2026-02-24,860.0,32.3,124000.0,334000.0,20.65,179000.0,242000.0,870.1,892.1,857.9,4.229,2026-02-03 23:02,-551
INDIANB,2026-02-24,870.0,25.85,214000.0,1540000.0,24.3,158000.0,263000.0,870.1,892.1,857.9,4.229,2026-02-03 23:02,-681
INDIANB,2026-02-24,880.0,21.7,178000.0,626000.0,30.55,250000.0,249000.0,870.1,892.1,857.9,4.229,2026-02-03 23:02,-301
INDIANB,2026-02-24,890.0,17.45,257000.0,331000.0,36.95,76000.0,30000.0,870.1,892.1,857.9,4.229,2026-02-03 23:02,-40
INDIANB,2026-02-24,900.0,14.0,680000.0,1067000.0,43.0,121000.0,88000.0,870.1,892.1,857.9,4.229,2026-02-03 23:02,1099
INDIANB,2026-02-24,910.0,11.35,313000.0,306000.0,49.8,138000.0,26000.0,870.1,892.1,857.9,4.229,2026-02-03 23:02,3304
INDIANB,2026-02-24,920.0,9.35,360000.0,490000.0,57.55,83000.0,11000.0,870.1,892.1,857.9,4.229,2026-02-03 23:02,5196
INDIANB,2026-02-24,930.0,7.35,478000.0,374000.0,54.1,33000.0,1000.0,870.1,892.1,857.9,4.229,2026-02-03 23:02,7722
INDIANB,2026-02-24,940.0,6.3,183000.0,222000.0,75.1,12000.0,7000.0,870.1,892.1,857.9,4.229,2026-02-03 23:02,11073
INDIANB,2026-02-24,950.0,5.0,345000.0,737000.0,81.35,19000.0,15000.0,870.1,892.1,857.9,4.229,2026-02-03 23:02,14471
INDIANB,2026-02-24,960.0,4.15,122000.0,344000.0,120.0,8000.0,0.0,870.1,892.1,857.9,4.229,2026-02-03 23:02,18226
INDIANB,2026-02-24,970.0,3.35,181000.0,223000.0,64.35,4000.0,0.0,870.1,892.1,857.9,4.229,2026-02-03 23:02,22047
INDIANB,2026-02-24,980.0,2.9,65000.0,38000.0,0.0,0.0,0.0,870.1,892.1,857.9,4.229,2026-02-03 23:02,26134
INDIANB,2026-02-24,990.0,2.3,84000.0,131000.0,0.0,0.0,0.0,870.1,892.1,857.9,4.229,2026-02-03 23:02,30270
INDIANB,2026-02-24,1000.0,1.85,393000.0,535000.0,116.15,5000.0,0.0,870.1,892.1,857.9,4.229,2026-02-03 23:02,34490
INDIANB,2026-02-24,1010.0,1.65,52000.0,24000.0,0.0,0.0,0.0,870.1,892.1,857.9,4.229,2026-02-03 23:02,39104
INDIANB,2026-02-24,1020.0,1.3,224000.0,228000.0,137.0,5000.0,0.0,870.1,892.1,857.9,4.229,2026-02-03 23:02,43764
INDIANB,2026-02-24,1040.0,1.0,33000.0,40000.0,0.0,0.0,0.0,870.1,892.1,857.9,4.229,2026-02-03 23:02,53484
INDUSINDBK,2026-02-24,740.0,0.0,0.0,0.0,0.7,114800.0,11200.0,922.4,959.6,916.35,1.335,2026-02-03 23:02,63535
INDUSINDBK,2026-02-24,760.0,0.0,0.0,0.0,1.3,168000.0,77000.0,922.4,959.6,916.35,1.335,2026-02-03 23:02,52133
INDUSINDBK,2026-02-24,770.0,137.0,2100.0,0.0,1.5,86100.0,37800.0,922.4,959.6,916.35,1.335,2026-02-03 23:02,46581
INDUSINDBK,2026-02-24,780.0,0.0,0.0,0.0,1.75,44100.0,56700.0,922.4,959.6,916.35,1.335,2026-02-03 23:02,41156
INDUSINDBK,2026-02-24,790.0,0.0,0.0,0.0,1.9,119700.0,123900.0,922.4,959.6,916.35,1.335,2026-02-03 23:02,35751
INDUSINDBK,2026-02-24,800.0,127.2,54600.0,46900.0,2.25,464100.0,413700.0,922.4,959.6,916.35,1.335,2026-02-03 23:02,30451
INDUSINDBK,2026-02-24,810.0,103.9,11200.0,0.0,2.6,42700.0,249900.0,922.4,959.6,916.35,1.335,2026-02-03 23:02,26283
INDUSINDBK,2026-02-24,820.0,86.8,7700.0,0.0,3.1,77700.0,224000.0,922.4,959.6,916.35,1.335,2026-02-03 23:02,21683
INDUSINDBK,2026-02-24,830.0,103.2,3500.0,9100.0,3.65,119700.0,197400.0,922.4,959.6,916.35,1.335,2026-02-03 23:02,17107
INDUSINDBK,2026-02-24,840.0,95.0,5600.0,4200.0,4.3,119700.0,214200.0,922.4,959.6,916.35,1.335,2026-02-03 23:02,12603
INDUSINDBK,2026-02-24,850.0,79.45,59500.0,16800.0,5.0,329700.0,518700.0,922.4,959.6,916.35,1.335,2026-02-03 23:02,8234
INDUSINDBK,2026-02-24,860.0,71.95,71400.0,16800.0,6.15,290500.0,340900.0,922.4,959.6,916.35,1.335,2026-02-03 23:02,4560
INDUSINDBK,2026-02-24,870.0,62.35,93100.0,32200.0,7.55,260400.0,428400.0,922.4,959.6,916.35,1.335,2026-02-03 23:02,1276
INDUSINDBK,2026-02-24,880.0,54.8,162400.0,298200.0,9.0,418600.0,666400.0,922.4,959.6,916.35,1.335,2026-02-03 23:02,-1606
INDUSINDBK,2026-02-24,890.0,47.4,180600.0,210000.0,11.25,474600.0,611100.0,922.4,959.6,916.35,1.335,2026-02-03 23:02,-3778
INDUSINDBK,2026-02-24,900.0,40.7,1018500.0,1302700.0,13.9,981400.0,1409800.0,922.4,959.6,916.35,1.335,2026-02-03 23:02,-5485
INDUSINDBK,2026-02-24,910.0,33.7,408800.0,655200.0,17.4,380800.0,562800.0,922.4,959.6,916.35,1.335,2026-02-03 23:02,-2734
INDUSINDBK,2026-02-24,920.0,27.6,406700.0,1941800.0,21.95,323400.0,1000300.0,922.4,959.6,916.35,1.335,2026-02-03 23:02,-1260
INDUSINDBK,2026-02-24,930.0,23.2,364700.0,1843100.0,26.2,199500.0,772100.0,922.4,959.6,916.35,1.335,2026-02-03 23:02,641
INDUSINDBK,2026-02-24,940.0,18.75,380800.0,1675800.0,32.15,273000.0,651700.0,922.4,959.6,916.35,1.335,2026-02-03 23:02,3019
INDUSINDBK,2026-02-24,950.0,15.45,1278900.0,3007200.0,38.45,243600.0,540400.0,922.4,959.6,916.35,1.335,2026-02-03 23:02,5563
INDUSINDBK,2026-02-24,960.0,12.3,355600.0,844200.0,45.65,151900.0,546700.0,922.4,959.6,916.35,1.335,2026-02-03 23:02,10832
INDUSINDBK,2026-02-24,970.0,9.75,258300.0,711900.0,52.0,11900.0,27300.0,922.4,959.6,916.35,1.335,2026-02-03 23:02,15313
INDUSINDBK,2026-02-24,980.0,8.05,155400.0,361900.0,61.65,82600.0,141400.0,922.4,959.6,916.35,1.335,2026-02-03 23:02,20511
INDUSINDBK,2026-02-24,990.0,6.4,77700.0,95200.0,0.0,0.0,0.0,922.4,959.6,916.35,1.335,2026-02-03 23:02,25373
INDUSINDBK,2026-02-24,1000.0,5.4,977200.0,1761900.0,79.7,23800.0,24500.0,922.4,959.6,916.35,1.335,2026-02-03 23:02,30746
INDUSINDBK,2026-02-24,1010.0,4.4,107100.0,130200.0,0.0,0.0,0.0,922.4,959.6,916.35,1.335,2026-02-03 23:02,37409
INDUSINDBK,2026-02-24,1020.0,3.65,326200.0,219800.0,121.05,7700.0,0.0,922.4,959.6,916.35,1.335,2026-02-03 23:02,43887
INDUSINDBK,2026-02-24,1030.0,3.1,59500.0,16100.0,0.0,0.0,0.0,922.4,959.6,916.35,1.335,2026-02-03 23:02,50679
INDUSINDBK,2026-02-24,1040.0,2.65,174300.0,138600.0,140.0,2100.0,0.0,922.4,959.6,916.35,1.335,2026-02-03 23:02,57522
INDUSINDBK,2026-02-24,1060.0,1.9,130200.0,70700.0,0.0,0.0,0.0,922.4,959.6,916.35,1.335,2026-02-03 23:02,71542
INDUSINDBK,2026-02-24,1080.0,1.5,75600.0,42000.0,0.0,0.0,0.0,922.4,959.6,916.35,1.335,2026-02-03 23:02,85830
INDUSTOWER,2026-02-24,350.0,0.0,0.0,0.0,0.95,566100.0,734400.0,438.55,450.0,425.4,1.563,2026-02-03 23:02,52202
INDUSTOWER,2026-02-24,360.0,0.0,0.0,0.0,1.2,224400.0,171700.0,438.55,450.0,425.4,1.563,2026-02-03 23:02,42273
INDUSTOWER,2026-02-24,365.0,0.0,0.0,0.0,0.0,0.0,0.0,438.55,450.0,425.4,1.563,2026-02-03 23:02,37421
INDUSTOWER,2026-02-24,370.0,60.4,8500.0,0.0,1.5,333200.0,827900.0,438.55,450.0,425.4,1.563,2026-02-03 23:02,32596
INDUSTOWER,2026-02-24,375.0,52.25,1700.0,0.0,0.0,0.0,0.0,438.55,450.0,425.4,1.563,2026-02-03 23:02,27942
INDUSTOWER,2026-02-24,380.0,0.0,0.0,0.0,1.8,612000.0,1322600.0,438.55,450.0,425.4,1.563,2026-02-03 23:02,23297
INDUSTOWER,2026-02-24,385.0,0.0,0.0,0.0,2.1,141100.0,232900.0,438.55,450.0,425.4,1.563,2026-02-03 23:02,18840
INDUSTOWER,2026-02-24,390.0,45.9,10200.0,0.0,2.25,460700.0,916300.0,438.55,450.0,425.4,1.563,2026-02-03 23:02,14533
INDUSTOWER,2026-02-24,395.0,37.3,13600.0,0.0,2.65,176800.0,207400.0,438.55,450.0,425.4,1.563,2026-02-03 23:02,10434
INDUSTOWER,2026-02-24,400.0,43.15,197200.0,71400.0,2.95,1635400.0,2908700.0,438.55,450.0,425.4,1.563,2026-02-03 23:02,6491
INDUSTOWER,2026-02-24,405.0,28.55,10200.0,0.0,3.4,168300.0,350200.0,438.55,450.0,425.4,1.563,2026-02-03 23:02,3830
INDUSTOWER,2026-02-24,410.0,33.55,125800.0,47600.0,4.05,510000.0,2012800.0,438.55,450.0,425.4,1.563,2026-02-03 23:02,861
INDUSTOWER,2026-02-24,415.0,30.1,362100.0,190400.0,5.25,229500.0,1281800.0,438.55,450.0,425.4,1.563,2026-02-03 23:02,-1546
INDUSTOWER,2026-02-24,420.0,26.75,707200.0,936700.0,5.75,982600.0,4593400.0,438.55,450.0,425.4,1.563,2026-02-03 23:02,-2904
INDUSTOWER,2026-02-24,425.0,22.35,290700.0,1263100.0,6.85,426700.0,1701700.0,438.55,450.0,425.4,1.563,2026-02-03 23:02,-3060
INDUSTOWER,2026-02-24,430.0,19.5,810900.0,3665200.0,8.55,841500.0,4913000.0,438.55,450.0,425.4,1.563,2026-02-03 23:02,-3826
INDUSTOWER,2026-02-24,435.0,16.0,292400.0,2597600.0,10.8,283900.0,2085900.0,438.55,450.0,425.4,1.563,2026-02-03 23:02,-3262
INDUSTOWER,2026-02-24,440.0,13.55,1031900.0,8452400.0,12.6,979200.0,5139100.0,438.55,450.0,425.4,1.563,2026-02-03 23:02,-3110
INDUSTOWER,2026-02-24,445.0,11.05,724200.0,4063000.0,15.3,323000.0,1842800.0,438.55,450.0,425.4,1.563,2026-02-03 23:02,-1949
INDUSTOWER,2026-02-24,450.0,9.0,2975000.0,10390400.0,18.0,858500.0,1982200.0,438.55,450.0,425.4,1.563,2026-02-03 23:02,-123
INDUSTOWER,2026-02-24,455.0,7.35,627300.0,2507500.0,21.15,47600.0,443700.0,438.55,450.0,425.4,1.563,2026-02-03 23:02,4445
INDUSTOWER,2026-02-24,460.0,6.0,1723800.0,5995900.0,25.45,290700.0,1246100.0,438.55,450.0,425.4,1.563,2026-02-03 23:02,8579
INDUSTOWER,2026-02-24,465.0,4.9,234600.0,1587800.0,28.7,15300.0,103700.0,438.55,450.0,425.4,1.563,2026-02-03 23:02,13655
INDUSTOWER,2026-02-24,470.0,3.95,1173000.0,3255500.0,33.2,326400.0,316200.0,438.55,450.0,425.4,1.563,2026-02-03 23:02,18632
INDUSTOWER,2026-02-24,475.0,3.3,226100.0,984300.0,0.0,0.0,0.0,438.55,450.0,425.4,1.563,2026-02-03 23:02,23667
INDUSTOWER,2026-02-24,480.0,2.8,868700.0,2004300.0,42.95,6800.0,5100.0,438.55,450.0,425.4,1.563,2026-02-03 23:02,29511
INDUSTOWER,2026-02-24,485.0,2.85,5100.0,0.0,0.0,0.0,0.0,438.55,450.0,425.4,1.563,2026-02-03 23:02,35932
INDUSTOWER,2026-02-24,490.0,2.05,246500.0,982600.0,57.1,0.0,5100.0,438.55,450.0,425.4,1.563,2026-02-03 23:02,42142
INDUSTOWER,2026-02-24,500.0,1.6,2366400.0,3214700.0,57.0,1700.0,10200.0,438.55,450.0,425.4,1.563,2026-02-03 23:02,54858
INDUSTOWER,2026-02-24,505.0,1.35,102000.0,198900.0,0.0,0.0,0.0,438.55,450.0,425.4,1.563,2026-02-03 23:02,62744
INDUSTOWER,2026-02-24,515.0,1.1,476000.0,731000.0,0.0,0.0,0.0,438.55,450.0,425.4,1.563,2026-02-03 23:02,77892
INFY,2026-02-24,1360.0,260.0,4000.0,0.0,0.75,60800.0,17200.0,1656.0,1728.0,1653.0,1.633,2026-02-03 23:02,121330
INFY,2026-02-24,1400.0,270.4,15600.0,1200.0,0.9,276800.0,144800.0,1656.0,1728.0,1653.0,1.633,2026-02-03 23:02,94576
INFY,2026-02-24,1440.0,223.0,10800.0,2000.0,0.9,394800.0,137600.0,1656.0,1728.0,1653.0,1.633,2026-02-03 23:02,69290
INFY,2026-02-24,1460.0,0.0,0.0,0.0,1.0,133200.0,128000.0,1656.0,1728.0,1653.0,1.633,2026-02-03 23:02,57465
INFY,2026-02-24,1480.0,0.0,0.0,0.0,1.45,147600.0,118800.0,1656.0,1728.0,1653.0,1.633,2026-02-03 23:02,45688
INFY,2026-02-24,1500.0,165.5,148400.0,11600.0,2.05,702400.0,514800.0,1656.0,1728.0,1653.0,1.633,2026-02-03 23:02,34197
INFY,2026-02-24,1520.0,120.05,1200.0,0.0,2.95,229600.0,408000.0,1656.0,1728.0,1653.0,1.633,2026-02-03 23:02,26742
INFY,2026-02-24,1540.0,138.6,45600.0,11200.0,4.15,301600.0,761200.0,1656.0,1728.0,1653.0,1.633,2026-02-03 23:02,17383
INFY,2026-02-24,1560.0,110.0,47200.0,14000.0,5.85,316400.0,1214800.0,1656.0,1728.0,1653.0,1.633,2026-02-03 23:02,9279
INFY,2026-02-24,1580.0,89.25,173200.0,32000.0,8.35,712400.0,1150400.0,1656.0,1728.0,1653.0,1.633,2026-02-03 23:02,1729
INFY,2026-02-24,1600.0,73.55,476000.0,523600.0,11.75,817200.0,2132400.0,1656.0,1728.0,1653.0,1.633,2026-02-03 23:02,-3432
INFY,2026-02-24,1620.0,58.9,403200.0,634400.0,16.45,481200.0,1342000.0,1656.0,1728.0,1653.0,1.633,2026-02-03 23:02,-4417
INFY,2026-02-24,1640.0,45.35,663600.0,1866400.0,22.9,487200.0,2032800.0,1656.0,1728.0,1653.0,1.633,2026-02-03 23:02,-4592
INFY,2026-02-24,1660.0,34.0,1321600.0,3632800.0,31.3,466000.0,2616400.0,1656.0,1728.0,1653.0,1.633,2026-02-03 23:02,-2154
INFY,2026-02-24,1680.0,24.45,1394800.0,5034000.0,41.55,433200.0,2827200.0,1656.0,1728.0,1653.0,1.633,2026-02-03 23:02,4999
INFY,2026-02-24,1700.0,17.5,2552000.0,8330400.0,55.35,426400.0,1086400.0,1656.0,1728.0,1653.0,1.633,2026-02-03 23:02,14385
INFY,2026-02-24,1720.0,12.45,1213600.0,4384000.0,69.2,142400.0,343200.0,1656.0,1728.0,1653.0,1.633,2026-02-03 23:02,30222
INFY,2026-02-24,1740.0,8.6,830400.0,3368400.0,86.3,44400.0,123200.0,1656.0,1728.0,1653.0,1.633,2026-02-03 23:02,47192
INFY,2026-02-24,1760.0,6.1,681200.0,3021600.0,101.6,35600.0,22000.0,1656.0,1728.0,1653.0,1.633,2026-02-03 23:02,65717
INFY,2026-02-24,1780.0,4.5,420800.0,1825200.0,108.65,2000.0,6800.0,1656.0,1728.0,1653.0,1.633,2026-02-03 23:02,85398
INFY,2026-02-24,1800.0,3.5,2012800.0,4424000.0,131.8,117200.0,10400.0,1656.0,1728.0,1653.0,1.633,2026-02-03 23:02,106038
INFY,2026-02-24,1820.0,2.55,476000.0,582800.0,205.0,1200.0,0.0,1656.0,1728.0,1653.0,1.633,2026-02-03 23:02,129931
INFY,2026-02-24,1840.0,2.1,350400.0,326000.0,216.0,25600.0,0.0,1656.0,1728.0,1653.0,1.633,2026-02-03 23:02,155715
INFY,2026-02-24,1860.0,1.55,370400.0,391600.0,0.0,0.0,0.0,1656.0,1728.0,1653.0,1.633,2026-02-03 23:02,181674
INFY,2026-02-24,1880.0,1.5,88800.0,112000.0,196.8,16800.0,2400.0,1656.0,1728.0,1653.0,1.633,2026-02-03 23:02,208912
INFY,2026-02-24,1900.0,1.25,259200.0,470000.0,218.0,800.0,0.0,1656.0,1728.0,1653.0,1.633,2026-02-03 23:02,235986
INFY,2026-02-24,1920.0,1.1,271200.0,295600.0,246.15,5200.0,2000.0,1656.0,1728.0,1653.0,1.633,2026-02-03 23:02,263912
INOXWIND,2026-02-24,85.0,0.0,0.0,0.0,0.66,750750.0,958100.0,106.18,110.27,105.49,1.676,2026-02-03 23:02,36995
INOXWIND,2026-02-24,90.0,16.13,50050.0,0.0,0.91,1522950.0,1065350.0,106.18,110.27,105.49,1.676,2026-02-03 23:02,28955
INOXWIND,2026-02-24,92.5,0.0,0.0,0.0,1.42,264550.0,0.0,106.18,110.27,105.49,1.676,2026-02-03 23:02,25296
INOXWIND,2026-02-24,95.0,0.0,0.0,0.0,1.43,772200.0,1004575.0,106.18,110.27,105.49,1.676,2026-02-03 23:02,21722
INOXWIND,2026-02-24,97.5,11.03,71500.0,35750.0,1.8,532675.0,361075.0,106.18,110.27,105.49,1.676,2026-02-03 23:02,18269
INOXWIND,2026-02-24,100.0,8.91,740025.0,525525.0,2.4,1615900.0,1866150.0,106.18,110.27,105.49,1.676,2026-02-03 23:02,15061
INOXWIND,2026-02-24,102.5,7.39,336050.0,139425.0,2.93,400400.0,479050.0,106.18,110.27,105.49,1.676,2026-02-03 23:02,12730
INOXWIND,2026-02-24,105.0,5.31,2445300.0,1133275.0,4.01,2112825.0,700700.0,106.18,110.27,105.49,1.676,2026-02-03 23:02,10442
INOXWIND,2026-02-24,107.5,4.0,1569425.0,1161875.0,5.12,1133275.0,775775.0,106.18,110.27,105.49,1.676,2026-02-03 23:02,9614
INOXWIND,2026-02-24,110.0,2.96,5112250.0,8812375.0,6.58,2084225.0,650650.0,106.18,110.27,105.49,1.676,2026-02-03 23:02,9059
INOXWIND,2026-02-24,112.5,2.18,704275.0,765050.0,6.65,393250.0,92950.0,106.18,110.27,105.49,1.676,2026-02-03 23:02,10396
INOXWIND,2026-02-24,115.0,1.67,1748175.0,2834975.0,10.01,765050.0,207350.0,106.18,110.27,105.49,1.676,2026-02-03 23:02,11759
INOXWIND,2026-02-24,117.5,1.34,303875.0,278850.0,14.18,125125.0,0.0,106.18,110.27,105.49,1.676,2026-02-03 23:02,13383
INOXWIND,2026-02-24,120.0,0.93,2377375.0,3539250.0,13.36,800800.0,32175.0,106.18,110.27,105.49,1.676,2026-02-03 23:02,15452
INOXWIND,2026-02-24,122.5,0.73,200200.0,253825.0,18.21,64350.0,0.0,106.18,110.27,105.49,1.676,2026-02-03 23:02,17604
INOXWIND,2026-02-24,125.0,0.59,1122550.0,1211925.0,18.82,425425.0,17875.0,106.18,110.27,105.49,1.676,2026-02-03 23:02,20568
INOXWIND,2026-02-24,127.5,0.55,28600.0,89375.0,20.59,32175.0,14300.0,106.18,110.27,105.49,1.676,2026-02-03 23:02,23287
INOXWIND,2026-02-24,130.0,0.4,2127125.0,1608750.0,21.67,403975.0,67925.0,106.18,110.27,105.49,1.676,2026-02-03 23:02,26691
INOXWIND,2026-02-24,132.5,0.0,0.0,0.0,25.34,14300.0,3575.0,106.18,110.27,105.49,1.676,2026-02-03 23:02,30002
INOXWIND,2026-02-24,135.0,0.37,42900.0,0.0,30.5,429000.0,0.0,106.18,110.27,105.49,1.676,2026-02-03 23:02,34071
INOXWIND,2026-02-24,137.5,1.5,32175.0,0.0,31.0,3575.0,0.0,106.18,110.27,105.49,1.676,2026-02-03 23:02,36987
INOXWIND,2026-02-24,140.0,0.22,446875.0,42900.0,32.06,1322750.0,7150.0,106.18,110.27,105.49,1.676,2026-02-03 23:02,41212
INOXWIND,2026-02-24,145.0,0.23,114400.0,0.0,37.93,92950.0,0.0,106.18,110.27,105.49,1.676,2026-02-03 23:02,46330
INOXWIND,2026-02-24,150.0,0.15,425425.0,78650.0,43.05,668525.0,7150.0,106.18,110.27,105.49,1.676,2026-02-03 23:02,55432
IOC,2026-02-24,135.0,0.0,0.0,0.0,0.15,1101750.0,229125.0,167.58,168.69,164.4,1.804,2026-02-03 23:02,48948
IOC,2026-02-24,136.0,0.0,0.0,0.0,0.32,9750.0,0.0,167.58,168.69,164.4,1.804,2026-02-03 23:02,46126
IOC,2026-02-24,138.0,20.8,277875.0,0.0,0.49,4875.0,0.0,167.58,168.69,164.4,1.804,2026-02-03 23:02,40518
IOC,2026-02-24,140.0,24.0,24375.0,0.0,0.21,1023750.0,658125.0,167.58,168.69,164.4,1.804,2026-02-03 23:02,35544
IOC,2026-02-24,142.0,0.0,0.0,0.0,0.27,175500.0,102375.0,167.58,168.69,164.4,1.804,2026-02-03 23:02,30239
IOC,2026-02-24,143.0,0.0,0.0,0.0,0.28,351000.0,58500.0,167.58,168.69,164.4,1.804,2026-02-03 23:02,27580
IOC,2026-02-24,144.0,0.0,0.0,0.0,0.51,14625.0,0.0,167.58,168.69,164.4,1.804,2026-02-03 23:02,24952
IOC,2026-02-24,145.0,14.4,204750.0,0.0,0.33,1340625.0,1452750.0,167.58,168.69,164.4,1.804,2026-02-03 23:02,22335
IOC,2026-02-24,146.0,0.0,0.0,0.0,1.25,39000.0,0.0,167.58,168.69,164.4,1.804,2026-02-03 23:02,20123
IOC,2026-02-24,147.0,0.0,0.0,0.0,1.25,4875.0,0.0,167.58,168.69,164.4,1.804,2026-02-03 23:02,17660
IOC,2026-02-24,148.0,0.0,0.0,0.0,0.43,516750.0,453375.0,167.58,168.69,164.4,1.804,2026-02-03 23:02,15201
IOC,2026-02-24,149.0,0.0,0.0,0.0,1.21,146250.0,0.0,167.58,168.69,164.4,1.804,2026-02-03 23:02,12772
IOC,2026-02-24,150.0,18.16,292500.0,24375.0,0.52,1974375.0,2237625.0,167.58,168.69,164.4,1.804,2026-02-03 23:02,10363
IOC,2026-02-24,151.0,10.0,4875.0,0.0,0.79,243750.0,14625.0,167.58,168.69,164.4,1.804,2026-02-03 23:02,8627
IOC,2026-02-24,152.0,8.75,4875.0,0.0,0.64,312000.0,92625.0,167.58,168.69,164.4,1.804,2026-02-03 23:02,6472
IOC,2026-02-24,153.0,9.0,14625.0,0.0,0.72,341250.0,39000.0,167.58,168.69,164.4,1.804,2026-02-03 23:02,4348
IOC,2026-02-24,154.0,0.0,0.0,0.0,0.8,424125.0,370500.0,167.58,168.69,164.4,1.804,2026-02-03 23:02,2264
IOC,2026-02-24,155.0,14.6,926250.0,112125.0,0.89,1774500.0,2018250.0,167.58,168.69,164.4,1.804,2026-02-03 23:02,199
IOC,2026-02-24,156.0,7.91,24375.0,0.0,1.0,429000.0,160875.0,167.58,168.69,164.4,1.804,2026-02-03 23:02,-366
IOC,2026-02-24,157.0,10.17,336375.0,0.0,1.18,536250.0,248625.0,167.58,168.69,164.4,1.804,2026-02-03 23:02,-2104
IOC,2026-02-24,158.0,9.04,268125.0,0.0,1.29,1053000.0,487500.0,167.58,168.69,164.4,1.804,2026-02-03 23:02,-3453
IOC,2026-02-24,159.0,10.49,487500.0,102375.0,1.47,760500.0,346125.0,167.58,168.69,164.4,1.804,2026-02-03 23:02,-4842
IOC,2026-02-24,160.0,9.77,4899375.0,1199250.0,1.62,3739125.0,5835375.0,167.58,168.69,164.4,1.804,2026-02-03 23:02,-5814
IOC,2026-02-24,161.0,9.28,263250.0,141375.0,1.82,1096875.0,1969500.0,167.58,168.69,164.4,1.804,2026-02-03 23:02,-2140
IOC,2026-02-24,162.0,8.35,804375.0,507000.0,2.12,1340625.0,1642875.0,167.58,168.69,164.4,1.804,2026-02-03 23:02,-2466
IOC,2026-02-24,163.0,7.56,521625.0,585000.0,2.37,1340625.0,1482000.0,167.58,168.69,164.4,1.804,2026-02-03 23:02,-2235
IOC,2026-02-24,164.0,6.92,916500.0,594750.0,2.7,1252875.0,2081625.0,167.58,168.69,164.4,1.804,2026-02-03 23:02,-2129
IOC,2026-02-24,165.0,6.23,4519125.0,8560500.0,3.04,2413125.0,6795750.0,167.58,168.69,164.4,1.804,2026-02-03 23:02,-1586
IOC,2026-02-24,166.0,5.6,526500.0,1550250.0,3.38,960375.0,1681875.0,167.58,168.69,164.4,1.804,2026-02-03 23:02,1435
IOC,2026-02-24,167.0,5.08,1482000.0,3982875.0,3.83,360750.0,833625.0,167.58,168.69,164.4,1.804,2026-02-03 23:02,2494
IOC,2026-02-24,168.0,4.47,1550250.0,3159000.0,10.11,48750.0,0.0,167.58,168.69,164.4,1.804,2026-02-03 23:02,4381
IOC,2026-02-24,169.0,3.99,823875.0,1613625.0,7.87,48750.0,0.0,167.58,168.69,164.4,1.804,2026-02-03 23:02,6458
IOC,2026-02-24,170.0,3.65,5226000.0,18100875.0,5.3,1399125.0,1053000.0,167.58,168.69,164.4,1.804,2026-02-03 23:02,8268
IOC,2026-02-24,171.0,3.24,468000.0,409500.0,0.0,0.0,0.0,167.58,168.69,164.4,1.804,2026-02-03 23:02,11616
IOC,2026-02-24,172.0,2.86,984750.0,1418625.0,8.0,9750.0,0.0,167.58,168.69,164.4,1.804,2026-02-03 23:02,13997
IOC,2026-02-24,173.0,2.53,224250.0,550875.0,7.34,24375.0,73125.0,167.58,168.69,164.4,1.804,2026-02-03 23:02,16600
IOC,2026-02-24,174.0,2.26,136500.0,234000.0,0.0,0.0,0.0,167.58,168.69,164.4,1.804,2026-02-03 23:02,18992
IOC,2026-02-24,175.0,1.99,3017625.0,6181500.0,8.67,2305875.0,385125.0,167.58,168.69,164.4,1.804,2026-02-03 23:02,21391
IOC,2026-02-24,176.0,1.76,243750.0,326625.0,9.41,29250.0,73125.0,167.58,168.69,164.4,1.804,2026-02-03 23:02,22892
IOC,2026-02-24,177.0,1.56,263250.0,273000.0,18.0,34125.0,0.0,167.58,168.69,164.4,1.804,2026-02-03 23:02,25834
IOC,2026-02-24,178.0,1.4,458250.0,526500.0,0.0,0.0,0.0,167.58,168.69,164.4,1.804,2026-02-03 23:02,28770
IOC,2026-02-24,179.0,1.24,180375.0,248625.0,0.0,0.0,0.0,167.58,168.69,164.4,1.804,2026-02-03 23:02,31837
IOC,2026-02-24,180.0,1.14,6166875.0,11080875.0,14.8,131625.0,0.0,167.58,168.69,164.4,1.804,2026-02-03 23:02,34880
IOC,2026-02-24,182.0,0.88,555750.0,736125.0,0.0,0.0,0.0,167.58,168.69,164.4,1.804,2026-02-03 23:02,42689
IOC,2026-02-24,184.0,0.68,214500.0,160875.0,0.0,0.0,0.0,167.58,168.69,164.4,1.804,2026-02-03 23:02,50150
IOC,2026-02-24,186.0,0.53,541125.0,945750.0,18.74,0.0,14625.0,167.58,168.69,164.4,1.804,2026-02-03 23:02,57619
IOC,2026-02-24,188.0,0.4,360750.0,677625.0,0.0,0.0,0.0,167.58,168.69,164.4,1.804,2026-02-03 23:02,65211
IOC,2026-02-24,190.0,0.3,2452125.0,2622750.0,27.0,39000.0,0.0,167.58,168.69,164.4,1.804,2026-02-03 23:02,72861
IRCTC,2026-02-24,510.0,0.0,0.0,0.0,0.5,161000.0,45500.0,614.1,628.95,612.05,0.623,2026-02-03 23:02,83103
IRCTC,2026-02-24,520.0,0.0,0.0,0.0,1.05,33250.0,0.0,614.1,628.95,612.05,0.623,2026-02-03 23:02,74463
IRCTC,2026-02-24,530.0,0.0,0.0,0.0,1.4,84875.0,0.0,614.1,628.95,612.05,0.623,2026-02-03 23:02,65861
IRCTC,2026-02-24,540.0,66.3,2625.0,0.0,1.55,103250.0,66500.0,614.1,628.95,612.05,0.623,2026-02-03 23:02,57335
IRCTC,2026-02-24,545.0,0.0,0.0,0.0,0.0,0.0,0.0,614.1,628.95,612.05,0.623,2026-02-03 23:02,53133
IRCTC,2026-02-24,550.0,62.0,14875.0,875.0,2.1,289625.0,170625.0,614.1,628.95,612.05,0.623,2026-02-03 23:02,48929
IRCTC,2026-02-24,555.0,53.3,875.0,0.0,2.55,22750.0,15750.0,614.1,628.95,612.05,0.623,2026-02-03 23:02,44908
IRCTC,2026-02-24,560.0,52.65,5250.0,0.0,3.1,359625.0,70875.0,614.1,628.95,612.05,0.623,2026-02-03 23:02,40867
IRCTC,2026-02-24,565.0,42.35,1750.0,0.0,4.45,12250.0,0.0,614.1,628.95,612.05,0.623,2026-02-03 23:02,36926
IRCTC,2026-02-24,570.0,48.0,11375.0,875.0,4.45,312375.0,223125.0,614.1,628.95,612.05,0.623,2026-02-03 23:02,33078
IRCTC,2026-02-24,575.0,36.15,10500.0,0.0,5.3,146125.0,76125.0,614.1,628.95,612.05,0.623,2026-02-03 23:02,29305
IRCTC,2026-02-24,580.0,38.45,121625.0,31500.0,6.35,458500.0,259875.0,614.1,628.95,612.05,0.623,2026-02-03 23:02,25655
IRCTC,2026-02-24,585.0,28.9,7000.0,0.0,7.95,179375.0,67375.0,614.1,628.95,612.05,0.623,2026-02-03 23:02,22511
IRCTC,2026-02-24,590.0,31.0,69125.0,17500.0,8.85,346500.0,97125.0,614.1,628.95,612.05,0.623,2026-02-03 23:02,19162
IRCTC,2026-02-24,595.0,24.8,75250.0,0.0,10.3,161000.0,13125.0,614.1,628.95,612.05,0.623,2026-02-03 23:02,16050
IRCTC,2026-02-24,600.0,24.05,575750.0,299250.0,12.35,1243375.0,737625.0,614.1,628.95,612.05,0.623,2026-02-03 23:02,13170
IRCTC,2026-02-24,605.0,21.55,251125.0,219625.0,14.7,289625.0,216125.0,614.1,628.95,612.05,0.623,2026-02-03 23:02,11028
IRCTC,2026-02-24,610.0,18.9,389375.0,378000.0,17.05,422625.0,166250.0,614.1,628.95,612.05,0.623,2026-02-03 23:02,9422
IRCTC,2026-02-24,615.0,16.55,268625.0,511000.0,19.35,424375.0,120750.0,614.1,628.95,612.05,0.623,2026-02-03 23:02,8122
IRCTC,2026-02-24,620.0,14.5,997500.0,1319500.0,22.25,664125.0,123375.0,614.1,628.95,612.05,0.623,2026-02-03 23:02,6777
IRCTC,2026-02-24,625.0,12.7,287875.0,265125.0,25.35,161875.0,67375.0,614.1,628.95,612.05,0.623,2026-02-03 23:02,6608
IRCTC,2026-02-24,630.0,10.85,1387750.0,1347500.0,28.7,680750.0,71750.0,614.1,628.95,612.05,0.623,2026-02-03 23:02,6650
IRCTC,2026-02-24,635.0,9.6,268625.0,272125.0,35.5,83125.0,0.0,614.1,628.95,612.05,0.623,2026-02-03 23:02,7323
IRCTC,2026-02-24,640.0,8.25,1092875.0,507500.0,35.6,363125.0,11375.0,614.1,628.95,612.05,0.623,2026-02-03 23:02,8583
IRCTC,2026-02-24,645.0,7.05,163625.0,106750.0,42.8,6125.0,0.0,614.1,628.95,612.05,0.623,2026-02-03 23:02,10217
IRCTC,2026-02-24,650.0,6.3,1153250.0,993125.0,43.5,518000.0,24500.0,614.1,628.95,612.05,0.623,2026-02-03 23:02,12417
IRCTC,2026-02-24,655.0,5.5,184625.0,53375.0,39.0,11375.0,0.0,614.1,628.95,612.05,0.623,2026-02-03 23:02,13836
IRCTC,2026-02-24,660.0,4.75,386750.0,261625.0,52.35,185500.0,4375.0,614.1,628.95,612.05,0.623,2026-02-03 23:02,16936
IRCTC,2026-02-24,665.0,4.1,131250.0,58625.0,61.0,21875.0,0.0,614.1,628.95,612.05,0.623,2026-02-03 23:02,19479
IRCTC,2026-02-24,670.0,3.5,607250.0,154875.0,71.55,58625.0,0.0,614.1,628.95,612.05,0.623,2026-02-03 23:02,22806
IRCTC,2026-02-24,675.0,3.1,143500.0,19250.0,0.0,0.0,0.0,614.1,628.95,612.05,0.623,2026-02-03 23:02,26338
IRCTC,2026-02-24,680.0,2.75,384125.0,254625.0,73.3,97125.0,0.0,614.1,628.95,612.05,0.623,2026-02-03 23:02,30194
IRCTC,2026-02-24,685.0,2.4,81375.0,10500.0,0.0,0.0,0.0,614.1,628.95,612.05,0.623,2026-02-03 23:02,33639
IRCTC,2026-02-24,690.0,2.1,258125.0,106750.0,81.5,26250.0,0.0,614.1,628.95,612.05,0.623,2026-02-03 23:02,37751
IRCTC,2026-02-24,695.0,1.9,129500.0,18375.0,0.0,0.0,0.0,614.1,628.95,612.05,0.623,2026-02-03 23:02,41826
IRCTC,2026-02-24,700.0,1.7,1414000.0,338625.0,88.65,469875.0,55125.0,614.1,628.95,612.05,0.623,2026-02-03 23:02,46150
IRCTC,2026-02-24,705.0,1.5,44625.0,3500.0,0.0,0.0,0.0,614.1,628.95,612.05,0.623,2026-02-03 23:02,47466
IRCTC,2026-02-24,710.0,1.3,131250.0,42000.0,103.0,24500.0,0.0,614.1,628.95,612.05,0.623,2026-02-03 23:02,52736
IRCTC,2026-02-24,720.0,1.15,413000.0,147875.0,105.0,29750.0,0.0,614.1,628.95,612.05,0.623,2026-02-03 23:02,63184
IRCTC,2026-02-24,725.0,1.0,11375.0,12250.0,120.35,3500.0,0.0,614.1,628.95,612.05,0.623,2026-02-03 23:02,68482
IRCTC,2026-02-24,730.0,0.95,50750.0,7000.0,106.9,23625.0,0.0,614.1,628.95,612.05,0.623,2026-02-03 23:02,74011
IRCTC,2026-02-24,735.0,0.0,0.0,0.0,124.0,875.0,0.0,614.1,628.95,612.05,0.623,2026-02-03 23:02,79371
IRCTC,2026-02-24,740.0,0.75,50750.0,16625.0,140.1,25375.0,0.0,614.1,628.95,612.05,0.623,2026-02-03 23:02,84968
IRCTC,2026-02-24,750.0,0.45,671125.0,98000.0,136.45,36750.0,1750.0,614.1,628.95,612.05,0.623,2026-02-03 23:02,95908
IRCTC,2026-02-24,760.0,0.65,17500.0,1750.0,153.0,23625.0,0.0,614.1,628.95,612.05,0.623,2026-02-03 23:02,107436
IRCTC,2026-02-24,770.0,0.0,0.0,0.0,165.0,4375.0,0.0,614.1,628.95,612.05,0.623,2026-02-03 23:02,119117
IRCTC,2026-02-24,780.0,0.25,34125.0,0.0,166.0,6125.0,0.0,614.1,628.95,612.05,0.623,2026-02-03 23:02,131090
IRCTC,2026-02-24,790.0,1.6,875.0,0.0,187.5,3500.0,0.0,614.1,628.95,612.05,0.623,2026-02-03 23:02,143075
IRCTC,2026-02-24,800.0,0.35,123375.0,40250.0,185.0,212625.0,875.0,614.1,628.95,612.05,0.623,2026-02-03 23:02,155099
IREDA,2026-02-24,106.0,0.0,0.0,0.0,0.42,465750.0,307050.0,129.54,134.67,129.29,1.648,2026-02-03 23:02,38687
IREDA,2026-02-24,107.0,0.0,0.0,0.0,0.0,0.0,0.0,129.54,134.67,129.29,1.648,2026-02-03 23:02,36736
IREDA,2026-02-24,108.0,0.0,0.0,0.0,0.49,431250.0,120750.0,129.54,134.67,129.29,1.648,2026-02-03 23:02,34804
IREDA,2026-02-24,109.0,0.0,0.0,0.0,0.0,0.0,0.0,129.54,134.67,129.29,1.648,2026-02-03 23:02,32895
IREDA,2026-02-24,110.0,16.75,3450.0,0.0,0.58,914250.0,348450.0,129.54,134.67,129.29,1.648,2026-02-03 23:02,31007
IREDA,2026-02-24,111.0,0.0,0.0,0.0,0.0,0.0,0.0,129.54,134.67,129.29,1.648,2026-02-03 23:02,29163
IREDA,2026-02-24,112.0,18.1,6900.0,13800.0,0.69,24150.0,6900.0,129.54,134.67,129.29,1.648,2026-02-03 23:02,27367
IREDA,2026-02-24,113.0,18.75,3450.0,17250.0,0.74,0.0,6900.0,129.54,134.67,129.29,1.648,2026-02-03 23:02,25584
IREDA,2026-02-24,114.0,10.27,3450.0,0.0,1.44,65550.0,0.0,129.54,134.67,129.29,1.648,2026-02-03 23:02,23798
IREDA,2026-02-24,115.0,14.9,17250.0,17250.0,1.0,1117800.0,420900.0,129.54,134.67,129.29,1.648,2026-02-03 23:02,22006
IREDA,2026-02-24,116.0,8.51,3450.0,0.0,1.1,189750.0,72450.0,129.54,134.67,129.29,1.648,2026-02-03 23:02,20247
IREDA,2026-02-24,117.0,0.0,0.0,0.0,1.22,69000.0,44850.0,129.54,134.67,129.29,1.648,2026-02-03 23:02,18576
IREDA,2026-02-24,118.0,8.84,10350.0,0.0,1.34,172500.0,141450.0,129.54,134.67,129.29,1.648,2026-02-03 23:02,16921
IREDA,2026-02-24,119.0,0.0,0.0,0.0,0.0,0.0,0.0,129.54,134.67,129.29,1.648,2026-02-03 23:02,15279
IREDA,2026-02-24,120.0,10.9,355350.0,131100.0,1.67,1535250.0,955650.0,129.54,134.67,129.29,1.648,2026-02-03 23:02,13651
IREDA,2026-02-24,121.0,9.23,3450.0,0.0,1.79,79350.0,51750.0,129.54,134.67,129.29,1.648,2026-02-03 23:02,12343
IREDA,2026-02-24,122.0,10.2,89700.0,10350.0,2.13,310500.0,124200.0,129.54,134.67,129.29,1.648,2026-02-03 23:02,10902
IREDA,2026-02-24,123.0,7.38,10350.0,0.0,3.18,65550.0,0.0,129.54,134.67,129.29,1.648,2026-02-03 23:02,9536
IREDA,2026-02-24,124.0,7.57,527850.0,213900.0,2.5,379500.0,131100.0,129.54,134.67,129.29,1.648,2026-02-03 23:02,8140
IREDA,2026-02-24,125.0,6.89,579600.0,420900.0,2.99,1624950.0,1066050.0,129.54,134.67,129.29,1.648,2026-02-03 23:02,7152
IREDA,2026-02-24,126.0,6.28,96600.0,82800.0,3.38,324300.0,72450.0,129.54,134.67,129.29,1.648,2026-02-03 23:02,5994
IREDA,2026-02-24,127.0,5.91,686550.0,186300.0,3.76,427800.0,134550.0,129.54,134.67,129.29,1.648,2026-02-03 23:02,4915
IREDA,2026-02-24,128.0,5.18,700350.0,138000.0,4.21,524400.0,148350.0,129.54,134.67,129.29,1.648,2026-02-03 23:02,4242
IREDA,2026-02-24,129.0,4.7,455400.0,372600.0,4.77,489900.0,144900.0,129.54,134.67,129.29,1.648,2026-02-03 23:02,3588
IREDA,2026-02-24,130.0,4.19,5444100.0,4733400.0,5.35,3822600.0,1345500.0,129.54,134.67,129.29,1.648,2026-02-03 23:02,2867
IREDA,2026-02-24,131.0,3.74,745200.0,1038450.0,5.87,579600.0,244950.0,129.54,134.67,129.29,1.648,2026-02-03 23:02,3328
IREDA,2026-02-24,132.0,3.32,731400.0,952200.0,6.41,341550.0,120750.0,129.54,134.67,129.29,1.648,2026-02-03 23:02,3624
IREDA,2026-02-24,133.0,3.11,400200.0,434700.0,5.86,207000.0,86250.0,129.54,134.67,129.29,1.648,2026-02-03 23:02,4113
IREDA,2026-02-24,134.0,2.87,386400.0,527850.0,7.61,110400.0,20700.0,129.54,134.67,129.29,1.648,2026-02-03 23:02,4642
IREDA,2026-02-24,135.0,2.41,3539700.0,4950750.0,8.42,969450.0,289800.0,129.54,134.67,129.29,1.648,2026-02-03 23:02,5244
IREDA,2026-02-24,136.0,2.14,445050.0,672750.0,7.75,55200.0,65550.0,129.54,134.67,129.29,1.648,2026-02-03 23:02,6307
IREDA,2026-02-24,137.0,2.01,265650.0,196650.0,9.96,82800.0,31050.0,129.54,134.67,129.29,1.648,2026-02-03 23:02,7436
IREDA,2026-02-24,138.0,1.71,610650.0,924600.0,9.83,41400.0,44850.0,129.54,134.67,129.29,1.648,2026-02-03 23:02,8519
IREDA,2026-02-24,139.0,1.69,210450.0,75900.0,17.44,10350.0,0.0,129.54,134.67,129.29,1.648,2026-02-03 23:02,9759
IREDA,2026-02-24,140.0,1.38,5361300.0,5551050.0,12.37,1176450.0,227700.0,129.54,134.67,129.29,1.648,2026-02-03 23:02,10975
IREDA,2026-02-24,141.0,1.3,89700.0,3450.0,0.0,0.0,0.0,129.54,134.67,129.29,1.648,2026-02-03 23:02,12112
IREDA,2026-02-24,142.0,1.23,372600.0,227700.0,13.8,3450.0,0.0,129.54,134.67,129.29,1.648,2026-02-03 23:02,13985
IREDA,2026-02-24,143.0,1.39,134550.0,17250.0,14.04,13800.0,0.0,129.54,134.67,129.29,1.648,2026-02-03 23:02,15925
IREDA,2026-02-24,144.0,0.92,106950.0,27600.0,16.95,10350.0,0.0,129.54,134.67,129.29,1.648,2026-02-03 23:02,17838
IREDA,2026-02-24,145.0,0.83,2032050.0,1555950.0,16.5,1549050.0,41400.0,129.54,134.67,129.29,1.648,2026-02-03 23:02,19755
IREDA,2026-02-24,146.0,1.11,138000.0,34500.0,23.0,0.0,0.0,129.54,134.67,129.29,1.648,2026-02-03 23:02,19652
IREDA,2026-02-24,147.0,0.8,193200.0,48300.0,23.76,6900.0,0.0,129.54,134.67,129.29,1.648,2026-02-03 23:02,21964
IREDA,2026-02-24,148.0,1.6,13800.0,3450.0,18.0,6900.0,13800.0,129.54,134.67,129.29,1.648,2026-02-03 23:02,24281
IREDA,2026-02-24,149.0,0.59,131100.0,162150.0,15.82,13800.0,0.0,129.54,134.67,129.29,1.648,2026-02-03 23:02,26590
IREDA,2026-02-24,150.0,0.55,4084800.0,3184350.0,21.0,527850.0,103500.0,129.54,134.67,129.29,1.648,2026-02-03 23:02,28910
IREDA,2026-02-24,152.0,0.6,148350.0,10350.0,26.65,10350.0,0.0,129.54,134.67,129.29,1.648,2026-02-03 23:02,33616
IREDA,2026-02-24,153.0,0.0,0.0,0.0,23.75,10350.0,0.0,129.54,134.67,129.29,1.648,2026-02-03 23:02,36409
IREDA,2026-02-24,154.0,0.91,37950.0,0.0,0.0,0.0,0.0,129.54,134.67,129.29,1.648,2026-02-03 23:02,39196
IREDA,2026-02-24,155.0,0.35,665850.0,524400.0,28.07,193200.0,0.0,129.54,134.67,129.29,1.648,2026-02-03 23:02,42016
IREDA,2026-02-24,156.0,1.3,3450.0,0.0,0.0,0.0,0.0,129.54,134.67,129.29,1.648,2026-02-03 23:02,44398
IREDA,2026-02-24,160.0,0.29,2159700.0,924600.0,29.47,320850.0,10350.0,129.54,134.67,129.29,1.648,2026-02-03 23:02,56007
IREDA,2026-02-24,165.0,0.23,417450.0,72450.0,39.4,248400.0,0.0,129.54,134.67,129.29,1.648,2026-02-03 23:02,70875
IREDA,2026-02-24,166.0,0.0,0.0,0.0,40.5,3450.0,0.0,129.54,134.67,129.29,1.648,2026-02-03 23:02,73123
IREDA,2026-02-24,167.0,0.0,0.0,0.0,42.0,251850.0,0.0,129.54,134.67,129.29,1.648,2026-02-03 23:02,76326
IRFC,2026-02-24,96.0,0.0,0.0,0.0,0.17,1117750.0,701250.0,115.12,119.79,114.85,0.165,2026-02-03 23:02,56422
IRFC,2026-02-24,97.0,0.0,0.0,0.0,0.0,0.0,0.0,115.12,119.79,114.85,0.165,2026-02-03 23:02,52348
IRFC,2026-02-24,98.0,15.99,21250.0,0.0,0.0,0.0,0.0,115.12,119.79,114.85,0.165,2026-02-03 23:02,48294
IRFC,2026-02-24,99.0,0.0,0.0,0.0,0.0,0.0,0.0,115.12,119.79,114.85,0.165,2026-02-03 23:02,44275
IRFC,2026-02-24,100.0,15.65,221000.0,0.0,0.31,2312000.0,2044250.0,115.12,119.79,114.85,0.165,2026-02-03 23:02,40223
IRFC,2026-02-24,101.0,0.0,0.0,0.0,0.32,17000.0,38250.0,115.12,119.79,114.85,0.165,2026-02-03 23:02,36698
IRFC,2026-02-24,102.0,10.0,4250.0,0.0,0.0,0.0,0.0,115.12,119.79,114.85,0.165,2026-02-03 23:02,32900
IRFC,2026-02-24,103.0,0.0,0.0,0.0,0.49,518500.0,926500.0,115.12,119.79,114.85,0.165,2026-02-03 23:02,29108
IRFC,2026-02-24,104.0,0.0,0.0,0.0,0.56,412250.0,191250.0,115.12,119.79,114.85,0.165,2026-02-03 23:02,25337
IRFC,2026-02-24,105.0,11.18,17000.0,0.0,0.65,6086000.0,3463750.0,115.12,119.79,114.85,0.165,2026-02-03 23:02,21610
IRFC,2026-02-24,106.0,9.37,21250.0,0.0,0.79,892500.0,433500.0,115.12,119.79,114.85,0.165,2026-02-03 23:02,18140
IRFC,2026-02-24,107.0,9.79,34000.0,0.0,0.95,327250.0,497250.0,115.12,119.79,114.85,0.165,2026-02-03 23:02,15087
IRFC,2026-02-24,108.0,8.75,42500.0,0.0,1.13,1411000.0,1211250.0,115.12,119.79,114.85,0.165,2026-02-03 23:02,12123
IRFC,2026-02-24,109.0,8.42,21250.0,8500.0,1.34,378250.0,905250.0,115.12,119.79,114.85,0.165,2026-02-03 23:02,9180
IRFC,2026-02-24,110.0,6.75,726750.0,573750.0,1.64,3395750.0,2558500.0,115.12,119.79,114.85,0.165,2026-02-03 23:02,6367
IRFC,2026-02-24,111.0,6.07,195500.0,46750.0,1.96,1181500.0,1347250.0,115.12,119.79,114.85,0.165,2026-02-03 23:02,3932
IRFC,2026-02-24,112.0,5.43,552500.0,289000.0,2.33,1640500.0,1929500.0,115.12,119.79,114.85,0.165,2026-02-03 23:02,1588
IRFC,2026-02-24,113.0,4.86,1598000.0,998750.0,2.76,1453500.0,2554250.0,115.12,119.79,114.85,0.165,2026-02-03 23:02,-505
IRFC,2026-02-24,114.0,4.37,1143250.0,1160250.0,3.23,1496000.0,1640500.0,115.12,119.79,114.85,0.165,2026-02-03 23:02,-1836
IRFC,2026-02-24,115.0,3.91,4840750.0,8495750.0,3.74,3268250.0,3557250.0,115.12,119.79,114.85,0.165,2026-02-03 23:02,-3262
IRFC,2026-02-24,116.0,3.54,2456500.0,6111500.0,4.35,1755250.0,2592500.0,115.12,119.79,114.85,0.165,2026-02-03 23:02,-3223
IRFC,2026-02-24,117.0,3.12,1585250.0,5469750.0,4.99,1504500.0,2218500.0,115.12,119.79,114.85,0.165,2026-02-03 23:02,-3327
IRFC,2026-02-24,118.0,2.8,2159000.0,5176500.0,5.65,1058250.0,650250.0,115.12,119.79,114.85,0.165,2026-02-03 23:02,-3485
IRFC,2026-02-24,119.0,2.52,1457750.0,3642250.0,6.31,803250.0,157250.0,115.12,119.79,114.85,0.165,2026-02-03 23:02,-3058
IRFC,2026-02-24,120.0,2.3,12495000.0,19800750.0,7.01,3200250.0,977500.0,115.12,119.79,114.85,0.165,2026-02-03 23:02,-2551
IRFC,2026-02-24,121.0,2.08,2915500.0,2826250.0,7.96,1126250.0,102000.0,115.12,119.79,114.85,0.165,2026-02-03 23:02,295
IRFC,2026-02-24,122.0,1.85,2431000.0,2103750.0,8.23,1334500.0,157250.0,115.12,119.79,114.85,0.165,2026-02-03 23:02,2625
IRFC,2026-02-24,123.0,1.69,2367250.0,1759500.0,8.7,527000.0,21250.0,115.12,119.79,114.85,0.165,2026-02-03 23:02,4973
IRFC,2026-02-24,124.0,1.54,4165000.0,2184500.0,10.21,259250.0,76500.0,115.12,119.79,114.85,0.165,2026-02-03 23:02,8201
IRFC,2026-02-24,125.0,1.42,10650500.0,9082250.0,10.74,1028500.0,42500.0,115.12,119.79,114.85,0.165,2026-02-03 23:02,12306
IRFC,2026-02-24,126.0,1.31,1381250.0,1283500.0,13.83,8500.0,0.0,115.12,119.79,114.85,0.165,2026-02-03 23:02,17610
IRFC,2026-02-24,127.0,1.06,1143250.0,1066750.0,14.8,29750.0,0.0,115.12,119.79,114.85,0.165,2026-02-03 23:02,22815
IRFC,2026-02-24,128.0,1.08,1725500.0,2052750.0,9.74,34000.0,0.0,115.12,119.79,114.85,0.165,2026-02-03 23:02,28044
IRFC,2026-02-24,129.0,0.97,569500.0,714000.0,11.04,12750.0,0.0,115.12,119.79,114.85,0.165,2026-02-03 23:02,33526
IRFC,2026-02-24,130.0,0.89,14722000.0,11925500.0,16.12,1955000.0,131750.0,115.12,119.79,114.85,0.165,2026-02-03 23:02,38954
IRFC,2026-02-24,131.0,0.82,412250.0,395250.0,12.13,8500.0,0.0,115.12,119.79,114.85,0.165,2026-02-03 23:02,44168
IRFC,2026-02-24,132.0,0.71,1037000.0,620500.0,17.9,8500.0,0.0,115.12,119.79,114.85,0.165,2026-02-03 23:02,51288
IRFC,2026-02-24,133.0,0.7,476000.0,327250.0,17.3,12750.0,4250.0,115.12,119.79,114.85,0.165,2026-02-03 23:02,58547
IRFC,2026-02-24,134.0,0.64,1151750.0,97750.0,21.22,17000.0,0.0,115.12,119.79,114.85,0.165,2026-02-03 23:02,65809
IRFC,2026-02-24,135.0,0.61,3366000.0,1921000.0,21.0,153000.0,25500.0,115.12,119.79,114.85,0.165,2026-02-03 23:02,73213
IRFC,2026-02-24,136.0,0.56,888250.0,501500.0,16.71,21250.0,0.0,115.12,119.79,114.85,0.165,2026-02-03 23:02,80816
IRFC,2026-02-24,137.0,0.51,297500.0,641750.0,0.0,0.0,0.0,115.12,119.79,114.85,0.165,2026-02-03 23:02,88640
IRFC,2026-02-24,138.0,0.48,816000.0,1950750.0,0.0,0.0,0.0,115.12,119.79,114.85,0.165,2026-02-03 23:02,96495
IRFC,2026-02-24,139.0,0.43,420750.0,675750.0,0.0,0.0,0.0,115.12,119.79,114.85,0.165,2026-02-03 23:02,104455
IRFC,2026-02-24,140.0,0.4,8232250.0,6532250.0,25.75,837250.0,0.0,115.12,119.79,114.85,0.165,2026-02-03 23:02,112437
IRFC,2026-02-24,142.0,0.35,769250.0,862750.0,23.3,8500.0,0.0,115.12,119.79,114.85,0.165,2026-02-03 23:02,128350
IRFC,2026-02-24,144.0,0.28,1840250.0,1088000.0,24.6,51000.0,0.0,115.12,119.79,114.85,0.165,2026-02-03 23:02,146253
IRFC,2026-02-24,150.0,0.21,4339250.0,1457750.0,0.0,0.0,0.0,115.12,119.79,114.85,0.165,2026-02-03 23:02,201002
IRFC,2026-02-24,152.0,0.18,1049750.0,110500.0,0.0,0.0,0.0,115.12,119.79,114.85,0.165,2026-02-03 23:02,220235
ITC,2026-02-24,250.0,0.0,0.0,0.0,0.15,262400.0,334400.0,316.65,324.75,311.6,0.62,2026-02-03 23:02,509154
ITC,2026-02-24,255.0,0.0,0.0,0.0,0.15,60800.0,105600.0,316.65,324.75,311.6,0.62,2026-02-03 23:02,470677
ITC,2026-02-24,260.0,61.8,16000.0,0.0,0.2,2196800.0,672000.0,316.65,324.75,311.6,0.62,2026-02-03 23:02,432234
ITC,2026-02-24,265.0,0.0,0.0,0.0,0.3,1056000.0,476800.0,316.65,324.75,311.6,0.62,2026-02-03 23:02,394953
ITC,2026-02-24,270.0,53.75,3200.0,0.0,0.4,1585600.0,1059200.0,316.65,324.75,311.6,0.62,2026-02-03 23:02,358113
ITC,2026-02-24,275.0,0.0,0.0,0.0,0.5,857600.0,545600.0,316.65,324.75,311.6,0.62,2026-02-03 23:02,322053
ITC,2026-02-24,280.0,37.85,259200.0,204800.0,0.6,2012800.0,2496000.0,316.65,324.75,311.6,0.62,2026-02-03 23:02,286426
ITC,2026-02-24,282.5,0.0,0.0,0.0,0.7,96000.0,123200.0,316.65,324.75,311.6,0.62,2026-02-03 23:02,270062
ITC,2026-02-24,285.0,34.4,11200.0,1600.0,0.8,752000.0,923200.0,316.65,324.75,311.6,0.62,2026-02-03 23:02,252854
ITC,2026-02-24,287.5,0.0,0.0,0.0,0.9,259200.0,214400.0,316.65,324.75,311.6,0.62,2026-02-03 23:02,235823
ITC,2026-02-24,290.0,28.0,211200.0,91200.0,1.05,2779200.0,3318400.0,316.65,324.75,311.6,0.62,2026-02-03 23:02,218855
ITC,2026-02-24,292.5,21.1,19200.0,0.0,1.2,696000.0,1492800.0,316.65,324.75,311.6,0.62,2026-02-03 23:02,202957
ITC,2026-02-24,295.0,23.6,92800.0,104000.0,1.4,2009600.0,2560000.0,316.65,324.75,311.6,0.62,2026-02-03 23:02,186896
ITC,2026-02-24,297.5,21.75,89600.0,46400.0,1.6,857600.0,1064000.0,316.65,324.75,311.6,0.62,2026-02-03 23:02,171341
ITC,2026-02-24,300.0,19.45,2188800.0,1211200.0,1.9,7912000.0,10595200.0,316.65,324.75,311.6,0.62,2026-02-03 23:02,156142
ITC,2026-02-24,302.5,17.4,440000.0,262400.0,2.1,2283200.0,3086400.0,316.65,324.75,311.6,0.62,2026-02-03 23:02,146166
ITC,2026-02-24,305.0,15.25,843200.0,2022400.0,2.45,2369600.0,7676800.0,316.65,324.75,311.6,0.62,2026-02-03 23:02,134402
ITC,2026-02-24,307.5,13.25,411200.0,1160000.0,2.9,822400.0,4283200.0,316.65,324.75,311.6,0.62,2026-02-03 23:02,123860
ITC,2026-02-24,310.0,11.35,2401600.0,9635200.0,3.4,5065600.0,12059200.0,316.65,324.75,311.6,0.62,2026-02-03 23:02,113228
ITC,2026-02-24,312.5,9.5,654400.0,4785600.0,4.15,1329600.0,7536000.0,316.65,324.75,311.6,0.62,2026-02-03 23:02,105160
ITC,2026-02-24,315.0,7.85,5692800.0,17870400.0,4.9,3017600.0,13158400.0,316.65,324.75,311.6,0.62,2026-02-03 23:02,96654
ITC,2026-02-24,317.5,6.55,1376000.0,7726400.0,6.0,1203200.0,2998400.0,316.65,324.75,311.6,0.62,2026-02-03 23:02,93247
ITC,2026-02-24,320.0,5.3,12345600.0,30627200.0,7.2,5630400.0,7689600.0,316.65,324.75,311.6,0.62,2026-02-03 23:02,87673
ITC,2026-02-24,322.5,4.15,3164800.0,5147200.0,8.65,2268800.0,748800.0,316.65,324.75,311.6,0.62,2026-02-03 23:02,88903
ITC,2026-02-24,325.0,3.2,12516800.0,14656000.0,10.25,5360000.0,2216000.0,316.65,324.75,311.6,0.62,2026-02-03 23:02,88353
ITC,2026-02-24,327.5,2.55,1955200.0,5505600.0,12.05,1067200.0,174400.0,316.65,324.75,311.6,0.62,2026-02-03 23:02,91433
ITC,2026-02-24,330.0,2.0,20216000.0,30004800.0,13.85,4169600.0,784000.0,316.65,324.75,311.6,0.62,2026-02-03 23:02,95969
ITC,2026-02-24,332.5,1.6,2089600.0,3377600.0,16.3,144000.0,12800.0,316.65,324.75,311.6,0.62,2026-02-03 23:02,105658
ITC,2026-02-24,335.0,1.4,6115200.0,4648000.0,18.2,974400.0,158400.0,316.65,324.75,311.6,0.62,2026-02-03 23:02,117736
ITC,2026-02-24,337.5,1.15,691200.0,920000.0,21.05,115200.0,40000.0,316.65,324.75,311.6,0.62,2026-02-03 23:02,130570
ITC,2026-02-24,340.0,1.0,12825600.0,13080000.0,22.8,2577600.0,182400.0,316.65,324.75,311.6,0.62,2026-02-03 23:02,144360
ITC,2026-02-24,342.5,0.85,473600.0,748800.0,31.95,86400.0,0.0,316.65,324.75,311.6,0.62,2026-02-03 23:02,157569
ITC,2026-02-24,345.0,0.75,2241600.0,3433600.0,28.05,684800.0,41600.0,316.65,324.75,311.6,0.62,2026-02-03 23:02,175277
ITC,2026-02-24,347.5,0.7,689600.0,980800.0,34.3,27200.0,1600.0,316.65,324.75,311.6,0.62,2026-02-03 23:02,192200
ITC,2026-02-24,350.0,0.6,17108800.0,27166400.0,32.85,3873600.0,332800.0,316.65,324.75,311.6,0.62,2026-02-03 23:02,211009
ITC,2026-02-24,352.5,0.55,1078400.0,284800.0,32.85,153600.0,0.0,316.65,324.75,311.6,0.62,2026-02-03 23:02,223411
ITC,2026-02-24,355.0,0.45,1321600.0,1673600.0,37.05,318400.0,8000.0,316.65,324.75,311.6,0.62,2026-02-03 23:02,247374
ITC,2026-02-24,357.5,0.45,476800.0,553600.0,38.0,6400.0,0.0,316.65,324.75,311.6,0.62,2026-02-03 23:02,271071
ITC,2026-02-24,360.0,0.4,8564800.0,16468800.0,42.55,1419200.0,72000.0,316.65,324.75,311.6,0.62,2026-02-03 23:02,296007
ITC,2026-02-24,362.5,0.35,182400.0,116800.0,0.0,0.0,0.0,316.65,324.75,311.6,0.62,2026-02-03 23:02,317746
ITC,2026-02-24,365.0,0.3,1208000.0,2299200.0,51.5,227200.0,0.0,316.65,324.75,311.6,0.62,2026-02-03 23:02,345233
ITC,2026-02-24,367.5,0.3,185600.0,136000.0,0.0,0.0,0.0,316.65,324.75,311.6,0.62,2026-02-03 23:02,371938
ITC,2026-02-24,370.0,0.25,3937600.0,4923200.0,52.75,1545600.0,83200.0,316.65,324.75,311.6,0.62,2026-02-03 23:02,399829
ITC,2026-02-24,372.5,0.35,147200.0,30400.0,0.0,0.0,0.0,316.65,324.75,311.6,0.62,2026-02-03 23:02,421031
ITC,2026-02-24,375.0,0.25,1624000.0,910400.0,57.4,275200.0,12800.0,316.65,324.75,311.6,0.62,2026-02-03 23:02,450329
ITC,2026-02-24,377.5,0.25,115200.0,68800.0,0.0,0.0,0.0,316.65,324.75,311.6,0.62,2026-02-03 23:02,478558
ITC,2026-02-24,380.0,0.2,4268800.0,1123200.0,62.3,1355200.0,27200.0,316.65,324.75,311.6,0.62,2026-02-03 23:02,508358
ITC,2026-02-24,382.5,0.2,236800.0,84800.0,60.0,1600.0,0.0,316.65,324.75,311.6,0.62,2026-02-03 23:02,531203
ITC,2026-02-24,385.0,0.2,384000.0,80000.0,63.6,83200.0,0.0,316.65,324.75,311.6,0.62,2026-02-03 23:02,562461
ITC,2026-02-24,387.5,0.2,123200.0,22400.0,0.0,0.0,0.0,316.65,324.75,311.6,0.62,2026-02-03 23:02,593319
ITC,2026-02-24,390.0,0.15,1217600.0,596800.0,73.5,708800.0,14400.0,316.65,324.75,311.6,0.62,2026-02-03 23:02,624731
ITC,2026-02-24,392.5,0.2,148800.0,36800.0,67.9,1600.0,0.0,316.65,324.75,311.6,0.62,2026-02-03 23:02,651431
ITC,2026-02-24,395.0,0.15,113600.0,238400.0,72.85,32000.0,0.0,316.65,324.75,311.6,0.62,2026-02-03 23:02,683353
ITC,2026-02-24,397.5,0.15,81600.0,3200.0,71.0,1600.0,0.0,316.65,324.75,311.6,0.62,2026-02-03 23:02,715087
ITC,2026-02-24,400.0,0.1,8198400.0,2412800.0,80.05,3046400.0,27200.0,316.65,324.75,311.6,0.62,2026-02-03 23:02,747063
ITC,2026-02-24,402.5,0.0,0.0,0.0,77.0,11200.0,0.0,316.65,324.75,311.6,0.62,2026-02-03 23:02,757556
ITC,2026-02-24,405.0,0.1,336000.0,41600.0,76.0,27200.0,0.0,316.65,324.75,311.6,0.62,2026-02-03 23:02,792270
ITC,2026-02-24,407.5,0.0,0.0,0.0,81.0,11200.0,0.0,316.65,324.75,311.6,0.62,2026-02-03 23:02,826958
ITC,2026-02-24,410.0,0.1,963200.0,208000.0,91.0,358400.0,3200.0,316.65,324.75,311.6,0.62,2026-02-03 23:02,861761
ITC,2026-02-24,412.5,0.0,0.0,0.0,97.05,19200.0,6400.0,316.65,324.75,311.6,0.62,2026-02-03 23:02,893734
ITC,2026-02-24,415.0,0.15,22400.0,64000.0,90.7,24000.0,0.0,316.65,324.75,311.6,0.62,2026-02-03 23:02,928777
ITC,2026-02-24,420.0,0.15,456000.0,51200.0,100.9,318400.0,4800.0,316.65,324.75,311.6,0.62,2026-02-03 23:02,999041
ITC,2026-02-24,425.0,0.15,6400.0,44800.0,100.0,12800.0,0.0,316.65,324.75,311.6,0.62,2026-02-03 23:02,1066704
ITC,2026-02-24,430.0,0.1,140800.0,137600.0,108.0,104000.0,0.0,316.65,324.75,311.6,0.62,2026-02-03 23:02,1137455
ITC,2026-02-24,435.0,0.1,9600.0,0.0,113.0,27200.0,0.0,316.65,324.75,311.6,0.62,2026-02-03 23:02,1207334
ITC,2026-02-24,440.0,0.1,80000.0,1600.0,115.45,97600.0,0.0,316.65,324.75,311.6,0.62,2026-02-03 23:02,1278046
ITC,2026-02-24,445.0,0.0,0.0,0.0,79.25,3200.0,0.0,316.65,324.75,311.6,0.62,2026-02-03 23:02,1348028
ITC,2026-02-24,450.0,0.1,579200.0,225600.0,133.0,488000.0,0.0,316.65,324.75,311.6,0.62,2026-02-03 23:02,1419112
ITC,2026-02-24,460.0,0.1,40000.0,0.0,136.0,59200.0,0.0,316.65,324.75,311.6,0.62,2026-02-03 23:02,1555914
ITC,2026-02-24,465.0,0.0,0.0,0.0,141.0,4800.0,0.0,316.65,324.75,311.6,0.62,2026-02-03 23:02,1626802
ITC,2026-02-24,470.0,0.15,236800.0,278400.0,66.5,1600.0,0.0,316.65,324.75,311.6,0.62,2026-02-03 23:02,1698429
JINDALSTEL,2026-02-24,860.0,0.0,0.0,0.0,4.2,15000.0,0.0,1149.7,1170.6,1135.0,2.186,2026-02-03 23:02,52616
JINDALSTEL,2026-02-24,870.0,0.0,0.0,0.0,1.65,625.0,0.0,1149.7,1170.6,1135.0,2.186,2026-02-03 23:02,49342
JINDALSTEL,2026-02-24,890.0,0.0,0.0,0.0,0.75,10625.0,0.0,1149.7,1170.6,1135.0,2.186,2026-02-03 23:02,42808
JINDALSTEL,2026-02-24,900.0,240.0,3125.0,625.0,0.9,55000.0,21250.0,1149.7,1170.6,1135.0,2.186,2026-02-03 23:02,39551
JINDALSTEL,2026-02-24,910.0,0.0,0.0,0.0,1.6,54375.0,0.0,1149.7,1170.6,1135.0,2.186,2026-02-03 23:02,36423
JINDALSTEL,2026-02-24,920.0,0.0,0.0,0.0,1.5,70625.0,1875.0,1149.7,1170.6,1135.0,2.186,2026-02-03 23:02,33271
JINDALSTEL,2026-02-24,940.0,0.0,0.0,0.0,1.35,37500.0,5000.0,1149.7,1170.6,1135.0,2.186,2026-02-03 23:02,27114
JINDALSTEL,2026-02-24,950.0,0.0,0.0,0.0,1.8,154375.0,46250.0,1149.7,1170.6,1135.0,2.186,2026-02-03 23:02,24073
JINDALSTEL,2026-02-24,960.0,151.65,625.0,0.0,1.7,36875.0,10000.0,1149.7,1170.6,1135.0,2.186,2026-02-03 23:02,21164
JINDALSTEL,2026-02-24,970.0,0.0,0.0,0.0,2.4,13125.0,0.0,1149.7,1170.6,1135.0,2.186,2026-02-03 23:02,18323
JINDALSTEL,2026-02-24,980.0,116.0,0.0,0.0,2.55,231875.0,54375.0,1149.7,1170.6,1135.0,2.186,2026-02-03 23:02,15490
JINDALSTEL,2026-02-24,990.0,0.0,0.0,0.0,4.65,9375.0,0.0,1149.7,1170.6,1135.0,2.186,2026-02-03 23:02,12832
JINDALSTEL,2026-02-24,1000.0,153.0,13125.0,625.0,3.2,365625.0,160625.0,1149.7,1170.6,1135.0,2.186,2026-02-03 23:02,10238
JINDALSTEL,2026-02-24,1010.0,96.8,1875.0,0.0,5.1,6250.0,0.0,1149.7,1170.6,1135.0,2.186,2026-02-03 23:02,8111
JINDALSTEL,2026-02-24,1020.0,129.0,9375.0,0.0,4.2,91875.0,33750.0,1149.7,1170.6,1135.0,2.186,2026-02-03 23:02,5924
JINDALSTEL,2026-02-24,1030.0,78.85,625.0,0.0,4.95,35000.0,26250.0,1149.7,1170.6,1135.0,2.186,2026-02-03 23:02,3905
JINDALSTEL,2026-02-24,1040.0,82.0,11250.0,0.0,5.45,95000.0,70000.0,1149.7,1170.6,1135.0,2.186,2026-02-03 23:02,1827
JINDALSTEL,2026-02-24,1050.0,87.1,24375.0,0.0,6.15,164375.0,300000.0,1149.7,1170.6,1135.0,2.186,2026-02-03 23:02,-91
JINDALSTEL,2026-02-24,1060.0,86.7,101875.0,0.0,7.5,182500.0,30625.0,1149.7,1170.6,1135.0,2.186,2026-02-03 23:02,-1750
JINDALSTEL,2026-02-24,1070.0,65.85,28125.0,0.0,8.5,63750.0,29375.0,1149.7,1170.6,1135.0,2.186,2026-02-03 23:02,-2490
JINDALSTEL,2026-02-24,1080.0,84.15,131250.0,13125.0,9.75,213125.0,90625.0,1149.7,1170.6,1135.0,2.186,2026-02-03 23:02,-3754
JINDALSTEL,2026-02-24,1090.0,78.8,52500.0,4375.0,11.5,63750.0,29375.0,1149.7,1170.6,1135.0,2.186,2026-02-03 23:02,-3907
JINDALSTEL,2026-02-24,1100.0,67.05,215000.0,222500.0,14.0,449375.0,447500.0,1149.7,1170.6,1135.0,2.186,2026-02-03 23:02,-4500
JINDALSTEL,2026-02-24,1110.0,63.55,59375.0,14375.0,16.7,55625.0,53125.0,1149.7,1170.6,1135.0,2.186,2026-02-03 23:02,-3957
JINDALSTEL,2026-02-24,1120.0,52.8,300625.0,188750.0,19.0,89375.0,146875.0,1149.7,1170.6,1135.0,2.186,2026-02-03 23:02,-3827
JINDALSTEL,2026-02-24,1130.0,47.0,143125.0,103750.0,22.3,121250.0,138750.0,1149.7,1170.6,1135.0,2.186,2026-02-03 23:02,-2174
JINDALSTEL,2026-02-24,1140.0,38.85,195625.0,279375.0,26.2,128125.0,230625.0,1149.7,1170.6,1135.0,2.186,2026-02-03 23:02,-1272
JINDALSTEL,2026-02-24,1150.0,34.3,392500.0,523750.0,30.6,169375.0,289375.0,1149.7,1170.6,1135.0,2.186,2026-02-03 23:02,-24
JINDALSTEL,2026-02-24,1160.0,29.0,297500.0,378750.0,35.85,189375.0,411250.0,1149.7,1170.6,1135.0,2.186,2026-02-03 23:02,2189
JINDALSTEL,2026-02-24,1170.0,25.4,212500.0,285625.0,42.45,45625.0,28750.0,1149.7,1170.6,1135.0,2.186,2026-02-03 23:02,4245
JINDALSTEL,2026-02-24,1180.0,20.95,129375.0,154375.0,48.85,16875.0,5625.0,1149.7,1170.6,1135.0,2.186,2026-02-03 23:02,6722
JINDALSTEL,2026-02-24,1190.0,17.9,29375.0,66875.0,54.8,1875.0,5000.0,1149.7,1170.6,1135.0,2.186,2026-02-03 23:02,9187
JINDALSTEL,2026-02-24,1200.0,14.4,385625.0,1034375.0,61.0,35625.0,17500.0,1149.7,1170.6,1135.0,2.186,2026-02-03 23:02,11538
JINDALSTEL,2026-02-24,1210.0,12.05,30625.0,16875.0,66.9,2500.0,5625.0,1149.7,1170.6,1135.0,2.186,2026-02-03 23:02,14605
JINDALSTEL,2026-02-24,1220.0,9.7,107500.0,101250.0,82.8,4375.0,0.0,1149.7,1170.6,1135.0,2.186,2026-02-03 23:02,17388
JINDALSTEL,2026-02-24,1230.0,9.15,5625.0,1875.0,0.0,0.0,0.0,1149.7,1170.6,1135.0,2.186,2026-02-03 23:02,20330
JINDALSTEL,2026-02-24,1240.0,6.5,166875.0,88750.0,92.0,2500.0,1250.0,1149.7,1170.6,1135.0,2.186,2026-02-03 23:02,23215
JINDALSTEL,2026-02-24,1250.0,5.7,56250.0,76875.0,0.0,0.0,0.0,1149.7,1170.6,1135.0,2.186,2026-02-03 23:02,26350
JINDALSTEL,2026-02-24,1260.0,4.7,83750.0,33750.0,0.0,0.0,0.0,1149.7,1170.6,1135.0,2.186,2026-02-03 23:02,29488
JINDALSTEL,2026-02-24,1280.0,2.85,200000.0,103125.0,0.0,0.0,0.0,1149.7,1170.6,1135.0,2.186,2026-02-03 23:02,35906
JINDALSTEL,2026-02-24,1300.0,1.85,108125.0,193750.0,0.0,0.0,0.0,1149.7,1170.6,1135.0,2.186,2026-02-03 23:02,42742
JINDALSTEL,2026-02-24,1320.0,1.45,165625.0,52500.0,0.0,0.0,0.0,1149.7,1170.6,1135.0,2.186,2026-02-03 23:02,49757
JIOFIN,2026-02-24,105.0,0.0,0.0,0.0,0.0,0.0,0.0,263.9,267.0,256.95,8.111,2026-02-03 23:02,716608
JIOFIN,2026-02-24,110.0,0.0,0.0,0.0,0.0,0.0,0.0,263.9,267.0,256.95,8.111,2026-02-03 23:02,692871
JIOFIN,2026-02-24,115.0,0.0,0.0,0.0,0.0,0.0,0.0,263.9,267.0,256.95,8.111,2026-02-03 23:02,669133
JIOFIN,2026-02-24,120.0,0.0,0.0,0.0,0.0,0.0,0.0,263.9,267.0,256.95,8.111,2026-02-03 23:02,645396
JIOFIN,2026-02-24,125.0,0.0,0.0,0.0,0.0,0.0,0.0,263.9,267.0,256.95,8.111,2026-02-03 23:02,621659
JIOFIN,2026-02-24,130.0,0.0,0.0,0.0,0.0,0.0,0.0,263.9,267.0,256.95,8.111,2026-02-03 23:02,597921
JIOFIN,2026-02-24,135.0,0.0,0.0,0.0,0.0,0.0,0.0,263.9,267.0,256.95,8.111,2026-02-03 23:02,574184
JIOFIN,2026-02-24,140.0,0.0,0.0,0.0,0.0,0.0,0.0,263.9,267.0,256.95,8.111,2026-02-03 23:02,550446
JIOFIN,2026-02-24,145.0,0.0,0.0,0.0,0.0,0.0,0.0,263.9,267.0,256.95,8.111,2026-02-03 23:02,526709
JIOFIN,2026-02-24,150.0,0.0,0.0,0.0,0.0,0.0,0.0,263.9,267.0,256.95,8.111,2026-02-03 23:02,502972
JIOFIN,2026-02-24,152.5,0.0,0.0,0.0,0.0,0.0,0.0,263.9,267.0,256.95,8.111,2026-02-03 23:02,491103
JIOFIN,2026-02-24,155.0,0.0,0.0,0.0,0.0,0.0,0.0,263.9,267.0,256.95,8.111,2026-02-03 23:02,479234
JIOFIN,2026-02-24,157.5,0.0,0.0,0.0,0.0,0.0,0.0,263.9,267.0,256.95,8.111,2026-02-03 23:02,467366
JIOFIN,2026-02-24,160.0,0.0,0.0,0.0,0.0,0.0,0.0,263.9,267.0,256.95,8.111,2026-02-03 23:02,455497
JIOFIN,2026-02-24,162.5,0.0,0.0,0.0,0.0,0.0,0.0,263.9,267.0,256.95,8.111,2026-02-03 23:02,443628
JIOFIN,2026-02-24,165.0,0.0,0.0,0.0,0.0,0.0,0.0,263.9,267.0,256.95,8.111,2026-02-03 23:02,431760
JIOFIN,2026-02-24,167.5,0.0,0.0,0.0,0.0,0.0,0.0,263.9,267.0,256.95,8.111,2026-02-03 23:02,419891
JIOFIN,2026-02-24,170.0,0.0,0.0,0.0,0.0,0.0,0.0,263.9,267.0,256.95,8.111,2026-02-03 23:02,408022
JIOFIN,2026-02-24,172.5,0.0,0.0,0.0,0.0,0.0,0.0,263.9,267.0,256.95,8.111,2026-02-03 23:02,396154
JIOFIN,2026-02-24,175.0,0.0,0.0,0.0,0.0,0.0,0.0,263.9,267.0,256.95,8.111,2026-02-03 23:02,384285
JIOFIN,2026-02-24,177.5,0.0,0.0,0.0,0.0,0.0,0.0,263.9,267.0,256.95,8.111,2026-02-03 23:02,372416
JIOFIN,2026-02-24,180.0,0.0,0.0,0.0,0.0,0.0,0.0,263.9,267.0,256.95,8.111,2026-02-03 23:02,360548
JIOFIN,2026-02-24,182.5,0.0,0.0,0.0,0.0,0.0,0.0,263.9,267.0,256.95,8.111,2026-02-03 23:02,348679
JIOFIN,2026-02-24,185.0,0.0,0.0,0.0,0.0,0.0,0.0,263.9,267.0,256.95,8.111,2026-02-03 23:02,336810
JIOFIN,2026-02-24,187.5,0.0,0.0,0.0,0.0,0.0,0.0,263.9,267.0,256.95,8.111,2026-02-03 23:02,324942
JIOFIN,2026-02-24,190.0,0.0,0.0,0.0,0.0,0.0,0.0,263.9,267.0,256.95,8.111,2026-02-03 23:02,313073
JIOFIN,2026-02-24,192.5,0.0,0.0,0.0,0.0,0.0,0.0,263.9,267.0,256.95,8.111,2026-02-03 23:02,301204
JIOFIN,2026-02-24,195.0,0.0,0.0,0.0,0.0,0.0,0.0,263.9,267.0,256.95,8.111,2026-02-03 23:02,289336
JIOFIN,2026-02-24,197.5,0.0,0.0,0.0,0.0,0.0,0.0,263.9,267.0,256.95,8.111,2026-02-03 23:02,277467
JIOFIN,2026-02-24,200.0,62.6,14100.0,7050.0,0.25,173900.0,176250.0,263.9,267.0,256.95,8.111,2026-02-03 23:02,265598
JIOFIN,2026-02-24,202.5,0.0,0.0,0.0,0.0,0.0,0.0,263.9,267.0,256.95,8.111,2026-02-03 23:02,253861
JIOFIN,2026-02-24,205.0,0.0,0.0,0.0,0.2,4700.0,7050.0,263.9,267.0,256.95,8.111,2026-02-03 23:02,242039
JIOFIN,2026-02-24,207.5,0.0,0.0,0.0,0.0,0.0,0.0,263.9,267.0,256.95,8.111,2026-02-03 23:02,230218
JIOFIN,2026-02-24,210.0,55.3,25850.0,11750.0,0.3,1508700.0,1050450.0,263.9,267.0,256.95,8.111,2026-02-03 23:02,218398
JIOFIN,2026-02-24,212.5,0.0,0.0,0.0,0.0,0.0,0.0,263.9,267.0,256.95,8.111,2026-02-03 23:02,207059
JIOFIN,2026-02-24,215.0,0.0,0.0,0.0,0.4,77550.0,51700.0,263.9,267.0,256.95,8.111,2026-02-03 23:02,195622
JIOFIN,2026-02-24,217.5,0.0,0.0,0.0,0.4,122200.0,204450.0,263.9,267.0,256.95,8.111,2026-02-03 23:02,184201
JIOFIN,2026-02-24,220.0,46.35,14100.0,14100.0,0.45,1880000.0,3160750.0,263.9,267.0,256.95,8.111,2026-02-03 23:02,172809
JIOFIN,2026-02-24,222.5,0.0,0.0,0.0,0.5,126900.0,183300.0,263.9,267.0,256.95,8.111,2026-02-03 23:02,161877
JIOFIN,2026-02-24,225.0,42.0,49350.0,89300.0,0.55,556950.0,1696700.0,263.9,267.0,256.95,8.111,2026-02-03 23:02,150989
JIOFIN,2026-02-24,227.5,33.0,35250.0,2350.0,0.65,528750.0,169200.0,263.9,267.0,256.95,8.111,2026-02-03 23:02,140435
JIOFIN,2026-02-24,230.0,36.85,197400.0,58750.0,0.7,1983400.0,4119550.0,263.9,267.0,256.95,8.111,2026-02-03 23:02,129928
JIOFIN,2026-02-24,232.5,14.9,86950.0,0.0,0.8,202100.0,451200.0,263.9,267.0,256.95,8.111,2026-02-03 23:02,120473
JIOFIN,2026-02-24,235.0,30.35,190350.0,91650.0,0.95,697950.0,3033850.0,263.9,267.0,256.95,8.111,2026-02-03 23:02,110614
JIOFIN,2026-02-24,237.5,28.75,270250.0,82250.0,1.1,354850.0,714400.0,263.9,267.0,256.95,8.111,2026-02-03 23:02,101376
JIOFIN,2026-02-24,240.0,26.3,1200850.0,1233750.0,1.25,3219500.0,8793700.0,263.9,267.0,256.95,8.111,2026-02-03 23:02,92521
JIOFIN,2026-02-24,242.5,24.05,660350.0,357200.0,1.45,665050.0,1391200.0,263.9,267.0,256.95,8.111,2026-02-03 23:02,86789
JIOFIN,2026-02-24,245.0,21.6,1099800.0,1090400.0,1.75,1999850.0,9056900.0,263.9,267.0,256.95,8.111,2026-02-03 23:02,80123
JIOFIN,2026-02-24,247.5,19.35,455900.0,401850.0,2.05,594550.0,2634350.0,263.9,267.0,256.95,8.111,2026-02-03 23:02,74767
JIOFIN,2026-02-24,250.0,17.6,2676650.0,9301300.0,2.4,4476750.0,13397350.0,263.9,267.0,256.95,8.111,2026-02-03 23:02,68408
JIOFIN,2026-02-24,252.5,15.55,763750.0,1156200.0,2.85,726150.0,2298300.0,263.9,267.0,256.95,8.111,2026-02-03 23:02,66714
JIOFIN,2026-02-24,255.0,13.55,3040900.0,7684500.0,3.5,2660200.0,10093250.0,263.9,267.0,256.95,8.111,2026-02-03 23:02,62736
JIOFIN,2026-02-24,257.5,12.05,697950.0,3673050.0,4.15,977600.0,3762350.0,263.9,267.0,256.95,8.111,2026-02-03 23:02,62392
JIOFIN,2026-02-24,260.0,10.35,3717700.0,23232100.0,5.05,4688250.0,16727300.0,263.9,267.0,256.95,8.111,2026-02-03 23:02,59713
JIOFIN,2026-02-24,262.5,8.75,1050450.0,5863250.0,6.1,1095100.0,3844600.0,263.9,267.0,256.95,8.111,2026-02-03 23:02,60180
JIOFIN,2026-02-24,265.0,7.55,2486300.0,18066800.0,7.1,1583900.0,4039650.0,263.9,267.0,256.95,8.111,2026-02-03 23:02,59955
JIOFIN,2026-02-24,267.5,6.25,834250.0,4269950.0,8.7,437100.0,1182050.0,263.9,267.0,256.95,8.111,2026-02-03 23:02,61249
JIOFIN,2026-02-24,270.0,5.25,5738700.0,31010600.0,10.0,1781300.0,2714250.0,263.9,267.0,256.95,8.111,2026-02-03 23:02,62249
JIOFIN,2026-02-24,272.5,4.35,303150.0,2044500.0,11.8,202100.0,373650.0,263.9,267.0,256.95,8.111,2026-02-03 23:02,66219
JIOFIN,2026-02-24,275.0,3.75,2679000.0,12960250.0,13.45,824850.0,324300.0,263.9,267.0,256.95,8.111,2026-02-03 23:02,68978
JIOFIN,2026-02-24,277.5,3.1,293750.0,1621500.0,15.3,47000.0,63450.0,263.9,267.0,256.95,8.111,2026-02-03 23:02,72614
JIOFIN,2026-02-24,280.0,2.5,6023050.0,24454100.0,17.4,1710800.0,752000.0,263.9,267.0,256.95,8.111,2026-02-03 23:02,76460
JIOFIN,2026-02-24,282.5,2.1,305500.0,566350.0,27.0,23500.0,0.0,263.9,267.0,256.95,8.111,2026-02-03 23:02,80748
JIOFIN,2026-02-24,285.0,1.85,1945800.0,4878600.0,21.55,747300.0,361900.0,263.9,267.0,256.95,8.111,2026-02-03 23:02,86591
JIOFIN,2026-02-24,287.5,1.5,195050.0,542850.0,33.0,23500.0,0.0,263.9,267.0,256.95,8.111,2026-02-03 23:02,91856
JIOFIN,2026-02-24,290.0,1.35,4714100.0,11458600.0,25.85,1877650.0,227950.0,263.9,267.0,256.95,8.111,2026-02-03 23:02,98378
JIOFIN,2026-02-24,292.5,1.25,122200.0,202100.0,35.0,16450.0,0.0,263.9,267.0,256.95,8.111,2026-02-03 23:02,102379
JIOFIN,2026-02-24,295.0,1.0,1071600.0,3123150.0,29.45,387750.0,7050.0,263.9,267.0,256.95,8.111,2026-02-03 23:02,110589
JIOFIN,2026-02-24,297.5,0.9,122200.0,91650.0,34.0,7050.0,0.0,263.9,267.0,256.95,8.111,2026-02-03 23:02,118172
JIOFIN,2026-02-24,300.0,0.85,17065700.0,32164450.0,35.05,2890500.0,345450.0,263.9,267.0,256.95,8.111,2026-02-03 23:02,126808
JIOFIN,2026-02-24,302.5,0.7,103400.0,86950.0,19.15,0.0,0.0,263.9,267.0,256.95,8.111,2026-02-03 23:02,131767
JIOFIN,2026-02-24,305.0,0.6,989350.0,1936400.0,72.85,115150.0,0.0,263.9,267.0,256.95,8.111,2026-02-03 23:02,145438
JIOFIN,2026-02-24,307.5,0.5,101050.0,192700.0,22.25,0.0,0.0,263.9,267.0,256.95,8.111,2026-02-03 23:02,158600
JIOFIN,2026-02-24,310.0,0.5,2429900.0,7461250.0,43.5,817800.0,129250.0,263.9,267.0,256.95,8.111,2026-02-03 23:02,172571
JIOFIN,2026-02-24,312.5,0.4,122200.0,155100.0,25.55,0.0,0.0,263.9,267.0,256.95,8.111,2026-02-03 23:02,183913
JIOFIN,2026-02-24,315.0,0.4,1048100.0,1193800.0,57.5,178600.0,0.0,263.9,267.0,256.95,8.111,2026-02-03 23:02,198726
JIOFIN,2026-02-24,317.5,0.15,2350.0,0.0,61.1,2350.0,0.0,263.9,267.0,256.95,8.111,2026-02-03 23:02,212856
JIOFIN,2026-02-24,320.0,0.35,2070350.0,1442900.0,54.35,820150.0,143350.0,263.9,267.0,256.95,8.111,2026-02-03 23:02,227959
JIOFIN,2026-02-24,322.5,0.25,14100.0,0.0,67.8,4700.0,0.0,263.9,267.0,256.95,8.111,2026-02-03 23:02,239412
JIOFIN,2026-02-24,325.0,0.25,289050.0,291400.0,62.7,7050.0,0.0,263.9,267.0,256.95,8.111,2026-02-03 23:02,255225
JIOFIN,2026-02-24,327.5,0.3,14100.0,0.0,36.75,0.0,0.0,263.9,267.0,256.95,8.111,2026-02-03 23:02,271105
JIOFIN,2026-02-24,330.0,0.2,2042150.0,716750.0,63.5,2415800.0,28200.0,263.9,267.0,256.95,8.111,2026-02-03 23:02,287027
JIOFIN,2026-02-24,332.5,3.9,0.0,0.0,40.85,0.0,0.0,263.9,267.0,256.95,8.111,2026-02-03 23:02,288763
JIOFIN,2026-02-24,335.0,0.2,16450.0,98700.0,42.95,0.0,0.0,263.9,267.0,256.95,8.111,2026-02-03 23:02,305799
JIOFIN,2026-02-24,337.5,0.0,0.0,0.0,0.0,0.0,0.0,263.9,267.0,256.95,8.111,2026-02-03 23:02,322839
JIOFIN,2026-02-24,340.0,0.15,660350.0,195050.0,72.15,834250.0,11750.0,263.9,267.0,256.95,8.111,2026-02-03 23:02,339879
JIOFIN,2026-02-24,342.5,0.0,0.0,0.0,0.0,0.0,0.0,263.9,267.0,256.95,8.111,2026-02-03 23:02,351283
JIOFIN,2026-02-24,345.0,0.1,11750.0,0.0,51.6,0.0,0.0,263.9,267.0,256.95,8.111,2026-02-03 23:02,368697
JIOFIN,2026-02-24,350.0,0.15,340750.0,103400.0,84.6,397150.0,58750.0,263.9,267.0,256.95,8.111,2026-02-03 23:02,403530
JIOFIN,2026-02-24,355.0,0.0,0.0,0.0,0.0,0.0,0.0,263.9,267.0,256.95,8.111,2026-02-03 23:02,435377
JIOFIN,2026-02-24,360.0,0.0,0.0,0.0,0.0,0.0,0.0,263.9,267.0,256.95,8.111,2026-02-03 23:02,470579
JIOFIN,2026-02-24,365.0,0.0,0.0,0.0,0.0,0.0,0.0,263.9,267.0,256.95,8.111,2026-02-03 23:02,505781
JIOFIN,2026-02-24,370.0,0.0,0.0,0.0,0.0,0.0,0.0,263.9,267.0,256.95,8.111,2026-02-03 23:02,540982
JIOFIN,2026-02-24,375.0,0.0,0.0,0.0,0.0,0.0,0.0,263.9,267.0,256.95,8.111,2026-02-03 23:02,576184
JIOFIN,2026-02-24,380.0,0.0,0.0,0.0,0.0,0.0,0.0,263.9,267.0,256.95,8.111,2026-02-03 23:02,611386
JIOFIN,2026-02-24,385.0,0.0,0.0,0.0,0.0,0.0,0.0,263.9,267.0,256.95,8.111,2026-02-03 23:02,646588
JIOFIN,2026-02-24,390.0,0.0,0.0,0.0,0.0,0.0,0.0,263.9,267.0,256.95,8.111,2026-02-03 23:02,681790
JSWENERGY,2026-02-24,365.0,0.0,0.0,0.0,1.15,5000.0,0.0,459.15,475.0,451.85,1.694,2026-02-03 23:02,57594
JSWENERGY,2026-02-24,370.0,0.0,0.0,0.0,0.0,0.0,0.0,459.15,475.0,451.85,1.694,2026-02-03 23:02,54538
JSWENERGY,2026-02-24,380.0,0.0,0.0,0.0,0.5,24000.0,2000.0,459.15,475.0,451.85,1.694,2026-02-03 23:02,48428
JSWENERGY,2026-02-24,385.0,0.0,0.0,0.0,0.95,23000.0,1000.0,459.15,475.0,451.85,1.694,2026-02-03 23:02,45384
JSWENERGY,2026-02-24,390.0,0.0,0.0,0.0,0.8,48000.0,69000.0,459.15,475.0,451.85,1.694,2026-02-03 23:02,42351
JSWENERGY,2026-02-24,395.0,0.0,0.0,0.0,2.5,2000.0,0.0,459.15,475.0,451.85,1.694,2026-02-03 23:02,39339
JSWENERGY,2026-02-24,400.0,59.0,9000.0,4000.0,1.05,382000.0,381000.0,459.15,475.0,451.85,1.694,2026-02-03 23:02,36332
JSWENERGY,2026-02-24,405.0,0.0,0.0,0.0,1.3,58000.0,57000.0,459.15,475.0,451.85,1.694,2026-02-03 23:02,33534
JSWENERGY,2026-02-24,410.0,55.7,34000.0,3000.0,1.75,41000.0,60000.0,459.15,475.0,451.85,1.694,2026-02-03 23:02,30745
JSWENERGY,2026-02-24,415.0,0.0,0.0,0.0,1.85,94000.0,137000.0,459.15,475.0,451.85,1.694,2026-02-03 23:02,28182
JSWENERGY,2026-02-24,420.0,41.0,13000.0,1000.0,2.35,197000.0,583000.0,459.15,475.0,451.85,1.694,2026-02-03 23:02,25467
JSWENERGY,2026-02-24,425.0,30.35,3000.0,0.0,3.0,56000.0,44000.0,459.15,475.0,451.85,1.694,2026-02-03 23:02,22882
JSWENERGY,2026-02-24,430.0,35.1,92000.0,27000.0,3.45,213000.0,327000.0,459.15,475.0,451.85,1.694,2026-02-03 23:02,20311
JSWENERGY,2026-02-24,435.0,29.3,34000.0,22000.0,4.3,121000.0,156000.0,459.15,475.0,451.85,1.694,2026-02-03 23:02,18150
JSWENERGY,2026-02-24,440.0,27.65,487000.0,82000.0,5.7,625000.0,550000.0,459.15,475.0,451.85,1.694,2026-02-03 23:02,15865
JSWENERGY,2026-02-24,445.0,23.7,133000.0,91000.0,7.0,237000.0,298000.0,459.15,475.0,451.85,1.694,2026-02-03 23:02,15078
JSWENERGY,2026-02-24,450.0,19.5,559000.0,735000.0,8.35,563000.0,770000.0,459.15,475.0,451.85,1.694,2026-02-03 23:02,13635
JSWENERGY,2026-02-24,455.0,16.1,192000.0,384000.0,10.55,186000.0,889000.0,459.15,475.0,451.85,1.694,2026-02-03 23:02,13224
JSWENERGY,2026-02-24,460.0,13.5,581000.0,1724000.0,12.7,290000.0,905000.0,459.15,475.0,451.85,1.694,2026-02-03 23:02,12495
JSWENERGY,2026-02-24,465.0,11.1,216000.0,628000.0,15.2,52000.0,158000.0,459.15,475.0,451.85,1.694,2026-02-03 23:02,12505
JSWENERGY,2026-02-24,470.0,9.35,450000.0,982000.0,18.3,551000.0,113000.0,459.15,475.0,451.85,1.694,2026-02-03 23:02,12393
JSWENERGY,2026-02-24,475.0,7.45,100000.0,263000.0,31.5,14000.0,0.0,459.15,475.0,451.85,1.694,2026-02-03 23:02,12033
JSWENERGY,2026-02-24,480.0,6.0,652000.0,1230000.0,23.9,196000.0,73000.0,459.15,475.0,451.85,1.694,2026-02-03 23:02,12349
JSWENERGY,2026-02-24,485.0,4.85,70000.0,307000.0,33.6,15000.0,0.0,459.15,475.0,451.85,1.694,2026-02-03 23:02,12981
JSWENERGY,2026-02-24,490.0,3.85,363000.0,989000.0,32.7,324000.0,112000.0,459.15,475.0,451.85,1.694,2026-02-03 23:02,13716
JSWENERGY,2026-02-24,495.0,3.15,79000.0,148000.0,0.0,0.0,0.0,459.15,475.0,451.85,1.694,2026-02-03 23:02,13891
JSWENERGY,2026-02-24,500.0,2.65,1052000.0,1766000.0,41.05,197000.0,97000.0,459.15,475.0,451.85,1.694,2026-02-03 23:02,15050
JSWENERGY,2026-02-24,505.0,2.15,73000.0,69000.0,59.3,1000.0,0.0,459.15,475.0,451.85,1.694,2026-02-03 23:02,16279
JSWENERGY,2026-02-24,510.0,1.7,313000.0,177000.0,58.0,80000.0,0.0,459.15,475.0,451.85,1.694,2026-02-03 23:02,18085
JSWENERGY,2026-02-24,515.0,1.5,26000.0,38000.0,32.0,1000.0,0.0,459.15,475.0,451.85,1.694,2026-02-03 23:02,19667
JSWENERGY,2026-02-24,520.0,1.15,298000.0,202000.0,75.95,259000.0,0.0,459.15,475.0,451.85,1.694,2026-02-03 23:02,21674
JSWENERGY,2026-02-24,530.0,0.8,478000.0,131000.0,70.55,928000.0,11000.0,459.15,475.0,451.85,1.694,2026-02-03 23:02,24310
JSWENERGY,2026-02-24,540.0,0.65,208000.0,10000.0,97.2,262000.0,0.0,459.15,475.0,451.85,1.694,2026-02-03 23:02,23776
JSWENERGY,2026-02-24,550.0,0.5,64000.0,16000.0,90.95,21000.0,2000.0,459.15,475.0,451.85,1.694,2026-02-03 23:02,27688
JSWENERGY,2026-02-24,560.0,0.3,26000.0,2000.0,116.7,45000.0,0.0,459.15,475.0,451.85,1.694,2026-02-03 23:02,34030
JSWENERGY,2026-02-24,570.0,3.0,4000.0,0.0,0.0,0.0,0.0,459.15,475.0,451.85,1.694,2026-02-03 23:02,40107
JSWENERGY,2026-02-24,580.0,0.35,34000.0,1000.0,124.6,4000.0,3000.0,459.15,475.0,451.85,1.694,2026-02-03 23:02,46713
JSWSTEEL,2026-02-24,980.0,0.0,0.0,0.0,0.05,1350.0,0.0,1229.4,1244.7,1212.8,2.518,2026-02-03 23:02,63338
JSWSTEEL,2026-02-24,1000.0,212.8,62775.0,0.0,0.85,81675.0,60750.0,1229.4,1244.7,1212.8,2.518,2026-02-03 23:02,54558
JSWSTEEL,2026-02-24,1040.0,143.2,675.0,0.0,1.2,153225.0,12825.0,1229.4,1244.7,1212.8,2.518,2026-02-03 23:02,38903
JSWSTEEL,2026-02-24,1050.0,164.0,8775.0,0.0,1.3,264600.0,95175.0,1229.4,1244.7,1212.8,2.518,2026-02-03 23:02,34803
JSWSTEEL,2026-02-24,1060.0,65.0,675.0,0.0,1.6,45225.0,53325.0,1229.4,1244.7,1212.8,2.518,2026-02-03 23:02,31094
JSWSTEEL,2026-02-24,1070.0,0.0,0.0,0.0,3.0,46575.0,0.0,1229.4,1244.7,1212.8,2.518,2026-02-03 23:02,27318
JSWSTEEL,2026-02-24,1080.0,0.0,0.0,0.0,2.05,63450.0,93825.0,1229.4,1244.7,1212.8,2.518,2026-02-03 23:02,23579
JSWSTEEL,2026-02-24,1090.0,0.0,0.0,0.0,2.5,19575.0,27000.0,1229.4,1244.7,1212.8,2.518,2026-02-03 23:02,19903
JSWSTEEL,2026-02-24,1100.0,137.0,64800.0,20250.0,2.75,635175.0,461025.0,1229.4,1244.7,1212.8,2.518,2026-02-03 23:02,16255
JSWSTEEL,2026-02-24,1110.0,0.0,0.0,0.0,3.1,19575.0,20250.0,1229.4,1244.7,1212.8,2.518,2026-02-03 23:02,14025
JSWSTEEL,2026-02-24,1120.0,80.1,3375.0,0.0,3.8,120150.0,98550.0,1229.4,1244.7,1212.8,2.518,2026-02-03 23:02,11096
JSWSTEEL,2026-02-24,1130.0,71.85,2700.0,0.0,4.4,140400.0,81000.0,1229.4,1244.7,1212.8,2.518,2026-02-03 23:02,8277
JSWSTEEL,2026-02-24,1140.0,72.45,3375.0,0.0,5.2,418500.0,122850.0,1229.4,1244.7,1212.8,2.518,2026-02-03 23:02,5578
JSWSTEEL,2026-02-24,1150.0,99.9,45225.0,2700.0,6.1,263250.0,249750.0,1229.4,1244.7,1212.8,2.518,2026-02-03 23:02,3150
JSWSTEEL,2026-02-24,1160.0,81.7,27675.0,4725.0,7.5,144450.0,177525.0,1229.4,1244.7,1212.8,2.518,2026-02-03 23:02,1515
JSWSTEEL,2026-02-24,1170.0,72.9,49950.0,14850.0,9.05,151200.0,251775.0,1229.4,1244.7,1212.8,2.518,2026-02-03 23:02,-121
JSWSTEEL,2026-02-24,1180.0,64.0,112725.0,18900.0,10.65,168750.0,421875.0,1229.4,1244.7,1212.8,2.518,2026-02-03 23:02,-1447
JSWSTEEL,2026-02-24,1190.0,57.2,89100.0,91800.0,12.65,128925.0,306450.0,1229.4,1244.7,1212.8,2.518,2026-02-03 23:02,-2177
JSWSTEEL,2026-02-24,1200.0,49.4,402975.0,624375.0,15.0,421200.0,911250.0,1229.4,1244.7,1212.8,2.518,2026-02-03 23:02,-2884
JSWSTEEL,2026-02-24,1210.0,43.5,64800.0,249075.0,18.15,108000.0,211275.0,1229.4,1244.7,1212.8,2.518,2026-02-03 23:02,-1754
JSWSTEEL,2026-02-24,1220.0,36.5,256500.0,968625.0,21.9,168075.0,900450.0,1229.4,1244.7,1212.8,2.518,2026-02-03 23:02,-1725
JSWSTEEL,2026-02-24,1230.0,30.8,398925.0,2851875.0,26.5,176175.0,483975.0,1229.4,1244.7,1212.8,2.518,2026-02-03 23:02,-789
JSWSTEEL,2026-02-24,1240.0,25.65,621675.0,1464750.0,30.95,255825.0,535950.0,1229.4,1244.7,1212.8,2.518,2026-02-03 23:02,914
JSWSTEEL,2026-02-24,1250.0,21.85,560250.0,1683450.0,36.75,206550.0,276075.0,1229.4,1244.7,1212.8,2.518,2026-02-03 23:02,3538
JSWSTEEL,2026-02-24,1260.0,17.8,193050.0,667575.0,43.05,67500.0,201825.0,1229.4,1244.7,1212.8,2.518,2026-02-03 23:02,6590
JSWSTEEL,2026-02-24,1270.0,14.75,95175.0,316575.0,50.45,47250.0,99225.0,1229.4,1244.7,1212.8,2.518,2026-02-03 23:02,9491
JSWSTEEL,2026-02-24,1280.0,12.15,174825.0,415800.0,58.0,30375.0,36450.0,1229.4,1244.7,1212.8,2.518,2026-02-03 23:02,12383
JSWSTEEL,2026-02-24,1290.0,10.05,76275.0,82350.0,64.95,4050.0,0.0,1229.4,1244.7,1212.8,2.518,2026-02-03 23:02,15615
JSWSTEEL,2026-02-24,1300.0,7.75,662850.0,1944000.0,71.25,39825.0,32400.0,1229.4,1244.7,1212.8,2.518,2026-02-03 23:02,18941
JSWSTEEL,2026-02-24,1310.0,6.4,58050.0,53325.0,0.0,0.0,0.0,1229.4,1244.7,1212.8,2.518,2026-02-03 23:02,23149
JSWSTEEL,2026-02-24,1320.0,4.85,168750.0,178200.0,96.0,0.0,0.0,1229.4,1244.7,1212.8,2.518,2026-02-03 23:02,27223
JSWSTEEL,2026-02-24,1330.0,4.0,91800.0,65475.0,0.0,0.0,0.0,1229.4,1244.7,1212.8,2.518,2026-02-03 23:02,31510
JSWSTEEL,2026-02-24,1340.0,3.2,163350.0,372600.0,0.0,0.0,0.0,1229.4,1244.7,1212.8,2.518,2026-02-03 23:02,35844
JSWSTEEL,2026-02-24,1350.0,2.5,112050.0,241650.0,152.2,0.0,0.0,1229.4,1244.7,1212.8,2.518,2026-02-03 23:02,40357
JSWSTEEL,2026-02-24,1360.0,1.9,160650.0,175500.0,0.0,0.0,0.0,1229.4,1244.7,1212.8,2.518,2026-02-03 23:02,44957
JSWSTEEL,2026-02-24,1370.0,1.55,136350.0,196425.0,0.0,0.0,0.0,1229.4,1244.7,1212.8,2.518,2026-02-03 23:02,49721
JSWSTEEL,2026-02-24,1380.0,1.05,267300.0,68850.0,0.0,0.0,0.0,1229.4,1244.7,1212.8,2.518,2026-02-03 23:02,54611
JSWSTEEL,2026-02-24,1400.0,0.65,782325.0,617625.0,160.0,675.0,675.0,1229.4,1244.7,1212.8,2.518,2026-02-03 23:02,64913
JUBLFOOD,2026-02-24,400.0,0.0,0.0,0.0,0.4,387500.0,3750.0,506.5,520.0,501.6,2.024,2026-02-03 23:02,32712
JUBLFOOD,2026-02-24,410.0,0.0,0.0,0.0,1.8,0.0,2500.0,506.5,520.0,501.6,2.024,2026-02-03 23:02,29097
JUBLFOOD,2026-02-24,420.0,0.0,0.0,0.0,0.85,102500.0,13750.0,506.5,520.0,501.6,2.024,2026-02-03 23:02,25497
JUBLFOOD,2026-02-24,430.0,0.0,0.0,0.0,1.2,116250.0,21250.0,506.5,520.0,501.6,2.024,2026-02-03 23:02,21991
JUBLFOOD,2026-02-24,435.0,0.0,0.0,0.0,0.0,0.0,0.0,506.5,520.0,501.6,2.024,2026-02-03 23:02,20286
JUBLFOOD,2026-02-24,440.0,58.0,2500.0,0.0,1.7,95000.0,126250.0,506.5,520.0,501.6,2.024,2026-02-03 23:02,18595
JUBLFOOD,2026-02-24,445.0,0.0,0.0,0.0,3.5,2500.0,0.0,506.5,520.0,501.6,2.024,2026-02-03 23:02,16952
JUBLFOOD,2026-02-24,450.0,60.0,3750.0,6250.0,2.55,192500.0,91250.0,506.5,520.0,501.6,2.024,2026-02-03 23:02,15310
JUBLFOOD,2026-02-24,455.0,0.0,0.0,0.0,4.65,10000.0,0.0,506.5,520.0,501.6,2.024,2026-02-03 23:02,13741
JUBLFOOD,2026-02-24,460.0,44.6,12500.0,0.0,3.6,145000.0,96250.0,506.5,520.0,501.6,2.024,2026-02-03 23:02,12199
JUBLFOOD,2026-02-24,465.0,33.75,6250.0,0.0,10.0,3750.0,0.0,506.5,520.0,501.6,2.024,2026-02-03 23:02,10744
JUBLFOOD,2026-02-24,470.0,30.35,3750.0,0.0,5.2,205000.0,257500.0,506.5,520.0,501.6,2.024,2026-02-03 23:02,9308
JUBLFOOD,2026-02-24,475.0,29.7,51250.0,0.0,8.35,75000.0,0.0,506.5,520.0,501.6,2.024,2026-02-03 23:02,7863
JUBLFOOD,2026-02-24,480.0,26.3,85000.0,0.0,7.4,313750.0,275000.0,506.5,520.0,501.6,2.024,2026-02-03 23:02,6666
JUBLFOOD,2026-02-24,485.0,29.4,48750.0,15000.0,8.55,95000.0,107500.0,506.5,520.0,501.6,2.024,2026-02-03 23:02,5571
JUBLFOOD,2026-02-24,490.0,25.65,290000.0,56250.0,9.85,321250.0,295000.0,506.5,520.0,501.6,2.024,2026-02-03 23:02,4618
JUBLFOOD,2026-02-24,495.0,23.25,113750.0,40000.0,11.7,122500.0,147500.0,506.5,520.0,501.6,2.024,2026-02-03 23:02,4336
JUBLFOOD,2026-02-24,500.0,19.3,505000.0,430000.0,14.0,591250.0,620000.0,506.5,520.0,501.6,2.024,2026-02-03 23:02,3866
JUBLFOOD,2026-02-24,505.0,16.95,100000.0,147500.0,15.7,106250.0,262500.0,506.5,520.0,501.6,2.024,2026-02-03 23:02,3970
JUBLFOOD,2026-02-24,510.0,14.25,362500.0,646250.0,19.05,178750.0,410000.0,506.5,520.0,501.6,2.024,2026-02-03 23:02,4032
JUBLFOOD,2026-02-24,515.0,12.0,66250.0,196250.0,21.25,55000.0,133750.0,506.5,520.0,501.6,2.024,2026-02-03 23:02,4539
JUBLFOOD,2026-02-24,520.0,10.5,343750.0,581250.0,24.1,80000.0,97500.0,506.5,520.0,501.6,2.024,2026-02-03 23:02,4893
JUBLFOOD,2026-02-24,525.0,9.1,86250.0,180000.0,27.55,13750.0,36250.0,506.5,520.0,501.6,2.024,2026-02-03 23:02,5664
JUBLFOOD,2026-02-24,530.0,7.5,510000.0,613750.0,39.6,46250.0,0.0,506.5,520.0,501.6,2.024,2026-02-03 23:02,6358
JUBLFOOD,2026-02-24,535.0,0.0,0.0,0.0,0.0,0.0,0.0,506.5,520.0,501.6,2.024,2026-02-03 23:02,7488
JUBLFOOD,2026-02-24,540.0,5.4,335000.0,357500.0,35.95,127500.0,30000.0,506.5,520.0,501.6,2.024,2026-02-03 23:02,8420
JUBLFOOD,2026-02-24,545.0,4.8,6250.0,0.0,0.0,0.0,0.0,506.5,520.0,501.6,2.024,2026-02-03 23:02,9305
JUBLFOOD,2026-02-24,550.0,3.85,366250.0,766250.0,46.4,76250.0,18750.0,506.5,520.0,501.6,2.024,2026-02-03 23:02,10473
JUBLFOOD,2026-02-24,555.0,0.0,0.0,0.0,71.0,2500.0,0.0,506.5,520.0,501.6,2.024,2026-02-03 23:02,11647
JUBLFOOD,2026-02-24,560.0,2.55,240000.0,150000.0,52.75,75000.0,5000.0,506.5,520.0,501.6,2.024,2026-02-03 23:02,13018
JUBLFOOD,2026-02-24,570.0,1.3,158750.0,0.0,64.4,18750.0,5000.0,506.5,520.0,501.6,2.024,2026-02-03 23:02,15775
JUBLFOOD,2026-02-24,575.0,3.5,1250.0,0.0,76.5,3750.0,0.0,506.5,520.0,501.6,2.024,2026-02-03 23:02,17309
JUBLFOOD,2026-02-24,580.0,1.4,157500.0,46250.0,74.05,32500.0,0.0,506.5,520.0,501.6,2.024,2026-02-03 23:02,18918
JUBLFOOD,2026-02-24,585.0,0.0,0.0,0.0,100.7,2500.0,0.0,506.5,520.0,501.6,2.024,2026-02-03 23:02,20431
JUBLFOOD,2026-02-24,590.0,0.0,0.0,0.0,84.9,23750.0,0.0,506.5,520.0,501.6,2.024,2026-02-03 23:02,22139
JUBLFOOD,2026-02-24,595.0,0.0,0.0,0.0,93.9,7500.0,0.0,506.5,520.0,501.6,2.024,2026-02-03 23:02,23682
JUBLFOOD,2026-02-24,600.0,0.9,1258750.0,221250.0,90.45,143750.0,32500.0,506.5,520.0,501.6,2.024,2026-02-03 23:02,25360
JUBLFOOD,2026-02-24,610.0,1.25,18750.0,0.0,111.15,23750.0,0.0,506.5,520.0,501.6,2.024,2026-02-03 23:02,29073
JUBLFOOD,2026-02-24,615.0,0.35,220000.0,0.0,0.0,0.0,0.0,506.5,520.0,501.6,2.024,2026-02-03 23:02,31283
JUBLFOOD,2026-02-24,620.0,0.3,146250.0,3750.0,129.5,35000.0,0.0,506.5,520.0,501.6,2.024,2026-02-03 23:02,33872
JUBLFOOD,2026-02-24,630.0,0.3,33750.0,0.0,143.0,6250.0,0.0,506.5,520.0,501.6,2.024,2026-02-03 23:02,38767
JUBLFOOD,2026-02-24,640.0,0.55,7500.0,0.0,151.9,31250.0,0.0,506.5,520.0,501.6,2.024,2026-02-03 23:02,44062
JUBLFOOD,2026-02-24,650.0,0.6,2500.0,0.0,135.5,81250.0,2500.0,506.5,520.0,501.6,2.024,2026-02-03 23:02,49011
JUBLFOOD,2026-02-24,680.0,0.2,6250.0,0.0,192.0,37500.0,0.0,506.5,520.0,501.6,2.024,2026-02-03 23:02,64429
KALYANKJIL,2026-02-24,290.0,0.0,0.0,0.0,0.0,0.0,0.0,383.95,394.05,379.15,5.048,2026-02-03 23:02,73921
KALYANKJIL,2026-02-24,300.0,60.0,25850.0,0.0,1.15,786075.0,639200.0,383.95,394.05,379.15,5.048,2026-02-03 23:02,61941
KALYANKJIL,2026-02-24,310.0,0.0,0.0,0.0,1.55,89300.0,59925.0,383.95,394.05,379.15,5.048,2026-02-03 23:02,50837
KALYANKJIL,2026-02-24,315.0,52.7,4700.0,0.0,1.8,203275.0,290225.0,383.95,394.05,379.15,5.048,2026-02-03 23:02,45284
KALYANKJIL,2026-02-24,320.0,66.15,122200.0,3525.0,2.0,265550.0,266725.0,383.95,394.05,379.15,5.048,2026-02-03 23:02,39836
KALYANKJIL,2026-02-24,325.0,0.0,0.0,0.0,7.1,3525.0,0.0,383.95,394.05,379.15,5.048,2026-02-03 23:02,35350
KALYANKJIL,2026-02-24,330.0,37.95,5875.0,0.0,2.65,313725.0,287875.0,383.95,394.05,379.15,5.048,2026-02-03 23:02,30108
KALYANKJIL,2026-02-24,335.0,55.55,9400.0,4700.0,3.15,118675.0,95175.0,383.95,394.05,379.15,5.048,2026-02-03 23:02,24967
KALYANKJIL,2026-02-24,340.0,44.8,37600.0,9400.0,3.75,761400.0,596900.0,383.95,394.05,379.15,5.048,2026-02-03 23:02,19965
KALYANKJIL,2026-02-24,345.0,40.55,23500.0,10575.0,4.25,296100.0,193875.0,383.95,394.05,379.15,5.048,2026-02-03 23:02,15232
KALYANKJIL,2026-02-24,350.0,41.0,124550.0,71675.0,5.2,629800.0,789600.0,383.95,394.05,379.15,5.048,2026-02-03 23:02,10744
KALYANKJIL,2026-02-24,355.0,36.35,74025.0,23500.0,6.25,311375.0,372475.0,383.95,394.05,379.15,5.048,2026-02-03 23:02,6848
KALYANKJIL,2026-02-24,360.0,32.75,291400.0,569875.0,7.45,883600.0,690900.0,383.95,394.05,379.15,5.048,2026-02-03 23:02,3035
KALYANKJIL,2026-02-24,365.0,29.3,179775.0,192700.0,8.6,568700.0,1075125.0,383.95,394.05,379.15,5.048,2026-02-03 23:02,32
KALYANKJIL,2026-02-24,370.0,25.95,990525.0,1357125.0,10.5,2404050.0,2169050.0,383.95,394.05,379.15,5.048,2026-02-03 23:02,-2854
KALYANKJIL,2026-02-24,375.0,23.2,320775.0,609825.0,12.25,471175.0,1115075.0,383.95,394.05,379.15,5.048,2026-02-03 23:02,-4036
KALYANKJIL,2026-02-24,380.0,19.85,2595575.0,2646100.0,14.35,1775425.0,2355875.0,383.95,394.05,379.15,5.048,2026-02-03 23:02,-4701
KALYANKJIL,2026-02-24,385.0,17.15,368950.0,1026950.0,17.05,381875.0,945875.0,383.95,394.05,379.15,5.048,2026-02-03 23:02,-743
KALYANKJIL,2026-02-24,390.0,15.0,601600.0,1788350.0,19.25,347800.0,874200.0,383.95,394.05,379.15,5.048,2026-02-03 23:02,967
KALYANKJIL,2026-02-24,395.0,12.8,448850.0,855400.0,22.3,44650.0,110450.0,383.95,394.05,379.15,5.048,2026-02-03 23:02,3403
KALYANKJIL,2026-02-24,400.0,11.1,2821175.0,4756400.0,25.4,397150.0,289050.0,383.95,394.05,379.15,5.048,2026-02-03 23:02,6329
KALYANKJIL,2026-02-24,405.0,9.65,358375.0,703825.0,32.05,36425.0,9400.0,383.95,394.05,379.15,5.048,2026-02-03 23:02,12511
KALYANKJIL,2026-02-24,410.0,8.25,493500.0,951750.0,34.0,42300.0,15275.0,383.95,394.05,379.15,5.048,2026-02-03 23:02,16997
KALYANKJIL,2026-02-24,415.0,7.1,164500.0,184475.0,58.85,21150.0,0.0,383.95,394.05,379.15,5.048,2026-02-03 23:02,21785
KALYANKJIL,2026-02-24,420.0,6.2,569875.0,1297200.0,40.0,54050.0,1175.0,383.95,394.05,379.15,5.048,2026-02-03 23:02,26396
KALYANKJIL,2026-02-24,425.0,5.3,49350.0,103400.0,44.5,25850.0,5875.0,383.95,394.05,379.15,5.048,2026-02-03 23:02,31462
KALYANKJIL,2026-02-24,430.0,4.8,314900.0,500550.0,70.85,68150.0,0.0,383.95,394.05,379.15,5.048,2026-02-03 23:02,36341
KALYANKJIL,2026-02-24,435.0,4.05,63450.0,136300.0,71.95,2350.0,0.0,383.95,394.05,379.15,5.048,2026-02-03 23:02,41168
KALYANKJIL,2026-02-24,440.0,3.6,391275.0,1234925.0,80.8,61100.0,0.0,383.95,394.05,379.15,5.048,2026-02-03 23:02,46369
KALYANKJIL,2026-02-24,445.0,3.0,92825.0,57575.0,55.4,12925.0,0.0,383.95,394.05,379.15,5.048,2026-02-03 23:02,51434
KALYANKJIL,2026-02-24,450.0,2.9,823675.0,1062200.0,68.2,116325.0,29375.0,383.95,394.05,379.15,5.048,2026-02-03 23:02,56861
KALYANKJIL,2026-02-24,455.0,1.6,7050.0,0.0,0.0,0.0,0.0,383.95,394.05,379.15,5.048,2026-02-03 23:02,62247
KALYANKJIL,2026-02-24,460.0,2.35,343100.0,216200.0,93.55,43475.0,0.0,383.95,394.05,379.15,5.048,2026-02-03 23:02,68192
KALYANKJIL,2026-02-24,465.0,2.3,56400.0,2350.0,23.15,11750.0,0.0,383.95,394.05,379.15,5.048,2026-02-03 23:02,74004
KALYANKJIL,2026-02-24,470.0,1.8,176250.0,64625.0,96.65,14100.0,0.0,383.95,394.05,379.15,5.048,2026-02-03 23:02,80161
KALYANKJIL,2026-02-24,475.0,1.0,11750.0,0.0,108.3,5875.0,0.0,383.95,394.05,379.15,5.048,2026-02-03 23:02,86324
KALYANKJIL,2026-02-24,480.0,1.6,266725.0,193875.0,95.0,56400.0,3525.0,383.95,394.05,379.15,5.048,2026-02-03 23:02,92537
KALYANKJIL,2026-02-24,485.0,1.6,17625.0,5875.0,0.0,0.0,0.0,383.95,394.05,379.15,5.048,2026-02-03 23:02,98481
KALYANKJIL,2026-02-24,490.0,1.25,85775.0,88125.0,126.0,16450.0,0.0,383.95,394.05,379.15,5.048,2026-02-03 23:02,104930
KALYANKJIL,2026-02-24,495.0,1.5,12925.0,0.0,0.0,0.0,0.0,383.95,394.05,379.15,5.048,2026-02-03 23:02,111231
KALYANKJIL,2026-02-24,500.0,1.05,1115075.0,539325.0,139.0,166850.0,0.0,383.95,394.05,379.15,5.048,2026-02-03 23:02,117736
KALYANKJIL,2026-02-24,505.0,4.45,1175.0,0.0,0.0,0.0,0.0,383.95,394.05,379.15,5.048,2026-02-03 23:02,122679
KALYANKJIL,2026-02-24,510.0,0.8,1175.0,0.0,61.6,19975.0,0.0,383.95,394.05,379.15,5.048,2026-02-03 23:02,129824
KALYANKJIL,2026-02-24,520.0,0.85,266725.0,19975.0,152.0,85775.0,0.0,383.95,394.05,379.15,5.048,2026-02-03 23:02,144013
KALYANKJIL,2026-02-24,525.0,0.0,0.0,0.0,67.0,4700.0,0.0,383.95,394.05,379.15,5.048,2026-02-03 23:02,150064
KALYANKJIL,2026-02-24,530.0,0.5,9400.0,0.0,75.5,7050.0,0.0,383.95,394.05,379.15,5.048,2026-02-03 23:02,157367
KALYANKJIL,2026-02-24,540.0,0.7,62275.0,8225.0,171.0,47000.0,0.0,383.95,394.05,379.15,5.048,2026-02-03 23:02,171999
KALYANKJIL,2026-02-24,545.0,1.0,1175.0,1175.0,0.0,0.0,0.0,383.95,394.05,379.15,5.048,2026-02-03 23:02,178597
KALYANKJIL,2026-02-24,550.0,0.6,237350.0,38775.0,0.0,0.0,0.0,383.95,394.05,379.15,5.048,2026-02-03 23:02,185995
KALYANKJIL,2026-02-24,560.0,0.3,16450.0,1175.0,0.0,0.0,0.0,383.95,394.05,379.15,5.048,2026-02-03 23:02,201042
KALYANKJIL,2026-02-24,575.0,0.5,1175.0,1175.0,0.0,0.0,0.0,383.95,394.05,379.15,5.048,2026-02-03 23:02,223617
KALYANKJIL,2026-02-24,580.0,0.25,8225.0,0.0,213.65,7050.0,0.0,383.95,394.05,379.15,5.048,2026-02-03 23:02,231142
KALYANKJIL,2026-02-24,600.0,0.35,403025.0,98700.0,0.0,0.0,0.0,383.95,394.05,379.15,5.048,2026-02-03 23:02,261123
KAYNES,2026-02-24,1600.0,989.65,0.0,0.0,0.1,0.0,0.0,3550.3,3740.0,3540.0,2.282,2026-02-03 23:02,200624
KAYNES,2026-02-24,1700.0,0.0,0.0,0.0,0.0,0.0,0.0,3550.3,3740.0,3540.0,2.282,2026-02-03 23:02,188903
KAYNES,2026-02-24,1800.0,0.0,0.0,0.0,0.0,0.0,0.0,3550.3,3740.0,3540.0,2.282,2026-02-03 23:02,177182
KAYNES,2026-02-24,1900.0,0.0,0.0,0.0,0.0,0.0,0.0,3550.3,3740.0,3540.0,2.282,2026-02-03 23:02,165461
KAYNES,2026-02-24,2000.0,0.0,0.0,0.0,0.0,0.0,0.0,3550.3,3740.0,3540.0,2.282,2026-02-03 23:02,153740
KAYNES,2026-02-24,2100.0,0.0,0.0,0.0,22.7,0.0,0.0,3550.3,3740.0,3540.0,2.282,2026-02-03 23:02,142019
KAYNES,2026-02-24,2200.0,0.0,0.0,0.0,0.0,0.0,0.0,3550.3,3740.0,3540.0,2.282,2026-02-03 23:02,130298
KAYNES,2026-02-24,2250.0,1020.35,0.0,0.0,0.1,0.0,0.0,3550.3,3740.0,3540.0,2.282,2026-02-03 23:02,124437
KAYNES,2026-02-24,2300.0,0.0,0.0,0.0,0.0,0.0,0.0,3550.3,3740.0,3540.0,2.282,2026-02-03 23:02,118577
KAYNES,2026-02-24,2350.0,0.0,0.0,0.0,0.0,0.0,0.0,3550.3,3740.0,3540.0,2.282,2026-02-03 23:02,112716
KAYNES,2026-02-24,2400.0,0.0,0.0,0.0,0.0,0.0,0.0,3550.3,3740.0,3540.0,2.282,2026-02-03 23:02,106856
KAYNES,2026-02-24,2450.0,0.0,0.0,0.0,0.0,0.0,0.0,3550.3,3740.0,3540.0,2.282,2026-02-03 23:02,100995
KAYNES,2026-02-24,2500.0,0.0,0.0,0.0,0.0,0.0,0.0,3550.3,3740.0,3540.0,2.282,2026-02-03 23:02,95135
KAYNES,2026-02-24,2550.0,0.0,0.0,0.0,0.0,0.0,0.0,3550.3,3740.0,3540.0,2.282,2026-02-03 23:02,89274
KAYNES,2026-02-24,2600.0,0.0,0.0,0.0,0.0,0.0,0.0,3550.3,3740.0,3540.0,2.282,2026-02-03 23:02,83414
KAYNES,2026-02-24,2650.0,0.0,0.0,0.0,0.0,0.0,0.0,3550.3,3740.0,3540.0,2.282,2026-02-03 23:02,77553
KAYNES,2026-02-24,2700.0,1276.95,0.0,0.0,19.0,0.0,0.0,3550.3,3740.0,3540.0,2.282,2026-02-03 23:02,71693
KAYNES,2026-02-24,2750.0,480.9,0.0,0.0,0.0,0.0,0.0,3550.3,3740.0,3540.0,2.282,2026-02-03 23:02,65832
KAYNES,2026-02-24,2800.0,700.0,900.0,0.0,12.5,52500.0,50800.0,3550.3,3740.0,3540.0,2.282,2026-02-03 23:02,59972
KAYNES,2026-02-24,2850.0,0.0,0.0,0.0,0.0,0.0,0.0,3550.3,3740.0,3540.0,2.282,2026-02-03 23:02,54376
KAYNES,2026-02-24,2900.0,530.0,600.0,0.0,17.9,52900.0,6200.0,3550.3,3740.0,3540.0,2.282,2026-02-03 23:02,48782
KAYNES,2026-02-24,2950.0,0.0,0.0,0.0,0.0,0.0,0.0,3550.3,3740.0,3540.0,2.282,2026-02-03 23:02,43393
KAYNES,2026-02-24,3000.0,714.3,9800.0,800.0,27.2,96400.0,110500.0,3550.3,3740.0,3540.0,2.282,2026-02-03 23:02,38067
KAYNES,2026-02-24,3050.0,398.0,200.0,0.0,0.0,0.0,0.0,3550.3,3740.0,3540.0,2.282,2026-02-03 23:02,33710
KAYNES,2026-02-24,3100.0,0.0,0.0,0.0,40.45,18200.0,33900.0,3550.3,3740.0,3540.0,2.282,2026-02-03 23:02,28924
KAYNES,2026-02-24,3150.0,390.0,300.0,0.0,29.15,4000.0,1200.0,3550.3,3740.0,3540.0,2.282,2026-02-03 23:02,24147
KAYNES,2026-02-24,3200.0,495.45,2400.0,500.0,59.2,76400.0,115600.0,3550.3,3740.0,3540.0,2.282,2026-02-03 23:02,19466
KAYNES,2026-02-24,3250.0,484.8,4300.0,200.0,71.3,11800.0,3400.0,3550.3,3740.0,3540.0,2.282,2026-02-03 23:02,14845
KAYNES,2026-02-24,3300.0,350.0,18800.0,9200.0,83.4,80100.0,76500.0,3550.3,3740.0,3540.0,2.282,2026-02-03 23:02,10762
KAYNES,2026-02-24,3350.0,386.75,12600.0,2400.0,100.5,45600.0,53300.0,3550.3,3740.0,3540.0,2.282,2026-02-03 23:02,7040
KAYNES,2026-02-24,3400.0,279.3,57400.0,65400.0,118.4,106800.0,144800.0,3550.3,3740.0,3540.0,2.282,2026-02-03 23:02,3647
KAYNES,2026-02-24,3450.0,250.35,14200.0,17200.0,136.05,25400.0,45800.0,3550.3,3740.0,3540.0,2.282,2026-02-03 23:02,1386
KAYNES,2026-02-24,3500.0,221.7,171300.0,225100.0,158.4,277200.0,302600.0,3550.3,3740.0,3540.0,2.282,2026-02-03 23:02,-1006
KAYNES,2026-02-24,3550.0,199.85,25300.0,54900.0,184.2,85800.0,80700.0,3550.3,3740.0,3540.0,2.282,2026-02-03 23:02,-1759
KAYNES,2026-02-24,3600.0,176.5,85700.0,311100.0,210.3,58900.0,177500.0,3550.3,3740.0,3540.0,2.282,2026-02-03 23:02,-2438
KAYNES,2026-02-24,3650.0,154.15,28000.0,131100.0,240.45,16600.0,63400.0,3550.3,3740.0,3540.0,2.282,2026-02-03 23:02,-1046
KAYNES,2026-02-24,3700.0,137.2,114000.0,372700.0,269.6,31400.0,70900.0,3550.3,3740.0,3540.0,2.282,2026-02-03 23:02,327
KAYNES,2026-02-24,3750.0,120.05,18000.0,50200.0,393.9,1300.0,0.0,3550.3,3740.0,3540.0,2.282,2026-02-03 23:02,3113
KAYNES,2026-02-24,3800.0,105.5,115700.0,234400.0,335.0,28300.0,18200.0,3550.3,3740.0,3540.0,2.282,2026-02-03 23:02,5443
KAYNES,2026-02-24,3850.0,92.1,18200.0,25300.0,550.0,200.0,0.0,3550.3,3740.0,3540.0,2.282,2026-02-03 23:02,8600
KAYNES,2026-02-24,3900.0,79.8,47100.0,155100.0,400.0,7500.0,3500.0,3550.3,3740.0,3540.0,2.282,2026-02-03 23:02,11734
KAYNES,2026-02-24,3950.0,69.1,15800.0,30000.0,615.45,900.0,0.0,3550.3,3740.0,3540.0,2.282,2026-02-03 23:02,15060
KAYNES,2026-02-24,4000.0,60.45,183200.0,590400.0,490.0,29000.0,5300.0,3550.3,3740.0,3540.0,2.282,2026-02-03 23:02,18447
KAYNES,2026-02-24,4050.0,52.0,3300.0,4200.0,726.2,200.0,0.0,3550.3,3740.0,3540.0,2.282,2026-02-03 23:02,22528
KAYNES,2026-02-24,4100.0,45.5,18100.0,47800.0,525.0,4700.0,0.0,3550.3,3740.0,3540.0,2.282,2026-02-03 23:02,26943
KAYNES,2026-02-24,4150.0,49.2,2600.0,1400.0,665.0,500.0,0.0,3550.3,3740.0,3540.0,2.282,2026-02-03 23:02,31304
KAYNES,2026-02-24,4200.0,34.55,39700.0,111100.0,725.0,6600.0,0.0,3550.3,3740.0,3540.0,2.282,2026-02-03 23:02,35825
KAYNES,2026-02-24,4250.0,34.1,800.0,0.0,548.35,0.0,0.0,3550.3,3740.0,3540.0,2.282,2026-02-03 23:02,40257
KAYNES,2026-02-24,4300.0,28.65,17400.0,30200.0,780.0,400.0,0.0,3550.3,3740.0,3540.0,2.282,2026-02-03 23:02,45037
KAYNES,2026-02-24,4350.0,23.9,1000.0,1900.0,615.1,0.0,0.0,3550.3,3740.0,3540.0,2.282,2026-02-03 23:02,49922
KAYNES,2026-02-24,4400.0,21.0,20000.0,20000.0,740.0,6800.0,800.0,3550.3,3740.0,3540.0,2.282,2026-02-03 23:02,54795
KAYNES,2026-02-24,4450.0,0.0,0.0,0.0,0.0,0.0,0.0,3550.3,3740.0,3540.0,2.282,2026-02-03 23:02,59339
KAYNES,2026-02-24,4500.0,15.75,54300.0,85700.0,835.0,8700.0,100.0,3550.3,3740.0,3540.0,2.282,2026-02-03 23:02,64344
KAYNES,2026-02-24,4550.0,0.0,0.0,0.0,0.0,0.0,0.0,3550.3,3740.0,3540.0,2.282,2026-02-03 23:02,69023
KAYNES,2026-02-24,4600.0,14.3,23600.0,5700.0,945.0,1500.0,100.0,3550.3,3740.0,3540.0,2.282,2026-02-03 23:02,74343
KAYNES,2026-02-24,4650.0,0.0,0.0,0.0,0.0,0.0,0.0,3550.3,3740.0,3540.0,2.282,2026-02-03 23:02,79680
KAYNES,2026-02-24,4700.0,0.0,0.0,0.0,0.0,0.0,0.0,3550.3,3740.0,3540.0,2.282,2026-02-03 23:02,85126
KAYNES,2026-02-24,4750.0,0.0,0.0,0.0,0.0,0.0,0.0,3550.3,3740.0,3540.0,2.282,2026-02-03 23:02,90571
KAYNES,2026-02-24,4800.0,10.0,5000.0,10000.0,1379.3,3800.0,0.0,3550.3,3740.0,3540.0,2.282,2026-02-03 23:02,96017
KAYNES,2026-02-24,4900.0,0.0,0.0,0.0,0.0,0.0,0.0,3550.3,3740.0,3540.0,2.282,2026-02-03 23:02,106477
KAYNES,2026-02-24,5000.0,7.5,40100.0,122000.0,1393.0,31700.0,0.0,3550.3,3740.0,3540.0,2.282,2026-02-03 23:02,117456
KAYNES,2026-02-24,5100.0,0.0,0.0,0.0,0.0,0.0,0.0,3550.3,3740.0,3540.0,2.282,2026-02-03 23:02,124767
KAYNES,2026-02-24,5200.0,6.0,300.0,200.0,307.5,0.0,0.0,3550.3,3740.0,3540.0,2.282,2026-02-03 23:02,136464
KAYNES,2026-02-24,5300.0,0.0,0.0,0.0,0.0,0.0,0.0,3550.3,3740.0,3540.0,2.282,2026-02-03 23:02,148164
KAYNES,2026-02-24,5400.0,7.0,1300.0,600.0,0.0,0.0,0.0,3550.3,3740.0,3540.0,2.282,2026-02-03 23:02,159864
KAYNES,2026-02-24,5600.0,10.0,500.0,0.0,0.0,0.0,0.0,3550.3,3740.0,3540.0,2.282,2026-02-03 23:02,183291
KAYNES,2026-02-24,6200.0,3.2,7900.0,2100.0,0.0,0.0,0.0,3550.3,3740.0,3540.0,2.282,2026-02-03 23:02,253599
KEI,2026-02-24,3200.0,559.1,175.0,0.0,0.0,0.0,0.0,4367.0,4560.0,4282.1,7.04,2026-02-03 23:02,20989
KEI,2026-02-24,3250.0,0.0,0.0,0.0,0.0,0.0,0.0,4367.0,4560.0,4282.1,7.04,2026-02-03 23:02,19088
KEI,2026-02-24,3300.0,698.15,2450.0,0.0,3.65,4900.0,875.0,4367.0,4560.0,4282.1,7.04,2026-02-03 23:02,17177
KEI,2026-02-24,3350.0,684.2,1225.0,0.0,10.0,175.0,0.0,4367.0,4560.0,4282.1,7.04,2026-02-03 23:02,15472
KEI,2026-02-24,3400.0,407.65,525.0,0.0,15.05,2450.0,0.0,4367.0,4560.0,4282.1,7.04,2026-02-03 23:02,13688
KEI,2026-02-24,3450.0,587.25,525.0,0.0,4.55,12250.0,3850.0,4367.0,4560.0,4282.1,7.04,2026-02-03 23:02,11854
KEI,2026-02-24,3500.0,314.95,350.0,0.0,5.3,12075.0,2975.0,4367.0,4560.0,4282.1,7.04,2026-02-03 23:02,10090
KEI,2026-02-24,3550.0,288.1,350.0,0.0,5.0,2450.0,2800.0,4367.0,4560.0,4282.1,7.04,2026-02-03 23:02,8369
KEI,2026-02-24,3600.0,380.0,700.0,0.0,5.0,10150.0,4725.0,4367.0,4560.0,4282.1,7.04,2026-02-03 23:02,6665
KEI,2026-02-24,3650.0,404.45,1400.0,0.0,5.85,2275.0,1575.0,4367.0,4560.0,4282.1,7.04,2026-02-03 23:02,5029
KEI,2026-02-24,3700.0,357.1,2975.0,0.0,7.0,19075.0,18725.0,4367.0,4560.0,4282.1,7.04,2026-02-03 23:02,3444
KEI,2026-02-24,3750.0,625.0,2100.0,525.0,9.25,6650.0,3325.0,4367.0,4560.0,4282.1,7.04,2026-02-03 23:02,2007
KEI,2026-02-24,3800.0,567.75,15575.0,10325.0,10.1,77700.0,120575.0,4367.0,4560.0,4282.1,7.04,2026-02-03 23:02,647
KEI,2026-02-24,3850.0,499.0,4200.0,350.0,15.0,14175.0,1225.0,4367.0,4560.0,4282.1,7.04,2026-02-03 23:02,433
KEI,2026-02-24,3900.0,471.35,11900.0,6475.0,16.05,18550.0,80150.0,4367.0,4560.0,4282.1,7.04,2026-02-03 23:02,-305
KEI,2026-02-24,3950.0,414.3,36225.0,4725.0,21.0,31325.0,35350.0,4367.0,4560.0,4282.1,7.04,2026-02-03 23:02,-549
KEI,2026-02-24,4000.0,367.65,33950.0,51450.0,25.25,32025.0,163975.0,4367.0,4560.0,4282.1,7.04,2026-02-03 23:02,447
KEI,2026-02-24,4050.0,310.1,15575.0,5075.0,129.1,2275.0,0.0,4367.0,4560.0,4282.1,7.04,2026-02-03 23:02,1507
KEI,2026-02-24,4100.0,290.4,24850.0,41125.0,42.0,20125.0,53900.0,4367.0,4560.0,4282.1,7.04,2026-02-03 23:02,1942
KEI,2026-02-24,4150.0,216.75,2450.0,5775.0,53.75,11375.0,28000.0,4367.0,4560.0,4282.1,7.04,2026-02-03 23:02,2786
KEI,2026-02-24,4200.0,197.7,2625.0,3850.0,70.0,21525.0,159425.0,4367.0,4560.0,4282.1,7.04,2026-02-03 23:02,3054
KEI,2026-02-24,4250.0,192.3,4025.0,8225.0,88.05,12075.0,42175.0,4367.0,4560.0,4282.1,7.04,2026-02-03 23:02,3351
KEI,2026-02-24,4300.0,153.45,24325.0,133175.0,111.5,22925.0,130025.0,4367.0,4560.0,4282.1,7.04,2026-02-03 23:02,3799
KEI,2026-02-24,4350.0,130.0,11900.0,105350.0,134.65,8050.0,32900.0,4367.0,4560.0,4282.1,7.04,2026-02-03 23:02,4630
KEI,2026-02-24,4400.0,108.1,27825.0,249900.0,155.65,18025.0,114625.0,4367.0,4560.0,4282.1,7.04,2026-02-03 23:02,5489
KEI,2026-02-24,4450.0,86.65,22400.0,100625.0,197.05,3850.0,26075.0,4367.0,4560.0,4282.1,7.04,2026-02-03 23:02,6551
KEI,2026-02-24,4500.0,71.1,53375.0,700875.0,232.45,13825.0,39725.0,4367.0,4560.0,4282.1,7.04,2026-02-03 23:02,7843
KEI,2026-02-24,4550.0,61.2,7525.0,33425.0,188.25,1225.0,0.0,4367.0,4560.0,4282.1,7.04,2026-02-03 23:02,9411
KEI,2026-02-24,4600.0,48.0,24675.0,85575.0,0.0,0.0,0.0,4367.0,4560.0,4282.1,7.04,2026-02-03 23:02,10987
KEI,2026-02-24,4650.0,42.4,15225.0,22050.0,0.0,0.0,0.0,4367.0,4560.0,4282.1,7.04,2026-02-03 23:02,12782
KEI,2026-02-24,4700.0,30.95,21875.0,50575.0,0.0,0.0,0.0,4367.0,4560.0,4282.1,7.04,2026-02-03 23:02,14599
KEI,2026-02-24,4800.0,0.0,0.0,0.0,936.8,875.0,0.0,4367.0,4560.0,4282.1,7.04,2026-02-03 23:02,18390
KEI,2026-02-24,4900.0,14.15,14525.0,25025.0,0.0,0.0,0.0,4367.0,4560.0,4282.1,7.04,2026-02-03 23:02,22041
KEI,2026-02-24,4950.0,2.75,175.0,0.0,0.0,0.0,0.0,4367.0,4560.0,4282.1,7.04,2026-02-03 23:02,24001
KEI,2026-02-24,5000.0,8.15,21175.0,135450.0,0.0,0.0,0.0,4367.0,4560.0,4282.1,7.04,2026-02-03 23:02,25941
KFINTECH,2026-02-24,840.0,0.0,0.0,0.0,1.95,32500.0,45500.0,1030.5,1054.1,1021.4,3.05,2026-02-03 23:02,9314
KFINTECH,2026-02-24,880.0,90.5,7000.0,0.0,3.55,24500.0,30500.0,1030.5,1054.1,1021.4,3.05,2026-02-03 23:02,5957
KFINTECH,2026-02-24,900.0,130.7,24000.0,11000.0,4.75,110000.0,163500.0,1030.5,1054.1,1021.4,3.05,2026-02-03 23:02,4400
KFINTECH,2026-02-24,920.0,64.1,10500.0,0.0,6.55,33500.0,58500.0,1030.5,1054.1,1021.4,3.05,2026-02-03 23:02,3317
KFINTECH,2026-02-24,940.0,51.1,16500.0,0.0,9.1,38000.0,58500.0,1030.5,1054.1,1021.4,3.05,2026-02-03 23:02,2107
KFINTECH,2026-02-24,960.0,79.75,103500.0,21500.0,12.65,181000.0,244000.0,1030.5,1054.1,1021.4,3.05,2026-02-03 23:02,1010
KFINTECH,2026-02-24,980.0,67.45,20500.0,18500.0,17.95,33500.0,85000.0,1030.5,1054.1,1021.4,3.05,2026-02-03 23:02,1028
KFINTECH,2026-02-24,1000.0,52.25,135500.0,262000.0,23.85,84500.0,292000.0,1030.5,1054.1,1021.4,3.05,2026-02-03 23:02,636
KFINTECH,2026-02-24,1020.0,41.05,115500.0,218500.0,31.2,106500.0,134500.0,1030.5,1054.1,1021.4,3.05,2026-02-03 23:02,1113
KFINTECH,2026-02-24,1040.0,30.15,230500.0,480500.0,42.0,88000.0,163000.0,1030.5,1054.1,1021.4,3.05,2026-02-03 23:02,1668
KFINTECH,2026-02-24,1060.0,22.8,85000.0,293000.0,52.1,27000.0,51000.0,1030.5,1054.1,1021.4,3.05,2026-02-03 23:02,3045
KFINTECH,2026-02-24,1080.0,17.0,22500.0,18500.0,68.45,9500.0,6000.0,1030.5,1054.1,1021.4,3.05,2026-02-03 23:02,4373
KFINTECH,2026-02-24,1100.0,12.15,178500.0,325000.0,98.3,30000.0,500.0,1030.5,1054.1,1021.4,3.05,2026-02-03 23:02,5685
KFINTECH,2026-02-24,1120.0,8.8,11500.0,18000.0,99.95,18000.0,8000.0,1030.5,1054.1,1021.4,3.05,2026-02-03 23:02,7363
KFINTECH,2026-02-24,1140.0,6.3,26000.0,39000.0,165.0,8000.0,0.0,1030.5,1054.1,1021.4,3.05,2026-02-03 23:02,9008
KFINTECH,2026-02-24,1160.0,2.55,14500.0,0.0,165.05,1500.0,0.0,1030.5,1054.1,1021.4,3.05,2026-02-03 23:02,10776
KFINTECH,2026-02-24,1200.0,2.25,33500.0,61000.0,167.15,14000.0,1500.0,1030.5,1054.1,1021.4,3.05,2026-02-03 23:02,14585
KFINTECH,2026-02-24,1240.0,1.0,37500.0,2000.0,245.0,30000.0,0.0,1030.5,1054.1,1021.4,3.05,2026-02-03 23:02,18378
KOTAKBANK,2026-02-24,345.0,0.0,0.0,0.0,0.0,0.0,0.0,415.8,425.0,410.3,1.862,2026-02-03 23:02,106030
KOTAKBANK,2026-02-24,350.0,0.0,0.0,0.0,0.1,930000.0,308000.0,415.8,425.0,410.3,1.862,2026-02-03 23:02,95196
KOTAKBANK,2026-02-24,355.0,0.0,0.0,0.0,0.0,0.0,0.0,415.8,425.0,410.3,1.862,2026-02-03 23:02,84817
KOTAKBANK,2026-02-24,360.0,57.4,14000.0,4000.0,0.15,1482000.0,244000.0,415.8,425.0,410.3,1.862,2026-02-03 23:02,74448
KOTAKBANK,2026-02-24,365.0,0.0,0.0,0.0,0.15,406000.0,54000.0,415.8,425.0,410.3,1.862,2026-02-03 23:02,64885
KOTAKBANK,2026-02-24,368.0,0.0,0.0,0.0,0.4,150000.0,0.0,415.8,425.0,410.3,1.862,2026-02-03 23:02,59229
KOTAKBANK,2026-02-24,370.0,0.0,0.0,0.0,0.25,1064000.0,450000.0,415.8,425.0,410.3,1.862,2026-02-03 23:02,55485
KOTAKBANK,2026-02-24,375.0,44.45,2000.0,0.0,0.4,112000.0,70000.0,415.8,425.0,410.3,1.862,2026-02-03 23:02,46648
KOTAKBANK,2026-02-24,376.0,269.0,2000.0,0.0,1.15,508000.0,0.0,415.8,425.0,410.3,1.862,2026-02-03 23:02,44901
KOTAKBANK,2026-02-24,377.5,0.0,0.0,0.0,0.0,0.0,0.0,415.8,425.0,410.3,1.862,2026-02-03 23:02,42347
KOTAKBANK,2026-02-24,380.0,30.0,30000.0,0.0,0.55,790000.0,432000.0,415.8,425.0,410.3,1.862,2026-02-03 23:02,38098
KOTAKBANK,2026-02-24,382.5,0.0,0.0,0.0,0.6,88000.0,42000.0,415.8,425.0,410.3,1.862,2026-02-03 23:02,34100
KOTAKBANK,2026-02-24,384.0,44.7,12000.0,0.0,2.3,92000.0,0.0,415.8,425.0,410.3,1.862,2026-02-03 23:02,31681
KOTAKBANK,2026-02-24,385.0,0.0,0.0,0.0,0.75,1334000.0,404000.0,415.8,425.0,410.3,1.862,2026-02-03 23:02,30115
KOTAKBANK,2026-02-24,387.5,40.5,14000.0,0.0,0.85,72000.0,20000.0,415.8,425.0,410.3,1.862,2026-02-03 23:02,26352
KOTAKBANK,2026-02-24,388.0,209.0,2000.0,0.0,0.9,128000.0,34000.0,415.8,425.0,410.3,1.862,2026-02-03 23:02,25674
KOTAKBANK,2026-02-24,390.0,25.85,6000.0,0.0,1.1,494000.0,576000.0,415.8,425.0,410.3,1.862,2026-02-03 23:02,22817
KOTAKBANK,2026-02-24,392.0,19.55,14000.0,0.0,1.2,112000.0,142000.0,415.8,425.0,410.3,1.862,2026-02-03 23:02,19991
KOTAKBANK,2026-02-24,392.5,21.35,4000.0,0.0,1.2,238000.0,50000.0,415.8,425.0,410.3,1.862,2026-02-03 23:02,19314
KOTAKBANK,2026-02-24,395.0,0.0,0.0,0.0,1.45,496000.0,676000.0,415.8,425.0,410.3,1.862,2026-02-03 23:02,15902
KOTAKBANK,2026-02-24,396.0,0.0,0.0,0.0,1.55,34000.0,26000.0,415.8,425.0,410.3,1.862,2026-02-03 23:02,14523
KOTAKBANK,2026-02-24,397.5,0.0,0.0,0.0,1.75,160000.0,98000.0,415.8,425.0,410.3,1.862,2026-02-03 23:02,12562
KOTAKBANK,2026-02-24,400.0,18.8,1040000.0,1190000.0,2.1,2298000.0,3086000.0,415.8,425.0,410.3,1.862,2026-02-03 23:02,9315
KOTAKBANK,2026-02-24,402.5,12.75,66000.0,0.0,2.5,188000.0,256000.0,415.8,425.0,410.3,1.862,2026-02-03 23:02,8402
KOTAKBANK,2026-02-24,404.0,20.3,44000.0,26000.0,2.75,122000.0,270000.0,415.8,425.0,410.3,1.862,2026-02-03 23:02,7047
KOTAKBANK,2026-02-24,405.0,15.1,364000.0,426000.0,3.05,490000.0,1200000.0,415.8,425.0,410.3,1.862,2026-02-03 23:02,6190
KOTAKBANK,2026-02-24,407.5,12.95,264000.0,226000.0,3.6,312000.0,488000.0,415.8,425.0,410.3,1.862,2026-02-03 23:02,4524
KOTAKBANK,2026-02-24,408.0,12.85,438000.0,194000.0,3.8,460000.0,526000.0,415.8,425.0,410.3,1.862,2026-02-03 23:02,4369
KOTAKBANK,2026-02-24,410.0,11.65,1818000.0,3542000.0,4.2,1874000.0,4508000.0,415.8,425.0,410.3,1.862,2026-02-03 23:02,3399
KOTAKBANK,2026-02-24,412.0,9.95,326000.0,494000.0,5.05,312000.0,518000.0,415.8,425.0,410.3,1.862,2026-02-03 23:02,4110
KOTAKBANK,2026-02-24,412.5,9.7,246000.0,312000.0,5.2,236000.0,486000.0,415.8,425.0,410.3,1.862,2026-02-03 23:02,4153
KOTAKBANK,2026-02-24,415.0,8.4,806000.0,2452000.0,6.0,640000.0,1698000.0,415.8,425.0,410.3,1.862,2026-02-03 23:02,3774
KOTAKBANK,2026-02-24,416.0,7.65,170000.0,682000.0,6.9,134000.0,532000.0,415.8,425.0,410.3,1.862,2026-02-03 23:02,4014
KOTAKBANK,2026-02-24,417.5,6.95,246000.0,712000.0,7.45,152000.0,400000.0,415.8,425.0,410.3,1.862,2026-02-03 23:02,4017
KOTAKBANK,2026-02-24,420.0,5.8,3074000.0,11936000.0,8.65,2148000.0,4314000.0,415.8,425.0,410.3,1.862,2026-02-03 23:02,4117
KOTAKBANK,2026-02-24,422.5,4.8,344000.0,900000.0,10.45,104000.0,472000.0,415.8,425.0,410.3,1.862,2026-02-03 23:02,5389
KOTAKBANK,2026-02-24,424.0,4.3,356000.0,310000.0,11.2,308000.0,238000.0,415.8,425.0,410.3,1.862,2026-02-03 23:02,6321
KOTAKBANK,2026-02-24,425.0,3.95,540000.0,1928000.0,11.9,468000.0,602000.0,415.8,425.0,410.3,1.862,2026-02-03 23:02,6780
KOTAKBANK,2026-02-24,427.5,3.3,120000.0,260000.0,12.85,62000.0,110000.0,415.8,425.0,410.3,1.862,2026-02-03 23:02,8314
KOTAKBANK,2026-02-24,428.0,3.15,254000.0,432000.0,13.2,544000.0,228000.0,415.8,425.0,410.3,1.862,2026-02-03 23:02,8658
KOTAKBANK,2026-02-24,430.0,2.75,1726000.0,4856000.0,15.95,878000.0,334000.0,415.8,425.0,410.3,1.862,2026-02-03 23:02,9718
KOTAKBANK,2026-02-24,432.0,2.35,182000.0,250000.0,16.8,206000.0,62000.0,415.8,425.0,410.3,1.862,2026-02-03 23:02,11011
KOTAKBANK,2026-02-24,432.5,2.25,214000.0,290000.0,16.65,18000.0,24000.0,415.8,425.0,410.3,1.862,2026-02-03 23:02,11282
KOTAKBANK,2026-02-24,435.0,1.85,312000.0,696000.0,19.1,54000.0,86000.0,415.8,425.0,410.3,1.862,2026-02-03 23:02,14229
KOTAKBANK,2026-02-24,436.0,1.65,204000.0,292000.0,16.0,4000.0,6000.0,415.8,425.0,410.3,1.862,2026-02-03 23:02,15391
KOTAKBANK,2026-02-24,437.5,1.55,168000.0,356000.0,0.0,0.0,0.0,415.8,425.0,410.3,1.862,2026-02-03 23:02,17262
KOTAKBANK,2026-02-24,440.0,1.3,2054000.0,3016000.0,21.95,726000.0,76000.0,415.8,425.0,410.3,1.862,2026-02-03 23:02,20402
KOTAKBANK,2026-02-24,442.5,1.1,134000.0,42000.0,0.0,0.0,0.0,415.8,425.0,410.3,1.862,2026-02-03 23:02,22884
KOTAKBANK,2026-02-24,444.0,1.0,174000.0,142000.0,0.0,0.0,0.0,415.8,425.0,410.3,1.862,2026-02-03 23:02,25204
KOTAKBANK,2026-02-24,445.0,0.95,398000.0,462000.0,0.0,0.0,0.0,415.8,425.0,410.3,1.862,2026-02-03 23:02,26776
KOTAKBANK,2026-02-24,447.5,0.9,54000.0,54000.0,0.0,0.0,0.0,415.8,425.0,410.3,1.862,2026-02-03 23:02,30799
KOTAKBANK,2026-02-24,448.0,0.9,138000.0,102000.0,39.1,4000.0,0.0,415.8,425.0,410.3,1.862,2026-02-03 23:02,31604
KOTAKBANK,2026-02-24,450.0,0.75,3642000.0,2686000.0,33.8,66000.0,10000.0,415.8,425.0,410.3,1.862,2026-02-03 23:02,34828
KOTAKBANK,2026-02-24,452.0,0.75,258000.0,142000.0,0.0,0.0,0.0,415.8,425.0,410.3,1.862,2026-02-03 23:02,38848
KOTAKBANK,2026-02-24,452.5,0.6,166000.0,274000.0,0.0,0.0,0.0,415.8,425.0,410.3,1.862,2026-02-03 23:02,39872
KOTAKBANK,2026-02-24,455.0,0.5,258000.0,216000.0,44.85,0.0,0.0,415.8,425.0,410.3,1.862,2026-02-03 23:02,44950
KOTAKBANK,2026-02-24,456.0,0.55,138000.0,0.0,46.5,2000.0,0.0,415.8,425.0,410.3,1.862,2026-02-03 23:02,47015
KOTAKBANK,2026-02-24,457.5,0.45,138000.0,0.0,0.0,0.0,0.0,415.8,425.0,410.3,1.862,2026-02-03 23:02,50114
KOTAKBANK,2026-02-24,460.0,0.4,2136000.0,280000.0,40.2,158000.0,12000.0,415.8,425.0,410.3,1.862,2026-02-03 23:02,55322
KOTAKBANK,2026-02-24,464.0,0.4,680000.0,36000.0,0.0,0.0,0.0,415.8,425.0,410.3,1.862,2026-02-03 23:02,64012
KOTAKBANK,2026-02-24,465.0,0.45,1162000.0,8000.0,0.0,0.0,0.0,415.8,425.0,410.3,1.862,2026-02-03 23:02,66417
KOTAKBANK,2026-02-24,468.0,0.35,390000.0,4000.0,0.0,0.0,0.0,415.8,425.0,410.3,1.862,2026-02-03 23:02,73952
KOTAKBANK,2026-02-24,470.0,0.25,754000.0,46000.0,0.0,0.0,0.0,415.8,425.0,410.3,1.862,2026-02-03 23:02,79032
KOTAKBANK,2026-02-24,475.0,0.45,4000.0,0.0,0.0,0.0,0.0,415.8,425.0,410.3,1.862,2026-02-03 23:02,92094
KOTAKBANK,2026-02-24,476.0,0.3,22000.0,0.0,0.0,0.0,0.0,415.8,425.0,410.3,1.862,2026-02-03 23:02,94703
KOTAKBANK,2026-02-24,480.0,0.25,228000.0,180000.0,70.0,10000.0,0.0,415.8,425.0,410.3,1.862,2026-02-03 23:02,105149
KOTAKBANK,2026-02-24,484.0,0.4,12000.0,0.0,0.0,0.0,0.0,415.8,425.0,410.3,1.862,2026-02-03 23:02,115624
KOTAKBANK,2026-02-24,485.0,0.25,42000.0,0.0,0.0,0.0,0.0,415.8,425.0,410.3,1.862,2026-02-03 23:02,118261
KOTAKBANK,2026-02-24,488.0,0.7,54000.0,0.0,0.0,0.0,0.0,415.8,425.0,410.3,1.862,2026-02-03 23:02,126183
KOTAKBANK,2026-02-24,496.0,0.25,112000.0,34000.0,0.0,0.0,0.0,415.8,425.0,410.3,1.862,2026-02-03 23:02,147353
KPITTECH,2026-02-24,820.0,0.0,0.0,0.0,0.0,0.0,0.0,989.8,1063.0,987.0,-0.871,2026-02-03 23:02,37108
KPITTECH,2026-02-24,840.0,0.0,0.0,0.0,0.0,0.0,0.0,989.8,1063.0,987.0,-0.871,2026-02-03 23:02,33108
KPITTECH,2026-02-24,850.0,0.0,0.0,0.0,0.0,0.0,0.0,989.8,1063.0,987.0,-0.871,2026-02-03 23:02,31108
KPITTECH,2026-02-24,860.0,136.55,1275.0,0.0,2.95,28900.0,28050.0,989.8,1063.0,987.0,-0.871,2026-02-03 23:02,29108
KPITTECH,2026-02-24,870.0,0.0,0.0,0.0,0.0,0.0,0.0,989.8,1063.0,987.0,-0.871,2026-02-03 23:02,27147
KPITTECH,2026-02-24,880.0,0.0,0.0,0.0,4.15,850.0,5950.0,989.8,1063.0,987.0,-0.871,2026-02-03 23:02,25177
KPITTECH,2026-02-24,890.0,0.0,0.0,0.0,0.0,0.0,0.0,989.8,1063.0,987.0,-0.871,2026-02-03 23:02,23208
KPITTECH,2026-02-24,900.0,97.5,2975.0,6800.0,6.0,131750.0,182325.0,989.8,1063.0,987.0,-0.871,2026-02-03 23:02,21239
KPITTECH,2026-02-24,910.0,0.0,0.0,0.0,0.0,0.0,0.0,989.8,1063.0,987.0,-0.871,2026-02-03 23:02,19354
KPITTECH,2026-02-24,920.0,77.0,1275.0,2975.0,8.6,73525.0,26350.0,989.8,1063.0,987.0,-0.871,2026-02-03 23:02,17520
KPITTECH,2026-02-24,930.0,0.0,0.0,0.0,10.3,4675.0,8500.0,989.8,1063.0,987.0,-0.871,2026-02-03 23:02,15707
KPITTECH,2026-02-24,940.0,0.0,0.0,0.0,12.5,75225.0,119850.0,989.8,1063.0,987.0,-0.871,2026-02-03 23:02,13947
KPITTECH,2026-02-24,950.0,56.8,12750.0,13600.0,15.2,74800.0,136850.0,989.8,1063.0,987.0,-0.871,2026-02-03 23:02,12174
KPITTECH,2026-02-24,960.0,87.5,425.0,0.0,18.3,79900.0,84150.0,989.8,1063.0,987.0,-0.871,2026-02-03 23:02,10540
KPITTECH,2026-02-24,970.0,42.0,7225.0,4675.0,21.85,41650.0,52700.0,989.8,1063.0,987.0,-0.871,2026-02-03 23:02,8886
KPITTECH,2026-02-24,980.0,38.0,30600.0,30175.0,26.2,61625.0,111775.0,989.8,1063.0,987.0,-0.871,2026-02-03 23:02,7363
KPITTECH,2026-02-24,990.0,32.95,82875.0,167450.0,31.05,50575.0,101575.0,989.8,1063.0,987.0,-0.871,2026-02-03 23:02,5947
KPITTECH,2026-02-24,1000.0,28.3,299625.0,813875.0,36.65,375700.0,403750.0,989.8,1063.0,987.0,-0.871,2026-02-03 23:02,4826
KPITTECH,2026-02-24,1010.0,24.4,87975.0,231625.0,42.1,28900.0,82875.0,989.8,1063.0,987.0,-0.871,2026-02-03 23:02,3735
KPITTECH,2026-02-24,1020.0,20.8,147475.0,416925.0,49.1,83300.0,159375.0,989.8,1063.0,987.0,-0.871,2026-02-03 23:02,3383
KPITTECH,2026-02-24,1030.0,17.35,54825.0,114750.0,57.95,46750.0,45900.0,989.8,1063.0,987.0,-0.871,2026-02-03 23:02,3066
KPITTECH,2026-02-24,1040.0,15.25,170425.0,362950.0,63.6,109650.0,56950.0,989.8,1063.0,987.0,-0.871,2026-02-03 23:02,2778
KPITTECH,2026-02-24,1050.0,13.05,176800.0,466225.0,71.0,118150.0,22525.0,989.8,1063.0,987.0,-0.871,2026-02-03 23:02,2508
KPITTECH,2026-02-24,1060.0,11.45,147900.0,239275.0,75.2,36125.0,19125.0,989.8,1063.0,987.0,-0.871,2026-02-03 23:02,2362
KPITTECH,2026-02-24,1070.0,9.5,107950.0,88825.0,79.15,87550.0,10200.0,989.8,1063.0,987.0,-0.871,2026-02-03 23:02,2906
KPITTECH,2026-02-24,1080.0,8.65,241400.0,178925.0,96.3,99875.0,75225.0,989.8,1063.0,987.0,-0.871,2026-02-03 23:02,3158
KPITTECH,2026-02-24,1090.0,7.6,76925.0,59925.0,104.95,27200.0,4675.0,989.8,1063.0,987.0,-0.871,2026-02-03 23:02,3588
KPITTECH,2026-02-24,1100.0,6.6,828750.0,1380825.0,106.55,133450.0,22525.0,989.8,1063.0,987.0,-0.871,2026-02-03 23:02,4648
KPITTECH,2026-02-24,1110.0,5.85,97750.0,65450.0,107.6,26350.0,0.0,989.8,1063.0,987.0,-0.871,2026-02-03 23:02,6023
KPITTECH,2026-02-24,1120.0,4.9,107950.0,45900.0,127.0,18275.0,4250.0,989.8,1063.0,987.0,-0.871,2026-02-03 23:02,8170
KPITTECH,2026-02-24,1130.0,4.6,61625.0,58650.0,94.15,9350.0,425.0,989.8,1063.0,987.0,-0.871,2026-02-03 23:02,10491
KPITTECH,2026-02-24,1140.0,4.15,67575.0,29750.0,99.5,8075.0,0.0,989.8,1063.0,987.0,-0.871,2026-02-03 23:02,13002
KPITTECH,2026-02-24,1150.0,3.65,250750.0,184025.0,170.3,5950.0,0.0,989.8,1063.0,987.0,-0.871,2026-02-03 23:02,15596
KPITTECH,2026-02-24,1160.0,3.3,36125.0,47175.0,124.0,5525.0,0.0,989.8,1063.0,987.0,-0.871,2026-02-03 23:02,18490
KPITTECH,2026-02-24,1170.0,3.05,2975.0,1275.0,88.65,23800.0,0.0,989.8,1063.0,987.0,-0.871,2026-02-03 23:02,21378
KPITTECH,2026-02-24,1180.0,2.8,36550.0,35700.0,88.0,2125.0,0.0,989.8,1063.0,987.0,-0.871,2026-02-03 23:02,24139
KPITTECH,2026-02-24,1190.0,0.75,1275.0,0.0,0.0,0.0,0.0,989.8,1063.0,987.0,-0.871,2026-02-03 23:02,27141
KPITTECH,2026-02-24,1200.0,2.3,337025.0,255000.0,206.0,86700.0,425.0,989.8,1063.0,987.0,-0.871,2026-02-03 23:02,30153
KPITTECH,2026-02-24,1210.0,2.3,19975.0,17425.0,194.15,0.0,1275.0,989.8,1063.0,987.0,-0.871,2026-02-03 23:02,31880
KPITTECH,2026-02-24,1220.0,2.0,26350.0,12750.0,125.4,425.0,0.0,989.8,1063.0,987.0,-0.871,2026-02-03 23:02,35339
KPITTECH,2026-02-24,1230.0,4.5,425.0,0.0,0.0,0.0,0.0,989.8,1063.0,987.0,-0.871,2026-02-03 23:02,38821
KPITTECH,2026-02-24,1240.0,1.75,69700.0,21675.0,223.6,12750.0,4250.0,989.8,1063.0,987.0,-0.871,2026-02-03 23:02,42304
KPITTECH,2026-02-24,1250.0,1.6,37825.0,32300.0,0.0,0.0,0.0,989.8,1063.0,987.0,-0.871,2026-02-03 23:02,45596
KPITTECH,2026-02-24,1260.0,1.5,34000.0,425.0,243.05,2550.0,1275.0,989.8,1063.0,987.0,-0.871,2026-02-03 23:02,49205
KPITTECH,2026-02-24,1280.0,1.5,0.0,0.0,165.0,2125.0,0.0,989.8,1063.0,987.0,-0.871,2026-02-03 23:02,56426
KPITTECH,2026-02-24,1290.0,1.3,11900.0,2125.0,0.0,0.0,0.0,989.8,1063.0,987.0,-0.871,2026-02-03 23:02,60033
KPITTECH,2026-02-24,1300.0,1.0,121550.0,38675.0,248.0,14025.0,0.0,989.8,1063.0,987.0,-0.871,2026-02-03 23:02,63688
KPITTECH,2026-02-24,1310.0,6.9,14450.0,0.0,0.0,0.0,0.0,989.8,1063.0,987.0,-0.871,2026-02-03 23:02,67141
KPITTECH,2026-02-24,1320.0,0.5,8925.0,425.0,222.0,10200.0,0.0,989.8,1063.0,987.0,-0.871,2026-02-03 23:02,70954
KPITTECH,2026-02-24,1330.0,0.9,13600.0,21250.0,0.0,0.0,0.0,989.8,1063.0,987.0,-0.871,2026-02-03 23:02,74551
KPITTECH,2026-02-24,1340.0,1.1,28475.0,0.0,0.0,0.0,0.0,989.8,1063.0,987.0,-0.871,2026-02-03 23:02,78388
KPITTECH,2026-02-24,1350.0,0.75,55675.0,3825.0,0.0,0.0,0.0,989.8,1063.0,987.0,-0.871,2026-02-03 23:02,82256
KPITTECH,2026-02-24,1360.0,0.65,425.0,0.0,0.0,0.0,0.0,989.8,1063.0,987.0,-0.871,2026-02-03 23:02,86180
KPITTECH,2026-02-24,1380.0,0.8,6800.0,0.0,245.0,1700.0,0.0,989.8,1063.0,987.0,-0.871,2026-02-03 23:02,94021
KPITTECH,2026-02-24,1440.0,2.0,5100.0,0.0,0.0,0.0,0.0,989.8,1063.0,987.0,-0.871,2026-02-03 23:02,117555
LAURUSLABS,2026-02-24,780.0,0.0,0.0,0.0,0.0,0.0,0.0,975.6,1020.0,969.9,2.27,2026-02-03 23:02,79948
LAURUSLABS,2026-02-24,800.0,144.95,1700.0,0.0,0.0,0.0,0.0,975.6,1020.0,969.9,2.27,2026-02-03 23:02,69794
LAURUSLABS,2026-02-24,820.0,195.0,1700.0,0.0,1.65,183600.0,38250.0,975.6,1020.0,969.9,2.27,2026-02-03 23:02,59668
LAURUSLABS,2026-02-24,830.0,0.0,0.0,0.0,3.2,2550.0,0.0,975.6,1020.0,969.9,2.27,2026-02-03 23:02,54781
LAURUSLABS,2026-02-24,840.0,165.0,4250.0,0.0,3.0,2550.0,0.0,975.6,1020.0,969.9,2.27,2026-02-03 23:02,49893
LAURUSLABS,2026-02-24,850.0,88.0,2550.0,0.0,2.5,389300.0,196350.0,975.6,1020.0,969.9,2.27,2026-02-03 23:02,45081
LAURUSLABS,2026-02-24,860.0,115.0,850.0,0.0,3.0,13600.0,6800.0,975.6,1020.0,969.9,2.27,2026-02-03 23:02,40518
LAURUSLABS,2026-02-24,870.0,153.55,850.0,0.0,3.5,39100.0,25500.0,975.6,1020.0,969.9,2.27,2026-02-03 23:02,36049
LAURUSLABS,2026-02-24,880.0,127.25,4250.0,0.0,4.1,125800.0,96900.0,975.6,1020.0,969.9,2.27,2026-02-03 23:02,31614
LAURUSLABS,2026-02-24,890.0,77.15,15300.0,0.0,4.85,53550.0,38250.0,975.6,1020.0,969.9,2.27,2026-02-03 23:02,27312
LAURUSLABS,2026-02-24,900.0,86.0,93500.0,22950.0,5.6,575450.0,597550.0,975.6,1020.0,969.9,2.27,2026-02-03 23:02,23168
LAURUSLABS,2026-02-24,910.0,58.85,11050.0,0.0,7.25,141100.0,134300.0,975.6,1020.0,969.9,2.27,2026-02-03 23:02,20084
LAURUSLABS,2026-02-24,920.0,64.75,57800.0,4250.0,8.75,167450.0,131750.0,975.6,1020.0,969.9,2.27,2026-02-03 23:02,16632
LAURUSLABS,2026-02-24,930.0,59.0,80750.0,29750.0,11.05,149600.0,161500.0,975.6,1020.0,969.9,2.27,2026-02-03 23:02,13670
LAURUSLABS,2026-02-24,940.0,52.1,155550.0,96050.0,12.2,255000.0,409700.0,975.6,1020.0,969.9,2.27,2026-02-03 23:02,11023
LAURUSLABS,2026-02-24,950.0,45.2,199750.0,261800.0,15.35,296650.0,311950.0,975.6,1020.0,969.9,2.27,2026-02-03 23:02,8974
LAURUSLABS,2026-02-24,960.0,40.0,158950.0,183600.0,19.75,233750.0,149600.0,975.6,1020.0,969.9,2.27,2026-02-03 23:02,7369
LAURUSLABS,2026-02-24,970.0,32.75,198900.0,240550.0,23.8,166600.0,107100.0,975.6,1020.0,969.9,2.27,2026-02-03 23:02,5884
LAURUSLABS,2026-02-24,980.0,28.5,341700.0,699550.0,29.0,255000.0,351050.0,975.6,1020.0,969.9,2.27,2026-02-03 23:02,4845
LAURUSLABS,2026-02-24,990.0,24.65,252450.0,549950.0,34.0,119850.0,125800.0,975.6,1020.0,969.9,2.27,2026-02-03 23:02,4383
LAURUSLABS,2026-02-24,1000.0,19.85,1114350.0,1793500.0,39.6,551650.0,358700.0,975.6,1020.0,969.9,2.27,2026-02-03 23:02,4273
LAURUSLABS,2026-02-24,1010.0,16.25,214200.0,257550.0,49.4,108800.0,5100.0,975.6,1020.0,969.9,2.27,2026-02-03 23:02,5642
LAURUSLABS,2026-02-24,1020.0,14.05,505750.0,804100.0,57.15,163200.0,22100.0,975.6,1020.0,969.9,2.27,2026-02-03 23:02,7117
LAURUSLABS,2026-02-24,1030.0,11.4,325550.0,243950.0,60.0,119850.0,7650.0,975.6,1020.0,969.9,2.27,2026-02-03 23:02,9228
LAURUSLABS,2026-02-24,1040.0,9.8,472600.0,439450.0,73.6,102000.0,11900.0,975.6,1020.0,969.9,2.27,2026-02-03 23:02,11658
LAURUSLABS,2026-02-24,1050.0,8.3,751400.0,742900.0,78.95,403750.0,14450.0,975.6,1020.0,969.9,2.27,2026-02-03 23:02,14724
LAURUSLABS,2026-02-24,1060.0,6.85,317900.0,374850.0,88.0,73100.0,10200.0,975.6,1020.0,969.9,2.27,2026-02-03 23:02,16668
LAURUSLABS,2026-02-24,1070.0,6.0,138550.0,73950.0,77.5,32300.0,0.0,975.6,1020.0,969.9,2.27,2026-02-03 23:02,21142
LAURUSLABS,2026-02-24,1080.0,5.1,266050.0,236300.0,110.0,26350.0,1700.0,975.6,1020.0,969.9,2.27,2026-02-03 23:02,26045
LAURUSLABS,2026-02-24,1090.0,4.55,163200.0,150450.0,140.5,1700.0,0.0,975.6,1020.0,969.9,2.27,2026-02-03 23:02,31254
LAURUSLABS,2026-02-24,1100.0,4.0,1713600.0,1649850.0,122.05,233750.0,9350.0,975.6,1020.0,969.9,2.27,2026-02-03 23:02,36832
LAURUSLABS,2026-02-24,1110.0,3.5,86700.0,58650.0,90.7,1700.0,0.0,975.6,1020.0,969.9,2.27,2026-02-03 23:02,42139
LAURUSLABS,2026-02-24,1120.0,3.0,130900.0,178500.0,114.65,8500.0,0.0,975.6,1020.0,969.9,2.27,2026-02-03 23:02,49717
LAURUSLABS,2026-02-24,1130.0,2.95,103700.0,77350.0,130.0,1700.0,0.0,975.6,1020.0,969.9,2.27,2026-02-03 23:02,57362
LAURUSLABS,2026-02-24,1140.0,2.6,264350.0,124100.0,162.0,20400.0,0.0,975.6,1020.0,969.9,2.27,2026-02-03 23:02,65179
LAURUSLABS,2026-02-24,1150.0,2.15,714850.0,385900.0,142.0,36550.0,0.0,975.6,1020.0,969.9,2.27,2026-02-03 23:02,73010
LAURUSLABS,2026-02-24,1160.0,2.05,131750.0,102000.0,0.0,0.0,0.0,975.6,1020.0,969.9,2.27,2026-02-03 23:02,81489
LAURUSLABS,2026-02-24,1170.0,1.95,47600.0,37400.0,0.0,0.0,0.0,975.6,1020.0,969.9,2.27,2026-02-03 23:02,90492
LAURUSLABS,2026-02-24,1180.0,1.75,81600.0,39100.0,170.0,5950.0,0.0,975.6,1020.0,969.9,2.27,2026-02-03 23:02,99525
LAURUSLABS,2026-02-24,1190.0,1.7,850.0,1700.0,0.0,0.0,0.0,975.6,1020.0,969.9,2.27,2026-02-03 23:02,108549
LAURUSLABS,2026-02-24,1200.0,1.3,986000.0,306000.0,198.0,9350.0,0.0,975.6,1020.0,969.9,2.27,2026-02-03 23:02,117661
LAURUSLABS,2026-02-24,1220.0,0.0,0.0,0.0,131.0,3400.0,0.0,975.6,1020.0,969.9,2.27,2026-02-03 23:02,137819
LAURUSLABS,2026-02-24,1230.0,4.5,850.0,0.0,0.0,0.0,0.0,975.6,1020.0,969.9,2.27,2026-02-03 23:02,147885
LAURUSLABS,2026-02-24,1240.0,1.05,39100.0,17000.0,149.0,850.0,0.0,975.6,1020.0,969.9,2.27,2026-02-03 23:02,157997
LAURUSLABS,2026-02-24,1260.0,3.0,1700.0,0.0,0.0,0.0,0.0,975.6,1020.0,969.9,2.27,2026-02-03 23:02,178291
LAURUSLABS,2026-02-24,1280.0,0.8,21250.0,23800.0,170.0,1700.0,0.0,975.6,1020.0,969.9,2.27,2026-02-03 23:02,198598
LICI,2026-02-24,680.0,0.0,0.0,0.0,0.0,0.0,0.0,838.3,843.0,822.25,4.507,2026-02-03 23:02,33551
LICI,2026-02-24,690.0,0.0,0.0,0.0,1.5,7000.0,0.0,838.3,843.0,822.25,4.507,2026-02-03 23:02,30373
LICI,2026-02-24,700.0,109.7,1400.0,0.0,0.75,113400.0,112000.0,838.3,843.0,822.25,4.507,2026-02-03 23:02,27201
LICI,2026-02-24,710.0,0.0,0.0,0.0,0.0,0.0,0.0,838.3,843.0,822.25,4.507,2026-02-03 23:02,24151
LICI,2026-02-24,720.0,0.0,0.0,0.0,2.0,700.0,0.0,838.3,843.0,822.25,4.507,2026-02-03 23:02,21095
LICI,2026-02-24,730.0,100.0,700.0,0.0,1.35,85400.0,107100.0,838.3,843.0,822.25,4.507,2026-02-03 23:02,18040
LICI,2026-02-24,740.0,68.5,2100.0,0.0,1.7,184100.0,109900.0,838.3,843.0,822.25,4.507,2026-02-03 23:02,15066
LICI,2026-02-24,745.0,0.0,0.0,0.0,0.0,0.0,0.0,838.3,843.0,822.25,4.507,2026-02-03 23:02,13657
LICI,2026-02-24,750.0,0.0,0.0,0.0,2.25,77700.0,92400.0,838.3,843.0,822.25,4.507,2026-02-03 23:02,12266
LICI,2026-02-24,755.0,0.0,0.0,0.0,0.0,0.0,0.0,838.3,843.0,822.25,4.507,2026-02-03 23:02,10895
LICI,2026-02-24,760.0,85.0,8400.0,2100.0,2.9,126700.0,232400.0,838.3,843.0,822.25,4.507,2026-02-03 23:02,9543
LICI,2026-02-24,765.0,45.4,1400.0,0.0,9.95,4900.0,0.0,838.3,843.0,822.25,4.507,2026-02-03 23:02,8292
LICI,2026-02-24,770.0,41.75,2100.0,0.0,3.9,136500.0,92400.0,838.3,843.0,822.25,4.507,2026-02-03 23:02,7011
LICI,2026-02-24,775.0,38.35,2100.0,0.0,9.6,7700.0,0.0,838.3,843.0,822.25,4.507,2026-02-03 23:02,5754
LICI,2026-02-24,780.0,65.95,16100.0,14700.0,5.15,280700.0,231000.0,838.3,843.0,822.25,4.507,2026-02-03 23:02,4547
LICI,2026-02-24,785.0,31.8,2800.0,0.0,5.85,15400.0,18900.0,838.3,843.0,822.25,4.507,2026-02-03 23:02,3449
LICI,2026-02-24,790.0,53.1,38500.0,25900.0,6.1,137200.0,106400.0,838.3,843.0,822.25,4.507,2026-02-03 23:02,2399
LICI,2026-02-24,795.0,43.85,2800.0,1400.0,7.7,63700.0,65100.0,838.3,843.0,822.25,4.507,2026-02-03 23:02,1557
LICI,2026-02-24,800.0,45.5,177800.0,235900.0,8.8,326200.0,336000.0,838.3,843.0,822.25,4.507,2026-02-03 23:02,591
LICI,2026-02-24,805.0,42.35,20300.0,23100.0,10.05,41300.0,28000.0,838.3,843.0,822.25,4.507,2026-02-03 23:02,436
LICI,2026-02-24,810.0,38.1,86800.0,92400.0,11.85,114800.0,114100.0,838.3,843.0,822.25,4.507,2026-02-03 23:02,-165
LICI,2026-02-24,815.0,34.0,70000.0,28700.0,12.95,99400.0,46200.0,838.3,843.0,822.25,4.507,2026-02-03 23:02,-516
LICI,2026-02-24,820.0,31.1,242200.0,316400.0,15.35,336000.0,270900.0,838.3,843.0,822.25,4.507,2026-02-03 23:02,-868
LICI,2026-02-24,825.0,29.35,47600.0,63700.0,14.7,98000.0,46200.0,838.3,843.0,822.25,4.507,2026-02-03 23:02,-802
LICI,2026-02-24,830.0,25.5,182000.0,430500.0,19.4,189700.0,188300.0,838.3,843.0,822.25,4.507,2026-02-03 23:02,-906
LICI,2026-02-24,835.0,23.7,51800.0,128100.0,21.25,68600.0,128100.0,838.3,843.0,822.25,4.507,2026-02-03 23:02,-723
LICI,2026-02-24,840.0,20.4,220500.0,1095500.0,24.4,142800.0,250600.0,838.3,843.0,822.25,4.507,2026-02-03 23:02,-599
LICI,2026-02-24,845.0,18.4,62300.0,107800.0,50.65,5600.0,0.0,838.3,843.0,822.25,4.507,2026-02-03 23:02,-169
LICI,2026-02-24,850.0,16.5,403200.0,939400.0,28.0,158200.0,65100.0,838.3,843.0,822.25,4.507,2026-02-03 23:02,279
LICI,2026-02-24,855.0,14.8,37800.0,107100.0,43.7,700.0,0.0,838.3,843.0,822.25,4.507,2026-02-03 23:02,1145
LICI,2026-02-24,860.0,12.75,335300.0,624400.0,32.1,81900.0,32900.0,838.3,843.0,822.25,4.507,2026-02-03 23:02,1860
LICI,2026-02-24,865.0,0.0,0.0,0.0,0.0,0.0,0.0,838.3,843.0,822.25,4.507,2026-02-03 23:02,2896
LICI,2026-02-24,870.0,10.0,215600.0,233100.0,37.55,50400.0,6300.0,838.3,843.0,822.25,4.507,2026-02-03 23:02,3767
LICI,2026-02-24,875.0,6.15,1400.0,0.0,0.0,0.0,0.0,838.3,843.0,822.25,4.507,2026-02-03 23:02,4797
LICI,2026-02-24,880.0,7.95,228200.0,550200.0,50.2,59500.0,11200.0,838.3,843.0,822.25,4.507,2026-02-03 23:02,5803
LICI,2026-02-24,885.0,2.7,1400.0,0.0,0.0,0.0,0.0,838.3,843.0,822.25,4.507,2026-02-03 23:02,6835
LICI,2026-02-24,890.0,6.0,54600.0,68600.0,77.5,5600.0,0.0,838.3,843.0,822.25,4.507,2026-02-03 23:02,7984
LICI,2026-02-24,895.0,4.5,700.0,0.0,0.0,0.0,0.0,838.3,843.0,822.25,4.507,2026-02-03 23:02,9153
LICI,2026-02-24,900.0,4.85,912800.0,1013600.0,62.85,118300.0,21700.0,838.3,843.0,822.25,4.507,2026-02-03 23:02,10333
LICI,2026-02-24,905.0,3.3,18200.0,0.0,0.0,0.0,0.0,838.3,843.0,822.25,4.507,2026-02-03 23:02,11728
LICI,2026-02-24,910.0,3.75,44100.0,50400.0,85.0,700.0,0.0,838.3,843.0,822.25,4.507,2026-02-03 23:02,13438
LICI,2026-02-24,920.0,2.9,112000.0,106400.0,88.4,21700.0,2100.0,838.3,843.0,822.25,4.507,2026-02-03 23:02,16903
LICI,2026-02-24,930.0,0.0,0.0,0.0,0.0,0.0,0.0,838.3,843.0,822.25,4.507,2026-02-03 23:02,20331
LICI,2026-02-24,940.0,1.95,65100.0,42000.0,0.0,0.0,0.0,838.3,843.0,822.25,4.507,2026-02-03 23:02,23919
LICI,2026-02-24,950.0,1.65,86800.0,123200.0,168.8,7000.0,0.0,838.3,843.0,822.25,4.507,2026-02-03 23:02,27584
LICI,2026-02-24,960.0,1.3,23100.0,23100.0,136.0,4200.0,0.0,838.3,843.0,822.25,4.507,2026-02-03 23:02,31226
LICI,2026-02-24,970.0,0.0,0.0,0.0,161.0,1400.0,0.0,838.3,843.0,822.25,4.507,2026-02-03 23:02,34946
LICI,2026-02-24,980.0,0.0,0.0,0.0,170.0,4900.0,0.0,838.3,843.0,822.25,4.507,2026-02-03 23:02,38699
LICHSGFIN,2026-02-24,420.0,0.0,0.0,0.0,0.0,0.0,0.0,509.2,523.9,504.2,2.589,2026-02-03 23:02,67547
LICHSGFIN,2026-02-24,430.0,0.0,0.0,0.0,0.0,0.0,0.0,509.2,523.9,504.2,2.589,2026-02-03 23:02,60166
LICHSGFIN,2026-02-24,440.0,0.0,0.0,0.0,0.65,54000.0,66000.0,509.2,523.9,504.2,2.589,2026-02-03 23:02,52785
LICHSGFIN,2026-02-24,445.0,0.0,0.0,0.0,0.0,0.0,0.0,509.2,523.9,504.2,2.589,2026-02-03 23:02,49118
LICHSGFIN,2026-02-24,450.0,0.0,0.0,0.0,0.9,66000.0,62000.0,509.2,523.9,504.2,2.589,2026-02-03 23:02,45454
LICHSGFIN,2026-02-24,455.0,0.0,0.0,0.0,2.0,2000.0,0.0,509.2,523.9,504.2,2.589,2026-02-03 23:02,41818
LICHSGFIN,2026-02-24,460.0,0.0,0.0,0.0,1.3,141000.0,131000.0,509.2,523.9,504.2,2.589,2026-02-03 23:02,38188
LICHSGFIN,2026-02-24,465.0,0.0,0.0,0.0,0.0,0.0,0.0,509.2,523.9,504.2,2.589,2026-02-03 23:02,34611
LICHSGFIN,2026-02-24,470.0,0.0,0.0,0.0,1.85,370000.0,318000.0,509.2,523.9,504.2,2.589,2026-02-03 23:02,31052
LICHSGFIN,2026-02-24,475.0,29.3,14000.0,0.0,2.5,61000.0,181000.0,509.2,523.9,504.2,2.589,2026-02-03 23:02,27609
LICHSGFIN,2026-02-24,480.0,34.5,55000.0,62000.0,2.95,447000.0,585000.0,509.2,523.9,504.2,2.589,2026-02-03 23:02,24298
LICHSGFIN,2026-02-24,485.0,33.15,1000.0,0.0,3.85,58000.0,117000.0,509.2,523.9,504.2,2.589,2026-02-03 23:02,21271
LICHSGFIN,2026-02-24,490.0,26.75,96000.0,181000.0,4.5,431000.0,531000.0,509.2,523.9,504.2,2.589,2026-02-03 23:02,18196
LICHSGFIN,2026-02-24,495.0,22.95,89000.0,135000.0,5.8,220000.0,291000.0,509.2,523.9,504.2,2.589,2026-02-03 23:02,15466
LICHSGFIN,2026-02-24,500.0,20.0,496000.0,1275000.0,7.05,1147000.0,666000.0,509.2,523.9,504.2,2.589,2026-02-03 23:02,12905
LICHSGFIN,2026-02-24,505.0,16.65,187000.0,356000.0,9.25,321000.0,529000.0,509.2,523.9,504.2,2.589,2026-02-03 23:02,11272
LICHSGFIN,2026-02-24,510.0,13.65,548000.0,1194000.0,10.8,473000.0,518000.0,509.2,523.9,504.2,2.589,2026-02-03 23:02,9724
LICHSGFIN,2026-02-24,515.0,11.25,407000.0,581000.0,13.15,250000.0,106000.0,509.2,523.9,504.2,2.589,2026-02-03 23:02,8909
LICHSGFIN,2026-02-24,520.0,9.0,1759000.0,2338000.0,16.25,568000.0,173000.0,509.2,523.9,504.2,2.589,2026-02-03 23:02,8314
LICHSGFIN,2026-02-24,525.0,7.2,237000.0,298000.0,19.1,235000.0,67000.0,509.2,523.9,504.2,2.589,2026-02-03 23:02,9414
LICHSGFIN,2026-02-24,530.0,5.7,1069000.0,1718000.0,22.55,449000.0,68000.0,509.2,523.9,504.2,2.589,2026-02-03 23:02,9812
LICHSGFIN,2026-02-24,535.0,4.5,178000.0,295000.0,26.4,126000.0,10000.0,509.2,523.9,504.2,2.589,2026-02-03 23:02,10844
LICHSGFIN,2026-02-24,540.0,3.5,539000.0,729000.0,31.6,280000.0,19000.0,509.2,523.9,504.2,2.589,2026-02-03 23:02,12179
LICHSGFIN,2026-02-24,545.0,2.7,71000.0,63000.0,43.5,8000.0,0.0,509.2,523.9,504.2,2.589,2026-02-03 23:02,13479
LICHSGFIN,2026-02-24,550.0,2.25,849000.0,1052000.0,58.45,629000.0,0.0,509.2,523.9,504.2,2.589,2026-02-03 23:02,15499
LICHSGFIN,2026-02-24,555.0,1.75,67000.0,102000.0,51.3,7000.0,0.0,509.2,523.9,504.2,2.589,2026-02-03 23:02,14789
LICHSGFIN,2026-02-24,560.0,1.5,502000.0,250000.0,63.7,230000.0,0.0,509.2,523.9,504.2,2.589,2026-02-03 23:02,17577
LICHSGFIN,2026-02-24,565.0,1.15,16000.0,28000.0,60.2,4000.0,0.0,509.2,523.9,504.2,2.589,2026-02-03 23:02,19365
LICHSGFIN,2026-02-24,570.0,1.05,389000.0,299000.0,50.25,124000.0,0.0,509.2,523.9,504.2,2.589,2026-02-03 23:02,22531
LICHSGFIN,2026-02-24,575.0,0.65,14000.0,0.0,0.0,0.0,0.0,509.2,523.9,504.2,2.589,2026-02-03 23:02,25393
LICHSGFIN,2026-02-24,580.0,0.65,199000.0,37000.0,55.2,131000.0,0.0,509.2,523.9,504.2,2.589,2026-02-03 23:02,28845
LICHSGFIN,2026-02-24,585.0,0.85,73000.0,0.0,58.55,1000.0,0.0,509.2,523.9,504.2,2.589,2026-02-03 23:02,31752
LICHSGFIN,2026-02-24,590.0,0.55,79000.0,14000.0,74.0,15000.0,0.0,509.2,523.9,504.2,2.589,2026-02-03 23:02,35405
LICHSGFIN,2026-02-24,595.0,0.65,0.0,0.0,0.0,0.0,0.0,509.2,523.9,504.2,2.589,2026-02-03 23:02,38999
LICHSGFIN,2026-02-24,600.0,0.5,443000.0,101000.0,108.0,244000.0,0.0,509.2,523.9,504.2,2.589,2026-02-03 23:02,42700
LICHSGFIN,2026-02-24,610.0,0.0,0.0,0.0,99.5,11000.0,0.0,509.2,523.9,504.2,2.589,2026-02-03 23:02,48175
LICHSGFIN,2026-02-24,620.0,0.2,7000.0,2000.0,108.0,18000.0,4000.0,509.2,523.9,504.2,2.589,2026-02-03 23:02,56164
LICHSGFIN,2026-02-24,630.0,0.0,0.0,0.0,120.35,7000.0,3000.0,509.2,523.9,504.2,2.589,2026-02-03 23:02,64094
LICHSGFIN,2026-02-24,640.0,0.1,143000.0,3000.0,130.95,253000.0,4000.0,509.2,523.9,504.2,2.589,2026-02-03 23:02,72141
LODHA,2026-02-24,440.0,0.0,0.0,0.0,0.0,0.0,0.0,1031.9,1046.55,984.5,7.327,2026-02-03 23:02,108995
LODHA,2026-02-24,460.0,0.0,0.0,0.0,0.0,0.0,0.0,1031.9,1046.55,984.5,7.327,2026-02-03 23:02,104199
LODHA,2026-02-24,480.0,0.0,0.0,0.0,0.0,0.0,0.0,1031.9,1046.55,984.5,7.327,2026-02-03 23:02,99403
LODHA,2026-02-24,500.0,0.0,0.0,0.0,0.0,0.0,0.0,1031.9,1046.55,984.5,7.327,2026-02-03 23:02,94607
LODHA,2026-02-24,520.0,0.0,0.0,0.0,0.0,0.0,0.0,1031.9,1046.55,984.5,7.327,2026-02-03 23:02,89811
LODHA,2026-02-24,540.0,0.0,0.0,0.0,0.0,0.0,0.0,1031.9,1046.55,984.5,7.327,2026-02-03 23:02,85015
LODHA,2026-02-24,560.0,0.0,0.0,0.0,0.0,0.0,0.0,1031.9,1046.55,984.5,7.327,2026-02-03 23:02,80219
LODHA,2026-02-24,580.0,0.0,0.0,0.0,0.0,0.0,0.0,1031.9,1046.55,984.5,7.327,2026-02-03 23:02,75423
LODHA,2026-02-24,590.0,0.0,0.0,0.0,0.0,0.0,0.0,1031.9,1046.55,984.5,7.327,2026-02-03 23:02,73025
LODHA,2026-02-24,600.0,0.0,0.0,0.0,0.0,0.0,0.0,1031.9,1046.55,984.5,7.327,2026-02-03 23:02,70627
LODHA,2026-02-24,610.0,0.0,0.0,0.0,0.0,0.0,0.0,1031.9,1046.55,984.5,7.327,2026-02-03 23:02,68229
LODHA,2026-02-24,620.0,0.0,0.0,0.0,0.0,0.0,0.0,1031.9,1046.55,984.5,7.327,2026-02-03 23:02,65830
LODHA,2026-02-24,630.0,0.0,0.0,0.0,0.0,0.0,0.0,1031.9,1046.55,984.5,7.327,2026-02-03 23:02,63432
LODHA,2026-02-24,640.0,0.0,0.0,0.0,0.0,0.0,0.0,1031.9,1046.55,984.5,7.327,2026-02-03 23:02,61034
LODHA,2026-02-24,650.0,0.0,0.0,0.0,0.0,0.0,0.0,1031.9,1046.55,984.5,7.327,2026-02-03 23:02,58636
LODHA,2026-02-24,660.0,0.0,0.0,0.0,0.0,0.0,0.0,1031.9,1046.55,984.5,7.327,2026-02-03 23:02,56238
LODHA,2026-02-24,670.0,0.0,0.0,0.0,0.0,0.0,0.0,1031.9,1046.55,984.5,7.327,2026-02-03 23:02,53840
LODHA,2026-02-24,680.0,0.0,0.0,0.0,0.0,0.0,0.0,1031.9,1046.55,984.5,7.327,2026-02-03 23:02,51442
LODHA,2026-02-24,690.0,0.0,0.0,0.0,0.0,0.0,0.0,1031.9,1046.55,984.5,7.327,2026-02-03 23:02,49044
LODHA,2026-02-24,700.0,0.0,0.0,0.0,0.0,0.0,0.0,1031.9,1046.55,984.5,7.327,2026-02-03 23:02,46646
LODHA,2026-02-24,710.0,0.0,0.0,0.0,0.0,0.0,0.0,1031.9,1046.55,984.5,7.327,2026-02-03 23:02,44248
LODHA,2026-02-24,720.0,0.0,0.0,0.0,0.0,0.0,0.0,1031.9,1046.55,984.5,7.327,2026-02-03 23:02,41850
LODHA,2026-02-24,730.0,0.0,0.0,0.0,0.0,0.0,0.0,1031.9,1046.55,984.5,7.327,2026-02-03 23:02,39452
LODHA,2026-02-24,740.0,324.6,0.0,0.0,0.85,0.0,0.0,1031.9,1046.55,984.5,7.327,2026-02-03 23:02,37054
LODHA,2026-02-24,750.0,0.0,0.0,0.0,0.0,0.0,0.0,1031.9,1046.55,984.5,7.327,2026-02-03 23:02,34656
LODHA,2026-02-24,760.0,182.35,1350.0,0.0,1.0,49050.0,14850.0,1031.9,1046.55,984.5,7.327,2026-02-03 23:02,32258
LODHA,2026-02-24,770.0,295.6,0.0,0.0,7.4,1350.0,0.0,1031.9,1046.55,984.5,7.327,2026-02-03 23:02,29930
LODHA,2026-02-24,780.0,0.0,0.0,0.0,2.65,55800.0,900.0,1031.9,1046.55,984.5,7.327,2026-02-03 23:02,27583
LODHA,2026-02-24,790.0,0.0,0.0,0.0,0.0,0.0,0.0,1031.9,1046.55,984.5,7.327,2026-02-03 23:02,25277
LODHA,2026-02-24,800.0,0.0,0.0,0.0,1.6,98100.0,64800.0,1031.9,1046.55,984.5,7.327,2026-02-03 23:02,22987
LODHA,2026-02-24,810.0,0.0,0.0,0.0,0.0,0.0,0.0,1031.9,1046.55,984.5,7.327,2026-02-03 23:02,20779
LODHA,2026-02-24,820.0,154.05,450.0,0.0,1.8,23850.0,17100.0,1031.9,1046.55,984.5,7.327,2026-02-03 23:02,18586
LODHA,2026-02-24,830.0,125.85,0.0,0.0,3.2,19350.0,900.0,1031.9,1046.55,984.5,7.327,2026-02-03 23:02,16421
LODHA,2026-02-24,840.0,67.1,450.0,0.0,2.2,64800.0,38250.0,1031.9,1046.55,984.5,7.327,2026-02-03 23:02,14266
LODHA,2026-02-24,850.0,108.0,3600.0,0.0,2.35,65250.0,103500.0,1031.9,1046.55,984.5,7.327,2026-02-03 23:02,12171
LODHA,2026-02-24,860.0,96.8,4950.0,0.0,2.6,48600.0,16650.0,1031.9,1046.55,984.5,7.327,2026-02-03 23:02,10180
LODHA,2026-02-24,870.0,73.15,14850.0,0.0,2.95,64350.0,32850.0,1031.9,1046.55,984.5,7.327,2026-02-03 23:02,8254
LODHA,2026-02-24,880.0,63.25,23850.0,0.0,3.35,114750.0,128250.0,1031.9,1046.55,984.5,7.327,2026-02-03 23:02,6462
LODHA,2026-02-24,890.0,85.15,30600.0,0.0,3.65,95850.0,8550.0,1031.9,1046.55,984.5,7.327,2026-02-03 23:02,4831
LODHA,2026-02-24,900.0,138.0,41400.0,13950.0,4.35,168750.0,416700.0,1031.9,1046.55,984.5,7.327,2026-02-03 23:02,3440
LODHA,2026-02-24,910.0,69.2,27450.0,0.0,4.95,46800.0,39600.0,1031.9,1046.55,984.5,7.327,2026-02-03 23:02,2531
LODHA,2026-02-24,920.0,120.0,48150.0,81000.0,5.7,98550.0,188550.0,1031.9,1046.55,984.5,7.327,2026-02-03 23:02,1365
LODHA,2026-02-24,930.0,110.6,76050.0,24300.0,6.55,112050.0,194850.0,1031.9,1046.55,984.5,7.327,2026-02-03 23:02,701
LODHA,2026-02-24,940.0,101.35,43650.0,78300.0,7.65,157950.0,246600.0,1031.9,1046.55,984.5,7.327,2026-02-03 23:02,471
LODHA,2026-02-24,950.0,92.0,118350.0,170100.0,9.1,152100.0,500850.0,1031.9,1046.55,984.5,7.327,2026-02-03 23:02,-2
LODHA,2026-02-24,960.0,83.95,103050.0,464850.0,10.55,115650.0,755100.0,1031.9,1046.55,984.5,7.327,2026-02-03 23:02,422
LODHA,2026-02-24,970.0,76.7,154350.0,165150.0,12.2,81000.0,288450.0,1031.9,1046.55,984.5,7.327,2026-02-03 23:02,858
LODHA,2026-02-24,980.0,68.0,75150.0,715500.0,14.45,46800.0,518400.0,1031.9,1046.55,984.5,7.327,2026-02-03 23:02,1871
LODHA,2026-02-24,990.0,59.55,25200.0,22050.0,16.85,105750.0,63450.0,1031.9,1046.55,984.5,7.327,2026-02-03 23:02,2365
LODHA,2026-02-24,1000.0,54.1,232200.0,2184300.0,19.95,173700.0,1827000.0,1031.9,1046.55,984.5,7.327,2026-02-03 23:02,2518
LODHA,2026-02-24,1010.0,47.1,69300.0,425250.0,22.5,10350.0,29250.0,1031.9,1046.55,984.5,7.327,2026-02-03 23:02,4015
LODHA,2026-02-24,1020.0,40.55,162900.0,2268450.0,27.2,105750.0,2142000.0,1031.9,1046.55,984.5,7.327,2026-02-03 23:02,4985
LODHA,2026-02-24,1030.0,36.0,64800.0,344700.0,30.85,4500.0,9900.0,1031.9,1046.55,984.5,7.327,2026-02-03 23:02,6294
LODHA,2026-02-24,1040.0,29.1,162000.0,1730700.0,36.0,79200.0,329400.0,1031.9,1046.55,984.5,7.327,2026-02-03 23:02,7518
LODHA,2026-02-24,1050.0,26.0,203850.0,1255050.0,41.0,31950.0,123300.0,1031.9,1046.55,984.5,7.327,2026-02-03 23:02,8950
LODHA,2026-02-24,1060.0,22.5,47250.0,608400.0,47.55,32850.0,241650.0,1031.9,1046.55,984.5,7.327,2026-02-03 23:02,10831
LODHA,2026-02-24,1070.0,19.75,31050.0,208350.0,105.0,450.0,0.0,1031.9,1046.55,984.5,7.327,2026-02-03 23:02,12343
LODHA,2026-02-24,1080.0,15.55,54900.0,394650.0,61.0,33300.0,155250.0,1031.9,1046.55,984.5,7.327,2026-02-03 23:02,13993
LODHA,2026-02-24,1090.0,13.3,18900.0,52650.0,0.0,0.0,0.0,1031.9,1046.55,984.5,7.327,2026-02-03 23:02,15557
LODHA,2026-02-24,1100.0,11.5,209700.0,1296000.0,75.0,67050.0,12600.0,1031.9,1046.55,984.5,7.327,2026-02-03 23:02,17283
LODHA,2026-02-24,1110.0,9.05,3150.0,4050.0,0.0,0.0,0.0,1031.9,1046.55,984.5,7.327,2026-02-03 23:02,18998
LODHA,2026-02-24,1120.0,8.0,31050.0,105750.0,90.7,2700.0,1350.0,1031.9,1046.55,984.5,7.327,2026-02-03 23:02,20982
LODHA,2026-02-24,1130.0,6.6,11700.0,22500.0,0.0,0.0,0.0,1031.9,1046.55,984.5,7.327,2026-02-03 23:02,22996
LODHA,2026-02-24,1140.0,0.0,0.0,0.0,192.0,6750.0,0.0,1031.9,1046.55,984.5,7.327,2026-02-03 23:02,25030
LODHA,2026-02-24,1150.0,4.9,34200.0,133650.0,0.0,0.0,0.0,1031.9,1046.55,984.5,7.327,2026-02-03 23:02,26933
LODHA,2026-02-24,1160.0,112.7,0.0,0.0,237.0,4050.0,0.0,1031.9,1046.55,984.5,7.327,2026-02-03 23:02,29017
LODHA,2026-02-24,1170.0,34.55,0.0,0.0,136.8,0.0,0.0,1031.9,1046.55,984.5,7.327,2026-02-03 23:02,30991
LODHA,2026-02-24,1180.0,3.95,2700.0,0.0,279.0,4500.0,0.0,1031.9,1046.55,984.5,7.327,2026-02-03 23:02,33062
LODHA,2026-02-24,1190.0,4.2,2250.0,0.0,151.8,0.0,0.0,1031.9,1046.55,984.5,7.327,2026-02-03 23:02,35016
LODHA,2026-02-24,1200.0,2.65,75600.0,187200.0,169.2,47700.0,6300.0,1031.9,1046.55,984.5,7.327,2026-02-03 23:02,37097
LODHA,2026-02-24,1210.0,25.35,0.0,0.0,167.3,0.0,0.0,1031.9,1046.55,984.5,7.327,2026-02-03 23:02,38514
LODHA,2026-02-24,1220.0,1.1,1800.0,0.0,203.0,900.0,0.0,1031.9,1046.55,984.5,7.327,2026-02-03 23:02,40718
LODHA,2026-02-24,1230.0,4.95,450.0,0.0,183.3,0.0,0.0,1031.9,1046.55,984.5,7.327,2026-02-03 23:02,42906
LODHA,2026-02-24,1240.0,3.55,4050.0,900.0,197.0,900.0,450.0,1031.9,1046.55,984.5,7.327,2026-02-03 23:02,45113
LODHA,2026-02-24,1250.0,0.0,0.0,0.0,0.0,0.0,0.0,1031.9,1046.55,984.5,7.327,2026-02-03 23:02,47308
LODHA,2026-02-24,1260.0,16.8,0.0,0.0,208.25,0.0,0.0,1031.9,1046.55,984.5,7.327,2026-02-03 23:02,49520
LODHA,2026-02-24,1270.0,0.0,0.0,0.0,0.0,0.0,0.0,1031.9,1046.55,984.5,7.327,2026-02-03 23:02,51732
LODHA,2026-02-24,1280.0,65.9,0.0,0.0,384.0,4950.0,0.0,1031.9,1046.55,984.5,7.327,2026-02-03 23:02,53944
LODHA,2026-02-24,1290.0,125.85,0.0,0.0,0.15,0.0,0.0,1031.9,1046.55,984.5,7.327,2026-02-03 23:02,55970
LODHA,2026-02-24,1300.0,0.0,0.0,0.0,0.0,0.0,0.0,1031.9,1046.55,984.5,7.327,2026-02-03 23:02,58187
LODHA,2026-02-24,1320.0,0.0,0.0,0.0,0.0,0.0,0.0,1031.9,1046.55,984.5,7.327,2026-02-03 23:02,62620
LODHA,2026-02-24,1340.0,0.0,0.0,0.0,0.0,0.0,0.0,1031.9,1046.55,984.5,7.327,2026-02-03 23:02,67054
LODHA,2026-02-24,1360.0,44.75,0.0,0.0,224.05,0.0,0.0,1031.9,1046.55,984.5,7.327,2026-02-03 23:02,71487
LODHA,2026-02-24,1380.0,0.0,0.0,0.0,0.0,0.0,0.0,1031.9,1046.55,984.5,7.327,2026-02-03 23:02,75920
LODHA,2026-02-24,1400.0,0.0,0.0,0.0,0.0,0.0,0.0,1031.9,1046.55,984.5,7.327,2026-02-03 23:02,80354
LODHA,2026-02-24,1420.0,0.0,0.0,0.0,0.0,0.0,0.0,1031.9,1046.55,984.5,7.327,2026-02-03 23:02,84787
LODHA,2026-02-24,1440.0,0.0,0.0,0.0,0.0,0.0,0.0,1031.9,1046.55,984.5,7.327,2026-02-03 23:02,89221
LODHA,2026-02-24,1460.0,75.8,0.0,0.0,0.2,0.0,0.0,1031.9,1046.55,984.5,7.327,2026-02-03 23:02,93654
LT,2026-02-24,3280.0,0.0,0.0,0.0,0.5,46025.0,19075.0,4038.8,4122.0,4030.6,2.996,2026-02-03 23:02,234637
LT,2026-02-24,3320.0,629.5,350.0,0.0,0.35,30800.0,41300.0,4038.8,4122.0,4030.6,2.996,2026-02-03 23:02,214483
LT,2026-02-24,3360.0,0.0,0.0,0.0,0.85,10850.0,16625.0,4038.8,4122.0,4030.6,2.996,2026-02-03 23:02,194477
LT,2026-02-24,3400.0,375.0,175.0,0.0,0.5,171150.0,87150.0,4038.8,4122.0,4030.6,2.996,2026-02-03 23:02,174492
LT,2026-02-24,3440.0,0.0,0.0,0.0,0.5,114100.0,47425.0,4038.8,4122.0,4030.6,2.996,2026-02-03 23:02,155192
LT,2026-02-24,3480.0,309.95,2450.0,0.0,0.9,17325.0,11900.0,4038.8,4122.0,4030.6,2.996,2026-02-03 23:02,136344
LT,2026-02-24,3500.0,571.55,6125.0,1225.0,1.15,207550.0,170975.0,4038.8,4122.0,4030.6,2.996,2026-02-03 23:02,127037
LT,2026-02-24,3520.0,330.0,11550.0,0.0,1.3,132825.0,35175.0,4038.8,4122.0,4030.6,2.996,2026-02-03 23:02,118409
LT,2026-02-24,3540.0,0.0,0.0,0.0,1.3,23100.0,11900.0,4038.8,4122.0,4030.6,2.996,2026-02-03 23:02,110108
LT,2026-02-24,3560.0,349.6,175.0,0.0,7.0,175.0,0.0,4038.8,4122.0,4030.6,2.996,2026-02-03 23:02,101486
LT,2026-02-24,3580.0,345.1,350.0,0.0,1.75,7875.0,17500.0,4038.8,4122.0,4030.6,2.996,2026-02-03 23:02,92874
LT,2026-02-24,3600.0,450.55,13650.0,8225.0,2.15,309225.0,490700.0,4038.8,4122.0,4030.6,2.996,2026-02-03 23:02,84282
LT,2026-02-24,3620.0,0.0,0.0,0.0,2.0,8400.0,24150.0,4038.8,4122.0,4030.6,2.996,2026-02-03 23:02,76875
LT,2026-02-24,3640.0,214.9,25200.0,0.0,2.2,17500.0,35000.0,4038.8,4122.0,4030.6,2.996,2026-02-03 23:02,68934
LT,2026-02-24,3660.0,220.25,350.0,0.0,2.6,16275.0,30625.0,4038.8,4122.0,4030.6,2.996,2026-02-03 23:02,61617
LT,2026-02-24,3680.0,192.05,875.0,0.0,3.15,3850.0,45150.0,4038.8,4122.0,4030.6,2.996,2026-02-03 23:02,53800
LT,2026-02-24,3700.0,351.75,51800.0,33425.0,3.65,222600.0,782775.0,4038.8,4122.0,4030.6,2.996,2026-02-03 23:02,46004
LT,2026-02-24,3720.0,325.0,11725.0,175.0,4.3,25550.0,94150.0,4038.8,4122.0,4030.6,2.996,2026-02-03 23:02,40483
LT,2026-02-24,3740.0,342.5,9975.0,3675.0,5.25,52150.0,419475.0,4038.8,4122.0,4030.6,2.996,2026-02-03 23:02,33665
LT,2026-02-24,3760.0,294.85,48475.0,53550.0,5.45,79450.0,134750.0,4038.8,4122.0,4030.6,2.996,2026-02-03 23:02,26915
LT,2026-02-24,3780.0,273.0,52675.0,84350.0,6.8,74375.0,217175.0,4038.8,4122.0,4030.6,2.996,2026-02-03 23:02,21493
LT,2026-02-24,3800.0,255.0,196700.0,240975.0,8.7,419300.0,699475.0,4038.8,4122.0,4030.6,2.996,2026-02-03 23:02,16327
LT,2026-02-24,3820.0,232.65,49175.0,16450.0,10.1,62300.0,101500.0,4038.8,4122.0,4030.6,2.996,2026-02-03 23:02,15656
LT,2026-02-24,3840.0,216.9,259700.0,25375.0,11.7,79450.0,176575.0,4038.8,4122.0,4030.6,2.996,2026-02-03 23:02,11639
LT,2026-02-24,3860.0,201.0,28525.0,30800.0,14.4,73150.0,113750.0,4038.8,4122.0,4030.6,2.996,2026-02-03 23:02,12758
LT,2026-02-24,3880.0,179.95,27475.0,38850.0,17.25,91700.0,124250.0,4038.8,4122.0,4030.6,2.996,2026-02-03 23:02,9009
LT,2026-02-24,3900.0,167.0,297325.0,548975.0,20.0,898975.0,1632050.0,4038.8,4122.0,4030.6,2.996,2026-02-03 23:02,5366
LT,2026-02-24,3920.0,151.2,60025.0,173950.0,24.1,117775.0,212975.0,4038.8,4122.0,4030.6,2.996,2026-02-03 23:02,6948
LT,2026-02-24,3940.0,135.65,236775.0,232225.0,28.65,113400.0,396375.0,4038.8,4122.0,4030.6,2.996,2026-02-03 23:02,6341
LT,2026-02-24,3960.0,119.15,125300.0,253575.0,33.55,61425.0,231000.0,4038.8,4122.0,4030.6,2.996,2026-02-03 23:02,8697
LT,2026-02-24,3980.0,106.35,216300.0,149275.0,38.75,74025.0,259700.0,4038.8,4122.0,4030.6,2.996,2026-02-03 23:02,9828
LT,2026-02-24,4000.0,92.45,925225.0,1839250.0,46.0,642950.0,1630825.0,4038.8,4122.0,4030.6,2.996,2026-02-03 23:02,12265
LT,2026-02-24,4020.0,81.55,120575.0,360500.0,53.4,86275.0,327075.0,4038.8,4122.0,4030.6,2.996,2026-02-03 23:02,21421
LT,2026-02-24,4040.0,71.2,74900.0,537075.0,63.0,83650.0,441350.0,4038.8,4122.0,4030.6,2.996,2026-02-03 23:02,25918
LT,2026-02-24,4060.0,61.25,164150.0,704025.0,73.0,138600.0,708400.0,4038.8,4122.0,4030.6,2.996,2026-02-03 23:02,30215
LT,2026-02-24,4080.0,51.4,77525.0,508025.0,84.35,51975.0,401800.0,4038.8,4122.0,4030.6,2.996,2026-02-03 23:02,35105
LT,2026-02-24,4100.0,43.9,475300.0,2597175.0,94.5,317625.0,609175.0,4038.8,4122.0,4030.6,2.996,2026-02-03 23:02,40221
LT,2026-02-24,4120.0,37.1,50750.0,366275.0,108.65,16975.0,86625.0,4038.8,4122.0,4030.6,2.996,2026-02-03 23:02,46047
LT,2026-02-24,4140.0,30.6,279650.0,509950.0,124.85,14350.0,48300.0,4038.8,4122.0,4030.6,2.996,2026-02-03 23:02,52928
LT,2026-02-24,4160.0,25.15,48650.0,211925.0,0.0,0.0,0.0,4038.8,4122.0,4030.6,2.996,2026-02-03 23:02,61069
LT,2026-02-24,4180.0,20.7,57050.0,144725.0,399.0,875.0,0.0,4038.8,4122.0,4030.6,2.996,2026-02-03 23:02,68754
LT,2026-02-24,4200.0,17.95,437150.0,1587600.0,171.95,111475.0,61425.0,4038.8,4122.0,4030.6,2.996,2026-02-03 23:02,76515
LT,2026-02-24,4220.0,14.4,32725.0,127400.0,0.0,0.0,0.0,4038.8,4122.0,4030.6,2.996,2026-02-03 23:02,84158
LT,2026-02-24,4240.0,12.05,45675.0,160300.0,193.75,1225.0,1925.0,4038.8,4122.0,4030.6,2.996,2026-02-03 23:02,93046
LT,2026-02-24,4280.0,8.6,33425.0,123725.0,219.75,350.0,350.0,4038.8,4122.0,4030.6,2.996,2026-02-03 23:02,110946
LT,2026-02-24,4300.0,6.55,226100.0,677425.0,237.0,13125.0,2625.0,4038.8,4122.0,4030.6,2.996,2026-02-03 23:02,119969
LT,2026-02-24,4320.0,5.1,72100.0,193550.0,0.0,0.0,0.0,4038.8,4122.0,4030.6,2.996,2026-02-03 23:02,129286
LT,2026-02-24,4360.0,3.8,23975.0,113750.0,446.4,0.0,0.0,4038.8,4122.0,4030.6,2.996,2026-02-03 23:02,148572
LT,2026-02-24,4380.0,3.25,26950.0,75075.0,0.0,0.0,0.0,4038.8,4122.0,4030.6,2.996,2026-02-03 23:02,158254
LT,2026-02-24,4400.0,2.7,373275.0,715050.0,339.95,33075.0,10850.0,4038.8,4122.0,4030.6,2.996,2026-02-03 23:02,167989
LT,2026-02-24,4440.0,0.0,0.0,0.0,530.0,0.0,0.0,4038.8,4122.0,4030.6,2.996,2026-02-03 23:02,188044
LT,2026-02-24,4480.0,1.8,156100.0,231700.0,0.0,0.0,0.0,4038.8,4122.0,4030.6,2.996,2026-02-03 23:02,209123
LT,2026-02-24,4520.0,0.0,0.0,0.0,435.0,175.0,175.0,4038.8,4122.0,4030.6,2.996,2026-02-03 23:02,230853
LT,2026-02-24,4640.0,1.45,63525.0,79625.0,549.45,8575.0,10850.0,4038.8,4122.0,4030.6,2.996,2026-02-03 23:02,295956
LTF,2026-02-24,130.0,0.0,0.0,0.0,0.0,0.0,0.0,284.7,298.75,283.3,2.576,2026-02-03 23:02,243573
LTF,2026-02-24,140.0,0.0,0.0,0.0,0.0,0.0,0.0,284.7,298.75,283.3,2.576,2026-02-03 23:02,226606
LTF,2026-02-24,150.0,0.0,0.0,0.0,0.0,0.0,0.0,284.7,298.75,283.3,2.576,2026-02-03 23:02,209639
LTF,2026-02-24,160.0,0.0,0.0,0.0,0.0,0.0,0.0,284.7,298.75,283.3,2.576,2026-02-03 23:02,192672
LTF,2026-02-24,170.0,0.0,0.0,0.0,0.0,0.0,0.0,284.7,298.75,283.3,2.576,2026-02-03 23:02,175704
LTF,2026-02-24,180.0,0.0,0.0,0.0,0.0,0.0,0.0,284.7,298.75,283.3,2.576,2026-02-03 23:02,158737
LTF,2026-02-24,190.0,0.0,0.0,0.0,0.0,0.0,0.0,284.7,298.75,283.3,2.576,2026-02-03 23:02,141770
LTF,2026-02-24,195.0,0.4,0.0,0.0,24.4,0.0,0.0,284.7,298.75,283.3,2.576,2026-02-03 23:02,133286
LTF,2026-02-24,200.0,0.0,0.0,0.0,0.0,0.0,0.0,284.7,298.75,283.3,2.576,2026-02-03 23:02,124803
LTF,2026-02-24,205.0,0.0,0.0,0.0,0.0,0.0,0.0,284.7,298.75,283.3,2.576,2026-02-03 23:02,116319
LTF,2026-02-24,210.0,0.0,0.0,0.0,0.0,0.0,0.0,284.7,298.75,283.3,2.576,2026-02-03 23:02,107835
LTF,2026-02-24,215.0,0.0,0.0,0.0,0.0,0.0,0.0,284.7,298.75,283.3,2.576,2026-02-03 23:02,99352
LTF,2026-02-24,220.0,0.0,0.0,0.0,0.0,0.0,0.0,284.7,298.75,283.3,2.576,2026-02-03 23:02,90868
LTF,2026-02-24,225.0,0.0,0.0,0.0,0.0,0.0,0.0,284.7,298.75,283.3,2.576,2026-02-03 23:02,82384
LTF,2026-02-24,230.0,0.0,0.0,0.0,0.0,0.0,0.0,284.7,298.75,283.3,2.576,2026-02-03 23:02,73901
LTF,2026-02-24,235.0,67.85,0.0,0.0,0.35,198000.0,36000.0,284.7,298.75,283.3,2.576,2026-02-03 23:02,65417
LTF,2026-02-24,240.0,64.35,20250.0,0.0,0.45,339750.0,267750.0,284.7,298.75,283.3,2.576,2026-02-03 23:02,57026
LTF,2026-02-24,245.0,59.35,0.0,0.0,0.5,184500.0,213750.0,284.7,298.75,283.3,2.576,2026-02-03 23:02,48936
LTF,2026-02-24,250.0,36.45,58500.0,2250.0,0.75,1014750.0,1489500.0,284.7,298.75,283.3,2.576,2026-02-03 23:02,40814
LTF,2026-02-24,255.0,0.0,0.0,0.0,1.05,330750.0,328500.0,284.7,298.75,283.3,2.576,2026-02-03 23:02,33376
LTF,2026-02-24,260.0,27.1,148500.0,65250.0,1.6,1338750.0,2115000.0,284.7,298.75,283.3,2.576,2026-02-03 23:02,25931
LTF,2026-02-24,265.0,22.8,204750.0,42750.0,2.25,843750.0,915750.0,284.7,298.75,283.3,2.576,2026-02-03 23:02,19452
LTF,2026-02-24,270.0,18.9,670500.0,463500.0,3.25,1273500.0,2544750.0,284.7,298.75,283.3,2.576,2026-02-03 23:02,13587
LTF,2026-02-24,275.0,15.2,504000.0,157500.0,4.6,1426500.0,1701000.0,284.7,298.75,283.3,2.576,2026-02-03 23:02,9270
LTF,2026-02-24,280.0,11.8,1532250.0,1104750.0,6.4,1638000.0,4452750.0,284.7,298.75,283.3,2.576,2026-02-03 23:02,5174
LTF,2026-02-24,285.0,9.3,1782000.0,1685250.0,8.55,1221750.0,1179000.0,284.7,298.75,283.3,2.576,2026-02-03 23:02,3314
LTF,2026-02-24,290.0,6.8,2938500.0,3606750.0,11.45,2153250.0,1219500.0,284.7,298.75,283.3,2.576,2026-02-03 23:02,2808
LTF,2026-02-24,295.0,5.15,1476000.0,3422250.0,14.4,607500.0,186750.0,284.7,298.75,283.3,2.576,2026-02-03 23:02,3768
LTF,2026-02-24,300.0,3.8,3944250.0,5073750.0,17.95,3568500.0,400500.0,284.7,298.75,283.3,2.576,2026-02-03 23:02,6123
LTF,2026-02-24,305.0,2.75,983250.0,2328750.0,22.0,121500.0,42750.0,284.7,298.75,283.3,2.576,2026-02-03 23:02,7442
LTF,2026-02-24,310.0,2.0,2148750.0,2301750.0,26.3,283500.0,31500.0,284.7,298.75,283.3,2.576,2026-02-03 23:02,14224
LTF,2026-02-24,315.0,1.5,711000.0,1030500.0,31.4,96750.0,0.0,284.7,298.75,283.3,2.576,2026-02-03 23:02,21902
LTF,2026-02-24,320.0,1.15,1116000.0,956250.0,47.35,168750.0,0.0,284.7,298.75,283.3,2.576,2026-02-03 23:02,30103
LTF,2026-02-24,325.0,0.85,290250.0,171000.0,40.0,78750.0,0.0,284.7,298.75,283.3,2.576,2026-02-03 23:02,38473
LTF,2026-02-24,330.0,0.7,1041750.0,488250.0,43.5,27000.0,0.0,284.7,298.75,283.3,2.576,2026-02-03 23:02,47407
LTF,2026-02-24,335.0,0.55,243000.0,40500.0,20.6,13500.0,0.0,284.7,298.75,283.3,2.576,2026-02-03 23:02,57122
LTF,2026-02-24,340.0,0.4,540000.0,72000.0,48.5,18000.0,0.0,284.7,298.75,283.3,2.576,2026-02-03 23:02,66995
LTF,2026-02-24,345.0,8.85,0.0,0.0,51.75,0.0,0.0,284.7,298.75,283.3,2.576,2026-02-03 23:02,77096
LTF,2026-02-24,350.0,0.25,778500.0,171000.0,55.0,4500.0,0.0,284.7,298.75,283.3,2.576,2026-02-03 23:02,87263
LTF,2026-02-24,355.0,0.0,0.0,0.0,0.0,0.0,0.0,284.7,298.75,283.3,2.576,2026-02-03 23:02,97816
LTF,2026-02-24,360.0,0.2,153000.0,128250.0,66.05,2250.0,0.0,284.7,298.75,283.3,2.576,2026-02-03 23:02,108374
LTF,2026-02-24,365.0,0.0,0.0,0.0,0.0,0.0,0.0,284.7,298.75,283.3,2.576,2026-02-03 23:02,118998
LTF,2026-02-24,370.0,0.2,114750.0,2250.0,81.8,13500.0,0.0,284.7,298.75,283.3,2.576,2026-02-03 23:02,129634
LTF,2026-02-24,375.0,0.0,0.0,0.0,0.05,0.0,0.0,284.7,298.75,283.3,2.576,2026-02-03 23:02,140225
LTF,2026-02-24,380.0,0.0,0.0,0.0,0.0,0.0,0.0,284.7,298.75,283.3,2.576,2026-02-03 23:02,150925
LTF,2026-02-24,390.0,0.0,0.0,0.0,0.0,0.0,0.0,284.7,298.75,283.3,2.576,2026-02-03 23:02,172325
LTF,2026-02-24,400.0,0.0,0.0,0.0,0.0,0.0,0.0,284.7,298.75,283.3,2.576,2026-02-03 23:02,193725
LTF,2026-02-24,410.0,0.0,0.0,0.0,0.0,0.0,0.0,284.7,298.75,283.3,2.576,2026-02-03 23:02,215124
LTF,2026-02-24,420.0,0.0,0.0,0.0,0.0,0.0,0.0,284.7,298.75,283.3,2.576,2026-02-03 23:02,236524
LTF,2026-02-24,430.0,6.4,0.0,0.0,0.0,0.0,0.0,284.7,298.75,283.3,2.576,2026-02-03 23:02,257924
LTF,2026-02-24,440.0,0.0,0.0,0.0,0.0,0.0,0.0,284.7,298.75,283.3,2.576,2026-02-03 23:02,279324
LTIM,2026-02-24,5000.0,0.0,0.0,0.0,1.3,54000.0,43350.0,6044.0,6275.5,6016.0,0.969,2026-02-03 23:02,34279
LTIM,2026-02-24,5100.0,830.0,300.0,0.0,1.8,29550.0,21000.0,6044.0,6275.5,6016.0,0.969,2026-02-03 23:02,28934
LTIM,2026-02-24,5200.0,764.95,2100.0,0.0,2.6,27000.0,13950.0,6044.0,6275.5,6016.0,0.969,2026-02-03 23:02,23913
LTIM,2026-02-24,5300.0,555.0,300.0,0.0,5.05,15000.0,10800.0,6044.0,6275.5,6016.0,0.969,2026-02-03 23:02,19318
LTIM,2026-02-24,5350.0,0.0,0.0,0.0,29.05,150.0,0.0,6044.0,6275.5,6016.0,0.969,2026-02-03 23:02,17029
LTIM,2026-02-24,5400.0,0.0,0.0,0.0,8.3,31800.0,34350.0,6044.0,6275.5,6016.0,0.969,2026-02-03 23:02,14731
LTIM,2026-02-24,5450.0,0.0,0.0,0.0,22.45,6900.0,150.0,6044.0,6275.5,6016.0,0.969,2026-02-03 23:02,12567
LTIM,2026-02-24,5500.0,741.15,600.0,300.0,15.3,49950.0,73350.0,6044.0,6275.5,6016.0,0.969,2026-02-03 23:02,10447
LTIM,2026-02-24,5550.0,0.0,0.0,0.0,19.7,2850.0,2850.0,6044.0,6275.5,6016.0,0.969,2026-02-03 23:02,8564
LTIM,2026-02-24,5600.0,536.25,2700.0,0.0,23.9,30600.0,27750.0,6044.0,6275.5,6016.0,0.969,2026-02-03 23:02,6722
LTIM,2026-02-24,5650.0,0.0,0.0,0.0,68.5,900.0,0.0,6044.0,6275.5,6016.0,0.969,2026-02-03 23:02,5123
LTIM,2026-02-24,5700.0,428.95,2550.0,0.0,38.65,39150.0,63000.0,6044.0,6275.5,6016.0,0.969,2026-02-03 23:02,3452
LTIM,2026-02-24,5750.0,298.25,2550.0,0.0,84.6,5850.0,0.0,6044.0,6275.5,6016.0,0.969,2026-02-03 23:02,1952
LTIM,2026-02-24,5800.0,302.0,8100.0,1800.0,60.85,19350.0,41700.0,6044.0,6275.5,6016.0,0.969,2026-02-03 23:02,564
LTIM,2026-02-24,5850.0,260.6,4500.0,0.0,72.05,9300.0,7200.0,6044.0,6275.5,6016.0,0.969,2026-02-03 23:02,-586
LTIM,2026-02-24,5900.0,247.2,11700.0,4950.0,90.8,54450.0,76350.0,6044.0,6275.5,6016.0,0.969,2026-02-03 23:02,-1745
LTIM,2026-02-24,5950.0,212.0,16950.0,5700.0,110.9,24750.0,4050.0,6044.0,6275.5,6016.0,0.969,2026-02-03 23:02,-2829
LTIM,2026-02-24,6000.0,177.0,113550.0,88650.0,132.6,85500.0,71250.0,6044.0,6275.5,6016.0,0.969,2026-02-03 23:02,-3413
LTIM,2026-02-24,6050.0,154.0,14850.0,35250.0,151.0,23850.0,11700.0,6044.0,6275.5,6016.0,0.969,2026-02-03 23:02,-2212
LTIM,2026-02-24,6100.0,132.0,65700.0,148650.0,170.65,39000.0,79050.0,6044.0,6275.5,6016.0,0.969,2026-02-03 23:02,-1824
LTIM,2026-02-24,6150.0,114.55,13950.0,12900.0,209.2,10050.0,21150.0,6044.0,6275.5,6016.0,0.969,2026-02-03 23:02,-580
LTIM,2026-02-24,6200.0,92.5,40800.0,100500.0,245.8,7500.0,39600.0,6044.0,6275.5,6016.0,0.969,2026-02-03 23:02,531
LTIM,2026-02-24,6250.0,75.7,5700.0,5250.0,225.0,6600.0,600.0,6044.0,6275.5,6016.0,0.969,2026-02-03 23:02,2128
LTIM,2026-02-24,6300.0,61.0,45150.0,108600.0,310.0,9750.0,14550.0,6044.0,6275.5,6016.0,0.969,2026-02-03 23:02,3488
LTIM,2026-02-24,6350.0,50.0,5550.0,1350.0,437.85,450.0,0.0,6044.0,6275.5,6016.0,0.969,2026-02-03 23:02,5201
LTIM,2026-02-24,6400.0,40.8,35550.0,77250.0,328.25,1500.0,1050.0,6044.0,6275.5,6016.0,0.969,2026-02-03 23:02,6979
LTIM,2026-02-24,6450.0,36.25,7350.0,4500.0,0.0,0.0,0.0,6044.0,6275.5,6016.0,0.969,2026-02-03 23:02,9030
LTIM,2026-02-24,6500.0,27.55,55650.0,132900.0,506.3,300.0,0.0,6044.0,6275.5,6016.0,0.969,2026-02-03 23:02,11049
LTIM,2026-02-24,6550.0,23.65,8550.0,4200.0,0.0,0.0,0.0,6044.0,6275.5,6016.0,0.969,2026-02-03 23:02,13459
LTIM,2026-02-24,6600.0,18.5,26250.0,33300.0,640.75,150.0,0.0,6044.0,6275.5,6016.0,0.969,2026-02-03 23:02,15794
LTIM,2026-02-24,6650.0,13.95,1650.0,3300.0,0.0,0.0,0.0,6044.0,6275.5,6016.0,0.969,2026-02-03 23:02,18279
LTIM,2026-02-24,6700.0,12.4,20400.0,40200.0,436.0,1050.0,0.0,6044.0,6275.5,6016.0,0.969,2026-02-03 23:02,20736
LTIM,2026-02-24,6750.0,0.0,0.0,0.0,443.0,600.0,0.0,6044.0,6275.5,6016.0,0.969,2026-02-03 23:02,23278
LTIM,2026-02-24,6800.0,8.45,8850.0,8400.0,0.0,0.0,0.0,6044.0,6275.5,6016.0,0.969,2026-02-03 23:02,25816
LTIM,2026-02-24,6850.0,6.15,300.0,0.0,0.0,0.0,0.0,6044.0,6275.5,6016.0,0.969,2026-02-03 23:02,28433
LTIM,2026-02-24,6900.0,5.0,1050.0,0.0,0.0,0.0,0.0,6044.0,6275.5,6016.0,0.969,2026-02-03 23:02,31044
LTIM,2026-02-24,6950.0,6.0,600.0,0.0,0.0,0.0,0.0,6044.0,6275.5,6016.0,0.969,2026-02-03 23:02,33660
LTIM,2026-02-24,7000.0,4.9,38100.0,21000.0,0.0,0.0,0.0,6044.0,6275.5,6016.0,0.969,2026-02-03 23:02,36280
LTIM,2026-02-24,7100.0,4.8,2250.0,2550.0,0.0,0.0,0.0,6044.0,6275.5,6016.0,0.969,2026-02-03 23:02,41917
LTIM,2026-02-24,7200.0,3.25,2700.0,1950.0,0.0,0.0,0.0,6044.0,6275.5,6016.0,0.969,2026-02-03 23:02,47560
LTIM,2026-02-24,7300.0,6.05,600.0,0.0,0.0,0.0,0.0,6044.0,6275.5,6016.0,0.969,2026-02-03 23:02,53229
LUPIN,2026-02-24,1800.0,0.0,0.0,0.0,1.5,72250.0,2550.0,2185.9,2225.0,2163.7,2.653,2026-02-03 23:02,22684
LUPIN,2026-02-24,1840.0,0.0,0.0,0.0,2.4,35700.0,0.0,2185.9,2225.0,2163.7,2.653,2026-02-03 23:02,18348
LUPIN,2026-02-24,1880.0,0.0,0.0,0.0,3.25,18700.0,0.0,2185.9,2225.0,2163.7,2.653,2026-02-03 23:02,14158
LUPIN,2026-02-24,1900.0,309.0,850.0,0.0,3.3,42075.0,41650.0,2185.9,2225.0,2163.7,2.653,2026-02-03 23:02,12098
LUPIN,2026-02-24,1920.0,0.0,0.0,0.0,5.5,9775.0,2550.0,2185.9,2225.0,2163.7,2.653,2026-02-03 23:02,10143
LUPIN,2026-02-24,1940.0,0.0,0.0,0.0,0.0,0.0,0.0,2185.9,2225.0,2163.7,2.653,2026-02-03 23:02,8189
LUPIN,2026-02-24,1960.0,0.0,0.0,0.0,5.45,73525.0,86700.0,2185.9,2225.0,2163.7,2.653,2026-02-03 23:02,6241
LUPIN,2026-02-24,1980.0,134.35,425.0,0.0,6.95,8925.0,1275.0,2185.9,2225.0,2163.7,2.653,2026-02-03 23:02,4400
LUPIN,2026-02-24,2000.0,203.0,9350.0,3400.0,8.35,132175.0,217600.0,2185.9,2225.0,2163.7,2.653,2026-02-03 23:02,2617
LUPIN,2026-02-24,2020.0,129.1,4250.0,0.0,10.7,15300.0,19975.0,2185.9,2225.0,2163.7,2.653,2026-02-03 23:02,1197
LUPIN,2026-02-24,2040.0,170.0,3400.0,3825.0,13.25,19550.0,53125.0,2185.9,2225.0,2163.7,2.653,2026-02-03 23:02,-224
LUPIN,2026-02-24,2060.0,102.0,850.0,0.0,16.45,46325.0,59925.0,2185.9,2225.0,2163.7,2.653,2026-02-03 23:02,-1606
LUPIN,2026-02-24,2080.0,135.5,16575.0,19975.0,20.3,45050.0,55675.0,2185.9,2225.0,2163.7,2.653,2026-02-03 23:02,-2994
LUPIN,2026-02-24,2100.0,120.5,55250.0,92225.0,25.25,138975.0,314500.0,2185.9,2225.0,2163.7,2.653,2026-02-03 23:02,-4058
LUPIN,2026-02-24,2120.0,105.6,62475.0,118575.0,31.05,76075.0,127075.0,2185.9,2225.0,2163.7,2.653,2026-02-03 23:02,-4551
LUPIN,2026-02-24,2140.0,93.5,66725.0,163625.0,37.85,56100.0,156400.0,2185.9,2225.0,2163.7,2.653,2026-02-03 23:02,-4659
LUPIN,2026-02-24,2160.0,80.35,77775.0,346375.0,45.6,94775.0,106675.0,2185.9,2225.0,2163.7,2.653,2026-02-03 23:02,-4533
LUPIN,2026-02-24,2180.0,70.0,65450.0,221425.0,54.4,47175.0,173400.0,2185.9,2225.0,2163.7,2.653,2026-02-03 23:02,-4281
LUPIN,2026-02-24,2200.0,60.1,373575.0,1269900.0,63.9,141525.0,222275.0,2185.9,2225.0,2163.7,2.653,2026-02-03 23:02,-3794
LUPIN,2026-02-24,2220.0,50.9,54400.0,280500.0,75.45,20400.0,65450.0,2185.9,2225.0,2163.7,2.653,2026-02-03 23:02,-1139
LUPIN,2026-02-24,2240.0,42.7,89250.0,254150.0,87.45,17850.0,54400.0,2185.9,2225.0,2163.7,2.653,2026-02-03 23:02,448
LUPIN,2026-02-24,2260.0,35.85,81175.0,143225.0,100.85,8925.0,22525.0,2185.9,2225.0,2163.7,2.653,2026-02-03 23:02,2352
LUPIN,2026-02-24,2280.0,29.95,22525.0,62050.0,119.95,850.0,1700.0,2185.9,2225.0,2163.7,2.653,2026-02-03 23:02,4412
LUPIN,2026-02-24,2300.0,24.85,465800.0,1696600.0,126.4,19975.0,12750.0,2185.9,2225.0,2163.7,2.653,2026-02-03 23:02,6375
LUPIN,2026-02-24,2320.0,21.05,36550.0,63325.0,185.0,10200.0,0.0,2185.9,2225.0,2163.7,2.653,2026-02-03 23:02,10157
LUPIN,2026-02-24,2340.0,16.85,15725.0,40375.0,0.0,0.0,0.0,2185.9,2225.0,2163.7,2.653,2026-02-03 23:02,13016
LUPIN,2026-02-24,2360.0,13.8,38250.0,38250.0,0.0,0.0,0.0,2185.9,2225.0,2163.7,2.653,2026-02-03 23:02,16045
LUPIN,2026-02-24,2380.0,11.5,2125.0,2550.0,0.0,0.0,0.0,2185.9,2225.0,2163.7,2.653,2026-02-03 23:02,19176
LUPIN,2026-02-24,2400.0,9.5,142800.0,286450.0,216.75,1275.0,0.0,2185.9,2225.0,2163.7,2.653,2026-02-03 23:02,22261
LUPIN,2026-02-24,2440.0,6.15,190400.0,110500.0,0.0,0.0,0.0,2185.9,2225.0,2163.7,2.653,2026-02-03 23:02,29112
LUPIN,2026-02-24,2480.0,3.7,116025.0,46750.0,0.0,0.0,0.0,2185.9,2225.0,2163.7,2.653,2026-02-03 23:02,36733
LUPIN,2026-02-24,2520.0,1.75,850.0,850.0,0.0,0.0,0.0,2185.9,2225.0,2163.7,2.653,2026-02-03 23:02,44743
M&M,2026-02-24,2850.0,0.0,0.0,0.0,1.5,129800.0,46200.0,3527.9,3643.8,3513.0,1.868,2026-02-03 23:02,109623
M&M,2026-02-24,2900.0,0.0,0.0,0.0,2.8,71400.0,5600.0,3527.9,3643.8,3513.0,1.868,2026-02-03 23:02,97039
M&M,2026-02-24,3000.0,537.25,1800.0,2400.0,4.0,157800.0,134000.0,3527.9,3643.8,3513.0,1.868,2026-02-03 23:02,72605
M&M,2026-02-24,3050.0,0.0,0.0,0.0,4.5,1600.0,1200.0,3527.9,3643.8,3513.0,1.868,2026-02-03 23:02,61230
M&M,2026-02-24,3100.0,461.6,35000.0,3400.0,6.95,93800.0,224400.0,3527.9,3643.8,3513.0,1.868,2026-02-03 23:02,49828
M&M,2026-02-24,3150.0,0.0,0.0,0.0,9.15,38600.0,104800.0,3527.9,3643.8,3513.0,1.868,2026-02-03 23:02,40622
M&M,2026-02-24,3200.0,253.15,22600.0,0.0,12.45,254200.0,507600.0,3527.9,3643.8,3513.0,1.868,2026-02-03 23:02,30022
M&M,2026-02-24,3250.0,237.65,10800.0,0.0,16.75,58000.0,152200.0,3527.9,3643.8,3513.0,1.868,2026-02-03 23:02,21098
M&M,2026-02-24,3300.0,257.15,74600.0,37600.0,23.3,197000.0,660400.0,3527.9,3643.8,3513.0,1.868,2026-02-03 23:02,12422
M&M,2026-02-24,3350.0,213.4,84000.0,56200.0,31.65,235000.0,471200.0,3527.9,3643.8,3513.0,1.868,2026-02-03 23:02,6403
M&M,2026-02-24,3400.0,178.4,299400.0,347600.0,41.95,259200.0,1270200.0,3527.9,3643.8,3513.0,1.868,2026-02-03 23:02,1569
M&M,2026-02-24,3450.0,144.9,136000.0,588000.0,57.9,169400.0,611800.0,3527.9,3643.8,3513.0,1.868,2026-02-03 23:02,2733
M&M,2026-02-24,3500.0,114.0,350400.0,977800.0,77.0,331600.0,1562800.0,3527.9,3643.8,3513.0,1.868,2026-02-03 23:02,2159
M&M,2026-02-24,3550.0,88.6,192600.0,1005000.0,102.3,116600.0,519400.0,3527.9,3643.8,3513.0,1.868,2026-02-03 23:02,5448
M&M,2026-02-24,3600.0,66.2,467800.0,2235000.0,128.65,222000.0,894400.0,3527.9,3643.8,3513.0,1.868,2026-02-03 23:02,9354
M&M,2026-02-24,3650.0,48.45,325000.0,1217200.0,159.35,32400.0,220800.0,3527.9,3643.8,3513.0,1.868,2026-02-03 23:02,16437
M&M,2026-02-24,3700.0,35.2,368000.0,2396800.0,193.55,178200.0,144400.0,3527.9,3643.8,3513.0,1.868,2026-02-03 23:02,26124
M&M,2026-02-24,3750.0,25.75,94000.0,686000.0,242.5,9000.0,18200.0,3527.9,3643.8,3513.0,1.868,2026-02-03 23:02,35331
M&M,2026-02-24,3800.0,18.35,416800.0,1784600.0,286.45,57600.0,11000.0,3527.9,3643.8,3513.0,1.868,2026-02-03 23:02,47230
M&M,2026-02-24,3850.0,13.15,75800.0,275600.0,427.25,2200.0,0.0,3527.9,3643.8,3513.0,1.868,2026-02-03 23:02,60591
M&M,2026-02-24,3900.0,9.3,124400.0,460600.0,379.75,11000.0,1400.0,3527.9,3643.8,3513.0,1.868,2026-02-03 23:02,75234
M&M,2026-02-24,3950.0,7.45,27600.0,39000.0,400.0,1600.0,0.0,3527.9,3643.8,3513.0,1.868,2026-02-03 23:02,90246
M&M,2026-02-24,4000.0,5.2,267000.0,436800.0,456.0,9600.0,4000.0,3527.9,3643.8,3513.0,1.868,2026-02-03 23:02,105663
M&M,2026-02-24,4050.0,4.05,4600.0,5600.0,0.0,0.0,0.0,3527.9,3643.8,3513.0,1.868,2026-02-03 23:02,122207
M&M,2026-02-24,4100.0,2.85,57200.0,67000.0,501.75,400.0,400.0,3527.9,3643.8,3513.0,1.868,2026-02-03 23:02,139075
M&M,2026-02-24,4150.0,4.7,3800.0,1600.0,0.0,0.0,0.0,3527.9,3643.8,3513.0,1.868,2026-02-03 23:02,156225
M&M,2026-02-24,4200.0,1.95,42800.0,45200.0,0.0,0.0,0.0,3527.9,3643.8,3513.0,1.868,2026-02-03 23:02,173400
M&M,2026-02-24,4300.0,1.5,1200.0,0.0,891.0,4600.0,0.0,3527.9,3643.8,3513.0,1.868,2026-02-03 23:02,208182
M&M,2026-02-24,4400.0,1.5,31200.0,7600.0,0.0,0.0,0.0,3527.9,3643.8,3513.0,1.868,2026-02-03 23:02,242604
MANAPPURAM,2026-02-24,225.0,0.0,0.0,0.0,0.35,39000.0,15000.0,291.25,294.0,282.6,4.241,2026-02-03 23:02,64738
MANAPPURAM,2026-02-24,230.0,0.0,0.0,0.0,0.65,306000.0,339000.0,291.25,294.0,282.6,4.241,2026-02-03 23:02,56367
MANAPPURAM,2026-02-24,232.5,0.0,0.0,0.0,0.0,0.0,0.0,291.25,294.0,282.6,4.241,2026-02-03 23:02,52239
MANAPPURAM,2026-02-24,235.0,0.0,0.0,0.0,2.5,0.0,0.0,291.25,294.0,282.6,4.241,2026-02-03 23:02,48130
MANAPPURAM,2026-02-24,237.5,0.0,0.0,0.0,0.0,0.0,0.0,291.25,294.0,282.6,4.241,2026-02-03 23:02,44022
MANAPPURAM,2026-02-24,240.0,49.75,6000.0,6000.0,0.9,684000.0,534000.0,291.25,294.0,282.6,4.241,2026-02-03 23:02,39913
MANAPPURAM,2026-02-24,242.5,0.0,0.0,0.0,0.0,0.0,0.0,291.25,294.0,282.6,4.241,2026-02-03 23:02,35945
MANAPPURAM,2026-02-24,245.0,0.0,0.0,0.0,1.15,189000.0,174000.0,291.25,294.0,282.6,4.241,2026-02-03 23:02,32009
MANAPPURAM,2026-02-24,247.5,0.0,0.0,0.0,2.95,123000.0,0.0,291.25,294.0,282.6,4.241,2026-02-03 23:02,28099
MANAPPURAM,2026-02-24,250.0,43.9,3000.0,0.0,1.4,1440000.0,1938000.0,291.25,294.0,282.6,4.241,2026-02-03 23:02,24205
MANAPPURAM,2026-02-24,252.5,0.0,0.0,0.0,0.0,0.0,0.0,291.25,294.0,282.6,4.241,2026-02-03 23:02,20519
MANAPPURAM,2026-02-24,255.0,0.0,0.0,0.0,2.15,255000.0,162000.0,291.25,294.0,282.6,4.241,2026-02-03 23:02,17022
MANAPPURAM,2026-02-24,257.5,33.7,0.0,18000.0,3.2,6000.0,6000.0,291.25,294.0,282.6,4.241,2026-02-03 23:02,13533
MANAPPURAM,2026-02-24,260.0,32.3,213000.0,42000.0,2.45,2346000.0,1926000.0,291.25,294.0,282.6,4.241,2026-02-03 23:02,10099
MANAPPURAM,2026-02-24,262.5,24.85,87000.0,0.0,2.7,201000.0,153000.0,291.25,294.0,282.6,4.241,2026-02-03 23:02,7420
MANAPPURAM,2026-02-24,265.0,29.4,108000.0,15000.0,3.1,501000.0,681000.0,291.25,294.0,282.6,4.241,2026-02-03 23:02,4862
MANAPPURAM,2026-02-24,267.5,24.2,72000.0,51000.0,3.5,150000.0,264000.0,291.25,294.0,282.6,4.241,2026-02-03 23:02,2456
MANAPPURAM,2026-02-24,270.0,25.35,660000.0,474000.0,3.7,1374000.0,1866000.0,291.25,294.0,282.6,4.241,2026-02-03 23:02,66
MANAPPURAM,2026-02-24,272.5,22.35,147000.0,48000.0,4.35,330000.0,417000.0,291.25,294.0,282.6,4.241,2026-02-03 23:02,-773
MANAPPURAM,2026-02-24,275.0,20.5,387000.0,222000.0,4.9,453000.0,792000.0,291.25,294.0,282.6,4.241,2026-02-03 23:02,-2472
MANAPPURAM,2026-02-24,277.5,18.6,147000.0,222000.0,5.55,282000.0,516000.0,291.25,294.0,282.6,4.241,2026-02-03 23:02,-3576
MANAPPURAM,2026-02-24,280.0,17.45,1566000.0,3762000.0,5.9,1476000.0,2865000.0,291.25,294.0,282.6,4.241,2026-02-03 23:02,-5026
MANAPPURAM,2026-02-24,282.5,15.85,135000.0,267000.0,6.55,339000.0,663000.0,291.25,294.0,282.6,4.241,2026-02-03 23:02,-3972
MANAPPURAM,2026-02-24,285.0,14.7,393000.0,1035000.0,7.9,507000.0,1161000.0,291.25,294.0,282.6,4.241,2026-02-03 23:02,-4668
MANAPPURAM,2026-02-24,287.5,12.8,165000.0,477000.0,9.0,354000.0,654000.0,291.25,294.0,282.6,4.241,2026-02-03 23:02,-4954
MANAPPURAM,2026-02-24,290.0,11.45,2349000.0,5724000.0,10.0,1734000.0,2010000.0,291.25,294.0,282.6,4.241,2026-02-03 23:02,-5396
MANAPPURAM,2026-02-24,292.5,10.3,627000.0,1572000.0,11.35,855000.0,1194000.0,291.25,294.0,282.6,4.241,2026-02-03 23:02,-3753
MANAPPURAM,2026-02-24,295.0,8.4,720000.0,1464000.0,12.75,489000.0,696000.0,291.25,294.0,282.6,4.241,2026-02-03 23:02,-3020
MANAPPURAM,2026-02-24,297.5,7.45,519000.0,1089000.0,14.85,246000.0,192000.0,291.25,294.0,282.6,4.241,2026-02-03 23:02,-1679
MANAPPURAM,2026-02-24,300.0,7.0,5658000.0,4602000.0,15.25,1329000.0,531000.0,291.25,294.0,282.6,4.241,2026-02-03 23:02,-107
MANAPPURAM,2026-02-24,302.5,6.4,573000.0,435000.0,23.55,75000.0,0.0,291.25,294.0,282.6,4.241,2026-02-03 23:02,5124
MANAPPURAM,2026-02-24,305.0,5.2,558000.0,318000.0,24.7,87000.0,0.0,291.25,294.0,282.6,4.241,2026-02-03 23:02,8774
MANAPPURAM,2026-02-24,307.5,4.55,210000.0,0.0,23.1,84000.0,0.0,291.25,294.0,282.6,4.241,2026-02-03 23:02,12470
MANAPPURAM,2026-02-24,310.0,4.2,1422000.0,2079000.0,34.8,273000.0,0.0,291.25,294.0,282.6,4.241,2026-02-03 23:02,16066
MANAPPURAM,2026-02-24,312.5,3.65,138000.0,102000.0,22.5,57000.0,0.0,291.25,294.0,282.6,4.241,2026-02-03 23:02,19831
MANAPPURAM,2026-02-24,315.0,2.95,351000.0,402000.0,29.35,90000.0,0.0,291.25,294.0,282.6,4.241,2026-02-03 23:02,23921
MANAPPURAM,2026-02-24,317.5,3.15,81000.0,0.0,0.0,0.0,0.0,291.25,294.0,282.6,4.241,2026-02-03 23:02,28037
MANAPPURAM,2026-02-24,320.0,2.55,1410000.0,3123000.0,33.3,30000.0,0.0,291.25,294.0,282.6,4.241,2026-02-03 23:02,32360
MANAPPURAM,2026-02-24,322.5,2.05,270000.0,51000.0,0.0,0.0,0.0,291.25,294.0,282.6,4.241,2026-02-03 23:02,37277
MANAPPURAM,2026-02-24,325.0,2.0,120000.0,138000.0,0.0,0.0,0.0,291.25,294.0,282.6,4.241,2026-02-03 23:02,42058
MANAPPURAM,2026-02-24,327.5,1.8,72000.0,18000.0,0.0,0.0,0.0,291.25,294.0,282.6,4.241,2026-02-03 23:02,46837
MANAPPURAM,2026-02-24,330.0,1.6,819000.0,1332000.0,44.1,27000.0,3000.0,291.25,294.0,282.6,4.241,2026-02-03 23:02,51623
MANAPPURAM,2026-02-24,332.5,1.7,111000.0,24000.0,0.0,0.0,0.0,291.25,294.0,282.6,4.241,2026-02-03 23:02,56619
MANAPPURAM,2026-02-24,335.0,1.25,240000.0,345000.0,0.0,0.0,0.0,291.25,294.0,282.6,4.241,2026-02-03 23:02,61650
MANAPPURAM,2026-02-24,337.5,1.05,30000.0,90000.0,0.0,0.0,0.0,291.25,294.0,282.6,4.241,2026-02-03 23:02,66753
MANAPPURAM,2026-02-24,340.0,1.05,378000.0,486000.0,45.25,48000.0,0.0,291.25,294.0,282.6,4.241,2026-02-03 23:02,71835
MANAPPURAM,2026-02-24,345.0,1.0,30000.0,27000.0,0.0,0.0,0.0,291.25,294.0,282.6,4.241,2026-02-03 23:02,82030
MANAPPURAM,2026-02-24,347.5,0.75,75000.0,180000.0,0.0,0.0,0.0,291.25,294.0,282.6,4.241,2026-02-03 23:02,87227
MANAPPURAM,2026-02-24,350.0,0.7,891000.0,294000.0,0.0,0.0,0.0,291.25,294.0,282.6,4.241,2026-02-03 23:02,92445
MANAPPURAM,2026-02-24,360.0,0.5,528000.0,162000.0,0.0,0.0,0.0,291.25,294.0,282.6,4.241,2026-02-03 23:02,114249
MANAPPURAM,2026-02-24,365.0,0.45,180000.0,372000.0,0.0,0.0,0.0,291.25,294.0,282.6,4.241,2026-02-03 23:02,125410
MANKIND,2026-02-24,1120.0,0.0,0.0,0.0,0.0,0.0,0.0,2162.6,2190.2,2112.3,4.787,2026-02-03 23:02,51894
MANKIND,2026-02-24,1160.0,0.0,0.0,0.0,0.0,0.0,0.0,2162.6,2190.2,2112.3,4.787,2026-02-03 23:02,49541
MANKIND,2026-02-24,1200.0,0.0,0.0,0.0,0.0,0.0,0.0,2162.6,2190.2,2112.3,4.787,2026-02-03 23:02,47187
MANKIND,2026-02-24,1240.0,0.0,0.0,0.0,0.0,0.0,0.0,2162.6,2190.2,2112.3,4.787,2026-02-03 23:02,44834
MANKIND,2026-02-24,1280.0,0.0,0.0,0.0,0.0,0.0,0.0,2162.6,2190.2,2112.3,4.787,2026-02-03 23:02,42480
MANKIND,2026-02-24,1320.0,0.0,0.0,0.0,0.0,0.0,0.0,2162.6,2190.2,2112.3,4.787,2026-02-03 23:02,40127
MANKIND,2026-02-24,1360.0,0.0,0.0,0.0,0.0,0.0,0.0,2162.6,2190.2,2112.3,4.787,2026-02-03 23:02,37773
MANKIND,2026-02-24,1400.0,0.0,0.0,0.0,0.0,0.0,0.0,2162.6,2190.2,2112.3,4.787,2026-02-03 23:02,35420
MANKIND,2026-02-24,1420.0,0.0,0.0,0.0,0.0,0.0,0.0,2162.6,2190.2,2112.3,4.787,2026-02-03 23:02,34243
MANKIND,2026-02-24,1440.0,0.0,0.0,0.0,0.0,0.0,0.0,2162.6,2190.2,2112.3,4.787,2026-02-03 23:02,33066
MANKIND,2026-02-24,1460.0,0.0,0.0,0.0,0.0,0.0,0.0,2162.6,2190.2,2112.3,4.787,2026-02-03 23:02,31889
MANKIND,2026-02-24,1480.0,0.0,0.0,0.0,0.0,0.0,0.0,2162.6,2190.2,2112.3,4.787,2026-02-03 23:02,30713
MANKIND,2026-02-24,1500.0,0.0,0.0,0.0,0.0,0.0,0.0,2162.6,2190.2,2112.3,4.787,2026-02-03 23:02,29536
MANKIND,2026-02-24,1520.0,0.0,0.0,0.0,0.0,0.0,0.0,2162.6,2190.2,2112.3,4.787,2026-02-03 23:02,28359
MANKIND,2026-02-24,1540.0,0.0,0.0,0.0,0.0,0.0,0.0,2162.6,2190.2,2112.3,4.787,2026-02-03 23:02,27182
MANKIND,2026-02-24,1560.0,0.0,0.0,0.0,0.0,0.0,0.0,2162.6,2190.2,2112.3,4.787,2026-02-03 23:02,26006
MANKIND,2026-02-24,1580.0,0.0,0.0,0.0,0.0,0.0,0.0,2162.6,2190.2,2112.3,4.787,2026-02-03 23:02,24829
MANKIND,2026-02-24,1600.0,0.0,0.0,0.0,0.0,0.0,0.0,2162.6,2190.2,2112.3,4.787,2026-02-03 23:02,23652
MANKIND,2026-02-24,1620.0,0.0,0.0,0.0,0.0,0.0,0.0,2162.6,2190.2,2112.3,4.787,2026-02-03 23:02,22475
MANKIND,2026-02-24,1640.0,0.0,0.0,0.0,0.0,0.0,0.0,2162.6,2190.2,2112.3,4.787,2026-02-03 23:02,21299
MANKIND,2026-02-24,1660.0,0.0,0.0,0.0,0.0,0.0,0.0,2162.6,2190.2,2112.3,4.787,2026-02-03 23:02,20122
MANKIND,2026-02-24,1680.0,0.0,0.0,0.0,0.0,0.0,0.0,2162.6,2190.2,2112.3,4.787,2026-02-03 23:02,18945
MANKIND,2026-02-24,1700.0,0.0,0.0,0.0,0.0,0.0,0.0,2162.6,2190.2,2112.3,4.787,2026-02-03 23:02,17768
MANKIND,2026-02-24,1720.0,0.0,0.0,0.0,0.0,0.0,0.0,2162.6,2190.2,2112.3,4.787,2026-02-03 23:02,16592
MANKIND,2026-02-24,1740.0,0.0,0.0,0.0,0.0,0.0,0.0,2162.6,2190.2,2112.3,4.787,2026-02-03 23:02,15415
MANKIND,2026-02-24,1760.0,0.0,0.0,0.0,0.0,0.0,0.0,2162.6,2190.2,2112.3,4.787,2026-02-03 23:02,14238
MANKIND,2026-02-24,1780.0,0.0,0.0,0.0,0.0,0.0,0.0,2162.6,2190.2,2112.3,4.787,2026-02-03 23:02,13061
MANKIND,2026-02-24,1800.0,265.6,450.0,0.0,4.0,17325.0,18675.0,2162.6,2190.2,2112.3,4.787,2026-02-03 23:02,11885
MANKIND,2026-02-24,1820.0,0.0,0.0,0.0,0.0,0.0,0.0,2162.6,2190.2,2112.3,4.787,2026-02-03 23:02,10748
MANKIND,2026-02-24,1840.0,0.0,0.0,0.0,0.0,0.0,0.0,2162.6,2190.2,2112.3,4.787,2026-02-03 23:02,9607
MANKIND,2026-02-24,1860.0,0.0,0.0,0.0,10.0,0.0,225.0,2162.6,2190.2,2112.3,4.787,2026-02-03 23:02,8466
MANKIND,2026-02-24,1880.0,239.6,225.0,0.0,9.6,900.0,0.0,2162.6,2190.2,2112.3,4.787,2026-02-03 23:02,7325
MANKIND,2026-02-24,1900.0,0.0,0.0,0.0,5.2,25650.0,61425.0,2162.6,2190.2,2112.3,4.787,2026-02-03 23:02,6190
MANKIND,2026-02-24,1920.0,201.65,450.0,0.0,8.45,36900.0,45000.0,2162.6,2190.2,2112.3,4.787,2026-02-03 23:02,5089
MANKIND,2026-02-24,1940.0,183.65,900.0,0.0,28.45,2700.0,0.0,2162.6,2190.2,2112.3,4.787,2026-02-03 23:02,4054
MANKIND,2026-02-24,1960.0,155.0,225.0,0.0,10.5,5850.0,18675.0,2162.6,2190.2,2112.3,4.787,2026-02-03 23:02,3057
MANKIND,2026-02-24,1980.0,139.0,225.0,0.0,20.0,2925.0,0.0,2162.6,2190.2,2112.3,4.787,2026-02-03 23:02,2061
MANKIND,2026-02-24,2000.0,184.4,4500.0,450.0,17.5,106200.0,248850.0,2162.6,2190.2,2112.3,4.787,2026-02-03 23:02,1071
MANKIND,2026-02-24,2020.0,112.65,1125.0,0.0,24.55,54900.0,73575.0,2162.6,2190.2,2112.3,4.787,2026-02-03 23:02,202
MANKIND,2026-02-24,2040.0,126.2,225.0,0.0,24.15,29475.0,65250.0,2162.6,2190.2,2112.3,4.787,2026-02-03 23:02,-573
MANKIND,2026-02-24,2060.0,121.4,1800.0,5400.0,34.5,44550.0,89550.0,2162.6,2190.2,2112.3,4.787,2026-02-03 23:02,-1235
MANKIND,2026-02-24,2080.0,112.2,4275.0,3375.0,36.55,13050.0,9000.0,2162.6,2190.2,2112.3,4.787,2026-02-03 23:02,-1869
MANKIND,2026-02-24,2100.0,103.0,47475.0,253125.0,48.8,130500.0,258300.0,2162.6,2190.2,2112.3,4.787,2026-02-03 23:02,-2336
MANKIND,2026-02-24,2120.0,94.25,17775.0,9675.0,104.0,13950.0,0.0,2162.6,2190.2,2112.3,4.787,2026-02-03 23:02,-2595
MANKIND,2026-02-24,2140.0,79.1,63000.0,105075.0,68.0,36000.0,41175.0,2162.6,2190.2,2112.3,4.787,2026-02-03 23:02,-2620
MANKIND,2026-02-24,2160.0,69.25,21600.0,120825.0,76.0,13500.0,39600.0,2162.6,2190.2,2112.3,4.787,2026-02-03 23:02,-2216
MANKIND,2026-02-24,2180.0,59.05,28800.0,125775.0,109.45,675.0,0.0,2162.6,2190.2,2112.3,4.787,2026-02-03 23:02,-1949
MANKIND,2026-02-24,2200.0,55.0,113850.0,526500.0,87.0,18000.0,17100.0,2162.6,2190.2,2112.3,4.787,2026-02-03 23:02,-1507
MANKIND,2026-02-24,2220.0,46.0,4950.0,10575.0,105.45,675.0,675.0,2162.6,2190.2,2112.3,4.787,2026-02-03 23:02,-494
MANKIND,2026-02-24,2240.0,42.0,32400.0,68400.0,102.0,2475.0,675.0,2162.6,2190.2,2112.3,4.787,2026-02-03 23:02,75
MANKIND,2026-02-24,2260.0,39.55,17325.0,36225.0,125.4,1125.0,1125.0,2162.6,2190.2,2112.3,4.787,2026-02-03 23:02,810
MANKIND,2026-02-24,2280.0,31.0,675.0,1350.0,0.0,0.0,0.0,2162.6,2190.2,2112.3,4.787,2026-02-03 23:02,1526
MANKIND,2026-02-24,2300.0,24.0,143775.0,619875.0,255.0,12150.0,0.0,2162.6,2190.2,2112.3,4.787,2026-02-03 23:02,2190
MANKIND,2026-02-24,2320.0,15.15,64575.0,77850.0,0.0,0.0,0.0,2162.6,2190.2,2112.3,4.787,2026-02-03 23:02,3200
MANKIND,2026-02-24,2340.0,19.45,21375.0,27900.0,242.95,2475.0,0.0,2162.6,2190.2,2112.3,4.787,2026-02-03 23:02,4401
MANKIND,2026-02-24,2360.0,18.0,21375.0,26775.0,245.0,225.0,0.0,2162.6,2190.2,2112.3,4.787,2026-02-03 23:02,5533
MANKIND,2026-02-24,2380.0,0.0,0.0,0.0,0.0,0.0,0.0,2162.6,2190.2,2112.3,4.787,2026-02-03 23:02,6761
MANKIND,2026-02-24,2400.0,13.35,79200.0,264600.0,289.1,6300.0,0.0,2162.6,2190.2,2112.3,4.787,2026-02-03 23:02,7955
MANKIND,2026-02-24,2420.0,6.3,900.0,0.0,325.25,900.0,0.0,2162.6,2190.2,2112.3,4.787,2026-02-03 23:02,9244
MANKIND,2026-02-24,2440.0,8.85,450.0,2250.0,305.0,450.0,0.0,2162.6,2190.2,2112.3,4.787,2026-02-03 23:02,10584
MANKIND,2026-02-24,2460.0,4.8,675.0,0.0,315.0,2475.0,0.0,2162.6,2190.2,2112.3,4.787,2026-02-03 23:02,11941
MANKIND,2026-02-24,2480.0,21.7,0.0,0.0,326.25,0.0,0.0,2162.6,2190.2,2112.3,4.787,2026-02-03 23:02,13241
MANKIND,2026-02-24,2500.0,7.85,261675.0,1013850.0,355.4,4725.0,675.0,2162.6,2190.2,2112.3,4.787,2026-02-03 23:02,14618
MANKIND,2026-02-24,2520.0,5.8,8550.0,9225.0,419.4,675.0,0.0,2162.6,2190.2,2112.3,4.787,2026-02-03 23:02,16565
MANKIND,2026-02-24,2540.0,14.95,0.0,0.0,379.0,0.0,0.0,2162.6,2190.2,2112.3,4.787,2026-02-03 23:02,18470
MANKIND,2026-02-24,2560.0,13.15,0.0,0.0,397.0,0.0,0.0,2162.6,2190.2,2112.3,4.787,2026-02-03 23:02,20398
MANKIND,2026-02-24,2580.0,0.0,0.0,0.0,0.0,0.0,0.0,2162.6,2190.2,2112.3,4.787,2026-02-03 23:02,22326
MANKIND,2026-02-24,2600.0,47.8,0.0,0.0,485.0,450.0,0.0,2162.6,2190.2,2112.3,4.787,2026-02-03 23:02,24255
MANKIND,2026-02-24,2620.0,0.0,0.0,0.0,0.0,0.0,0.0,2162.6,2190.2,2112.3,4.787,2026-02-03 23:02,26162
MANKIND,2026-02-24,2640.0,7.75,0.0,0.0,510.0,225.0,0.0,2162.6,2190.2,2112.3,4.787,2026-02-03 23:02,28091
MANKIND,2026-02-24,2660.0,0.0,0.0,0.0,0.0,0.0,0.0,2162.6,2190.2,2112.3,4.787,2026-02-03 23:02,30009
MANKIND,2026-02-24,2680.0,0.0,0.0,0.0,0.0,0.0,0.0,2162.6,2190.2,2112.3,4.787,2026-02-03 23:02,31939
MANKIND,2026-02-24,2700.0,0.0,0.0,0.0,0.0,0.0,0.0,2162.6,2190.2,2112.3,4.787,2026-02-03 23:02,33869
MANKIND,2026-02-24,2720.0,0.0,0.0,0.0,0.0,0.0,0.0,2162.6,2190.2,2112.3,4.787,2026-02-03 23:02,35798
MANKIND,2026-02-24,2740.0,0.0,0.0,0.0,0.0,0.0,0.0,2162.6,2190.2,2112.3,4.787,2026-02-03 23:02,37728
MANKIND,2026-02-24,2760.0,0.0,0.0,0.0,0.0,0.0,0.0,2162.6,2190.2,2112.3,4.787,2026-02-03 23:02,39657
MANKIND,2026-02-24,2780.0,0.0,0.0,0.0,0.0,0.0,0.0,2162.6,2190.2,2112.3,4.787,2026-02-03 23:02,41587
MANKIND,2026-02-24,2800.0,0.0,0.0,0.0,0.0,0.0,0.0,2162.6,2190.2,2112.3,4.787,2026-02-03 23:02,43517
MANKIND,2026-02-24,2840.0,0.0,0.0,0.0,0.0,0.0,0.0,2162.6,2190.2,2112.3,4.787,2026-02-03 23:02,47376
MANKIND,2026-02-24,2880.0,0.0,0.0,0.0,0.0,0.0,0.0,2162.6,2190.2,2112.3,4.787,2026-02-03 23:02,51235
MANKIND,2026-02-24,2920.0,0.0,0.0,0.0,0.0,0.0,0.0,2162.6,2190.2,2112.3,4.787,2026-02-03 23:02,55094
MANKIND,2026-02-24,2960.0,0.0,0.0,0.0,0.0,0.0,0.0,2162.6,2190.2,2112.3,4.787,2026-02-03 23:02,58953
MANKIND,2026-02-24,3000.0,0.0,0.0,0.0,0.0,0.0,0.0,2162.6,2190.2,2112.3,4.787,2026-02-03 23:02,62813
MANKIND,2026-02-24,3040.0,0.0,0.0,0.0,0.0,0.0,0.0,2162.6,2190.2,2112.3,4.787,2026-02-03 23:02,66672
MANKIND,2026-02-24,3080.0,0.0,0.0,0.0,0.0,0.0,0.0,2162.6,2190.2,2112.3,4.787,2026-02-03 23:02,70531
MARICO,2026-02-24,610.0,0.0,0.0,0.0,0.0,0.0,0.0,732.85,742.65,722.85,1.447,2026-02-03 23:02,25428
MARICO,2026-02-24,620.0,0.0,0.0,0.0,0.6,4800.0,1200.0,732.85,742.65,722.85,1.447,2026-02-03 23:02,22751
MARICO,2026-02-24,630.0,94.8,9600.0,0.0,0.75,1200.0,0.0,732.85,742.65,722.85,1.447,2026-02-03 23:02,20079
MARICO,2026-02-24,640.0,0.0,0.0,0.0,0.85,52800.0,0.0,732.85,742.65,722.85,1.447,2026-02-03 23:02,17508
MARICO,2026-02-24,650.0,98.0,1200.0,0.0,0.9,156000.0,105600.0,732.85,742.65,722.85,1.447,2026-02-03 23:02,14895
MARICO,2026-02-24,660.0,76.15,13200.0,3600.0,1.1,54000.0,4800.0,732.85,742.65,722.85,1.447,2026-02-03 23:02,12441
MARICO,2026-02-24,665.0,0.0,0.0,0.0,0.0,0.0,0.0,732.85,742.65,722.85,1.447,2026-02-03 23:02,11343
MARICO,2026-02-24,670.0,0.0,0.0,0.0,1.35,96000.0,106800.0,732.85,742.65,722.85,1.447,2026-02-03 23:02,10151
MARICO,2026-02-24,675.0,0.0,0.0,0.0,0.0,0.0,0.0,732.85,742.65,722.85,1.447,2026-02-03 23:02,8994
MARICO,2026-02-24,680.0,0.0,0.0,0.0,1.8,141600.0,166800.0,732.85,742.65,722.85,1.447,2026-02-03 23:02,7850
MARICO,2026-02-24,685.0,0.0,0.0,0.0,0.0,0.0,0.0,732.85,742.65,722.85,1.447,2026-02-03 23:02,6751
MARICO,2026-02-24,690.0,35.7,1200.0,0.0,2.55,98400.0,99600.0,732.85,742.65,722.85,1.447,2026-02-03 23:02,5677
MARICO,2026-02-24,695.0,0.0,0.0,0.0,5.35,10800.0,0.0,732.85,742.65,722.85,1.447,2026-02-03 23:02,4633
MARICO,2026-02-24,700.0,37.7,33600.0,28800.0,3.75,366000.0,472800.0,732.85,742.65,722.85,1.447,2026-02-03 23:02,3609
MARICO,2026-02-24,705.0,26.15,3600.0,0.0,4.5,37200.0,37200.0,732.85,742.65,722.85,1.447,2026-02-03 23:02,2780
MARICO,2026-02-24,710.0,19.8,10800.0,0.0,5.55,177600.0,111600.0,732.85,742.65,722.85,1.447,2026-02-03 23:02,1975
MARICO,2026-02-24,715.0,19.8,3600.0,0.0,6.65,60000.0,61200.0,732.85,742.65,722.85,1.447,2026-02-03 23:02,1194
MARICO,2026-02-24,720.0,21.55,229200.0,146400.0,8.25,314400.0,957600.0,732.85,742.65,722.85,1.447,2026-02-03 23:02,489
MARICO,2026-02-24,725.0,17.35,51600.0,140400.0,9.9,82800.0,140400.0,732.85,742.65,722.85,1.447,2026-02-03 23:02,323
MARICO,2026-02-24,730.0,15.7,183600.0,579600.0,12.5,115200.0,105600.0,732.85,742.65,722.85,1.447,2026-02-03 23:02,-1
MARICO,2026-02-24,735.0,13.2,90000.0,190800.0,14.5,110400.0,79200.0,732.85,742.65,722.85,1.447,2026-02-03 23:02,-41
MARICO,2026-02-24,740.0,10.95,301200.0,547200.0,17.3,198000.0,87600.0,732.85,742.65,722.85,1.447,2026-02-03 23:02,-165
MARICO,2026-02-24,745.0,8.7,115200.0,98400.0,20.05,183600.0,7200.0,732.85,742.65,722.85,1.447,2026-02-03 23:02,-12
MARICO,2026-02-24,750.0,7.1,498000.0,688800.0,26.55,244800.0,3600.0,732.85,742.65,722.85,1.447,2026-02-03 23:02,35
MARICO,2026-02-24,755.0,6.0,84000.0,92400.0,31.5,7200.0,2400.0,732.85,742.65,722.85,1.447,2026-02-03 23:02,425
MARICO,2026-02-24,760.0,4.85,303600.0,324000.0,34.6,43200.0,16800.0,732.85,742.65,722.85,1.447,2026-02-03 23:02,1186
MARICO,2026-02-24,765.0,3.9,81600.0,37200.0,32.0,3600.0,1200.0,732.85,742.65,722.85,1.447,2026-02-03 23:02,2090
MARICO,2026-02-24,770.0,3.05,153600.0,170400.0,52.0,66000.0,0.0,732.85,742.65,722.85,1.447,2026-02-03 23:02,3058
MARICO,2026-02-24,775.0,2.6,88800.0,44400.0,43.6,3600.0,0.0,732.85,742.65,722.85,1.447,2026-02-03 23:02,3821
MARICO,2026-02-24,780.0,2.1,222000.0,319200.0,50.0,2400.0,0.0,732.85,742.65,722.85,1.447,2026-02-03 23:02,4933
MARICO,2026-02-24,785.0,1.8,28800.0,8400.0,0.0,0.0,0.0,732.85,742.65,722.85,1.447,2026-02-03 23:02,6184
MARICO,2026-02-24,790.0,1.5,57600.0,43200.0,0.0,0.0,0.0,732.85,742.65,722.85,1.447,2026-02-03 23:02,7420
MARICO,2026-02-24,795.0,1.3,36000.0,10800.0,0.0,0.0,0.0,732.85,742.65,722.85,1.447,2026-02-03 23:02,8689
MARICO,2026-02-24,800.0,1.15,518400.0,349200.0,66.95,38400.0,0.0,732.85,742.65,722.85,1.447,2026-02-03 23:02,9972
MARICO,2026-02-24,805.0,7.25,4800.0,0.0,46.6,7200.0,0.0,732.85,742.65,722.85,1.447,2026-02-03 23:02,11331
MARICO,2026-02-24,810.0,1.0,13200.0,2400.0,0.0,0.0,0.0,732.85,742.65,722.85,1.447,2026-02-03 23:02,12863
MARICO,2026-02-24,815.0,7.4,9600.0,0.0,0.0,0.0,0.0,732.85,742.65,722.85,1.447,2026-02-03 23:02,14433
MARICO,2026-02-24,820.0,0.65,202800.0,22800.0,0.0,0.0,0.0,732.85,742.65,722.85,1.447,2026-02-03 23:02,16014
MARICO,2026-02-24,825.0,1.0,15600.0,0.0,0.0,0.0,0.0,732.85,742.65,722.85,1.447,2026-02-03 23:02,17703
MARICO,2026-02-24,830.0,0.5,126000.0,28800.0,0.0,0.0,0.0,732.85,742.65,722.85,1.447,2026-02-03 23:02,19387
MARICO,2026-02-24,835.0,0.7,8400.0,0.0,0.0,0.0,0.0,732.85,742.65,722.85,1.447,2026-02-03 23:02,21139
MARICO,2026-02-24,840.0,0.4,90000.0,12000.0,0.0,0.0,0.0,732.85,742.65,722.85,1.447,2026-02-03 23:02,22890
MARICO,2026-02-24,850.0,0.4,122400.0,24000.0,0.0,0.0,0.0,732.85,742.65,722.85,1.447,2026-02-03 23:02,26484
MARICO,2026-02-24,860.0,0.5,49200.0,3600.0,0.0,0.0,0.0,732.85,742.65,722.85,1.447,2026-02-03 23:02,30202
MARICO,2026-02-24,870.0,0.35,18000.0,10800.0,0.0,0.0,0.0,732.85,742.65,722.85,1.447,2026-02-03 23:02,33966
MARICO,2026-02-24,880.0,0.35,36000.0,7200.0,0.0,0.0,0.0,732.85,742.65,722.85,1.447,2026-02-03 23:02,37747
MARICO,2026-02-24,890.0,0.15,42000.0,31200.0,0.0,0.0,0.0,732.85,742.65,722.85,1.447,2026-02-03 23:02,41564
MARUTI,2026-02-24,11800.0,0.0,0.0,0.0,6.4,350.0,1500.0,14782.0,15281.0,14482.0,2.767,2026-02-03 23:02,259270
MARUTI,2026-02-24,12000.0,0.0,0.0,0.0,4.4,15450.0,52650.0,14782.0,15281.0,14482.0,2.767,2026-02-03 23:02,233884
MARUTI,2026-02-24,12200.0,2047.9,50.0,0.0,4.5,19250.0,77900.0,14782.0,15281.0,14482.0,2.767,2026-02-03 23:02,208802
MARUTI,2026-02-24,12400.0,0.0,0.0,0.0,5.05,17250.0,15900.0,14782.0,15281.0,14482.0,2.767,2026-02-03 23:02,184113
MARUTI,2026-02-24,12500.0,0.0,0.0,0.0,6.5,33950.0,62200.0,14782.0,15281.0,14482.0,2.767,2026-02-03 23:02,171932
MARUTI,2026-02-24,12600.0,0.0,0.0,0.0,9.0,700.0,2150.0,14782.0,15281.0,14482.0,2.767,2026-02-03 23:02,160077
MARUTI,2026-02-24,12800.0,0.0,0.0,0.0,8.9,50100.0,49700.0,14782.0,15281.0,14482.0,2.767,2026-02-03 23:02,136424
MARUTI,2026-02-24,13000.0,1820.0,50.0,50.0,12.4,89800.0,215450.0,14782.0,15281.0,14482.0,2.767,2026-02-03 23:02,113730
MARUTI,2026-02-24,13100.0,0.0,0.0,0.0,14.85,2650.0,3750.0,14782.0,15281.0,14482.0,2.767,2026-02-03 23:02,103201
MARUTI,2026-02-24,13200.0,0.0,0.0,0.0,15.8,45400.0,95350.0,14782.0,15281.0,14482.0,2.767,2026-02-03 23:02,92797
MARUTI,2026-02-24,13300.0,0.0,0.0,0.0,19.0,5250.0,3250.0,14782.0,15281.0,14482.0,2.767,2026-02-03 23:02,82779
MARUTI,2026-02-24,13400.0,867.4,100.0,0.0,22.25,23150.0,62450.0,14782.0,15281.0,14482.0,2.767,2026-02-03 23:02,72876
MARUTI,2026-02-24,13500.0,951.65,900.0,0.0,26.6,84050.0,201600.0,14782.0,15281.0,14482.0,2.767,2026-02-03 23:02,63172
MARUTI,2026-02-24,13600.0,731.35,150.0,0.0,30.8,19750.0,84500.0,14782.0,15281.0,14482.0,2.767,2026-02-03 23:02,54223
MARUTI,2026-02-24,13700.0,690.7,100.0,0.0,35.6,13900.0,61200.0,14782.0,15281.0,14482.0,2.767,2026-02-03 23:02,45560
MARUTI,2026-02-24,13800.0,1032.3,3300.0,3250.0,43.9,25950.0,121300.0,14782.0,15281.0,14482.0,2.767,2026-02-03 23:02,37045
MARUTI,2026-02-24,13900.0,1050.0,400.0,150.0,54.2,17150.0,68750.0,14782.0,15281.0,14482.0,2.767,2026-02-03 23:02,29092
MARUTI,2026-02-24,14000.0,858.6,19050.0,18700.0,64.05,110600.0,534500.0,14782.0,15281.0,14482.0,2.767,2026-02-03 23:02,21036
MARUTI,2026-02-24,14100.0,765.5,18000.0,6900.0,77.5,21400.0,89100.0,14782.0,15281.0,14482.0,2.767,2026-02-03 23:02,15256
MARUTI,2026-02-24,14200.0,684.45,25700.0,23900.0,89.95,80800.0,287700.0,14782.0,15281.0,14482.0,2.767,2026-02-03 23:02,10154
MARUTI,2026-02-24,14300.0,597.7,121400.0,58400.0,109.25,43950.0,164750.0,14782.0,15281.0,14482.0,2.767,2026-02-03 23:02,5937
MARUTI,2026-02-24,14400.0,509.55,32200.0,93450.0,137.0,46000.0,131750.0,14782.0,15281.0,14482.0,2.767,2026-02-03 23:02,9117
MARUTI,2026-02-24,14500.0,460.0,77350.0,328350.0,168.3,99600.0,440600.0,14782.0,15281.0,14482.0,2.767,2026-02-03 23:02,7314
MARUTI,2026-02-24,14600.0,389.5,53750.0,215100.0,197.35,49950.0,199200.0,14782.0,15281.0,14482.0,2.767,2026-02-03 23:02,8152
MARUTI,2026-02-24,14700.0,337.1,60200.0,461900.0,246.0,32300.0,183700.0,14782.0,15281.0,14482.0,2.767,2026-02-03 23:02,9253
MARUTI,2026-02-24,14800.0,280.0,93150.0,480050.0,286.35,33000.0,198150.0,14782.0,15281.0,14482.0,2.767,2026-02-03 23:02,11406
MARUTI,2026-02-24,14900.0,234.0,168750.0,401450.0,342.3,18450.0,78400.0,14782.0,15281.0,14482.0,2.767,2026-02-03 23:02,15249
MARUTI,2026-02-24,15000.0,198.3,226850.0,1422850.0,398.0,55950.0,199800.0,14782.0,15281.0,14482.0,2.767,2026-02-03 23:02,22617
MARUTI,2026-02-24,15100.0,163.0,61250.0,295050.0,463.9,13600.0,6700.0,14782.0,15281.0,14482.0,2.767,2026-02-03 23:02,31768
MARUTI,2026-02-24,15200.0,138.6,85750.0,440300.0,550.6,21500.0,18100.0,14782.0,15281.0,14482.0,2.767,2026-02-03 23:02,39764
MARUTI,2026-02-24,15300.0,112.0,69750.0,268650.0,607.75,20300.0,3250.0,14782.0,15281.0,14482.0,2.767,2026-02-03 23:02,48469
MARUTI,2026-02-24,15400.0,95.7,54800.0,217950.0,722.1,13650.0,3300.0,14782.0,15281.0,14482.0,2.767,2026-02-03 23:02,57618
MARUTI,2026-02-24,15500.0,79.0,229100.0,1144250.0,771.2,18250.0,27650.0,14782.0,15281.0,14482.0,2.767,2026-02-03 23:02,67442
MARUTI,2026-02-24,15600.0,67.3,54800.0,131350.0,803.85,10750.0,2200.0,14782.0,15281.0,14482.0,2.767,2026-02-03 23:02,80603
MARUTI,2026-02-24,15700.0,57.25,73050.0,166600.0,932.0,13950.0,1100.0,14782.0,15281.0,14482.0,2.767,2026-02-03 23:02,93522
MARUTI,2026-02-24,15800.0,50.0,71550.0,192150.0,1512.75,11500.0,0.0,14782.0,15281.0,14482.0,2.767,2026-02-03 23:02,106925
MARUTI,2026-02-24,15900.0,41.0,39200.0,103550.0,1050.0,2300.0,300.0,14782.0,15281.0,14482.0,2.767,2026-02-03 23:02,120658
MARUTI,2026-02-24,16000.0,38.75,402250.0,958550.0,1251.85,35350.0,6400.0,14782.0,15281.0,14482.0,2.767,2026-02-03 23:02,136107
MARUTI,2026-02-24,16100.0,33.45,25600.0,95650.0,1850.0,5800.0,0.0,14782.0,15281.0,14482.0,2.767,2026-02-03 23:02,153147
MARUTI,2026-02-24,16200.0,28.6,52850.0,163800.0,1313.5,4800.0,150.0,14782.0,15281.0,14482.0,2.767,2026-02-03 23:02,172379
MARUTI,2026-02-24,16300.0,26.15,31850.0,72400.0,1900.0,2300.0,0.0,14782.0,15281.0,14482.0,2.767,2026-02-03 23:02,192697
MARUTI,2026-02-24,16400.0,23.7,25950.0,64550.0,1809.5,1350.0,300.0,14782.0,15281.0,14482.0,2.767,2026-02-03 23:02,213481
MARUTI,2026-02-24,16500.0,20.95,242300.0,433650.0,1706.25,20850.0,900.0,14782.0,15281.0,14482.0,2.767,2026-02-03 23:02,234709
MARUTI,2026-02-24,16600.0,17.2,53500.0,46600.0,1900.0,1100.0,50.0,14782.0,15281.0,14482.0,2.767,2026-02-03 23:02,255702
MARUTI,2026-02-24,16700.0,17.4,34550.0,33050.0,1200.0,1150.0,0.0,14782.0,15281.0,14482.0,2.767,2026-02-03 23:02,280173
MARUTI,2026-02-24,16800.0,14.8,24400.0,31750.0,2164.0,1600.0,0.0,14782.0,15281.0,14482.0,2.767,2026-02-03 23:02,305041
MARUTI,2026-02-24,16900.0,13.1,17400.0,7300.0,1999.0,250.0,0.0,14782.0,15281.0,14482.0,2.767,2026-02-03 23:02,329936
MARUTI,2026-02-24,17000.0,12.75,197450.0,207750.0,2149.9,10800.0,150.0,14782.0,15281.0,14482.0,2.767,2026-02-03 23:02,355291
MARUTI,2026-02-24,17100.0,9.9,6500.0,850.0,2165.7,300.0,0.0,14782.0,15281.0,14482.0,2.767,2026-02-03 23:02,380685
MARUTI,2026-02-24,17200.0,10.95,21900.0,7550.0,1950.0,250.0,0.0,14782.0,15281.0,14482.0,2.767,2026-02-03 23:02,408159
MARUTI,2026-02-24,17300.0,9.6,10900.0,9300.0,1566.0,300.0,0.0,14782.0,15281.0,14482.0,2.767,2026-02-03 23:02,435888
MARUTI,2026-02-24,17400.0,5.7,3450.0,3000.0,0.0,0.0,0.0,14782.0,15281.0,14482.0,2.767,2026-02-03 23:02,463718
MARUTI,2026-02-24,17500.0,8.2,35600.0,40100.0,2387.9,500.0,0.0,14782.0,15281.0,14482.0,2.767,2026-02-03 23:02,491620
MARUTI,2026-02-24,17600.0,6.65,1750.0,1050.0,0.0,0.0,0.0,14782.0,15281.0,14482.0,2.767,2026-02-03 23:02,519792
MARUTI,2026-02-24,17700.0,5.0,2800.0,850.0,0.0,0.0,0.0,14782.0,15281.0,14482.0,2.767,2026-02-03 23:02,548072
MARUTI,2026-02-24,17800.0,5.95,2550.0,800.0,0.0,0.0,0.0,14782.0,15281.0,14482.0,2.767,2026-02-03 23:02,576380
MARUTI,2026-02-24,17900.0,4.6,1650.0,750.0,0.0,0.0,0.0,14782.0,15281.0,14482.0,2.767,2026-02-03 23:02,604714
MARUTI,2026-02-24,18000.0,3.85,39700.0,51300.0,0.0,0.0,0.0,14782.0,15281.0,14482.0,2.767,2026-02-03 23:02,633064
MARUTI,2026-02-24,18100.0,6.45,700.0,0.0,0.0,0.0,0.0,14782.0,15281.0,14482.0,2.767,2026-02-03 23:02,661825
MARUTI,2026-02-24,18200.0,3.0,1900.0,100.0,0.0,0.0,0.0,14782.0,15281.0,14482.0,2.767,2026-02-03 23:02,690579
MARUTI,2026-02-24,18300.0,54.4,250.0,0.0,0.0,0.0,0.0,14782.0,15281.0,14482.0,2.767,2026-02-03 23:02,719351
MARUTI,2026-02-24,18400.0,4.0,600.0,0.0,0.0,0.0,0.0,14782.0,15281.0,14482.0,2.767,2026-02-03 23:02,748127
MARUTI,2026-02-24,18500.0,3.55,6300.0,2650.0,0.0,0.0,0.0,14782.0,15281.0,14482.0,2.767,2026-02-03 23:02,776908
MARUTI,2026-02-24,19000.0,3.7,6050.0,7450.0,3985.0,1000.0,0.0,14782.0,15281.0,14482.0,2.767,2026-02-03 23:02,921128
MARUTI,2026-02-24,19600.0,1.15,250.0,0.0,0.0,0.0,0.0,14782.0,15281.0,14482.0,2.767,2026-02-03 23:02,1094215
MAXHEALTH,2026-02-24,800.0,145.0,525.0,0.0,0.75,8400.0,20475.0,1003.5,1011.05,964.7,4.739,2026-02-03 23:02,36929
MAXHEALTH,2026-02-24,820.0,0.0,0.0,0.0,0.85,15750.0,4725.0,1003.5,1011.05,964.7,4.739,2026-02-03 23:02,31748
MAXHEALTH,2026-02-24,840.0,147.0,525.0,0.0,1.3,36225.0,525.0,1003.5,1011.05,964.7,4.739,2026-02-03 23:02,26590
MAXHEALTH,2026-02-24,850.0,0.0,0.0,0.0,1.5,9975.0,42000.0,1003.5,1011.05,964.7,4.739,2026-02-03 23:02,24051
MAXHEALTH,2026-02-24,860.0,0.0,0.0,0.0,1.9,90825.0,143850.0,1003.5,1011.05,964.7,4.739,2026-02-03 23:02,21518
MAXHEALTH,2026-02-24,870.0,0.0,0.0,0.0,2.0,9450.0,23625.0,1003.5,1011.05,964.7,4.739,2026-02-03 23:02,19060
MAXHEALTH,2026-02-24,880.0,0.0,0.0,0.0,2.55,118650.0,131250.0,1003.5,1011.05,964.7,4.739,2026-02-03 23:02,16627
MAXHEALTH,2026-02-24,890.0,0.0,0.0,0.0,2.9,70350.0,64050.0,1003.5,1011.05,964.7,4.739,2026-02-03 23:02,14284
MAXHEALTH,2026-02-24,900.0,92.0,1050.0,525.0,3.8,163800.0,214725.0,1003.5,1011.05,964.7,4.739,2026-02-03 23:02,12022
MAXHEALTH,2026-02-24,910.0,0.0,0.0,0.0,4.7,36750.0,6300.0,1003.5,1011.05,964.7,4.739,2026-02-03 23:02,9892
MAXHEALTH,2026-02-24,920.0,73.3,28350.0,21000.0,5.3,85575.0,207900.0,1003.5,1011.05,964.7,4.739,2026-02-03 23:02,7834
MAXHEALTH,2026-02-24,930.0,82.95,25200.0,2625.0,7.35,84525.0,156975.0,1003.5,1011.05,964.7,4.739,2026-02-03 23:02,6069
MAXHEALTH,2026-02-24,940.0,74.45,78750.0,32550.0,8.65,272475.0,544950.0,1003.5,1011.05,964.7,4.739,2026-02-03 23:02,4399
MAXHEALTH,2026-02-24,950.0,66.2,47775.0,120750.0,10.25,204750.0,411075.0,1003.5,1011.05,964.7,4.739,2026-02-03 23:02,3284
MAXHEALTH,2026-02-24,960.0,60.7,152250.0,303450.0,12.55,284550.0,483000.0,1003.5,1011.05,964.7,4.739,2026-02-03 23:02,2177
MAXHEALTH,2026-02-24,970.0,51.15,67200.0,151725.0,15.55,109200.0,321825.0,1003.5,1011.05,964.7,4.739,2026-02-03 23:02,1968
MAXHEALTH,2026-02-24,980.0,47.05,161175.0,673575.0,18.4,164325.0,534450.0,1003.5,1011.05,964.7,4.739,2026-02-03 23:02,1542
MAXHEALTH,2026-02-24,990.0,40.0,69825.0,436275.0,22.2,97125.0,317100.0,1003.5,1011.05,964.7,4.739,2026-02-03 23:02,1723
MAXHEALTH,2026-02-24,1000.0,34.5,745500.0,2345700.0,26.4,250950.0,504000.0,1003.5,1011.05,964.7,4.739,2026-02-03 23:02,1679
MAXHEALTH,2026-02-24,1010.0,30.0,104475.0,415275.0,31.8,29925.0,215775.0,1003.5,1011.05,964.7,4.739,2026-02-03 23:02,4477
MAXHEALTH,2026-02-24,1020.0,25.3,193200.0,894075.0,37.5,32550.0,82950.0,1003.5,1011.05,964.7,4.739,2026-02-03 23:02,5719
MAXHEALTH,2026-02-24,1030.0,22.4,55650.0,228900.0,66.35,7350.0,0.0,1003.5,1011.05,964.7,4.739,2026-02-03 23:02,7335
MAXHEALTH,2026-02-24,1040.0,18.0,225225.0,399000.0,49.65,69825.0,118650.0,1003.5,1011.05,964.7,4.739,2026-02-03 23:02,8722
MAXHEALTH,2026-02-24,1050.0,14.65,203700.0,513975.0,77.1,6300.0,0.0,1003.5,1011.05,964.7,4.739,2026-02-03 23:02,10388
MAXHEALTH,2026-02-24,1060.0,12.25,38325.0,180600.0,114.55,23100.0,0.0,1003.5,1011.05,964.7,4.739,2026-02-03 23:02,12455
MAXHEALTH,2026-02-24,1070.0,9.6,23625.0,45150.0,0.0,0.0,0.0,1003.5,1011.05,964.7,4.739,2026-02-03 23:02,14116
MAXHEALTH,2026-02-24,1080.0,8.6,102900.0,99225.0,98.0,3150.0,0.0,1003.5,1011.05,964.7,4.739,2026-02-03 23:02,16041
MAXHEALTH,2026-02-24,1090.0,0.0,0.0,0.0,116.45,11025.0,0.0,1003.5,1011.05,964.7,4.739,2026-02-03 23:02,18106
MAXHEALTH,2026-02-24,1100.0,5.95,217350.0,426825.0,99.0,109200.0,12075.0,1003.5,1011.05,964.7,4.739,2026-02-03 23:02,19997
MAXHEALTH,2026-02-24,1110.0,4.85,11025.0,19950.0,0.0,0.0,0.0,1003.5,1011.05,964.7,4.739,2026-02-03 23:02,21391
MAXHEALTH,2026-02-24,1120.0,4.0,47250.0,96600.0,141.0,3675.0,0.0,1003.5,1011.05,964.7,4.739,2026-02-03 23:02,23753
MAXHEALTH,2026-02-24,1130.0,1.5,7875.0,0.0,125.0,525.0,0.0,1003.5,1011.05,964.7,4.739,2026-02-03 23:02,26128
MAXHEALTH,2026-02-24,1140.0,2.9,24150.0,37800.0,140.0,525.0,0.0,1003.5,1011.05,964.7,4.739,2026-02-03 23:02,28539
MAXHEALTH,2026-02-24,1150.0,16.65,1050.0,0.0,0.0,0.0,0.0,1003.5,1011.05,964.7,4.739,2026-02-03 23:02,30979
MAXHEALTH,2026-02-24,1160.0,2.1,61950.0,35175.0,187.0,12600.0,0.0,1003.5,1011.05,964.7,4.739,2026-02-03 23:02,33422
MAXHEALTH,2026-02-24,1180.0,0.0,0.0,0.0,178.5,5250.0,0.0,1003.5,1011.05,964.7,4.739,2026-02-03 23:02,38233
MAXHEALTH,2026-02-24,1200.0,0.7,10500.0,5250.0,195.0,172725.0,22050.0,1003.5,1011.05,964.7,4.739,2026-02-03 23:02,43182
MAXHEALTH,2026-02-24,1220.0,0.0,0.0,0.0,215.0,1575.0,0.0,1003.5,1011.05,964.7,4.739,2026-02-03 23:02,45224
MAXHEALTH,2026-02-24,1240.0,1.2,525.0,0.0,0.0,0.0,0.0,1003.5,1011.05,964.7,4.739,2026-02-03 23:02,50603
MCX,2026-02-24,1280.0,0.0,0.0,0.0,0.0,0.0,0.0,2434.1,2553.9,2391.0,4.837,2026-02-03 23:02,772673
MCX,2026-02-24,1320.0,0.0,0.0,0.0,0.0,0.0,0.0,2434.1,2553.9,2391.0,4.837,2026-02-03 23:02,736118
MCX,2026-02-24,1360.0,0.0,0.0,0.0,0.0,0.0,0.0,2434.1,2553.9,2391.0,4.837,2026-02-03 23:02,699563
MCX,2026-02-24,1400.0,0.0,0.0,0.0,0.0,0.0,0.0,2434.1,2553.9,2391.0,4.837,2026-02-03 23:02,663008
MCX,2026-02-24,1440.0,0.0,0.0,0.0,0.0,0.0,0.0,2434.1,2553.9,2391.0,4.837,2026-02-03 23:02,626453
MCX,2026-02-24,1480.0,0.0,0.0,0.0,0.0,0.0,0.0,2434.1,2553.9,2391.0,4.837,2026-02-03 23:02,589898
MCX,2026-02-24,1520.0,0.0,0.0,0.0,0.0,0.0,0.0,2434.1,2553.9,2391.0,4.837,2026-02-03 23:02,553343
MCX,2026-02-24,1560.0,0.05,0.0,0.0,887.3,0.0,0.0,2434.1,2553.9,2391.0,4.837,2026-02-03 23:02,516788
MCX,2026-02-24,1580.0,0.0,0.0,0.0,0.0,0.0,0.0,2434.1,2553.9,2391.0,4.837,2026-02-03 23:02,498510
MCX,2026-02-24,1600.0,0.1,0.0,0.0,925.4,0.0,0.0,2434.1,2553.9,2391.0,4.837,2026-02-03 23:02,480233
MCX,2026-02-24,1620.0,0.0,0.0,0.0,0.0,0.0,0.0,2434.1,2553.9,2391.0,4.837,2026-02-03 23:02,461955
MCX,2026-02-24,1640.0,0.0,0.0,0.0,0.0,0.0,0.0,2434.1,2553.9,2391.0,4.837,2026-02-03 23:02,443678
MCX,2026-02-24,1660.0,0.0,0.0,0.0,0.0,0.0,0.0,2434.1,2553.9,2391.0,4.837,2026-02-03 23:02,425400
MCX,2026-02-24,1680.0,1853.4,0.0,0.0,3.55,198125.0,152500.0,2434.1,2553.9,2391.0,4.837,2026-02-03 23:02,407123
MCX,2026-02-24,1700.0,0.0,0.0,0.0,0.0,0.0,0.0,2434.1,2553.9,2391.0,4.837,2026-02-03 23:02,389171
MCX,2026-02-24,1720.0,1709.9,0.0,0.0,313.3,0.0,0.0,2434.1,2553.9,2391.0,4.837,2026-02-03 23:02,371290
MCX,2026-02-24,1740.0,0.0,0.0,0.0,0.0,0.0,0.0,2434.1,2553.9,2391.0,4.837,2026-02-03 23:02,353409
MCX,2026-02-24,1760.0,1573.25,0.0,0.0,373.65,0.0,0.0,2434.1,2553.9,2391.0,4.837,2026-02-03 23:02,335527
MCX,2026-02-24,1780.0,0.0,0.0,0.0,0.0,0.0,0.0,2434.1,2553.9,2391.0,4.837,2026-02-03 23:02,317646
MCX,2026-02-24,1800.0,0.0,0.0,0.0,5.15,285625.0,643750.0,2434.1,2553.9,2391.0,4.837,2026-02-03 23:02,299765
MCX,2026-02-24,1820.0,0.0,0.0,0.0,0.0,0.0,0.0,2434.1,2553.9,2391.0,4.837,2026-02-03 23:02,282308
MCX,2026-02-24,1840.0,0.0,0.0,0.0,6.75,27500.0,38750.0,2434.1,2553.9,2391.0,4.837,2026-02-03 23:02,264998
MCX,2026-02-24,1860.0,0.0,0.0,0.0,7.5,23750.0,32500.0,2434.1,2553.9,2391.0,4.837,2026-02-03 23:02,247724
MCX,2026-02-24,1880.0,540.0,20625.0,1875.0,7.2,110625.0,178125.0,2434.1,2553.9,2391.0,4.837,2026-02-03 23:02,230499
MCX,2026-02-24,1900.0,0.0,0.0,0.0,7.7,171875.0,343750.0,2434.1,2553.9,2391.0,4.837,2026-02-03 23:02,214588
MCX,2026-02-24,1920.0,410.0,2500.0,0.0,9.0,97500.0,395625.0,2434.1,2553.9,2391.0,4.837,2026-02-03 23:02,197854
MCX,2026-02-24,1940.0,270.55,625.0,0.0,9.85,18125.0,36875.0,2434.1,2553.9,2391.0,4.837,2026-02-03 23:02,181468
MCX,2026-02-24,1960.0,445.0,5000.0,0.0,10.7,100000.0,169375.0,2434.1,2553.9,2391.0,4.837,2026-02-03 23:02,165103
MCX,2026-02-24,1980.0,300.0,1250.0,0.0,11.3,36250.0,67500.0,2434.1,2553.9,2391.0,4.837,2026-02-03 23:02,149065
MCX,2026-02-24,2000.0,450.0,57500.0,41250.0,12.85,700625.0,1203125.0,2434.1,2553.9,2391.0,4.837,2026-02-03 23:02,132983
MCX,2026-02-24,2020.0,401.05,1250.0,0.0,13.95,32500.0,71250.0,2434.1,2553.9,2391.0,4.837,2026-02-03 23:02,120107
MCX,2026-02-24,2040.0,269.0,3750.0,0.0,15.25,58125.0,95625.0,2434.1,2553.9,2391.0,4.837,2026-02-03 23:02,105617
MCX,2026-02-24,2060.0,338.0,1250.0,0.0,16.8,71250.0,52500.0,2434.1,2553.9,2391.0,4.837,2026-02-03 23:02,91258
MCX,2026-02-24,2080.0,246.55,15625.0,0.0,18.1,65000.0,121250.0,2434.1,2553.9,2391.0,4.837,2026-02-03 23:02,76954
MCX,2026-02-24,2100.0,365.0,100625.0,73750.0,19.45,566875.0,1513125.0,2434.1,2553.9,2391.0,4.837,2026-02-03 23:02,63157
MCX,2026-02-24,2120.0,250.0,23750.0,0.0,22.8,75000.0,41250.0,2434.1,2553.9,2391.0,4.837,2026-02-03 23:02,52997
MCX,2026-02-24,2140.0,331.0,18750.0,2500.0,23.6,118125.0,143125.0,2434.1,2553.9,2391.0,4.837,2026-02-03 23:02,40887
MCX,2026-02-24,2160.0,316.85,106875.0,50625.0,26.55,98125.0,253125.0,2434.1,2553.9,2391.0,4.837,2026-02-03 23:02,28971
MCX,2026-02-24,2180.0,291.5,62500.0,15625.0,30.0,111875.0,200625.0,2434.1,2553.9,2391.0,4.837,2026-02-03 23:02,20248
MCX,2026-02-24,2200.0,282.0,691250.0,626250.0,32.65,1107500.0,2002500.0,2434.1,2553.9,2391.0,4.837,2026-02-03 23:02,10234
MCX,2026-02-24,2220.0,264.55,53750.0,55625.0,35.9,126875.0,172500.0,2434.1,2553.9,2391.0,4.837,2026-02-03 23:02,18209
MCX,2026-02-24,2240.0,251.0,160625.0,170000.0,40.0,196250.0,243750.0,2434.1,2553.9,2391.0,4.837,2026-02-03 23:02,11634
MCX,2026-02-24,2260.0,235.35,140000.0,121875.0,44.85,114375.0,347500.0,2434.1,2553.9,2391.0,4.837,2026-02-03 23:02,8053
MCX,2026-02-24,2280.0,218.15,121250.0,87500.0,50.0,174375.0,233750.0,2434.1,2553.9,2391.0,4.837,2026-02-03 23:02,4516
MCX,2026-02-24,2300.0,204.0,587500.0,1255000.0,54.7,576250.0,1481875.0,2434.1,2553.9,2391.0,4.837,2026-02-03 23:02,562
MCX,2026-02-24,2320.0,190.0,46250.0,136250.0,60.1,86250.0,211250.0,2434.1,2553.9,2391.0,4.837,2026-02-03 23:02,5995
MCX,2026-02-24,2340.0,175.8,86875.0,159375.0,67.8,117500.0,176875.0,2434.1,2553.9,2391.0,4.837,2026-02-03 23:02,3220
MCX,2026-02-24,2360.0,165.3,58125.0,270000.0,74.85,98125.0,288125.0,2434.1,2553.9,2391.0,4.837,2026-02-03 23:02,1225
MCX,2026-02-24,2380.0,152.25,85625.0,207500.0,82.8,105000.0,290000.0,2434.1,2553.9,2391.0,4.837,2026-02-03 23:02,-962
MCX,2026-02-24,2400.0,142.2,1023125.0,3233750.0,89.0,1036875.0,2513125.0,2434.1,2553.9,2391.0,4.837,2026-02-03 23:02,-2560
MCX,2026-02-24,2420.0,129.05,89375.0,916875.0,99.0,148125.0,618750.0,2434.1,2553.9,2391.0,4.837,2026-02-03 23:02,4847
MCX,2026-02-24,2440.0,120.45,186875.0,1035000.0,109.95,105000.0,612500.0,2434.1,2553.9,2391.0,4.837,2026-02-03 23:02,7097
MCX,2026-02-24,2460.0,110.5,146875.0,760625.0,118.0,76250.0,175625.0,2434.1,2553.9,2391.0,4.837,2026-02-03 23:02,11339
MCX,2026-02-24,2480.0,101.4,108125.0,558125.0,129.15,82500.0,287500.0,2434.1,2553.9,2391.0,4.837,2026-02-03 23:02,15655
MCX,2026-02-24,2500.0,92.85,1558125.0,5976250.0,139.85,716250.0,1611875.0,2434.1,2553.9,2391.0,4.837,2026-02-03 23:02,19660
MCX,2026-02-24,2520.0,84.5,153125.0,565000.0,154.7,122500.0,20000.0,2434.1,2553.9,2391.0,4.837,2026-02-03 23:02,32633
MCX,2026-02-24,2540.0,76.7,136875.0,388125.0,165.6,140625.0,109375.0,2434.1,2553.9,2391.0,4.837,2026-02-03 23:02,41105
MCX,2026-02-24,2560.0,70.7,228750.0,485625.0,180.25,75625.0,21875.0,2434.1,2553.9,2391.0,4.837,2026-02-03 23:02,49455
MCX,2026-02-24,2580.0,64.45,151250.0,229375.0,223.25,55625.0,16875.0,2434.1,2553.9,2391.0,4.837,2026-02-03 23:02,59947
MCX,2026-02-24,2600.0,58.1,1780000.0,4846250.0,207.0,395625.0,243750.0,2434.1,2553.9,2391.0,4.837,2026-02-03 23:02,70331
MCX,2026-02-24,2620.0,53.45,140000.0,395625.0,225.5,53125.0,15625.0,2434.1,2553.9,2391.0,4.837,2026-02-03 23:02,87486
MCX,2026-02-24,2640.0,48.6,182500.0,303125.0,242.45,78750.0,22500.0,2434.1,2553.9,2391.0,4.837,2026-02-03 23:02,102425
MCX,2026-02-24,2660.0,44.5,171875.0,273125.0,263.85,48125.0,5000.0,2434.1,2553.9,2391.0,4.837,2026-02-03 23:02,117314
MCX,2026-02-24,2680.0,38.6,191250.0,218125.0,431.25,90625.0,0.0,2434.1,2553.9,2391.0,4.837,2026-02-03 23:02,133160
MCX,2026-02-24,2700.0,36.5,1225625.0,3151250.0,286.05,170000.0,26875.0,2434.1,2553.9,2391.0,4.837,2026-02-03 23:02,146905
MCX,2026-02-24,2720.0,33.55,152500.0,155000.0,505.4,21875.0,0.0,2434.1,2553.9,2391.0,4.837,2026-02-03 23:02,166222
MCX,2026-02-24,2740.0,30.05,119375.0,173125.0,515.5,8125.0,0.0,2434.1,2553.9,2391.0,4.837,2026-02-03 23:02,185683
MCX,2026-02-24,2760.0,27.35,208125.0,290000.0,216.0,11250.0,0.0,2434.1,2553.9,2391.0,4.837,2026-02-03 23:02,205933
MCX,2026-02-24,2780.0,25.45,68750.0,51875.0,164.55,9375.0,0.0,2434.1,2553.9,2391.0,4.837,2026-02-03 23:02,227008
MCX,2026-02-24,2800.0,22.7,958750.0,2234375.0,375.4,23125.0,2500.0,2434.1,2553.9,2391.0,4.837,2026-02-03 23:02,247934
MCX,2026-02-24,2820.0,20.5,37500.0,56250.0,0.0,0.0,0.0,2434.1,2553.9,2391.0,4.837,2026-02-03 23:02,272111
MCX,2026-02-24,2840.0,19.0,85625.0,81250.0,0.0,0.0,0.0,2434.1,2553.9,2391.0,4.837,2026-02-03 23:02,295131
MCX,2026-02-24,2860.0,17.25,46875.0,20000.0,0.0,0.0,0.0,2434.1,2553.9,2391.0,4.837,2026-02-03 23:02,318409
MCX,2026-02-24,2880.0,15.85,23125.0,41250.0,0.0,0.0,0.0,2434.1,2553.9,2391.0,4.837,2026-02-03 23:02,341698
MCX,2026-02-24,2900.0,14.0,592500.0,1030000.0,0.0,0.0,0.0,2434.1,2553.9,2391.0,4.837,2026-02-03 23:02,364990
MCX,2026-02-24,2920.0,12.55,200000.0,216875.0,0.0,0.0,0.0,2434.1,2553.9,2391.0,4.837,2026-02-03 23:02,390260
MCX,2026-02-24,2940.0,0.0,0.0,0.0,0.0,0.0,0.0,2434.1,2553.9,2391.0,4.837,2026-02-03 23:02,415351
MCX,2026-02-24,2960.0,10.45,65625.0,72500.0,0.0,0.0,0.0,2434.1,2553.9,2391.0,4.837,2026-02-03 23:02,440191
MCX,2026-02-24,2980.0,0.0,0.0,0.0,0.0,0.0,0.0,2434.1,2553.9,2391.0,4.837,2026-02-03 23:02,465230
MCX,2026-02-24,3000.0,8.75,604375.0,1016250.0,0.0,0.0,0.0,2434.1,2553.9,2391.0,4.837,2026-02-03 23:02,490202
MCX,2026-02-24,3020.0,0.0,0.0,0.0,0.0,0.0,0.0,2434.1,2553.9,2391.0,4.837,2026-02-03 23:02,516911
MCX,2026-02-24,3040.0,0.0,0.0,0.0,0.0,0.0,0.0,2434.1,2553.9,2391.0,4.837,2026-02-03 23:02,543091
MCX,2026-02-24,3060.0,0.0,0.0,0.0,0.0,0.0,0.0,2434.1,2553.9,2391.0,4.837,2026-02-03 23:02,569271
MCX,2026-02-24,3080.0,0.0,0.0,0.0,0.0,0.0,0.0,2434.1,2553.9,2391.0,4.837,2026-02-03 23:02,595451
MCX,2026-02-24,3100.0,0.0,0.0,0.0,0.0,0.0,0.0,2434.1,2553.9,2391.0,4.837,2026-02-03 23:02,621631
MCX,2026-02-24,3120.0,0.0,0.0,0.0,0.0,0.0,0.0,2434.1,2553.9,2391.0,4.837,2026-02-03 23:02,647811
MCX,2026-02-24,3140.0,0.0,0.0,0.0,0.0,0.0,0.0,2434.1,2553.9,2391.0,4.837,2026-02-03 23:02,673991
MCX,2026-02-24,3160.0,19.7,0.0,0.0,0.05,0.0,0.0,2434.1,2553.9,2391.0,4.837,2026-02-03 23:02,700171
MCX,2026-02-24,3180.0,0.0,0.0,0.0,0.0,0.0,0.0,2434.1,2553.9,2391.0,4.837,2026-02-03 23:02,726351
MCX,2026-02-24,3200.0,0.0,0.0,0.0,0.1,0.0,0.0,2434.1,2553.9,2391.0,4.837,2026-02-03 23:02,752531
MCX,2026-02-24,3220.0,0.0,0.0,0.0,0.0,0.0,0.0,2434.1,2553.9,2391.0,4.837,2026-02-03 23:02,778711
MCX,2026-02-24,3240.0,0.0,0.0,0.0,0.0,0.0,0.0,2434.1,2553.9,2391.0,4.837,2026-02-03 23:02,804891
MCX,2026-02-24,3260.0,0.0,0.0,0.0,119.05,0.0,0.0,2434.1,2553.9,2391.0,4.837,2026-02-03 23:02,831071
MCX,2026-02-24,3280.0,0.0,0.0,0.0,0.0,0.0,0.0,2434.1,2553.9,2391.0,4.837,2026-02-03 23:02,857251
MCX,2026-02-24,3300.0,0.0,0.0,0.0,0.0,0.0,0.0,2434.1,2553.9,2391.0,4.837,2026-02-03 23:02,883431
MCX,2026-02-24,3320.0,0.0,0.0,0.0,0.0,0.0,0.0,2434.1,2553.9,2391.0,4.837,2026-02-03 23:02,909611
MCX,2026-02-24,3340.0,0.0,0.0,0.0,0.0,0.0,0.0,2434.1,2553.9,2391.0,4.837,2026-02-03 23:02,935791
MCX,2026-02-24,3360.0,0.0,0.0,0.0,0.0,0.0,0.0,2434.1,2553.9,2391.0,4.837,2026-02-03 23:02,961971
MCX,2026-02-24,3400.0,0.0,0.0,0.0,0.0,0.0,0.0,2434.1,2553.9,2391.0,4.837,2026-02-03 23:02,1014331
MCX,2026-02-24,3440.0,0.05,0.0,0.0,0.0,0.0,0.0,2434.1,2553.9,2391.0,4.837,2026-02-03 23:02,1066691
MCX,2026-02-24,3480.0,0.0,0.0,0.0,0.0,0.0,0.0,2434.1,2553.9,2391.0,4.837,2026-02-03 23:02,1119051
MCX,2026-02-24,3520.0,0.0,0.0,0.0,0.0,0.0,0.0,2434.1,2553.9,2391.0,4.837,2026-02-03 23:02,1171411
MCX,2026-02-24,3560.0,0.0,0.0,0.0,0.05,0.0,0.0,2434.1,2553.9,2391.0,4.837,2026-02-03 23:02,1223771
MCX,2026-02-24,3600.0,0.0,0.0,0.0,0.0,0.0,0.0,2434.1,2553.9,2391.0,4.837,2026-02-03 23:02,1276131
MCX,2026-02-24,3640.0,0.0,0.0,0.0,0.0,0.0,0.0,2434.1,2553.9,2391.0,4.837,2026-02-03 23:02,1328491
MFSL,2026-02-24,1360.0,268.2,3200.0,0.0,0.0,0.0,0.0,1674.7,1684.6,1654.7,2.016,2026-02-03 23:02,10067
MFSL,2026-02-24,1400.0,0.0,0.0,0.0,4.9,29600.0,0.0,1674.7,1684.6,1654.7,2.016,2026-02-03 23:02,7251
MFSL,2026-02-24,1420.0,0.0,0.0,0.0,0.0,0.0,0.0,1674.7,1684.6,1654.7,2.016,2026-02-03 23:02,5844
MFSL,2026-02-24,1440.0,0.0,0.0,0.0,2.0,7600.0,2800.0,1674.7,1684.6,1654.7,2.016,2026-02-03 23:02,4452
MFSL,2026-02-24,1460.0,0.0,0.0,0.0,4.35,50000.0,400.0,1674.7,1684.6,1654.7,2.016,2026-02-03 23:02,3074
MFSL,2026-02-24,1480.0,0.0,0.0,0.0,8.45,6000.0,0.0,1674.7,1684.6,1654.7,2.016,2026-02-03 23:02,1775
MFSL,2026-02-24,1500.0,160.1,2400.0,0.0,5.15,53600.0,36000.0,1674.7,1684.6,1654.7,2.016,2026-02-03 23:02,505
MFSL,2026-02-24,1520.0,101.95,800.0,0.0,10.25,6800.0,0.0,1674.7,1684.6,1654.7,2.016,2026-02-03 23:02,-636
MFSL,2026-02-24,1540.0,107.1,3200.0,0.0,8.9,238000.0,28800.0,1674.7,1684.6,1654.7,2.016,2026-02-03 23:02,-1772
MFSL,2026-02-24,1560.0,104.05,8000.0,0.0,11.55,54400.0,83600.0,1674.7,1684.6,1654.7,2.016,2026-02-03 23:02,-2605
MFSL,2026-02-24,1580.0,89.25,8800.0,0.0,15.7,16000.0,5600.0,1674.7,1684.6,1654.7,2.016,2026-02-03 23:02,-3115
MFSL,2026-02-24,1600.0,95.0,208400.0,20000.0,20.15,109600.0,96400.0,1674.7,1684.6,1654.7,2.016,2026-02-03 23:02,-3542
MFSL,2026-02-24,1620.0,83.5,15600.0,8800.0,25.55,31200.0,10000.0,1674.7,1684.6,1654.7,2.016,2026-02-03 23:02,-1628
MFSL,2026-02-24,1640.0,71.35,57200.0,223200.0,32.65,47600.0,27200.0,1674.7,1684.6,1654.7,2.016,2026-02-03 23:02,-1329
MFSL,2026-02-24,1660.0,60.0,12800.0,27600.0,40.75,24000.0,49200.0,1674.7,1684.6,1654.7,2.016,2026-02-03 23:02,-618
MFSL,2026-02-24,1680.0,46.9,48400.0,172800.0,51.05,21600.0,31200.0,1674.7,1684.6,1654.7,2.016,2026-02-03 23:02,-107
MFSL,2026-02-24,1700.0,38.2,290400.0,427200.0,60.65,21200.0,20800.0,1674.7,1684.6,1654.7,2.016,2026-02-03 23:02,681
MFSL,2026-02-24,1720.0,31.5,7200.0,16400.0,95.2,6400.0,0.0,1674.7,1684.6,1654.7,2.016,2026-02-03 23:02,2957
MFSL,2026-02-24,1740.0,24.75,50800.0,91200.0,110.4,1600.0,0.0,1674.7,1684.6,1654.7,2.016,2026-02-03 23:02,4241
MFSL,2026-02-24,1760.0,19.0,15600.0,11600.0,82.0,2000.0,0.0,1674.7,1684.6,1654.7,2.016,2026-02-03 23:02,5777
MFSL,2026-02-24,1780.0,14.6,24800.0,17200.0,0.0,0.0,0.0,1674.7,1684.6,1654.7,2.016,2026-02-03 23:02,7252
MFSL,2026-02-24,1800.0,11.5,78800.0,124400.0,125.0,800.0,1200.0,1674.7,1684.6,1654.7,2.016,2026-02-03 23:02,8800
MFSL,2026-02-24,1820.0,9.25,13200.0,17200.0,0.0,0.0,0.0,1674.7,1684.6,1654.7,2.016,2026-02-03 23:02,10552
MFSL,2026-02-24,1840.0,7.3,36800.0,29600.0,236.65,800.0,0.0,1674.7,1684.6,1654.7,2.016,2026-02-03 23:02,12262
MFSL,2026-02-24,1860.0,21.0,800.0,0.0,0.0,0.0,0.0,1674.7,1684.6,1654.7,2.016,2026-02-03 23:02,14043
MFSL,2026-02-24,1880.0,4.7,20800.0,11200.0,0.0,0.0,0.0,1674.7,1684.6,1654.7,2.016,2026-02-03 23:02,15819
MFSL,2026-02-24,1900.0,4.0,400.0,400.0,0.0,0.0,0.0,1674.7,1684.6,1654.7,2.016,2026-02-03 23:02,17645
MFSL,2026-02-24,1920.0,4.6,3600.0,0.0,0.0,0.0,0.0,1674.7,1684.6,1654.7,2.016,2026-02-03 23:02,19462
MFSL,2026-02-24,1960.0,12.05,800.0,0.0,0.0,0.0,0.0,1674.7,1684.6,1654.7,2.016,2026-02-03 23:02,23111
MPHASIS,2026-02-24,2400.0,376.0,2200.0,0.0,2.45,60225.0,6600.0,2819.3,2975.0,2811.1,2.097,2026-02-03 23:02,9684
MPHASIS,2026-02-24,2450.0,0.0,0.0,0.0,7.65,275.0,0.0,2819.3,2975.0,2811.1,2.097,2026-02-03 23:02,7651
MPHASIS,2026-02-24,2500.0,0.0,0.0,0.0,5.5,39325.0,43175.0,2819.3,2975.0,2811.1,2.097,2026-02-03 23:02,5551
MPHASIS,2026-02-24,2550.0,0.0,0.0,0.0,8.55,23925.0,13750.0,2819.3,2975.0,2811.1,2.097,2026-02-03 23:02,3626
MPHASIS,2026-02-24,2600.0,224.8,2750.0,0.0,13.3,68750.0,62150.0,2819.3,2975.0,2811.1,2.097,2026-02-03 23:02,1822
MPHASIS,2026-02-24,2650.0,206.25,4675.0,1100.0,21.1,28875.0,20900.0,2819.3,2975.0,2811.1,2.097,2026-02-03 23:02,367
MPHASIS,2026-02-24,2700.0,150.65,50600.0,5775.0,33.25,66825.0,103675.0,2819.3,2975.0,2811.1,2.097,2026-02-03 23:02,-855
MPHASIS,2026-02-24,2750.0,129.6,27775.0,7150.0,47.95,68475.0,45375.0,2819.3,2975.0,2811.1,2.097,2026-02-03 23:02,-986
MPHASIS,2026-02-24,2800.0,92.0,82775.0,265100.0,65.75,67100.0,79475.0,2819.3,2975.0,2811.1,2.097,2026-02-03 23:02,-1144
MPHASIS,2026-02-24,2850.0,66.6,57200.0,130075.0,91.75,15950.0,17050.0,2819.3,2975.0,2811.1,2.097,2026-02-03 23:02,-264
MPHASIS,2026-02-24,2900.0,48.35,73700.0,175725.0,122.1,24475.0,34925.0,2819.3,2975.0,2811.1,2.097,2026-02-03 23:02,895
MPHASIS,2026-02-24,2950.0,32.85,37675.0,35750.0,135.85,6325.0,8525.0,2819.3,2975.0,2811.1,2.097,2026-02-03 23:02,2369
MPHASIS,2026-02-24,3000.0,23.2,97350.0,258225.0,196.0,8800.0,2475.0,2819.3,2975.0,2811.1,2.097,2026-02-03 23:02,4043
MPHASIS,2026-02-24,3050.0,16.2,19250.0,9350.0,0.0,0.0,0.0,2819.3,2975.0,2811.1,2.097,2026-02-03 23:02,6263
MPHASIS,2026-02-24,3100.0,10.45,37675.0,63525.0,320.0,1650.0,0.0,2819.3,2975.0,2811.1,2.097,2026-02-03 23:02,8558
MPHASIS,2026-02-24,3150.0,10.0,2200.0,3300.0,0.0,0.0,0.0,2819.3,2975.0,2811.1,2.097,2026-02-03 23:02,11004
MPHASIS,2026-02-24,3200.0,4.35,84425.0,87175.0,0.0,0.0,0.0,2819.3,2975.0,2811.1,2.097,2026-02-03 23:02,13477
MPHASIS,2026-02-24,3250.0,3.0,26950.0,275.0,0.0,0.0,0.0,2819.3,2975.0,2811.1,2.097,2026-02-03 23:02,16407
MPHASIS,2026-02-24,3300.0,5.0,2750.0,0.0,509.0,1650.0,0.0,2819.3,2975.0,2811.1,2.097,2026-02-03 23:02,19443
MPHASIS,2026-02-24,3400.0,1.9,11825.0,3300.0,0.0,0.0,0.0,2819.3,2975.0,2811.1,2.097,2026-02-03 23:02,25460
MOTHERSON,2026-02-24,58.0,0.0,0.0,0.0,0.0,0.0,0.0,121.32,125.49,119.29,6.337,2026-02-03 23:02,134433
MOTHERSON,2026-02-24,60.0,0.0,0.0,0.0,0.0,0.0,0.0,121.32,125.49,119.29,6.337,2026-02-03 23:02,128490
MOTHERSON,2026-02-24,62.0,0.0,0.0,0.0,0.0,0.0,0.0,121.32,125.49,119.29,6.337,2026-02-03 23:02,122546
MOTHERSON,2026-02-24,64.0,0.0,0.0,0.0,0.0,0.0,0.0,121.32,125.49,119.29,6.337,2026-02-03 23:02,116603
MOTHERSON,2026-02-24,66.0,0.0,0.0,0.0,0.0,0.0,0.0,121.32,125.49,119.29,6.337,2026-02-03 23:02,110660
MOTHERSON,2026-02-24,68.0,0.0,0.0,0.0,0.0,0.0,0.0,121.32,125.49,119.29,6.337,2026-02-03 23:02,104716
MOTHERSON,2026-02-24,70.0,0.0,0.0,0.0,0.0,0.0,0.0,121.32,125.49,119.29,6.337,2026-02-03 23:02,98773
MOTHERSON,2026-02-24,72.0,0.0,0.0,0.0,0.0,0.0,0.0,121.32,125.49,119.29,6.337,2026-02-03 23:02,92830
MOTHERSON,2026-02-24,74.0,0.0,0.0,0.0,0.0,0.0,0.0,121.32,125.49,119.29,6.337,2026-02-03 23:02,86886
MOTHERSON,2026-02-24,75.0,0.0,0.0,0.0,0.0,0.0,0.0,121.32,125.49,119.29,6.337,2026-02-03 23:02,83914
MOTHERSON,2026-02-24,76.0,0.0,0.0,0.0,0.0,0.0,0.0,121.32,125.49,119.29,6.337,2026-02-03 23:02,80943
MOTHERSON,2026-02-24,77.0,0.0,0.0,0.0,0.0,0.0,0.0,121.32,125.49,119.29,6.337,2026-02-03 23:02,77971
MOTHERSON,2026-02-24,78.0,0.0,0.0,0.0,0.0,0.0,0.0,121.32,125.49,119.29,6.337,2026-02-03 23:02,74999
MOTHERSON,2026-02-24,79.0,0.0,0.0,0.0,0.0,0.0,0.0,121.32,125.49,119.29,6.337,2026-02-03 23:02,72028
MOTHERSON,2026-02-24,80.0,0.0,0.0,0.0,0.0,0.0,0.0,121.32,125.49,119.29,6.337,2026-02-03 23:02,69056
MOTHERSON,2026-02-24,81.0,0.0,0.0,0.0,0.0,0.0,0.0,121.32,125.49,119.29,6.337,2026-02-03 23:02,66084
MOTHERSON,2026-02-24,82.0,0.0,0.0,0.0,0.0,0.0,0.0,121.32,125.49,119.29,6.337,2026-02-03 23:02,63113
MOTHERSON,2026-02-24,83.0,0.0,0.0,0.0,0.0,0.0,0.0,121.32,125.49,119.29,6.337,2026-02-03 23:02,60141
MOTHERSON,2026-02-24,84.0,0.0,0.0,0.0,0.0,0.0,0.0,121.32,125.49,119.29,6.337,2026-02-03 23:02,57169
MOTHERSON,2026-02-24,85.0,0.0,0.0,0.0,0.0,0.0,0.0,121.32,125.49,119.29,6.337,2026-02-03 23:02,54198
MOTHERSON,2026-02-24,86.0,0.0,0.0,0.0,0.0,0.0,0.0,121.32,125.49,119.29,6.337,2026-02-03 23:02,51226
MOTHERSON,2026-02-24,87.0,0.0,0.0,0.0,0.0,0.0,0.0,121.32,125.49,119.29,6.337,2026-02-03 23:02,48254
MOTHERSON,2026-02-24,88.0,0.0,0.0,0.0,0.0,0.0,0.0,121.32,125.49,119.29,6.337,2026-02-03 23:02,45283
MOTHERSON,2026-02-24,89.0,0.0,0.0,0.0,0.0,0.0,0.0,121.32,125.49,119.29,6.337,2026-02-03 23:02,42311
MOTHERSON,2026-02-24,90.0,22.88,0.0,0.0,0.06,725700.0,123000.0,121.32,125.49,119.29,6.337,2026-02-03 23:02,39339
MOTHERSON,2026-02-24,91.0,0.0,0.0,0.0,0.0,0.0,0.0,121.32,125.49,119.29,6.337,2026-02-03 23:02,36436
MOTHERSON,2026-02-24,92.0,21.25,0.0,0.0,0.54,190650.0,0.0,121.32,125.49,119.29,6.337,2026-02-03 23:02,33537
MOTHERSON,2026-02-24,93.0,0.0,0.0,0.0,0.0,0.0,0.0,121.32,125.49,119.29,6.337,2026-02-03 23:02,30646
MOTHERSON,2026-02-24,94.0,0.0,0.0,0.0,0.09,448950.0,18450.0,121.32,125.49,119.29,6.337,2026-02-03 23:02,27766
MOTHERSON,2026-02-24,95.0,0.0,0.0,0.0,0.0,0.0,0.0,121.32,125.49,119.29,6.337,2026-02-03 23:02,24927
MOTHERSON,2026-02-24,96.0,14.0,6150.0,0.0,0.13,1143900.0,79950.0,121.32,125.49,119.29,6.337,2026-02-03 23:02,22092
MOTHERSON,2026-02-24,97.0,24.16,0.0,0.0,0.16,184500.0,73800.0,121.32,125.49,119.29,6.337,2026-02-03 23:02,19366
MOTHERSON,2026-02-24,98.0,0.0,0.0,0.0,1.28,18450.0,0.0,121.32,125.49,119.29,6.337,2026-02-03 23:02,16661
MOTHERSON,2026-02-24,99.0,0.0,0.0,0.0,0.25,24600.0,30750.0,121.32,125.49,119.29,6.337,2026-02-03 23:02,13959
MOTHERSON,2026-02-24,100.0,21.66,202950.0,153750.0,0.22,1654350.0,1611300.0,121.32,125.49,119.29,6.337,2026-02-03 23:02,11261
MOTHERSON,2026-02-24,101.0,0.0,0.0,0.0,0.25,135300.0,190650.0,121.32,125.49,119.29,6.337,2026-02-03 23:02,9152
MOTHERSON,2026-02-24,102.0,0.0,0.0,0.0,0.26,1531350.0,559650.0,121.32,125.49,119.29,6.337,2026-02-03 23:02,6651
MOTHERSON,2026-02-24,103.0,17.93,0.0,12300.0,0.3,295200.0,1715850.0,121.32,125.49,119.29,6.337,2026-02-03 23:02,4266
MOTHERSON,2026-02-24,104.0,0.0,0.0,0.0,0.35,172200.0,252150.0,121.32,125.49,119.29,6.337,2026-02-03 23:02,1942
MOTHERSON,2026-02-24,105.0,16.58,362850.0,92250.0,0.4,2761350.0,3204150.0,121.32,125.49,119.29,6.337,2026-02-03 23:02,-362
MOTHERSON,2026-02-24,106.0,10.62,92250.0,0.0,0.47,473550.0,1943400.0,121.32,125.49,119.29,6.337,2026-02-03 23:02,-1856
MOTHERSON,2026-02-24,107.0,14.65,61500.0,12300.0,0.5,301350.0,153750.0,121.32,125.49,119.29,6.337,2026-02-03 23:02,-3710
MOTHERSON,2026-02-24,108.0,14.47,436650.0,227550.0,0.62,701100.0,940950.0,121.32,125.49,119.29,6.337,2026-02-03 23:02,-5528
MOTHERSON,2026-02-24,109.0,12.43,830250.0,221400.0,0.73,670350.0,2349300.0,121.32,125.49,119.29,6.337,2026-02-03 23:02,-6719
MOTHERSON,2026-02-24,110.0,12.46,2293950.0,1777350.0,0.86,5651850.0,8769900.0,121.32,125.49,119.29,6.337,2026-02-03 23:02,-7365
MOTHERSON,2026-02-24,111.0,11.3,522750.0,498150.0,1.01,1094700.0,2632200.0,121.32,125.49,119.29,6.337,2026-02-03 23:02,-5827
MOTHERSON,2026-02-24,112.0,9.95,664200.0,848700.0,1.15,1057800.0,2890500.0,121.32,125.49,119.29,6.337,2026-02-03 23:02,-6020
MOTHERSON,2026-02-24,113.0,9.99,934800.0,1494450.0,1.36,1045500.0,5953200.0,121.32,125.49,119.29,6.337,2026-02-03 23:02,-5981
MOTHERSON,2026-02-24,114.0,9.12,682650.0,1469850.0,1.58,910200.0,2220150.0,121.32,125.49,119.29,6.337,2026-02-03 23:02,-5492
MOTHERSON,2026-02-24,115.0,8.4,2349300.0,6937200.0,1.82,1771200.0,5996250.0,121.32,125.49,119.29,6.337,2026-02-03 23:02,-5157
MOTHERSON,2026-02-24,116.0,7.71,528900.0,713400.0,2.13,381300.0,1063950.0,121.32,125.49,119.29,6.337,2026-02-03 23:02,-3237
MOTHERSON,2026-02-24,117.0,7.01,436650.0,584250.0,2.45,356700.0,1051650.0,121.32,125.49,119.29,6.337,2026-02-03 23:02,-2550
MOTHERSON,2026-02-24,118.0,6.5,516600.0,1131600.0,2.84,338250.0,2330850.0,121.32,125.49,119.29,6.337,2026-02-03 23:02,-1893
MOTHERSON,2026-02-24,119.0,5.9,375150.0,774900.0,3.19,375150.0,1063950.0,121.32,125.49,119.29,6.337,2026-02-03 23:02,-1128
MOTHERSON,2026-02-24,120.0,5.33,5528850.0,21500400.0,3.64,2970450.0,8210250.0,121.32,125.49,119.29,6.337,2026-02-03 23:02,-427
MOTHERSON,2026-02-24,121.0,4.81,688800.0,2835150.0,4.15,535050.0,2650650.0,121.32,125.49,119.29,6.337,2026-02-03 23:02,2887
MOTHERSON,2026-02-24,122.0,4.31,1832700.0,6654300.0,4.62,731850.0,2349300.0,121.32,125.49,119.29,6.337,2026-02-03 23:02,4568
MOTHERSON,2026-02-24,123.0,3.87,854850.0,2244750.0,5.16,172200.0,492000.0,121.32,125.49,119.29,6.337,2026-02-03 23:02,6849
MOTHERSON,2026-02-24,124.0,3.45,861000.0,4237350.0,5.74,202950.0,498150.0,121.32,125.49,119.29,6.337,2026-02-03 23:02,9022
MOTHERSON,2026-02-24,125.0,3.08,5848650.0,23554500.0,6.36,350550.0,928650.0,121.32,125.49,119.29,6.337,2026-02-03 23:02,11240
MOTHERSON,2026-02-24,126.0,2.75,528900.0,1918800.0,7.78,49200.0,153750.0,121.32,125.49,119.29,6.337,2026-02-03 23:02,15476
MOTHERSON,2026-02-24,127.0,2.45,356700.0,461250.0,0.0,0.0,0.0,121.32,125.49,119.29,6.337,2026-02-03 23:02,18298
MOTHERSON,2026-02-24,128.0,2.14,498150.0,1519050.0,8.47,55350.0,153750.0,121.32,125.49,119.29,6.337,2026-02-03 23:02,21136
MOTHERSON,2026-02-24,129.0,1.93,202950.0,313650.0,0.0,0.0,0.0,121.32,125.49,119.29,6.337,2026-02-03 23:02,24002
MOTHERSON,2026-02-24,130.0,1.67,4249650.0,17724300.0,9.92,166050.0,147600.0,121.32,125.49,119.29,6.337,2026-02-03 23:02,26868
MOTHERSON,2026-02-24,131.0,0.0,0.0,0.0,0.0,0.0,0.0,121.32,125.49,119.29,6.337,2026-02-03 23:02,30681
MOTHERSON,2026-02-24,132.0,1.29,295200.0,319800.0,0.0,0.0,0.0,121.32,125.49,119.29,6.337,2026-02-03 23:02,33949
MOTHERSON,2026-02-24,133.0,0.0,0.0,0.0,0.0,0.0,0.0,121.32,125.49,119.29,6.337,2026-02-03 23:02,37285
MOTHERSON,2026-02-24,134.0,0.48,67650.0,0.0,0.0,0.0,0.0,121.32,125.49,119.29,6.337,2026-02-03 23:02,40582
MOTHERSON,2026-02-24,135.0,0.87,1451400.0,5596500.0,15.0,6150.0,12300.0,121.32,125.49,119.29,6.337,2026-02-03 23:02,43890
MOTHERSON,2026-02-24,136.0,0.21,116850.0,0.0,0.0,0.0,0.0,121.32,125.49,119.29,6.337,2026-02-03 23:02,47457
MOTHERSON,2026-02-24,137.0,0.0,0.0,0.0,0.0,0.0,0.0,121.32,125.49,119.29,6.337,2026-02-03 23:02,50922
MOTHERSON,2026-02-24,138.0,0.15,221400.0,0.0,0.0,0.0,0.0,121.32,125.49,119.29,6.337,2026-02-03 23:02,54383
MOTHERSON,2026-02-24,139.0,0.0,0.0,0.0,0.0,0.0,0.0,121.32,125.49,119.29,6.337,2026-02-03 23:02,57871
MOTHERSON,2026-02-24,140.0,0.46,2011050.0,5375100.0,18.77,61500.0,418200.0,121.32,125.49,119.29,6.337,2026-02-03 23:02,61355
MOTHERSON,2026-02-24,141.0,0.0,0.0,0.0,0.0,0.0,0.0,121.32,125.49,119.29,6.337,2026-02-03 23:02,65023
MOTHERSON,2026-02-24,142.0,0.0,0.0,0.0,0.0,0.0,0.0,121.32,125.49,119.29,6.337,2026-02-03 23:02,68714
MOTHERSON,2026-02-24,143.0,0.0,0.0,0.0,0.0,0.0,0.0,121.32,125.49,119.29,6.337,2026-02-03 23:02,72405
MOTHERSON,2026-02-24,144.0,0.0,0.0,0.0,0.0,0.0,0.0,121.32,125.49,119.29,6.337,2026-02-03 23:02,76097
MOTHERSON,2026-02-24,145.0,0.0,0.0,0.0,0.0,0.0,0.0,121.32,125.49,119.29,6.337,2026-02-03 23:02,79788
MOTHERSON,2026-02-24,146.0,0.0,0.0,0.0,0.0,0.0,0.0,121.32,125.49,119.29,6.337,2026-02-03 23:02,83479
MOTHERSON,2026-02-24,147.0,0.0,0.0,0.0,0.0,0.0,0.0,121.32,125.49,119.29,6.337,2026-02-03 23:02,87170
MOTHERSON,2026-02-24,148.0,0.0,0.0,0.0,0.0,0.0,0.0,121.32,125.49,119.29,6.337,2026-02-03 23:02,90862
MOTHERSON,2026-02-24,149.0,0.0,0.0,0.0,0.0,0.0,0.0,121.32,125.49,119.29,6.337,2026-02-03 23:02,94553
MOTHERSON,2026-02-24,150.0,0.0,0.0,0.0,0.0,0.0,0.0,121.32,125.49,119.29,6.337,2026-02-03 23:02,98244
MOTHERSON,2026-02-24,152.0,0.0,0.0,0.0,0.0,0.0,0.0,121.32,125.49,119.29,6.337,2026-02-03 23:02,105626
MOTHERSON,2026-02-24,154.0,0.0,0.0,0.0,0.0,0.0,0.0,121.32,125.49,119.29,6.337,2026-02-03 23:02,113009
MOTHERSON,2026-02-24,156.0,0.0,0.0,0.0,0.0,0.0,0.0,121.32,125.49,119.29,6.337,2026-02-03 23:02,120391
MOTHERSON,2026-02-24,158.0,0.0,0.0,0.0,0.0,0.0,0.0,121.32,125.49,119.29,6.337,2026-02-03 23:02,127774
MOTHERSON,2026-02-24,160.0,0.0,0.0,0.0,0.0,0.0,0.0,121.32,125.49,119.29,6.337,2026-02-03 23:02,135156
MOTHERSON,2026-02-24,162.0,0.0,0.0,0.0,0.0,0.0,0.0,121.32,125.49,119.29,6.337,2026-02-03 23:02,142539
MOTHERSON,2026-02-24,164.0,0.0,0.0,0.0,0.0,0.0,0.0,121.32,125.49,119.29,6.337,2026-02-03 23:02,149921
MOTHERSON,2026-02-24,166.0,0.0,0.0,0.0,0.0,0.0,0.0,121.32,125.49,119.29,6.337,2026-02-03 23:02,157304
MOTHERSON,2026-02-24,168.0,0.0,0.0,0.0,0.05,0.0,0.0,121.32,125.49,119.29,6.337,2026-02-03 23:02,164686
MUTHOOTFIN,2026-02-24,1700.0,0.0,0.0,0.0,0.0,0.0,0.0,3624.2,3798.9,3590.0,2.52,2026-02-03 23:02,302980
MUTHOOTFIN,2026-02-24,1800.0,0.0,0.0,0.0,0.0,0.0,0.0,3624.2,3798.9,3590.0,2.52,2026-02-03 23:02,285814
MUTHOOTFIN,2026-02-24,1900.0,0.0,0.0,0.0,0.0,0.0,0.0,3624.2,3798.9,3590.0,2.52,2026-02-03 23:02,268649
MUTHOOTFIN,2026-02-24,2000.0,0.1,0.0,0.0,1388.2,0.0,0.0,3624.2,3798.9,3590.0,2.52,2026-02-03 23:02,251483
MUTHOOTFIN,2026-02-24,2100.0,0.05,0.0,0.0,0.0,0.0,0.0,3624.2,3798.9,3590.0,2.52,2026-02-03 23:02,234318
MUTHOOTFIN,2026-02-24,2200.0,0.0,0.0,0.0,0.0,0.0,0.0,3624.2,3798.9,3590.0,2.52,2026-02-03 23:02,217152
MUTHOOTFIN,2026-02-24,2300.0,0.0,0.0,0.0,0.0,0.0,0.0,3624.2,3798.9,3590.0,2.52,2026-02-03 23:02,199987
MUTHOOTFIN,2026-02-24,2350.0,0.0,0.0,0.0,0.0,0.0,0.0,3624.2,3798.9,3590.0,2.52,2026-02-03 23:02,191404
MUTHOOTFIN,2026-02-24,2400.0,0.0,0.0,0.0,0.0,0.0,0.0,3624.2,3798.9,3590.0,2.52,2026-02-03 23:02,182821
MUTHOOTFIN,2026-02-24,2450.0,0.0,0.0,0.0,0.0,0.0,0.0,3624.2,3798.9,3590.0,2.52,2026-02-03 23:02,174239
MUTHOOTFIN,2026-02-24,2500.0,0.0,0.0,0.0,0.0,0.0,0.0,3624.2,3798.9,3590.0,2.52,2026-02-03 23:02,165656
MUTHOOTFIN,2026-02-24,2550.0,0.0,0.0,0.0,0.0,0.0,0.0,3624.2,3798.9,3590.0,2.52,2026-02-03 23:02,157073
MUTHOOTFIN,2026-02-24,2600.0,0.0,0.0,0.0,0.0,0.0,0.0,3624.2,3798.9,3590.0,2.52,2026-02-03 23:02,148490
MUTHOOTFIN,2026-02-24,2650.0,0.0,0.0,0.0,0.0,0.0,0.0,3624.2,3798.9,3590.0,2.52,2026-02-03 23:02,139908
MUTHOOTFIN,2026-02-24,2700.0,0.0,0.0,0.0,0.0,0.0,0.0,3624.2,3798.9,3590.0,2.52,2026-02-03 23:02,131325
MUTHOOTFIN,2026-02-24,2750.0,0.0,0.0,0.0,0.0,0.0,0.0,3624.2,3798.9,3590.0,2.52,2026-02-03 23:02,122742
MUTHOOTFIN,2026-02-24,2800.0,0.0,0.0,0.0,0.0,0.0,0.0,3624.2,3798.9,3590.0,2.52,2026-02-03 23:02,114159
MUTHOOTFIN,2026-02-24,2850.0,0.0,0.0,0.0,0.0,0.0,0.0,3624.2,3798.9,3590.0,2.52,2026-02-03 23:02,105577
MUTHOOTFIN,2026-02-24,2900.0,0.0,0.0,0.0,7.35,6325.0,7700.0,3624.2,3798.9,3590.0,2.52,2026-02-03 23:02,96994
MUTHOOTFIN,2026-02-24,2950.0,0.0,0.0,0.0,0.0,0.0,0.0,3624.2,3798.9,3590.0,2.52,2026-02-03 23:02,88438
MUTHOOTFIN,2026-02-24,3000.0,0.0,0.0,0.0,9.45,42075.0,65450.0,3624.2,3798.9,3590.0,2.52,2026-02-03 23:02,79887
MUTHOOTFIN,2026-02-24,3050.0,0.0,0.0,0.0,12.45,12925.0,9075.0,3624.2,3798.9,3590.0,2.52,2026-02-03 23:02,71506
MUTHOOTFIN,2026-02-24,3100.0,0.0,0.0,0.0,15.85,18700.0,31075.0,3624.2,3798.9,3590.0,2.52,2026-02-03 23:02,63214
MUTHOOTFIN,2026-02-24,3150.0,0.0,0.0,0.0,0.0,0.0,0.0,3624.2,3798.9,3590.0,2.52,2026-02-03 23:02,55002
MUTHOOTFIN,2026-02-24,3200.0,334.65,20625.0,0.0,23.0,113025.0,131175.0,3624.2,3798.9,3590.0,2.52,2026-02-03 23:02,46819
MUTHOOTFIN,2026-02-24,3250.0,0.0,0.0,0.0,30.6,20350.0,33550.0,3624.2,3798.9,3590.0,2.52,2026-02-03 23:02,39735
MUTHOOTFIN,2026-02-24,3300.0,333.4,3575.0,0.0,37.8,108350.0,95150.0,3624.2,3798.9,3590.0,2.52,2026-02-03 23:02,32260
MUTHOOTFIN,2026-02-24,3350.0,0.0,0.0,0.0,47.05,20350.0,8250.0,3624.2,3798.9,3590.0,2.52,2026-02-03 23:02,25117
MUTHOOTFIN,2026-02-24,3400.0,298.35,67925.0,65450.0,54.2,129800.0,194150.0,3624.2,3798.9,3590.0,2.52,2026-02-03 23:02,18270
MUTHOOTFIN,2026-02-24,3450.0,263.7,120450.0,147400.0,65.0,56650.0,180400.0,3624.2,3798.9,3590.0,2.52,2026-02-03 23:02,13830
MUTHOOTFIN,2026-02-24,3500.0,230.0,85250.0,126500.0,79.75,171875.0,337425.0,3624.2,3798.9,3590.0,2.52,2026-02-03 23:02,11761
MUTHOOTFIN,2026-02-24,3550.0,199.0,36575.0,40425.0,98.0,128425.0,181500.0,3624.2,3798.9,3590.0,2.52,2026-02-03 23:02,8760
MUTHOOTFIN,2026-02-24,3600.0,173.25,156475.0,441650.0,115.65,190850.0,237325.0,3624.2,3798.9,3590.0,2.52,2026-02-03 23:02,5463
MUTHOOTFIN,2026-02-24,3650.0,147.5,72875.0,178200.0,140.6,20075.0,51700.0,3624.2,3798.9,3590.0,2.52,2026-02-03 23:02,4937
MUTHOOTFIN,2026-02-24,3700.0,125.6,134475.0,433675.0,162.35,157575.0,90200.0,3624.2,3798.9,3590.0,2.52,2026-02-03 23:02,5164
MUTHOOTFIN,2026-02-24,3750.0,104.0,22550.0,33000.0,216.35,17875.0,3025.0,3624.2,3798.9,3590.0,2.52,2026-02-03 23:02,5190
MUTHOOTFIN,2026-02-24,3800.0,85.0,231825.0,416350.0,230.15,167475.0,9900.0,3624.2,3798.9,3590.0,2.52,2026-02-03 23:02,6135
MUTHOOTFIN,2026-02-24,3850.0,72.5,148225.0,34375.0,293.8,35200.0,2200.0,3624.2,3798.9,3590.0,2.52,2026-02-03 23:02,7345
MUTHOOTFIN,2026-02-24,3900.0,59.0,292325.0,246125.0,302.95,79200.0,23650.0,3624.2,3798.9,3590.0,2.52,2026-02-03 23:02,11396
MUTHOOTFIN,2026-02-24,3950.0,48.5,50050.0,44550.0,377.25,17325.0,2200.0,3624.2,3798.9,3590.0,2.52,2026-02-03 23:02,16590
MUTHOOTFIN,2026-02-24,4000.0,40.6,326700.0,1174525.0,393.0,94875.0,15400.0,3624.2,3798.9,3590.0,2.52,2026-02-03 23:02,22385
MUTHOOTFIN,2026-02-24,4050.0,33.25,62700.0,54725.0,581.85,15675.0,0.0,3624.2,3798.9,3590.0,2.52,2026-02-03 23:02,28296
MUTHOOTFIN,2026-02-24,4100.0,27.95,174900.0,172700.0,463.45,63800.0,8250.0,3624.2,3798.9,3590.0,2.52,2026-02-03 23:02,36297
MUTHOOTFIN,2026-02-24,4150.0,22.6,19250.0,14850.0,191.3,1375.0,0.0,3624.2,3798.9,3590.0,2.52,2026-02-03 23:02,43728
MUTHOOTFIN,2026-02-24,4200.0,19.8,172425.0,166375.0,694.75,17875.0,0.0,3624.2,3798.9,3590.0,2.52,2026-02-03 23:02,53747
MUTHOOTFIN,2026-02-24,4250.0,17.55,16775.0,8800.0,249.0,1375.0,0.0,3624.2,3798.9,3590.0,2.52,2026-02-03 23:02,63800
MUTHOOTFIN,2026-02-24,4300.0,14.5,137775.0,90750.0,0.0,0.0,0.0,3624.2,3798.9,3590.0,2.52,2026-02-03 23:02,74839
MUTHOOTFIN,2026-02-24,4350.0,12.0,9350.0,275.0,0.0,0.0,0.0,3624.2,3798.9,3590.0,2.52,2026-02-03 23:02,86771
MUTHOOTFIN,2026-02-24,4400.0,10.8,106975.0,99825.0,572.45,7150.0,0.0,3624.2,3798.9,3590.0,2.52,2026-02-03 23:02,98562
MUTHOOTFIN,2026-02-24,4450.0,6.25,6325.0,0.0,0.0,0.0,0.0,3624.2,3798.9,3590.0,2.52,2026-02-03 23:02,110619
MUTHOOTFIN,2026-02-24,4500.0,7.95,193600.0,545600.0,0.0,0.0,0.0,3624.2,3798.9,3590.0,2.52,2026-02-03 23:02,123005
MUTHOOTFIN,2026-02-24,4550.0,0.0,0.0,0.0,0.0,0.0,0.0,3624.2,3798.9,3590.0,2.52,2026-02-03 23:02,136508
MUTHOOTFIN,2026-02-24,4600.0,6.0,74800.0,10725.0,0.0,0.0,0.0,3624.2,3798.9,3590.0,2.52,2026-02-03 23:02,149858
MUTHOOTFIN,2026-02-24,4650.0,0.0,0.0,0.0,0.0,0.0,0.0,3624.2,3798.9,3590.0,2.52,2026-02-03 23:02,163627
MUTHOOTFIN,2026-02-24,4700.0,4.3,41250.0,10175.0,0.0,0.0,0.0,3624.2,3798.9,3590.0,2.52,2026-02-03 23:02,177351
MUTHOOTFIN,2026-02-24,4750.0,0.0,0.0,0.0,0.0,0.0,0.0,3624.2,3798.9,3590.0,2.52,2026-02-03 23:02,191299
MUTHOOTFIN,2026-02-24,4800.0,0.0,0.0,0.0,0.0,0.0,0.0,3624.2,3798.9,3590.0,2.52,2026-02-03 23:02,205229
MUTHOOTFIN,2026-02-24,4850.0,0.0,0.0,0.0,0.0,0.0,0.0,3624.2,3798.9,3590.0,2.52,2026-02-03 23:02,219159
MUTHOOTFIN,2026-02-24,4900.0,0.0,0.0,0.0,0.0,0.0,0.0,3624.2,3798.9,3590.0,2.52,2026-02-03 23:02,233089
MUTHOOTFIN,2026-02-24,4950.0,0.0,0.0,0.0,0.0,0.0,0.0,3624.2,3798.9,3590.0,2.52,2026-02-03 23:02,247019
MUTHOOTFIN,2026-02-24,5000.0,0.0,0.0,0.0,0.0,0.0,0.0,3624.2,3798.9,3590.0,2.52,2026-02-03 23:02,260949
MUTHOOTFIN,2026-02-24,5050.0,0.0,0.0,0.0,0.0,0.0,0.0,3624.2,3798.9,3590.0,2.52,2026-02-03 23:02,274879
MUTHOOTFIN,2026-02-24,5100.0,0.0,0.0,0.0,0.0,0.0,0.0,3624.2,3798.9,3590.0,2.52,2026-02-03 23:02,288810
MUTHOOTFIN,2026-02-24,5150.0,0.0,0.0,0.0,0.0,0.0,0.0,3624.2,3798.9,3590.0,2.52,2026-02-03 23:02,302740
MUTHOOTFIN,2026-02-24,5200.0,0.0,0.0,0.0,0.0,0.0,0.0,3624.2,3798.9,3590.0,2.52,2026-02-03 23:02,316670
MUTHOOTFIN,2026-02-24,5250.0,0.0,0.0,0.0,0.0,0.0,0.0,3624.2,3798.9,3590.0,2.52,2026-02-03 23:02,330600
MUTHOOTFIN,2026-02-24,5300.0,0.0,0.0,0.0,0.0,0.0,0.0,3624.2,3798.9,3590.0,2.52,2026-02-03 23:02,344530
MUTHOOTFIN,2026-02-24,5400.0,0.0,0.0,0.0,0.0,0.0,0.0,3624.2,3798.9,3590.0,2.52,2026-02-03 23:02,372390
MUTHOOTFIN,2026-02-24,5500.0,0.0,0.0,0.0,0.0,0.0,0.0,3624.2,3798.9,3590.0,2.52,2026-02-03 23:02,400251
MUTHOOTFIN,2026-02-24,5600.0,0.0,0.0,0.0,0.0,0.0,0.0,3624.2,3798.9,3590.0,2.52,2026-02-03 23:02,428111
MUTHOOTFIN,2026-02-24,5700.0,0.0,0.0,0.0,0.0,0.0,0.0,3624.2,3798.9,3590.0,2.52,2026-02-03 23:02,455971
MUTHOOTFIN,2026-02-24,5800.0,0.0,0.0,0.0,0.0,0.0,0.0,3624.2,3798.9,3590.0,2.52,2026-02-03 23:02,483831
MUTHOOTFIN,2026-02-24,5900.0,0.0,0.0,0.0,0.0,0.0,0.0,3624.2,3798.9,3590.0,2.52,2026-02-03 23:02,511692
NAUKRI,2026-02-24,1040.0,0.0,0.0,0.0,0.0,0.0,0.0,1250.7,1305.6,1246.7,1.083,2026-02-03 23:02,23213
NAUKRI,2026-02-24,1080.0,0.0,0.0,0.0,3.8,92250.0,145500.0,1250.7,1305.6,1246.7,1.083,2026-02-03 23:02,17256
NAUKRI,2026-02-24,1100.0,0.0,0.0,0.0,4.65,41625.0,48375.0,1250.7,1305.6,1246.7,1.083,2026-02-03 23:02,14427
NAUKRI,2026-02-24,1120.0,143.6,6375.0,4875.0,7.15,52500.0,111750.0,1250.7,1305.6,1246.7,1.083,2026-02-03 23:02,11697
NAUKRI,2026-02-24,1140.0,0.0,0.0,0.0,0.0,0.0,0.0,1250.7,1305.6,1246.7,1.083,2026-02-03 23:02,9159
NAUKRI,2026-02-24,1160.0,149.55,1500.0,0.0,12.3,148500.0,190500.0,1250.7,1305.6,1246.7,1.083,2026-02-03 23:02,6566
NAUKRI,2026-02-24,1180.0,0.0,0.0,0.0,16.45,103500.0,80625.0,1250.7,1305.6,1246.7,1.083,2026-02-03 23:02,4113
NAUKRI,2026-02-24,1200.0,76.05,48000.0,17625.0,21.65,408750.0,171750.0,1250.7,1305.6,1246.7,1.083,2026-02-03 23:02,1857
NAUKRI,2026-02-24,1220.0,62.4,24375.0,16500.0,27.75,58500.0,85875.0,1250.7,1305.6,1246.7,1.083,2026-02-03 23:02,165
NAUKRI,2026-02-24,1240.0,49.85,32625.0,82125.0,35.6,66375.0,95250.0,1250.7,1305.6,1246.7,1.083,2026-02-03 23:02,-851
NAUKRI,2026-02-24,1260.0,39.1,205875.0,238125.0,45.35,154875.0,133125.0,1250.7,1305.6,1246.7,1.083,2026-02-03 23:02,-1733
NAUKRI,2026-02-24,1280.0,30.85,91875.0,278625.0,55.25,82875.0,42750.0,1250.7,1305.6,1246.7,1.083,2026-02-03 23:02,-1718
NAUKRI,2026-02-24,1300.0,23.3,383625.0,686625.0,69.65,134250.0,57000.0,1250.7,1305.6,1246.7,1.083,2026-02-03 23:02,-1630
NAUKRI,2026-02-24,1320.0,17.4,427500.0,147375.0,91.1,37125.0,0.0,1250.7,1305.6,1246.7,1.083,2026-02-03 23:02,-372
NAUKRI,2026-02-24,1340.0,13.25,95250.0,217875.0,96.4,21750.0,7875.0,1250.7,1305.6,1246.7,1.083,2026-02-03 23:02,2260
NAUKRI,2026-02-24,1360.0,10.25,100500.0,159750.0,93.4,12000.0,0.0,1250.7,1305.6,1246.7,1.083,2026-02-03 23:02,4638
NAUKRI,2026-02-24,1380.0,7.85,151125.0,122625.0,117.25,6375.0,0.0,1250.7,1305.6,1246.7,1.083,2026-02-03 23:02,7315
NAUKRI,2026-02-24,1400.0,6.1,175875.0,263250.0,148.25,34500.0,8625.0,1250.7,1305.6,1246.7,1.083,2026-02-03 23:02,10361
NAUKRI,2026-02-24,1420.0,4.7,52875.0,39750.0,0.0,0.0,0.0,1250.7,1305.6,1246.7,1.083,2026-02-03 23:02,13379
NAUKRI,2026-02-24,1440.0,3.85,68625.0,72750.0,0.0,0.0,0.0,1250.7,1305.6,1246.7,1.083,2026-02-03 23:02,16931
NAUKRI,2026-02-24,1460.0,3.15,26250.0,4500.0,153.7,1500.0,0.0,1250.7,1305.6,1246.7,1.083,2026-02-03 23:02,20623
NAUKRI,2026-02-24,1480.0,2.4,1125.0,0.0,186.9,1500.0,0.0,1250.7,1305.6,1246.7,1.083,2026-02-03 23:02,24329
NAUKRI,2026-02-24,1500.0,2.95,81750.0,14250.0,220.0,4875.0,0.0,1250.7,1305.6,1246.7,1.083,2026-02-03 23:02,28027
NAUKRI,2026-02-24,1520.0,1.5,84375.0,0.0,0.0,0.0,0.0,1250.7,1305.6,1246.7,1.083,2026-02-03 23:02,31843
NAUKRI,2026-02-24,1560.0,2.05,23250.0,24000.0,291.0,25500.0,0.0,1250.7,1305.6,1246.7,1.083,2026-02-03 23:02,39992
NAUKRI,2026-02-24,1600.0,1.0,16500.0,0.0,0.0,0.0,0.0,1250.7,1305.6,1246.7,1.083,2026-02-03 23:02,47586
NATIONALUM,2026-02-24,230.0,0.0,0.0,0.0,0.3,198750.0,360000.0,370.85,391.95,361.05,0.311,2026-02-03 23:02,411061
NATIONALUM,2026-02-24,275.0,105.0,7500.0,0.0,0.6,198750.0,333750.0,370.85,391.95,361.05,0.311,2026-02-03 23:02,250338
NATIONALUM,2026-02-24,280.0,96.0,41250.0,0.0,0.7,836250.0,397500.0,370.85,391.95,361.05,0.311,2026-02-03 23:02,232650
NATIONALUM,2026-02-24,282.5,0.0,0.0,0.0,1.35,67500.0,7500.0,370.85,391.95,361.05,0.311,2026-02-03 23:02,224330
NATIONALUM,2026-02-24,285.0,64.0,41250.0,0.0,0.8,468750.0,187500.0,370.85,391.95,361.05,0.311,2026-02-03 23:02,215680
NATIONALUM,2026-02-24,290.0,97.0,41250.0,0.0,0.95,221250.0,345000.0,370.85,391.95,361.05,0.311,2026-02-03 23:02,198879
NATIONALUM,2026-02-24,292.5,0.0,0.0,0.0,2.6,30000.0,0.0,370.85,391.95,361.05,0.311,2026-02-03 23:02,190811
NATIONALUM,2026-02-24,295.0,82.25,3750.0,0.0,1.15,161250.0,82500.0,370.85,391.95,361.05,0.311,2026-02-03 23:02,182363
NATIONALUM,2026-02-24,300.0,71.5,318750.0,18750.0,1.35,1995000.0,1815000.0,370.85,391.95,361.05,0.311,2026-02-03 23:02,165577
NATIONALUM,2026-02-24,302.5,0.0,0.0,0.0,0.0,0.0,0.0,370.85,391.95,361.05,0.311,2026-02-03 23:02,159766
NATIONALUM,2026-02-24,305.0,0.0,0.0,0.0,1.65,213750.0,195000.0,370.85,391.95,361.05,0.311,2026-02-03 23:02,151945
NATIONALUM,2026-02-24,307.5,0.0,0.0,0.0,1.7,75000.0,90000.0,370.85,391.95,361.05,0.311,2026-02-03 23:02,144143
NATIONALUM,2026-02-24,310.0,42.5,33750.0,0.0,1.95,735000.0,1218750.0,370.85,391.95,361.05,0.311,2026-02-03 23:02,136382
NATIONALUM,2026-02-24,312.5,0.0,0.0,0.0,2.75,67500.0,0.0,370.85,391.95,361.05,0.311,2026-02-03 23:02,128826
NATIONALUM,2026-02-24,315.0,41.25,3750.0,0.0,2.25,176250.0,228750.0,370.85,391.95,361.05,0.311,2026-02-03 23:02,121268
NATIONALUM,2026-02-24,317.5,32.0,11250.0,0.0,3.15,71250.0,0.0,370.85,391.95,361.05,0.311,2026-02-03 23:02,113749
NATIONALUM,2026-02-24,320.0,51.5,71250.0,30000.0,2.85,1668750.0,2595000.0,370.85,391.95,361.05,0.311,2026-02-03 23:02,106289
NATIONALUM,2026-02-24,322.5,26.05,7500.0,0.0,3.3,82500.0,3750.0,370.85,391.95,361.05,0.311,2026-02-03 23:02,99141
NATIONALUM,2026-02-24,325.0,45.85,18750.0,3750.0,3.5,221250.0,345000.0,370.85,391.95,361.05,0.311,2026-02-03 23:02,92118
NATIONALUM,2026-02-24,327.5,43.5,22500.0,0.0,3.75,127500.0,206250.0,370.85,391.95,361.05,0.311,2026-02-03 23:02,85170
NATIONALUM,2026-02-24,330.0,42.7,176250.0,41250.0,4.25,911250.0,1758750.0,370.85,391.95,361.05,0.311,2026-02-03 23:02,78301
NATIONALUM,2026-02-24,332.5,39.25,217500.0,0.0,4.6,120000.0,108750.0,370.85,391.95,361.05,0.311,2026-02-03 23:02,72020
NATIONALUM,2026-02-24,335.0,34.5,33750.0,11250.0,5.05,442500.0,483750.0,370.85,391.95,361.05,0.311,2026-02-03 23:02,66256
NATIONALUM,2026-02-24,337.5,29.75,22500.0,7500.0,5.15,112500.0,198750.0,370.85,391.95,361.05,0.311,2026-02-03 23:02,59705
NATIONALUM,2026-02-24,340.0,34.65,600000.0,183750.0,6.1,1878750.0,2141250.0,370.85,391.95,361.05,0.311,2026-02-03 23:02,53304
NATIONALUM,2026-02-24,342.5,33.2,67500.0,63750.0,6.55,330000.0,450000.0,370.85,391.95,361.05,0.311,2026-02-03 23:02,48447
NATIONALUM,2026-02-24,345.0,30.95,247500.0,86250.0,7.4,697500.0,528750.0,370.85,391.95,361.05,0.311,2026-02-03 23:02,42765
NATIONALUM,2026-02-24,347.5,32.15,63750.0,26250.0,8.1,352500.0,435000.0,370.85,391.95,361.05,0.311,2026-02-03 23:02,37560
NATIONALUM,2026-02-24,350.0,27.5,1796250.0,862500.0,8.85,2996250.0,4758750.0,370.85,391.95,361.05,0.311,2026-02-03 23:02,32129
NATIONALUM,2026-02-24,352.5,25.9,108750.0,93750.0,9.75,378750.0,461250.0,370.85,391.95,361.05,0.311,2026-02-03 23:02,30265
NATIONALUM,2026-02-24,355.0,24.1,438750.0,532500.0,10.75,948750.0,1995000.0,370.85,391.95,361.05,0.311,2026-02-03 23:02,26147
NATIONALUM,2026-02-24,357.5,22.05,135000.0,431250.0,11.5,480000.0,956250.0,370.85,391.95,361.05,0.311,2026-02-03 23:02,22501
NATIONALUM,2026-02-24,360.0,21.15,1691250.0,5628750.0,12.7,2651250.0,4803750.0,370.85,391.95,361.05,0.311,2026-02-03 23:02,18717
NATIONALUM,2026-02-24,362.5,19.25,183750.0,1076250.0,13.65,315000.0,1241250.0,370.85,391.95,361.05,0.311,2026-02-03 23:02,16483
NATIONALUM,2026-02-24,365.0,18.1,555000.0,3780000.0,15.1,810000.0,2482500.0,370.85,391.95,361.05,0.311,2026-02-03 23:02,14087
NATIONALUM,2026-02-24,367.5,16.95,213750.0,1856250.0,16.05,828750.0,1593750.0,370.85,391.95,361.05,0.311,2026-02-03 23:02,11891
NATIONALUM,2026-02-24,370.0,15.8,3300000.0,14486250.0,17.5,2235000.0,3825000.0,370.85,391.95,361.05,0.311,2026-02-03 23:02,9205
NATIONALUM,2026-02-24,372.5,14.6,498750.0,2141250.0,18.65,251250.0,525000.0,370.85,391.95,361.05,0.311,2026-02-03 23:02,10174
NATIONALUM,2026-02-24,375.0,13.65,873750.0,4961250.0,20.0,667500.0,630000.0,370.85,391.95,361.05,0.311,2026-02-03 23:02,10288
NATIONALUM,2026-02-24,377.5,12.6,300000.0,1042500.0,21.65,183750.0,240000.0,370.85,391.95,361.05,0.311,2026-02-03 23:02,10384
NATIONALUM,2026-02-24,380.0,11.7,2913750.0,11771250.0,23.55,1368750.0,918750.0,370.85,391.95,361.05,0.311,2026-02-03 23:02,10725
NATIONALUM,2026-02-24,382.5,11.45,180000.0,386250.0,24.1,131250.0,90000.0,370.85,391.95,361.05,0.311,2026-02-03 23:02,12341
NATIONALUM,2026-02-24,385.0,10.15,836250.0,1447500.0,26.6,517500.0,183750.0,370.85,391.95,361.05,0.311,2026-02-03 23:02,13739
NATIONALUM,2026-02-24,387.5,9.45,393750.0,720000.0,28.5,671250.0,135000.0,370.85,391.95,361.05,0.311,2026-02-03 23:02,15058
NATIONALUM,2026-02-24,390.0,8.65,2126250.0,4822500.0,30.05,1125000.0,330000.0,370.85,391.95,361.05,0.311,2026-02-03 23:02,15630
NATIONALUM,2026-02-24,392.5,8.05,195000.0,202500.0,30.85,172500.0,71250.0,370.85,391.95,361.05,0.311,2026-02-03 23:02,17015
NATIONALUM,2026-02-24,395.0,7.55,896250.0,877500.0,33.55,427500.0,75000.0,370.85,391.95,361.05,0.311,2026-02-03 23:02,19658
NATIONALUM,2026-02-24,397.5,7.3,273750.0,187500.0,34.75,150000.0,45000.0,370.85,391.95,361.05,0.311,2026-02-03 23:02,22249
NATIONALUM,2026-02-24,400.0,6.4,5970000.0,11208750.0,37.25,1901250.0,191250.0,370.85,391.95,361.05,0.311,2026-02-03 23:02,25382
NATIONALUM,2026-02-24,402.5,5.85,161250.0,247500.0,38.7,116250.0,41250.0,370.85,391.95,361.05,0.311,2026-02-03 23:02,27543
NATIONALUM,2026-02-24,405.0,5.5,1121250.0,641250.0,43.4,408750.0,7500.0,370.85,391.95,361.05,0.311,2026-02-03 23:02,32679
NATIONALUM,2026-02-24,407.5,5.4,183750.0,116250.0,38.5,93750.0,0.0,370.85,391.95,361.05,0.311,2026-02-03 23:02,37397
NATIONALUM,2026-02-24,410.0,4.7,1612500.0,3420000.0,44.7,521250.0,18750.0,370.85,391.95,361.05,0.311,2026-02-03 23:02,43079
NATIONALUM,2026-02-24,412.5,4.55,150000.0,116250.0,60.1,105000.0,0.0,370.85,391.95,361.05,0.311,2026-02-03 23:02,47984
NATIONALUM,2026-02-24,415.0,4.05,1593750.0,1158750.0,52.0,393750.0,11250.0,370.85,391.95,361.05,0.311,2026-02-03 23:02,53962
NATIONALUM,2026-02-24,417.5,3.85,217500.0,161250.0,83.8,90000.0,0.0,370.85,391.95,361.05,0.311,2026-02-03 23:02,59598
NATIONALUM,2026-02-24,420.0,3.5,3825000.0,4890000.0,56.25,645000.0,26250.0,370.85,391.95,361.05,0.311,2026-02-03 23:02,66042
NATIONALUM,2026-02-24,422.5,3.2,273750.0,97500.0,73.2,101250.0,0.0,370.85,391.95,361.05,0.311,2026-02-03 23:02,71985
NATIONALUM,2026-02-24,425.0,3.0,1646250.0,1050000.0,63.5,150000.0,0.0,370.85,391.95,361.05,0.311,2026-02-03 23:02,79657
NATIONALUM,2026-02-24,427.5,2.9,457500.0,221250.0,77.85,303750.0,0.0,370.85,391.95,361.05,0.311,2026-02-03 23:02,87973
NATIONALUM,2026-02-24,430.0,2.7,3315000.0,2096250.0,69.75,731250.0,0.0,370.85,391.95,361.05,0.311,2026-02-03 23:02,94707
NATIONALUM,2026-02-24,432.5,2.5,315000.0,93750.0,78.0,41250.0,0.0,370.85,391.95,361.05,0.311,2026-02-03 23:02,100478
NATIONALUM,2026-02-24,435.0,2.3,442500.0,345000.0,85.55,41250.0,0.0,370.85,391.95,361.05,0.311,2026-02-03 23:02,110301
NATIONALUM,2026-02-24,437.5,2.25,82500.0,48750.0,95.1,11250.0,0.0,370.85,391.95,361.05,0.311,2026-02-03 23:02,120237
NATIONALUM,2026-02-24,440.0,2.1,1931250.0,1811250.0,74.95,457500.0,93750.0,370.85,391.95,361.05,0.311,2026-02-03 23:02,130359
NATIONALUM,2026-02-24,442.5,1.9,78750.0,75000.0,0.0,0.0,0.0,370.85,391.95,361.05,0.311,2026-02-03 23:02,138143
NATIONALUM,2026-02-24,445.0,1.8,442500.0,517500.0,34.55,30000.0,0.0,370.85,391.95,361.05,0.311,2026-02-03 23:02,148985
NATIONALUM,2026-02-24,447.5,0.0,0.0,0.0,0.0,0.0,0.0,370.85,391.95,361.05,0.311,2026-02-03 23:02,159906
NATIONALUM,2026-02-24,450.0,1.65,4826250.0,3615000.0,0.0,0.0,0.0,370.85,391.95,361.05,0.311,2026-02-03 23:02,170852
NATIONALUM,2026-02-24,452.5,0.0,0.0,0.0,0.0,0.0,0.0,370.85,391.95,361.05,0.311,2026-02-03 23:02,183800
NATIONALUM,2026-02-24,455.0,0.0,0.0,0.0,0.0,0.0,0.0,370.85,391.95,361.05,0.311,2026-02-03 23:02,195952
NATIONALUM,2026-02-24,457.5,0.0,0.0,0.0,0.0,0.0,0.0,370.85,391.95,361.05,0.311,2026-02-03 23:02,208104
NATIONALUM,2026-02-24,460.0,1.2,3750000.0,1436250.0,0.0,0.0,0.0,370.85,391.95,361.05,0.311,2026-02-03 23:02,220255
NATIONALUM,2026-02-24,462.5,0.0,0.0,0.0,0.0,0.0,0.0,370.85,391.95,361.05,0.311,2026-02-03 23:02,233795
NATIONALUM,2026-02-24,465.0,1.1,60000.0,15000.0,0.0,0.0,0.0,370.85,391.95,361.05,0.311,2026-02-03 23:02,246884
NATIONALUM,2026-02-24,467.5,0.0,0.0,0.0,0.0,0.0,0.0,370.85,391.95,361.05,0.311,2026-02-03 23:02,259995
NATIONALUM,2026-02-24,470.0,1.0,386250.0,412500.0,0.0,0.0,0.0,370.85,391.95,361.05,0.311,2026-02-03 23:02,273100
NATIONALUM,2026-02-24,472.5,1.75,56250.0,0.0,0.0,0.0,0.0,370.85,391.95,361.05,0.311,2026-02-03 23:02,286339
NATIONALUM,2026-02-24,475.0,0.85,255000.0,86250.0,0.0,0.0,0.0,370.85,391.95,361.05,0.311,2026-02-03 23:02,299564
NATIONALUM,2026-02-24,477.5,0.0,0.0,0.0,0.0,0.0,0.0,370.85,391.95,361.05,0.311,2026-02-03 23:02,312864
NATIONALUM,2026-02-24,480.0,0.8,1612500.0,577500.0,0.0,0.0,0.0,370.85,391.95,361.05,0.311,2026-02-03 23:02,326143
NATIONALUM,2026-02-24,482.5,0.0,0.0,0.0,0.0,0.0,0.0,370.85,391.95,361.05,0.311,2026-02-03 23:02,339954
NATIONALUM,2026-02-24,485.0,0.7,382500.0,345000.0,0.0,0.0,0.0,370.85,391.95,361.05,0.311,2026-02-03 23:02,353636
NATIONALUM,2026-02-24,487.5,0.65,495000.0,172500.0,0.0,0.0,0.0,370.85,391.95,361.05,0.311,2026-02-03 23:02,367440
NESTLEIND,2026-02-24,1070.0,0.0,0.0,0.0,0.0,0.0,0.0,1308.0,1340.4,1291.1,-0.023,2026-02-03 23:02,36484
NESTLEIND,2026-02-24,1080.0,0.0,0.0,0.0,0.0,0.0,0.0,1308.0,1340.4,1291.1,-0.023,2026-02-03 23:02,33950
NESTLEIND,2026-02-24,1090.0,0.0,0.0,0.0,0.0,0.0,0.0,1308.0,1340.4,1291.1,-0.023,2026-02-03 23:02,31415
NESTLEIND,2026-02-24,1100.0,200.0,500.0,0.0,0.35,180500.0,15500.0,1308.0,1340.4,1291.1,-0.023,2026-02-03 23:02,28881
NESTLEIND,2026-02-24,1110.0,0.0,0.0,0.0,0.0,0.0,0.0,1308.0,1340.4,1291.1,-0.023,2026-02-03 23:02,26531
NESTLEIND,2026-02-24,1120.0,0.0,0.0,0.0,0.7,5500.0,2000.0,1308.0,1340.4,1291.1,-0.023,2026-02-03 23:02,24177
NESTLEIND,2026-02-24,1130.0,0.0,0.0,0.0,0.0,0.0,0.0,1308.0,1340.4,1291.1,-0.023,2026-02-03 23:02,21829
NESTLEIND,2026-02-24,1140.0,0.0,0.0,0.0,1.05,163000.0,6500.0,1308.0,1340.4,1291.1,-0.023,2026-02-03 23:02,19481
NESTLEIND,2026-02-24,1150.0,0.0,0.0,0.0,0.0,0.0,0.0,1308.0,1340.4,1291.1,-0.023,2026-02-03 23:02,17279
NESTLEIND,2026-02-24,1160.0,0.0,0.0,0.0,1.1,82000.0,46500.0,1308.0,1340.4,1291.1,-0.023,2026-02-03 23:02,15094
NESTLEIND,2026-02-24,1170.0,143.15,5000.0,0.0,1.45,2000.0,2000.0,1308.0,1340.4,1291.1,-0.023,2026-02-03 23:02,12982
NESTLEIND,2026-02-24,1180.0,0.0,0.0,0.0,2.0,84000.0,50000.0,1308.0,1340.4,1291.1,-0.023,2026-02-03 23:02,10957
NESTLEIND,2026-02-24,1190.0,0.0,0.0,0.0,2.55,23000.0,25500.0,1308.0,1340.4,1291.1,-0.023,2026-02-03 23:02,8928
NESTLEIND,2026-02-24,1200.0,109.6,100500.0,56000.0,2.95,218500.0,351000.0,1308.0,1340.4,1291.1,-0.023,2026-02-03 23:02,6933
NESTLEIND,2026-02-24,1210.0,105.2,1500.0,0.0,4.05,37500.0,23500.0,1308.0,1340.4,1291.1,-0.023,2026-02-03 23:02,6300
NESTLEIND,2026-02-24,1220.0,83.5,1000.0,0.0,4.75,116500.0,95000.0,1308.0,1340.4,1291.1,-0.023,2026-02-03 23:02,4670
NESTLEIND,2026-02-24,1230.0,72.5,1500.0,0.0,5.8,45500.0,48000.0,1308.0,1340.4,1291.1,-0.023,2026-02-03 23:02,3110
NESTLEIND,2026-02-24,1240.0,67.65,8000.0,0.0,7.3,86000.0,88500.0,1308.0,1340.4,1291.1,-0.023,2026-02-03 23:02,1627
NESTLEIND,2026-02-24,1250.0,67.35,17500.0,3500.0,8.7,156500.0,344500.0,1308.0,1340.4,1291.1,-0.023,2026-02-03 23:02,246
NESTLEIND,2026-02-24,1260.0,57.3,24500.0,3000.0,10.8,162000.0,344000.0,1308.0,1340.4,1291.1,-0.023,2026-02-03 23:02,-969
NESTLEIND,2026-02-24,1270.0,49.0,50000.0,13000.0,13.55,159500.0,344000.0,1308.0,1340.4,1291.1,-0.023,2026-02-03 23:02,-2016
NESTLEIND,2026-02-24,1280.0,42.6,100000.0,68000.0,16.6,156500.0,508000.0,1308.0,1340.4,1291.1,-0.023,2026-02-03 23:02,-2790
NESTLEIND,2026-02-24,1290.0,36.3,69500.0,228500.0,20.2,146000.0,476000.0,1308.0,1340.4,1291.1,-0.023,2026-02-03 23:02,-3169
NESTLEIND,2026-02-24,1300.0,30.55,412500.0,2141000.0,24.6,293000.0,1059500.0,1308.0,1340.4,1291.1,-0.023,2026-02-03 23:02,-3543
NESTLEIND,2026-02-24,1310.0,25.45,215500.0,958500.0,29.4,115500.0,208000.0,1308.0,1340.4,1291.1,-0.023,2026-02-03 23:02,-2628
NESTLEIND,2026-02-24,1320.0,21.1,284000.0,1192500.0,34.25,111000.0,92000.0,1308.0,1340.4,1291.1,-0.023,2026-02-03 23:02,-1713
NESTLEIND,2026-02-24,1330.0,17.5,267000.0,663500.0,41.25,59500.0,36500.0,1308.0,1340.4,1291.1,-0.023,2026-02-03 23:02,-393
NESTLEIND,2026-02-24,1340.0,14.3,502000.0,678000.0,49.0,56000.0,19000.0,1308.0,1340.4,1291.1,-0.023,2026-02-03 23:02,1255
NESTLEIND,2026-02-24,1350.0,11.7,505000.0,967000.0,67.1,30000.0,8500.0,1308.0,1340.4,1291.1,-0.023,2026-02-03 23:02,3684
NESTLEIND,2026-02-24,1360.0,9.45,547000.0,1057500.0,63.05,15500.0,16000.0,1308.0,1340.4,1291.1,-0.023,2026-02-03 23:02,6594
NESTLEIND,2026-02-24,1370.0,7.85,157500.0,211500.0,67.05,1500.0,0.0,1308.0,1340.4,1291.1,-0.023,2026-02-03 23:02,10096
NESTLEIND,2026-02-24,1380.0,6.45,97500.0,106500.0,82.3,6000.0,0.0,1308.0,1340.4,1291.1,-0.023,2026-02-03 23:02,13452
NESTLEIND,2026-02-24,1390.0,5.65,85500.0,36000.0,83.3,3500.0,0.0,1308.0,1340.4,1291.1,-0.023,2026-02-03 23:02,16811
NESTLEIND,2026-02-24,1400.0,4.4,373000.0,729500.0,112.0,12000.0,0.0,1308.0,1340.4,1291.1,-0.023,2026-02-03 23:02,20265
NESTLEIND,2026-02-24,1410.0,3.7,51000.0,32500.0,0.0,0.0,0.0,1308.0,1340.4,1291.1,-0.023,2026-02-03 23:02,24114
NESTLEIND,2026-02-24,1420.0,3.2,97000.0,102500.0,0.0,0.0,0.0,1308.0,1340.4,1291.1,-0.023,2026-02-03 23:02,28003
NESTLEIND,2026-02-24,1430.0,2.75,39500.0,53500.0,0.0,0.0,0.0,1308.0,1340.4,1291.1,-0.023,2026-02-03 23:02,32002
NESTLEIND,2026-02-24,1440.0,2.3,189500.0,201000.0,166.0,1500.0,0.0,1308.0,1340.4,1291.1,-0.023,2026-02-03 23:02,36020
NESTLEIND,2026-02-24,1450.0,2.05,30000.0,36000.0,0.0,0.0,0.0,1308.0,1340.4,1291.1,-0.023,2026-02-03 23:02,40236
NESTLEIND,2026-02-24,1460.0,1.6,52000.0,15000.0,0.0,0.0,0.0,1308.0,1340.4,1291.1,-0.023,2026-02-03 23:02,44470
NESTLEIND,2026-02-24,1480.0,1.4,109000.0,27000.0,0.0,0.0,0.0,1308.0,1340.4,1291.1,-0.023,2026-02-03 23:02,53039
NESTLEIND,2026-02-24,1500.0,1.0,264000.0,164000.0,195.5,5000.0,0.0,1308.0,1340.4,1291.1,-0.023,2026-02-03 23:02,61832
NESTLEIND,2026-02-24,1520.0,0.0,0.0,0.0,0.0,0.0,0.0,1308.0,1340.4,1291.1,-0.023,2026-02-03 23:02,71077
NHPC,2026-02-24,64.0,0.0,0.0,0.0,0.5,307200.0,6400.0,78.49,80.5,77.5,0.9,2026-02-03 23:02,21258
NHPC,2026-02-24,66.0,11.81,19200.0,25600.0,0.16,768000.0,742400.0,78.49,80.5,77.5,0.9,2026-02-03 23:02,16453
NHPC,2026-02-24,68.0,10.9,6400.0,0.0,0.25,1152000.0,1817600.0,78.49,80.5,77.5,0.9,2026-02-03 23:02,11831
NHPC,2026-02-24,69.0,0.0,0.0,0.0,0.0,0.0,0.0,78.49,80.5,77.5,0.9,2026-02-03 23:02,9609
NHPC,2026-02-24,70.0,7.98,153600.0,57600.0,0.4,2880000.0,3219200.0,78.49,80.5,77.5,0.9,2026-02-03 23:02,7409
NHPC,2026-02-24,71.0,6.41,19200.0,0.0,0.5,595200.0,364800.0,78.49,80.5,77.5,0.9,2026-02-03 23:02,5519
NHPC,2026-02-24,72.0,6.31,44800.0,0.0,0.65,2656000.0,1728000.0,78.49,80.5,77.5,0.9,2026-02-03 23:02,3666
NHPC,2026-02-24,73.0,4.64,51200.0,0.0,0.84,1177600.0,3219200.0,78.49,80.5,77.5,0.9,2026-02-03 23:02,1956
NHPC,2026-02-24,74.0,4.85,300800.0,83200.0,1.09,1356800.0,1580800.0,78.49,80.5,77.5,0.9,2026-02-03 23:02,438
NHPC,2026-02-24,75.0,4.16,1100800.0,787200.0,1.4,4396800.0,5875200.0,78.49,80.5,77.5,0.9,2026-02-03 23:02,-839
NHPC,2026-02-24,76.0,3.41,1305600.0,1126400.0,1.84,1369600.0,1420800.0,78.49,80.5,77.5,0.9,2026-02-03 23:02,-1724
NHPC,2026-02-24,77.0,2.94,1433600.0,2054400.0,2.27,1292800.0,2067200.0,78.49,80.5,77.5,0.9,2026-02-03 23:02,-1990
NHPC,2026-02-24,78.0,2.47,2182400.0,5107200.0,2.8,1523200.0,1734400.0,78.49,80.5,77.5,0.9,2026-02-03 23:02,-2049
NHPC,2026-02-24,79.0,2.1,1958400.0,3238400.0,3.43,1043200.0,985600.0,78.49,80.5,77.5,0.9,2026-02-03 23:02,-1753
NHPC,2026-02-24,80.0,1.72,5907200.0,13696000.0,4.02,1760000.0,3443200.0,78.49,80.5,77.5,0.9,2026-02-03 23:02,-1216
NHPC,2026-02-24,81.0,1.45,761600.0,1273600.0,4.8,134400.0,0.0,78.49,80.5,77.5,0.9,2026-02-03 23:02,342
NHPC,2026-02-24,82.0,1.23,1708800.0,2592000.0,5.46,160000.0,153600.0,78.49,80.5,77.5,0.9,2026-02-03 23:02,1728
NHPC,2026-02-24,83.0,1.0,1408000.0,3104000.0,6.4,300800.0,774400.0,78.49,80.5,77.5,0.9,2026-02-03 23:02,3378
NHPC,2026-02-24,84.0,0.84,883200.0,851200.0,7.14,102400.0,64000.0,78.49,80.5,77.5,0.9,2026-02-03 23:02,5025
NHPC,2026-02-24,85.0,0.71,3827200.0,7027200.0,7.99,1164800.0,179200.0,78.49,80.5,77.5,0.9,2026-02-03 23:02,6822
NHPC,2026-02-24,86.0,0.61,441600.0,236800.0,9.08,0.0,0.0,78.49,80.5,77.5,0.9,2026-02-03 23:02,8459
NHPC,2026-02-24,87.0,0.51,2265600.0,1209600.0,11.7,32000.0,0.0,78.49,80.5,77.5,0.9,2026-02-03 23:02,10826
NHPC,2026-02-24,88.0,0.43,793600.0,1203200.0,12.16,0.0,0.0,78.49,80.5,77.5,0.9,2026-02-03 23:02,13473
NHPC,2026-02-24,90.0,0.33,1964800.0,1958400.0,12.27,70400.0,19200.0,78.49,80.5,77.5,0.9,2026-02-03 23:02,18805
NHPC,2026-02-24,91.0,0.9,19200.0,0.0,0.0,0.0,0.0,78.49,80.5,77.5,0.9,2026-02-03 23:02,21636
NHPC,2026-02-24,92.0,0.25,275200.0,876800.0,17.0,12800.0,0.0,78.49,80.5,77.5,0.9,2026-02-03 23:02,24492
NHPC,2026-02-24,95.0,0.19,1676800.0,377600.0,0.0,0.0,0.0,78.49,80.5,77.5,0.9,2026-02-03 23:02,33127
NHPC,2026-02-24,96.0,0.17,268800.0,25600.0,0.0,0.0,0.0,78.49,80.5,77.5,0.9,2026-02-03 23:02,36210
NMDC,2026-02-24,64.0,0.0,0.0,0.0,0.12,749250.0,202500.0,81.65,84.5,80.81,0.258,2026-02-03 23:02,47373
NMDC,2026-02-24,66.0,19.26,445500.0,0.0,0.17,2254500.0,897750.0,81.65,84.5,80.81,0.258,2026-02-03 23:02,37968
NMDC,2026-02-24,68.0,10.45,27000.0,0.0,0.22,924750.0,1363500.0,81.65,84.5,80.81,0.258,2026-02-03 23:02,29932
NMDC,2026-02-24,69.0,0.0,0.0,0.0,0.26,310500.0,843750.0,81.65,84.5,80.81,0.258,2026-02-03 23:02,25607
NMDC,2026-02-24,70.0,11.62,256500.0,0.0,0.3,7182000.0,4974750.0,81.65,84.5,80.81,0.258,2026-02-03 23:02,21297
NMDC,2026-02-24,71.0,0.0,0.0,0.0,0.34,108000.0,445500.0,81.65,84.5,80.81,0.258,2026-02-03 23:02,17821
NMDC,2026-02-24,72.0,0.0,0.0,0.0,0.4,1566000.0,1822500.0,81.65,84.5,80.81,0.258,2026-02-03 23:02,14271
NMDC,2026-02-24,73.0,9.75,13500.0,40500.0,0.48,634500.0,938250.0,81.65,84.5,80.81,0.258,2026-02-03 23:02,10818
NMDC,2026-02-24,74.0,8.15,108000.0,0.0,0.6,1154250.0,1363500.0,81.65,84.5,80.81,0.258,2026-02-03 23:02,7474
NMDC,2026-02-24,75.0,7.53,1680750.0,276750.0,0.72,4380750.0,9429750.0,81.65,84.5,80.81,0.258,2026-02-03 23:02,4294
NMDC,2026-02-24,76.0,6.7,735750.0,108000.0,0.86,1167750.0,2261250.0,81.65,84.5,80.81,0.258,2026-02-03 23:02,2651
NMDC,2026-02-24,77.0,6.08,2099250.0,182250.0,1.09,978750.0,2058750.0,81.65,84.5,80.81,0.258,2026-02-03 23:02,640
NMDC,2026-02-24,78.0,5.14,1613250.0,297000.0,1.32,2517750.0,4752000.0,81.65,84.5,80.81,0.258,2026-02-03 23:02,-284
NMDC,2026-02-24,79.0,4.5,729000.0,641250.0,1.64,1248750.0,2268000.0,81.65,84.5,80.81,0.258,2026-02-03 23:02,-1470
NMDC,2026-02-24,80.0,3.84,6486750.0,12690000.0,2.0,6655500.0,21525750.0,81.65,84.5,80.81,0.258,2026-02-03 23:02,-2831
NMDC,2026-02-24,81.0,3.24,5150250.0,9375750.0,2.43,1660500.0,9355500.0,81.65,84.5,80.81,0.258,2026-02-03 23:02,-1841
NMDC,2026-02-24,82.0,2.77,7458750.0,24873750.0,2.9,3726000.0,8498250.0,81.65,84.5,80.81,0.258,2026-02-03 23:02,-65
NMDC,2026-02-24,83.0,2.32,3564000.0,12332250.0,3.42,1633500.0,2760750.0,81.65,84.5,80.81,0.258,2026-02-03 23:02,2549
NMDC,2026-02-24,84.0,1.91,5427000.0,10381500.0,4.08,1194750.0,762750.0,81.65,84.5,80.81,0.258,2026-02-03 23:02,4967
NMDC,2026-02-24,85.0,1.64,14917500.0,35282250.0,4.71,2335500.0,1329750.0,81.65,84.5,80.81,0.258,2026-02-03 23:02,8327
NMDC,2026-02-24,86.0,1.35,2862000.0,5224500.0,5.49,519750.0,283500.0,81.65,84.5,80.81,0.258,2026-02-03 23:02,14210
NMDC,2026-02-24,87.0,1.12,2126250.0,2673000.0,5.86,243000.0,101250.0,81.65,84.5,80.81,0.258,2026-02-03 23:02,19186
NMDC,2026-02-24,88.0,0.96,3078000.0,5339250.0,6.32,148500.0,0.0,81.65,84.5,80.81,0.258,2026-02-03 23:02,24394
NMDC,2026-02-24,89.0,0.79,715500.0,1309500.0,8.88,94500.0,0.0,81.65,84.5,80.81,0.258,2026-02-03 23:02,30030
NMDC,2026-02-24,90.0,0.66,14688000.0,17658000.0,8.69,3800250.0,985500.0,81.65,84.5,80.81,0.258,2026-02-03 23:02,35518
NMDC,2026-02-24,91.0,0.56,2706750.0,1289250.0,13.52,60750.0,0.0,81.65,84.5,80.81,0.258,2026-02-03 23:02,40549
NMDC,2026-02-24,92.0,0.47,1086750.0,1964250.0,12.09,94500.0,0.0,81.65,84.5,80.81,0.258,2026-02-03 23:02,48259
NMDC,2026-02-24,93.0,0.41,364500.0,857250.0,0.0,0.0,0.0,81.65,84.5,80.81,0.258,2026-02-03 23:02,55955
NMDC,2026-02-24,94.0,0.35,1235250.0,1937250.0,16.1,128250.0,0.0,81.65,84.5,80.81,0.258,2026-02-03 23:02,63766
NMDC,2026-02-24,96.0,0.28,992250.0,1201500.0,17.92,6750.0,0.0,81.65,84.5,80.81,0.258,2026-02-03 23:02,79466
NMDC,2026-02-24,98.0,0.21,2106000.0,2436750.0,18.7,249750.0,0.0,81.65,84.5,80.81,0.258,2026-02-03 23:02,95546
NTPC,2026-02-24,280.0,0.0,0.0,0.0,0.1,256500.0,48000.0,358.55,365.95,353.8,2.341,2026-02-03 23:02,101691
NTPC,2026-02-24,285.0,0.0,0.0,0.0,0.15,165000.0,25500.0,358.55,365.95,353.8,2.341,2026-02-03 23:02,90096
NTPC,2026-02-24,287.5,0.0,0.0,0.0,0.0,0.0,0.0,358.55,365.95,353.8,2.341,2026-02-03 23:02,84339
NTPC,2026-02-24,290.0,56.85,3000.0,0.0,0.2,466500.0,156000.0,358.55,365.95,353.8,2.341,2026-02-03 23:02,78584
NTPC,2026-02-24,292.5,0.0,0.0,0.0,0.0,0.0,0.0,358.55,365.95,353.8,2.341,2026-02-03 23:02,72954
NTPC,2026-02-24,295.0,0.0,0.0,0.0,0.0,0.0,0.0,358.55,365.95,353.8,2.341,2026-02-03 23:02,67317
NTPC,2026-02-24,297.5,0.0,0.0,0.0,0.0,0.0,0.0,358.55,365.95,353.8,2.341,2026-02-03 23:02,61680
NTPC,2026-02-24,300.0,49.1,7500.0,0.0,0.3,1081500.0,408000.0,358.55,365.95,353.8,2.341,2026-02-03 23:02,56042
NTPC,2026-02-24,302.5,0.0,0.0,0.0,0.0,0.0,0.0,358.55,365.95,353.8,2.341,2026-02-03 23:02,50681
NTPC,2026-02-24,305.0,0.0,0.0,0.0,0.0,0.0,0.0,358.55,365.95,353.8,2.341,2026-02-03 23:02,45316
NTPC,2026-02-24,307.5,0.0,0.0,0.0,0.4,231000.0,64500.0,358.55,365.95,353.8,2.341,2026-02-03 23:02,39951
NTPC,2026-02-24,310.0,0.0,0.0,0.0,0.4,787500.0,381000.0,358.55,365.95,353.8,2.341,2026-02-03 23:02,34635
NTPC,2026-02-24,312.5,0.0,0.0,0.0,0.8,232500.0,13500.0,358.55,365.95,353.8,2.341,2026-02-03 23:02,29493
NTPC,2026-02-24,315.0,26.9,0.0,0.0,0.45,327000.0,132000.0,358.55,365.95,353.8,2.341,2026-02-03 23:02,24422
NTPC,2026-02-24,317.5,0.0,0.0,0.0,0.55,225000.0,96000.0,358.55,365.95,353.8,2.341,2026-02-03 23:02,19436
NTPC,2026-02-24,320.0,36.95,54000.0,9000.0,0.6,2764500.0,1240500.0,358.55,365.95,353.8,2.341,2026-02-03 23:02,14510
NTPC,2026-02-24,322.5,22.9,15000.0,0.0,0.7,393000.0,231000.0,358.55,365.95,353.8,2.341,2026-02-03 23:02,10333
NTPC,2026-02-24,325.0,33.3,40500.0,6000.0,0.75,420000.0,552000.0,358.55,365.95,353.8,2.341,2026-02-03 23:02,6233
NTPC,2026-02-24,327.5,19.8,42000.0,0.0,0.85,159000.0,132000.0,358.55,365.95,353.8,2.341,2026-02-03 23:02,2343
NTPC,2026-02-24,330.0,27.5,292500.0,54000.0,0.95,1575000.0,1479000.0,358.55,365.95,353.8,2.341,2026-02-03 23:02,-1528
NTPC,2026-02-24,332.5,17.35,42000.0,0.0,1.1,613500.0,730500.0,358.55,365.95,353.8,2.341,2026-02-03 23:02,-4349
NTPC,2026-02-24,335.0,22.65,265500.0,39000.0,1.25,876000.0,940500.0,358.55,365.95,353.8,2.341,2026-02-03 23:02,-7655
NTPC,2026-02-24,337.5,20.55,195000.0,25500.0,1.45,378000.0,271500.0,358.55,365.95,353.8,2.341,2026-02-03 23:02,-10190
NTPC,2026-02-24,340.0,18.4,609000.0,672000.0,1.75,2955000.0,4683000.0,358.55,365.95,353.8,2.341,2026-02-03 23:02,-12727
NTPC,2026-02-24,342.5,15.75,204000.0,162000.0,2.05,516000.0,1458000.0,358.55,365.95,353.8,2.341,2026-02-03 23:02,-14115
NTPC,2026-02-24,345.0,14.0,1384500.0,883500.0,2.45,705000.0,3196500.0,358.55,365.95,353.8,2.341,2026-02-03 23:02,-15712
NTPC,2026-02-24,347.5,12.25,957000.0,922500.0,3.0,543000.0,3057000.0,358.55,365.95,353.8,2.341,2026-02-03 23:02,-15236
NTPC,2026-02-24,350.0,10.15,12579000.0,7143000.0,3.6,2466000.0,6451500.0,358.55,365.95,353.8,2.341,2026-02-03 23:02,-15141
NTPC,2026-02-24,352.5,8.55,750000.0,2566500.0,4.6,351000.0,1806000.0,358.55,365.95,353.8,2.341,2026-02-03 23:02,-415
NTPC,2026-02-24,355.0,7.0,2940000.0,11116500.0,5.55,789000.0,5442000.0,358.55,365.95,353.8,2.341,2026-02-03 23:02,3186
NTPC,2026-02-24,357.5,5.75,996000.0,6309000.0,6.85,343500.0,1467000.0,358.55,365.95,353.8,2.341,2026-02-03 23:02,8860
NTPC,2026-02-24,360.0,4.8,7152000.0,20443500.0,8.2,801000.0,1995000.0,358.55,365.95,353.8,2.341,2026-02-03 23:02,13587
NTPC,2026-02-24,362.5,3.9,960000.0,5523000.0,9.9,220500.0,307500.0,358.55,365.95,353.8,2.341,2026-02-03 23:02,22740
NTPC,2026-02-24,365.0,3.05,10824000.0,6633000.0,11.5,178500.0,285000.0,358.55,365.95,353.8,2.341,2026-02-03 23:02,29568
NTPC,2026-02-24,367.5,2.6,831000.0,1618500.0,13.25,75000.0,22500.0,358.55,365.95,353.8,2.341,2026-02-03 23:02,42088
NTPC,2026-02-24,370.0,2.15,10396500.0,13383000.0,15.2,175500.0,100500.0,358.55,365.95,353.8,2.341,2026-02-03 23:02,51854
NTPC,2026-02-24,372.5,1.9,492000.0,741000.0,17.45,31500.0,18000.0,358.55,365.95,353.8,2.341,2026-02-03 23:02,66115
NTPC,2026-02-24,375.0,1.5,949500.0,2602500.0,19.4,48000.0,51000.0,358.55,365.95,353.8,2.341,2026-02-03 23:02,78577
NTPC,2026-02-24,377.5,1.35,139500.0,349500.0,24.4,1500.0,3000.0,358.55,365.95,353.8,2.341,2026-02-03 23:02,91299
NTPC,2026-02-24,380.0,1.1,3294000.0,5182500.0,23.7,2253000.0,111000.0,358.55,365.95,353.8,2.341,2026-02-03 23:02,104022
NTPC,2026-02-24,382.5,1.1,142500.0,223500.0,0.0,0.0,0.0,358.55,365.95,353.8,2.341,2026-02-03 23:02,113139
NTPC,2026-02-24,385.0,0.85,363000.0,937500.0,0.0,0.0,0.0,358.55,365.95,353.8,2.341,2026-02-03 23:02,127285
NTPC,2026-02-24,387.5,1.1,1500.0,3000.0,0.0,0.0,0.0,358.55,365.95,353.8,2.341,2026-02-03 23:02,141537
NTPC,2026-02-24,390.0,0.7,781500.0,2149500.0,39.6,1500.0,0.0,358.55,365.95,353.8,2.341,2026-02-03 23:02,155759
NTPC,2026-02-24,395.0,0.55,238500.0,564000.0,0.0,0.0,0.0,358.55,365.95,353.8,2.341,2026-02-03 23:02,184642
NTPC,2026-02-24,400.0,0.45,4383000.0,6346500.0,53.75,34500.0,0.0,358.55,365.95,353.8,2.341,2026-02-03 23:02,213609
NTPC,2026-02-24,405.0,0.4,135000.0,31500.0,0.0,0.0,0.0,358.55,365.95,353.8,2.341,2026-02-03 23:02,244783
NTPC,2026-02-24,410.0,0.3,1459500.0,1425000.0,0.0,0.0,0.0,358.55,365.95,353.8,2.341,2026-02-03 23:02,276019
NYKAA,2026-02-24,195.0,0.0,0.0,0.0,0.0,0.0,0.0,245.41,248.72,242.0,3.278,2026-02-03 23:02,23431
NYKAA,2026-02-24,200.0,0.0,0.0,0.0,0.64,290625.0,262500.0,245.41,248.72,242.0,3.278,2026-02-03 23:02,19945
NYKAA,2026-02-24,205.0,0.0,0.0,0.0,0.0,0.0,0.0,245.41,248.72,242.0,3.278,2026-02-03 23:02,16586
NYKAA,2026-02-24,210.0,0.0,0.0,0.0,0.97,206250.0,184375.0,245.41,248.72,242.0,3.278,2026-02-03 23:02,13245
NYKAA,2026-02-24,212.5,23.45,3125.0,0.0,2.2,3125.0,0.0,245.41,248.72,242.0,3.278,2026-02-03 23:02,11606
NYKAA,2026-02-24,215.0,0.0,0.0,0.0,1.18,321875.0,446875.0,245.41,248.72,242.0,3.278,2026-02-03 23:02,9996
NYKAA,2026-02-24,217.5,0.0,0.0,0.0,2.22,115625.0,0.0,245.41,248.72,242.0,3.278,2026-02-03 23:02,8421
NYKAA,2026-02-24,220.0,21.7,9375.0,0.0,1.59,343750.0,378125.0,245.41,248.72,242.0,3.278,2026-02-03 23:02,6888
NYKAA,2026-02-24,222.5,0.0,0.0,0.0,0.0,0.0,0.0,245.41,248.72,242.0,3.278,2026-02-03 23:02,5434
NYKAA,2026-02-24,225.0,15.78,37500.0,0.0,2.03,481250.0,625000.0,245.41,248.72,242.0,3.278,2026-02-03 23:02,4014
NYKAA,2026-02-24,227.5,0.0,0.0,0.0,2.32,178125.0,59375.0,245.41,248.72,242.0,3.278,2026-02-03 23:02,2686
NYKAA,2026-02-24,230.0,18.02,78125.0,25000.0,3.06,653125.0,446875.0,245.41,248.72,242.0,3.278,2026-02-03 23:02,1399
NYKAA,2026-02-24,232.5,11.24,37500.0,0.0,3.63,165625.0,243750.0,245.41,248.72,242.0,3.278,2026-02-03 23:02,278
NYKAA,2026-02-24,235.0,15.25,503125.0,165625.0,4.18,1762500.0,1328125.0,245.41,248.72,242.0,3.278,2026-02-03 23:02,-751
NYKAA,2026-02-24,237.5,14.15,196875.0,59375.0,4.92,165625.0,150000.0,245.41,248.72,242.0,3.278,2026-02-03 23:02,-1166
NYKAA,2026-02-24,240.0,11.1,871875.0,1290625.0,6.13,687500.0,2053125.0,245.41,248.72,242.0,3.278,2026-02-03 23:02,-1323
NYKAA,2026-02-24,242.5,9.55,153125.0,243750.0,6.98,71875.0,21875.0,245.41,248.72,242.0,3.278,2026-02-03 23:02,-742
NYKAA,2026-02-24,245.0,8.0,371875.0,762500.0,8.23,559375.0,653125.0,245.41,248.72,242.0,3.278,2026-02-03 23:02,-554
NYKAA,2026-02-24,247.5,7.04,40625.0,153125.0,8.89,25000.0,43750.0,245.41,248.72,242.0,3.278,2026-02-03 23:02,-393
NYKAA,2026-02-24,250.0,5.99,937500.0,2584375.0,10.0,378125.0,584375.0,245.41,248.72,242.0,3.278,2026-02-03 23:02,-46
NYKAA,2026-02-24,252.5,5.3,96875.0,103125.0,10.95,0.0,6250.0,245.41,248.72,242.0,3.278,2026-02-03 23:02,806
NYKAA,2026-02-24,255.0,4.45,581250.0,896875.0,14.18,21875.0,37500.0,245.41,248.72,242.0,3.278,2026-02-03 23:02,1551
NYKAA,2026-02-24,257.5,2.35,165625.0,0.0,0.0,0.0,0.0,245.41,248.72,242.0,3.278,2026-02-03 23:02,2623
NYKAA,2026-02-24,260.0,3.15,996875.0,1790625.0,16.27,87500.0,50000.0,245.41,248.72,242.0,3.278,2026-02-03 23:02,3548
NYKAA,2026-02-24,262.5,2.75,103125.0,59375.0,0.0,0.0,0.0,245.41,248.72,242.0,3.278,2026-02-03 23:02,4877
NYKAA,2026-02-24,265.0,2.34,437500.0,609375.0,20.22,18750.0,28125.0,245.41,248.72,242.0,3.278,2026-02-03 23:02,6088
NYKAA,2026-02-24,267.5,1.75,96875.0,0.0,17.0,3125.0,0.0,245.41,248.72,242.0,3.278,2026-02-03 23:02,7449
NYKAA,2026-02-24,270.0,1.65,821875.0,578125.0,26.32,278125.0,28125.0,245.41,248.72,242.0,3.278,2026-02-03 23:02,8783
NYKAA,2026-02-24,272.5,1.73,50000.0,3125.0,0.0,0.0,0.0,245.41,248.72,242.0,3.278,2026-02-03 23:02,9783
NYKAA,2026-02-24,275.0,1.1,75000.0,84375.0,37.95,12500.0,0.0,245.41,248.72,242.0,3.278,2026-02-03 23:02,11401
NYKAA,2026-02-24,277.5,0.0,0.0,0.0,24.45,15625.0,0.0,245.41,248.72,242.0,3.278,2026-02-03 23:02,12993
NYKAA,2026-02-24,280.0,0.89,700000.0,378125.0,43.75,25000.0,0.0,245.41,248.72,242.0,3.278,2026-02-03 23:02,14590
NYKAA,2026-02-24,282.5,1.3,3125.0,0.0,0.0,0.0,0.0,245.41,248.72,242.0,3.278,2026-02-03 23:02,16360
NYKAA,2026-02-24,290.0,0.52,12500.0,21875.0,0.0,0.0,0.0,245.41,248.72,242.0,3.278,2026-02-03 23:02,21812
NYKAA,2026-02-24,300.0,0.26,234375.0,93750.0,55.35,100000.0,31250.0,245.41,248.72,242.0,3.278,2026-02-03 23:02,29093
OBEROIRLTY,2026-02-24,1200.0,0.0,0.0,0.0,1.75,1050.0,0.0,1528.0,1550.4,1510.0,3.664,2026-02-03 23:02,35402
OBEROIRLTY,2026-02-24,1240.0,0.0,0.0,0.0,0.55,3850.0,13300.0,1528.0,1550.4,1510.0,3.664,2026-02-03 23:02,28289
OBEROIRLTY,2026-02-24,1280.0,0.0,0.0,0.0,5.0,350.0,0.0,1528.0,1550.4,1510.0,3.664,2026-02-03 23:02,21193
OBEROIRLTY,2026-02-24,1300.0,0.0,0.0,0.0,1.1,42700.0,32550.0,1528.0,1550.4,1510.0,3.664,2026-02-03 23:02,17645
OBEROIRLTY,2026-02-24,1320.0,0.0,0.0,0.0,1.65,35700.0,33250.0,1528.0,1550.4,1510.0,3.664,2026-02-03 23:02,14178
OBEROIRLTY,2026-02-24,1340.0,0.0,0.0,0.0,2.1,370300.0,66150.0,1528.0,1550.4,1510.0,3.664,2026-02-03 23:02,10781
OBEROIRLTY,2026-02-24,1360.0,155.05,3150.0,0.0,7.75,198100.0,0.0,1528.0,1550.4,1510.0,3.664,2026-02-03 23:02,8053
OBEROIRLTY,2026-02-24,1380.0,106.95,10850.0,0.0,10.4,79800.0,0.0,1528.0,1550.4,1510.0,3.664,2026-02-03 23:02,5701
OBEROIRLTY,2026-02-24,1400.0,141.05,66150.0,7000.0,6.1,114100.0,150150.0,1528.0,1550.4,1510.0,3.664,2026-02-03 23:02,3668
OBEROIRLTY,2026-02-24,1420.0,123.1,18900.0,4550.0,8.7,31150.0,30450.0,1528.0,1550.4,1510.0,3.664,2026-02-03 23:02,2825
OBEROIRLTY,2026-02-24,1440.0,107.35,86450.0,17150.0,11.8,147700.0,128100.0,1528.0,1550.4,1510.0,3.664,2026-02-03 23:02,1425
OBEROIRLTY,2026-02-24,1460.0,89.95,143500.0,46900.0,15.4,112350.0,62300.0,1528.0,1550.4,1510.0,3.664,2026-02-03 23:02,1041
OBEROIRLTY,2026-02-24,1480.0,74.8,72450.0,53900.0,20.55,115500.0,83300.0,1528.0,1550.4,1510.0,3.664,2026-02-03 23:02,1533
OBEROIRLTY,2026-02-24,1500.0,61.9,283150.0,891450.0,26.75,213850.0,217350.0,1528.0,1550.4,1510.0,3.664,2026-02-03 23:02,1588
OBEROIRLTY,2026-02-24,1520.0,49.45,73850.0,100100.0,35.05,74200.0,99750.0,1528.0,1550.4,1510.0,3.664,2026-02-03 23:02,3512
OBEROIRLTY,2026-02-24,1540.0,38.9,77000.0,240100.0,44.75,79450.0,164150.0,1528.0,1550.4,1510.0,3.664,2026-02-03 23:02,4658
OBEROIRLTY,2026-02-24,1560.0,30.55,68600.0,237300.0,56.4,10850.0,19250.0,1528.0,1550.4,1510.0,3.664,2026-02-03 23:02,5955
OBEROIRLTY,2026-02-24,1580.0,24.1,85750.0,132300.0,68.9,10850.0,12950.0,1528.0,1550.4,1510.0,3.664,2026-02-03 23:02,7615
OBEROIRLTY,2026-02-24,1600.0,17.85,210350.0,882700.0,81.9,49700.0,10850.0,1528.0,1550.4,1510.0,3.664,2026-02-03 23:02,9452
OBEROIRLTY,2026-02-24,1620.0,15.65,1050.0,1400.0,0.0,0.0,0.0,1528.0,1550.4,1510.0,3.664,2026-02-03 23:02,11646
OBEROIRLTY,2026-02-24,1640.0,10.6,114100.0,78750.0,193.05,700.0,0.0,1528.0,1550.4,1510.0,3.664,2026-02-03 23:02,13875
OBEROIRLTY,2026-02-24,1660.0,8.35,23100.0,11200.0,208.0,12950.0,0.0,1528.0,1550.4,1510.0,3.664,2026-02-03 23:02,16440
OBEROIRLTY,2026-02-24,1680.0,4.0,7350.0,0.0,225.5,1400.0,0.0,1528.0,1550.4,1510.0,3.664,2026-02-03 23:02,18719
OBEROIRLTY,2026-02-24,1700.0,5.2,133350.0,240800.0,240.0,24500.0,0.0,1528.0,1550.4,1510.0,3.664,2026-02-03 23:02,21237
OBEROIRLTY,2026-02-24,1720.0,0.0,0.0,0.0,0.0,0.0,0.0,1528.0,1550.4,1510.0,3.664,2026-02-03 23:02,23580
OBEROIRLTY,2026-02-24,1740.0,31.0,700.0,0.0,245.0,1400.0,0.0,1528.0,1550.4,1510.0,3.664,2026-02-03 23:02,26443
OBEROIRLTY,2026-02-24,1760.0,2.75,21000.0,18200.0,274.2,1050.0,0.0,1528.0,1550.4,1510.0,3.664,2026-02-03 23:02,29277
OBEROIRLTY,2026-02-24,1780.0,0.0,0.0,0.0,284.15,1050.0,0.0,1528.0,1550.4,1510.0,3.664,2026-02-03 23:02,32164
OBEROIRLTY,2026-02-24,1800.0,0.0,0.0,0.0,342.5,11900.0,0.0,1528.0,1550.4,1510.0,3.664,2026-02-03 23:02,35047
OBEROIRLTY,2026-02-24,1820.0,0.0,0.0,0.0,373.95,350.0,0.0,1528.0,1550.4,1510.0,3.664,2026-02-03 23:02,37576
OBEROIRLTY,2026-02-24,1840.0,0.85,7350.0,0.0,321.9,1050.0,0.0,1528.0,1550.4,1510.0,3.664,2026-02-03 23:02,40500
OBEROIRLTY,2026-02-24,1860.0,0.0,0.0,0.0,362.35,1050.0,0.0,1528.0,1550.4,1510.0,3.664,2026-02-03 23:02,43421
OBEROIRLTY,2026-02-24,1880.0,0.5,4550.0,0.0,382.75,4550.0,0.0,1528.0,1550.4,1510.0,3.664,2026-02-03 23:02,46339
OBEROIRLTY,2026-02-24,1900.0,9.55,700.0,0.0,401.15,1050.0,0.0,1528.0,1550.4,1510.0,3.664,2026-02-03 23:02,49140
OBEROIRLTY,2026-02-24,1920.0,0.5,700.0,0.0,456.85,1050.0,0.0,1528.0,1550.4,1510.0,3.664,2026-02-03 23:02,52076
OBEROIRLTY,2026-02-24,1960.0,6.0,700.0,0.0,460.75,1750.0,0.0,1528.0,1550.4,1510.0,3.664,2026-02-03 23:02,57991
OBEROIRLTY,2026-02-24,2000.0,0.2,7700.0,0.0,463.0,21700.0,17150.0,1528.0,1550.4,1510.0,3.664,2026-02-03 23:02,63883
OFSS,2026-02-24,6400.0,1355.25,0.0,0.0,7.6,4950.0,0.0,7826.5,8015.5,7805.5,1.189,2026-02-03 23:02,29559
OFSS,2026-02-24,6600.0,0.0,0.0,0.0,14.0,3225.0,300.0,7826.5,8015.5,7805.5,1.189,2026-02-03 23:02,24626
OFSS,2026-02-24,6700.0,0.0,0.0,0.0,56.35,600.0,0.0,7826.5,8015.5,7805.5,1.189,2026-02-03 23:02,22189
OFSS,2026-02-24,6800.0,960.5,450.0,0.0,12.0,6600.0,6375.0,7826.5,8015.5,7805.5,1.189,2026-02-03 23:02,19759
OFSS,2026-02-24,6900.0,1063.5,225.0,225.0,13.05,2100.0,375.0,7826.5,8015.5,7805.5,1.189,2026-02-03 23:02,17439
OFSS,2026-02-24,7000.0,778.15,75.0,0.0,20.0,17850.0,15450.0,7826.5,8015.5,7805.5,1.189,2026-02-03 23:02,15128
OFSS,2026-02-24,7100.0,988.7,0.0,0.0,19.65,3975.0,600.0,7826.5,8015.5,7805.5,1.189,2026-02-03 23:02,12945
OFSS,2026-02-24,7200.0,598.05,300.0,0.0,35.0,10125.0,10050.0,7826.5,8015.5,7805.5,1.189,2026-02-03 23:02,10823
OFSS,2026-02-24,7300.0,0.0,0.0,0.0,46.4,4275.0,4350.0,7826.5,8015.5,7805.5,1.189,2026-02-03 23:02,8797
OFSS,2026-02-24,7400.0,381.45,450.0,0.0,47.45,4725.0,3000.0,7826.5,8015.5,7805.5,1.189,2026-02-03 23:02,6810
OFSS,2026-02-24,7500.0,425.5,1650.0,900.0,83.2,18000.0,12900.0,7826.5,8015.5,7805.5,1.189,2026-02-03 23:02,4890
OFSS,2026-02-24,7600.0,459.8,2100.0,450.0,108.65,6750.0,6150.0,7826.5,8015.5,7805.5,1.189,2026-02-03 23:02,3092
OFSS,2026-02-24,7700.0,276.1,13725.0,23250.0,145.0,21075.0,45675.0,7826.5,8015.5,7805.5,1.189,2026-02-03 23:02,1486
OFSS,2026-02-24,7800.0,233.95,25950.0,45225.0,180.85,30900.0,22200.0,7826.5,8015.5,7805.5,1.189,2026-02-03 23:02,278
OFSS,2026-02-24,7900.0,184.0,18000.0,34575.0,236.95,25050.0,25350.0,7826.5,8015.5,7805.5,1.189,2026-02-03 23:02,-386
OFSS,2026-02-24,8000.0,142.0,103200.0,242550.0,295.0,50700.0,9525.0,7826.5,8015.5,7805.5,1.189,2026-02-03 23:02,-932
OFSS,2026-02-24,8100.0,112.55,23625.0,34125.0,353.45,11700.0,525.0,7826.5,8015.5,7805.5,1.189,2026-02-03 23:02,293
OFSS,2026-02-24,8200.0,85.0,26100.0,52800.0,331.85,6825.0,75.0,7826.5,8015.5,7805.5,1.189,2026-02-03 23:02,1755
OFSS,2026-02-24,8300.0,67.0,7425.0,11850.0,610.0,2250.0,0.0,7826.5,8015.5,7805.5,1.189,2026-02-03 23:02,3689
OFSS,2026-02-24,8400.0,51.0,5400.0,22575.0,524.9,1650.0,0.0,7826.5,8015.5,7805.5,1.189,2026-02-03 23:02,5637
OFSS,2026-02-24,8500.0,40.0,47175.0,112950.0,666.8,4500.0,0.0,7826.5,8015.5,7805.5,1.189,2026-02-03 23:02,7684
OFSS,2026-02-24,8600.0,33.0,7275.0,7125.0,648.0,1125.0,0.0,7826.5,8015.5,7805.5,1.189,2026-02-03 23:02,10196
OFSS,2026-02-24,8700.0,29.05,4275.0,0.0,715.0,225.0,0.0,7826.5,8015.5,7805.5,1.189,2026-02-03 23:02,12854
OFSS,2026-02-24,8800.0,20.3,5850.0,5325.0,969.55,6075.0,3900.0,7826.5,8015.5,7805.5,1.189,2026-02-03 23:02,15602
OFSS,2026-02-24,8900.0,21.0,1725.0,975.0,0.0,0.0,0.0,7826.5,8015.5,7805.5,1.189,2026-02-03 23:02,17896
OFSS,2026-02-24,9000.0,13.2,33600.0,92925.0,1107.1,6075.0,375.0,7826.5,8015.5,7805.5,1.189,2026-02-03 23:02,20787
OFSS,2026-02-24,9200.0,15.0,1425.0,225.0,1180.0,75.0,0.0,7826.5,8015.5,7805.5,1.189,2026-02-03 23:02,26729
OFSS,2026-02-24,9600.0,5.5,3900.0,2700.0,0.0,0.0,0.0,7826.5,8015.5,7805.5,1.189,2026-02-03 23:02,39923
OIL,2026-02-24,350.0,0.0,0.0,0.0,0.6,60200.0,22400.0,488.9,496.8,476.6,1.159,2026-02-03 23:02,47801
OIL,2026-02-24,360.0,0.0,0.0,0.0,0.65,47600.0,12600.0,488.9,496.8,476.6,1.159,2026-02-03 23:02,42415
OIL,2026-02-24,370.0,109.35,2800.0,0.0,0.0,0.0,0.0,488.9,496.8,476.6,1.159,2026-02-03 23:02,37078
OIL,2026-02-24,375.0,0.0,0.0,0.0,1.0,9800.0,7000.0,488.9,496.8,476.6,1.159,2026-02-03 23:02,34443
OIL,2026-02-24,380.0,0.0,0.0,0.0,0.9,42000.0,21000.0,488.9,496.8,476.6,1.159,2026-02-03 23:02,31782
OIL,2026-02-24,385.0,0.0,0.0,0.0,1.0,11200.0,0.0,488.9,496.8,476.6,1.159,2026-02-03 23:02,29138
OIL,2026-02-24,390.0,32.0,1400.0,0.0,1.8,42000.0,4200.0,488.9,496.8,476.6,1.159,2026-02-03 23:02,26503
OIL,2026-02-24,400.0,113.0,12600.0,0.0,1.4,138600.0,93800.0,488.9,496.8,476.6,1.159,2026-02-03 23:02,21275
OIL,2026-02-24,405.0,29.0,2800.0,0.0,1.65,37800.0,19600.0,488.9,496.8,476.6,1.159,2026-02-03 23:02,18861
OIL,2026-02-24,410.0,0.0,0.0,0.0,1.85,113400.0,44800.0,488.9,496.8,476.6,1.159,2026-02-03 23:02,16347
OIL,2026-02-24,415.0,20.3,15400.0,0.0,2.15,40600.0,21000.0,488.9,496.8,476.6,1.159,2026-02-03 23:02,13866
OIL,2026-02-24,420.0,68.25,19600.0,1400.0,2.45,203000.0,134400.0,488.9,496.8,476.6,1.159,2026-02-03 23:02,11457
OIL,2026-02-24,425.0,0.0,0.0,0.0,3.1,100800.0,77000.0,488.9,496.8,476.6,1.159,2026-02-03 23:02,9220
OIL,2026-02-24,430.0,49.6,67200.0,0.0,3.45,414400.0,390600.0,488.9,496.8,476.6,1.159,2026-02-03 23:02,6919
OIL,2026-02-24,435.0,60.45,23800.0,0.0,4.0,98000.0,117600.0,488.9,496.8,476.6,1.159,2026-02-03 23:02,5080
OIL,2026-02-24,440.0,50.65,85400.0,16800.0,4.85,245000.0,182000.0,488.9,496.8,476.6,1.159,2026-02-03 23:02,3216
OIL,2026-02-24,445.0,46.25,42000.0,11200.0,5.55,144200.0,184800.0,488.9,496.8,476.6,1.159,2026-02-03 23:02,1727
OIL,2026-02-24,450.0,43.25,208600.0,39200.0,6.9,610400.0,610400.0,488.9,496.8,476.6,1.159,2026-02-03 23:02,131
OIL,2026-02-24,455.0,60.15,1400.0,0.0,7.9,103600.0,168000.0,488.9,496.8,476.6,1.159,2026-02-03 23:02,-688
OIL,2026-02-24,460.0,35.9,278600.0,51800.0,9.6,488600.0,481600.0,488.9,496.8,476.6,1.159,2026-02-03 23:02,-2009
OIL,2026-02-24,465.0,32.4,50400.0,19600.0,11.0,165200.0,142800.0,488.9,496.8,476.6,1.159,2026-02-03 23:02,-2343
OIL,2026-02-24,470.0,28.4,166600.0,75600.0,12.95,418600.0,666400.0,488.9,496.8,476.6,1.159,2026-02-03 23:02,-3118
OIL,2026-02-24,475.0,26.4,352800.0,165200.0,14.75,245000.0,428400.0,488.9,496.8,476.6,1.159,2026-02-03 23:02,-3651
OIL,2026-02-24,480.0,22.25,323400.0,847000.0,17.6,336000.0,1134000.0,488.9,496.8,476.6,1.159,2026-02-03 23:02,-3246
OIL,2026-02-24,485.0,19.5,197400.0,625800.0,20.3,246400.0,148400.0,488.9,496.8,476.6,1.159,2026-02-03 23:02,-2953
OIL,2026-02-24,490.0,17.6,310800.0,539000.0,23.0,264600.0,60200.0,488.9,496.8,476.6,1.159,2026-02-03 23:02,-2682
OIL,2026-02-24,495.0,15.3,184800.0,288400.0,29.05,67200.0,0.0,488.9,496.8,476.6,1.159,2026-02-03 23:02,-2070
OIL,2026-02-24,500.0,13.6,814800.0,1386000.0,29.25,152600.0,616000.0,488.9,496.8,476.6,1.159,2026-02-03 23:02,-1182
OIL,2026-02-24,505.0,12.7,312200.0,533400.0,35.3,60200.0,0.0,488.9,496.8,476.6,1.159,2026-02-03 23:02,762
OIL,2026-02-24,510.0,10.75,499800.0,404600.0,35.4,214200.0,21000.0,488.9,496.8,476.6,1.159,2026-02-03 23:02,2416
OIL,2026-02-24,515.0,9.7,394800.0,204400.0,39.1,145600.0,32200.0,488.9,496.8,476.6,1.159,2026-02-03 23:02,4022
OIL,2026-02-24,520.0,8.45,896000.0,835800.0,49.0,84000.0,0.0,488.9,496.8,476.6,1.159,2026-02-03 23:02,5933
OIL,2026-02-24,525.0,7.8,201600.0,156800.0,45.75,54600.0,14000.0,488.9,496.8,476.6,1.159,2026-02-03 23:02,8866
OIL,2026-02-24,530.0,6.5,322000.0,259000.0,50.0,26600.0,26600.0,488.9,496.8,476.6,1.159,2026-02-03 23:02,11489
OIL,2026-02-24,535.0,5.7,379400.0,183400.0,41.85,7000.0,0.0,488.9,496.8,476.6,1.159,2026-02-03 23:02,14455
OIL,2026-02-24,540.0,4.95,511000.0,562800.0,0.0,0.0,0.0,488.9,496.8,476.6,1.159,2026-02-03 23:02,17724
OIL,2026-02-24,545.0,0.0,0.0,0.0,0.0,0.0,0.0,488.9,496.8,476.6,1.159,2026-02-03 23:02,21316
OIL,2026-02-24,550.0,3.9,603400.0,635600.0,69.15,2800.0,1400.0,488.9,496.8,476.6,1.159,2026-02-03 23:02,24654
OIL,2026-02-24,555.0,5.2,58800.0,0.0,0.0,0.0,0.0,488.9,496.8,476.6,1.159,2026-02-03 23:02,28511
OIL,2026-02-24,560.0,3.1,373800.0,184800.0,0.0,0.0,0.0,488.9,496.8,476.6,1.159,2026-02-03 23:02,32213
OIL,2026-02-24,565.0,2.5,5600.0,2800.0,0.0,0.0,0.0,488.9,496.8,476.6,1.159,2026-02-03 23:02,36186
OIL,2026-02-24,570.0,2.55,127400.0,53200.0,0.0,0.0,0.0,488.9,496.8,476.6,1.159,2026-02-03 23:02,40048
OIL,2026-02-24,575.0,2.3,72800.0,21000.0,0.0,0.0,0.0,488.9,496.8,476.6,1.159,2026-02-03 23:02,44005
OIL,2026-02-24,580.0,2.1,189000.0,137200.0,106.0,0.0,0.0,488.9,496.8,476.6,1.159,2026-02-03 23:02,47982
OIL,2026-02-24,585.0,1.9,88200.0,144200.0,0.0,0.0,0.0,488.9,496.8,476.6,1.159,2026-02-03 23:02,52077
ONGC,2026-02-24,200.0,0.0,0.0,0.0,0.25,227250.0,36000.0,257.0,262.0,249.35,1.201,2026-02-03 23:02,107880
ONGC,2026-02-24,208.0,35.3,2250.0,0.0,0.0,0.0,0.0,257.0,262.0,249.35,1.201,2026-02-03 23:02,84775
ONGC,2026-02-24,210.0,55.0,6750.0,0.0,0.3,416250.0,405000.0,257.0,262.0,249.35,1.201,2026-02-03 23:02,79009
ONGC,2026-02-24,212.0,0.0,0.0,0.0,0.35,119250.0,130500.0,257.0,262.0,249.35,1.201,2026-02-03 23:02,73344
ONGC,2026-02-24,214.0,0.0,0.0,0.0,0.5,265500.0,67500.0,257.0,262.0,249.35,1.201,2026-02-03 23:02,67673
ONGC,2026-02-24,216.0,0.0,0.0,0.0,0.45,162000.0,60750.0,257.0,262.0,249.35,1.201,2026-02-03 23:02,62047
ONGC,2026-02-24,218.0,0.0,0.0,0.0,0.0,0.0,0.0,257.0,262.0,249.35,1.201,2026-02-03 23:02,56460
ONGC,2026-02-24,219.0,0.0,0.0,0.0,0.5,148500.0,0.0,257.0,262.0,249.35,1.201,2026-02-03 23:02,53669
ONGC,2026-02-24,220.0,36.25,22500.0,0.0,0.45,1021500.0,618750.0,257.0,262.0,249.35,1.201,2026-02-03 23:02,50887
ONGC,2026-02-24,221.0,0.0,0.0,0.0,0.55,150750.0,15750.0,257.0,262.0,249.35,1.201,2026-02-03 23:02,48251
ONGC,2026-02-24,222.0,0.0,0.0,0.0,0.55,162000.0,234000.0,257.0,262.0,249.35,1.201,2026-02-03 23:02,45587
ONGC,2026-02-24,223.0,0.0,0.0,0.0,0.6,94500.0,0.0,257.0,262.0,249.35,1.201,2026-02-03 23:02,42938
ONGC,2026-02-24,224.0,0.0,0.0,0.0,0.6,13500.0,0.0,257.0,262.0,249.35,1.201,2026-02-03 23:02,40302
ONGC,2026-02-24,225.0,24.5,6750.0,0.0,0.65,492750.0,533250.0,257.0,262.0,249.35,1.201,2026-02-03 23:02,37673
ONGC,2026-02-24,226.0,0.0,0.0,0.0,0.45,128250.0,0.0,257.0,262.0,249.35,1.201,2026-02-03 23:02,35078
ONGC,2026-02-24,227.0,25.0,6750.0,0.0,0.75,254250.0,54000.0,257.0,262.0,249.35,1.201,2026-02-03 23:02,32506
ONGC,2026-02-24,228.0,0.0,0.0,0.0,0.5,92250.0,0.0,257.0,262.0,249.35,1.201,2026-02-03 23:02,29964
ONGC,2026-02-24,229.0,0.0,0.0,0.0,0.85,204750.0,0.0,257.0,262.0,249.35,1.201,2026-02-03 23:02,27429
ONGC,2026-02-24,230.0,26.75,207000.0,20250.0,0.9,2907000.0,1136250.0,257.0,262.0,249.35,1.201,2026-02-03 23:02,24901
ONGC,2026-02-24,231.0,0.0,0.0,0.0,0.95,51750.0,72000.0,257.0,262.0,249.35,1.201,2026-02-03 23:02,22994
ONGC,2026-02-24,232.0,0.0,0.0,0.0,1.0,339750.0,373500.0,257.0,262.0,249.35,1.201,2026-02-03 23:02,20796
ONGC,2026-02-24,233.0,13.0,2250.0,0.0,1.05,281250.0,321750.0,257.0,262.0,249.35,1.201,2026-02-03 23:02,18602
ONGC,2026-02-24,234.0,0.0,0.0,0.0,0.7,22500.0,0.0,257.0,262.0,249.35,1.201,2026-02-03 23:02,16444
ONGC,2026-02-24,235.0,18.2,123750.0,0.0,1.2,1356750.0,1136250.0,257.0,262.0,249.35,1.201,2026-02-03 23:02,14313
ONGC,2026-02-24,236.0,0.0,0.0,0.0,1.3,243000.0,279000.0,257.0,262.0,249.35,1.201,2026-02-03 23:02,12394
ONGC,2026-02-24,237.0,0.0,0.0,0.0,0.89,83250.0,0.0,257.0,262.0,249.35,1.201,2026-02-03 23:02,10406
ONGC,2026-02-24,238.0,21.85,24750.0,0.0,1.5,162000.0,283500.0,257.0,262.0,249.35,1.201,2026-02-03 23:02,8450
ONGC,2026-02-24,239.0,19.9,2250.0,0.0,1.6,130500.0,146250.0,257.0,262.0,249.35,1.201,2026-02-03 23:02,6550
ONGC,2026-02-24,240.0,18.0,443250.0,166500.0,1.75,1104750.0,2436750.0,257.0,262.0,249.35,1.201,2026-02-03 23:02,4617
ONGC,2026-02-24,241.0,12.95,58500.0,31500.0,1.8,137250.0,150750.0,257.0,262.0,249.35,1.201,2026-02-03 23:02,3460
ONGC,2026-02-24,242.0,13.5,65250.0,0.0,1.95,105750.0,126000.0,257.0,262.0,249.35,1.201,2026-02-03 23:02,1769
ONGC,2026-02-24,243.0,14.75,112500.0,20250.0,2.1,150750.0,162000.0,257.0,262.0,249.35,1.201,2026-02-03 23:02,111
ONGC,2026-02-24,244.0,11.75,74250.0,0.0,2.45,236250.0,337500.0,257.0,262.0,249.35,1.201,2026-02-03 23:02,-1452
ONGC,2026-02-24,245.0,13.85,481500.0,479250.0,2.6,1059750.0,2472750.0,257.0,262.0,249.35,1.201,2026-02-03 23:02,-3091
ONGC,2026-02-24,246.0,12.8,171000.0,132750.0,2.75,294750.0,814500.0,257.0,262.0,249.35,1.201,2026-02-03 23:02,-4213
ONGC,2026-02-24,247.0,12.0,74250.0,130500.0,3.1,321750.0,758250.0,257.0,262.0,249.35,1.201,2026-02-03 23:02,-5542
ONGC,2026-02-24,248.0,11.25,211500.0,193500.0,3.15,272250.0,580500.0,257.0,262.0,249.35,1.201,2026-02-03 23:02,-6980
ONGC,2026-02-24,249.0,10.8,144000.0,459000.0,3.6,231750.0,864000.0,257.0,262.0,249.35,1.201,2026-02-03 23:02,-8207
ONGC,2026-02-24,250.0,9.7,2585250.0,7341750.0,3.95,2493000.0,7512750.0,257.0,262.0,249.35,1.201,2026-02-03 23:02,-9476
ONGC,2026-02-24,251.0,9.1,252000.0,2117250.0,4.3,333000.0,1653750.0,257.0,262.0,249.35,1.201,2026-02-03 23:02,-8787
ONGC,2026-02-24,252.0,8.35,1116000.0,3719250.0,4.65,517500.0,1809000.0,257.0,262.0,249.35,1.201,2026-02-03 23:02,-9476
ONGC,2026-02-24,253.0,7.85,1129500.0,2774250.0,5.1,427500.0,2313000.0,257.0,262.0,249.35,1.201,2026-02-03 23:02,-9397
ONGC,2026-02-24,254.0,7.2,834750.0,3143250.0,5.6,477000.0,1244250.0,257.0,262.0,249.35,1.201,2026-02-03 23:02,-9184
ONGC,2026-02-24,255.0,6.7,10318500.0,13176000.0,6.15,1581750.0,3892500.0,257.0,262.0,249.35,1.201,2026-02-03 23:02,-9175
ONGC,2026-02-24,256.0,6.25,938250.0,2794500.0,6.6,249750.0,560250.0,257.0,262.0,249.35,1.201,2026-02-03 23:02,-2369
ONGC,2026-02-24,257.0,5.85,1761750.0,2434500.0,7.1,348750.0,666000.0,257.0,262.0,249.35,1.201,2026-02-03 23:02,-964
ONGC,2026-02-24,258.0,5.55,319500.0,1190250.0,7.55,465750.0,281250.0,257.0,262.0,249.35,1.201,2026-02-03 23:02,1013
ONGC,2026-02-24,259.0,5.15,371250.0,1145250.0,7.85,204750.0,132750.0,257.0,262.0,249.35,1.201,2026-02-03 23:02,2112
ONGC,2026-02-24,260.0,4.65,8277750.0,16762500.0,9.0,1838250.0,1197000.0,257.0,262.0,249.35,1.201,2026-02-03 23:02,3474
ONGC,2026-02-24,261.0,4.4,360000.0,474750.0,11.05,164250.0,110250.0,257.0,262.0,249.35,1.201,2026-02-03 23:02,8011
ONGC,2026-02-24,262.0,4.0,2333250.0,1188000.0,11.35,229500.0,60750.0,257.0,262.0,249.35,1.201,2026-02-03 23:02,10383
ONGC,2026-02-24,263.0,3.85,288000.0,267750.0,11.7,117000.0,69750.0,257.0,262.0,249.35,1.201,2026-02-03 23:02,13708
ONGC,2026-02-24,264.0,3.65,681750.0,292500.0,11.65,204750.0,60750.0,257.0,262.0,249.35,1.201,2026-02-03 23:02,16373
ONGC,2026-02-24,265.0,3.35,2733750.0,3705750.0,12.5,477000.0,126000.0,257.0,262.0,249.35,1.201,2026-02-03 23:02,19164
ONGC,2026-02-24,266.0,3.05,483750.0,438750.0,14.7,445500.0,20250.0,257.0,262.0,249.35,1.201,2026-02-03 23:02,22585
ONGC,2026-02-24,267.0,2.95,542250.0,285750.0,13.9,290250.0,38250.0,257.0,262.0,249.35,1.201,2026-02-03 23:02,25273
ONGC,2026-02-24,268.0,2.7,636750.0,283500.0,14.7,281250.0,40500.0,257.0,262.0,249.35,1.201,2026-02-03 23:02,28307
ONGC,2026-02-24,269.0,2.6,697500.0,578250.0,15.3,301500.0,11250.0,257.0,262.0,249.35,1.201,2026-02-03 23:02,31435
ONGC,2026-02-24,270.0,2.5,8241750.0,6554250.0,16.15,2052000.0,130500.0,257.0,262.0,249.35,1.201,2026-02-03 23:02,34625
ONGC,2026-02-24,271.0,2.3,848250.0,488250.0,17.0,162000.0,49500.0,257.0,262.0,249.35,1.201,2026-02-03 23:02,37870
ONGC,2026-02-24,272.0,2.2,843750.0,643500.0,17.9,378000.0,27000.0,257.0,262.0,249.35,1.201,2026-02-03 23:02,42390
ONGC,2026-02-24,273.0,2.05,1273500.0,902250.0,18.75,209250.0,11250.0,257.0,262.0,249.35,1.201,2026-02-03 23:02,46621
ONGC,2026-02-24,274.0,1.95,1669500.0,796500.0,20.7,360000.0,13500.0,257.0,262.0,249.35,1.201,2026-02-03 23:02,51360
ONGC,2026-02-24,275.0,1.75,5989500.0,2727000.0,20.5,382500.0,45000.0,257.0,262.0,249.35,1.201,2026-02-03 23:02,56013
ONGC,2026-02-24,276.0,1.75,1255500.0,749250.0,27.5,45000.0,15750.0,257.0,262.0,249.35,1.201,2026-02-03 23:02,61988
ONGC,2026-02-24,277.0,1.7,254250.0,346500.0,12.4,24750.0,0.0,257.0,262.0,249.35,1.201,2026-02-03 23:02,67924
ONGC,2026-02-24,278.0,1.6,369000.0,427500.0,14.72,47250.0,0.0,257.0,262.0,249.35,1.201,2026-02-03 23:02,73805
ONGC,2026-02-24,279.0,1.45,94500.0,92250.0,14.95,22500.0,0.0,257.0,262.0,249.35,1.201,2026-02-03 23:02,79705
ONGC,2026-02-24,280.0,1.4,5780250.0,5557500.0,26.3,297000.0,11250.0,257.0,262.0,249.35,1.201,2026-02-03 23:02,85607
ONGC,2026-02-24,281.0,1.35,1305000.0,94500.0,31.8,54000.0,11250.0,257.0,262.0,249.35,1.201,2026-02-03 23:02,92164
ONGC,2026-02-24,282.0,1.25,1451250.0,193500.0,13.22,2250.0,0.0,257.0,262.0,249.35,1.201,2026-02-03 23:02,98834
ONGC,2026-02-24,283.0,1.25,245250.0,186750.0,17.11,76500.0,0.0,257.0,262.0,249.35,1.201,2026-02-03 23:02,105823
ONGC,2026-02-24,284.0,1.2,270000.0,38250.0,14.91,9000.0,0.0,257.0,262.0,249.35,1.201,2026-02-03 23:02,112566
ONGC,2026-02-24,285.0,1.1,558000.0,830250.0,0.0,0.0,0.0,257.0,262.0,249.35,1.201,2026-02-03 23:02,119456
ONGC,2026-02-24,286.0,0.65,83250.0,0.0,0.0,0.0,0.0,257.0,262.0,249.35,1.201,2026-02-03 23:02,126444
ONGC,2026-02-24,287.0,0.7,101250.0,0.0,0.0,0.0,0.0,257.0,262.0,249.35,1.201,2026-02-03 23:02,133384
ONGC,2026-02-24,288.0,1.05,315000.0,76500.0,0.0,0.0,0.0,257.0,262.0,249.35,1.201,2026-02-03 23:02,140337
ONGC,2026-02-24,290.0,0.9,2688750.0,2655000.0,35.85,67500.0,0.0,257.0,262.0,249.35,1.201,2026-02-03 23:02,154323
ONGC,2026-02-24,292.0,0.75,472500.0,114750.0,0.0,0.0,0.0,257.0,262.0,249.35,1.201,2026-02-03 23:02,168827
ONGC,2026-02-24,294.0,0.75,191250.0,20250.0,0.0,0.0,0.0,257.0,262.0,249.35,1.201,2026-02-03 23:02,183461
ONGC,2026-02-24,296.0,0.7,1359000.0,524250.0,0.0,0.0,0.0,257.0,262.0,249.35,1.201,2026-02-03 23:02,198113
ONGC,2026-02-24,298.0,0.4,180000.0,2250.0,0.0,0.0,0.0,257.0,262.0,249.35,1.201,2026-02-03 23:02,213117
ONGC,2026-02-24,300.0,0.55,1833750.0,1633500.0,47.35,18000.0,0.0,257.0,262.0,249.35,1.201,2026-02-03 23:02,228069
PAGEIND,2026-02-24,28000.0,4532.5,345.0,0.0,31.05,2010.0,165.0,33740.0,34525.0,33345.0,2.976,2026-02-03 23:02,11520
PAGEIND,2026-02-24,29000.0,3063.9,30.0,0.0,65.9,3555.0,2610.0,33740.0,34525.0,33345.0,2.976,2026-02-03 23:02,8598
PAGEIND,2026-02-24,29500.0,0.0,0.0,0.0,0.0,0.0,0.0,33740.0,34525.0,33345.0,2.976,2026-02-03 23:02,7227
PAGEIND,2026-02-24,30000.0,0.0,0.0,0.0,117.2,3720.0,945.0,33740.0,34525.0,33345.0,2.976,2026-02-03 23:02,5870
PAGEIND,2026-02-24,30500.0,0.0,0.0,0.0,0.0,0.0,0.0,33740.0,34525.0,33345.0,2.976,2026-02-03 23:02,4656
PAGEIND,2026-02-24,31000.0,1599.95,165.0,0.0,231.0,2805.0,1740.0,33740.0,34525.0,33345.0,2.976,2026-02-03 23:02,3485
PAGEIND,2026-02-24,31500.0,1213.6,135.0,0.0,880.25,600.0,0.0,33740.0,34525.0,33345.0,2.976,2026-02-03 23:02,2425
PAGEIND,2026-02-24,32000.0,1790.1,2355.0,630.0,450.0,3630.0,2910.0,33740.0,34525.0,33345.0,2.976,2026-02-03 23:02,1403
PAGEIND,2026-02-24,32500.0,1752.0,1965.0,405.0,556.4,2685.0,945.0,33740.0,34525.0,33345.0,2.976,2026-02-03 23:02,975
PAGEIND,2026-02-24,33000.0,1100.0,5700.0,8175.0,849.95,3945.0,4455.0,33740.0,34525.0,33345.0,2.976,2026-02-03 23:02,716
PAGEIND,2026-02-24,33500.0,927.5,1440.0,3915.0,1045.0,465.0,960.0,33740.0,34525.0,33345.0,2.976,2026-02-03 23:02,1036
PAGEIND,2026-02-24,34000.0,696.0,12360.0,32010.0,1326.7,3705.0,2490.0,33740.0,34525.0,33345.0,2.976,2026-02-03 23:02,1245
PAGEIND,2026-02-24,34500.0,530.0,855.0,1890.0,1466.15,75.0,75.0,33740.0,34525.0,33345.0,2.976,2026-02-03 23:02,2540
PAGEIND,2026-02-24,35000.0,400.0,8160.0,31770.0,1950.0,1665.0,735.0,33740.0,34525.0,33345.0,2.976,2026-02-03 23:02,3548
PAGEIND,2026-02-24,35500.0,315.0,495.0,90.0,3825.0,60.0,0.0,33740.0,34525.0,33345.0,2.976,2026-02-03 23:02,5015
PAGEIND,2026-02-24,36000.0,230.0,7095.0,22560.0,2457.9,1275.0,120.0,33740.0,34525.0,33345.0,2.976,2026-02-03 23:02,6500
PAGEIND,2026-02-24,36500.0,169.65,480.0,885.0,0.0,0.0,0.0,33740.0,34525.0,33345.0,2.976,2026-02-03 23:02,8261
PAGEIND,2026-02-24,37000.0,139.85,1350.0,9015.0,3600.0,285.0,15.0,33740.0,34525.0,33345.0,2.976,2026-02-03 23:02,10204
PAGEIND,2026-02-24,37500.0,117.45,90.0,0.0,4135.0,30.0,30.0,33740.0,34525.0,33345.0,2.976,2026-02-03 23:02,12137
PAGEIND,2026-02-24,38000.0,100.15,1230.0,3765.0,6100.0,390.0,0.0,33740.0,34525.0,33345.0,2.976,2026-02-03 23:02,14148
PAGEIND,2026-02-24,38500.0,89.7,285.0,165.0,6578.0,150.0,0.0,33740.0,34525.0,33345.0,2.976,2026-02-03 23:02,16026
PAGEIND,2026-02-24,39000.0,64.6,2520.0,5355.0,5300.0,1170.0,135.0,33740.0,34525.0,33345.0,2.976,2026-02-03 23:02,18056
PAGEIND,2026-02-24,39500.0,58.5,345.0,120.0,0.0,0.0,0.0,33740.0,34525.0,33345.0,2.976,2026-02-03 23:02,19762
PAGEIND,2026-02-24,40000.0,48.0,1860.0,3465.0,6686.25,345.0,135.0,33740.0,34525.0,33345.0,2.976,2026-02-03 23:02,22091
PAGEIND,2026-02-24,41000.0,32.15,690.0,1005.0,9014.0,510.0,0.0,33740.0,34525.0,33345.0,2.976,2026-02-03 23:02,26744
PATANJALI,2026-02-24,420.0,73.55,2700.0,0.0,1.5,18900.0,26100.0,505.95,515.0,500.0,1.985,2026-02-03 23:02,14834
PATANJALI,2026-02-24,430.0,0.0,0.0,0.0,1.95,3600.0,10800.0,505.95,515.0,500.0,1.985,2026-02-03 23:02,12755
PATANJALI,2026-02-24,440.0,0.0,0.0,0.0,3.9,9000.0,0.0,505.95,515.0,500.0,1.985,2026-02-03 23:02,10662
PATANJALI,2026-02-24,445.0,0.0,0.0,0.0,0.0,0.0,0.0,505.95,515.0,500.0,1.985,2026-02-03 23:02,9617
PATANJALI,2026-02-24,450.0,45.85,14400.0,0.0,3.4,99900.0,164700.0,505.95,515.0,500.0,1.985,2026-02-03 23:02,8575
PATANJALI,2026-02-24,455.0,0.0,0.0,0.0,0.0,0.0,0.0,505.95,515.0,500.0,1.985,2026-02-03 23:02,7623
PATANJALI,2026-02-24,460.0,40.45,6300.0,0.0,4.6,47700.0,24300.0,505.95,515.0,500.0,1.985,2026-02-03 23:02,6638
PATANJALI,2026-02-24,465.0,0.0,0.0,0.0,0.0,0.0,0.0,505.95,515.0,500.0,1.985,2026-02-03 23:02,5684
PATANJALI,2026-02-24,470.0,32.45,10800.0,0.0,5.85,55800.0,29700.0,505.95,515.0,500.0,1.985,2026-02-03 23:02,4726
PATANJALI,2026-02-24,475.0,30.4,24300.0,0.0,9.45,57600.0,0.0,505.95,515.0,500.0,1.985,2026-02-03 23:02,3804
PATANJALI,2026-02-24,480.0,34.4,33300.0,7200.0,8.5,594900.0,109800.0,505.95,515.0,500.0,1.985,2026-02-03 23:02,2941
PATANJALI,2026-02-24,485.0,30.6,24300.0,26100.0,9.75,34200.0,34200.0,505.95,515.0,500.0,1.985,2026-02-03 23:02,1980
PATANJALI,2026-02-24,490.0,27.4,47700.0,53100.0,11.45,71100.0,95400.0,505.95,515.0,500.0,1.985,2026-02-03 23:02,1481
PATANJALI,2026-02-24,495.0,24.25,126900.0,116100.0,12.75,107100.0,80100.0,505.95,515.0,500.0,1.985,2026-02-03 23:02,1050
PATANJALI,2026-02-24,500.0,22.0,184500.0,566100.0,15.35,369900.0,331200.0,505.95,515.0,500.0,1.985,2026-02-03 23:02,857
PATANJALI,2026-02-24,505.0,19.1,66600.0,141300.0,17.6,73800.0,45900.0,505.95,515.0,500.0,1.985,2026-02-03 23:02,609
PATANJALI,2026-02-24,510.0,16.45,144900.0,128700.0,20.15,150300.0,7200.0,505.95,515.0,500.0,1.985,2026-02-03 23:02,590
PATANJALI,2026-02-24,515.0,13.95,44100.0,84600.0,28.35,16200.0,0.0,505.95,515.0,500.0,1.985,2026-02-03 23:02,657
PATANJALI,2026-02-24,520.0,12.15,313200.0,424800.0,25.9,81900.0,74700.0,505.95,515.0,500.0,1.985,2026-02-03 23:02,834
PATANJALI,2026-02-24,525.0,10.55,9900.0,23400.0,35.85,12600.0,0.0,505.95,515.0,500.0,1.985,2026-02-03 23:02,1362
PATANJALI,2026-02-24,530.0,8.9,49500.0,136800.0,32.65,34200.0,90900.0,505.95,515.0,500.0,1.985,2026-02-03 23:02,1697
PATANJALI,2026-02-24,535.0,7.65,19800.0,14400.0,43.8,8100.0,0.0,505.95,515.0,500.0,1.985,2026-02-03 23:02,2042
PATANJALI,2026-02-24,540.0,6.35,85500.0,95400.0,42.3,20700.0,0.0,505.95,515.0,500.0,1.985,2026-02-03 23:02,2448
PATANJALI,2026-02-24,545.0,0.0,0.0,0.0,39.3,7200.0,0.0,505.95,515.0,500.0,1.985,2026-02-03 23:02,2894
PATANJALI,2026-02-24,550.0,4.6,139500.0,213300.0,62.1,72000.0,0.0,505.95,515.0,500.0,1.985,2026-02-03 23:02,3348
PATANJALI,2026-02-24,555.0,3.15,18900.0,6300.0,73.75,3600.0,0.0,505.95,515.0,500.0,1.985,2026-02-03 23:02,3554
PATANJALI,2026-02-24,560.0,3.3,25200.0,27900.0,75.9,34200.0,0.0,505.95,515.0,500.0,1.985,2026-02-03 23:02,4133
PATANJALI,2026-02-24,565.0,0.0,0.0,0.0,60.0,9000.0,0.0,505.95,515.0,500.0,1.985,2026-02-03 23:02,4512
PATANJALI,2026-02-24,570.0,1.05,3600.0,0.0,82.55,9900.0,0.0,505.95,515.0,500.0,1.985,2026-02-03 23:02,5092
PATANJALI,2026-02-24,580.0,2.0,2700.0,0.0,78.05,5400.0,0.0,505.95,515.0,500.0,1.985,2026-02-03 23:02,6292
PATANJALI,2026-02-24,585.0,0.0,0.0,0.0,43.0,3600.0,0.0,505.95,515.0,500.0,1.985,2026-02-03 23:02,6895
PATANJALI,2026-02-24,590.0,1.0,36900.0,900.0,46.5,3600.0,0.0,505.95,515.0,500.0,1.985,2026-02-03 23:02,7526
PATANJALI,2026-02-24,595.0,0.8,63000.0,0.0,0.0,0.0,0.0,505.95,515.0,500.0,1.985,2026-02-03 23:02,8180
PATANJALI,2026-02-24,600.0,0.8,28800.0,2700.0,112.05,42300.0,0.0,505.95,515.0,500.0,1.985,2026-02-03 23:02,8884
PATANJALI,2026-02-24,610.0,0.85,6300.0,0.0,103.3,6300.0,1800.0,505.95,515.0,500.0,1.985,2026-02-03 23:02,9880
PATANJALI,2026-02-24,615.0,0.5,14400.0,1800.0,0.0,0.0,0.0,505.95,515.0,500.0,1.985,2026-02-03 23:02,10556
PATANJALI,2026-02-24,620.0,0.0,0.0,0.0,108.5,8100.0,0.0,505.95,515.0,500.0,1.985,2026-02-03 23:02,11304
PATANJALI,2026-02-24,630.0,0.0,0.0,0.0,54.0,4500.0,0.0,505.95,515.0,500.0,1.985,2026-02-03 23:02,12719
PATANJALI,2026-02-24,660.0,0.0,0.0,0.0,159.7,40500.0,0.0,505.95,515.0,500.0,1.985,2026-02-03 23:02,17217
PAYTM,2026-02-24,920.0,232.6,725.0,0.0,2.1,126875.0,117450.0,1198.1,1250.0,1187.5,2.279,2026-02-03 23:02,90846
PAYTM,2026-02-24,940.0,0.0,0.0,0.0,2.15,16675.0,37700.0,1198.1,1250.0,1187.5,2.279,2026-02-03 23:02,80417
PAYTM,2026-02-24,960.0,215.05,2175.0,0.0,2.75,118175.0,104400.0,1198.1,1250.0,1187.5,2.279,2026-02-03 23:02,70029
PAYTM,2026-02-24,980.0,222.1,2175.0,4350.0,3.25,86275.0,79750.0,1198.1,1250.0,1187.5,2.279,2026-02-03 23:02,59899
PAYTM,2026-02-24,1000.0,179.25,21750.0,0.0,3.5,456750.0,909150.0,1198.1,1250.0,1187.5,2.279,2026-02-03 23:02,49952
PAYTM,2026-02-24,1020.0,0.0,0.0,0.0,4.2,218950.0,707600.0,1198.1,1250.0,1187.5,2.279,2026-02-03 23:02,41172
PAYTM,2026-02-24,1040.0,142.05,13775.0,0.0,5.05,286375.0,292175.0,1198.1,1250.0,1187.5,2.279,2026-02-03 23:02,32507
PAYTM,2026-02-24,1060.0,115.0,31175.0,0.0,6.1,150800.0,234900.0,1198.1,1250.0,1187.5,2.279,2026-02-03 23:02,24586
PAYTM,2026-02-24,1080.0,157.0,24650.0,1450.0,7.65,189225.0,337125.0,1198.1,1250.0,1187.5,2.279,2026-02-03 23:02,17245
PAYTM,2026-02-24,1100.0,110.1,129775.0,44950.0,9.75,561150.0,1344150.0,1198.1,1250.0,1187.5,2.279,2026-02-03 23:02,10307
PAYTM,2026-02-24,1120.0,91.85,176900.0,28275.0,12.55,599575.0,1332550.0,1198.1,1250.0,1187.5,2.279,2026-02-03 23:02,5390
PAYTM,2026-02-24,1140.0,75.6,355975.0,319000.0,16.65,411075.0,987450.0,1198.1,1250.0,1187.5,2.279,2026-02-03 23:02,2016
PAYTM,2026-02-24,1160.0,62.0,324800.0,490100.0,23.25,409625.0,1195525.0,1198.1,1250.0,1187.5,2.279,2026-02-03 23:02,1312
PAYTM,2026-02-24,1180.0,49.0,289275.0,695275.0,30.6,214600.0,729350.0,1198.1,1250.0,1187.5,2.279,2026-02-03 23:02,1130
PAYTM,2026-02-24,1200.0,38.7,1353575.0,3466950.0,40.3,570575.0,1996650.0,1198.1,1250.0,1187.5,2.279,2026-02-03 23:02,1656
PAYTM,2026-02-24,1220.0,29.6,329150.0,1279625.0,50.7,71775.0,473425.0,1198.1,1250.0,1187.5,2.279,2026-02-03 23:02,8209
PAYTM,2026-02-24,1240.0,23.15,400925.0,1214375.0,63.25,81925.0,287100.0,1198.1,1250.0,1187.5,2.279,2026-02-03 23:02,13234
PAYTM,2026-02-24,1260.0,17.5,551725.0,1387650.0,79.0,211700.0,165300.0,1198.1,1250.0,1187.5,2.279,2026-02-03 23:02,19025
PAYTM,2026-02-24,1280.0,13.6,336400.0,807650.0,89.0,44950.0,30450.0,1198.1,1250.0,1187.5,2.279,2026-02-03 23:02,25226
PAYTM,2026-02-24,1300.0,10.65,1231050.0,2598400.0,109.0,253750.0,27550.0,1198.1,1250.0,1187.5,2.279,2026-02-03 23:02,32954
PAYTM,2026-02-24,1320.0,8.2,342925.0,596675.0,143.25,22475.0,0.0,1198.1,1250.0,1187.5,2.279,2026-02-03 23:02,42139
PAYTM,2026-02-24,1340.0,6.6,651050.0,453850.0,179.45,184150.0,0.0,1198.1,1250.0,1187.5,2.279,2026-02-03 23:02,53469
PAYTM,2026-02-24,1360.0,5.0,178350.0,437900.0,185.55,5800.0,0.0,1198.1,1250.0,1187.5,2.279,2026-02-03 23:02,63636
PAYTM,2026-02-24,1380.0,3.95,131225.0,129050.0,0.0,0.0,0.0,1198.1,1250.0,1187.5,2.279,2026-02-03 23:02,77027
PAYTM,2026-02-24,1400.0,3.35,511850.0,598125.0,209.2,18125.0,2175.0,1198.1,1250.0,1187.5,2.279,2026-02-03 23:02,90751
PAYTM,2026-02-24,1420.0,2.65,68875.0,34075.0,0.0,0.0,0.0,1198.1,1250.0,1187.5,2.279,2026-02-03 23:02,105275
PAYTM,2026-02-24,1440.0,2.2,94975.0,47850.0,0.0,0.0,0.0,1198.1,1250.0,1187.5,2.279,2026-02-03 23:02,120163
PAYTM,2026-02-24,1460.0,1.9,69600.0,31175.0,308.75,2175.0,0.0,1198.1,1250.0,1187.5,2.279,2026-02-03 23:02,135244
PAYTM,2026-02-24,1480.0,1.7,89900.0,44950.0,340.0,13775.0,0.0,1198.1,1250.0,1187.5,2.279,2026-02-03 23:02,150393
PAYTM,2026-02-24,1520.0,1.25,108750.0,29725.0,0.0,0.0,0.0,1198.1,1250.0,1187.5,2.279,2026-02-03 23:02,180761
PAYTM,2026-02-24,1560.0,1.0,44225.0,7975.0,413.5,9425.0,0.0,1198.1,1250.0,1187.5,2.279,2026-02-03 23:02,212031
PERSISTENT,2026-02-24,5000.0,0.0,0.0,0.0,5.0,400.0,800.0,6278.5,6552.5,6241.5,3.222,2026-02-03 23:02,38171
PERSISTENT,2026-02-24,5200.0,1015.0,100.0,0.0,7.25,20200.0,14700.0,6278.5,6552.5,6241.5,3.222,2026-02-03 23:02,28575
PERSISTENT,2026-02-24,5400.0,840.0,1100.0,0.0,11.25,33900.0,35200.0,6278.5,6552.5,6241.5,3.222,2026-02-03 23:02,19380
PERSISTENT,2026-02-24,5500.0,0.0,0.0,0.0,37.85,200.0,0.0,6278.5,6552.5,6241.5,3.222,2026-02-03 23:02,15189
PERSISTENT,2026-02-24,5600.0,0.0,0.0,0.0,20.8,47700.0,60700.0,6278.5,6552.5,6241.5,3.222,2026-02-03 23:02,10946
PERSISTENT,2026-02-24,5700.0,0.0,0.0,0.0,29.0,23400.0,24200.0,6278.5,6552.5,6241.5,3.222,2026-02-03 23:02,7080
PERSISTENT,2026-02-24,5800.0,530.45,800.0,1000.0,37.95,38200.0,54600.0,6278.5,6552.5,6241.5,3.222,2026-02-03 23:02,3480
PERSISTENT,2026-02-24,5900.0,459.0,8600.0,2000.0,54.15,32200.0,67700.0,6278.5,6552.5,6241.5,3.222,2026-02-03 23:02,236
PERSISTENT,2026-02-24,6000.0,356.0,34500.0,29100.0,75.45,75800.0,130600.0,6278.5,6552.5,6241.5,3.222,2026-02-03 23:02,-2277
PERSISTENT,2026-02-24,6100.0,278.95,47900.0,63400.0,101.7,39900.0,80900.0,6278.5,6552.5,6241.5,3.222,2026-02-03 23:02,-3251
PERSISTENT,2026-02-24,6200.0,227.15,51100.0,101100.0,142.85,78400.0,85600.0,6278.5,6552.5,6241.5,3.222,2026-02-03 23:02,-3074
PERSISTENT,2026-02-24,6300.0,171.5,58700.0,217100.0,192.0,51800.0,124300.0,6278.5,6552.5,6241.5,3.222,2026-02-03 23:02,-2491
PERSISTENT,2026-02-24,6400.0,130.75,74300.0,232000.0,246.55,22300.0,42000.0,6278.5,6552.5,6241.5,3.222,2026-02-03 23:02,-832
PERSISTENT,2026-02-24,6500.0,96.0,60500.0,237900.0,310.35,10700.0,21300.0,6278.5,6552.5,6241.5,3.222,2026-02-03 23:02,2202
PERSISTENT,2026-02-24,6600.0,71.05,38900.0,95200.0,391.0,2000.0,4900.0,6278.5,6552.5,6241.5,3.222,2026-02-03 23:02,5775
PERSISTENT,2026-02-24,6700.0,52.15,40000.0,56700.0,475.0,2700.0,6500.0,6278.5,6552.5,6241.5,3.222,2026-02-03 23:02,9708
PERSISTENT,2026-02-24,6800.0,37.7,43700.0,100900.0,0.0,0.0,0.0,6278.5,6552.5,6241.5,3.222,2026-02-03 23:02,13949
PERSISTENT,2026-02-24,6900.0,28.8,14100.0,23300.0,0.0,0.0,0.0,6278.5,6552.5,6241.5,3.222,2026-02-03 23:02,18712
PERSISTENT,2026-02-24,7000.0,20.95,80400.0,92100.0,684.35,400.0,0.0,6278.5,6552.5,6241.5,3.222,2026-02-03 23:02,23491
PERSISTENT,2026-02-24,7100.0,15.2,6600.0,15700.0,0.0,0.0,0.0,6278.5,6552.5,6241.5,3.222,2026-02-03 23:02,29179
PERSISTENT,2026-02-24,7200.0,9.65,44000.0,48700.0,0.0,0.0,0.0,6278.5,6552.5,6241.5,3.222,2026-02-03 23:02,34802
PERSISTENT,2026-02-24,7400.0,7.5,15700.0,21300.0,0.0,0.0,0.0,6278.5,6552.5,6241.5,3.222,2026-02-03 23:02,46951
PERSISTENT,2026-02-24,7600.0,5.65,5100.0,5200.0,0.0,0.0,0.0,6278.5,6552.5,6241.5,3.222,2026-02-03 23:02,59383
PETRONET,2026-02-24,235.0,0.0,0.0,0.0,1.2,7600.0,0.0,297.4,298.95,287.6,2.481,2026-02-03 23:02,37373
PETRONET,2026-02-24,240.0,0.0,0.0,0.0,0.4,53200.0,26600.0,297.4,298.95,287.6,2.481,2026-02-03 23:02,31543
PETRONET,2026-02-24,245.0,0.0,0.0,0.0,0.65,824600.0,0.0,297.4,298.95,287.6,2.481,2026-02-03 23:02,25738
PETRONET,2026-02-24,250.0,31.1,1900.0,0.0,0.4,258400.0,106400.0,297.4,298.95,287.6,2.481,2026-02-03 23:02,20294
PETRONET,2026-02-24,252.5,0.0,0.0,0.0,2.75,138700.0,0.0,297.4,298.95,287.6,2.481,2026-02-03 23:02,17659
PETRONET,2026-02-24,255.0,0.0,0.0,0.0,0.75,302100.0,535800.0,297.4,298.95,287.6,2.481,2026-02-03 23:02,15026
PETRONET,2026-02-24,257.5,0.0,0.0,0.0,1.2,51300.0,0.0,297.4,298.95,287.6,2.481,2026-02-03 23:02,12483
PETRONET,2026-02-24,260.0,24.0,5700.0,0.0,0.95,809400.0,228000.0,297.4,298.95,287.6,2.481,2026-02-03 23:02,9970
PETRONET,2026-02-24,262.5,0.0,0.0,0.0,1.75,36100.0,0.0,297.4,298.95,287.6,2.481,2026-02-03 23:02,7604
PETRONET,2026-02-24,265.0,0.0,0.0,0.0,1.2,583300.0,440800.0,297.4,298.95,287.6,2.481,2026-02-03 23:02,5303
PETRONET,2026-02-24,267.5,0.0,0.0,0.0,1.4,72200.0,79800.0,297.4,298.95,287.6,2.481,2026-02-03 23:02,3085
PETRONET,2026-02-24,270.0,29.95,155800.0,30400.0,1.55,948100.0,410400.0,297.4,298.95,287.6,2.481,2026-02-03 23:02,944
PETRONET,2026-02-24,272.5,21.65,13300.0,0.0,2.75,26600.0,0.0,297.4,298.95,287.6,2.481,2026-02-03 23:02,-590
PETRONET,2026-02-24,275.0,26.1,412300.0,7600.0,2.1,528200.0,448400.0,297.4,298.95,287.6,2.481,2026-02-03 23:02,-2413
PETRONET,2026-02-24,277.5,19.75,161500.0,26600.0,2.5,186200.0,123500.0,297.4,298.95,287.6,2.481,2026-02-03 23:02,-3057
PETRONET,2026-02-24,280.0,21.25,1599800.0,133000.0,2.85,1067800.0,520600.0,297.4,298.95,287.6,2.481,2026-02-03 23:02,-4307
PETRONET,2026-02-24,282.5,13.75,57000.0,0.0,3.3,125400.0,142500.0,297.4,298.95,287.6,2.481,2026-02-03 23:02,-2067
PETRONET,2026-02-24,285.0,17.65,336300.0,68400.0,3.85,528200.0,737200.0,297.4,298.95,287.6,2.481,2026-02-03 23:02,-2840
PETRONET,2026-02-24,287.5,15.95,509200.0,96900.0,4.65,209000.0,560500.0,297.4,298.95,287.6,2.481,2026-02-03 23:02,-3043
PETRONET,2026-02-24,290.0,13.7,839800.0,1440200.0,5.25,1440200.0,1508600.0,297.4,298.95,287.6,2.481,2026-02-03 23:02,-2742
PETRONET,2026-02-24,292.5,12.15,336300.0,528200.0,6.25,305900.0,319200.0,297.4,298.95,287.6,2.481,2026-02-03 23:02,-2192
PETRONET,2026-02-24,295.0,10.85,666900.0,1850600.0,7.6,395200.0,368600.0,297.4,298.95,287.6,2.481,2026-02-03 23:02,-1658
PETRONET,2026-02-24,297.5,9.55,338200.0,712500.0,8.5,190000.0,264100.0,297.4,298.95,287.6,2.481,2026-02-03 23:02,-653
PETRONET,2026-02-24,300.0,8.25,4535300.0,11371500.0,9.6,2496600.0,872100.0,297.4,298.95,287.6,2.481,2026-02-03 23:02,221
PETRONET,2026-02-24,302.5,7.2,76000.0,131100.0,0.0,0.0,0.0,297.4,298.95,287.6,2.481,2026-02-03 23:02,4038
PETRONET,2026-02-24,305.0,6.25,471200.0,1160900.0,12.75,22800.0,26600.0,297.4,298.95,287.6,2.481,2026-02-03 23:02,6583
PETRONET,2026-02-24,307.5,5.55,58900.0,239400.0,19.35,9500.0,0.0,297.4,298.95,287.6,2.481,2026-02-03 23:02,9463
PETRONET,2026-02-24,310.0,4.75,727700.0,3148300.0,17.5,11400.0,0.0,297.4,298.95,287.6,2.481,2026-02-03 23:02,12109
PETRONET,2026-02-24,312.5,3.7,60800.0,3800.0,0.0,0.0,0.0,297.4,298.95,287.6,2.481,2026-02-03 23:02,15251
PETRONET,2026-02-24,315.0,3.55,248900.0,372400.0,26.75,11400.0,0.0,297.4,298.95,287.6,2.481,2026-02-03 23:02,18105
PETRONET,2026-02-24,317.5,0.0,0.0,0.0,0.0,0.0,0.0,297.4,298.95,287.6,2.481,2026-02-03 23:02,21059
PETRONET,2026-02-24,320.0,2.8,1153300.0,2853800.0,35.15,11400.0,0.0,297.4,298.95,287.6,2.481,2026-02-03 23:02,23956
PETRONET,2026-02-24,322.5,0.0,0.0,0.0,0.0,0.0,0.0,297.4,298.95,287.6,2.481,2026-02-03 23:02,27427
PETRONET,2026-02-24,325.0,2.2,345800.0,262200.0,41.0,9500.0,0.0,297.4,298.95,287.6,2.481,2026-02-03 23:02,30614
PETRONET,2026-02-24,330.0,1.7,446500.0,621300.0,34.65,5700.0,0.0,297.4,298.95,287.6,2.481,2026-02-03 23:02,37205
PETRONET,2026-02-24,335.0,1.35,374300.0,558600.0,0.0,0.0,0.0,297.4,298.95,287.6,2.481,2026-02-03 23:02,44040
PFC,2026-02-24,300.0,0.0,0.0,0.0,0.6,218400.0,58500.0,392.6,404.0,386.85,1.802,2026-02-03 23:02,95070
PFC,2026-02-24,310.0,53.0,5200.0,0.0,0.65,88400.0,46800.0,392.6,404.0,386.85,1.802,2026-02-03 23:02,76440
PFC,2026-02-24,315.0,0.0,0.0,0.0,0.65,37700.0,0.0,392.6,404.0,386.85,1.802,2026-02-03 23:02,67200
PFC,2026-02-24,320.0,80.0,3900.0,0.0,0.85,419900.0,422500.0,392.6,404.0,386.85,1.802,2026-02-03 23:02,57955
PFC,2026-02-24,325.0,0.0,0.0,0.0,1.0,167700.0,79300.0,392.6,404.0,386.85,1.802,2026-02-03 23:02,48919
PFC,2026-02-24,327.5,0.0,0.0,0.0,1.4,102700.0,0.0,392.6,404.0,386.85,1.802,2026-02-03 23:02,44429
PFC,2026-02-24,330.0,60.9,87100.0,50700.0,1.25,679900.0,221000.0,392.6,404.0,386.85,1.802,2026-02-03 23:02,39966
PFC,2026-02-24,332.5,0.0,0.0,0.0,1.6,50700.0,0.0,392.6,404.0,386.85,1.802,2026-02-03 23:02,36156
PFC,2026-02-24,335.0,0.0,0.0,0.0,1.3,156000.0,63700.0,392.6,404.0,386.85,1.802,2026-02-03 23:02,31904
PFC,2026-02-24,337.5,0.0,0.0,0.0,2.0,31200.0,0.0,392.6,404.0,386.85,1.802,2026-02-03 23:02,27679
PFC,2026-02-24,340.0,34.8,127400.0,0.0,1.65,765700.0,396500.0,392.6,404.0,386.85,1.802,2026-02-03 23:02,23476
PFC,2026-02-24,342.5,0.0,0.0,0.0,1.7,57200.0,35100.0,392.6,404.0,386.85,1.802,2026-02-03 23:02,19820
PFC,2026-02-24,345.0,29.5,1300.0,0.0,1.85,110500.0,68900.0,392.6,404.0,386.85,1.802,2026-02-03 23:02,15851
PFC,2026-02-24,347.5,23.3,3900.0,0.0,2.05,85800.0,84500.0,392.6,404.0,386.85,1.802,2026-02-03 23:02,11903
PFC,2026-02-24,350.0,44.25,782600.0,29900.0,2.3,1203800.0,781300.0,392.6,404.0,386.85,1.802,2026-02-03 23:02,7986
PFC,2026-02-24,352.5,19.75,16900.0,0.0,2.5,92300.0,91000.0,392.6,404.0,386.85,1.802,2026-02-03 23:02,7760
PFC,2026-02-24,355.0,45.0,170300.0,0.0,2.7,504400.0,393900.0,392.6,404.0,386.85,1.802,2026-02-03 23:02,4385
PFC,2026-02-24,357.5,37.95,231400.0,7800.0,3.05,310700.0,50700.0,392.6,404.0,386.85,1.802,2026-02-03 23:02,1799
PFC,2026-02-24,360.0,35.1,1584700.0,131300.0,3.3,1862900.0,728000.0,392.6,404.0,386.85,1.802,2026-02-03 23:02,-497
PFC,2026-02-24,362.5,33.2,223600.0,15600.0,3.65,392600.0,57200.0,392.6,404.0,386.85,1.802,2026-02-03 23:02,2231
PFC,2026-02-24,365.0,30.95,625300.0,35100.0,4.05,789100.0,426400.0,392.6,404.0,386.85,1.802,2026-02-03 23:02,765
PFC,2026-02-24,367.5,28.55,166400.0,24700.0,4.55,287300.0,124800.0,392.6,404.0,386.85,1.802,2026-02-03 23:02,669
PFC,2026-02-24,370.0,26.75,1528800.0,414700.0,4.95,1710800.0,1017900.0,392.6,404.0,386.85,1.802,2026-02-03 23:02,-583
PFC,2026-02-24,372.5,25.05,102700.0,28600.0,5.55,276900.0,241800.0,392.6,404.0,386.85,1.802,2026-02-03 23:02,1871
PFC,2026-02-24,375.0,23.05,451100.0,260000.0,6.3,872300.0,618800.0,392.6,404.0,386.85,1.802,2026-02-03 23:02,1282
PFC,2026-02-24,377.5,21.2,215800.0,131300.0,6.95,413400.0,296400.0,392.6,404.0,386.85,1.802,2026-02-03 23:02,1410
PFC,2026-02-24,380.0,19.55,2156700.0,2424500.0,7.8,1813500.0,1307800.0,392.6,404.0,386.85,1.802,2026-02-03 23:02,1375
PFC,2026-02-24,382.5,18.0,182000.0,369200.0,8.65,256100.0,422500.0,392.6,404.0,386.85,1.802,2026-02-03 23:02,4965
PFC,2026-02-24,385.0,16.45,559000.0,1541800.0,9.55,457600.0,899600.0,392.6,404.0,386.85,1.802,2026-02-03 23:02,5968
PFC,2026-02-24,387.5,15.0,133900.0,929500.0,10.55,302900.0,1189500.0,392.6,404.0,386.85,1.802,2026-02-03 23:02,7602
PFC,2026-02-24,390.0,13.7,2223000.0,6912100.0,11.8,790400.0,2489500.0,392.6,404.0,386.85,1.802,2026-02-03 23:02,8744
PFC,2026-02-24,392.5,12.45,278200.0,1543100.0,13.05,209300.0,839800.0,392.6,404.0,386.85,1.802,2026-02-03 23:02,12871
PFC,2026-02-24,395.0,11.2,640900.0,3887000.0,14.45,300300.0,444600.0,392.6,404.0,386.85,1.802,2026-02-03 23:02,15080
PFC,2026-02-24,397.5,10.25,214500.0,1225900.0,15.8,62400.0,188500.0,392.6,404.0,386.85,1.802,2026-02-03 23:02,17735
PFC,2026-02-24,400.0,9.3,4629300.0,8582600.0,17.4,1396200.0,1147900.0,392.6,404.0,386.85,1.802,2026-02-03 23:02,20297
PFC,2026-02-24,402.5,8.4,226200.0,438100.0,18.6,16900.0,22100.0,392.6,404.0,386.85,1.802,2026-02-03 23:02,26120
PFC,2026-02-24,405.0,7.6,284700.0,689000.0,20.75,31200.0,53300.0,392.6,404.0,386.85,1.802,2026-02-03 23:02,30286
PFC,2026-02-24,407.5,6.7,58500.0,49400.0,22.15,52000.0,24700.0,392.6,404.0,386.85,1.802,2026-02-03 23:02,34524
PFC,2026-02-24,410.0,6.05,1493700.0,1628900.0,23.85,170300.0,78000.0,392.6,404.0,386.85,1.802,2026-02-03 23:02,38562
PFC,2026-02-24,412.5,5.55,92300.0,113100.0,25.65,6500.0,16900.0,392.6,404.0,386.85,1.802,2026-02-03 23:02,43590
PFC,2026-02-24,415.0,4.9,230100.0,280800.0,27.7,6500.0,16900.0,392.6,404.0,386.85,1.802,2026-02-03 23:02,48179
PFC,2026-02-24,417.5,4.7,71500.0,32500.0,0.0,0.0,0.0,392.6,404.0,386.85,1.802,2026-02-03 23:02,52888
PFC,2026-02-24,420.0,4.0,1253200.0,1814800.0,32.0,458900.0,70200.0,392.6,404.0,386.85,1.802,2026-02-03 23:02,57554
PFC,2026-02-24,422.5,3.6,48100.0,18200.0,0.0,0.0,0.0,392.6,404.0,386.85,1.802,2026-02-03 23:02,61646
PFC,2026-02-24,425.0,3.25,458900.0,244400.0,36.7,812500.0,7800.0,392.6,404.0,386.85,1.802,2026-02-03 23:02,66736
PFC,2026-02-24,427.5,0.0,0.0,0.0,0.0,0.0,0.0,392.6,404.0,386.85,1.802,2026-02-03 23:02,69293
PFC,2026-02-24,430.0,2.65,500500.0,652600.0,0.0,0.0,0.0,392.6,404.0,386.85,1.802,2026-02-03 23:02,74683
PFC,2026-02-24,432.5,0.0,0.0,0.0,0.0,0.0,0.0,392.6,404.0,386.85,1.802,2026-02-03 23:02,80330
PFC,2026-02-24,435.0,2.2,854100.0,397800.0,50.8,2600.0,0.0,392.6,404.0,386.85,1.802,2026-02-03 23:02,85845
PFC,2026-02-24,437.5,0.0,0.0,0.0,0.0,0.0,0.0,392.6,404.0,386.85,1.802,2026-02-03 23:02,91749
PFC,2026-02-24,440.0,1.85,117000.0,137800.0,0.0,0.0,0.0,392.6,404.0,386.85,1.802,2026-02-03 23:02,97478
PFC,2026-02-24,442.5,0.0,0.0,0.0,0.0,0.0,0.0,392.6,404.0,386.85,1.802,2026-02-03 23:02,103258
PFC,2026-02-24,445.0,2.4,1300.0,0.0,0.0,0.0,0.0,392.6,404.0,386.85,1.802,2026-02-03 23:02,109016
PFC,2026-02-24,447.5,0.0,0.0,0.0,0.0,0.0,0.0,392.6,404.0,386.85,1.802,2026-02-03 23:02,114775
PFC,2026-02-24,450.0,1.35,128700.0,200200.0,67.0,1300.0,0.0,392.6,404.0,386.85,1.802,2026-02-03 23:02,120534
PFC,2026-02-24,452.5,0.0,0.0,0.0,0.0,0.0,0.0,392.6,404.0,386.85,1.802,2026-02-03 23:02,126334
PFC,2026-02-24,455.0,0.0,0.0,0.0,0.0,0.0,0.0,392.6,404.0,386.85,1.802,2026-02-03 23:02,132125
PGEL,2026-02-24,280.0,0.0,0.0,0.0,0.0,0.0,0.0,562.1,609.2,543.5,-0.124,2026-02-03 23:02,83805
PGEL,2026-02-24,300.0,0.0,0.0,0.0,0.0,0.0,0.0,562.1,609.2,543.5,-0.124,2026-02-03 23:02,75920
PGEL,2026-02-24,320.0,0.0,0.0,0.0,0.0,0.0,0.0,562.1,609.2,543.5,-0.124,2026-02-03 23:02,68035
PGEL,2026-02-24,340.0,0.0,0.0,0.0,0.0,0.0,0.0,562.1,609.2,543.5,-0.124,2026-02-03 23:02,60150
PGEL,2026-02-24,350.0,0.0,0.0,0.0,0.0,0.0,0.0,562.1,609.2,543.5,-0.124,2026-02-03 23:02,56207
PGEL,2026-02-24,360.0,0.0,0.0,0.0,0.0,0.0,0.0,562.1,609.2,543.5,-0.124,2026-02-03 23:02,52265
PGEL,2026-02-24,370.0,0.0,0.0,0.0,0.0,0.0,0.0,562.1,609.2,543.5,-0.124,2026-02-03 23:02,48322
PGEL,2026-02-24,380.0,0.0,0.0,0.0,0.0,0.0,0.0,562.1,609.2,543.5,-0.124,2026-02-03 23:02,44380
PGEL,2026-02-24,390.0,0.0,0.0,0.0,0.0,0.0,0.0,562.1,609.2,543.5,-0.124,2026-02-03 23:02,40437
PGEL,2026-02-24,400.0,0.0,0.0,0.0,0.0,0.0,0.0,562.1,609.2,543.5,-0.124,2026-02-03 23:02,36495
PGEL,2026-02-24,410.0,0.0,0.0,0.0,0.0,0.0,0.0,562.1,609.2,543.5,-0.124,2026-02-03 23:02,32552
PGEL,2026-02-24,420.0,0.0,0.0,0.0,0.0,0.0,0.0,562.1,609.2,543.5,-0.124,2026-02-03 23:02,28610
PGEL,2026-02-24,430.0,0.0,0.0,0.0,0.0,0.0,0.0,562.1,609.2,543.5,-0.124,2026-02-03 23:02,24667
PGEL,2026-02-24,440.0,151.5,2850.0,5700.0,1.45,93100.0,249850.0,562.1,609.2,543.5,-0.124,2026-02-03 23:02,20725
PGEL,2026-02-24,450.0,79.65,950.0,0.0,2.05,135850.0,355300.0,562.1,609.2,543.5,-0.124,2026-02-03 23:02,16908
PGEL,2026-02-24,460.0,77.85,950.0,0.0,2.45,235600.0,632700.0,562.1,609.2,543.5,-0.124,2026-02-03 23:02,13178
PGEL,2026-02-24,470.0,94.0,5700.0,13300.0,2.7,92150.0,384750.0,562.1,609.2,543.5,-0.124,2026-02-03 23:02,9654
PGEL,2026-02-24,480.0,72.0,9500.0,19000.0,3.8,458850.0,1158050.0,562.1,609.2,543.5,-0.124,2026-02-03 23:02,6308
PGEL,2026-02-24,490.0,76.2,3800.0,11400.0,4.8,68400.0,194750.0,562.1,609.2,543.5,-0.124,2026-02-03 23:02,3295
PGEL,2026-02-24,500.0,66.45,54150.0,37050.0,6.4,560500.0,2658100.0,562.1,609.2,543.5,-0.124,2026-02-03 23:02,456
PGEL,2026-02-24,510.0,54.75,33250.0,22800.0,8.7,180500.0,1136200.0,562.1,609.2,543.5,-0.124,2026-02-03 23:02,-1762
PGEL,2026-02-24,520.0,50.35,118750.0,98800.0,11.0,399950.0,2045350.0,562.1,609.2,543.5,-0.124,2026-02-03 23:02,-3743
PGEL,2026-02-24,530.0,40.0,57000.0,102600.0,14.1,259350.0,1088700.0,562.1,609.2,543.5,-0.124,2026-02-03 23:02,-5073
PGEL,2026-02-24,540.0,32.5,174800.0,295450.0,18.0,325850.0,2415850.0,562.1,609.2,543.5,-0.124,2026-02-03 23:02,-6382
PGEL,2026-02-24,550.0,29.3,393300.0,2375000.0,21.55,236550.0,2358850.0,562.1,609.2,543.5,-0.124,2026-02-03 23:02,-7071
PGEL,2026-02-24,560.0,24.0,673550.0,3914000.0,26.9,187150.0,2161250.0,562.1,609.2,543.5,-0.124,2026-02-03 23:02,-6470
PGEL,2026-02-24,570.0,19.5,385700.0,2950700.0,33.8,389500.0,1606450.0,562.1,609.2,543.5,-0.124,2026-02-03 23:02,-4537
PGEL,2026-02-24,580.0,17.35,671650.0,3828500.0,38.45,52250.0,675450.0,562.1,609.2,543.5,-0.124,2026-02-03 23:02,-3506
PGEL,2026-02-24,590.0,13.5,361000.0,2080500.0,46.1,57000.0,414200.0,562.1,609.2,543.5,-0.124,2026-02-03 23:02,-223
PGEL,2026-02-24,600.0,11.5,1684350.0,11985200.0,53.75,145350.0,646000.0,562.1,609.2,543.5,-0.124,2026-02-03 23:02,2738
PGEL,2026-02-24,610.0,9.7,284050.0,2074800.0,62.65,12350.0,38950.0,562.1,609.2,543.5,-0.124,2026-02-03 23:02,8460
PGEL,2026-02-24,620.0,7.8,589000.0,3021950.0,68.7,22800.0,86450.0,562.1,609.2,543.5,-0.124,2026-02-03 23:02,13522
PGEL,2026-02-24,630.0,6.5,201400.0,896800.0,79.5,7600.0,14250.0,562.1,609.2,543.5,-0.124,2026-02-03 23:02,19299
PGEL,2026-02-24,640.0,5.15,302100.0,1287250.0,131.6,3800.0,0.0,562.1,609.2,543.5,-0.124,2026-02-03 23:02,25053
PGEL,2026-02-24,650.0,4.7,718200.0,2399700.0,0.0,0.0,0.0,562.1,609.2,543.5,-0.124,2026-02-03 23:02,31149
PGEL,2026-02-24,660.0,3.85,247000.0,1131450.0,74.25,6650.0,19000.0,562.1,609.2,543.5,-0.124,2026-02-03 23:02,38194
PGEL,2026-02-24,670.0,3.4,111150.0,340100.0,124.6,9500.0,7600.0,562.1,609.2,543.5,-0.124,2026-02-03 23:02,45202
PGEL,2026-02-24,680.0,2.65,135850.0,289750.0,0.0,0.0,0.0,562.1,609.2,543.5,-0.124,2026-02-03 23:02,52203
PGEL,2026-02-24,690.0,2.15,247000.0,564300.0,150.9,0.0,0.0,562.1,609.2,543.5,-0.124,2026-02-03 23:02,59457
PGEL,2026-02-24,700.0,36.95,0.0,0.0,156.05,0.0,0.0,562.1,609.2,543.5,-0.124,2026-02-03 23:02,66976
PGEL,2026-02-24,710.0,2.8,0.0,0.0,169.6,0.0,0.0,562.1,609.2,543.5,-0.124,2026-02-03 23:02,74441
PGEL,2026-02-24,720.0,32.65,0.0,0.0,180.3,1900.0,0.0,562.1,609.2,543.5,-0.124,2026-02-03 23:02,81906
PGEL,2026-02-24,730.0,0.0,0.0,0.0,0.0,0.0,0.0,562.1,609.2,543.5,-0.124,2026-02-03 23:02,89339
PGEL,2026-02-24,740.0,0.0,0.0,0.0,0.0,0.0,0.0,562.1,609.2,543.5,-0.124,2026-02-03 23:02,96806
PGEL,2026-02-24,760.0,0.0,0.0,0.0,0.0,0.0,0.0,562.1,609.2,543.5,-0.124,2026-02-03 23:02,111740
PGEL,2026-02-24,780.0,0.0,0.0,0.0,0.0,0.0,0.0,562.1,609.2,543.5,-0.124,2026-02-03 23:02,126674
PGEL,2026-02-24,800.0,0.0,0.0,0.0,0.0,0.0,0.0,562.1,609.2,543.5,-0.124,2026-02-03 23:02,141608
PHOENIXLTD,2026-02-24,1360.0,0.0,0.0,0.0,2.5,2800.0,2100.0,1679.4,1711.3,1666.0,2.936,2026-02-03 23:02,9436
PHOENIXLTD,2026-02-24,1400.0,0.0,0.0,0.0,0.0,0.0,0.0,1679.4,1711.3,1666.0,2.936,2026-02-03 23:02,7852
PHOENIXLTD,2026-02-24,1440.0,0.0,0.0,0.0,3.95,34650.0,81550.0,1679.4,1711.3,1666.0,2.936,2026-02-03 23:02,6269
PHOENIXLTD,2026-02-24,1460.0,0.0,0.0,0.0,0.0,0.0,0.0,1679.4,1711.3,1666.0,2.936,2026-02-03 23:02,5533
PHOENIXLTD,2026-02-24,1480.0,0.0,0.0,0.0,0.0,0.0,0.0,1679.4,1711.3,1666.0,2.936,2026-02-03 23:02,4810
PHOENIXLTD,2026-02-24,1500.0,0.0,0.0,0.0,0.0,0.0,0.0,1679.4,1711.3,1666.0,2.936,2026-02-03 23:02,4088
PHOENIXLTD,2026-02-24,1520.0,0.0,0.0,0.0,14.2,1050.0,0.0,1679.4,1711.3,1666.0,2.936,2026-02-03 23:02,3365
PHOENIXLTD,2026-02-24,1540.0,0.0,0.0,0.0,8.9,51450.0,103950.0,1679.4,1711.3,1666.0,2.936,2026-02-03 23:02,2644
PHOENIXLTD,2026-02-24,1560.0,117.75,1750.0,0.0,22.45,13300.0,0.0,1679.4,1711.3,1666.0,2.936,2026-02-03 23:02,1980
PHOENIXLTD,2026-02-24,1580.0,96.9,1750.0,0.0,13.6,29750.0,33950.0,1679.4,1711.3,1666.0,2.936,2026-02-03 23:02,1384
PHOENIXLTD,2026-02-24,1600.0,101.3,4900.0,4900.0,17.15,61250.0,94850.0,1679.4,1711.3,1666.0,2.936,2026-02-03 23:02,836
PHOENIXLTD,2026-02-24,1620.0,109.0,53900.0,2450.0,23.2,9800.0,350.0,1679.4,1711.3,1666.0,2.936,2026-02-03 23:02,389
PHOENIXLTD,2026-02-24,1640.0,84.15,8400.0,2450.0,28.0,13650.0,4200.0,1679.4,1711.3,1666.0,2.936,2026-02-03 23:02,689
PHOENIXLTD,2026-02-24,1660.0,61.0,29400.0,28700.0,34.4,19250.0,5950.0,1679.4,1711.3,1666.0,2.936,2026-02-03 23:02,501
PHOENIXLTD,2026-02-24,1680.0,51.75,19600.0,14700.0,45.7,12950.0,2450.0,1679.4,1711.3,1666.0,2.936,2026-02-03 23:02,491
PHOENIXLTD,2026-02-24,1700.0,42.3,78750.0,309400.0,54.8,31850.0,5250.0,1679.4,1711.3,1666.0,2.936,2026-02-03 23:02,475
PHOENIXLTD,2026-02-24,1720.0,32.6,29050.0,34650.0,99.9,5600.0,0.0,1679.4,1711.3,1666.0,2.936,2026-02-03 23:02,797
PHOENIXLTD,2026-02-24,1740.0,26.5,28350.0,98000.0,78.4,32550.0,3150.0,1679.4,1711.3,1666.0,2.936,2026-02-03 23:02,1068
PHOENIXLTD,2026-02-24,1760.0,20.35,32550.0,24850.0,95.5,39200.0,350.0,1679.4,1711.3,1666.0,2.936,2026-02-03 23:02,1242
PHOENIXLTD,2026-02-24,1780.0,17.15,45150.0,42000.0,103.9,5250.0,6300.0,1679.4,1711.3,1666.0,2.936,2026-02-03 23:02,1431
PHOENIXLTD,2026-02-24,1800.0,12.9,72450.0,170100.0,119.8,19950.0,3850.0,1679.4,1711.3,1666.0,2.936,2026-02-03 23:02,2053
PHOENIXLTD,2026-02-24,1820.0,9.85,12250.0,17500.0,119.0,2100.0,0.0,1679.4,1711.3,1666.0,2.936,2026-02-03 23:02,2691
PHOENIXLTD,2026-02-24,1840.0,0.0,0.0,0.0,0.0,0.0,0.0,1679.4,1711.3,1666.0,2.936,2026-02-03 23:02,3490
PHOENIXLTD,2026-02-24,1860.0,3.9,10850.0,0.0,0.0,0.0,0.0,1679.4,1711.3,1666.0,2.936,2026-02-03 23:02,4302
PHOENIXLTD,2026-02-24,1880.0,11.4,7350.0,0.0,71.35,700.0,0.0,1679.4,1711.3,1666.0,2.936,2026-02-03 23:02,5140
PHOENIXLTD,2026-02-24,1900.0,4.05,78400.0,83650.0,190.9,3850.0,0.0,1679.4,1711.3,1666.0,2.936,2026-02-03 23:02,5993
PHOENIXLTD,2026-02-24,1920.0,15.15,700.0,0.0,209.15,700.0,0.0,1679.4,1711.3,1666.0,2.936,2026-02-03 23:02,6965
PHOENIXLTD,2026-02-24,1940.0,12.8,2100.0,0.0,195.0,2450.0,0.0,1679.4,1711.3,1666.0,2.936,2026-02-03 23:02,7969
PHOENIXLTD,2026-02-24,1960.0,10.65,3500.0,0.0,80.45,350.0,0.0,1679.4,1711.3,1666.0,2.936,2026-02-03 23:02,8950
PHOENIXLTD,2026-02-24,1980.0,2.4,4900.0,0.0,0.0,0.0,0.0,1679.4,1711.3,1666.0,2.936,2026-02-03 23:02,9985
PHOENIXLTD,2026-02-24,2000.0,2.0,25900.0,4550.0,0.0,0.0,0.0,1679.4,1711.3,1666.0,2.936,2026-02-03 23:02,11030
PHOENIXLTD,2026-02-24,2020.0,10.3,1050.0,0.0,280.3,2100.0,0.0,1679.4,1711.3,1666.0,2.936,2026-02-03 23:02,12130
PHOENIXLTD,2026-02-24,2040.0,8.15,1750.0,0.0,0.0,0.0,0.0,1679.4,1711.3,1666.0,2.936,2026-02-03 23:02,13174
PHOENIXLTD,2026-02-24,2060.0,12.4,1750.0,0.0,0.0,0.0,0.0,1679.4,1711.3,1666.0,2.936,2026-02-03 23:02,14281
PHOENIXLTD,2026-02-24,2080.0,10.4,1750.0,0.0,0.0,0.0,0.0,1679.4,1711.3,1666.0,2.936,2026-02-03 23:02,15392
PHOENIXLTD,2026-02-24,2100.0,1.0,7000.0,0.0,0.0,0.0,0.0,1679.4,1711.3,1666.0,2.936,2026-02-03 23:02,16506
PHOENIXLTD,2026-02-24,2120.0,5.3,1400.0,0.0,0.0,0.0,0.0,1679.4,1711.3,1666.0,2.936,2026-02-03 23:02,17633
PHOENIXLTD,2026-02-24,2140.0,1.0,0.0,0.0,0.0,0.0,0.0,1679.4,1711.3,1666.0,2.936,2026-02-03 23:02,18763
PHOENIXLTD,2026-02-24,2160.0,0.75,1400.0,0.0,0.0,0.0,0.0,1679.4,1711.3,1666.0,2.936,2026-02-03 23:02,19892
PHOENIXLTD,2026-02-24,2200.0,1.25,10500.0,1050.0,439.8,2100.0,0.0,1679.4,1711.3,1666.0,2.936,2026-02-03 23:02,22156
PHOENIXLTD,2026-02-24,2240.0,0.65,42700.0,33250.0,0.0,0.0,0.0,1679.4,1711.3,1666.0,2.936,2026-02-03 23:02,24379
PIDILITIND,2026-02-24,1200.0,0.0,0.0,0.0,2.5,1500.0,0.0,1427.8,1453.0,1412.2,1.119,2026-02-03 23:02,26068
PIDILITIND,2026-02-24,1220.0,0.0,0.0,0.0,0.0,0.0,0.0,1427.8,1453.0,1412.2,1.119,2026-02-03 23:02,22967
PIDILITIND,2026-02-24,1240.0,0.0,0.0,0.0,2.9,4000.0,1000.0,1427.8,1453.0,1412.2,1.119,2026-02-03 23:02,19866
PIDILITIND,2026-02-24,1260.0,0.0,0.0,0.0,0.0,0.0,0.0,1427.8,1453.0,1412.2,1.119,2026-02-03 23:02,16771
PIDILITIND,2026-02-24,1280.0,0.0,0.0,0.0,3.0,58000.0,42500.0,1427.8,1453.0,1412.2,1.119,2026-02-03 23:02,13678
PIDILITIND,2026-02-24,1290.0,0.0,0.0,0.0,4.5,1000.0,1500.0,1427.8,1453.0,1412.2,1.119,2026-02-03 23:02,12173
PIDILITIND,2026-02-24,1300.0,0.0,0.0,0.0,4.2,197500.0,382000.0,1427.8,1453.0,1412.2,1.119,2026-02-03 23:02,10685
PIDILITIND,2026-02-24,1310.0,0.0,0.0,0.0,0.0,0.0,0.0,1427.8,1453.0,1412.2,1.119,2026-02-03 23:02,9312
PIDILITIND,2026-02-24,1320.0,0.0,0.0,0.0,6.4,77500.0,154500.0,1427.8,1453.0,1412.2,1.119,2026-02-03 23:02,8022
PIDILITIND,2026-02-24,1330.0,0.0,0.0,0.0,11.0,7000.0,0.0,1427.8,1453.0,1412.2,1.119,2026-02-03 23:02,6760
PIDILITIND,2026-02-24,1340.0,0.0,0.0,0.0,8.85,62500.0,24500.0,1427.8,1453.0,1412.2,1.119,2026-02-03 23:02,5546
PIDILITIND,2026-02-24,1350.0,83.85,2000.0,0.0,10.65,104000.0,81000.0,1427.8,1453.0,1412.2,1.119,2026-02-03 23:02,4348
PIDILITIND,2026-02-24,1360.0,69.2,8500.0,0.0,12.85,45000.0,68500.0,1427.8,1453.0,1412.2,1.119,2026-02-03 23:02,3217
PIDILITIND,2026-02-24,1370.0,0.0,0.0,0.0,14.8,15500.0,33500.0,1427.8,1453.0,1412.2,1.119,2026-02-03 23:02,2235
PIDILITIND,2026-02-24,1380.0,73.6,2000.0,0.0,17.0,54000.0,71000.0,1427.8,1453.0,1412.2,1.119,2026-02-03 23:02,1244
PIDILITIND,2026-02-24,1390.0,76.4,2000.0,0.0,19.5,22000.0,38000.0,1427.8,1453.0,1412.2,1.119,2026-02-03 23:02,255
PIDILITIND,2026-02-24,1400.0,55.45,81000.0,59000.0,24.0,250500.0,252000.0,1427.8,1453.0,1412.2,1.119,2026-02-03 23:02,-660
PIDILITIND,2026-02-24,1410.0,48.3,7500.0,6500.0,28.0,22500.0,27500.0,1427.8,1453.0,1412.2,1.119,2026-02-03 23:02,-1369
PIDILITIND,2026-02-24,1420.0,43.0,141500.0,222500.0,33.0,223500.0,345000.0,1427.8,1453.0,1412.2,1.119,2026-02-03 23:02,-1922
PIDILITIND,2026-02-24,1430.0,38.5,75500.0,124500.0,39.4,81000.0,160500.0,1427.8,1453.0,1412.2,1.119,2026-02-03 23:02,-2212
PIDILITIND,2026-02-24,1440.0,33.3,148000.0,550500.0,42.9,77500.0,31500.0,1427.8,1453.0,1412.2,1.119,2026-02-03 23:02,-2246
PIDILITIND,2026-02-24,1450.0,29.4,97000.0,191500.0,47.25,61500.0,43500.0,1427.8,1453.0,1412.2,1.119,2026-02-03 23:02,-1865
PIDILITIND,2026-02-24,1460.0,25.6,115000.0,210500.0,54.45,34000.0,49000.0,1427.8,1453.0,1412.2,1.119,2026-02-03 23:02,-1491
PIDILITIND,2026-02-24,1470.0,22.25,21000.0,10000.0,52.15,4000.0,0.0,1427.8,1453.0,1412.2,1.119,2026-02-03 23:02,-854
PIDILITIND,2026-02-24,1480.0,17.55,59500.0,76000.0,74.85,19000.0,0.0,1427.8,1453.0,1412.2,1.119,2026-02-03 23:02,-275
PIDILITIND,2026-02-24,1490.0,15.4,59000.0,34000.0,71.2,3500.0,0.0,1427.8,1453.0,1412.2,1.119,2026-02-03 23:02,317
PIDILITIND,2026-02-24,1500.0,13.1,360000.0,1095000.0,83.1,54000.0,12000.0,1427.8,1453.0,1412.2,1.119,2026-02-03 23:02,1077
PIDILITIND,2026-02-24,1510.0,15.4,1500.0,0.0,77.0,33500.0,0.0,1427.8,1453.0,1412.2,1.119,2026-02-03 23:02,2208
PIDILITIND,2026-02-24,1520.0,9.1,82000.0,89500.0,85.0,7500.0,0.0,1427.8,1453.0,1412.2,1.119,2026-02-03 23:02,3096
PIDILITIND,2026-02-24,1530.0,5.8,2000.0,0.0,0.0,0.0,0.0,1427.8,1453.0,1412.2,1.119,2026-02-03 23:02,4339
PIDILITIND,2026-02-24,1540.0,6.8,124500.0,204000.0,82.05,5000.0,0.0,1427.8,1453.0,1412.2,1.119,2026-02-03 23:02,5575
PIDILITIND,2026-02-24,1550.0,5.4,38000.0,45500.0,95.0,1000.0,0.0,1427.8,1453.0,1412.2,1.119,2026-02-03 23:02,6982
PIDILITIND,2026-02-24,1560.0,5.85,109500.0,94500.0,138.05,6500.0,5500.0,1427.8,1453.0,1412.2,1.119,2026-02-03 23:02,8396
PIDILITIND,2026-02-24,1570.0,5.0,3000.0,0.0,0.0,0.0,0.0,1427.8,1453.0,1412.2,1.119,2026-02-03 23:02,9890
PIDILITIND,2026-02-24,1580.0,3.8,36500.0,6500.0,0.0,0.0,0.0,1427.8,1453.0,1412.2,1.119,2026-02-03 23:02,11413
PIDILITIND,2026-02-24,1600.0,2.9,122000.0,189500.0,190.0,17000.0,0.0,1427.8,1453.0,1412.2,1.119,2026-02-03 23:02,14544
PIDILITIND,2026-02-24,1620.0,4.25,1500.0,0.0,0.0,0.0,0.0,1427.8,1453.0,1412.2,1.119,2026-02-03 23:02,17651
PIDILITIND,2026-02-24,1640.0,3.7,500.0,500.0,0.0,0.0,0.0,1427.8,1453.0,1412.2,1.119,2026-02-03 23:02,21050
PIDILITIND,2026-02-24,1660.0,2.25,500.0,0.0,0.0,0.0,0.0,1427.8,1453.0,1412.2,1.119,2026-02-03 23:02,24449
PIDILITIND,2026-02-24,1680.0,0.0,0.0,0.0,220.0,1000.0,0.0,1427.8,1453.0,1412.2,1.119,2026-02-03 23:02,27849
PIDILITIND,2026-02-24,1700.0,1.0,8500.0,0.0,0.0,0.0,0.0,1427.8,1453.0,1412.2,1.119,2026-02-03 23:02,31229
PNB,2026-02-24,98.0,0.0,0.0,0.0,0.09,288000.0,280000.0,123.86,129.01,122.7,1.508,2026-02-03 23:02,128035
PNB,2026-02-24,100.0,0.0,0.0,0.0,0.1,1632000.0,600000.0,123.86,129.01,122.7,1.508,2026-02-03 23:02,114741
PNB,2026-02-24,102.0,0.0,0.0,0.0,0.12,312000.0,104000.0,123.86,129.01,122.7,1.508,2026-02-03 23:02,101760
PNB,2026-02-24,104.0,17.46,32000.0,0.0,0.14,632000.0,120000.0,123.86,129.01,122.7,1.508,2026-02-03 23:02,88854
PNB,2026-02-24,106.0,19.0,8000.0,0.0,0.16,1128000.0,720000.0,123.86,129.01,122.7,1.508,2026-02-03 23:02,76131
PNB,2026-02-24,107.0,0.0,0.0,0.0,0.2,48000.0,8000.0,123.86,129.01,122.7,1.508,2026-02-03 23:02,69857
PNB,2026-02-24,108.0,0.0,0.0,0.0,0.22,424000.0,104000.0,123.86,129.01,122.7,1.508,2026-02-03 23:02,63590
PNB,2026-02-24,109.0,13.83,16000.0,0.0,0.25,544000.0,688000.0,123.86,129.01,122.7,1.508,2026-02-03 23:02,57357
PNB,2026-02-24,110.0,15.05,448000.0,32000.0,0.28,4616000.0,4136000.0,123.86,129.01,122.7,1.508,2026-02-03 23:02,51197
PNB,2026-02-24,111.0,12.06,40000.0,0.0,0.33,328000.0,352000.0,123.86,129.01,122.7,1.508,2026-02-03 23:02,46081
PNB,2026-02-24,112.0,0.0,0.0,0.0,0.38,712000.0,424000.0,123.86,129.01,122.7,1.508,2026-02-03 23:02,40493
PNB,2026-02-24,113.0,0.0,0.0,0.0,0.45,640000.0,504000.0,123.86,129.01,122.7,1.508,2026-02-03 23:02,34913
PNB,2026-02-24,114.0,13.16,8000.0,0.0,0.53,1008000.0,776000.0,123.86,129.01,122.7,1.508,2026-02-03 23:02,29394
PNB,2026-02-24,115.0,9.96,864000.0,240000.0,0.62,4728000.0,7424000.0,123.86,129.01,122.7,1.508,2026-02-03 23:02,23963
PNB,2026-02-24,116.0,0.0,0.0,0.0,0.74,872000.0,496000.0,123.86,129.01,122.7,1.508,2026-02-03 23:02,19702
PNB,2026-02-24,117.0,7.4,8000.0,0.0,0.86,992000.0,1528000.0,123.86,129.01,122.7,1.508,2026-02-03 23:02,14896
PNB,2026-02-24,118.0,7.44,600000.0,144000.0,1.04,1840000.0,2776000.0,123.86,129.01,122.7,1.508,2026-02-03 23:02,10175
PNB,2026-02-24,119.0,6.86,592000.0,160000.0,1.26,1504000.0,1384000.0,123.86,129.01,122.7,1.508,2026-02-03 23:02,6032
PNB,2026-02-24,120.0,5.75,3400000.0,4248000.0,1.5,11880000.0,7136000.0,123.86,129.01,122.7,1.508,2026-02-03 23:02,2061
PNB,2026-02-24,121.0,5.1,1520000.0,1288000.0,1.78,2088000.0,1520000.0,123.86,129.01,122.7,1.508,2026-02-03 23:02,-425
PNB,2026-02-24,122.0,4.41,2832000.0,4232000.0,2.15,2064000.0,2960000.0,123.86,129.01,122.7,1.508,2026-02-03 23:02,-2321
PNB,2026-02-24,123.0,3.81,3296000.0,8128000.0,2.53,4976000.0,5992000.0,123.86,129.01,122.7,1.508,2026-02-03 23:02,-3325
PNB,2026-02-24,124.0,3.31,5056000.0,11208000.0,3.0,3200000.0,4352000.0,123.86,129.01,122.7,1.508,2026-02-03 23:02,-4311
PNB,2026-02-24,125.0,2.83,16488000.0,38832000.0,3.53,9080000.0,7064000.0,123.86,129.01,122.7,1.508,2026-02-03 23:02,-3754
PNB,2026-02-24,126.0,2.45,2656000.0,4912000.0,4.16,1376000.0,1392000.0,123.86,129.01,122.7,1.508,2026-02-03 23:02,106
PNB,2026-02-24,127.0,2.08,2624000.0,4264000.0,4.65,272000.0,128000.0,123.86,129.01,122.7,1.508,2026-02-03 23:02,2987
PNB,2026-02-24,128.0,1.74,3112000.0,4088000.0,5.78,560000.0,248000.0,123.86,129.01,122.7,1.508,2026-02-03 23:02,6499
PNB,2026-02-24,129.0,1.53,1176000.0,1264000.0,6.55,176000.0,248000.0,123.86,129.01,122.7,1.508,2026-02-03 23:02,10177
PNB,2026-02-24,130.0,1.32,20608000.0,22120000.0,6.91,5600000.0,1504000.0,123.86,129.01,122.7,1.508,2026-02-03 23:02,13837
PNB,2026-02-24,131.0,1.12,824000.0,784000.0,7.78,192000.0,96000.0,123.86,129.01,122.7,1.508,2026-02-03 23:02,18904
PNB,2026-02-24,132.0,0.94,2608000.0,2944000.0,8.31,784000.0,152000.0,123.86,129.01,122.7,1.508,2026-02-03 23:02,25164
PNB,2026-02-24,133.0,0.84,1208000.0,1480000.0,11.5,32000.0,0.0,123.86,129.01,122.7,1.508,2026-02-03 23:02,31415
PNB,2026-02-24,134.0,0.73,1824000.0,1456000.0,11.95,112000.0,0.0,123.86,129.01,122.7,1.508,2026-02-03 23:02,38260
PNB,2026-02-24,135.0,0.62,8784000.0,5328000.0,11.1,1352000.0,32000.0,123.86,129.01,122.7,1.508,2026-02-03 23:02,45234
PNB,2026-02-24,136.0,0.57,1472000.0,1144000.0,12.64,96000.0,8000.0,123.86,129.01,122.7,1.508,2026-02-03 23:02,52266
PNB,2026-02-24,137.0,0.49,808000.0,520000.0,15.0,24000.0,0.0,123.86,129.01,122.7,1.508,2026-02-03 23:02,60373
PNB,2026-02-24,138.0,0.43,928000.0,840000.0,14.5,24000.0,8000.0,123.86,129.01,122.7,1.508,2026-02-03 23:02,68605
PNB,2026-02-24,139.0,0.39,216000.0,320000.0,0.0,0.0,0.0,123.86,129.01,122.7,1.508,2026-02-03 23:02,76933
PNB,2026-02-24,140.0,0.35,15088000.0,6776000.0,15.9,336000.0,248000.0,123.86,129.01,122.7,1.508,2026-02-03 23:02,85286
PNB,2026-02-24,141.0,0.3,296000.0,416000.0,0.0,0.0,0.0,123.86,129.01,122.7,1.508,2026-02-03 23:02,95167
PNB,2026-02-24,142.0,0.27,1208000.0,1056000.0,9.89,32000.0,0.0,123.86,129.01,122.7,1.508,2026-02-03 23:02,105093
PNB,2026-02-24,143.0,0.21,120000.0,0.0,0.0,0.0,0.0,123.86,129.01,122.7,1.508,2026-02-03 23:02,115135
PNB,2026-02-24,144.0,0.23,1368000.0,608000.0,0.0,0.0,0.0,123.86,129.01,122.7,1.508,2026-02-03 23:02,125190
PNB,2026-02-24,146.0,0.21,3480000.0,1448000.0,0.0,0.0,0.0,123.86,129.01,122.7,1.508,2026-02-03 23:02,145601
PNB,2026-02-24,150.0,0.12,2648000.0,1152000.0,25.07,240000.0,0.0,123.86,129.01,122.7,1.508,2026-02-03 23:02,187824
PNBHOUSING,2026-02-24,380.0,0.0,0.0,0.0,0.0,0.0,0.0,822.8,860.0,813.7,2.287,2026-02-03 23:02,93596
PNBHOUSING,2026-02-24,400.0,0.0,0.0,0.0,0.0,0.0,0.0,822.8,860.0,813.7,2.287,2026-02-03 23:02,89058
PNBHOUSING,2026-02-24,420.0,0.0,0.0,0.0,0.0,0.0,0.0,822.8,860.0,813.7,2.287,2026-02-03 23:02,84520
PNBHOUSING,2026-02-24,440.0,0.0,0.0,0.0,0.0,0.0,0.0,822.8,860.0,813.7,2.287,2026-02-03 23:02,79982
PNBHOUSING,2026-02-24,460.0,0.0,0.0,0.0,0.0,0.0,0.0,822.8,860.0,813.7,2.287,2026-02-03 23:02,75443
PNBHOUSING,2026-02-24,480.0,0.0,0.0,0.0,0.0,0.0,0.0,822.8,860.0,813.7,2.287,2026-02-03 23:02,70905
PNBHOUSING,2026-02-24,500.0,0.0,0.0,0.0,0.0,0.0,0.0,822.8,860.0,813.7,2.287,2026-02-03 23:02,66367
PNBHOUSING,2026-02-24,520.0,0.0,0.0,0.0,0.0,0.0,0.0,822.8,860.0,813.7,2.287,2026-02-03 23:02,61828
PNBHOUSING,2026-02-24,530.0,0.0,0.0,0.0,0.0,0.0,0.0,822.8,860.0,813.7,2.287,2026-02-03 23:02,59559
PNBHOUSING,2026-02-24,540.0,0.0,0.0,0.0,0.0,0.0,0.0,822.8,860.0,813.7,2.287,2026-02-03 23:02,57290
PNBHOUSING,2026-02-24,550.0,0.0,0.0,0.0,0.0,0.0,0.0,822.8,860.0,813.7,2.287,2026-02-03 23:02,55021
PNBHOUSING,2026-02-24,560.0,0.0,0.0,0.0,0.0,0.0,0.0,822.8,860.0,813.7,2.287,2026-02-03 23:02,52752
PNBHOUSING,2026-02-24,570.0,0.0,0.0,0.0,0.0,0.0,0.0,822.8,860.0,813.7,2.287,2026-02-03 23:02,50483
PNBHOUSING,2026-02-24,580.0,0.0,0.0,0.0,0.0,0.0,0.0,822.8,860.0,813.7,2.287,2026-02-03 23:02,48213
PNBHOUSING,2026-02-24,590.0,0.0,0.0,0.0,0.0,0.0,0.0,822.8,860.0,813.7,2.287,2026-02-03 23:02,45944
PNBHOUSING,2026-02-24,600.0,0.0,0.0,0.0,0.0,0.0,0.0,822.8,860.0,813.7,2.287,2026-02-03 23:02,43675
PNBHOUSING,2026-02-24,610.0,0.0,0.0,0.0,0.0,0.0,0.0,822.8,860.0,813.7,2.287,2026-02-03 23:02,41406
PNBHOUSING,2026-02-24,620.0,0.0,0.0,0.0,0.0,0.0,0.0,822.8,860.0,813.7,2.287,2026-02-03 23:02,39137
PNBHOUSING,2026-02-24,630.0,0.0,0.0,0.0,0.0,0.0,0.0,822.8,860.0,813.7,2.287,2026-02-03 23:02,36868
PNBHOUSING,2026-02-24,640.0,0.0,0.0,0.0,0.0,0.0,0.0,822.8,860.0,813.7,2.287,2026-02-03 23:02,34599
PNBHOUSING,2026-02-24,650.0,0.0,0.0,0.0,0.0,0.0,0.0,822.8,860.0,813.7,2.287,2026-02-03 23:02,32329
PNBHOUSING,2026-02-24,660.0,0.0,0.0,0.0,0.0,0.0,0.0,822.8,860.0,813.7,2.287,2026-02-03 23:02,30060
PNBHOUSING,2026-02-24,670.0,0.0,0.0,0.0,0.0,0.0,0.0,822.8,860.0,813.7,2.287,2026-02-03 23:02,27791
PNBHOUSING,2026-02-24,680.0,0.0,0.0,0.0,0.0,0.0,0.0,822.8,860.0,813.7,2.287,2026-02-03 23:02,25522
PNBHOUSING,2026-02-24,690.0,160.7,0.0,0.0,2.1,0.0,0.0,822.8,860.0,813.7,2.287,2026-02-03 23:02,23253
PNBHOUSING,2026-02-24,700.0,0.0,0.0,0.0,2.65,113100.0,180700.0,822.8,860.0,813.7,2.287,2026-02-03 23:02,20984
PNBHOUSING,2026-02-24,710.0,0.0,0.0,0.0,0.0,0.0,0.0,822.8,860.0,813.7,2.287,2026-02-03 23:02,18798
PNBHOUSING,2026-02-24,720.0,0.0,0.0,0.0,3.8,49400.0,16250.0,822.8,860.0,813.7,2.287,2026-02-03 23:02,16642
PNBHOUSING,2026-02-24,730.0,0.0,0.0,0.0,0.0,0.0,0.0,822.8,860.0,813.7,2.287,2026-02-03 23:02,14516
PNBHOUSING,2026-02-24,740.0,58.5,650.0,0.0,4.7,46800.0,39650.0,822.8,860.0,813.7,2.287,2026-02-03 23:02,12409
PNBHOUSING,2026-02-24,750.0,45.0,1300.0,0.0,5.5,88400.0,55900.0,822.8,860.0,813.7,2.287,2026-02-03 23:02,10332
PNBHOUSING,2026-02-24,760.0,55.5,1300.0,0.0,6.85,41600.0,30550.0,822.8,860.0,813.7,2.287,2026-02-03 23:02,8320
PNBHOUSING,2026-02-24,770.0,47.6,3250.0,0.0,7.9,40950.0,48100.0,822.8,860.0,813.7,2.287,2026-02-03 23:02,6372
PNBHOUSING,2026-02-24,780.0,40.55,3250.0,0.0,9.85,81900.0,31850.0,822.8,860.0,813.7,2.287,2026-02-03 23:02,4473
PNBHOUSING,2026-02-24,790.0,48.7,24050.0,12350.0,12.1,55900.0,70200.0,822.8,860.0,813.7,2.287,2026-02-03 23:02,2608
PNBHOUSING,2026-02-24,800.0,43.1,182000.0,132600.0,14.85,978250.0,206050.0,822.8,860.0,813.7,2.287,2026-02-03 23:02,940
PNBHOUSING,2026-02-24,810.0,35.7,65650.0,45500.0,18.15,75400.0,36400.0,822.8,860.0,813.7,2.287,2026-02-03 23:02,-284
PNBHOUSING,2026-02-24,820.0,30.7,132600.0,296400.0,21.15,107250.0,141050.0,822.8,860.0,813.7,2.287,2026-02-03 23:02,-603
PNBHOUSING,2026-02-24,830.0,24.65,225550.0,371150.0,26.8,85800.0,83850.0,822.8,860.0,813.7,2.287,2026-02-03 23:02,-599
PNBHOUSING,2026-02-24,840.0,19.9,58500.0,102050.0,32.05,34450.0,22750.0,822.8,860.0,813.7,2.287,2026-02-03 23:02,-137
PNBHOUSING,2026-02-24,850.0,15.95,175500.0,275600.0,37.5,63700.0,12350.0,822.8,860.0,813.7,2.287,2026-02-03 23:02,96
PNBHOUSING,2026-02-24,860.0,13.3,251550.0,137800.0,43.95,169000.0,13650.0,822.8,860.0,813.7,2.287,2026-02-03 23:02,604
PNBHOUSING,2026-02-24,870.0,10.8,98800.0,131950.0,53.05,38350.0,6500.0,822.8,860.0,813.7,2.287,2026-02-03 23:02,1084
PNBHOUSING,2026-02-24,880.0,8.85,79950.0,27300.0,64.05,57200.0,0.0,822.8,860.0,813.7,2.287,2026-02-03 23:02,2012
PNBHOUSING,2026-02-24,890.0,7.35,40950.0,57850.0,71.75,16900.0,650.0,822.8,860.0,813.7,2.287,2026-02-03 23:02,2879
PNBHOUSING,2026-02-24,900.0,5.65,625300.0,972400.0,75.2,44850.0,650.0,822.8,860.0,813.7,2.287,2026-02-03 23:02,4008
PNBHOUSING,2026-02-24,910.0,4.65,24050.0,22100.0,0.0,0.0,0.0,822.8,860.0,813.7,2.287,2026-02-03 23:02,5914
PNBHOUSING,2026-02-24,920.0,3.75,107900.0,30550.0,92.45,7150.0,0.0,822.8,860.0,813.7,2.287,2026-02-03 23:02,7839
PNBHOUSING,2026-02-24,930.0,2.7,55250.0,25350.0,127.35,7150.0,0.0,822.8,860.0,813.7,2.287,2026-02-03 23:02,9843
PNBHOUSING,2026-02-24,940.0,1.8,57200.0,0.0,121.0,3900.0,0.0,822.8,860.0,813.7,2.287,2026-02-03 23:02,11859
PNBHOUSING,2026-02-24,950.0,2.0,113100.0,122200.0,140.35,13650.0,0.0,822.8,860.0,813.7,2.287,2026-02-03 23:02,13974
PNBHOUSING,2026-02-24,960.0,2.05,78000.0,0.0,146.95,24050.0,0.0,822.8,860.0,813.7,2.287,2026-02-03 23:02,16085
PNBHOUSING,2026-02-24,970.0,2.0,103350.0,14300.0,164.4,1300.0,0.0,822.8,860.0,813.7,2.287,2026-02-03 23:02,18129
PNBHOUSING,2026-02-24,980.0,1.2,33800.0,1950.0,162.35,0.0,0.0,822.8,860.0,813.7,2.287,2026-02-03 23:02,20615
PNBHOUSING,2026-02-24,990.0,1.5,6500.0,0.0,146.55,0.0,0.0,822.8,860.0,813.7,2.287,2026-02-03 23:02,23139
PNBHOUSING,2026-02-24,1000.0,0.8,206700.0,2600.0,177.0,20800.0,2600.0,822.8,860.0,813.7,2.287,2026-02-03 23:02,25666
PNBHOUSING,2026-02-24,1010.0,1.0,6500.0,0.0,202.95,1300.0,0.0,822.8,860.0,813.7,2.287,2026-02-03 23:02,28069
PNBHOUSING,2026-02-24,1020.0,0.4,3900.0,0.0,163.05,0.0,0.0,822.8,860.0,813.7,2.287,2026-02-03 23:02,30805
PNBHOUSING,2026-02-24,1030.0,0.65,1950.0,0.0,183.25,0.0,0.0,822.8,860.0,813.7,2.287,2026-02-03 23:02,33571
PNBHOUSING,2026-02-24,1040.0,11.0,650.0,0.0,111.4,0.0,0.0,822.8,860.0,813.7,2.287,2026-02-03 23:02,36339
PNBHOUSING,2026-02-24,1050.0,2.4,0.0,0.0,242.2,650.0,0.0,822.8,860.0,813.7,2.287,2026-02-03 23:02,39108
PNBHOUSING,2026-02-24,1060.0,1.0,3250.0,0.0,193.6,0.0,0.0,822.8,860.0,813.7,2.287,2026-02-03 23:02,41861
PNBHOUSING,2026-02-24,1070.0,1.65,0.0,0.0,221.4,0.0,0.0,822.8,860.0,813.7,2.287,2026-02-03 23:02,44634
PNBHOUSING,2026-02-24,1080.0,0.8,26650.0,0.0,209.55,0.0,0.0,822.8,860.0,813.7,2.287,2026-02-03 23:02,47406
PNBHOUSING,2026-02-24,1090.0,1.15,0.0,0.0,240.8,0.0,0.0,822.8,860.0,813.7,2.287,2026-02-03 23:02,50207
PNBHOUSING,2026-02-24,1100.0,0.55,1950.0,2600.0,225.9,0.0,0.0,822.8,860.0,813.7,2.287,2026-02-03 23:02,53006
PNBHOUSING,2026-02-24,1110.0,0.0,0.0,0.0,0.0,0.0,0.0,822.8,860.0,813.7,2.287,2026-02-03 23:02,55807
PNBHOUSING,2026-02-24,1120.0,20.95,0.0,0.0,242.65,0.0,0.0,822.8,860.0,813.7,2.287,2026-02-03 23:02,58608
PNBHOUSING,2026-02-24,1140.0,0.6,1300.0,0.0,232.3,0.0,0.0,822.8,860.0,813.7,2.287,2026-02-03 23:02,64209
PNBHOUSING,2026-02-24,1160.0,0.0,0.0,0.0,0.0,0.0,0.0,822.8,860.0,813.7,2.287,2026-02-03 23:02,69814
PNBHOUSING,2026-02-24,1180.0,0.0,0.0,0.0,0.0,0.0,0.0,822.8,860.0,813.7,2.287,2026-02-03 23:02,75418
PNBHOUSING,2026-02-24,1200.0,0.0,0.0,0.0,0.0,0.0,0.0,822.8,860.0,813.7,2.287,2026-02-03 23:02,81022
PNBHOUSING,2026-02-24,1220.0,0.0,0.0,0.0,0.0,0.0,0.0,822.8,860.0,813.7,2.287,2026-02-03 23:02,86627
PNBHOUSING,2026-02-24,1240.0,0.0,0.0,0.0,0.0,0.0,0.0,822.8,860.0,813.7,2.287,2026-02-03 23:02,92231
PNBHOUSING,2026-02-24,1260.0,0.0,0.0,0.0,0.0,0.0,0.0,822.8,860.0,813.7,2.287,2026-02-03 23:02,97835
POLICYBZR,2026-02-24,720.0,0.0,0.0,0.0,0.0,0.0,0.0,1462.1,1625.0,1449.0,-6.473,2026-02-03 23:02,173622
POLICYBZR,2026-02-24,760.0,0.0,0.0,0.0,0.0,0.0,0.0,1462.1,1625.0,1449.0,-6.473,2026-02-03 23:02,164271
POLICYBZR,2026-02-24,800.0,0.0,0.0,0.0,0.0,0.0,0.0,1462.1,1625.0,1449.0,-6.473,2026-02-03 23:02,154921
POLICYBZR,2026-02-24,840.0,0.0,0.0,0.0,0.0,0.0,0.0,1462.1,1625.0,1449.0,-6.473,2026-02-03 23:02,145570
POLICYBZR,2026-02-24,880.0,0.0,0.0,0.0,0.0,0.0,0.0,1462.1,1625.0,1449.0,-6.473,2026-02-03 23:02,136220
POLICYBZR,2026-02-24,920.0,0.0,0.0,0.0,0.0,0.0,0.0,1462.1,1625.0,1449.0,-6.473,2026-02-03 23:02,126869
POLICYBZR,2026-02-24,960.0,0.0,0.0,0.0,1510.8,0.0,0.0,1462.1,1625.0,1449.0,-6.473,2026-02-03 23:02,117518
POLICYBZR,2026-02-24,980.0,0.0,0.0,0.0,0.0,0.0,0.0,1462.1,1625.0,1449.0,-6.473,2026-02-03 23:02,112843
POLICYBZR,2026-02-24,1000.0,0.0,0.0,0.0,0.0,0.0,0.0,1462.1,1625.0,1449.0,-6.473,2026-02-03 23:02,108168
POLICYBZR,2026-02-24,1020.0,0.0,0.0,0.0,0.0,0.0,0.0,1462.1,1625.0,1449.0,-6.473,2026-02-03 23:02,103492
POLICYBZR,2026-02-24,1040.0,0.0,0.0,0.0,0.0,0.0,0.0,1462.1,1625.0,1449.0,-6.473,2026-02-03 23:02,98817
POLICYBZR,2026-02-24,1060.0,0.0,0.0,0.0,0.0,0.0,0.0,1462.1,1625.0,1449.0,-6.473,2026-02-03 23:02,94142
POLICYBZR,2026-02-24,1080.0,0.0,0.0,0.0,0.0,0.0,0.0,1462.1,1625.0,1449.0,-6.473,2026-02-03 23:02,89467
POLICYBZR,2026-02-24,1100.0,0.0,0.0,0.0,0.0,0.0,0.0,1462.1,1625.0,1449.0,-6.473,2026-02-03 23:02,84791
POLICYBZR,2026-02-24,1120.0,0.0,0.0,0.0,0.0,0.0,0.0,1462.1,1625.0,1449.0,-6.473,2026-02-03 23:02,80116
POLICYBZR,2026-02-24,1140.0,0.0,0.0,0.0,0.0,0.0,0.0,1462.1,1625.0,1449.0,-6.473,2026-02-03 23:02,75441
POLICYBZR,2026-02-24,1160.0,1590.0,0.0,0.0,0.1,0.0,0.0,1462.1,1625.0,1449.0,-6.473,2026-02-03 23:02,70765
POLICYBZR,2026-02-24,1180.0,0.0,0.0,0.0,0.0,0.0,0.0,1462.1,1625.0,1449.0,-6.473,2026-02-03 23:02,66090
POLICYBZR,2026-02-24,1200.0,0.0,0.0,0.0,0.0,0.0,0.0,1462.1,1625.0,1449.0,-6.473,2026-02-03 23:02,61415
POLICYBZR,2026-02-24,1220.0,0.0,0.0,0.0,0.0,0.0,0.0,1462.1,1625.0,1449.0,-6.473,2026-02-03 23:02,56739
POLICYBZR,2026-02-24,1240.0,0.0,0.0,0.0,0.0,0.0,0.0,1462.1,1625.0,1449.0,-6.473,2026-02-03 23:02,52064
POLICYBZR,2026-02-24,1260.0,0.0,0.0,0.0,14.1,49000.0,93450.0,1462.1,1625.0,1449.0,-6.473,2026-02-03 23:02,47389
POLICYBZR,2026-02-24,1280.0,215.0,350.0,700.0,15.9,88900.0,236950.0,1462.1,1625.0,1449.0,-6.473,2026-02-03 23:02,42742
POLICYBZR,2026-02-24,1300.0,0.0,0.0,0.0,19.3,112000.0,372400.0,1462.1,1625.0,1449.0,-6.473,2026-02-03 23:02,38210
POLICYBZR,2026-02-24,1320.0,0.0,0.0,0.0,22.3,92050.0,485800.0,1462.1,1625.0,1449.0,-6.473,2026-02-03 23:02,33819
POLICYBZR,2026-02-24,1340.0,0.0,0.0,0.0,28.25,33250.0,60200.0,1462.1,1625.0,1449.0,-6.473,2026-02-03 23:02,29623
POLICYBZR,2026-02-24,1360.0,0.0,0.0,0.0,31.9,119700.0,475650.0,1462.1,1625.0,1449.0,-6.473,2026-02-03 23:02,25605
POLICYBZR,2026-02-24,1380.0,0.0,0.0,0.0,39.0,15750.0,33250.0,1462.1,1625.0,1449.0,-6.473,2026-02-03 23:02,21538
POLICYBZR,2026-02-24,1400.0,104.15,16100.0,37100.0,43.0,183400.0,1277150.0,1462.1,1625.0,1449.0,-6.473,2026-02-03 23:02,17823
POLICYBZR,2026-02-24,1420.0,0.0,0.0,0.0,52.05,35000.0,129150.0,1462.1,1625.0,1449.0,-6.473,2026-02-03 23:02,13948
POLICYBZR,2026-02-24,1440.0,89.95,18900.0,45500.0,56.3,89600.0,443800.0,1462.1,1625.0,1449.0,-6.473,2026-02-03 23:02,10582
POLICYBZR,2026-02-24,1460.0,71.75,52500.0,106400.0,65.15,89250.0,693350.0,1462.1,1625.0,1449.0,-6.473,2026-02-03 23:02,7280
POLICYBZR,2026-02-24,1480.0,61.85,155750.0,523250.0,77.4,114100.0,640500.0,1462.1,1625.0,1449.0,-6.473,2026-02-03 23:02,4391
POLICYBZR,2026-02-24,1500.0,52.0,332850.0,1582350.0,86.25,276850.0,2455250.0,1462.1,1625.0,1449.0,-6.473,2026-02-03 23:02,2327
POLICYBZR,2026-02-24,1520.0,44.0,190050.0,967400.0,96.6,164500.0,681800.0,1462.1,1625.0,1449.0,-6.473,2026-02-03 23:02,746
POLICYBZR,2026-02-24,1540.0,37.4,156800.0,767200.0,115.0,79100.0,403550.0,1462.1,1625.0,1449.0,-6.473,2026-02-03 23:02,-222
POLICYBZR,2026-02-24,1560.0,30.7,223300.0,843150.0,126.7,59150.0,203000.0,1462.1,1625.0,1449.0,-6.473,2026-02-03 23:02,-289
POLICYBZR,2026-02-24,1580.0,26.1,172900.0,547400.0,143.15,42350.0,84700.0,1462.1,1625.0,1449.0,-6.473,2026-02-03 23:02,467
POLICYBZR,2026-02-24,1600.0,21.45,801850.0,2801750.0,154.95,208950.0,337050.0,1462.1,1625.0,1449.0,-6.473,2026-02-03 23:02,1564
POLICYBZR,2026-02-24,1620.0,18.3,150500.0,420700.0,173.45,43050.0,28700.0,1462.1,1625.0,1449.0,-6.473,2026-02-03 23:02,3320
POLICYBZR,2026-02-24,1640.0,15.25,196350.0,682850.0,190.3,59150.0,39200.0,1462.1,1625.0,1449.0,-6.473,2026-02-03 23:02,6509
POLICYBZR,2026-02-24,1660.0,12.4,199850.0,551600.0,199.95,71050.0,14700.0,1462.1,1625.0,1449.0,-6.473,2026-02-03 23:02,9854
POLICYBZR,2026-02-24,1680.0,10.25,85750.0,217700.0,206.0,16800.0,11550.0,1462.1,1625.0,1449.0,-6.473,2026-02-03 23:02,13394
POLICYBZR,2026-02-24,1700.0,9.15,568750.0,1815450.0,237.35,85050.0,10500.0,1462.1,1625.0,1449.0,-6.473,2026-02-03 23:02,18054
POLICYBZR,2026-02-24,1720.0,7.65,56350.0,134400.0,106.55,5250.0,0.0,1462.1,1625.0,1449.0,-6.473,2026-02-03 23:02,22782
POLICYBZR,2026-02-24,1740.0,6.3,50050.0,144900.0,259.6,147350.0,12250.0,1462.1,1625.0,1449.0,-6.473,2026-02-03 23:02,29118
POLICYBZR,2026-02-24,1760.0,5.5,57400.0,123550.0,193.1,1750.0,0.0,1462.1,1625.0,1449.0,-6.473,2026-02-03 23:02,32068
POLICYBZR,2026-02-24,1780.0,4.6,29050.0,62650.0,185.0,4550.0,0.0,1462.1,1625.0,1449.0,-6.473,2026-02-03 23:02,38928
POLICYBZR,2026-02-24,1800.0,4.1,366800.0,807100.0,311.45,40600.0,700.0,1462.1,1625.0,1449.0,-6.473,2026-02-03 23:02,45786
POLICYBZR,2026-02-24,1820.0,3.55,17150.0,26600.0,0.0,0.0,0.0,1462.1,1625.0,1449.0,-6.473,2026-02-03 23:02,52416
POLICYBZR,2026-02-24,1840.0,3.05,31850.0,55300.0,0.0,0.0,0.0,1462.1,1625.0,1449.0,-6.473,2026-02-03 23:02,60201
POLICYBZR,2026-02-24,1860.0,2.65,16450.0,24150.0,0.0,0.0,0.0,1462.1,1625.0,1449.0,-6.473,2026-02-03 23:02,68052
POLICYBZR,2026-02-24,1880.0,0.0,0.0,0.0,209.9,350.0,0.0,1462.1,1625.0,1449.0,-6.473,2026-02-03 23:02,75932
POLICYBZR,2026-02-24,1900.0,2.05,48650.0,66500.0,254.55,4200.0,0.0,1462.1,1625.0,1449.0,-6.473,2026-02-03 23:02,83800
POLICYBZR,2026-02-24,1920.0,2.35,1750.0,1400.0,286.0,350.0,0.0,1462.1,1625.0,1449.0,-6.473,2026-02-03 23:02,91685
POLICYBZR,2026-02-24,1940.0,108.3,0.0,0.0,171.5,0.0,0.0,1462.1,1625.0,1449.0,-6.473,2026-02-03 23:02,99661
POLICYBZR,2026-02-24,1960.0,89.3,1750.0,0.0,222.0,5250.0,0.0,1462.1,1625.0,1449.0,-6.473,2026-02-03 23:02,107646
POLICYBZR,2026-02-24,1980.0,2.5,1050.0,0.0,196.4,0.0,0.0,1462.1,1625.0,1449.0,-6.473,2026-02-03 23:02,115545
POLICYBZR,2026-02-24,2000.0,1.2,21350.0,13650.0,296.5,0.0,0.0,1462.1,1625.0,1449.0,-6.473,2026-02-03 23:02,123547
POLICYBZR,2026-02-24,2020.0,80.55,0.0,0.0,223.0,0.0,0.0,1462.1,1625.0,1449.0,-6.473,2026-02-03 23:02,131594
POLICYBZR,2026-02-24,2040.0,82.1,0.0,0.0,325.45,0.0,0.0,1462.1,1625.0,1449.0,-6.473,2026-02-03 23:02,139638
POLICYBZR,2026-02-24,2060.0,57.25,0.0,0.0,272.9,0.0,0.0,1462.1,1625.0,1449.0,-6.473,2026-02-03 23:02,147683
POLICYBZR,2026-02-24,2080.0,11.05,350.0,0.0,355.4,0.0,0.0,1462.1,1625.0,1449.0,-6.473,2026-02-03 23:02,155727
POLICYBZR,2026-02-24,2100.0,0.0,0.0,0.0,0.0,0.0,0.0,1462.1,1625.0,1449.0,-6.473,2026-02-03 23:02,163773
POLICYBZR,2026-02-24,2120.0,64.15,0.0,0.0,386.3,0.0,0.0,1462.1,1625.0,1449.0,-6.473,2026-02-03 23:02,171818
POLICYBZR,2026-02-24,2140.0,0.0,0.0,0.0,0.0,0.0,0.0,1462.1,1625.0,1449.0,-6.473,2026-02-03 23:02,179863
POLICYBZR,2026-02-24,2160.0,56.45,0.0,0.0,418.0,0.0,0.0,1462.1,1625.0,1449.0,-6.473,2026-02-03 23:02,187908
POLICYBZR,2026-02-24,2180.0,0.0,0.0,0.0,0.0,0.0,0.0,1462.1,1625.0,1449.0,-6.473,2026-02-03 23:02,195953
POLICYBZR,2026-02-24,2200.0,0.0,0.0,0.0,0.0,0.0,0.0,1462.1,1625.0,1449.0,-6.473,2026-02-03 23:02,203998
POLICYBZR,2026-02-24,2220.0,0.0,0.0,0.0,0.0,0.0,0.0,1462.1,1625.0,1449.0,-6.473,2026-02-03 23:02,212043
POLICYBZR,2026-02-24,2240.0,0.0,0.0,0.0,0.0,0.0,0.0,1462.1,1625.0,1449.0,-6.473,2026-02-03 23:02,220088
POLICYBZR,2026-02-24,2260.0,0.0,0.0,0.0,0.0,0.0,0.0,1462.1,1625.0,1449.0,-6.473,2026-02-03 23:02,228133
POLICYBZR,2026-02-24,2280.0,0.0,0.0,0.0,0.0,0.0,0.0,1462.1,1625.0,1449.0,-6.473,2026-02-03 23:02,236178
POLICYBZR,2026-02-24,2320.0,0.0,0.0,0.0,0.0,0.0,0.0,1462.1,1625.0,1449.0,-6.473,2026-02-03 23:02,252269
POLICYBZR,2026-02-24,2360.0,0.0,0.0,0.0,0.0,0.0,0.0,1462.1,1625.0,1449.0,-6.473,2026-02-03 23:02,268359
POLICYBZR,2026-02-24,2400.0,0.0,0.0,0.0,0.0,0.0,0.0,1462.1,1625.0,1449.0,-6.473,2026-02-03 23:02,284449
POLICYBZR,2026-02-24,2440.0,0.0,0.0,0.0,0.0,0.0,0.0,1462.1,1625.0,1449.0,-6.473,2026-02-03 23:02,300539
POLICYBZR,2026-02-24,2480.0,0.0,0.0,0.0,0.0,0.0,0.0,1462.1,1625.0,1449.0,-6.473,2026-02-03 23:02,316629
POLYCAB,2026-02-24,3800.0,0.0,0.0,0.0,0.0,0.0,0.0,7505.0,7699.5,7360.0,6.658,2026-02-03 23:02,189905
POLYCAB,2026-02-24,4000.0,0.0,0.0,0.0,0.0,0.0,0.0,7505.0,7699.5,7360.0,6.658,2026-02-03 23:02,176553
POLYCAB,2026-02-24,4200.0,0.0,0.0,0.0,0.0,0.0,0.0,7505.0,7699.5,7360.0,6.658,2026-02-03 23:02,163200
POLYCAB,2026-02-24,4400.0,0.0,0.0,0.0,0.0,0.0,0.0,7505.0,7699.5,7360.0,6.658,2026-02-03 23:02,149848
POLYCAB,2026-02-24,4600.0,0.0,0.0,0.0,0.0,0.0,0.0,7505.0,7699.5,7360.0,6.658,2026-02-03 23:02,136495
POLYCAB,2026-02-24,4700.0,0.0,0.0,0.0,0.0,0.0,0.0,7505.0,7699.5,7360.0,6.658,2026-02-03 23:02,129819
POLYCAB,2026-02-24,4800.0,0.0,0.0,0.0,0.0,0.0,0.0,7505.0,7699.5,7360.0,6.658,2026-02-03 23:02,123143
POLYCAB,2026-02-24,4900.0,0.0,0.0,0.0,0.0,0.0,0.0,7505.0,7699.5,7360.0,6.658,2026-02-03 23:02,116466
POLYCAB,2026-02-24,5000.0,664.05,0.0,0.0,0.1,0.0,0.0,7505.0,7699.5,7360.0,6.658,2026-02-03 23:02,109790
POLYCAB,2026-02-24,5100.0,0.0,0.0,0.0,0.0,0.0,0.0,7505.0,7699.5,7360.0,6.658,2026-02-03 23:02,103114
POLYCAB,2026-02-24,5200.0,0.0,0.0,0.0,0.0,0.0,0.0,7505.0,7699.5,7360.0,6.658,2026-02-03 23:02,96438
POLYCAB,2026-02-24,5300.0,0.0,0.0,0.0,0.0,0.0,0.0,7505.0,7699.5,7360.0,6.658,2026-02-03 23:02,89761
POLYCAB,2026-02-24,5400.0,0.0,0.0,0.0,0.0,0.0,0.0,7505.0,7699.5,7360.0,6.658,2026-02-03 23:02,83085
POLYCAB,2026-02-24,5500.0,0.0,0.0,0.0,0.0,0.0,0.0,7505.0,7699.5,7360.0,6.658,2026-02-03 23:02,76409
POLYCAB,2026-02-24,5600.0,0.0,0.0,0.0,0.0,0.0,0.0,7505.0,7699.5,7360.0,6.658,2026-02-03 23:02,69733
POLYCAB,2026-02-24,5700.0,0.0,0.0,0.0,0.0,0.0,0.0,7505.0,7699.5,7360.0,6.658,2026-02-03 23:02,63056
POLYCAB,2026-02-24,5800.0,0.0,0.0,0.0,0.0,0.0,0.0,7505.0,7699.5,7360.0,6.658,2026-02-03 23:02,56380
POLYCAB,2026-02-24,5900.0,0.0,0.0,0.0,0.0,0.0,0.0,7505.0,7699.5,7360.0,6.658,2026-02-03 23:02,49704
POLYCAB,2026-02-24,6000.0,0.0,0.0,0.0,7.0,37250.0,121625.0,7505.0,7699.5,7360.0,6.658,2026-02-03 23:02,43028
POLYCAB,2026-02-24,6100.0,0.0,0.0,0.0,7.6,250.0,250.0,7505.0,7699.5,7360.0,6.658,2026-02-03 23:02,36698
POLYCAB,2026-02-24,6200.0,0.0,0.0,0.0,8.0,14000.0,50375.0,7505.0,7699.5,7360.0,6.658,2026-02-03 23:02,30396
POLYCAB,2026-02-24,6300.0,0.0,0.0,0.0,8.15,7250.0,7000.0,7505.0,7699.5,7360.0,6.658,2026-02-03 23:02,24224
POLYCAB,2026-02-24,6400.0,550.0,500.0,0.0,11.0,18125.0,26250.0,7505.0,7699.5,7360.0,6.658,2026-02-03 23:02,18129
POLYCAB,2026-02-24,6500.0,990.0,25125.0,875.0,12.55,34625.0,77250.0,7505.0,7699.5,7360.0,6.658,2026-02-03 23:02,12234
POLYCAB,2026-02-24,6600.0,336.85,750.0,0.0,14.8,23875.0,55750.0,7505.0,7699.5,7360.0,6.658,2026-02-03 23:02,9373
POLYCAB,2026-02-24,6700.0,825.6,12250.0,38500.0,17.75,56750.0,140875.0,7505.0,7699.5,7360.0,6.658,2026-02-03 23:02,4305
POLYCAB,2026-02-24,6800.0,755.7,27750.0,13375.0,24.6,50875.0,113125.0,7505.0,7699.5,7360.0,6.658,2026-02-03 23:02,846
POLYCAB,2026-02-24,6900.0,660.15,24375.0,20625.0,32.0,38625.0,87375.0,7505.0,7699.5,7360.0,6.658,2026-02-03 23:02,-763
POLYCAB,2026-02-24,7000.0,551.05,74625.0,113750.0,42.0,91375.0,362125.0,7505.0,7699.5,7360.0,6.658,2026-02-03 23:02,-2230
POLYCAB,2026-02-24,7100.0,481.05,33125.0,79000.0,57.0,32500.0,92500.0,7505.0,7699.5,7360.0,6.658,2026-02-03 23:02,205
POLYCAB,2026-02-24,7200.0,398.25,44500.0,91750.0,77.35,36750.0,123250.0,7505.0,7699.5,7360.0,6.658,2026-02-03 23:02,977
POLYCAB,2026-02-24,7300.0,319.3,73500.0,175750.0,102.0,56500.0,140375.0,7505.0,7699.5,7360.0,6.658,2026-02-03 23:02,2641
POLYCAB,2026-02-24,7400.0,247.4,36000.0,153125.0,134.65,47875.0,158375.0,7505.0,7699.5,7360.0,6.658,2026-02-03 23:02,5888
POLYCAB,2026-02-24,7500.0,199.8,123500.0,560250.0,178.0,92625.0,320875.0,7505.0,7699.5,7360.0,6.658,2026-02-03 23:02,8449
POLYCAB,2026-02-24,7600.0,146.05,43625.0,306250.0,235.0,19375.0,63375.0,7505.0,7699.5,7360.0,6.658,2026-02-03 23:02,13744
POLYCAB,2026-02-24,7700.0,117.45,40500.0,239000.0,295.0,3125.0,2375.0,7505.0,7699.5,7360.0,6.658,2026-02-03 23:02,19032
POLYCAB,2026-02-24,7800.0,84.0,17875.0,105625.0,414.0,2375.0,875.0,7505.0,7699.5,7360.0,6.658,2026-02-03 23:02,24958
POLYCAB,2026-02-24,7900.0,62.35,30500.0,78500.0,448.0,1375.0,1875.0,7505.0,7699.5,7360.0,6.658,2026-02-03 23:02,30755
POLYCAB,2026-02-24,8000.0,45.15,131125.0,441375.0,550.0,2125.0,1250.0,7505.0,7699.5,7360.0,6.658,2026-02-03 23:02,36947
POLYCAB,2026-02-24,8100.0,83.9,0.0,250.0,0.0,0.0,0.0,7505.0,7699.5,7360.0,6.658,2026-02-03 23:02,44818
POLYCAB,2026-02-24,8200.0,23.35,42250.0,156625.0,0.0,0.0,0.0,7505.0,7699.5,7360.0,6.658,2026-02-03 23:02,52215
POLYCAB,2026-02-24,8300.0,5.95,2000.0,0.0,0.0,0.0,0.0,7505.0,7699.5,7360.0,6.658,2026-02-03 23:02,60132
POLYCAB,2026-02-24,8400.0,13.7,30500.0,76750.0,0.0,0.0,0.0,7505.0,7699.5,7360.0,6.658,2026-02-03 23:02,67972
POLYCAB,2026-02-24,8500.0,11.4,31125.0,82375.0,1543.9,0.0,0.0,7505.0,7699.5,7360.0,6.658,2026-02-03 23:02,76158
POLYCAB,2026-02-24,8600.0,235.05,0.0,0.0,1266.5,0.0,0.0,7505.0,7699.5,7360.0,6.658,2026-02-03 23:02,84648
POLYCAB,2026-02-24,8700.0,0.0,0.0,0.0,0.0,0.0,0.0,7505.0,7699.5,7360.0,6.658,2026-02-03 23:02,93103
POLYCAB,2026-02-24,8800.0,8.05,31250.0,30250.0,1422.75,0.0,0.0,7505.0,7699.5,7360.0,6.658,2026-02-03 23:02,101558
POLYCAB,2026-02-24,8900.0,0.0,0.0,0.0,0.0,0.0,0.0,7505.0,7699.5,7360.0,6.658,2026-02-03 23:02,110351
POLYCAB,2026-02-24,9000.0,0.0,0.0,0.0,0.0,0.0,0.0,7505.0,7699.5,7360.0,6.658,2026-02-03 23:02,119118
POLYCAB,2026-02-24,9100.0,0.0,0.0,0.0,0.0,0.0,0.0,7505.0,7699.5,7360.0,6.658,2026-02-03 23:02,127886
POLYCAB,2026-02-24,9200.0,0.0,0.0,0.0,0.0,0.0,0.0,7505.0,7699.5,7360.0,6.658,2026-02-03 23:02,136653
POLYCAB,2026-02-24,9400.0,0.0,0.0,0.0,0.0,0.0,0.0,7505.0,7699.5,7360.0,6.658,2026-02-03 23:02,154188
POLYCAB,2026-02-24,9600.0,0.0,0.0,0.0,0.0,0.0,0.0,7505.0,7699.5,7360.0,6.658,2026-02-03 23:02,171723
POLYCAB,2026-02-24,9800.0,0.0,0.0,0.0,0.0,0.0,0.0,7505.0,7699.5,7360.0,6.658,2026-02-03 23:02,189258
POLYCAB,2026-02-24,10000.0,0.0,0.0,0.0,0.0,0.0,0.0,7505.0,7699.5,7360.0,6.658,2026-02-03 23:02,206793
POWERGRID,2026-02-24,210.0,0.0,0.0,0.0,0.15,96900.0,76000.0,283.2,284.5,273.25,4.734,2026-02-03 23:02,111332
POWERGRID,2026-02-24,215.0,0.0,0.0,0.0,0.1,3182500.0,374300.0,283.2,284.5,273.25,4.734,2026-02-03 23:02,94605
POWERGRID,2026-02-24,220.0,40.8,1900.0,0.0,0.2,912000.0,560500.0,283.2,284.5,273.25,4.734,2026-02-03 23:02,79438
POWERGRID,2026-02-24,225.0,0.0,0.0,0.0,0.2,803700.0,205200.0,283.2,284.5,273.25,4.734,2026-02-03 23:02,64750
POWERGRID,2026-02-24,227.5,0.0,0.0,0.0,0.25,157700.0,9500.0,283.2,284.5,273.25,4.734,2026-02-03 23:02,57597
POWERGRID,2026-02-24,230.0,38.35,66500.0,0.0,0.25,815100.0,1293900.0,283.2,284.5,273.25,4.734,2026-02-03 23:02,50494
POWERGRID,2026-02-24,232.5,0.0,0.0,0.0,0.3,91200.0,53200.0,283.2,284.5,273.25,4.734,2026-02-03 23:02,43851
POWERGRID,2026-02-24,235.0,0.0,0.0,0.0,0.35,630800.0,389500.0,283.2,284.5,273.25,4.734,2026-02-03 23:02,36993
POWERGRID,2026-02-24,237.5,41.6,15200.0,1900.0,0.35,171000.0,117800.0,283.2,284.5,273.25,4.734,2026-02-03 23:02,30273
POWERGRID,2026-02-24,240.0,39.25,190000.0,26600.0,0.35,2430100.0,2418700.0,283.2,284.5,273.25,4.734,2026-02-03 23:02,23680
POWERGRID,2026-02-24,242.5,25.7,83600.0,0.0,0.4,228000.0,408500.0,283.2,284.5,273.25,4.734,2026-02-03 23:02,18344
POWERGRID,2026-02-24,245.0,35.85,305900.0,203300.0,0.45,803700.0,2679000.0,283.2,284.5,273.25,4.734,2026-02-03 23:02,12632
POWERGRID,2026-02-24,247.5,31.4,176700.0,13300.0,0.5,435100.0,680200.0,283.2,284.5,273.25,4.734,2026-02-03 23:02,8052
POWERGRID,2026-02-24,250.0,30.65,1140000.0,885400.0,0.55,2213500.0,3822800.0,283.2,284.5,273.25,4.734,2026-02-03 23:02,3097
POWERGRID,2026-02-24,252.5,27.3,313500.0,201400.0,0.65,879700.0,1179900.0,283.2,284.5,273.25,4.734,2026-02-03 23:02,1820
POWERGRID,2026-02-24,255.0,26.0,2378800.0,630800.0,0.75,1451600.0,2515600.0,283.2,284.5,273.25,4.734,2026-02-03 23:02,-1731
POWERGRID,2026-02-24,257.5,23.75,347700.0,351500.0,0.85,1064000.0,1909500.0,283.2,284.5,273.25,4.734,2026-02-03 23:02,951
POWERGRID,2026-02-24,260.0,20.85,3300300.0,3841800.0,1.05,2812000.0,6821000.0,283.2,284.5,273.25,4.734,2026-02-03 23:02,-1353
POWERGRID,2026-02-24,262.5,18.75,2650500.0,454100.0,1.2,585200.0,1675800.0,283.2,284.5,273.25,4.734,2026-02-03 23:02,3719
POWERGRID,2026-02-24,265.0,16.15,2832900.0,3885500.0,1.55,2110900.0,4837400.0,283.2,284.5,273.25,4.734,2026-02-03 23:02,7915
POWERGRID,2026-02-24,267.5,14.4,684000.0,1147600.0,1.95,839800.0,3421900.0,283.2,284.5,273.25,4.734,2026-02-03 23:02,12696
POWERGRID,2026-02-24,270.0,12.3,2954500.0,10799600.0,2.5,2255300.0,10640000.0,283.2,284.5,273.25,4.734,2026-02-03 23:02,14430
POWERGRID,2026-02-24,272.5,10.55,628900.0,3002000.0,3.1,655500.0,3068500.0,283.2,284.5,273.25,4.734,2026-02-03 23:02,19716
POWERGRID,2026-02-24,275.0,8.75,1753700.0,11810400.0,3.95,1653000.0,7052800.0,283.2,284.5,273.25,4.734,2026-02-03 23:02,22713
POWERGRID,2026-02-24,277.5,7.3,672600.0,9287200.0,4.8,712500.0,3038100.0,283.2,284.5,273.25,4.734,2026-02-03 23:02,26984
POWERGRID,2026-02-24,280.0,6.0,5768400.0,50902900.0,6.0,1768900.0,6718400.0,283.2,284.5,273.25,4.734,2026-02-03 23:02,30868
POWERGRID,2026-02-24,282.5,4.85,1007000.0,15483100.0,7.6,324900.0,1081100.0,283.2,284.5,273.25,4.734,2026-02-03 23:02,38887
POWERGRID,2026-02-24,285.0,3.9,2224900.0,18551600.0,9.2,351500.0,798000.0,283.2,284.5,273.25,4.734,2026-02-03 23:02,45080
POWERGRID,2026-02-24,287.5,3.25,674500.0,4778500.0,10.5,77900.0,129200.0,283.2,284.5,273.25,4.734,2026-02-03 23:02,52221
POWERGRID,2026-02-24,290.0,2.55,4102100.0,23852600.0,12.65,701100.0,704900.0,283.2,284.5,273.25,4.734,2026-02-03 23:02,59143
POWERGRID,2026-02-24,292.5,2.2,252700.0,807500.0,14.65,180500.0,414200.0,283.2,284.5,273.25,4.734,2026-02-03 23:02,67287
POWERGRID,2026-02-24,295.0,1.7,2162200.0,5907100.0,43.0,5700.0,0.0,283.2,284.5,273.25,4.734,2026-02-03 23:02,75172
POWERGRID,2026-02-24,297.5,0.0,0.0,0.0,0.0,0.0,0.0,283.2,284.5,273.25,4.734,2026-02-03 23:02,84150
POWERGRID,2026-02-24,300.0,1.15,6138900.0,28203600.0,21.0,1050700.0,463600.0,283.2,284.5,273.25,4.734,2026-02-03 23:02,92786
POWERGRID,2026-02-24,305.0,0.75,765700.0,3062800.0,34.15,1900.0,0.0,283.2,284.5,273.25,4.734,2026-02-03 23:02,112151
POWERGRID,2026-02-24,310.0,0.5,3687900.0,15013800.0,30.55,1094400.0,169100.0,283.2,284.5,273.25,4.734,2026-02-03 23:02,133452
POWERINDIA,2026-02-24,8500.0,0.0,0.0,0.0,0.0,0.0,0.0,19701.0,20500.0,19512.0,3.81,2026-02-03 23:02,51849
POWERINDIA,2026-02-24,9000.0,0.0,0.0,0.0,0.0,0.0,0.0,19701.0,20500.0,19512.0,3.81,2026-02-03 23:02,48129
POWERINDIA,2026-02-24,9500.0,0.0,0.0,0.0,0.0,0.0,0.0,19701.0,20500.0,19512.0,3.81,2026-02-03 23:02,44409
POWERINDIA,2026-02-24,10000.0,0.0,0.0,0.0,0.0,0.0,0.0,19701.0,20500.0,19512.0,3.81,2026-02-03 23:02,40689
POWERINDIA,2026-02-24,10500.0,0.0,0.0,0.0,0.0,0.0,0.0,19701.0,20500.0,19512.0,3.81,2026-02-03 23:02,36969
POWERINDIA,2026-02-24,11000.0,0.0,0.0,0.0,0.0,0.0,0.0,19701.0,20500.0,19512.0,3.81,2026-02-03 23:02,33249
POWERINDIA,2026-02-24,11500.0,0.0,0.0,0.0,0.0,0.0,0.0,19701.0,20500.0,19512.0,3.81,2026-02-03 23:02,29529
POWERINDIA,2026-02-24,11750.0,0.0,0.0,0.0,0.0,0.0,0.0,19701.0,20500.0,19512.0,3.81,2026-02-03 23:02,27669
POWERINDIA,2026-02-24,12000.0,0.0,0.0,0.0,0.0,0.0,0.0,19701.0,20500.0,19512.0,3.81,2026-02-03 23:02,25809
POWERINDIA,2026-02-24,12250.0,0.0,0.0,0.0,0.0,0.0,0.0,19701.0,20500.0,19512.0,3.81,2026-02-03 23:02,23949
POWERINDIA,2026-02-24,12500.0,0.0,0.0,0.0,0.0,0.0,0.0,19701.0,20500.0,19512.0,3.81,2026-02-03 23:02,22089
POWERINDIA,2026-02-24,12750.0,0.0,0.0,0.0,0.0,0.0,0.0,19701.0,20500.0,19512.0,3.81,2026-02-03 23:02,20229
POWERINDIA,2026-02-24,13000.0,9004.05,0.0,0.0,28.15,900.0,150.0,19701.0,20500.0,19512.0,3.81,2026-02-03 23:02,18369
POWERINDIA,2026-02-24,13250.0,0.0,0.0,0.0,0.0,0.0,0.0,19701.0,20500.0,19512.0,3.81,2026-02-03 23:02,16529
POWERINDIA,2026-02-24,13500.0,6158.85,0.0,0.0,179.95,0.0,0.0,19701.0,20500.0,19512.0,3.81,2026-02-03 23:02,14692
POWERINDIA,2026-02-24,13750.0,0.0,0.0,0.0,0.0,0.0,0.0,19701.0,20500.0,19512.0,3.81,2026-02-03 23:02,12854
POWERINDIA,2026-02-24,14000.0,3674.65,50.0,0.0,37.5,1300.0,0.0,19701.0,20500.0,19512.0,3.81,2026-02-03 23:02,11017
POWERINDIA,2026-02-24,14250.0,3584.8,0.0,0.0,60.7,250.0,0.0,19701.0,20500.0,19512.0,3.81,2026-02-03 23:02,9226
POWERINDIA,2026-02-24,14500.0,0.0,0.0,0.0,20.0,1250.0,100.0,19701.0,20500.0,19512.0,3.81,2026-02-03 23:02,7427
POWERINDIA,2026-02-24,14750.0,3142.7,0.0,0.0,16.35,2500.0,50.0,19701.0,20500.0,19512.0,3.81,2026-02-03 23:02,5659
POWERINDIA,2026-02-24,15000.0,3627.35,150.0,0.0,40.05,2950.0,1000.0,19701.0,20500.0,19512.0,3.81,2026-02-03 23:02,3951
POWERINDIA,2026-02-24,15250.0,0.0,0.0,0.0,0.0,0.0,0.0,19701.0,20500.0,19512.0,3.81,2026-02-03 23:02,2367
POWERINDIA,2026-02-24,15500.0,3209.95,150.0,0.0,51.0,1550.0,150.0,19701.0,20500.0,19512.0,3.81,2026-02-03 23:02,741
POWERINDIA,2026-02-24,15750.0,0.0,0.0,0.0,55.55,250.0,150.0,19701.0,20500.0,19512.0,3.81,2026-02-03 23:02,-802
POWERINDIA,2026-02-24,16000.0,2550.0,350.0,0.0,85.45,9350.0,5000.0,19701.0,20500.0,19512.0,3.81,2026-02-03 23:02,-2381
POWERINDIA,2026-02-24,16250.0,0.0,0.0,0.0,295.15,300.0,0.0,19701.0,20500.0,19512.0,3.81,2026-02-03 23:02,-3706
POWERINDIA,2026-02-24,16500.0,3469.0,4250.0,200.0,129.25,3650.0,600.0,19701.0,20500.0,19512.0,3.81,2026-02-03 23:02,-5043
POWERINDIA,2026-02-24,16750.0,2234.4,2300.0,0.0,148.9,2500.0,950.0,19701.0,20500.0,19512.0,3.81,2026-02-03 23:02,-4745
POWERINDIA,2026-02-24,17000.0,2878.25,7100.0,450.0,158.0,12500.0,10750.0,19701.0,20500.0,19512.0,3.81,2026-02-03 23:02,-5279
POWERINDIA,2026-02-24,17250.0,0.0,0.0,0.0,0.0,0.0,0.0,19701.0,20500.0,19512.0,3.81,2026-02-03 23:02,-3953
POWERINDIA,2026-02-24,17500.0,1349.0,650.0,0.0,214.9,1550.0,2300.0,19701.0,20500.0,19512.0,3.81,2026-02-03 23:02,-4473
POWERINDIA,2026-02-24,17750.0,2392.8,350.0,50.0,239.7,350.0,250.0,19701.0,20500.0,19512.0,3.81,2026-02-03 23:02,-4883
POWERINDIA,2026-02-24,18000.0,2250.0,7950.0,300.0,300.0,7600.0,17750.0,19701.0,20500.0,19512.0,3.81,2026-02-03 23:02,-5255
POWERINDIA,2026-02-24,18250.0,1728.5,4150.0,650.0,378.9,5050.0,2650.0,19701.0,20500.0,19512.0,3.81,2026-02-03 23:02,-3753
POWERINDIA,2026-02-24,18500.0,1691.35,10800.0,3750.0,420.8,10150.0,11750.0,19701.0,20500.0,19512.0,3.81,2026-02-03 23:02,-3056
POWERINDIA,2026-02-24,18750.0,1438.75,1800.0,1150.0,726.05,850.0,100.0,19701.0,20500.0,19512.0,3.81,2026-02-03 23:02,-962
POWERINDIA,2026-02-24,19000.0,1348.75,7250.0,9350.0,622.25,4800.0,12300.0,19701.0,20500.0,19512.0,3.81,2026-02-03 23:02,-3
POWERINDIA,2026-02-24,19250.0,1136.55,1600.0,2050.0,747.35,0.0,100.0,19701.0,20500.0,19512.0,3.81,2026-02-03 23:02,1737
POWERINDIA,2026-02-24,19500.0,1040.0,3700.0,15050.0,790.75,2650.0,18100.0,19701.0,20500.0,19512.0,3.81,2026-02-03 23:02,3022
POWERINDIA,2026-02-24,19750.0,930.4,1350.0,6250.0,870.7,250.0,350.0,19701.0,20500.0,19512.0,3.81,2026-02-03 23:02,4458
POWERINDIA,2026-02-24,20000.0,794.5,13800.0,48650.0,1025.0,1550.0,1650.0,19701.0,20500.0,19512.0,3.81,2026-02-03 23:02,5863
POWERINDIA,2026-02-24,20250.0,642.35,400.0,1050.0,0.0,0.0,0.0,19701.0,20500.0,19512.0,3.81,2026-02-03 23:02,8486
POWERINDIA,2026-02-24,20500.0,600.0,6500.0,11250.0,1950.0,50.0,0.0,19701.0,20500.0,19512.0,3.81,2026-02-03 23:02,10207
POWERINDIA,2026-02-24,20750.0,625.95,400.0,450.0,0.0,0.0,0.0,19701.0,20500.0,19512.0,3.81,2026-02-03 23:02,12446
POWERINDIA,2026-02-24,21000.0,440.0,6700.0,22950.0,1586.05,300.0,350.0,19701.0,20500.0,19512.0,3.81,2026-02-03 23:02,14339
POWERINDIA,2026-02-24,21250.0,0.0,0.0,0.0,0.0,0.0,0.0,19701.0,20500.0,19512.0,3.81,2026-02-03 23:02,16630
POWERINDIA,2026-02-24,21500.0,357.0,5800.0,4100.0,0.0,0.0,0.0,19701.0,20500.0,19512.0,3.81,2026-02-03 23:02,18674
POWERINDIA,2026-02-24,21750.0,280.25,0.0,150.0,0.0,0.0,0.0,19701.0,20500.0,19512.0,3.81,2026-02-03 23:02,21070
POWERINDIA,2026-02-24,22000.0,253.3,14750.0,56950.0,0.0,0.0,0.0,19701.0,20500.0,19512.0,3.81,2026-02-03 23:02,23259
POWERINDIA,2026-02-24,22250.0,0.0,0.0,0.0,0.0,0.0,0.0,19701.0,20500.0,19512.0,3.81,2026-02-03 23:02,26190
POWERINDIA,2026-02-24,22500.0,0.0,0.0,0.0,0.0,0.0,0.0,19701.0,20500.0,19512.0,3.81,2026-02-03 23:02,28747
POWERINDIA,2026-02-24,22750.0,140.0,900.0,1350.0,0.0,0.0,0.0,19701.0,20500.0,19512.0,3.81,2026-02-03 23:02,31305
POWERINDIA,2026-02-24,23000.0,2140.15,0.0,0.0,3051.6,0.0,0.0,19701.0,20500.0,19512.0,3.81,2026-02-03 23:02,33897
POWERINDIA,2026-02-24,23250.0,0.0,0.0,0.0,0.0,0.0,0.0,19701.0,20500.0,19512.0,3.81,2026-02-03 23:02,36477
POWERINDIA,2026-02-24,23500.0,1956.4,0.0,0.0,3360.3,0.0,0.0,19701.0,20500.0,19512.0,3.81,2026-02-03 23:02,39057
POWERINDIA,2026-02-24,23750.0,0.0,0.0,0.0,0.0,0.0,0.0,19701.0,20500.0,19512.0,3.81,2026-02-03 23:02,41637
POWERINDIA,2026-02-24,24000.0,1786.1,0.0,0.0,3682.45,0.0,0.0,19701.0,20500.0,19512.0,3.81,2026-02-03 23:02,44217
POWERINDIA,2026-02-24,24250.0,0.0,0.0,0.0,0.0,0.0,0.0,19701.0,20500.0,19512.0,3.81,2026-02-03 23:02,46797
POWERINDIA,2026-02-24,24500.0,1628.6,0.0,0.0,4017.4,0.0,0.0,19701.0,20500.0,19512.0,3.81,2026-02-03 23:02,49377
POWERINDIA,2026-02-24,24750.0,35.39,0.0,0.0,0.0,0.0,0.0,19701.0,20500.0,19512.0,3.81,2026-02-03 23:02,51957
POWERINDIA,2026-02-24,25000.0,1483.2,0.0,0.0,4364.5,0.0,0.0,19701.0,20500.0,19512.0,3.81,2026-02-03 23:02,54537
POWERINDIA,2026-02-24,25500.0,0.0,0.0,0.0,0.0,0.0,0.0,19701.0,20500.0,19512.0,3.81,2026-02-03 23:02,59697
POWERINDIA,2026-02-24,26000.0,1227.35,0.0,0.0,5093.55,0.0,0.0,19701.0,20500.0,19512.0,3.81,2026-02-03 23:02,64857
POWERINDIA,2026-02-24,26500.0,0.0,0.0,0.0,0.0,0.0,0.0,19701.0,20500.0,19512.0,3.81,2026-02-03 23:02,70017
POWERINDIA,2026-02-24,27000.0,0.0,0.0,0.0,0.0,0.0,0.0,19701.0,20500.0,19512.0,3.81,2026-02-03 23:02,75177
POWERINDIA,2026-02-24,27500.0,0.0,0.0,0.0,0.0,0.0,0.0,19701.0,20500.0,19512.0,3.81,2026-02-03 23:02,80337
POWERINDIA,2026-02-24,28000.0,0.0,0.0,0.0,0.0,0.0,0.0,19701.0,20500.0,19512.0,3.81,2026-02-03 23:02,85497
PPLPHARMA,2026-02-24,75.0,0.0,0.0,0.0,0.0,0.0,0.0,161.23,166.56,160.02,3.979,2026-02-03 23:02,53912
PPLPHARMA,2026-02-24,80.0,0.0,0.0,0.0,0.0,0.0,0.0,161.23,166.56,160.02,3.979,2026-02-03 23:02,50304
PPLPHARMA,2026-02-24,85.0,0.0,0.0,0.0,0.0,0.0,0.0,161.23,166.56,160.02,3.979,2026-02-03 23:02,46696
PPLPHARMA,2026-02-24,90.0,0.0,0.0,0.0,0.0,0.0,0.0,161.23,166.56,160.02,3.979,2026-02-03 23:02,43087
PPLPHARMA,2026-02-24,95.0,0.0,0.0,0.0,0.0,0.0,0.0,161.23,166.56,160.02,3.979,2026-02-03 23:02,39479
PPLPHARMA,2026-02-24,100.0,0.0,0.0,0.0,0.0,0.0,0.0,161.23,166.56,160.02,3.979,2026-02-03 23:02,35871
PPLPHARMA,2026-02-24,102.5,0.0,0.0,0.0,0.0,0.0,0.0,161.23,166.56,160.02,3.979,2026-02-03 23:02,34067
PPLPHARMA,2026-02-24,105.0,0.0,0.0,0.0,0.0,0.0,0.0,161.23,166.56,160.02,3.979,2026-02-03 23:02,32263
PPLPHARMA,2026-02-24,107.5,0.0,0.0,0.0,0.0,0.0,0.0,161.23,166.56,160.02,3.979,2026-02-03 23:02,30459
PPLPHARMA,2026-02-24,110.0,0.0,0.0,0.0,0.0,0.0,0.0,161.23,166.56,160.02,3.979,2026-02-03 23:02,28655
PPLPHARMA,2026-02-24,112.5,0.0,0.0,0.0,0.0,0.0,0.0,161.23,166.56,160.02,3.979,2026-02-03 23:02,26851
PPLPHARMA,2026-02-24,115.0,0.0,0.0,0.0,0.0,0.0,0.0,161.23,166.56,160.02,3.979,2026-02-03 23:02,25047
PPLPHARMA,2026-02-24,117.5,7466.5,0.0,0.0,1433.7,0.0,0.0,161.23,166.56,160.02,3.979,2026-02-03 23:02,23243
PPLPHARMA,2026-02-24,120.0,0.0,0.0,0.0,0.0,0.0,0.0,161.23,166.56,160.02,3.979,2026-02-03 23:02,21439
PPLPHARMA,2026-02-24,122.5,0.0,0.0,0.0,0.0,0.0,0.0,161.23,166.56,160.02,3.979,2026-02-03 23:02,19635
PPLPHARMA,2026-02-24,125.0,0.0,0.0,0.0,0.29,196875.0,44625.0,161.23,166.56,160.02,3.979,2026-02-03 23:02,17831
PPLPHARMA,2026-02-24,127.5,0.0,0.0,0.0,0.0,0.0,0.0,161.23,166.56,160.02,3.979,2026-02-03 23:02,16070
PPLPHARMA,2026-02-24,130.0,24.85,7875.0,0.0,0.35,141750.0,123375.0,161.23,166.56,160.02,3.979,2026-02-03 23:02,14316
PPLPHARMA,2026-02-24,132.5,0.0,0.0,0.0,0.0,0.0,0.0,161.23,166.56,160.02,3.979,2026-02-03 23:02,12613
PPLPHARMA,2026-02-24,135.0,19.08,7875.0,0.0,0.53,65625.0,60375.0,161.23,166.56,160.02,3.979,2026-02-03 23:02,10895
PPLPHARMA,2026-02-24,137.5,0.0,0.0,0.0,0.0,0.0,0.0,161.23,166.56,160.02,3.979,2026-02-03 23:02,9208
PPLPHARMA,2026-02-24,140.0,22.45,31500.0,2625.0,0.74,446250.0,850500.0,161.23,166.56,160.02,3.979,2026-02-03 23:02,7509
PPLPHARMA,2026-02-24,142.5,22.46,18375.0,2625.0,1.5,128625.0,0.0,161.23,166.56,160.02,3.979,2026-02-03 23:02,5967
PPLPHARMA,2026-02-24,145.0,11.69,34125.0,0.0,1.17,981750.0,309750.0,161.23,166.56,160.02,3.979,2026-02-03 23:02,4446
PPLPHARMA,2026-02-24,147.5,8.91,36750.0,0.0,1.36,231000.0,189000.0,161.23,166.56,160.02,3.979,2026-02-03 23:02,3082
PPLPHARMA,2026-02-24,150.0,12.0,404250.0,73500.0,1.7,1068375.0,889875.0,161.23,166.56,160.02,3.979,2026-02-03 23:02,1862
PPLPHARMA,2026-02-24,152.5,9.69,430500.0,68250.0,2.2,265125.0,84000.0,161.23,166.56,160.02,3.979,2026-02-03 23:02,1311
PPLPHARMA,2026-02-24,155.0,7.81,745500.0,1296750.0,2.93,1105125.0,351750.0,161.23,166.56,160.02,3.979,2026-02-03 23:02,990
PPLPHARMA,2026-02-24,157.5,6.21,456750.0,149625.0,3.97,448875.0,21000.0,161.23,166.56,160.02,3.979,2026-02-03 23:02,1032
PPLPHARMA,2026-02-24,160.0,4.86,1128750.0,3052875.0,4.72,813750.0,588000.0,161.23,166.56,160.02,3.979,2026-02-03 23:02,1146
PPLPHARMA,2026-02-24,162.5,4.0,257250.0,412125.0,6.4,86625.0,115500.0,161.23,166.56,160.02,3.979,2026-02-03 23:02,1806
PPLPHARMA,2026-02-24,165.0,3.01,963375.0,2475375.0,7.77,509250.0,123375.0,161.23,166.56,160.02,3.979,2026-02-03 23:02,2434
PPLPHARMA,2026-02-24,167.5,1.86,91875.0,0.0,8.87,15750.0,31500.0,161.23,166.56,160.02,3.979,2026-02-03 23:02,3277
PPLPHARMA,2026-02-24,170.0,1.85,1349250.0,2417625.0,12.0,105000.0,13125.0,161.23,166.56,160.02,3.979,2026-02-03 23:02,4256
PPLPHARMA,2026-02-24,172.5,0.35,2625.0,0.0,21.5,10500.0,0.0,161.23,166.56,160.02,3.979,2026-02-03 23:02,5719
PPLPHARMA,2026-02-24,175.0,1.22,435750.0,1239000.0,22.72,65625.0,0.0,161.23,166.56,160.02,3.979,2026-02-03 23:02,7039
PPLPHARMA,2026-02-24,177.5,0.9,7875.0,0.0,21.0,2625.0,0.0,161.23,166.56,160.02,3.979,2026-02-03 23:02,8411
PPLPHARMA,2026-02-24,180.0,0.84,900375.0,1785000.0,19.05,162750.0,21000.0,161.23,166.56,160.02,3.979,2026-02-03 23:02,9877
PPLPHARMA,2026-02-24,182.5,0.9,10500.0,13125.0,0.0,0.0,0.0,161.23,166.56,160.02,3.979,2026-02-03 23:02,11379
PPLPHARMA,2026-02-24,185.0,0.61,76125.0,131250.0,33.0,70875.0,0.0,161.23,166.56,160.02,3.979,2026-02-03 23:02,13119
PPLPHARMA,2026-02-24,187.5,0.64,65625.0,89250.0,28.0,31500.0,2625.0,161.23,166.56,160.02,3.979,2026-02-03 23:02,14666
PPLPHARMA,2026-02-24,190.0,0.46,294000.0,220500.0,29.31,102375.0,10500.0,161.23,166.56,160.02,3.979,2026-02-03 23:02,16382
PPLPHARMA,2026-02-24,192.5,4.8,0.0,0.0,24.22,0.0,0.0,161.23,166.56,160.02,3.979,2026-02-03 23:02,17994
PPLPHARMA,2026-02-24,195.0,0.49,31500.0,21000.0,42.68,57750.0,0.0,161.23,166.56,160.02,3.979,2026-02-03 23:02,19894
PPLPHARMA,2026-02-24,197.5,3.75,0.0,0.0,28.12,0.0,0.0,161.23,166.56,160.02,3.979,2026-02-03 23:02,21570
PPLPHARMA,2026-02-24,200.0,0.29,553875.0,614250.0,39.08,91875.0,21000.0,161.23,166.56,160.02,3.979,2026-02-03 23:02,23492
PPLPHARMA,2026-02-24,202.5,2.9,0.0,0.0,32.23,0.0,0.0,161.23,166.56,160.02,3.979,2026-02-03 23:02,25232
PPLPHARMA,2026-02-24,205.0,9.86,0.0,0.0,53.5,5250.0,0.0,161.23,166.56,160.02,3.979,2026-02-03 23:02,27315
PPLPHARMA,2026-02-24,207.5,0.0,0.0,0.0,0.0,0.0,0.0,161.23,166.56,160.02,3.979,2026-02-03 23:02,29371
PPLPHARMA,2026-02-24,210.0,8.45,0.0,0.0,30.41,0.0,0.0,161.23,166.56,160.02,3.979,2026-02-03 23:02,31455
PPLPHARMA,2026-02-24,215.0,0.0,0.0,0.0,0.0,0.0,0.0,161.23,166.56,160.02,3.979,2026-02-03 23:02,35624
PPLPHARMA,2026-02-24,220.0,6.15,0.0,0.0,48.2,5250.0,0.0,161.23,166.56,160.02,3.979,2026-02-03 23:02,39792
PPLPHARMA,2026-02-24,225.0,0.0,0.0,0.0,0.0,0.0,0.0,161.23,166.56,160.02,3.979,2026-02-03 23:02,43938
PPLPHARMA,2026-02-24,230.0,0.0,0.0,0.0,0.0,0.0,0.0,161.23,166.56,160.02,3.979,2026-02-03 23:02,48109
PREMIERENE,2026-02-24,340.0,0.0,0.0,0.0,0.0,0.0,0.0,791.55,808.95,781.5,7.811,2026-02-03 23:02,42717
PREMIERENE,2026-02-24,360.0,0.0,0.0,0.0,0.0,0.0,0.0,791.55,808.95,781.5,7.811,2026-02-03 23:02,40053
PREMIERENE,2026-02-24,380.0,0.0,0.0,0.0,0.0,0.0,0.0,791.55,808.95,781.5,7.811,2026-02-03 23:02,37388
PREMIERENE,2026-02-24,400.0,0.0,0.0,0.0,0.0,0.0,0.0,791.55,808.95,781.5,7.811,2026-02-03 23:02,34723
PREMIERENE,2026-02-24,420.0,0.0,0.0,0.0,0.0,0.0,0.0,791.55,808.95,781.5,7.811,2026-02-03 23:02,32059
PREMIERENE,2026-02-24,430.0,0.0,0.0,0.0,0.0,0.0,0.0,791.55,808.95,781.5,7.811,2026-02-03 23:02,30727
PREMIERENE,2026-02-24,440.0,0.0,0.0,0.0,0.0,0.0,0.0,791.55,808.95,781.5,7.811,2026-02-03 23:02,29394
PREMIERENE,2026-02-24,450.0,0.0,0.0,0.0,0.0,0.0,0.0,791.55,808.95,781.5,7.811,2026-02-03 23:02,28062
PREMIERENE,2026-02-24,460.0,0.0,0.0,0.0,0.0,0.0,0.0,791.55,808.95,781.5,7.811,2026-02-03 23:02,26730
PREMIERENE,2026-02-24,470.0,0.0,0.0,0.0,0.0,0.0,0.0,791.55,808.95,781.5,7.811,2026-02-03 23:02,25398
PREMIERENE,2026-02-24,480.0,0.0,0.0,0.0,0.0,0.0,0.0,791.55,808.95,781.5,7.811,2026-02-03 23:02,24065
PREMIERENE,2026-02-24,490.0,0.0,0.0,0.0,0.0,0.0,0.0,791.55,808.95,781.5,7.811,2026-02-03 23:02,22733
PREMIERENE,2026-02-24,500.0,0.0,0.0,0.0,0.0,0.0,0.0,791.55,808.95,781.5,7.811,2026-02-03 23:02,21401
PREMIERENE,2026-02-24,510.0,0.0,0.0,0.0,0.0,0.0,0.0,791.55,808.95,781.5,7.811,2026-02-03 23:02,20068
PREMIERENE,2026-02-24,520.0,0.0,0.0,0.0,0.0,0.0,0.0,791.55,808.95,781.5,7.811,2026-02-03 23:02,18736
PREMIERENE,2026-02-24,530.0,0.0,0.0,0.0,0.0,0.0,0.0,791.55,808.95,781.5,7.811,2026-02-03 23:02,17404
PREMIERENE,2026-02-24,540.0,0.0,0.0,0.0,0.0,0.0,0.0,791.55,808.95,781.5,7.811,2026-02-03 23:02,16072
PREMIERENE,2026-02-24,550.0,0.0,0.0,0.0,0.0,0.0,0.0,791.55,808.95,781.5,7.811,2026-02-03 23:02,14739
PREMIERENE,2026-02-24,560.0,297.55,0.0,0.0,1.8,13800.0,0.0,791.55,808.95,781.5,7.811,2026-02-03 23:02,13407
PREMIERENE,2026-02-24,570.0,0.0,0.0,0.0,0.0,0.0,0.0,791.55,808.95,781.5,7.811,2026-02-03 23:02,12086
PREMIERENE,2026-02-24,580.0,0.0,0.0,0.0,1.0,2875.0,1150.0,791.55,808.95,781.5,7.811,2026-02-03 23:02,10768
PREMIERENE,2026-02-24,590.0,0.0,0.0,0.0,0.0,0.0,0.0,791.55,808.95,781.5,7.811,2026-02-03 23:02,9452
PREMIERENE,2026-02-24,600.0,124.25,1150.0,575.0,1.3,132825.0,118450.0,791.55,808.95,781.5,7.811,2026-02-03 23:02,8136
PREMIERENE,2026-02-24,610.0,0.0,0.0,0.0,0.0,0.0,0.0,791.55,808.95,781.5,7.811,2026-02-03 23:02,6952
PREMIERENE,2026-02-24,620.0,99.2,1725.0,0.0,1.45,4025.0,5175.0,791.55,808.95,781.5,7.811,2026-02-03 23:02,5770
PREMIERENE,2026-02-24,630.0,160.0,3450.0,1725.0,1.5,24150.0,25300.0,791.55,808.95,781.5,7.811,2026-02-03 23:02,4611
PREMIERENE,2026-02-24,640.0,74.2,1725.0,0.0,1.95,23575.0,13800.0,791.55,808.95,781.5,7.811,2026-02-03 23:02,3514
PREMIERENE,2026-02-24,650.0,66.5,575.0,0.0,2.4,13225.0,171350.0,791.55,808.95,781.5,7.811,2026-02-03 23:02,2399
PREMIERENE,2026-02-24,660.0,52.5,1150.0,0.0,3.0,35650.0,175375.0,791.55,808.95,781.5,7.811,2026-02-03 23:02,1291
PREMIERENE,2026-02-24,670.0,75.3,5175.0,0.0,3.45,8625.0,2875.0,791.55,808.95,781.5,7.811,2026-02-03 23:02,214
PREMIERENE,2026-02-24,680.0,132.0,8625.0,2300.0,4.4,44850.0,94875.0,791.55,808.95,781.5,7.811,2026-02-03 23:02,-808
PREMIERENE,2026-02-24,690.0,119.5,6900.0,2300.0,5.15,34500.0,28750.0,791.55,808.95,781.5,7.811,2026-02-03 23:02,-1719
PREMIERENE,2026-02-24,700.0,97.7,111550.0,253000.0,6.4,169050.0,527850.0,791.55,808.95,781.5,7.811,2026-02-03 23:02,-2618
PREMIERENE,2026-02-24,710.0,88.4,59225.0,23000.0,7.85,70150.0,28750.0,791.55,808.95,781.5,7.811,2026-02-03 23:02,-2319
PREMIERENE,2026-02-24,720.0,81.0,73600.0,161000.0,9.2,200675.0,409975.0,791.55,808.95,781.5,7.811,2026-02-03 23:02,-2405
PREMIERENE,2026-02-24,730.0,69.55,48300.0,151225.0,11.35,44275.0,81075.0,791.55,808.95,781.5,7.811,2026-02-03 23:02,-2273
PREMIERENE,2026-02-24,740.0,62.9,172500.0,135125.0,13.55,158700.0,165025.0,791.55,808.95,781.5,7.811,2026-02-03 23:02,-2174
PREMIERENE,2026-02-24,750.0,54.55,232875.0,380075.0,16.4,113275.0,184575.0,791.55,808.95,781.5,7.811,2026-02-03 23:02,-1160
PREMIERENE,2026-02-24,760.0,48.8,39675.0,282325.0,19.3,35075.0,111550.0,791.55,808.95,781.5,7.811,2026-02-03 23:02,415
PREMIERENE,2026-02-24,770.0,42.45,26450.0,215050.0,22.45,25300.0,94875.0,791.55,808.95,781.5,7.811,2026-02-03 23:02,1106
PREMIERENE,2026-02-24,780.0,36.0,44275.0,203550.0,27.75,36225.0,225975.0,791.55,808.95,781.5,7.811,2026-02-03 23:02,1778
PREMIERENE,2026-02-24,790.0,31.25,29900.0,103500.0,32.1,33350.0,146050.0,791.55,808.95,781.5,7.811,2026-02-03 23:02,2534
PREMIERENE,2026-02-24,800.0,27.4,266800.0,2020550.0,37.7,55775.0,433550.0,791.55,808.95,781.5,7.811,2026-02-03 23:02,3282
PREMIERENE,2026-02-24,810.0,22.0,47725.0,318550.0,44.15,4600.0,21275.0,791.55,808.95,781.5,7.811,2026-02-03 23:02,4886
PREMIERENE,2026-02-24,820.0,19.5,74750.0,326600.0,50.25,17250.0,44850.0,791.55,808.95,781.5,7.811,2026-02-03 23:02,6106
PREMIERENE,2026-02-24,830.0,13.1,4600.0,24725.0,55.95,4025.0,9775.0,791.55,808.95,781.5,7.811,2026-02-03 23:02,7393
PREMIERENE,2026-02-24,840.0,15.0,26450.0,83375.0,0.0,0.0,0.0,791.55,808.95,781.5,7.811,2026-02-03 23:02,8612
PREMIERENE,2026-02-24,850.0,12.2,100050.0,632500.0,71.0,9775.0,13800.0,791.55,808.95,781.5,7.811,2026-02-03 23:02,9915
PREMIERENE,2026-02-24,860.0,11.0,25300.0,51750.0,81.3,4600.0,1725.0,791.55,808.95,781.5,7.811,2026-02-03 23:02,11340
PREMIERENE,2026-02-24,870.0,9.55,0.0,1150.0,0.0,0.0,0.0,791.55,808.95,781.5,7.811,2026-02-03 23:02,12733
PREMIERENE,2026-02-24,880.0,9.05,2875.0,5750.0,0.0,0.0,0.0,791.55,808.95,781.5,7.811,2026-02-03 23:02,14135
PREMIERENE,2026-02-24,890.0,5.75,11500.0,13225.0,105.2,4025.0,575.0,791.55,808.95,781.5,7.811,2026-02-03 23:02,15543
PREMIERENE,2026-02-24,900.0,5.55,155825.0,698625.0,190.75,575.0,0.0,791.55,808.95,781.5,7.811,2026-02-03 23:02,16928
PREMIERENE,2026-02-24,910.0,4.95,6900.0,15525.0,0.0,0.0,0.0,791.55,808.95,781.5,7.811,2026-02-03 23:02,18581
PREMIERENE,2026-02-24,920.0,4.35,3450.0,4025.0,143.7,1150.0,0.0,791.55,808.95,781.5,7.811,2026-02-03 23:02,20169
PREMIERENE,2026-02-24,930.0,2.9,7475.0,0.0,223.8,6325.0,0.0,791.55,808.95,781.5,7.811,2026-02-03 23:02,21742
PREMIERENE,2026-02-24,940.0,3.55,57500.0,200675.0,215.9,0.0,0.0,791.55,808.95,781.5,7.811,2026-02-03 23:02,23205
PREMIERENE,2026-02-24,950.0,0.0,0.0,0.0,0.0,0.0,0.0,791.55,808.95,781.5,7.811,2026-02-03 23:02,24886
PREMIERENE,2026-02-24,960.0,2.7,43700.0,98325.0,206.45,0.0,0.0,791.55,808.95,781.5,7.811,2026-02-03 23:02,26546
PREMIERENE,2026-02-24,970.0,0.0,0.0,0.0,0.0,0.0,0.0,791.55,808.95,781.5,7.811,2026-02-03 23:02,28261
PREMIERENE,2026-02-24,980.0,18.4,0.0,0.0,147.3,0.0,0.0,791.55,808.95,781.5,7.811,2026-02-03 23:02,29965
PREMIERENE,2026-02-24,990.0,0.0,0.0,0.0,0.0,0.0,0.0,791.55,808.95,781.5,7.811,2026-02-03 23:02,31669
PREMIERENE,2026-02-24,1000.0,0.0,0.0,0.0,0.0,0.0,0.0,791.55,808.95,781.5,7.811,2026-02-03 23:02,33373
PREMIERENE,2026-02-24,1020.0,0.0,0.0,0.0,0.0,0.0,0.0,791.55,808.95,781.5,7.811,2026-02-03 23:02,36780
PREMIERENE,2026-02-24,1040.0,0.0,0.0,0.0,0.0,0.0,0.0,791.55,808.95,781.5,7.811,2026-02-03 23:02,40187
PREMIERENE,2026-02-24,1060.0,0.0,0.0,0.0,0.0,0.0,0.0,791.55,808.95,781.5,7.811,2026-02-03 23:02,43595
PREMIERENE,2026-02-24,1080.0,0.0,0.0,0.0,0.0,0.0,0.0,791.55,808.95,781.5,7.811,2026-02-03 23:02,47002
PREMIERENE,2026-02-24,1100.0,0.0,0.0,0.0,0.0,0.0,0.0,791.55,808.95,781.5,7.811,2026-02-03 23:02,50410
PRESTIGE,2026-02-24,720.0,0.0,0.0,0.0,0.0,0.0,0.0,1543.3,1600.1,1512.1,4.052,2026-02-03 23:02,65107
PRESTIGE,2026-02-24,760.0,0.0,0.0,0.0,0.0,0.0,0.0,1543.3,1600.1,1512.1,4.052,2026-02-03 23:02,60897
PRESTIGE,2026-02-24,800.0,0.0,0.0,0.0,0.0,0.0,0.0,1543.3,1600.1,1512.1,4.052,2026-02-03 23:02,56687
PRESTIGE,2026-02-24,840.0,0.0,0.0,0.0,0.0,0.0,0.0,1543.3,1600.1,1512.1,4.052,2026-02-03 23:02,52476
PRESTIGE,2026-02-24,880.0,0.0,0.0,0.0,0.0,0.0,0.0,1543.3,1600.1,1512.1,4.052,2026-02-03 23:02,48266
PRESTIGE,2026-02-24,920.0,0.0,0.0,0.0,0.0,0.0,0.0,1543.3,1600.1,1512.1,4.052,2026-02-03 23:02,44056
PRESTIGE,2026-02-24,940.0,0.0,0.0,0.0,0.0,0.0,0.0,1543.3,1600.1,1512.1,4.052,2026-02-03 23:02,41951
PRESTIGE,2026-02-24,960.0,0.0,0.0,0.0,0.0,0.0,0.0,1543.3,1600.1,1512.1,4.052,2026-02-03 23:02,39846
PRESTIGE,2026-02-24,980.0,0.0,0.0,0.0,0.0,0.0,0.0,1543.3,1600.1,1512.1,4.052,2026-02-03 23:02,37741
PRESTIGE,2026-02-24,1000.0,0.0,0.0,0.0,0.0,0.0,0.0,1543.3,1600.1,1512.1,4.052,2026-02-03 23:02,35636
PRESTIGE,2026-02-24,1020.0,0.0,0.0,0.0,0.0,0.0,0.0,1543.3,1600.1,1512.1,4.052,2026-02-03 23:02,33530
PRESTIGE,2026-02-24,1040.0,0.0,0.0,0.0,0.0,0.0,0.0,1543.3,1600.1,1512.1,4.052,2026-02-03 23:02,31425
PRESTIGE,2026-02-24,1060.0,0.0,0.0,0.0,0.0,0.0,0.0,1543.3,1600.1,1512.1,4.052,2026-02-03 23:02,29320
PRESTIGE,2026-02-24,1080.0,0.0,0.0,0.0,0.0,0.0,0.0,1543.3,1600.1,1512.1,4.052,2026-02-03 23:02,27215
PRESTIGE,2026-02-24,1100.0,0.0,0.0,0.0,0.0,0.0,0.0,1543.3,1600.1,1512.1,4.052,2026-02-03 23:02,25110
PRESTIGE,2026-02-24,1120.0,0.0,0.0,0.0,0.0,0.0,0.0,1543.3,1600.1,1512.1,4.052,2026-02-03 23:02,23005
PRESTIGE,2026-02-24,1140.0,0.0,0.0,0.0,0.0,0.0,0.0,1543.3,1600.1,1512.1,4.052,2026-02-03 23:02,20900
PRESTIGE,2026-02-24,1160.0,520.85,0.0,0.0,2.25,50850.0,49950.0,1543.3,1600.1,1512.1,4.052,2026-02-03 23:02,18795
PRESTIGE,2026-02-24,1180.0,0.0,0.0,0.0,0.0,0.0,0.0,1543.3,1600.1,1512.1,4.052,2026-02-03 23:02,16780
PRESTIGE,2026-02-24,1200.0,0.0,0.0,0.0,2.55,63450.0,34200.0,1543.3,1600.1,1512.1,4.052,2026-02-03 23:02,14777
PRESTIGE,2026-02-24,1220.0,330.95,0.0,1350.0,0.0,0.0,0.0,1543.3,1600.1,1512.1,4.052,2026-02-03 23:02,12884
PRESTIGE,2026-02-24,1240.0,0.0,0.0,0.0,3.95,8550.0,0.0,1543.3,1600.1,1512.1,4.052,2026-02-03 23:02,11007
PRESTIGE,2026-02-24,1260.0,0.0,0.0,0.0,0.0,0.0,0.0,1543.3,1600.1,1512.1,4.052,2026-02-03 23:02,9145
PRESTIGE,2026-02-24,1280.0,0.0,0.0,0.0,3.95,15300.0,1350.0,1543.3,1600.1,1512.1,4.052,2026-02-03 23:02,7285
PRESTIGE,2026-02-24,1300.0,195.05,4500.0,0.0,4.45,140850.0,176850.0,1543.3,1600.1,1512.1,4.052,2026-02-03 23:02,5450
PRESTIGE,2026-02-24,1320.0,151.3,1350.0,0.0,4.85,25650.0,38700.0,1543.3,1600.1,1512.1,4.052,2026-02-03 23:02,3937
PRESTIGE,2026-02-24,1340.0,160.85,2700.0,0.0,5.75,65250.0,73350.0,1543.3,1600.1,1512.1,4.052,2026-02-03 23:02,2461
PRESTIGE,2026-02-24,1360.0,136.0,9000.0,0.0,6.65,73800.0,35100.0,1543.3,1600.1,1512.1,4.052,2026-02-03 23:02,1119
PRESTIGE,2026-02-24,1380.0,180.9,10800.0,2250.0,7.8,34200.0,13050.0,1543.3,1600.1,1512.1,4.052,2026-02-03 23:02,10
PRESTIGE,2026-02-24,1400.0,161.45,87750.0,4950.0,10.0,130050.0,133200.0,1543.3,1600.1,1512.1,4.052,2026-02-03 23:02,-913
PRESTIGE,2026-02-24,1420.0,141.3,35100.0,8100.0,11.65,85500.0,89100.0,1543.3,1600.1,1512.1,4.052,2026-02-03 23:02,-284
PRESTIGE,2026-02-24,1440.0,121.45,58950.0,27000.0,14.25,56250.0,73350.0,1543.3,1600.1,1512.1,4.052,2026-02-03 23:02,-303
PRESTIGE,2026-02-24,1460.0,108.7,27000.0,22500.0,19.05,54900.0,87750.0,1543.3,1600.1,1512.1,4.052,2026-02-03 23:02,146
PRESTIGE,2026-02-24,1480.0,92.45,54450.0,18450.0,21.85,54450.0,119250.0,1543.3,1600.1,1512.1,4.052,2026-02-03 23:02,314
PRESTIGE,2026-02-24,1500.0,74.0,103050.0,162900.0,28.6,48600.0,166500.0,1543.3,1600.1,1512.1,4.052,2026-02-03 23:02,894
PRESTIGE,2026-02-24,1520.0,64.7,20250.0,32850.0,35.15,14850.0,106650.0,1543.3,1600.1,1512.1,4.052,2026-02-03 23:02,2017
PRESTIGE,2026-02-24,1540.0,54.3,57600.0,166500.0,44.0,59850.0,130950.0,1543.3,1600.1,1512.1,4.052,2026-02-03 23:02,2666
PRESTIGE,2026-02-24,1560.0,42.25,21150.0,14850.0,51.65,12150.0,63450.0,1543.3,1600.1,1512.1,4.052,2026-02-03 23:02,3520
PRESTIGE,2026-02-24,1580.0,33.8,27450.0,117450.0,70.05,4050.0,13050.0,1543.3,1600.1,1512.1,4.052,2026-02-03 23:02,4418
PRESTIGE,2026-02-24,1600.0,25.0,172800.0,506250.0,79.35,14850.0,48600.0,1543.3,1600.1,1512.1,4.052,2026-02-03 23:02,5416
PRESTIGE,2026-02-24,1620.0,20.0,32850.0,39150.0,153.3,5400.0,0.0,1543.3,1600.1,1512.1,4.052,2026-02-03 23:02,7040
PRESTIGE,2026-02-24,1640.0,15.7,30150.0,29250.0,159.0,450.0,0.0,1543.3,1600.1,1512.1,4.052,2026-02-03 23:02,8409
PRESTIGE,2026-02-24,1660.0,12.35,47250.0,44100.0,118.8,900.0,1800.0,1543.3,1600.1,1512.1,4.052,2026-02-03 23:02,9896
PRESTIGE,2026-02-24,1680.0,10.45,2250.0,4950.0,137.6,1350.0,4950.0,1543.3,1600.1,1512.1,4.052,2026-02-03 23:02,11487
PRESTIGE,2026-02-24,1700.0,8.15,68400.0,258300.0,219.3,10350.0,0.0,1543.3,1600.1,1512.1,4.052,2026-02-03 23:02,13022
PRESTIGE,2026-02-24,1720.0,6.55,13950.0,17100.0,0.0,0.0,0.0,1543.3,1600.1,1512.1,4.052,2026-02-03 23:02,14559
PRESTIGE,2026-02-24,1740.0,5.1,13950.0,24300.0,0.0,0.0,0.0,1543.3,1600.1,1512.1,4.052,2026-02-03 23:02,16304
PRESTIGE,2026-02-24,1760.0,4.35,53550.0,106650.0,299.0,900.0,0.0,1543.3,1600.1,1512.1,4.052,2026-02-03 23:02,18075
PRESTIGE,2026-02-24,1780.0,3.35,3150.0,0.0,0.0,0.0,0.0,1543.3,1600.1,1512.1,4.052,2026-02-03 23:02,19945
PRESTIGE,2026-02-24,1800.0,3.3,18000.0,24750.0,256.55,0.0,1350.0,1543.3,1600.1,1512.1,4.052,2026-02-03 23:02,21825
PRESTIGE,2026-02-24,1820.0,2.0,900.0,0.0,391.4,0.0,0.0,1543.3,1600.1,1512.1,4.052,2026-02-03 23:02,23746
PRESTIGE,2026-02-24,1840.0,5.55,900.0,0.0,411.0,0.0,0.0,1543.3,1600.1,1512.1,4.052,2026-02-03 23:02,25663
PRESTIGE,2026-02-24,1860.0,0.0,0.0,0.0,0.0,0.0,0.0,1543.3,1600.1,1512.1,4.052,2026-02-03 23:02,27582
PRESTIGE,2026-02-24,1880.0,1.5,8100.0,0.0,327.0,18900.0,14850.0,1543.3,1600.1,1512.1,4.052,2026-02-03 23:02,29501
PRESTIGE,2026-02-24,1900.0,0.0,0.0,0.0,0.0,0.0,0.0,1543.3,1600.1,1512.1,4.052,2026-02-03 23:02,30857
PRESTIGE,2026-02-24,1920.0,2.0,45450.0,51750.0,542.2,900.0,0.0,1543.3,1600.1,1512.1,4.052,2026-02-03 23:02,32830
PRESTIGE,2026-02-24,1940.0,0.0,0.0,0.0,0.0,0.0,0.0,1543.3,1600.1,1512.1,4.052,2026-02-03 23:02,34856
PRESTIGE,2026-02-24,1960.0,0.0,0.0,0.0,0.0,0.0,0.0,1543.3,1600.1,1512.1,4.052,2026-02-03 23:02,36921
PRESTIGE,2026-02-24,1980.0,0.0,0.0,0.0,0.0,0.0,0.0,1543.3,1600.1,1512.1,4.052,2026-02-03 23:02,38987
PRESTIGE,2026-02-24,2000.0,0.0,0.0,0.0,0.0,0.0,0.0,1543.3,1600.1,1512.1,4.052,2026-02-03 23:02,41052
PRESTIGE,2026-02-24,2040.0,0.0,0.0,0.0,0.0,0.0,0.0,1543.3,1600.1,1512.1,4.052,2026-02-03 23:02,45183
PRESTIGE,2026-02-24,2080.0,0.0,0.0,0.0,0.0,0.0,0.0,1543.3,1600.1,1512.1,4.052,2026-02-03 23:02,49314
PRESTIGE,2026-02-24,2120.0,0.0,0.0,0.0,0.0,0.0,0.0,1543.3,1600.1,1512.1,4.052,2026-02-03 23:02,53445
PRESTIGE,2026-02-24,2160.0,0.0,0.0,0.0,0.0,0.0,0.0,1543.3,1600.1,1512.1,4.052,2026-02-03 23:02,57576
PRESTIGE,2026-02-24,2200.0,0.0,0.0,0.0,0.0,0.0,0.0,1543.3,1600.1,1512.1,4.052,2026-02-03 23:02,61707
PRESTIGE,2026-02-24,2240.0,0.0,0.0,0.0,0.0,0.0,0.0,1543.3,1600.1,1512.1,4.052,2026-02-03 23:02,65838
RBLBANK,2026-02-24,240.0,0.0,0.0,0.0,0.0,0.0,0.0,304.75,308.95,299.25,2.627,2026-02-03 23:02,69021
RBLBANK,2026-02-24,250.0,0.0,0.0,0.0,0.25,165100.0,76200.0,304.75,308.95,299.25,2.627,2026-02-03 23:02,51606
RBLBANK,2026-02-24,260.0,0.0,0.0,0.0,0.3,501650.0,209550.0,304.75,308.95,299.25,2.627,2026-02-03 23:02,34353
RBLBANK,2026-02-24,265.0,0.0,0.0,0.0,0.0,0.0,0.0,304.75,308.95,299.25,2.627,2026-02-03 23:02,25963
RBLBANK,2026-02-24,270.0,29.35,15875.0,6350.0,0.4,434975.0,1139825.0,304.75,308.95,299.25,2.627,2026-02-03 23:02,17589
RBLBANK,2026-02-24,275.0,18.45,28575.0,0.0,0.5,295275.0,609600.0,304.75,308.95,299.25,2.627,2026-02-03 23:02,9470
RBLBANK,2026-02-24,280.0,19.85,57150.0,0.0,0.8,3883025.0,1930400.0,304.75,308.95,299.25,2.627,2026-02-03 23:02,1521
RBLBANK,2026-02-24,285.0,20.0,34925.0,3175.0,1.3,1177925.0,1285875.0,304.75,308.95,299.25,2.627,2026-02-03 23:02,-4692
RBLBANK,2026-02-24,290.0,16.95,2143125.0,641350.0,2.0,3597275.0,3863975.0,304.75,308.95,299.25,2.627,2026-02-03 23:02,-10185
RBLBANK,2026-02-24,295.0,12.85,4216400.0,774700.0,3.15,1838325.0,2095500.0,304.75,308.95,299.25,2.627,2026-02-03 23:02,-9812
RBLBANK,2026-02-24,300.0,9.9,5321300.0,4562475.0,4.85,3140075.0,5083175.0,304.75,308.95,299.25,2.627,2026-02-03 23:02,-4486
RBLBANK,2026-02-24,305.0,7.0,1882775.0,4152900.0,6.65,1219200.0,2352675.0,304.75,308.95,299.25,2.627,2026-02-03 23:02,3977
RBLBANK,2026-02-24,310.0,4.9,2940050.0,9591675.0,9.8,701675.0,498475.0,304.75,308.95,299.25,2.627,2026-02-03 23:02,10753
RBLBANK,2026-02-24,315.0,3.5,1044575.0,3327400.0,13.45,174625.0,95250.0,304.75,308.95,299.25,2.627,2026-02-03 23:02,19596
RBLBANK,2026-02-24,320.0,2.4,2209800.0,4600575.0,16.8,257175.0,161925.0,304.75,308.95,299.25,2.627,2026-02-03 23:02,28426
RBLBANK,2026-02-24,325.0,1.8,504825.0,644525.0,0.0,0.0,0.0,304.75,308.95,299.25,2.627,2026-02-03 23:02,38457
RBLBANK,2026-02-24,330.0,1.4,2432050.0,2759075.0,0.0,0.0,0.0,304.75,308.95,299.25,2.627,2026-02-03 23:02,48733
RBLBANK,2026-02-24,335.0,1.05,50800.0,76200.0,0.0,0.0,0.0,304.75,308.95,299.25,2.627,2026-02-03 23:02,60475
RBLBANK,2026-02-24,340.0,0.85,419100.0,257175.0,0.0,0.0,0.0,304.75,308.95,299.25,2.627,2026-02-03 23:02,71908
RBLBANK,2026-02-24,345.0,1.4,3175.0,0.0,0.0,0.0,0.0,304.75,308.95,299.25,2.627,2026-02-03 23:02,83580
RBLBANK,2026-02-24,350.0,0.6,727075.0,292100.0,54.0,28575.0,0.0,304.75,308.95,299.25,2.627,2026-02-03 23:02,95218
RBLBANK,2026-02-24,355.0,0.8,6350.0,0.0,0.0,0.0,0.0,304.75,308.95,299.25,2.627,2026-02-03 23:02,107123
RBLBANK,2026-02-24,370.0,0.2,25400.0,0.0,0.0,0.0,0.0,304.75,308.95,299.25,2.627,2026-02-03 23:02,143180
RECLTD,2026-02-24,290.0,0.0,0.0,0.0,0.3,238000.0,28000.0,372.5,379.0,368.1,2.589,2026-02-03 23:02,154058
RECLTD,2026-02-24,300.0,60.65,79800.0,0.0,0.5,490000.0,180600.0,372.5,379.0,368.1,2.589,2026-02-03 23:02,128038
RECLTD,2026-02-24,305.0,0.0,0.0,0.0,0.5,117600.0,64400.0,372.5,379.0,368.1,2.589,2026-02-03 23:02,115775
RECLTD,2026-02-24,310.0,52.0,1400.0,0.0,0.7,327600.0,103600.0,372.5,379.0,368.1,2.589,2026-02-03 23:02,103106
RECLTD,2026-02-24,315.0,0.0,0.0,0.0,0.8,95200.0,117600.0,372.5,379.0,368.1,2.589,2026-02-03 23:02,90592
RECLTD,2026-02-24,320.0,0.0,0.0,0.0,1.05,863800.0,483000.0,372.5,379.0,368.1,2.589,2026-02-03 23:02,78134
RECLTD,2026-02-24,325.0,0.0,0.0,0.0,1.25,308000.0,257600.0,372.5,379.0,368.1,2.589,2026-02-03 23:02,66024
RECLTD,2026-02-24,327.5,0.0,0.0,0.0,1.65,78400.0,26600.0,372.5,379.0,368.1,2.589,2026-02-03 23:02,60053
RECLTD,2026-02-24,330.0,32.8,137200.0,0.0,1.7,1205400.0,1871800.0,372.5,379.0,368.1,2.589,2026-02-03 23:02,54127
RECLTD,2026-02-24,332.5,35.45,0.0,1400.0,1.9,117600.0,35000.0,372.5,379.0,368.1,2.589,2026-02-03 23:02,48795
RECLTD,2026-02-24,335.0,30.5,0.0,0.0,2.1,313600.0,358400.0,372.5,379.0,368.1,2.589,2026-02-03 23:02,43225
RECLTD,2026-02-24,337.5,0.0,0.0,0.0,2.4,254800.0,277200.0,372.5,379.0,368.1,2.589,2026-02-03 23:02,37689
RECLTD,2026-02-24,340.0,31.25,166600.0,47600.0,2.75,1548400.0,848400.0,372.5,379.0,368.1,2.589,2026-02-03 23:02,32223
RECLTD,2026-02-24,342.5,29.95,40600.0,4200.0,3.1,96600.0,102200.0,372.5,379.0,368.1,2.589,2026-02-03 23:02,27340
RECLTD,2026-02-24,345.0,28.4,49000.0,11200.0,3.5,484400.0,254800.0,372.5,379.0,368.1,2.589,2026-02-03 23:02,22489
RECLTD,2026-02-24,347.5,25.85,53200.0,8400.0,4.0,175000.0,149800.0,372.5,379.0,368.1,2.589,2026-02-03 23:02,17650
RECLTD,2026-02-24,350.0,23.45,2392600.0,1827000.0,4.55,4097800.0,3105200.0,372.5,379.0,368.1,2.589,2026-02-03 23:02,12965
RECLTD,2026-02-24,352.5,21.9,74200.0,25200.0,5.1,373800.0,189000.0,372.5,379.0,368.1,2.589,2026-02-03 23:02,13581
RECLTD,2026-02-24,355.0,19.85,351400.0,124600.0,5.8,1027600.0,1050000.0,372.5,379.0,368.1,2.589,2026-02-03 23:02,10535
RECLTD,2026-02-24,357.5,18.05,182000.0,107800.0,6.45,295400.0,145600.0,372.5,379.0,368.1,2.589,2026-02-03 23:02,7964
RECLTD,2026-02-24,360.0,16.4,1869000.0,1989400.0,7.25,2735600.0,2247000.0,372.5,379.0,368.1,2.589,2026-02-03 23:02,5548
RECLTD,2026-02-24,362.5,14.75,313600.0,358400.0,8.2,522200.0,379400.0,372.5,379.0,368.1,2.589,2026-02-03 23:02,5228
RECLTD,2026-02-24,365.0,13.35,1118600.0,1643600.0,9.25,1001000.0,1712200.0,372.5,379.0,368.1,2.589,2026-02-03 23:02,4069
RECLTD,2026-02-24,367.5,12.0,306600.0,578200.0,10.45,344400.0,768600.0,372.5,379.0,368.1,2.589,2026-02-03 23:02,3972
RECLTD,2026-02-24,370.0,10.85,3068800.0,5523000.0,11.65,2216200.0,1835400.0,372.5,379.0,368.1,2.589,2026-02-03 23:02,3480
RECLTD,2026-02-24,372.5,9.85,411600.0,1017800.0,12.95,366800.0,245000.0,372.5,379.0,368.1,2.589,2026-02-03 23:02,5048
RECLTD,2026-02-24,375.0,8.8,1419600.0,2678200.0,14.35,709800.0,288400.0,372.5,379.0,368.1,2.589,2026-02-03 23:02,5993
RECLTD,2026-02-24,377.5,7.7,351400.0,320600.0,15.7,201600.0,44800.0,372.5,379.0,368.1,2.589,2026-02-03 23:02,7771
RECLTD,2026-02-24,380.0,7.0,5005000.0,6098400.0,17.45,2049600.0,277200.0,372.5,379.0,368.1,2.589,2026-02-03 23:02,9411
RECLTD,2026-02-24,382.5,6.2,281400.0,343000.0,19.75,317800.0,40600.0,372.5,379.0,368.1,2.589,2026-02-03 23:02,12787
RECLTD,2026-02-24,385.0,5.6,1218000.0,1353800.0,21.3,163800.0,42000.0,372.5,379.0,368.1,2.589,2026-02-03 23:02,15933
RECLTD,2026-02-24,387.5,4.8,210000.0,250600.0,23.3,102200.0,30800.0,372.5,379.0,368.1,2.589,2026-02-03 23:02,20211
RECLTD,2026-02-24,390.0,4.35,3414600.0,2644600.0,24.55,315000.0,84000.0,372.5,379.0,368.1,2.589,2026-02-03 23:02,24096
RECLTD,2026-02-24,392.5,3.9,175000.0,184800.0,28.9,36400.0,1400.0,372.5,379.0,368.1,2.589,2026-02-03 23:02,29763
RECLTD,2026-02-24,395.0,3.55,861000.0,715400.0,31.05,29400.0,7000.0,372.5,379.0,368.1,2.589,2026-02-03 23:02,34734
RECLTD,2026-02-24,397.5,3.2,126000.0,63000.0,33.25,8400.0,22400.0,372.5,379.0,368.1,2.589,2026-02-03 23:02,40178
RECLTD,2026-02-24,400.0,2.85,6832000.0,4967200.0,33.65,1416800.0,362600.0,372.5,379.0,368.1,2.589,2026-02-03 23:02,45455
RECLTD,2026-02-24,402.5,2.6,140000.0,46200.0,51.15,2800.0,0.0,372.5,379.0,368.1,2.589,2026-02-03 23:02,49961
RECLTD,2026-02-24,405.0,2.3,610400.0,436800.0,47.2,4200.0,0.0,372.5,379.0,368.1,2.589,2026-02-03 23:02,57345
RECLTD,2026-02-24,407.5,2.2,50400.0,1400.0,55.7,2800.0,0.0,372.5,379.0,368.1,2.589,2026-02-03 23:02,64981
RECLTD,2026-02-24,410.0,1.85,1394400.0,943600.0,44.4,103600.0,5600.0,372.5,379.0,368.1,2.589,2026-02-03 23:02,72505
RECLTD,2026-02-24,412.5,1.35,46200.0,0.0,59.55,2800.0,0.0,372.5,379.0,368.1,2.589,2026-02-03 23:02,80206
RECLTD,2026-02-24,415.0,1.6,254800.0,79800.0,55.15,2800.0,0.0,372.5,379.0,368.1,2.589,2026-02-03 23:02,88112
RECLTD,2026-02-24,420.0,1.4,1825600.0,1120000.0,51.25,299600.0,37800.0,372.5,379.0,368.1,2.589,2026-02-03 23:02,104097
RECLTD,2026-02-24,425.0,1.2,148400.0,60200.0,50.5,46200.0,0.0,372.5,379.0,368.1,2.589,2026-02-03 23:02,119840
RECLTD,2026-02-24,430.0,1.0,988400.0,725200.0,61.2,275800.0,2800.0,372.5,379.0,368.1,2.589,2026-02-03 23:02,136744
RECLTD,2026-02-24,435.0,0.85,1202600.0,289800.0,67.7,464800.0,1400.0,372.5,379.0,368.1,2.589,2026-02-03 23:02,152907
RELIANCE,2026-02-24,1100.0,0.0,0.0,0.0,0.6,44000.0,39000.0,1437.1,1489.5,1430.2,3.359,2026-02-03 23:02,777978
RELIANCE,2026-02-24,1120.0,0.0,0.0,0.0,0.0,0.0,0.0,1437.1,1489.5,1430.2,3.359,2026-02-03 23:02,715315
RELIANCE,2026-02-24,1140.0,252.05,47500.0,0.0,0.6,272500.0,94500.0,1437.1,1489.5,1430.2,3.359,2026-02-03 23:02,652655
RELIANCE,2026-02-24,1160.0,0.0,0.0,0.0,0.75,108500.0,61000.0,1437.1,1489.5,1430.2,3.359,2026-02-03 23:02,591816
RELIANCE,2026-02-24,1180.0,0.0,0.0,0.0,0.8,90000.0,53500.0,1437.1,1489.5,1430.2,3.359,2026-02-03 23:02,530005
RELIANCE,2026-02-24,1200.0,241.85,1068500.0,13000.0,1.0,991500.0,527500.0,1437.1,1489.5,1430.2,3.359,2026-02-03 23:02,468375
RELIANCE,2026-02-24,1220.0,233.0,57500.0,500.0,1.2,328000.0,293000.0,1437.1,1489.5,1430.2,3.359,2026-02-03 23:02,436614
RELIANCE,2026-02-24,1230.0,0.0,0.0,0.0,1.3,49500.0,73000.0,1437.1,1489.5,1430.2,3.359,2026-02-03 23:02,409548
RELIANCE,2026-02-24,1240.0,0.0,0.0,0.0,1.4,747000.0,649500.0,1437.1,1489.5,1430.2,3.359,2026-02-03 23:02,381226
RELIANCE,2026-02-24,1250.0,0.0,0.0,0.0,1.4,280000.0,583500.0,1437.1,1489.5,1430.2,3.359,2026-02-03 23:02,353551
RELIANCE,2026-02-24,1260.0,195.0,11500.0,500.0,1.6,689000.0,939000.0,1437.1,1489.5,1430.2,3.359,2026-02-03 23:02,326223
RELIANCE,2026-02-24,1270.0,170.0,7500.0,2000.0,1.7,306500.0,345500.0,1437.1,1489.5,1430.2,3.359,2026-02-03 23:02,299748
RELIANCE,2026-02-24,1280.0,171.7,37000.0,15000.0,1.85,632000.0,1010500.0,1437.1,1489.5,1430.2,3.359,2026-02-03 23:02,273548
RELIANCE,2026-02-24,1290.0,85.0,500.0,0.0,2.1,239500.0,596000.0,1437.1,1489.5,1430.2,3.359,2026-02-03 23:02,248461
RELIANCE,2026-02-24,1300.0,142.4,326000.0,187500.0,2.15,2177500.0,3417000.0,1437.1,1489.5,1430.2,3.359,2026-02-03 23:02,223049
RELIANCE,2026-02-24,1310.0,87.5,1000.0,0.0,2.5,717500.0,893500.0,1437.1,1489.5,1430.2,3.359,2026-02-03 23:02,204360
RELIANCE,2026-02-24,1320.0,123.1,88500.0,38000.0,2.7,850000.0,1754000.0,1437.1,1489.5,1430.2,3.359,2026-02-03 23:02,182045
RELIANCE,2026-02-24,1330.0,114.3,47500.0,18000.0,3.0,630500.0,1570500.0,1437.1,1489.5,1430.2,3.359,2026-02-03 23:02,161700
RELIANCE,2026-02-24,1340.0,102.2,114500.0,104000.0,3.4,1027000.0,2413000.0,1437.1,1489.5,1430.2,3.359,2026-02-03 23:02,141526
RELIANCE,2026-02-24,1350.0,95.8,373500.0,285500.0,3.75,1231500.0,3410000.0,1437.1,1489.5,1430.2,3.359,2026-02-03 23:02,122961
RELIANCE,2026-02-24,1360.0,86.5,323000.0,425500.0,4.35,1053000.0,2233000.0,1437.1,1489.5,1430.2,3.359,2026-02-03 23:02,108296
RELIANCE,2026-02-24,1370.0,77.2,1180500.0,601000.0,5.15,956000.0,2179000.0,1437.1,1489.5,1430.2,3.359,2026-02-03 23:02,94227
RELIANCE,2026-02-24,1380.0,68.6,1090500.0,2244000.0,6.4,1599000.0,4746000.0,1437.1,1489.5,1430.2,3.359,2026-02-03 23:02,88580
RELIANCE,2026-02-24,1390.0,59.75,2400500.0,1763500.0,7.8,1078000.0,3484000.0,1437.1,1489.5,1430.2,3.359,2026-02-03 23:02,83458
RELIANCE,2026-02-24,1400.0,51.9,7512000.0,9896000.0,9.5,2977500.0,12327500.0,1437.1,1489.5,1430.2,3.359,2026-02-03 23:02,88860
RELIANCE,2026-02-24,1410.0,44.5,963500.0,2170500.0,12.1,946000.0,3036000.0,1437.1,1489.5,1430.2,3.359,2026-02-03 23:02,127408
RELIANCE,2026-02-24,1420.0,37.9,1862500.0,5821000.0,15.4,1023500.0,5362000.0,1437.1,1489.5,1430.2,3.359,2026-02-03 23:02,134849
RELIANCE,2026-02-24,1430.0,32.0,1212000.0,3733000.0,19.45,677000.0,3839000.0,1437.1,1489.5,1430.2,3.359,2026-02-03 23:02,147516
RELIANCE,2026-02-24,1440.0,26.75,2479000.0,9954500.0,24.2,891000.0,6479500.0,1437.1,1489.5,1430.2,3.359,2026-02-03 23:02,159152
RELIANCE,2026-02-24,1450.0,22.2,4105500.0,17728500.0,29.35,1218000.0,5550500.0,1437.1,1489.5,1430.2,3.359,2026-02-03 23:02,176070
RELIANCE,2026-02-24,1460.0,18.35,1974500.0,8908500.0,35.65,561500.0,2144500.0,1437.1,1489.5,1430.2,3.359,2026-02-03 23:02,199376
RELIANCE,2026-02-24,1470.0,15.1,777000.0,5364000.0,42.6,248000.0,1053000.0,1437.1,1489.5,1430.2,3.359,2026-02-03 23:02,221301
RELIANCE,2026-02-24,1480.0,12.25,1472000.0,7093000.0,49.4,435500.0,811500.0,1437.1,1489.5,1430.2,3.359,2026-02-03 23:02,242746
RELIANCE,2026-02-24,1490.0,10.1,536000.0,3792500.0,56.9,75500.0,65000.0,1437.1,1489.5,1430.2,3.359,2026-02-03 23:02,265633
RELIANCE,2026-02-24,1500.0,8.3,6805000.0,21062500.0,65.0,1421500.0,917500.0,1437.1,1489.5,1430.2,3.359,2026-02-03 23:02,289592
RELIANCE,2026-02-24,1510.0,6.75,987000.0,3062000.0,80.0,41500.0,55000.0,1437.1,1489.5,1430.2,3.359,2026-02-03 23:02,318074
RELIANCE,2026-02-24,1520.0,5.55,1436500.0,3801000.0,82.4,217000.0,37500.0,1437.1,1489.5,1430.2,3.359,2026-02-03 23:02,351510
RELIANCE,2026-02-24,1530.0,4.65,739000.0,1766500.0,94.0,126500.0,13000.0,1437.1,1489.5,1430.2,3.359,2026-02-03 23:02,385275
RELIANCE,2026-02-24,1540.0,3.75,823000.0,1763000.0,100.4,198500.0,58000.0,1437.1,1489.5,1430.2,3.359,2026-02-03 23:02,420050
RELIANCE,2026-02-24,1550.0,3.3,1551500.0,3620000.0,106.0,800000.0,66500.0,1437.1,1489.5,1430.2,3.359,2026-02-03 23:02,455008
RELIANCE,2026-02-24,1560.0,2.75,725500.0,1220500.0,122.25,199000.0,10000.0,1437.1,1489.5,1430.2,3.359,2026-02-03 23:02,486034
RELIANCE,2026-02-24,1570.0,2.35,723500.0,703500.0,176.0,66500.0,0.0,1437.1,1489.5,1430.2,3.359,2026-02-03 23:02,523720
RELIANCE,2026-02-24,1580.0,2.15,412500.0,589000.0,142.0,142500.0,2000.0,1437.1,1489.5,1430.2,3.359,2026-02-03 23:02,563428
RELIANCE,2026-02-24,1590.0,1.85,534000.0,762000.0,195.0,5000.0,0.0,1437.1,1489.5,1430.2,3.359,2026-02-03 23:02,602756
RELIANCE,2026-02-24,1600.0,1.65,4572000.0,6663500.0,157.8,1403000.0,161500.0,1437.1,1489.5,1430.2,3.359,2026-02-03 23:02,644560
RELIANCE,2026-02-24,1610.0,1.45,177000.0,323500.0,155.0,29500.0,5000.0,1437.1,1489.5,1430.2,3.359,2026-02-03 23:02,670953
RELIANCE,2026-02-24,1620.0,1.4,736000.0,605500.0,219.95,20000.0,0.0,1437.1,1489.5,1430.2,3.359,2026-02-03 23:02,718505
RELIANCE,2026-02-24,1630.0,1.35,62000.0,64500.0,0.0,0.0,0.0,1437.1,1489.5,1430.2,3.359,2026-02-03 23:02,766908
RELIANCE,2026-02-24,1640.0,1.15,163500.0,163500.0,271.25,35000.0,0.0,1437.1,1489.5,1430.2,3.359,2026-02-03 23:02,815719
RELIANCE,2026-02-24,1650.0,1.05,480500.0,818500.0,208.95,361000.0,30000.0,1437.1,1489.5,1430.2,3.359,2026-02-03 23:02,863789
RELIANCE,2026-02-24,1660.0,0.95,83500.0,85500.0,270.0,1500.0,0.0,1437.1,1489.5,1430.2,3.359,2026-02-03 23:02,906138
RELIANCE,2026-02-24,1670.0,1.1,22500.0,25000.0,0.0,0.0,0.0,1437.1,1489.5,1430.2,3.359,2026-02-03 23:02,956032
RELIANCE,2026-02-24,1680.0,0.8,558000.0,368000.0,296.0,9000.0,0.0,1437.1,1489.5,1430.2,3.359,2026-02-03 23:02,1005984
RELIANCE,2026-02-24,1690.0,0.75,10500.0,11500.0,0.0,0.0,0.0,1437.1,1489.5,1430.2,3.359,2026-02-03 23:02,1056279
RELIANCE,2026-02-24,1700.0,0.7,657500.0,570500.0,261.15,877000.0,53000.0,1437.1,1489.5,1430.2,3.359,2026-02-03 23:02,1106807
RELIANCE,2026-02-24,1710.0,0.8,3000.0,4000.0,0.0,0.0,0.0,1437.1,1489.5,1430.2,3.359,2026-02-03 23:02,1136012
RELIANCE,2026-02-24,1720.0,0.65,51000.0,50000.0,332.0,5000.0,0.0,1437.1,1489.5,1430.2,3.359,2026-02-03 23:02,1188076
RELIANCE,2026-02-24,1740.0,0.55,8500.0,9000.0,0.0,0.0,0.0,1437.1,1489.5,1430.2,3.359,2026-02-03 23:02,1292155
RELIANCE,2026-02-24,1760.0,0.4,77500.0,13500.0,312.0,140000.0,500.0,1437.1,1489.5,1430.2,3.359,2026-02-03 23:02,1396413
RELIANCE,2026-02-24,1780.0,0.0,0.0,0.0,327.0,8000.0,1000.0,1437.1,1489.5,1430.2,3.359,2026-02-03 23:02,1496741
RELIANCE,2026-02-24,1800.0,0.5,319500.0,134000.0,353.4,49000.0,10000.0,1437.1,1489.5,1430.2,3.359,2026-02-03 23:02,1601189
RELIANCE,2026-02-24,1840.0,0.4,5500.0,0.0,389.0,66500.0,1000.0,1437.1,1489.5,1430.2,3.359,2026-02-03 23:02,1810365
RVNL,2026-02-24,260.0,0.0,0.0,0.0,3.1,1492975.0,2159400.0,324.65,339.0,323.0,0.573,2026-02-03 23:02,60154
RVNL,2026-02-24,270.0,37.5,333975.0,375150.0,4.35,1195600.0,985150.0,324.65,339.0,323.0,0.573,2026-02-03 23:02,40586
RVNL,2026-02-24,275.0,0.0,0.0,0.0,0.0,0.0,0.0,324.65,339.0,323.0,0.573,2026-02-03 23:02,32531
RVNL,2026-02-24,280.0,29.5,614575.0,924150.0,6.25,3426675.0,2421700.0,324.65,339.0,323.0,0.573,2026-02-03 23:02,23743
RVNL,2026-02-24,285.0,0.0,0.0,0.0,7.45,919575.0,747250.0,324.65,339.0,323.0,0.573,2026-02-03 23:02,16647
RVNL,2026-02-24,290.0,22.1,448350.0,535275.0,9.0,1448750.0,1386225.0,324.65,339.0,323.0,0.573,2026-02-03 23:02,9654
RVNL,2026-02-24,295.0,19.15,211975.0,282125.0,10.65,806725.0,991250.0,324.65,339.0,323.0,0.573,2026-02-03 23:02,3983
RVNL,2026-02-24,300.0,16.2,2066375.0,3321450.0,13.35,2057225.0,1797975.0,324.65,339.0,323.0,0.573,2026-02-03 23:02,-1319
RVNL,2026-02-24,305.0,14.2,454450.0,815875.0,16.0,550525.0,506300.0,324.65,339.0,323.0,0.573,2026-02-03 23:02,-3506
RVNL,2026-02-24,310.0,12.3,1191025.0,1970300.0,19.05,1000400.0,538325.0,324.65,339.0,323.0,0.573,2026-02-03 23:02,-6026
RVNL,2026-02-24,315.0,10.7,677100.0,1473150.0,22.7,454450.0,259250.0,324.65,339.0,323.0,0.573,2026-02-03 23:02,-7657
RVNL,2026-02-24,320.0,9.4,2504050.0,5177375.0,25.6,1648525.0,527650.0,324.65,339.0,323.0,0.573,2026-02-03 23:02,-8588
RVNL,2026-02-24,325.0,8.4,1053775.0,4338625.0,29.75,431575.0,417850.0,324.65,339.0,323.0,0.573,2026-02-03 23:02,-9001
RVNL,2026-02-24,330.0,7.4,3777425.0,6215900.0,33.55,1290150.0,291275.0,324.65,339.0,323.0,0.573,2026-02-03 23:02,-7205
RVNL,2026-02-24,335.0,6.6,1468575.0,1785775.0,37.8,396500.0,59475.0,324.65,339.0,323.0,0.573,2026-02-03 23:02,-4009
RVNL,2026-02-24,340.0,5.9,6197600.0,5299375.0,42.15,1338950.0,154025.0,324.65,339.0,323.0,0.573,2026-02-03 23:02,1122
RVNL,2026-02-24,345.0,5.2,2438475.0,1816275.0,46.5,602375.0,103700.0,324.65,339.0,323.0,0.573,2026-02-03 23:02,8565
RVNL,2026-02-24,350.0,4.8,8854150.0,6941800.0,52.3,942450.0,15250.0,324.65,339.0,323.0,0.573,2026-02-03 23:02,17982
RVNL,2026-02-24,355.0,4.15,1123925.0,834175.0,44.1,50325.0,0.0,324.65,339.0,323.0,0.573,2026-02-03 23:02,33151
RVNL,2026-02-24,360.0,3.8,3745400.0,3266550.0,60.0,179950.0,4575.0,324.65,339.0,323.0,0.573,2026-02-03 23:02,49832
RVNL,2026-02-24,365.0,3.4,652700.0,825025.0,57.25,28975.0,0.0,324.65,339.0,323.0,0.573,2026-02-03 23:02,68574
RVNL,2026-02-24,370.0,2.9,2264625.0,1245925.0,62.5,94550.0,0.0,324.65,339.0,323.0,0.573,2026-02-03 23:02,87369
RVNL,2026-02-24,375.0,2.65,701500.0,608475.0,55.75,12200.0,0.0,324.65,339.0,323.0,0.573,2026-02-03 23:02,107353
RVNL,2026-02-24,380.0,2.2,2072475.0,1087325.0,71.45,50325.0,0.0,324.65,339.0,323.0,0.573,2026-02-03 23:02,127747
RVNL,2026-02-24,385.0,2.15,280600.0,221125.0,0.0,0.0,0.0,324.65,339.0,323.0,0.573,2026-02-03 23:02,149180
RVNL,2026-02-24,390.0,1.85,785375.0,541375.0,83.75,36600.0,0.0,324.65,339.0,323.0,0.573,2026-02-03 23:02,170718
RVNL,2026-02-24,395.0,1.85,224175.0,128100.0,0.0,0.0,0.0,324.65,339.0,323.0,0.573,2026-02-03 23:02,192445
RVNL,2026-02-24,400.0,1.65,4939475.0,1727825.0,101.95,80825.0,13725.0,324.65,339.0,323.0,0.573,2026-02-03 23:02,214487
RVNL,2026-02-24,410.0,1.35,378200.0,280600.0,110.65,39650.0,50325.0,324.65,339.0,323.0,0.573,2026-02-03 23:02,263499
RVNL,2026-02-24,420.0,1.15,402600.0,176900.0,89.85,21350.0,0.0,324.65,339.0,323.0,0.573,2026-02-03 23:02,312550
RVNL,2026-02-24,430.0,1.0,199775.0,106750.0,0.0,0.0,0.0,324.65,339.0,323.0,0.573,2026-02-03 23:02,362268
RVNL,2026-02-24,440.0,0.85,980575.0,434625.0,0.0,0.0,0.0,324.65,339.0,323.0,0.573,2026-02-03 23:02,412350
SAIL,2026-02-24,108.0,0.0,0.0,0.0,0.2,42300.0,0.0,154.36,156.05,149.04,3.827,2026-02-03 23:02,78275
SAIL,2026-02-24,114.0,0.0,0.0,0.0,0.25,9400.0,4700.0,154.36,156.05,149.04,3.827,2026-02-03 23:02,62849
SAIL,2026-02-24,116.0,0.0,0.0,0.0,0.53,14100.0,0.0,154.36,156.05,149.04,3.827,2026-02-03 23:02,57709
SAIL,2026-02-24,120.0,0.0,0.0,0.0,0.15,648600.0,70500.0,154.36,156.05,149.04,3.827,2026-02-03 23:02,47434
SAIL,2026-02-24,121.0,0.0,0.0,0.0,0.0,0.0,0.0,154.36,156.05,149.04,3.827,2026-02-03 23:02,44920
SAIL,2026-02-24,122.0,0.0,0.0,0.0,0.0,0.0,0.0,154.36,156.05,149.04,3.827,2026-02-03 23:02,42417
SAIL,2026-02-24,123.0,0.0,0.0,0.0,0.0,0.0,0.0,154.36,156.05,149.04,3.827,2026-02-03 23:02,39913
SAIL,2026-02-24,124.0,0.0,0.0,0.0,0.0,0.0,0.0,154.36,156.05,149.04,3.827,2026-02-03 23:02,37409
SAIL,2026-02-24,125.0,0.0,0.0,0.0,0.0,0.0,0.0,154.36,156.05,149.04,3.827,2026-02-03 23:02,34905
SAIL,2026-02-24,126.0,0.0,0.0,0.0,0.4,319600.0,244400.0,154.36,156.05,149.04,3.827,2026-02-03 23:02,32402
SAIL,2026-02-24,127.0,0.0,0.0,0.0,0.0,0.0,0.0,154.36,156.05,149.04,3.827,2026-02-03 23:02,29917
SAIL,2026-02-24,128.0,0.0,0.0,0.0,1.5,9400.0,0.0,154.36,156.05,149.04,3.827,2026-02-03 23:02,27446
SAIL,2026-02-24,129.0,0.0,0.0,0.0,0.0,0.0,0.0,154.36,156.05,149.04,3.827,2026-02-03 23:02,24973
SAIL,2026-02-24,130.0,18.4,108100.0,0.0,0.55,3092600.0,1494600.0,154.36,156.05,149.04,3.827,2026-02-03 23:02,22503
SAIL,2026-02-24,131.0,0.0,0.0,0.0,0.0,0.0,0.0,154.36,156.05,149.04,3.827,2026-02-03 23:02,20381
SAIL,2026-02-24,132.0,0.0,0.0,0.0,0.0,0.0,0.0,154.36,156.05,149.04,3.827,2026-02-03 23:02,18230
SAIL,2026-02-24,133.0,0.0,0.0,0.0,0.0,0.0,0.0,154.36,156.05,149.04,3.827,2026-02-03 23:02,16079
SAIL,2026-02-24,134.0,16.07,0.0,0.0,0.75,338400.0,329000.0,154.36,156.05,149.04,3.827,2026-02-03 23:02,13928
SAIL,2026-02-24,135.0,21.07,47000.0,23500.0,0.82,2082100.0,940000.0,154.36,156.05,149.04,3.827,2026-02-03 23:02,11786
SAIL,2026-02-24,136.0,8.99,9400.0,0.0,1.25,173900.0,0.0,154.36,156.05,149.04,3.827,2026-02-03 23:02,9811
SAIL,2026-02-24,137.0,18.0,4700.0,0.0,0.0,0.0,0.0,154.36,156.05,149.04,3.827,2026-02-03 23:02,7912
SAIL,2026-02-24,138.0,13.55,32900.0,4700.0,1.09,399500.0,249100.0,154.36,156.05,149.04,3.827,2026-02-03 23:02,6035
SAIL,2026-02-24,139.0,10.34,14100.0,0.0,1.71,117500.0,14100.0,154.36,156.05,149.04,3.827,2026-02-03 23:02,4194
SAIL,2026-02-24,140.0,16.37,930600.0,836600.0,1.4,3196000.0,2622600.0,154.36,156.05,149.04,3.827,2026-02-03 23:02,2360
SAIL,2026-02-24,141.0,14.0,4700.0,0.0,1.35,338400.0,94000.0,154.36,156.05,149.04,3.827,2026-02-03 23:02,2020
SAIL,2026-02-24,142.0,11.9,28200.0,9400.0,1.71,225600.0,310200.0,154.36,156.05,149.04,3.827,2026-02-03 23:02,599
SAIL,2026-02-24,143.0,12.02,47000.0,61100.0,1.81,173900.0,84600.0,154.36,156.05,149.04,3.827,2026-02-03 23:02,-762
SAIL,2026-02-24,144.0,13.08,56400.0,70500.0,2.02,305500.0,155100.0,154.36,156.05,149.04,3.827,2026-02-03 23:02,-2071
SAIL,2026-02-24,145.0,12.0,526400.0,634500.0,2.36,2105600.0,2350000.0,154.36,156.05,149.04,3.827,2026-02-03 23:02,-3357
SAIL,2026-02-24,146.0,11.56,56400.0,173900.0,2.5,263200.0,305500.0,154.36,156.05,149.04,3.827,2026-02-03 23:02,-4257
SAIL,2026-02-24,147.0,7.92,94000.0,23500.0,2.85,225600.0,291400.0,154.36,156.05,149.04,3.827,2026-02-03 23:02,-5261
SAIL,2026-02-24,148.0,10.35,206800.0,502900.0,3.19,343100.0,822500.0,154.36,156.05,149.04,3.827,2026-02-03 23:02,-6222
SAIL,2026-02-24,149.0,9.53,159800.0,310200.0,3.57,258500.0,470000.0,154.36,156.05,149.04,3.827,2026-02-03 23:02,-7033
SAIL,2026-02-24,150.0,8.86,2453400.0,7139300.0,3.88,3750600.0,5879700.0,154.36,156.05,149.04,3.827,2026-02-03 23:02,-7847
SAIL,2026-02-24,151.0,8.36,225600.0,775500.0,4.11,479400.0,709700.0,154.36,156.05,149.04,3.827,2026-02-03 23:02,-7383
SAIL,2026-02-24,152.0,7.66,831900.0,1753100.0,4.44,333700.0,1085700.0,154.36,156.05,149.04,3.827,2026-02-03 23:02,-7575
SAIL,2026-02-24,153.0,7.2,272600.0,1612100.0,4.89,1005800.0,676800.0,154.36,156.05,149.04,3.827,2026-02-03 23:02,-7152
SAIL,2026-02-24,154.0,6.61,564000.0,1189100.0,5.6,197400.0,540500.0,154.36,156.05,149.04,3.827,2026-02-03 23:02,-7387
SAIL,2026-02-24,155.0,5.9,4389800.0,8281400.0,6.1,2627300.0,1875300.0,154.36,156.05,149.04,3.827,2026-02-03 23:02,-6987
SAIL,2026-02-24,156.0,5.63,902400.0,1189100.0,6.37,366600.0,418300.0,154.36,156.05,149.04,3.827,2026-02-03 23:02,-5161
SAIL,2026-02-24,157.0,5.09,606300.0,596900.0,6.9,263200.0,131600.0,154.36,156.05,149.04,3.827,2026-02-03 23:02,-3920
SAIL,2026-02-24,158.0,4.78,695600.0,667400.0,7.68,216200.0,291400.0,154.36,156.05,149.04,3.827,2026-02-03 23:02,-2741
SAIL,2026-02-24,159.0,4.45,394800.0,390100.0,12.94,267900.0,0.0,154.36,156.05,149.04,3.827,2026-02-03 23:02,-1430
SAIL,2026-02-24,160.0,3.89,7223900.0,11247100.0,9.02,1029300.0,972900.0,154.36,156.05,149.04,3.827,2026-02-03 23:02,-391
SAIL,2026-02-24,161.0,3.54,173900.0,183300.0,8.61,23500.0,0.0,154.36,156.05,149.04,3.827,2026-02-03 23:02,3525
SAIL,2026-02-24,162.0,3.5,371300.0,549900.0,9.72,56400.0,0.0,154.36,156.05,149.04,3.827,2026-02-03 23:02,5622
SAIL,2026-02-24,163.0,3.23,277300.0,159800.0,10.3,23500.0,0.0,154.36,156.05,149.04,3.827,2026-02-03 23:02,7795
SAIL,2026-02-24,164.0,2.9,188000.0,103400.0,12.05,37600.0,9400.0,154.36,156.05,149.04,3.827,2026-02-03 23:02,9989
SAIL,2026-02-24,165.0,2.55,2270100.0,2923400.0,11.91,75200.0,18800.0,154.36,156.05,149.04,3.827,2026-02-03 23:02,12149
SAIL,2026-02-24,166.0,2.52,211500.0,220900.0,12.62,23500.0,0.0,154.36,156.05,149.04,3.827,2026-02-03 23:02,15023
SAIL,2026-02-24,167.0,1.45,164500.0,23500.0,19.75,4700.0,0.0,154.36,156.05,149.04,3.827,2026-02-03 23:02,17456
SAIL,2026-02-24,168.0,2.14,141000.0,108100.0,0.0,0.0,0.0,154.36,156.05,149.04,3.827,2026-02-03 23:02,19896
SAIL,2026-02-24,169.0,2.41,4700.0,0.0,0.0,0.0,0.0,154.36,156.05,149.04,3.827,2026-02-03 23:02,22366
SAIL,2026-02-24,170.0,1.7,3525000.0,3619000.0,26.26,164500.0,0.0,154.36,156.05,149.04,3.827,2026-02-03 23:02,24807
SAIL,2026-02-24,172.0,1.59,300800.0,244400.0,0.0,0.0,0.0,154.36,156.05,149.04,3.827,2026-02-03 23:02,30593
SAIL,2026-02-24,174.0,0.83,84600.0,0.0,18.52,9400.0,0.0,154.36,156.05,149.04,3.827,2026-02-03 23:02,36319
SAIL,2026-02-24,175.0,1.19,1847100.0,1259600.0,18.33,112800.0,0.0,154.36,156.05,149.04,3.827,2026-02-03 23:02,39157
SAIL,2026-02-24,176.0,0.0,0.0,0.0,0.0,0.0,0.0,154.36,156.05,149.04,3.827,2026-02-03 23:02,42215
SAIL,2026-02-24,177.0,0.68,145700.0,0.0,0.0,0.0,0.0,154.36,156.05,149.04,3.827,2026-02-03 23:02,45260
SAIL,2026-02-24,178.0,0.96,1024600.0,568700.0,0.0,0.0,0.0,154.36,156.05,149.04,3.827,2026-02-03 23:02,48329
SAMMAANCAP,2026-02-24,120.0,22.91,25800.0,0.0,0.37,189200.0,0.0,148.47,151.9,147.0,1.186,2026-02-03 23:02,16716
SAMMAANCAP,2026-02-24,122.5,0.0,0.0,0.0,0.0,0.0,0.0,148.47,151.9,147.0,1.186,2026-02-03 23:02,12436
SAMMAANCAP,2026-02-24,125.0,0.0,0.0,0.0,0.45,172000.0,0.0,148.47,151.9,147.0,1.186,2026-02-03 23:02,8103
SAMMAANCAP,2026-02-24,127.5,0.0,0.0,0.0,0.0,0.0,0.0,148.47,151.9,147.0,1.186,2026-02-03 23:02,3806
SAMMAANCAP,2026-02-24,130.0,19.65,120400.0,0.0,0.15,1148100.0,0.0,148.47,151.9,147.0,1.186,2026-02-03 23:02,-482
SAMMAANCAP,2026-02-24,132.5,0.0,0.0,0.0,0.6,361200.0,0.0,148.47,151.9,147.0,1.186,2026-02-03 23:02,-4235
SAMMAANCAP,2026-02-24,135.0,15.43,236500.0,0.0,0.75,4480600.0,0.0,148.47,151.9,147.0,1.186,2026-02-03 23:02,-8138
SAMMAANCAP,2026-02-24,137.5,0.0,0.0,0.0,3.03,2261800.0,0.0,148.47,151.9,147.0,1.186,2026-02-03 23:02,-10812
SAMMAANCAP,2026-02-24,140.0,10.95,5473900.0,17200.0,1.13,4889100.0,55900.0,148.47,151.9,147.0,1.186,2026-02-03 23:02,-13634
SAMMAANCAP,2026-02-24,142.5,10.84,2455300.0,0.0,2.5,743900.0,0.0,148.47,151.9,147.0,1.186,2026-02-03 23:02,-7739
SAMMAANCAP,2026-02-24,145.0,7.7,3375500.0,8600.0,2.45,1427600.0,17200.0,148.47,151.9,147.0,1.186,2026-02-03 23:02,-4010
SAMMAANCAP,2026-02-24,147.5,7.96,726700.0,0.0,5.3,374100.0,0.0,148.47,151.9,147.0,1.186,2026-02-03 23:02,692
SAMMAANCAP,2026-02-24,150.0,3.72,7185300.0,318200.0,4.77,1049200.0,25800.0,148.47,151.9,147.0,1.186,2026-02-03 23:02,3802
SAMMAANCAP,2026-02-24,152.5,2.94,361200.0,4300.0,0.0,0.0,0.0,148.47,151.9,147.0,1.186,2026-02-03 23:02,10763
SAMMAANCAP,2026-02-24,155.0,2.23,2257500.0,146200.0,14.0,215000.0,0.0,148.47,151.9,147.0,1.186,2026-02-03 23:02,15747
SAMMAANCAP,2026-02-24,157.5,0.95,391300.0,0.0,11.64,47300.0,0.0,148.47,151.9,147.0,1.186,2026-02-03 23:02,21446
SAMMAANCAP,2026-02-24,160.0,1.1,5022400.0,34400.0,17.8,90300.0,0.0,148.47,151.9,147.0,1.186,2026-02-03 23:02,27034
SAMMAANCAP,2026-02-24,162.5,2.8,206400.0,0.0,0.0,0.0,0.0,148.47,151.9,147.0,1.186,2026-02-03 23:02,34310
SAMMAANCAP,2026-02-24,165.0,0.65,1599600.0,21500.0,0.0,0.0,0.0,148.47,151.9,147.0,1.186,2026-02-03 23:02,41304
SAMMAANCAP,2026-02-24,170.0,0.36,2283300.0,8600.0,21.89,94600.0,0.0,148.47,151.9,147.0,1.186,2026-02-03 23:02,56080
SBICARD,2026-02-24,600.0,0.0,0.0,0.0,0.0,0.0,0.0,758.1,788.6,746.55,3.031,2026-02-03 23:02,60790
SBICARD,2026-02-24,620.0,106.0,2400.0,0.0,0.0,0.0,0.0,758.1,788.6,746.55,3.031,2026-02-03 23:02,52155
SBICARD,2026-02-24,640.0,83.0,800.0,0.0,0.45,204800.0,236800.0,758.1,788.6,746.55,3.031,2026-02-03 23:02,43550
SBICARD,2026-02-24,650.0,0.0,0.0,0.0,0.0,0.0,0.0,758.1,788.6,746.55,3.031,2026-02-03 23:02,39438
SBICARD,2026-02-24,660.0,75.8,4000.0,0.0,0.95,270400.0,334400.0,758.1,788.6,746.55,3.031,2026-02-03 23:02,35328
SBICARD,2026-02-24,670.0,0.0,0.0,0.0,0.0,0.0,0.0,758.1,788.6,746.55,3.031,2026-02-03 23:02,31498
SBICARD,2026-02-24,680.0,95.0,0.0,0.0,2.05,353600.0,486400.0,758.1,788.6,746.55,3.031,2026-02-03 23:02,27663
SBICARD,2026-02-24,690.0,0.0,0.0,0.0,3.0,48000.0,76800.0,758.1,788.6,746.55,3.031,2026-02-03 23:02,24109
SBICARD,2026-02-24,700.0,58.55,70400.0,28000.0,4.1,269600.0,615200.0,758.1,788.6,746.55,3.031,2026-02-03 23:02,20661
SBICARD,2026-02-24,710.0,61.1,800.0,0.0,5.6,80000.0,275200.0,758.1,788.6,746.55,3.031,2026-02-03 23:02,17869
SBICARD,2026-02-24,720.0,43.55,23200.0,26400.0,7.5,224000.0,501600.0,758.1,788.6,746.55,3.031,2026-02-03 23:02,14816
SBICARD,2026-02-24,730.0,35.1,30400.0,144000.0,10.1,161600.0,396800.0,758.1,788.6,746.55,3.031,2026-02-03 23:02,11983
SBICARD,2026-02-24,740.0,28.4,101600.0,401600.0,13.55,152800.0,371200.0,758.1,788.6,746.55,3.031,2026-02-03 23:02,9353
SBICARD,2026-02-24,750.0,22.85,286400.0,828800.0,17.4,360800.0,604000.0,758.1,788.6,746.55,3.031,2026-02-03 23:02,7116
SBICARD,2026-02-24,760.0,17.8,301600.0,1079200.0,23.0,374400.0,500800.0,758.1,788.6,746.55,3.031,2026-02-03 23:02,5470
SBICARD,2026-02-24,770.0,13.7,314400.0,940000.0,28.7,171200.0,298400.0,758.1,788.6,746.55,3.031,2026-02-03 23:02,4150
SBICARD,2026-02-24,780.0,10.55,880000.0,1190400.0,34.15,412800.0,185600.0,758.1,788.6,746.55,3.031,2026-02-03 23:02,3579
SBICARD,2026-02-24,790.0,7.9,494400.0,409600.0,42.7,297600.0,30400.0,758.1,788.6,746.55,3.031,2026-02-03 23:02,3880
SBICARD,2026-02-24,800.0,6.05,1146400.0,1727200.0,50.25,372000.0,91200.0,758.1,788.6,746.55,3.031,2026-02-03 23:02,4574
SBICARD,2026-02-24,810.0,4.65,230400.0,463200.0,60.1,29600.0,3200.0,758.1,788.6,746.55,3.031,2026-02-03 23:02,6491
SBICARD,2026-02-24,820.0,3.55,359200.0,430400.0,68.7,105600.0,7200.0,758.1,788.6,746.55,3.031,2026-02-03 23:02,9773
SBICARD,2026-02-24,830.0,2.85,180000.0,288000.0,68.9,15200.0,0.0,758.1,788.6,746.55,3.031,2026-02-03 23:02,12993
SBICARD,2026-02-24,840.0,2.4,260800.0,169600.0,87.55,24800.0,2400.0,758.1,788.6,746.55,3.031,2026-02-03 23:02,16952
SBICARD,2026-02-24,850.0,1.9,410400.0,715200.0,95.0,122400.0,3200.0,758.1,788.6,746.55,3.031,2026-02-03 23:02,21096
SBICARD,2026-02-24,860.0,1.6,287200.0,146400.0,107.3,59200.0,0.0,758.1,788.6,746.55,3.031,2026-02-03 23:02,24843
SBICARD,2026-02-24,870.0,1.35,252000.0,62400.0,115.0,15200.0,0.0,758.1,788.6,746.55,3.031,2026-02-03 23:02,29431
SBICARD,2026-02-24,880.0,1.15,197600.0,23200.0,93.4,24800.0,0.0,758.1,788.6,746.55,3.031,2026-02-03 23:02,34735
SBICARD,2026-02-24,890.0,1.0,52000.0,25600.0,103.75,1600.0,0.0,758.1,788.6,746.55,3.031,2026-02-03 23:02,40193
SBICARD,2026-02-24,900.0,0.8,688800.0,152800.0,144.35,104000.0,23200.0,758.1,788.6,746.55,3.031,2026-02-03 23:02,45903
SBICARD,2026-02-24,910.0,0.7,26400.0,10400.0,125.0,800.0,0.0,758.1,788.6,746.55,3.031,2026-02-03 23:02,50970
SBICARD,2026-02-24,920.0,0.55,188800.0,23200.0,117.95,7200.0,0.0,758.1,788.6,746.55,3.031,2026-02-03 23:02,57503
SBICARD,2026-02-24,930.0,0.5,38400.0,19200.0,0.0,0.0,0.0,758.1,788.6,746.55,3.031,2026-02-03 23:02,64165
SBICARD,2026-02-24,940.0,1.4,1600.0,0.0,88.15,1600.0,0.0,758.1,788.6,746.55,3.031,2026-02-03 23:02,70942
SBICARD,2026-02-24,950.0,0.4,121600.0,3200.0,176.0,8800.0,0.0,758.1,788.6,746.55,3.031,2026-02-03 23:02,77707
SBICARD,2026-02-24,970.0,0.5,20000.0,4000.0,180.3,36000.0,0.0,758.1,788.6,746.55,3.031,2026-02-03 23:02,91374
SBICARD,2026-02-24,980.0,0.3,800.0,0.0,221.3,4800.0,0.0,758.1,788.6,746.55,3.031,2026-02-03 23:02,97691
SBICARD,2026-02-24,990.0,0.35,4000.0,0.0,0.0,0.0,0.0,758.1,788.6,746.55,3.031,2026-02-03 23:02,104555
SBICARD,2026-02-24,1000.0,0.5,476800.0,40000.0,206.0,800.0,0.0,758.1,788.6,746.55,3.031,2026-02-03 23:02,111530
SBICARD,2026-02-24,1020.0,0.0,0.0,0.0,277.7,1600.0,0.0,758.1,788.6,746.55,3.031,2026-02-03 23:02,126441
SBICARD,2026-02-24,1040.0,0.2,10400.0,1600.0,0.0,0.0,0.0,758.1,788.6,746.55,3.031,2026-02-03 23:02,141304
SBILIFE,2026-02-24,1640.0,0.0,0.0,0.0,0.0,0.0,0.0,2002.1,2064.9,1997.6,0.055,2026-02-03 23:02,42769
SBILIFE,2026-02-24,1680.0,0.0,0.0,0.0,0.0,0.0,0.0,2002.1,2064.9,1997.6,0.055,2026-02-03 23:02,36326
SBILIFE,2026-02-24,1720.0,0.0,0.0,0.0,0.9,11250.0,3000.0,2002.1,2064.9,1997.6,0.055,2026-02-03 23:02,29884
SBILIFE,2026-02-24,1760.0,0.0,0.0,0.0,1.5,9000.0,0.0,2002.1,2064.9,1997.6,0.055,2026-02-03 23:02,23485
SBILIFE,2026-02-24,1780.0,0.0,0.0,0.0,0.0,0.0,0.0,2002.1,2064.9,1997.6,0.055,2026-02-03 23:02,20303
SBILIFE,2026-02-24,1800.0,215.0,1875.0,750.0,1.15,238875.0,60750.0,2002.1,2064.9,1997.6,0.055,2026-02-03 23:02,17123
SBILIFE,2026-02-24,1820.0,0.0,0.0,0.0,1.8,46125.0,7500.0,2002.1,2064.9,1997.6,0.055,2026-02-03 23:02,14436
SBILIFE,2026-02-24,1840.0,169.0,375.0,0.0,2.45,59625.0,54375.0,2002.1,2064.9,1997.6,0.055,2026-02-03 23:02,11821
SBILIFE,2026-02-24,1860.0,152.75,375.0,0.0,3.45,47250.0,40125.0,2002.1,2064.9,1997.6,0.055,2026-02-03 23:02,9326
SBILIFE,2026-02-24,1880.0,112.75,750.0,0.0,4.6,34500.0,153000.0,2002.1,2064.9,1997.6,0.055,2026-02-03 23:02,6923
SBILIFE,2026-02-24,1900.0,142.9,22125.0,2250.0,6.35,137250.0,366000.0,2002.1,2064.9,1997.6,0.055,2026-02-03 23:02,4595
SBILIFE,2026-02-24,1920.0,95.1,4500.0,2250.0,8.6,70125.0,81000.0,2002.1,2064.9,1997.6,0.055,2026-02-03 23:02,2821
SBILIFE,2026-02-24,1940.0,80.15,20250.0,0.0,11.55,67125.0,255750.0,2002.1,2064.9,1997.6,0.055,2026-02-03 23:02,950
SBILIFE,2026-02-24,1960.0,62.05,75750.0,21000.0,15.95,98250.0,406875.0,2002.1,2064.9,1997.6,0.055,2026-02-03 23:02,-642
SBILIFE,2026-02-24,1980.0,50.0,102375.0,155625.0,21.15,147750.0,391125.0,2002.1,2064.9,1997.6,0.055,2026-02-03 23:02,-1660
SBILIFE,2026-02-24,2000.0,37.95,155625.0,546750.0,29.8,235500.0,715125.0,2002.1,2064.9,1997.6,0.055,2026-02-03 23:02,-2290
SBILIFE,2026-02-24,2020.0,27.25,223125.0,573375.0,39.25,78000.0,385500.0,2002.1,2064.9,1997.6,0.055,2026-02-03 23:02,-2450
SBILIFE,2026-02-24,2040.0,19.05,1177875.0,895125.0,49.9,117375.0,508500.0,2002.1,2064.9,1997.6,0.055,2026-02-03 23:02,-1593
SBILIFE,2026-02-24,2060.0,13.4,413625.0,1539750.0,63.7,132000.0,349125.0,2002.1,2064.9,1997.6,0.055,2026-02-03 23:02,3208
SBILIFE,2026-02-24,2080.0,9.45,188250.0,780375.0,74.1,43875.0,66375.0,2002.1,2064.9,1997.6,0.055,2026-02-03 23:02,7158
SBILIFE,2026-02-24,2100.0,6.6,491625.0,1150500.0,97.65,15750.0,18375.0,2002.1,2064.9,1997.6,0.055,2026-02-03 23:02,11711
SBILIFE,2026-02-24,2120.0,4.55,96000.0,198375.0,102.1,4875.0,8250.0,2002.1,2064.9,1997.6,0.055,2026-02-03 23:02,17597
SBILIFE,2026-02-24,2140.0,3.35,138750.0,262500.0,139.85,8250.0,0.0,2002.1,2064.9,1997.6,0.055,2026-02-03 23:02,23507
SBILIFE,2026-02-24,2160.0,2.6,114750.0,230625.0,166.85,3375.0,0.0,2002.1,2064.9,1997.6,0.055,2026-02-03 23:02,29649
SBILIFE,2026-02-24,2180.0,1.95,72000.0,104625.0,175.65,1875.0,0.0,2002.1,2064.9,1997.6,0.055,2026-02-03 23:02,36070
SBILIFE,2026-02-24,2200.0,1.7,222375.0,238125.0,0.0,0.0,0.0,2002.1,2064.9,1997.6,0.055,2026-02-03 23:02,42645
SBILIFE,2026-02-24,2220.0,1.3,83625.0,45375.0,0.0,0.0,0.0,2002.1,2064.9,1997.6,0.055,2026-02-03 23:02,49723
SBILIFE,2026-02-24,2240.0,0.75,226875.0,36750.0,0.0,0.0,0.0,2002.1,2064.9,1997.6,0.055,2026-02-03 23:02,56940
SBILIFE,2026-02-24,2260.0,0.8,132000.0,43875.0,0.0,0.0,0.0,2002.1,2064.9,1997.6,0.055,2026-02-03 23:02,64618
SBILIFE,2026-02-24,2280.0,1.1,15375.0,0.0,189.1,0.0,0.0,2002.1,2064.9,1997.6,0.055,2026-02-03 23:02,72553
SBILIFE,2026-02-24,2300.0,0.75,129000.0,36000.0,0.0,0.0,0.0,2002.1,2064.9,1997.6,0.055,2026-02-03 23:02,80510
SBILIFE,2026-02-24,2320.0,0.5,7125.0,2625.0,262.3,2625.0,0.0,2002.1,2064.9,1997.6,0.055,2026-02-03 23:02,88733
SBILIFE,2026-02-24,2360.0,0.35,14250.0,6750.0,0.0,0.0,0.0,2002.1,2064.9,1997.6,0.055,2026-02-03 23:02,105130
SBILIFE,2026-02-24,2400.0,0.45,137625.0,13125.0,0.0,0.0,0.0,2002.1,2064.9,1997.6,0.055,2026-02-03 23:02,121653
SBIN,2026-02-24,840.0,0.0,0.0,0.0,0.3,93750.0,51750.0,1064.2,1089.8,1040.3,3.451,2026-02-03 23:02,359816
SBIN,2026-02-24,860.0,205.0,56250.0,6750.0,0.4,96750.0,180000.0,1064.2,1089.8,1040.3,3.451,2026-02-03 23:02,306224
SBIN,2026-02-24,870.0,173.4,8250.0,0.0,0.4,66000.0,68250.0,1064.2,1089.8,1040.3,3.451,2026-02-03 23:02,280732
SBIN,2026-02-24,880.0,173.65,9750.0,0.0,0.4,142500.0,67500.0,1064.2,1089.8,1040.3,3.451,2026-02-03 23:02,254305
SBIN,2026-02-24,885.0,0.0,0.0,0.0,0.0,0.0,0.0,1064.2,1089.8,1040.3,3.451,2026-02-03 23:02,241261
SBIN,2026-02-24,890.0,123.7,19500.0,0.0,0.5,208500.0,234000.0,1064.2,1089.8,1040.3,3.451,2026-02-03 23:02,228054
SBIN,2026-02-24,895.0,0.0,0.0,0.0,0.0,0.0,0.0,1064.2,1089.8,1040.3,3.451,2026-02-03 23:02,215191
SBIN,2026-02-24,900.0,166.0,397500.0,15000.0,0.65,787500.0,771750.0,1064.2,1089.8,1040.3,3.451,2026-02-03 23:02,202097
SBIN,2026-02-24,905.0,0.0,0.0,0.0,0.0,0.0,0.0,1064.2,1089.8,1040.3,3.451,2026-02-03 23:02,196144
SBIN,2026-02-24,910.0,133.45,9750.0,750.0,0.75,261000.0,506250.0,1064.2,1089.8,1040.3,3.451,2026-02-03 23:02,183643
SBIN,2026-02-24,915.0,0.0,0.0,0.0,0.0,0.0,0.0,1064.2,1089.8,1040.3,3.451,2026-02-03 23:02,171388
SBIN,2026-02-24,920.0,142.2,32250.0,1500.0,0.8,1353750.0,567000.0,1064.2,1089.8,1040.3,3.451,2026-02-03 23:02,159022
SBIN,2026-02-24,925.0,0.0,0.0,0.0,0.95,69000.0,78750.0,1064.2,1089.8,1040.3,3.451,2026-02-03 23:02,147700
SBIN,2026-02-24,930.0,120.15,6750.0,4500.0,1.0,208500.0,528750.0,1064.2,1089.8,1040.3,3.451,2026-02-03 23:02,136055
SBIN,2026-02-24,935.0,0.0,0.0,0.0,1.2,42750.0,72750.0,1064.2,1089.8,1040.3,3.451,2026-02-03 23:02,124585
SBIN,2026-02-24,940.0,79.15,8250.0,0.0,1.35,287250.0,486000.0,1064.2,1089.8,1040.3,3.451,2026-02-03 23:02,113071
SBIN,2026-02-24,945.0,0.0,0.0,0.0,1.45,164250.0,131250.0,1064.2,1089.8,1040.3,3.451,2026-02-03 23:02,101736
SBIN,2026-02-24,950.0,115.0,114000.0,110250.0,1.65,1195500.0,1185750.0,1064.2,1089.8,1040.3,3.451,2026-02-03 23:02,90433
SBIN,2026-02-24,955.0,67.95,1500.0,0.0,1.85,108000.0,168750.0,1064.2,1089.8,1040.3,3.451,2026-02-03 23:02,80922
SBIN,2026-02-24,960.0,107.15,127500.0,35250.0,2.15,558750.0,1584750.0,1064.2,1089.8,1040.3,3.451,2026-02-03 23:02,70342
SBIN,2026-02-24,965.0,68.55,6750.0,0.0,2.4,80250.0,300000.0,1064.2,1089.8,1040.3,3.451,2026-02-03 23:02,61362
SBIN,2026-02-24,970.0,96.9,258000.0,46500.0,2.7,582750.0,1029750.0,1064.2,1089.8,1040.3,3.451,2026-02-03 23:02,51206
SBIN,2026-02-24,975.0,64.85,28500.0,0.0,3.1,122250.0,390000.0,1064.2,1089.8,1040.3,3.451,2026-02-03 23:02,43786
SBIN,2026-02-24,980.0,86.6,586500.0,153750.0,3.5,1559250.0,1539750.0,1064.2,1089.8,1040.3,3.451,2026-02-03 23:02,34245
SBIN,2026-02-24,985.0,78.4,30750.0,34500.0,3.9,119250.0,245250.0,1064.2,1089.8,1040.3,3.451,2026-02-03 23:02,30164
SBIN,2026-02-24,990.0,79.55,375750.0,84750.0,4.5,1327500.0,846750.0,1064.2,1089.8,1040.3,3.451,2026-02-03 23:02,21819
SBIN,2026-02-24,995.0,77.0,85500.0,55500.0,5.05,275250.0,379500.0,1064.2,1089.8,1040.3,3.451,2026-02-03 23:02,16523
SBIN,2026-02-24,1000.0,69.6,1142250.0,1176000.0,5.8,4769250.0,4864500.0,1064.2,1089.8,1040.3,3.451,2026-02-03 23:02,9535
SBIN,2026-02-24,1005.0,66.55,162000.0,138000.0,6.55,284250.0,427500.0,1064.2,1089.8,1040.3,3.451,2026-02-03 23:02,10167
SBIN,2026-02-24,1010.0,61.0,327000.0,309000.0,7.5,1319250.0,2539500.0,1064.2,1089.8,1040.3,3.451,2026-02-03 23:02,6730
SBIN,2026-02-24,1015.0,58.65,162000.0,177000.0,8.2,305250.0,675000.0,1064.2,1089.8,1040.3,3.451,2026-02-03 23:02,4230
SBIN,2026-02-24,1020.0,52.8,876000.0,1206750.0,9.5,1276500.0,3206250.0,1064.2,1089.8,1040.3,3.451,2026-02-03 23:02,1658
SBIN,2026-02-24,1025.0,50.0,255000.0,378000.0,10.65,305250.0,699000.0,1064.2,1089.8,1040.3,3.451,2026-02-03 23:02,2875
SBIN,2026-02-24,1030.0,45.75,599250.0,1571250.0,12.0,1131000.0,2343750.0,1064.2,1089.8,1040.3,3.451,2026-02-03 23:02,1909
SBIN,2026-02-24,1035.0,42.0,396750.0,556500.0,13.35,405000.0,792750.0,1064.2,1089.8,1040.3,3.451,2026-02-03 23:02,2243
SBIN,2026-02-24,1040.0,38.8,1043250.0,2447250.0,15.1,1413000.0,3309750.0,1064.2,1089.8,1040.3,3.451,2026-02-03 23:02,2719
SBIN,2026-02-24,1045.0,35.75,350250.0,1098750.0,16.85,544500.0,842250.0,1064.2,1089.8,1040.3,3.451,2026-02-03 23:02,5212
SBIN,2026-02-24,1050.0,32.5,1620000.0,7635750.0,18.8,1135500.0,4593000.0,1064.2,1089.8,1040.3,3.451,2026-02-03 23:02,6573
SBIN,2026-02-24,1055.0,29.6,422250.0,2361000.0,20.75,393750.0,1113000.0,1064.2,1089.8,1040.3,3.451,2026-02-03 23:02,12107
SBIN,2026-02-24,1060.0,26.9,1229250.0,6475500.0,23.3,993750.0,3618000.0,1064.2,1089.8,1040.3,3.451,2026-02-03 23:02,15352
SBIN,2026-02-24,1065.0,24.3,373500.0,2519250.0,25.45,273000.0,807750.0,1064.2,1089.8,1040.3,3.451,2026-02-03 23:02,20266
SBIN,2026-02-24,1070.0,21.9,1061250.0,3972750.0,28.4,453000.0,1000500.0,1064.2,1089.8,1040.3,3.451,2026-02-03 23:02,24725
SBIN,2026-02-24,1075.0,20.2,503250.0,1607250.0,31.0,276750.0,297750.0,1064.2,1089.8,1040.3,3.451,2026-02-03 23:02,30767
SBIN,2026-02-24,1080.0,17.95,1464000.0,5278500.0,33.95,585750.0,622500.0,1064.2,1089.8,1040.3,3.451,2026-02-03 23:02,36319
SBIN,2026-02-24,1085.0,16.0,623250.0,968250.0,37.1,115500.0,84750.0,1064.2,1089.8,1040.3,3.451,2026-02-03 23:02,43377
SBIN,2026-02-24,1090.0,14.5,609750.0,2130000.0,39.35,135000.0,93000.0,1064.2,1089.8,1040.3,3.451,2026-02-03 23:02,50733
SBIN,2026-02-24,1095.0,13.05,189750.0,521250.0,43.85,156000.0,105750.0,1064.2,1089.8,1040.3,3.451,2026-02-03 23:02,58246
SBIN,2026-02-24,1100.0,11.7,4656000.0,11181000.0,47.5,492750.0,433500.0,1064.2,1089.8,1040.3,3.451,2026-02-03 23:02,65143
SBIN,2026-02-24,1105.0,10.35,159000.0,558000.0,57.05,55500.0,6750.0,1064.2,1089.8,1040.3,3.451,2026-02-03 23:02,78157
SBIN,2026-02-24,1110.0,9.2,408750.0,1156500.0,55.0,56250.0,12000.0,1064.2,1089.8,1040.3,3.451,2026-02-03 23:02,88020
SBIN,2026-02-24,1115.0,8.15,84000.0,419250.0,57.7,41250.0,3000.0,1064.2,1089.8,1040.3,3.451,2026-02-03 23:02,98334
SBIN,2026-02-24,1120.0,7.3,1041000.0,1653750.0,63.05,70500.0,33000.0,1064.2,1089.8,1040.3,3.451,2026-02-03 23:02,108474
SBIN,2026-02-24,1125.0,6.5,185250.0,538500.0,0.0,0.0,0.0,1064.2,1089.8,1040.3,3.451,2026-02-03 23:02,119655
SBIN,2026-02-24,1130.0,5.8,464250.0,894000.0,0.0,0.0,0.0,1064.2,1089.8,1040.3,3.451,2026-02-03 23:02,130734
SBIN,2026-02-24,1135.0,5.0,118500.0,369750.0,0.0,0.0,0.0,1064.2,1089.8,1040.3,3.451,2026-02-03 23:02,142194
SBIN,2026-02-24,1140.0,4.45,1083000.0,2048250.0,131.5,32250.0,0.0,1064.2,1089.8,1040.3,3.451,2026-02-03 23:02,153503
SBIN,2026-02-24,1150.0,3.55,1176750.0,2136750.0,88.9,95250.0,4500.0,1064.2,1089.8,1040.3,3.451,2026-02-03 23:02,177175
SBIN,2026-02-24,1160.0,2.85,480750.0,527250.0,105.0,4500.0,0.0,1064.2,1089.8,1040.3,3.451,2026-02-03 23:02,201632
SBIN,2026-02-24,1170.0,2.4,707250.0,723750.0,0.0,0.0,0.0,1064.2,1089.8,1040.3,3.451,2026-02-03 23:02,227094
SBIN,2026-02-24,1180.0,1.95,1026750.0,1282500.0,120.15,58500.0,4500.0,1064.2,1089.8,1040.3,3.451,2026-02-03 23:02,253343
SBIN,2026-02-24,1190.0,1.55,918000.0,638250.0,0.0,0.0,0.0,1064.2,1089.8,1040.3,3.451,2026-02-03 23:02,280004
SBIN,2026-02-24,1200.0,1.45,645750.0,1344000.0,140.0,0.0,750.0,1064.2,1089.8,1040.3,3.451,2026-02-03 23:02,308229
SHREECEM,2026-02-24,22500.0,0.0,0.0,0.0,0.0,0.0,0.0,27020.0,27435.0,26780.0,0.821,2026-02-03 23:02,8996
SHREECEM,2026-02-24,23000.0,3637.55,75.0,0.0,0.0,0.0,0.0,27020.0,27435.0,26780.0,0.821,2026-02-03 23:02,7684
SHREECEM,2026-02-24,23500.0,0.0,0.0,0.0,46.0,150.0,0.0,27020.0,27435.0,26780.0,0.821,2026-02-03 23:02,6402
SHREECEM,2026-02-24,23750.0,0.0,0.0,0.0,0.0,0.0,0.0,27020.0,27435.0,26780.0,0.821,2026-02-03 23:02,5751
SHREECEM,2026-02-24,24000.0,0.0,0.0,0.0,25.45,25.0,0.0,27020.0,27435.0,26780.0,0.821,2026-02-03 23:02,5100
SHREECEM,2026-02-24,24250.0,0.0,0.0,0.0,0.0,0.0,0.0,27020.0,27435.0,26780.0,0.821,2026-02-03 23:02,4450
SHREECEM,2026-02-24,24500.0,0.0,0.0,0.0,0.0,0.0,0.0,27020.0,27435.0,26780.0,0.821,2026-02-03 23:02,3800
SHREECEM,2026-02-24,24750.0,0.0,0.0,0.0,54.65,250.0,0.0,27020.0,27435.0,26780.0,0.821,2026-02-03 23:02,3150
SHREECEM,2026-02-24,25000.0,0.0,0.0,0.0,140.6,5175.0,5025.0,27020.0,27435.0,26780.0,0.821,2026-02-03 23:02,2505
SHREECEM,2026-02-24,25250.0,0.0,0.0,0.0,0.0,0.0,0.0,27020.0,27435.0,26780.0,0.821,2026-02-03 23:02,1918
SHREECEM,2026-02-24,25500.0,0.0,0.0,0.0,161.9,250.0,0.0,27020.0,27435.0,26780.0,0.821,2026-02-03 23:02,1404
SHREECEM,2026-02-24,25750.0,0.0,0.0,0.0,207.25,925.0,0.0,27020.0,27435.0,26780.0,0.821,2026-02-03 23:02,891
SHREECEM,2026-02-24,26000.0,1000.0,350.0,0.0,315.0,3075.0,2225.0,27020.0,27435.0,26780.0,0.821,2026-02-03 23:02,387
SHREECEM,2026-02-24,26250.0,1103.45,475.0,75.0,387.8,1000.0,50.0,27020.0,27435.0,26780.0,0.821,2026-02-03 23:02,-73
SHREECEM,2026-02-24,26500.0,837.8,3075.0,450.0,478.9,1975.0,200.0,27020.0,27435.0,26780.0,0.821,2026-02-03 23:02,-422
SHREECEM,2026-02-24,26750.0,704.9,425.0,50.0,945.5,350.0,0.0,27020.0,27435.0,26780.0,0.821,2026-02-03 23:02,-495
SHREECEM,2026-02-24,27000.0,610.0,8300.0,16800.0,680.0,6050.0,4275.0,27020.0,27435.0,26780.0,0.821,2026-02-03 23:02,-715
SHREECEM,2026-02-24,27250.0,343.0,1925.0,0.0,737.5,925.0,150.0,27020.0,27435.0,26780.0,0.821,2026-02-03 23:02,-478
SHREECEM,2026-02-24,27500.0,400.0,4900.0,1825.0,998.45,4150.0,1025.0,27020.0,27435.0,26780.0,0.821,2026-02-03 23:02,-267
SHREECEM,2026-02-24,27750.0,193.05,1300.0,0.0,1153.3,575.0,0.0,27020.0,27435.0,26780.0,0.821,2026-02-03 23:02,-46
SHREECEM,2026-02-24,28000.0,256.95,7350.0,7775.0,1374.5,1125.0,200.0,27020.0,27435.0,26780.0,0.821,2026-02-03 23:02,398
SHREECEM,2026-02-24,28250.0,184.3,25.0,0.0,0.0,0.0,0.0,27020.0,27435.0,26780.0,0.821,2026-02-03 23:02,1130
SHREECEM,2026-02-24,28500.0,154.0,625.0,750.0,1500.0,25.0,0.0,27020.0,27435.0,26780.0,0.821,2026-02-03 23:02,1829
SHREECEM,2026-02-24,28750.0,106.1,75.0,0.0,0.0,0.0,0.0,27020.0,27435.0,26780.0,0.821,2026-02-03 23:02,2550
SHREECEM,2026-02-24,29000.0,100.0,5775.0,6500.0,1725.0,25.0,0.0,27020.0,27435.0,26780.0,0.821,2026-02-03 23:02,3268
SHREECEM,2026-02-24,29250.0,0.0,0.0,0.0,0.0,0.0,0.0,27020.0,27435.0,26780.0,0.821,2026-02-03 23:02,4183
SHREECEM,2026-02-24,29500.0,238.05,475.0,0.0,0.0,0.0,0.0,27020.0,27435.0,26780.0,0.821,2026-02-03 23:02,5045
SHREECEM,2026-02-24,29750.0,29.9,250.0,0.0,0.0,0.0,0.0,27020.0,27435.0,26780.0,0.821,2026-02-03 23:02,5930
SHREECEM,2026-02-24,30000.0,36.0,1650.0,1425.0,2700.0,175.0,0.0,27020.0,27435.0,26780.0,0.821,2026-02-03 23:02,6811
SHREECEM,2026-02-24,30250.0,14.65,300.0,0.0,0.0,0.0,0.0,27020.0,27435.0,26780.0,0.821,2026-02-03 23:02,7695
SHREECEM,2026-02-24,30500.0,0.0,0.0,0.0,3030.85,0.0,0.0,27020.0,27435.0,26780.0,0.821,2026-02-03 23:02,8629
SHREECEM,2026-02-24,31000.0,30.0,2100.0,550.0,3475.0,25.0,0.0,27020.0,27435.0,26780.0,0.821,2026-02-03 23:02,10495
SHREECEM,2026-02-24,31500.0,26.55,400.0,0.0,0.0,0.0,0.0,27020.0,27435.0,26780.0,0.821,2026-02-03 23:02,12465
SHRIRAMFIN,2026-02-24,600.0,0.0,0.0,0.0,0.0,0.0,0.0,1000.4,1041.5,997.2,3.981,2026-02-03 23:02,215864
SHRIRAMFIN,2026-02-24,620.0,0.0,0.0,0.0,0.0,0.0,0.0,1000.4,1041.5,997.2,3.981,2026-02-03 23:02,202358
SHRIRAMFIN,2026-02-24,640.0,0.0,0.0,0.0,0.0,0.0,0.0,1000.4,1041.5,997.2,3.981,2026-02-03 23:02,188853
SHRIRAMFIN,2026-02-24,660.0,0.0,0.0,0.0,0.0,0.0,0.0,1000.4,1041.5,997.2,3.981,2026-02-03 23:02,175348
SHRIRAMFIN,2026-02-24,680.0,0.0,0.0,0.0,0.0,0.0,0.0,1000.4,1041.5,997.2,3.981,2026-02-03 23:02,161843
SHRIRAMFIN,2026-02-24,690.0,0.0,0.0,0.0,0.0,0.0,0.0,1000.4,1041.5,997.2,3.981,2026-02-03 23:02,155090
SHRIRAMFIN,2026-02-24,700.0,0.0,0.0,0.0,0.0,0.0,0.0,1000.4,1041.5,997.2,3.981,2026-02-03 23:02,148337
SHRIRAMFIN,2026-02-24,710.0,0.0,0.0,0.0,0.0,0.0,0.0,1000.4,1041.5,997.2,3.981,2026-02-03 23:02,141585
SHRIRAMFIN,2026-02-24,720.0,0.0,0.0,0.0,0.0,0.0,0.0,1000.4,1041.5,997.2,3.981,2026-02-03 23:02,134832
SHRIRAMFIN,2026-02-24,730.0,0.0,0.0,0.0,0.0,0.0,0.0,1000.4,1041.5,997.2,3.981,2026-02-03 23:02,128080
SHRIRAMFIN,2026-02-24,740.0,0.0,0.0,0.0,0.0,0.0,0.0,1000.4,1041.5,997.2,3.981,2026-02-03 23:02,121327
SHRIRAMFIN,2026-02-24,750.0,0.0,0.0,0.0,0.0,0.0,0.0,1000.4,1041.5,997.2,3.981,2026-02-03 23:02,114574
SHRIRAMFIN,2026-02-24,760.0,117.75,0.0,0.0,28.05,0.0,0.0,1000.4,1041.5,997.2,3.981,2026-02-03 23:02,107822
SHRIRAMFIN,2026-02-24,770.0,0.0,0.0,0.0,0.0,0.0,0.0,1000.4,1041.5,997.2,3.981,2026-02-03 23:02,101069
SHRIRAMFIN,2026-02-24,780.0,104.75,0.0,0.0,34.75,0.0,0.0,1000.4,1041.5,997.2,3.981,2026-02-03 23:02,94316
SHRIRAMFIN,2026-02-24,790.0,0.0,0.0,0.0,0.0,0.0,0.0,1000.4,1041.5,997.2,3.981,2026-02-03 23:02,87564
SHRIRAMFIN,2026-02-24,800.0,0.0,0.0,0.0,0.8,136950.0,188100.0,1000.4,1041.5,997.2,3.981,2026-02-03 23:02,80811
SHRIRAMFIN,2026-02-24,810.0,0.0,0.0,0.0,0.0,0.0,0.0,1000.4,1041.5,997.2,3.981,2026-02-03 23:02,74185
SHRIRAMFIN,2026-02-24,820.0,0.0,0.0,0.0,1.0,94875.0,94050.0,1000.4,1041.5,997.2,3.981,2026-02-03 23:02,67569
SHRIRAMFIN,2026-02-24,830.0,0.0,0.0,0.0,0.0,0.0,0.0,1000.4,1041.5,997.2,3.981,2026-02-03 23:02,61039
SHRIRAMFIN,2026-02-24,840.0,0.0,0.0,0.0,1.25,169950.0,207075.0,1000.4,1041.5,997.2,3.981,2026-02-03 23:02,54518
SHRIRAMFIN,2026-02-24,850.0,0.0,0.0,0.0,1.45,825.0,2475.0,1000.4,1041.5,997.2,3.981,2026-02-03 23:02,48146
SHRIRAMFIN,2026-02-24,860.0,97.6,33825.0,0.0,1.8,208725.0,277200.0,1000.4,1041.5,997.2,3.981,2026-02-03 23:02,41796
SHRIRAMFIN,2026-02-24,870.0,0.0,0.0,0.0,0.0,0.0,0.0,1000.4,1041.5,997.2,3.981,2026-02-03 23:02,35981
SHRIRAMFIN,2026-02-24,880.0,128.0,9075.0,9075.0,2.6,189750.0,350625.0,1000.4,1041.5,997.2,3.981,2026-02-03 23:02,29873
SHRIRAMFIN,2026-02-24,890.0,73.4,9900.0,0.0,3.0,94050.0,220275.0,1000.4,1041.5,997.2,3.981,2026-02-03 23:02,24031
SHRIRAMFIN,2026-02-24,900.0,105.25,108900.0,13200.0,3.7,866250.0,1222650.0,1000.4,1041.5,997.2,3.981,2026-02-03 23:02,18271
SHRIRAMFIN,2026-02-24,910.0,100.75,1650.0,0.0,4.5,111375.0,227700.0,1000.4,1041.5,997.2,3.981,2026-02-03 23:02,14267
SHRIRAMFIN,2026-02-24,920.0,95.15,33000.0,33000.0,5.45,325050.0,599775.0,1000.4,1041.5,997.2,3.981,2026-02-03 23:02,9517
SHRIRAMFIN,2026-02-24,930.0,84.3,52800.0,4125.0,6.6,222750.0,392700.0,1000.4,1041.5,997.2,3.981,2026-02-03 23:02,5296
SHRIRAMFIN,2026-02-24,940.0,69.15,49500.0,59400.0,8.0,720225.0,637725.0,1000.4,1041.5,997.2,3.981,2026-02-03 23:02,1511
SHRIRAMFIN,2026-02-24,950.0,61.15,183150.0,478500.0,10.05,559350.0,1068375.0,1000.4,1041.5,997.2,3.981,2026-02-03 23:02,-2035
SHRIRAMFIN,2026-02-24,960.0,53.55,219450.0,330000.0,12.4,500775.0,1024650.0,1000.4,1041.5,997.2,3.981,2026-02-03 23:02,-4048
SHRIRAMFIN,2026-02-24,970.0,46.65,340725.0,438075.0,15.0,213675.0,713625.0,1000.4,1041.5,997.2,3.981,2026-02-03 23:02,-5345
SHRIRAMFIN,2026-02-24,980.0,40.5,427350.0,828300.0,18.5,330825.0,1035375.0,1000.4,1041.5,997.2,3.981,2026-02-03 23:02,-5372
SHRIRAMFIN,2026-02-24,990.0,34.15,272250.0,519750.0,21.65,245025.0,1118700.0,1000.4,1041.5,997.2,3.981,2026-02-03 23:02,-4791
SHRIRAMFIN,2026-02-24,1000.0,29.65,1142625.0,2493975.0,27.2,617100.0,2664750.0,1000.4,1041.5,997.2,3.981,2026-02-03 23:02,-4412
SHRIRAMFIN,2026-02-24,1010.0,24.7,466950.0,1606275.0,32.0,223575.0,1140975.0,1000.4,1041.5,997.2,3.981,2026-02-03 23:02,-964
SHRIRAMFIN,2026-02-24,1020.0,21.05,747450.0,2950200.0,38.4,608025.0,954525.0,1000.4,1041.5,997.2,3.981,2026-02-03 23:02,1903
SHRIRAMFIN,2026-02-24,1030.0,17.0,466125.0,1801800.0,46.1,129525.0,335775.0,1000.4,1041.5,997.2,3.981,2026-02-03 23:02,4927
SHRIRAMFIN,2026-02-24,1040.0,13.7,664950.0,1895025.0,52.0,76725.0,119625.0,1000.4,1041.5,997.2,3.981,2026-02-03 23:02,9503
SHRIRAMFIN,2026-02-24,1050.0,11.1,620400.0,2064150.0,59.45,48675.0,154275.0,1000.4,1041.5,997.2,3.981,2026-02-03 23:02,15137
SHRIRAMFIN,2026-02-24,1060.0,9.05,494175.0,1015575.0,57.15,20625.0,13200.0,1000.4,1041.5,997.2,3.981,2026-02-03 23:02,21328
SHRIRAMFIN,2026-02-24,1070.0,7.75,227700.0,438075.0,102.4,10725.0,0.0,1000.4,1041.5,997.2,3.981,2026-02-03 23:02,27963
SHRIRAMFIN,2026-02-24,1080.0,6.05,327525.0,401775.0,71.4,2475.0,0.0,1000.4,1041.5,997.2,3.981,2026-02-03 23:02,34575
SHRIRAMFIN,2026-02-24,1090.0,5.15,80850.0,122100.0,0.0,0.0,0.0,1000.4,1041.5,997.2,3.981,2026-02-03 23:02,41630
SHRIRAMFIN,2026-02-24,1100.0,4.2,736725.0,1380225.0,90.65,9075.0,5775.0,1000.4,1041.5,997.2,3.981,2026-02-03 23:02,48627
SHRIRAMFIN,2026-02-24,1110.0,3.45,143550.0,158400.0,132.3,1650.0,0.0,1000.4,1041.5,997.2,3.981,2026-02-03 23:02,56556
SHRIRAMFIN,2026-02-24,1120.0,2.8,208725.0,224400.0,122.05,825.0,0.0,1000.4,1041.5,997.2,3.981,2026-02-03 23:02,64430
SHRIRAMFIN,2026-02-24,1130.0,0.0,0.0,0.0,0.0,0.0,0.0,1000.4,1041.5,997.2,3.981,2026-02-03 23:02,72535
SHRIRAMFIN,2026-02-24,1140.0,2.0,585750.0,720225.0,134.0,13200.0,825.0,1000.4,1041.5,997.2,3.981,2026-02-03 23:02,80591
SHRIRAMFIN,2026-02-24,1150.0,1.7,18150.0,23100.0,0.0,0.0,0.0,1000.4,1041.5,997.2,3.981,2026-02-03 23:02,89186
SHRIRAMFIN,2026-02-24,1160.0,0.0,0.0,0.0,0.0,0.0,0.0,1000.4,1041.5,997.2,3.981,2026-02-03 23:02,97862
SHRIRAMFIN,2026-02-24,1170.0,0.0,0.0,0.0,0.0,0.0,0.0,1000.4,1041.5,997.2,3.981,2026-02-03 23:02,106536
SHRIRAMFIN,2026-02-24,1180.0,0.0,0.0,0.0,0.0,0.0,0.0,1000.4,1041.5,997.2,3.981,2026-02-03 23:02,115209
SHRIRAMFIN,2026-02-24,1190.0,0.0,0.0,0.0,0.0,0.0,0.0,1000.4,1041.5,997.2,3.981,2026-02-03 23:02,123882
SHRIRAMFIN,2026-02-24,1200.0,0.0,0.0,0.0,0.0,0.0,0.0,1000.4,1041.5,997.2,3.981,2026-02-03 23:02,132555
SHRIRAMFIN,2026-02-24,1210.0,0.0,0.0,0.0,0.0,0.0,0.0,1000.4,1041.5,997.2,3.981,2026-02-03 23:02,141228
SHRIRAMFIN,2026-02-24,1220.0,0.0,0.0,0.0,0.0,0.0,0.0,1000.4,1041.5,997.2,3.981,2026-02-03 23:02,149902
SHRIRAMFIN,2026-02-24,1230.0,0.0,0.0,0.0,0.0,0.0,0.0,1000.4,1041.5,997.2,3.981,2026-02-03 23:02,158575
SHRIRAMFIN,2026-02-24,1240.0,0.0,0.0,0.0,0.0,0.0,0.0,1000.4,1041.5,997.2,3.981,2026-02-03 23:02,167248
SHRIRAMFIN,2026-02-24,1250.0,0.0,0.0,0.0,0.0,0.0,0.0,1000.4,1041.5,997.2,3.981,2026-02-03 23:02,175921
SHRIRAMFIN,2026-02-24,1260.0,0.0,0.0,0.0,0.0,0.0,0.0,1000.4,1041.5,997.2,3.981,2026-02-03 23:02,184595
SHRIRAMFIN,2026-02-24,1270.0,0.0,0.0,0.0,0.0,0.0,0.0,1000.4,1041.5,997.2,3.981,2026-02-03 23:02,193268
SHRIRAMFIN,2026-02-24,1280.0,0.0,0.0,0.0,0.0,0.0,0.0,1000.4,1041.5,997.2,3.981,2026-02-03 23:02,201941
SHRIRAMFIN,2026-02-24,1290.0,0.0,0.0,0.0,0.0,0.0,0.0,1000.4,1041.5,997.2,3.981,2026-02-03 23:02,210614
SHRIRAMFIN,2026-02-24,1300.0,0.0,0.0,0.0,0.0,0.0,0.0,1000.4,1041.5,997.2,3.981,2026-02-03 23:02,219287
SHRIRAMFIN,2026-02-24,1320.0,0.0,0.0,0.0,0.0,0.0,0.0,1000.4,1041.5,997.2,3.981,2026-02-03 23:02,236634
SHRIRAMFIN,2026-02-24,1340.0,0.0,0.0,0.0,0.0,0.0,0.0,1000.4,1041.5,997.2,3.981,2026-02-03 23:02,253980
SHRIRAMFIN,2026-02-24,1360.0,0.0,0.0,0.0,0.0,0.0,0.0,1000.4,1041.5,997.2,3.981,2026-02-03 23:02,271327
SHRIRAMFIN,2026-02-24,1380.0,0.0,0.0,0.0,0.0,0.0,0.0,1000.4,1041.5,997.2,3.981,2026-02-03 23:02,288673
SIEMENS,2026-02-24,2300.0,0.0,0.0,0.0,5.7,11200.0,0.0,3211.7,3249.0,3159.9,3.942,2026-02-03 23:02,26694
SIEMENS,2026-02-24,2400.0,0.0,0.0,0.0,1.0,22225.0,2625.0,3211.7,3249.0,3159.9,3.942,2026-02-03 23:02,20911
SIEMENS,2026-02-24,2500.0,416.05,525.0,0.0,2.55,40775.0,7525.0,3211.7,3249.0,3159.9,3.942,2026-02-03 23:02,15354
SIEMENS,2026-02-24,2550.0,658.9,875.0,1750.0,18.7,1575.0,0.0,3211.7,3249.0,3159.9,3.942,2026-02-03 23:02,12795
SIEMENS,2026-02-24,2600.0,0.0,0.0,0.0,4.45,13650.0,5250.0,3211.7,3249.0,3159.9,3.942,2026-02-03 23:02,10291
SIEMENS,2026-02-24,2650.0,0.0,0.0,0.0,14.0,5250.0,0.0,3211.7,3249.0,3159.9,3.942,2026-02-03 23:02,7795
SIEMENS,2026-02-24,2700.0,412.0,350.0,0.0,5.1,32200.0,37975.0,3211.7,3249.0,3159.9,3.942,2026-02-03 23:02,5323
SIEMENS,2026-02-24,2750.0,443.7,525.0,175.0,6.5,12600.0,1400.0,3211.7,3249.0,3159.9,3.942,2026-02-03 23:02,3020
SIEMENS,2026-02-24,2800.0,298.65,2625.0,0.0,8.0,57750.0,49000.0,3211.7,3249.0,3159.9,3.942,2026-02-03 23:02,800
SIEMENS,2026-02-24,2850.0,297.55,6300.0,0.0,10.45,27825.0,14175.0,3211.7,3249.0,3159.9,3.942,2026-02-03 23:02,-1101
SIEMENS,2026-02-24,2900.0,360.0,22400.0,3675.0,14.15,51975.0,82950.0,3211.7,3249.0,3159.9,3.942,2026-02-03 23:02,-2706
SIEMENS,2026-02-24,2950.0,297.0,19250.0,875.0,19.2,38150.0,61425.0,3211.7,3249.0,3159.9,3.942,2026-02-03 23:02,-3364
SIEMENS,2026-02-24,3000.0,250.8,59675.0,55825.0,25.85,60900.0,139650.0,3211.7,3249.0,3159.9,3.942,2026-02-03 23:02,-3970
SIEMENS,2026-02-24,3050.0,210.85,59500.0,36225.0,36.0,40425.0,56175.0,3211.7,3249.0,3159.9,3.942,2026-02-03 23:02,-3132
SIEMENS,2026-02-24,3100.0,174.75,54425.0,106050.0,48.65,62650.0,134925.0,3211.7,3249.0,3159.9,3.942,2026-02-03 23:02,-2025
SIEMENS,2026-02-24,3150.0,144.8,18725.0,33950.0,66.0,27475.0,30975.0,3211.7,3249.0,3159.9,3.942,2026-02-03 23:02,-795
SIEMENS,2026-02-24,3200.0,112.85,105875.0,389900.0,85.0,54950.0,111825.0,3211.7,3249.0,3159.9,3.942,2026-02-03 23:02,109
SIEMENS,2026-02-24,3250.0,88.95,37100.0,199675.0,109.0,9275.0,26600.0,3211.7,3249.0,3159.9,3.942,2026-02-03 23:02,2455
SIEMENS,2026-02-24,3300.0,69.5,114100.0,367850.0,141.7,10850.0,10675.0,3211.7,3249.0,3159.9,3.942,2026-02-03 23:02,4535
SIEMENS,2026-02-24,3350.0,50.6,26600.0,52150.0,182.1,875.0,1225.0,3211.7,3249.0,3159.9,3.942,2026-02-03 23:02,7649
SIEMENS,2026-02-24,3400.0,39.45,149975.0,225575.0,218.0,2275.0,2450.0,3211.7,3249.0,3159.9,3.942,2026-02-03 23:02,10381
SIEMENS,2026-02-24,3450.0,30.1,23450.0,25025.0,0.0,0.0,0.0,3211.7,3249.0,3159.9,3.942,2026-02-03 23:02,14297
SIEMENS,2026-02-24,3500.0,23.4,109025.0,459025.0,600.0,2800.0,0.0,3211.7,3249.0,3159.9,3.942,2026-02-03 23:02,17858
SIEMENS,2026-02-24,3600.0,14.0,52150.0,96075.0,385.0,1225.0,350.0,3211.7,3249.0,3159.9,3.942,2026-02-03 23:02,26046
SIEMENS,2026-02-24,3700.0,8.95,68075.0,105700.0,0.0,0.0,0.0,3211.7,3249.0,3159.9,3.942,2026-02-03 23:02,34707
SOLARINDS,2026-02-24,10400.0,0.0,0.0,0.0,10.1,1400.0,250.0,13793.0,14050.0,13251.0,4.5,2026-02-03 23:02,32326
SOLARINDS,2026-02-24,10600.0,2200.0,50.0,0.0,24.2,350.0,0.0,13793.0,14050.0,13251.0,4.5,2026-02-03 23:02,28038
SOLARINDS,2026-02-24,10800.0,0.0,0.0,0.0,55.55,150.0,0.0,13793.0,14050.0,13251.0,4.5,2026-02-03 23:02,23770
SOLARINDS,2026-02-24,10900.0,0.0,0.0,0.0,0.0,0.0,0.0,13793.0,14050.0,13251.0,4.5,2026-02-03 23:02,21632
SOLARINDS,2026-02-24,11000.0,1730.0,1200.0,0.0,20.0,4900.0,5150.0,13793.0,14050.0,13251.0,4.5,2026-02-03 23:02,19495
SOLARINDS,2026-02-24,11100.0,0.0,0.0,0.0,58.45,600.0,0.0,13793.0,14050.0,13251.0,4.5,2026-02-03 23:02,17616
SOLARINDS,2026-02-24,11200.0,0.0,0.0,0.0,97.2,100.0,0.0,13793.0,14050.0,13251.0,4.5,2026-02-03 23:02,15542
SOLARINDS,2026-02-24,11300.0,0.0,0.0,0.0,57.0,450.0,100.0,13793.0,14050.0,13251.0,4.5,2026-02-03 23:02,13471
SOLARINDS,2026-02-24,11400.0,0.0,0.0,0.0,99.45,100.0,0.0,13793.0,14050.0,13251.0,4.5,2026-02-03 23:02,11404
SOLARINDS,2026-02-24,11500.0,1320.0,300.0,0.0,31.0,7700.0,10450.0,13793.0,14050.0,13251.0,4.5,2026-02-03 23:02,9339
SOLARINDS,2026-02-24,11600.0,0.0,0.0,0.0,110.0,750.0,0.0,13793.0,14050.0,13251.0,4.5,2026-02-03 23:02,7371
SOLARINDS,2026-02-24,11700.0,0.0,0.0,0.0,60.0,3150.0,350.0,13793.0,14050.0,13251.0,4.5,2026-02-03 23:02,5386
SOLARINDS,2026-02-24,11800.0,0.0,0.0,0.0,96.65,2050.0,50.0,13793.0,14050.0,13251.0,4.5,2026-02-03 23:02,3422
SOLARINDS,2026-02-24,11900.0,0.0,0.0,0.0,187.55,250.0,0.0,13793.0,14050.0,13251.0,4.5,2026-02-03 23:02,1478
SOLARINDS,2026-02-24,12000.0,2051.15,850.0,1500.0,63.0,23000.0,45000.0,13793.0,14050.0,13251.0,4.5,2026-02-03 23:02,-448
SOLARINDS,2026-02-24,12100.0,1452.6,250.0,150.0,151.7,600.0,0.0,13793.0,14050.0,13251.0,4.5,2026-02-03 23:02,-2102
SOLARINDS,2026-02-24,12200.0,960.3,150.0,0.0,0.0,0.0,0.0,13793.0,14050.0,13251.0,4.5,2026-02-03 23:02,-3750
SOLARINDS,2026-02-24,12300.0,895.6,350.0,0.0,80.0,1500.0,2500.0,13793.0,14050.0,13251.0,4.5,2026-02-03 23:02,-5409
SOLARINDS,2026-02-24,12400.0,1290.0,150.0,150.0,97.0,3750.0,6200.0,13793.0,14050.0,13251.0,4.5,2026-02-03 23:02,-7045
SOLARINDS,2026-02-24,12500.0,1645.35,6000.0,350.0,112.6,30000.0,43250.0,13793.0,14050.0,13251.0,4.5,2026-02-03 23:02,-8678
SOLARINDS,2026-02-24,12600.0,1386.0,1050.0,650.0,162.0,1450.0,1450.0,13793.0,14050.0,13251.0,4.5,2026-02-03 23:02,-9284
SOLARINDS,2026-02-24,12700.0,923.1,350.0,200.0,150.0,1250.0,1350.0,13793.0,14050.0,13251.0,4.5,2026-02-03 23:02,-10393
SOLARINDS,2026-02-24,12800.0,900.6,2450.0,250.0,150.0,5600.0,5650.0,13793.0,14050.0,13251.0,4.5,2026-02-03 23:02,-11595
SOLARINDS,2026-02-24,12900.0,915.4,550.0,150.0,274.55,2900.0,1800.0,13793.0,14050.0,13251.0,4.5,2026-02-03 23:02,-12593
SOLARINDS,2026-02-24,13000.0,1219.0,16200.0,17200.0,196.05,34200.0,93650.0,13793.0,14050.0,13251.0,4.5,2026-02-03 23:02,-13722
SOLARINDS,2026-02-24,13100.0,1150.0,3550.0,3250.0,303.75,6000.0,3400.0,13793.0,14050.0,13251.0,4.5,2026-02-03 23:02,-13014
SOLARINDS,2026-02-24,13200.0,1057.95,4700.0,4850.0,233.15,4950.0,3550.0,13793.0,14050.0,13251.0,4.5,2026-02-03 23:02,-13288
SOLARINDS,2026-02-24,13300.0,1008.0,7000.0,10150.0,280.0,7500.0,12250.0,13793.0,14050.0,13251.0,4.5,2026-02-03 23:02,-13310
SOLARINDS,2026-02-24,13400.0,804.75,3650.0,32300.0,361.4,5350.0,11550.0,13793.0,14050.0,13251.0,4.5,2026-02-03 23:02,-13074
SOLARINDS,2026-02-24,13500.0,893.95,31950.0,152050.0,350.0,27150.0,53300.0,13793.0,14050.0,13251.0,4.5,2026-02-03 23:02,-13142
SOLARINDS,2026-02-24,13600.0,790.5,17200.0,64750.0,400.0,3350.0,7100.0,13793.0,14050.0,13251.0,4.5,2026-02-03 23:02,-10814
SOLARINDS,2026-02-24,13700.0,786.95,3650.0,16350.0,418.0,2500.0,3950.0,13793.0,14050.0,13251.0,4.5,2026-02-03 23:02,-8961
SOLARINDS,2026-02-24,13800.0,729.95,9500.0,56850.0,470.0,2300.0,4100.0,13793.0,14050.0,13251.0,4.5,2026-02-03 23:02,-8089
SOLARINDS,2026-02-24,13900.0,690.8,16450.0,36850.0,564.85,6650.0,15350.0,13793.0,14050.0,13251.0,4.5,2026-02-03 23:02,-6697
SOLARINDS,2026-02-24,14000.0,620.0,72900.0,443300.0,571.7,14850.0,9150.0,13793.0,14050.0,13251.0,4.5,2026-02-03 23:02,-4898
SOLARINDS,2026-02-24,14100.0,589.95,6400.0,17300.0,805.8,100.0,50.0,13793.0,14050.0,13251.0,4.5,2026-02-03 23:02,687
SOLARINDS,2026-02-24,14200.0,530.0,7250.0,19350.0,1269.1,150.0,0.0,13793.0,14050.0,13251.0,4.5,2026-02-03 23:02,3037
SOLARINDS,2026-02-24,14300.0,500.0,1850.0,3600.0,1005.75,100.0,0.0,13793.0,14050.0,13251.0,4.5,2026-02-03 23:02,5457
SOLARINDS,2026-02-24,14400.0,450.0,2750.0,4350.0,1800.0,50.0,0.0,13793.0,14050.0,13251.0,4.5,2026-02-03 23:02,7613
SOLARINDS,2026-02-24,14500.0,409.05,45600.0,444050.0,1074.5,1200.0,0.0,13793.0,14050.0,13251.0,4.5,2026-02-03 23:02,9830
SOLARINDS,2026-02-24,14600.0,389.8,3700.0,8650.0,1164.65,350.0,0.0,13793.0,14050.0,13251.0,4.5,2026-02-03 23:02,14136
SOLARINDS,2026-02-24,14700.0,122.7,1100.0,0.0,1880.0,200.0,0.0,13793.0,14050.0,13251.0,4.5,2026-02-03 23:02,16850
SOLARINDS,2026-02-24,14800.0,109.8,200.0,0.0,2140.0,2650.0,0.0,13793.0,14050.0,13251.0,4.5,2026-02-03 23:02,19450
SOLARINDS,2026-02-24,14900.0,280.0,1400.0,1150.0,0.0,0.0,0.0,13793.0,14050.0,13251.0,4.5,2026-02-03 23:02,21537
SOLARINDS,2026-02-24,15000.0,263.25,49050.0,374600.0,1750.0,2650.0,150.0,13793.0,14050.0,13251.0,4.5,2026-02-03 23:02,24242
SOLARINDS,2026-02-24,15100.0,259.95,1700.0,500.0,0.0,0.0,0.0,13793.0,14050.0,13251.0,4.5,2026-02-03 23:02,28252
SOLARINDS,2026-02-24,15200.0,224.0,2250.0,2250.0,0.0,0.0,0.0,13793.0,14050.0,13251.0,4.5,2026-02-03 23:02,31497
SOLARINDS,2026-02-24,15300.0,182.0,3250.0,450.0,0.0,0.0,0.0,13793.0,14050.0,13251.0,4.5,2026-02-03 23:02,34769
SOLARINDS,2026-02-24,15400.0,188.0,22050.0,26800.0,2000.0,1100.0,0.0,13793.0,14050.0,13251.0,4.5,2026-02-03 23:02,38084
SOLARINDS,2026-02-24,15600.0,162.75,6350.0,8050.0,0.0,0.0,0.0,13793.0,14050.0,13251.0,4.5,2026-02-03 23:02,45251
SOLARINDS,2026-02-24,15800.0,125.0,22900.0,64450.0,2445.8,350.0,0.0,13793.0,14050.0,13251.0,4.5,2026-02-03 23:02,52455
SONACOMS,2026-02-24,280.0,0.0,0.0,0.0,0.0,0.0,0.0,530.2,549.45,523.25,6.146,2026-02-03 23:02,68517
SONACOMS,2026-02-24,290.0,0.0,0.0,0.0,0.0,0.0,0.0,530.2,549.45,523.25,6.146,2026-02-03 23:02,64700
SONACOMS,2026-02-24,300.0,0.0,0.0,0.0,0.0,0.0,0.0,530.2,549.45,523.25,6.146,2026-02-03 23:02,60883
SONACOMS,2026-02-24,310.0,0.0,0.0,0.0,0.0,0.0,0.0,530.2,549.45,523.25,6.146,2026-02-03 23:02,57066
SONACOMS,2026-02-24,320.0,0.0,0.0,0.0,0.0,0.0,0.0,530.2,549.45,523.25,6.146,2026-02-03 23:02,53249
SONACOMS,2026-02-24,330.0,0.0,0.0,0.0,0.0,0.0,0.0,530.2,549.45,523.25,6.146,2026-02-03 23:02,49432
SONACOMS,2026-02-24,340.0,0.0,0.0,0.0,0.0,0.0,0.0,530.2,549.45,523.25,6.146,2026-02-03 23:02,45615
SONACOMS,2026-02-24,345.0,0.0,0.0,0.0,0.0,0.0,0.0,530.2,549.45,523.25,6.146,2026-02-03 23:02,43706
SONACOMS,2026-02-24,350.0,0.0,0.0,0.0,0.0,0.0,0.0,530.2,549.45,523.25,6.146,2026-02-03 23:02,41797
SONACOMS,2026-02-24,355.0,0.0,0.0,0.0,0.0,0.0,0.0,530.2,549.45,523.25,6.146,2026-02-03 23:02,39889
SONACOMS,2026-02-24,360.0,0.0,0.0,0.0,0.0,0.0,0.0,530.2,549.45,523.25,6.146,2026-02-03 23:02,37980
SONACOMS,2026-02-24,365.0,0.0,0.0,0.0,0.0,0.0,0.0,530.2,549.45,523.25,6.146,2026-02-03 23:02,36072
SONACOMS,2026-02-24,370.0,128.65,0.0,0.0,0.3,7350.0,0.0,530.2,549.45,523.25,6.146,2026-02-03 23:02,34163
SONACOMS,2026-02-24,375.0,0.0,0.0,0.0,0.0,0.0,0.0,530.2,549.45,523.25,6.146,2026-02-03 23:02,32258
SONACOMS,2026-02-24,380.0,129.7,0.0,0.0,1.2,2450.0,0.0,530.2,549.45,523.25,6.146,2026-02-03 23:02,30353
SONACOMS,2026-02-24,385.0,0.0,0.0,0.0,0.0,0.0,0.0,530.2,549.45,523.25,6.146,2026-02-03 23:02,28449
SONACOMS,2026-02-24,390.0,120.8,0.0,0.0,3.65,0.0,0.0,530.2,549.45,523.25,6.146,2026-02-03 23:02,26546
SONACOMS,2026-02-24,395.0,101.15,0.0,0.0,0.3,0.0,0.0,530.2,549.45,523.25,6.146,2026-02-03 23:02,24642
SONACOMS,2026-02-24,400.0,90.05,1225.0,0.0,0.25,98000.0,71050.0,530.2,549.45,523.25,6.146,2026-02-03 23:02,22738
SONACOMS,2026-02-24,405.0,91.4,0.0,0.0,0.55,0.0,0.0,530.2,549.45,523.25,6.146,2026-02-03 23:02,20893
SONACOMS,2026-02-24,410.0,103.7,0.0,0.0,0.25,46550.0,2450.0,530.2,549.45,523.25,6.146,2026-02-03 23:02,19039
SONACOMS,2026-02-24,415.0,81.85,0.0,0.0,0.95,0.0,0.0,530.2,549.45,523.25,6.146,2026-02-03 23:02,17207
SONACOMS,2026-02-24,420.0,74.65,6125.0,0.0,0.4,191100.0,138425.0,530.2,549.45,523.25,6.146,2026-02-03 23:02,15376
SONACOMS,2026-02-24,425.0,72.55,0.0,0.0,0.75,7350.0,0.0,530.2,549.45,523.25,6.146,2026-02-03 23:02,13682
SONACOMS,2026-02-24,430.0,0.0,0.0,0.0,0.55,47775.0,37975.0,530.2,549.45,523.25,6.146,2026-02-03 23:02,11953
SONACOMS,2026-02-24,435.0,63.6,0.0,0.0,0.6,11025.0,3675.0,530.2,549.45,523.25,6.146,2026-02-03 23:02,10246
SONACOMS,2026-02-24,440.0,53.55,2450.0,0.0,0.75,86975.0,134750.0,530.2,549.45,523.25,6.146,2026-02-03 23:02,8546
SONACOMS,2026-02-24,445.0,0.0,0.0,0.0,1.0,24500.0,3675.0,530.2,549.45,523.25,6.146,2026-02-03 23:02,6898
SONACOMS,2026-02-24,450.0,84.6,45325.0,9800.0,1.15,148225.0,214375.0,530.2,549.45,523.25,6.146,2026-02-03 23:02,5254
SONACOMS,2026-02-24,455.0,49.85,11025.0,0.0,1.3,40425.0,58800.0,530.2,549.45,523.25,6.146,2026-02-03 23:02,4075
SONACOMS,2026-02-24,460.0,73.0,45325.0,3675.0,1.55,120050.0,252350.0,530.2,549.45,523.25,6.146,2026-02-03 23:02,2605
SONACOMS,2026-02-24,465.0,41.85,19600.0,0.0,1.8,56350.0,50225.0,530.2,549.45,523.25,6.146,2026-02-03 23:02,1480
SONACOMS,2026-02-24,470.0,65.35,111475.0,18375.0,2.3,158025.0,220500.0,530.2,549.45,523.25,6.146,2026-02-03 23:02,153
SONACOMS,2026-02-24,475.0,61.85,7350.0,4900.0,2.7,41650.0,56350.0,530.2,549.45,523.25,6.146,2026-02-03 23:02,-418
SONACOMS,2026-02-24,480.0,55.05,154350.0,94325.0,3.15,131075.0,509600.0,530.2,549.45,523.25,6.146,2026-02-03 23:02,-1623
SONACOMS,2026-02-24,485.0,50.9,34300.0,6125.0,3.7,139650.0,106575.0,530.2,549.45,523.25,6.146,2026-02-03 23:02,-1912
SONACOMS,2026-02-24,490.0,46.2,96775.0,196000.0,4.8,213150.0,650475.0,530.2,549.45,523.25,6.146,2026-02-03 23:02,-2799
SONACOMS,2026-02-24,495.0,43.05,245000.0,344225.0,5.6,263375.0,652925.0,530.2,549.45,523.25,6.146,2026-02-03 23:02,-3309
SONACOMS,2026-02-24,500.0,38.0,322175.0,1242150.0,6.7,813400.0,6458200.0,530.2,549.45,523.25,6.146,2026-02-03 23:02,-3003
SONACOMS,2026-02-24,505.0,34.25,34300.0,45325.0,7.75,49000.0,69825.0,530.2,549.45,523.25,6.146,2026-02-03 23:02,-2357
SONACOMS,2026-02-24,510.0,32.0,109025.0,410375.0,9.5,112700.0,536550.0,530.2,549.45,523.25,6.146,2026-02-03 23:02,-2269
SONACOMS,2026-02-24,515.0,28.0,57575.0,85750.0,11.05,82075.0,278075.0,530.2,549.45,523.25,6.146,2026-02-03 23:02,-1907
SONACOMS,2026-02-24,520.0,24.6,210700.0,1041250.0,13.1,180075.0,940800.0,530.2,549.45,523.25,6.146,2026-02-03 23:02,-1648
SONACOMS,2026-02-24,525.0,21.8,99225.0,410375.0,15.5,134750.0,541450.0,530.2,549.45,523.25,6.146,2026-02-03 23:02,-980
SONACOMS,2026-02-24,530.0,19.35,294000.0,2728075.0,18.0,238875.0,1100050.0,530.2,549.45,523.25,6.146,2026-02-03 23:02,-471
SONACOMS,2026-02-24,535.0,17.3,950600.0,4781175.0,20.1,140875.0,616175.0,530.2,549.45,523.25,6.146,2026-02-03 23:02,435
SONACOMS,2026-02-24,540.0,15.3,407925.0,2059225.0,23.4,133525.0,698250.0,530.2,549.45,523.25,6.146,2026-02-03 23:02,3110
SONACOMS,2026-02-24,545.0,13.5,95550.0,471625.0,26.8,14700.0,47775.0,530.2,549.45,523.25,6.146,2026-02-03 23:02,5006
SONACOMS,2026-02-24,550.0,12.0,793800.0,4690525.0,30.2,24500.0,44100.0,530.2,549.45,523.25,6.146,2026-02-03 23:02,6735
SONACOMS,2026-02-24,555.0,0.0,0.0,0.0,0.0,0.0,0.0,530.2,549.45,523.25,6.146,2026-02-03 23:02,9663
SONACOMS,2026-02-24,560.0,9.05,676200.0,3115175.0,37.2,53900.0,135975.0,530.2,549.45,523.25,6.146,2026-02-03 23:02,11711
SONACOMS,2026-02-24,565.0,0.0,0.0,0.0,0.0,0.0,0.0,530.2,549.45,523.25,6.146,2026-02-03 23:02,14537
SONACOMS,2026-02-24,570.0,6.95,142100.0,611275.0,0.0,0.0,0.0,530.2,549.45,523.25,6.146,2026-02-03 23:02,16951
SONACOMS,2026-02-24,575.0,0.0,0.0,0.0,0.0,0.0,0.0,530.2,549.45,523.25,6.146,2026-02-03 23:02,19534
SONACOMS,2026-02-24,580.0,5.4,56350.0,105350.0,0.0,0.0,0.0,530.2,549.45,523.25,6.146,2026-02-03 23:02,22019
SONACOMS,2026-02-24,585.0,0.0,0.0,0.0,0.0,0.0,0.0,530.2,549.45,523.25,6.146,2026-02-03 23:02,24563
SONACOMS,2026-02-24,590.0,0.0,0.0,0.0,0.0,0.0,0.0,530.2,549.45,523.25,6.146,2026-02-03 23:02,27076
SONACOMS,2026-02-24,595.0,0.0,0.0,0.0,0.0,0.0,0.0,530.2,549.45,523.25,6.146,2026-02-03 23:02,29589
SONACOMS,2026-02-24,600.0,3.0,240100.0,1187025.0,72.4,3675.0,4900.0,530.2,549.45,523.25,6.146,2026-02-03 23:02,32102
SONACOMS,2026-02-24,605.0,0.0,0.0,0.0,0.0,0.0,0.0,530.2,549.45,523.25,6.146,2026-02-03 23:02,34782
SONACOMS,2026-02-24,610.0,0.0,0.0,0.0,0.0,0.0,0.0,530.2,549.45,523.25,6.146,2026-02-03 23:02,37417
SONACOMS,2026-02-24,615.0,0.0,0.0,0.0,0.0,0.0,0.0,530.2,549.45,523.25,6.146,2026-02-03 23:02,40052
SONACOMS,2026-02-24,620.0,1.95,14700.0,57575.0,84.6,0.0,3675.0,530.2,549.45,523.25,6.146,2026-02-03 23:02,42687
SONACOMS,2026-02-24,625.0,0.0,0.0,0.0,0.0,0.0,0.0,530.2,549.45,523.25,6.146,2026-02-03 23:02,45333
SONACOMS,2026-02-24,630.0,0.0,0.0,0.0,0.0,0.0,0.0,530.2,549.45,523.25,6.146,2026-02-03 23:02,47975
SONACOMS,2026-02-24,635.0,0.0,0.0,0.0,0.0,0.0,0.0,530.2,549.45,523.25,6.146,2026-02-03 23:02,50617
SONACOMS,2026-02-24,640.0,0.0,0.0,0.0,0.0,0.0,0.0,530.2,549.45,523.25,6.146,2026-02-03 23:02,53259
SONACOMS,2026-02-24,645.0,0.0,0.0,0.0,0.0,0.0,0.0,530.2,549.45,523.25,6.146,2026-02-03 23:02,55902
SONACOMS,2026-02-24,650.0,0.0,0.0,0.0,0.0,0.0,0.0,530.2,549.45,523.25,6.146,2026-02-03 23:02,58544
SONACOMS,2026-02-24,660.0,0.0,0.0,0.0,0.0,0.0,0.0,530.2,549.45,523.25,6.146,2026-02-03 23:02,63829
SONACOMS,2026-02-24,670.0,0.0,0.0,0.0,0.0,0.0,0.0,530.2,549.45,523.25,6.146,2026-02-03 23:02,69113
SONACOMS,2026-02-24,680.0,0.0,0.0,0.0,0.0,0.0,0.0,530.2,549.45,523.25,6.146,2026-02-03 23:02,74398
SONACOMS,2026-02-24,690.0,0.0,0.0,0.0,0.0,0.0,0.0,530.2,549.45,523.25,6.146,2026-02-03 23:02,79683
SONACOMS,2026-02-24,700.0,0.0,0.0,0.0,0.0,0.0,0.0,530.2,549.45,523.25,6.146,2026-02-03 23:02,84967
SONACOMS,2026-02-24,710.0,0.0,0.0,0.0,0.0,0.0,0.0,530.2,549.45,523.25,6.146,2026-02-03 23:02,90252
SRF,2026-02-24,1400.0,0.0,0.0,0.0,0.0,0.0,0.0,2912.2,3081.7,2903.2,3.948,2026-02-03 23:02,84010
SRF,2026-02-24,1440.0,0.0,0.0,0.0,0.0,0.0,0.0,2912.2,3081.7,2903.2,3.948,2026-02-03 23:02,81313
SRF,2026-02-24,1480.0,0.0,0.0,0.0,0.0,0.0,0.0,2912.2,3081.7,2903.2,3.948,2026-02-03 23:02,78615
SRF,2026-02-24,1520.0,0.0,0.0,0.0,0.0,0.0,0.0,2912.2,3081.7,2903.2,3.948,2026-02-03 23:02,75918
SRF,2026-02-24,1560.0,0.0,0.0,0.0,0.0,0.0,0.0,2912.2,3081.7,2903.2,3.948,2026-02-03 23:02,73220
SRF,2026-02-24,1600.0,0.0,0.0,0.0,0.0,0.0,0.0,2912.2,3081.7,2903.2,3.948,2026-02-03 23:02,70522
SRF,2026-02-24,1640.0,0.0,0.0,0.0,0.0,0.0,0.0,2912.2,3081.7,2903.2,3.948,2026-02-03 23:02,67825
SRF,2026-02-24,1680.0,0.0,0.0,0.0,0.0,0.0,0.0,2912.2,3081.7,2903.2,3.948,2026-02-03 23:02,65127
SRF,2026-02-24,1720.0,0.1,0.0,0.0,362.7,0.0,0.0,2912.2,3081.7,2903.2,3.948,2026-02-03 23:02,62430
SRF,2026-02-24,1760.0,0.0,0.0,0.0,0.0,0.0,0.0,2912.2,3081.7,2903.2,3.948,2026-02-03 23:02,59732
SRF,2026-02-24,1800.0,0.0,0.0,0.0,0.0,0.0,0.0,2912.2,3081.7,2903.2,3.948,2026-02-03 23:02,57034
SRF,2026-02-24,1840.0,0.0,0.0,0.0,0.0,0.0,0.0,2912.2,3081.7,2903.2,3.948,2026-02-03 23:02,54337
SRF,2026-02-24,1880.0,0.0,0.0,0.0,0.0,0.0,0.0,2912.2,3081.7,2903.2,3.948,2026-02-03 23:02,51639
SRF,2026-02-24,1920.0,0.0,0.0,0.0,0.0,0.0,0.0,2912.2,3081.7,2903.2,3.948,2026-02-03 23:02,48942
SRF,2026-02-24,1960.0,0.0,0.0,0.0,0.0,0.0,0.0,2912.2,3081.7,2903.2,3.948,2026-02-03 23:02,46244
SRF,2026-02-24,2000.0,0.0,0.0,0.0,0.0,0.0,0.0,2912.2,3081.7,2903.2,3.948,2026-02-03 23:02,43546
SRF,2026-02-24,2020.0,0.0,0.0,0.0,0.0,0.0,0.0,2912.2,3081.7,2903.2,3.948,2026-02-03 23:02,42198
SRF,2026-02-24,2040.0,0.0,0.0,0.0,0.0,0.0,0.0,2912.2,3081.7,2903.2,3.948,2026-02-03 23:02,40849
SRF,2026-02-24,2060.0,0.0,0.0,0.0,0.0,0.0,0.0,2912.2,3081.7,2903.2,3.948,2026-02-03 23:02,39500
SRF,2026-02-24,2080.0,0.0,0.0,0.0,0.0,0.0,0.0,2912.2,3081.7,2903.2,3.948,2026-02-03 23:02,38151
SRF,2026-02-24,2100.0,0.0,0.0,0.0,0.0,0.0,0.0,2912.2,3081.7,2903.2,3.948,2026-02-03 23:02,36802
SRF,2026-02-24,2120.0,0.0,0.0,0.0,0.0,0.0,0.0,2912.2,3081.7,2903.2,3.948,2026-02-03 23:02,35454
SRF,2026-02-24,2140.0,0.0,0.0,0.0,0.0,0.0,0.0,2912.2,3081.7,2903.2,3.948,2026-02-03 23:02,34105
SRF,2026-02-24,2160.0,0.0,0.0,0.0,0.0,0.0,0.0,2912.2,3081.7,2903.2,3.948,2026-02-03 23:02,32756
SRF,2026-02-24,2180.0,0.0,0.0,0.0,0.0,0.0,0.0,2912.2,3081.7,2903.2,3.948,2026-02-03 23:02,31407
SRF,2026-02-24,2200.0,0.0,0.0,0.0,0.0,0.0,0.0,2912.2,3081.7,2903.2,3.948,2026-02-03 23:02,30058
SRF,2026-02-24,2220.0,0.0,0.0,0.0,0.0,0.0,0.0,2912.2,3081.7,2903.2,3.948,2026-02-03 23:02,28710
SRF,2026-02-24,2240.0,587.15,0.0,0.0,0.3,0.0,0.0,2912.2,3081.7,2903.2,3.948,2026-02-03 23:02,27361
SRF,2026-02-24,2260.0,0.0,0.0,0.0,0.0,0.0,0.0,2912.2,3081.7,2903.2,3.948,2026-02-03 23:02,26012
SRF,2026-02-24,2280.0,0.0,0.0,0.0,0.0,0.0,0.0,2912.2,3081.7,2903.2,3.948,2026-02-03 23:02,24663
SRF,2026-02-24,2300.0,0.0,0.0,0.0,0.0,0.0,0.0,2912.2,3081.7,2903.2,3.948,2026-02-03 23:02,23314
SRF,2026-02-24,2320.0,0.0,0.0,0.0,2.05,3600.0,3800.0,2912.2,3081.7,2903.2,3.948,2026-02-03 23:02,21966
SRF,2026-02-24,2340.0,739.05,0.0,0.0,1.85,9200.0,1600.0,2912.2,3081.7,2903.2,3.948,2026-02-03 23:02,20623
SRF,2026-02-24,2360.0,0.0,0.0,0.0,5.0,3800.0,0.0,2912.2,3081.7,2903.2,3.948,2026-02-03 23:02,19298
SRF,2026-02-24,2380.0,449.65,0.0,0.0,2.15,0.0,0.0,2912.2,3081.7,2903.2,3.948,2026-02-03 23:02,17981
SRF,2026-02-24,2400.0,0.0,0.0,0.0,8.25,11200.0,0.0,2912.2,3081.7,2903.2,3.948,2026-02-03 23:02,16665
SRF,2026-02-24,2420.0,411.15,0.0,0.0,3.5,0.0,0.0,2912.2,3081.7,2903.2,3.948,2026-02-03 23:02,15363
SRF,2026-02-24,2440.0,0.0,0.0,0.0,2.3,11000.0,3200.0,2912.2,3081.7,2903.2,3.948,2026-02-03 23:02,14070
SRF,2026-02-24,2460.0,373.4,0.0,0.0,11.3,1000.0,0.0,2912.2,3081.7,2903.2,3.948,2026-02-03 23:02,12796
SRF,2026-02-24,2480.0,0.0,0.0,0.0,4.0,1800.0,1000.0,2912.2,3081.7,2903.2,3.948,2026-02-03 23:02,11526
SRF,2026-02-24,2500.0,385.0,1200.0,0.0,4.7,25800.0,34400.0,2912.2,3081.7,2903.2,3.948,2026-02-03 23:02,10259
SRF,2026-02-24,2520.0,0.0,0.0,0.0,4.35,7000.0,1000.0,2912.2,3081.7,2903.2,3.948,2026-02-03 23:02,9082
SRF,2026-02-24,2540.0,0.0,0.0,0.0,11.55,1800.0,0.0,2912.2,3081.7,2903.2,3.948,2026-02-03 23:02,7881
SRF,2026-02-24,2560.0,0.0,0.0,0.0,6.25,8800.0,9400.0,2912.2,3081.7,2903.2,3.948,2026-02-03 23:02,6685
SRF,2026-02-24,2580.0,0.0,0.0,0.0,14.25,4200.0,0.0,2912.2,3081.7,2903.2,3.948,2026-02-03 23:02,5503
SRF,2026-02-24,2600.0,344.35,7800.0,1800.0,6.9,47400.0,74600.0,2912.2,3081.7,2903.2,3.948,2026-02-03 23:02,4329
SRF,2026-02-24,2620.0,0.0,0.0,0.0,9.45,1600.0,200.0,2912.2,3081.7,2903.2,3.948,2026-02-03 23:02,3507
SRF,2026-02-24,2640.0,151.3,200.0,0.0,9.0,9800.0,3400.0,2912.2,3081.7,2903.2,3.948,2026-02-03 23:02,2451
SRF,2026-02-24,2660.0,286.25,5400.0,400.0,9.5,7200.0,6400.0,2912.2,3081.7,2903.2,3.948,2026-02-03 23:02,1411
SRF,2026-02-24,2680.0,149.45,6000.0,0.0,10.8,18200.0,15400.0,2912.2,3081.7,2903.2,3.948,2026-02-03 23:02,550
SRF,2026-02-24,2700.0,230.8,51200.0,21400.0,12.55,66000.0,75800.0,2912.2,3081.7,2903.2,3.948,2026-02-03 23:02,-340
SRF,2026-02-24,2720.0,215.35,14800.0,3200.0,14.0,28600.0,34000.0,2912.2,3081.7,2903.2,3.948,2026-02-03 23:02,32
SRF,2026-02-24,2740.0,195.8,14200.0,6800.0,17.0,16200.0,36800.0,2912.2,3081.7,2903.2,3.948,2026-02-03 23:02,-328
SRF,2026-02-24,2760.0,178.75,16400.0,3800.0,19.45,10600.0,30600.0,2912.2,3081.7,2903.2,3.948,2026-02-03 23:02,-657
SRF,2026-02-24,2780.0,183.45,20200.0,3000.0,23.45,25000.0,34400.0,2912.2,3081.7,2903.2,3.948,2026-02-03 23:02,-909
SRF,2026-02-24,2800.0,145.5,120600.0,323400.0,27.2,78000.0,212200.0,2912.2,3081.7,2903.2,3.948,2026-02-03 23:02,-1031
SRF,2026-02-24,2820.0,140.25,15200.0,7000.0,31.6,15800.0,17200.0,2912.2,3081.7,2903.2,3.948,2026-02-03 23:02,473
SRF,2026-02-24,2840.0,116.15,25600.0,18400.0,37.15,53600.0,85800.0,2912.2,3081.7,2903.2,3.948,2026-02-03 23:02,661
SRF,2026-02-24,2860.0,104.1,17200.0,43600.0,44.5,6000.0,8400.0,2912.2,3081.7,2903.2,3.948,2026-02-03 23:02,942
SRF,2026-02-24,2880.0,96.6,6800.0,2000.0,52.35,5800.0,13600.0,2912.2,3081.7,2903.2,3.948,2026-02-03 23:02,1324
SRF,2026-02-24,2900.0,80.45,175800.0,696800.0,60.9,68200.0,141800.0,2912.2,3081.7,2903.2,3.948,2026-02-03 23:02,1614
SRF,2026-02-24,2920.0,70.65,10600.0,12400.0,71.05,7000.0,19000.0,2912.2,3081.7,2903.2,3.948,2026-02-03 23:02,3356
SRF,2026-02-24,2940.0,61.05,20400.0,49400.0,80.8,20200.0,47200.0,2912.2,3081.7,2903.2,3.948,2026-02-03 23:02,4159
SRF,2026-02-24,2960.0,53.3,40200.0,96600.0,81.6,6600.0,13800.0,2912.2,3081.7,2903.2,3.948,2026-02-03 23:02,4980
SRF,2026-02-24,2980.0,46.05,13600.0,70600.0,103.55,2400.0,20200.0,2912.2,3081.7,2903.2,3.948,2026-02-03 23:02,6093
SRF,2026-02-24,3000.0,40.4,242400.0,649600.0,118.0,64800.0,83400.0,2912.2,3081.7,2903.2,3.948,2026-02-03 23:02,7116
SRF,2026-02-24,3020.0,35.05,6800.0,18800.0,0.0,0.0,0.0,2912.2,3081.7,2903.2,3.948,2026-02-03 23:02,8930
SRF,2026-02-24,3040.0,0.0,0.0,0.0,340.0,400.0,0.0,2912.2,3081.7,2903.2,3.948,2026-02-03 23:02,10566
SRF,2026-02-24,3060.0,25.35,20800.0,17200.0,0.0,0.0,0.0,2912.2,3081.7,2903.2,3.948,2026-02-03 23:02,12166
SRF,2026-02-24,3080.0,22.5,23400.0,27000.0,0.0,0.0,0.0,2912.2,3081.7,2903.2,3.948,2026-02-03 23:02,13874
SRF,2026-02-24,3100.0,20.05,61000.0,289800.0,173.5,8600.0,1400.0,2912.2,3081.7,2903.2,3.948,2026-02-03 23:02,15629
SRF,2026-02-24,3120.0,55.0,400.0,0.0,0.0,0.0,0.0,2912.2,3081.7,2903.2,3.948,2026-02-03 23:02,17443
SRF,2026-02-24,3140.0,14.6,74000.0,117800.0,0.0,0.0,0.0,2912.2,3081.7,2903.2,3.948,2026-02-03 23:02,19287
SRF,2026-02-24,3160.0,0.0,0.0,0.0,0.0,0.0,0.0,2912.2,3081.7,2903.2,3.948,2026-02-03 23:02,21385
SRF,2026-02-24,3180.0,0.0,0.0,0.0,0.0,0.0,0.0,2912.2,3081.7,2903.2,3.948,2026-02-03 23:02,23375
SRF,2026-02-24,3200.0,9.95,62200.0,235400.0,290.0,4200.0,200.0,2912.2,3081.7,2903.2,3.948,2026-02-03 23:02,25365
SRF,2026-02-24,3220.0,51.15,400.0,0.0,0.0,0.0,0.0,2912.2,3081.7,2903.2,3.948,2026-02-03 23:02,27428
SRF,2026-02-24,3240.0,2.7,15000.0,0.0,0.0,0.0,0.0,2912.2,3081.7,2903.2,3.948,2026-02-03 23:02,29554
SRF,2026-02-24,3260.0,4.35,0.0,0.0,509.85,600.0,0.0,2912.2,3081.7,2903.2,3.948,2026-02-03 23:02,31712
SRF,2026-02-24,3280.0,0.0,0.0,0.0,0.0,0.0,0.0,2912.2,3081.7,2903.2,3.948,2026-02-03 23:02,33836
SRF,2026-02-24,3300.0,5.05,57600.0,195600.0,491.05,5200.0,0.0,2912.2,3081.7,2903.2,3.948,2026-02-03 23:02,35991
SRF,2026-02-24,3320.0,42.65,400.0,0.0,0.0,0.0,0.0,2912.2,3081.7,2903.2,3.948,2026-02-03 23:02,38045
SRF,2026-02-24,3340.0,0.0,0.0,0.0,0.0,0.0,0.0,2912.2,3081.7,2903.2,3.948,2026-02-03 23:02,40328
SRF,2026-02-24,3360.0,6.15,2000.0,5200.0,0.0,0.0,0.0,2912.2,3081.7,2903.2,3.948,2026-02-03 23:02,42609
SRF,2026-02-24,3380.0,0.0,0.0,0.0,0.0,0.0,0.0,2912.2,3081.7,2903.2,3.948,2026-02-03 23:02,44895
SRF,2026-02-24,3400.0,3.4,4400.0,12400.0,635.0,3000.0,0.0,2912.2,3081.7,2903.2,3.948,2026-02-03 23:02,47180
SRF,2026-02-24,3420.0,0.0,0.0,0.0,0.0,0.0,0.0,2912.2,3081.7,2903.2,3.948,2026-02-03 23:02,49291
SRF,2026-02-24,3440.0,16.85,600.0,0.0,745.0,4000.0,0.0,2912.2,3081.7,2903.2,3.948,2026-02-03 23:02,51591
SRF,2026-02-24,3460.0,0.0,0.0,0.0,0.0,0.0,0.0,2912.2,3081.7,2903.2,3.948,2026-02-03 23:02,53604
SRF,2026-02-24,3480.0,18.5,400.0,0.0,648.55,0.0,0.0,2912.2,3081.7,2903.2,3.948,2026-02-03 23:02,55913
SRF,2026-02-24,3500.0,0.0,0.0,0.0,0.0,0.0,0.0,2912.2,3081.7,2903.2,3.948,2026-02-03 23:02,58224
SRF,2026-02-24,3520.0,1.85,6000.0,2800.0,778.0,200.0,0.0,2912.2,3081.7,2903.2,3.948,2026-02-03 23:02,60534
SRF,2026-02-24,3540.0,0.0,0.0,0.0,0.0,0.0,0.0,2912.2,3081.7,2903.2,3.948,2026-02-03 23:02,62842
SRF,2026-02-24,3560.0,0.0,0.0,0.0,0.0,0.0,0.0,2912.2,3081.7,2903.2,3.948,2026-02-03 23:02,65164
SRF,2026-02-24,3600.0,13.5,0.0,0.0,765.45,0.0,0.0,2912.2,3081.7,2903.2,3.948,2026-02-03 23:02,69809
SRF,2026-02-24,3640.0,0.0,0.0,0.0,0.0,0.0,0.0,2912.2,3081.7,2903.2,3.948,2026-02-03 23:02,74454
SRF,2026-02-24,3680.0,0.0,0.0,0.0,0.0,0.0,0.0,2912.2,3081.7,2903.2,3.948,2026-02-03 23:02,79098
SRF,2026-02-24,3720.0,0.0,0.0,0.0,0.0,0.0,0.0,2912.2,3081.7,2903.2,3.948,2026-02-03 23:02,83743
SRF,2026-02-24,3760.0,0.0,0.0,0.0,0.0,0.0,0.0,2912.2,3081.7,2903.2,3.948,2026-02-03 23:02,88388
SRF,2026-02-24,3800.0,0.0,0.0,0.0,0.0,0.0,0.0,2912.2,3081.7,2903.2,3.948,2026-02-03 23:02,93033
SRF,2026-02-24,3840.0,0.0,0.0,0.0,0.0,0.0,0.0,2912.2,3081.7,2903.2,3.948,2026-02-03 23:02,97678
SRF,2026-02-24,3880.0,0.0,0.0,0.0,0.0,0.0,0.0,2912.2,3081.7,2903.2,3.948,2026-02-03 23:02,102322
SRF,2026-02-24,3920.0,0.0,0.0,0.0,0.0,0.0,0.0,2912.2,3081.7,2903.2,3.948,2026-02-03 23:02,106967
SRF,2026-02-24,3960.0,0.0,0.0,0.0,0.0,0.0,0.0,2912.2,3081.7,2903.2,3.948,2026-02-03 23:02,111612
SRF,2026-02-24,4000.0,0.0,0.0,0.0,0.0,0.0,0.0,2912.2,3081.7,2903.2,3.948,2026-02-03 23:02,116257
SRF,2026-02-24,4040.0,0.0,0.0,0.0,0.0,0.0,0.0,2912.2,3081.7,2903.2,3.948,2026-02-03 23:02,120902
SRF,2026-02-24,4080.0,0.0,0.0,0.0,0.0,0.0,0.0,2912.2,3081.7,2903.2,3.948,2026-02-03 23:02,125546
SRF,2026-02-24,4120.0,0.0,0.0,0.0,0.0,0.0,0.0,2912.2,3081.7,2903.2,3.948,2026-02-03 23:02,130191
SUNPHARMA,2026-02-24,1340.0,0.0,0.0,0.0,0.2,3150.0,5600.0,1702.1,1725.0,1671.0,4.558,2026-02-03 23:02,105005
SUNPHARMA,2026-02-24,1360.0,0.0,0.0,0.0,0.15,37100.0,46200.0,1702.1,1725.0,1671.0,4.558,2026-02-03 23:02,93936
SUNPHARMA,2026-02-24,1380.0,0.0,0.0,0.0,0.15,139300.0,47950.0,1702.1,1725.0,1671.0,4.558,2026-02-03 23:02,82941
SUNPHARMA,2026-02-24,1400.0,0.0,0.0,0.0,0.25,395150.0,245000.0,1702.1,1725.0,1671.0,4.558,2026-02-03 23:02,72224
SUNPHARMA,2026-02-24,1420.0,0.0,0.0,0.0,0.4,10150.0,10850.0,1702.1,1725.0,1671.0,4.558,2026-02-03 23:02,62288
SUNPHARMA,2026-02-24,1440.0,0.0,0.0,0.0,0.45,68250.0,32200.0,1702.1,1725.0,1671.0,4.558,2026-02-03 23:02,52383
SUNPHARMA,2026-02-24,1460.0,0.0,0.0,0.0,0.55,39900.0,50750.0,1702.1,1725.0,1671.0,4.558,2026-02-03 23:02,42611
SUNPHARMA,2026-02-24,1470.0,0.0,0.0,0.0,0.0,0.0,0.0,1702.1,1725.0,1671.0,4.558,2026-02-03 23:02,37765
SUNPHARMA,2026-02-24,1480.0,151.1,5250.0,0.0,0.75,75950.0,107100.0,1702.1,1725.0,1671.0,4.558,2026-02-03 23:02,32921
SUNPHARMA,2026-02-24,1490.0,0.0,0.0,0.0,0.85,18200.0,19250.0,1702.1,1725.0,1671.0,4.558,2026-02-03 23:02,28231
SUNPHARMA,2026-02-24,1500.0,192.0,14700.0,6300.0,0.85,136150.0,512750.0,1702.1,1725.0,1671.0,4.558,2026-02-03 23:02,23485
SUNPHARMA,2026-02-24,1510.0,0.0,0.0,0.0,1.0,64400.0,30100.0,1702.1,1725.0,1671.0,4.558,2026-02-03 23:02,19161
SUNPHARMA,2026-02-24,1520.0,172.65,8400.0,2100.0,1.1,107450.0,102200.0,1702.1,1725.0,1671.0,4.558,2026-02-03 23:02,14625
SUNPHARMA,2026-02-24,1530.0,98.55,4900.0,0.0,1.15,52500.0,7000.0,1702.1,1725.0,1671.0,4.558,2026-02-03 23:02,10344
SUNPHARMA,2026-02-24,1540.0,82.3,700.0,0.0,1.45,42350.0,175000.0,1702.1,1725.0,1671.0,4.558,2026-02-03 23:02,6030
SUNPHARMA,2026-02-24,1550.0,146.1,27650.0,16800.0,1.65,364000.0,219800.0,1702.1,1725.0,1671.0,4.558,2026-02-03 23:02,1716
SUNPHARMA,2026-02-24,1560.0,125.95,17850.0,4900.0,1.8,82250.0,189000.0,1702.1,1725.0,1671.0,4.558,2026-02-03 23:02,-1860
SUNPHARMA,2026-02-24,1570.0,125.35,22750.0,5250.0,2.05,65450.0,76300.0,1702.1,1725.0,1671.0,4.558,2026-02-03 23:02,-5472
SUNPHARMA,2026-02-24,1580.0,116.4,57400.0,26600.0,2.35,139650.0,231350.0,1702.1,1725.0,1671.0,4.558,2026-02-03 23:02,-8934
SUNPHARMA,2026-02-24,1590.0,106.75,81900.0,41650.0,2.65,148050.0,346500.0,1702.1,1725.0,1671.0,4.558,2026-02-03 23:02,-11835
SUNPHARMA,2026-02-24,1600.0,97.0,277900.0,514150.0,3.4,610400.0,1633450.0,1702.1,1725.0,1671.0,4.558,2026-02-03 23:02,-14306
SUNPHARMA,2026-02-24,1610.0,87.0,188300.0,164850.0,3.8,168700.0,452550.0,1702.1,1725.0,1671.0,4.558,2026-02-03 23:02,-14236
SUNPHARMA,2026-02-24,1620.0,78.5,344400.0,796250.0,4.6,263200.0,1200150.0,1702.1,1725.0,1671.0,4.558,2026-02-03 23:02,-14723
SUNPHARMA,2026-02-24,1630.0,70.35,117250.0,431900.0,5.85,214200.0,884100.0,1702.1,1725.0,1671.0,4.558,2026-02-03 23:02,-13594
SUNPHARMA,2026-02-24,1640.0,59.75,1574300.0,898100.0,7.2,374500.0,1304450.0,1702.1,1725.0,1671.0,4.558,2026-02-03 23:02,-14017
SUNPHARMA,2026-02-24,1650.0,51.8,934850.0,1595300.0,9.35,290150.0,1288000.0,1702.1,1725.0,1671.0,4.558,2026-02-03 23:02,-4054
SUNPHARMA,2026-02-24,1660.0,45.3,637700.0,2369150.0,12.0,295400.0,1326500.0,1702.1,1725.0,1671.0,4.558,2026-02-03 23:02,2568
SUNPHARMA,2026-02-24,1670.0,38.55,192500.0,1062950.0,15.0,181650.0,880250.0,1702.1,1725.0,1671.0,4.558,2026-02-03 23:02,8088
SUNPHARMA,2026-02-24,1680.0,32.75,781200.0,2442650.0,19.55,423500.0,1908550.0,1702.1,1725.0,1671.0,4.558,2026-02-03 23:02,11916
SUNPHARMA,2026-02-24,1690.0,28.0,294000.0,1658300.0,24.5,204750.0,779450.0,1702.1,1725.0,1671.0,4.558,2026-02-03 23:02,18210
SUNPHARMA,2026-02-24,1700.0,23.4,1152900.0,7255850.0,30.65,331100.0,1076600.0,1702.1,1725.0,1671.0,4.558,2026-02-03 23:02,23594
SUNPHARMA,2026-02-24,1710.0,19.5,169400.0,1129450.0,35.35,47950.0,249900.0,1702.1,1725.0,1671.0,4.558,2026-02-03 23:02,31824
SUNPHARMA,2026-02-24,1720.0,16.4,210350.0,1720250.0,42.25,59850.0,232750.0,1702.1,1725.0,1671.0,4.558,2026-02-03 23:02,38748
SUNPHARMA,2026-02-24,1730.0,13.8,109200.0,644700.0,50.55,15750.0,26250.0,1702.1,1725.0,1671.0,4.558,2026-02-03 23:02,45874
SUNPHARMA,2026-02-24,1740.0,11.2,153300.0,907900.0,57.8,6650.0,15400.0,1702.1,1725.0,1671.0,4.558,2026-02-03 23:02,53104
SUNPHARMA,2026-02-24,1750.0,9.7,169050.0,913500.0,65.0,6300.0,4200.0,1702.1,1725.0,1671.0,4.558,2026-02-03 23:02,60556
SUNPHARMA,2026-02-24,1760.0,8.0,98700.0,453250.0,135.0,16800.0,0.0,1702.1,1725.0,1671.0,4.558,2026-02-03 23:02,68173
SUNPHARMA,2026-02-24,1770.0,7.05,57050.0,260400.0,0.0,0.0,0.0,1702.1,1725.0,1671.0,4.558,2026-02-03 23:02,75635
SUNPHARMA,2026-02-24,1780.0,5.7,73150.0,230650.0,155.0,6650.0,0.0,1702.1,1725.0,1671.0,4.558,2026-02-03 23:02,83342
SUNPHARMA,2026-02-24,1790.0,4.55,16800.0,50050.0,77.35,700.0,0.0,1702.1,1725.0,1671.0,4.558,2026-02-03 23:02,91027
SUNPHARMA,2026-02-24,1800.0,3.95,454650.0,1902950.0,111.55,25550.0,5950.0,1702.1,1725.0,1671.0,4.558,2026-02-03 23:02,98794
SUNPHARMA,2026-02-24,1810.0,3.45,13650.0,35700.0,0.0,0.0,0.0,1702.1,1725.0,1671.0,4.558,2026-02-03 23:02,106933
SUNPHARMA,2026-02-24,1820.0,2.85,111650.0,201950.0,182.0,700.0,0.0,1702.1,1725.0,1671.0,4.558,2026-02-03 23:02,115195
SUNPHARMA,2026-02-24,1830.0,2.45,13650.0,58100.0,0.0,0.0,0.0,1702.1,1725.0,1671.0,4.558,2026-02-03 23:02,123585
SUNPHARMA,2026-02-24,1840.0,2.1,31850.0,62300.0,0.0,0.0,0.0,1702.1,1725.0,1671.0,4.558,2026-02-03 23:02,131972
SUNPHARMA,2026-02-24,1850.0,1.9,141050.0,88550.0,0.0,0.0,0.0,1702.1,1725.0,1671.0,4.558,2026-02-03 23:02,140394
SUNPHARMA,2026-02-24,1860.0,1.5,41300.0,88900.0,0.0,0.0,0.0,1702.1,1725.0,1671.0,4.558,2026-02-03 23:02,148978
SUNPHARMA,2026-02-24,1870.0,0.75,17850.0,0.0,0.0,0.0,0.0,1702.1,1725.0,1671.0,4.558,2026-02-03 23:02,157582
SUNPHARMA,2026-02-24,1880.0,1.25,17500.0,22400.0,156.0,1400.0,0.0,1702.1,1725.0,1671.0,4.558,2026-02-03 23:02,166199
SUNPHARMA,2026-02-24,1900.0,1.05,69650.0,265300.0,265.0,700.0,0.0,1702.1,1725.0,1671.0,4.558,2026-02-03 23:02,183449
SUNPHARMA,2026-02-24,1960.0,0.6,14350.0,13650.0,0.0,0.0,0.0,1702.1,1725.0,1671.0,4.558,2026-02-03 23:02,235669
SUNPHARMA,2026-02-24,1980.0,0.75,11200.0,1750.0,0.0,0.0,0.0,1702.1,1725.0,1671.0,4.558,2026-02-03 23:02,253109
SUNPHARMA,2026-02-24,2000.0,0.4,9450.0,7000.0,330.0,1400.0,350.0,1702.1,1725.0,1671.0,4.558,2026-02-03 23:02,270572
SUNPHARMA,2026-02-24,2020.0,0.25,2100.0,0.0,0.0,0.0,0.0,1702.1,1725.0,1671.0,4.558,2026-02-03 23:02,288009
SUZLON,2026-02-24,38.0,11.23,144400.0,9025.0,0.12,2418700.0,1814025.0,49.16,49.69,48.42,4.618,2026-02-03 23:02,43892
SUZLON,2026-02-24,40.0,9.2,207575.0,27075.0,0.17,2924100.0,6326525.0,49.16,49.69,48.42,4.618,2026-02-03 23:02,31937
SUZLON,2026-02-24,41.0,8.5,99275.0,9025.0,0.21,3131675.0,1299600.0,49.16,49.69,48.42,4.618,2026-02-03 23:02,26347
SUZLON,2026-02-24,42.0,4.97,162450.0,0.0,0.25,3339250.0,5730875.0,49.16,49.69,48.42,4.618,2026-02-03 23:02,20958
SUZLON,2026-02-24,43.0,6.61,397100.0,279775.0,0.32,2202100.0,3844650.0,49.16,49.69,48.42,4.618,2026-02-03 23:02,15898
SUZLON,2026-02-24,44.0,5.69,361000.0,261725.0,0.39,3826600.0,5081075.0,49.16,49.69,48.42,4.618,2026-02-03 23:02,11292
SUZLON,2026-02-24,45.0,4.91,1994525.0,1886225.0,0.51,5992600.0,7400500.0,49.16,49.69,48.42,4.618,2026-02-03 23:02,6969
SUZLON,2026-02-24,46.0,4.06,1444000.0,3600975.0,0.66,4972775.0,10712675.0,49.16,49.69,48.42,4.618,2026-02-03 23:02,4063
SUZLON,2026-02-24,47.0,3.25,2436750.0,5189375.0,0.86,5433050.0,8934750.0,49.16,49.69,48.42,4.618,2026-02-03 23:02,1382
SUZLON,2026-02-24,48.0,2.53,6488975.0,16479650.0,1.15,4927650.0,12914775.0,49.16,49.69,48.42,4.618,2026-02-03 23:02,-444
SUZLON,2026-02-24,49.0,1.93,5072050.0,16217925.0,1.54,5306700.0,12896725.0,49.16,49.69,48.42,4.618,2026-02-03 23:02,-378
SUZLON,2026-02-24,50.0,1.46,47092450.0,58139050.0,2.06,6353600.0,7824675.0,49.16,49.69,48.42,4.618,2026-02-03 23:02,-189
SUZLON,2026-02-24,51.0,1.09,10117025.0,18672725.0,2.68,487350.0,785175.0,49.16,49.69,48.42,4.618,2026-02-03 23:02,10749
SUZLON,2026-02-24,52.0,0.85,9322825.0,20522850.0,3.41,1263500.0,189525.0,49.16,49.69,48.42,4.618,2026-02-03 23:02,18155
SUZLON,2026-02-24,53.0,0.67,6759725.0,8907675.0,3.78,577600.0,9025.0,49.16,49.69,48.42,4.618,2026-02-03 23:02,26008
SUZLON,2026-02-24,54.0,0.54,7960050.0,6958275.0,5.13,712975.0,306850.0,49.16,49.69,48.42,4.618,2026-02-03 23:02,34468
SUZLON,2026-02-24,55.0,0.44,14945400.0,19557175.0,5.98,2156975.0,442225.0,49.16,49.69,48.42,4.618,2026-02-03 23:02,43625
SUZLON,2026-02-24,56.0,0.34,3276075.0,7210975.0,8.52,1444000.0,0.0,49.16,49.69,48.42,4.618,2026-02-03 23:02,53795
SUZLON,2026-02-24,57.0,0.25,6037725.0,8194700.0,8.13,126350.0,9025.0,49.16,49.69,48.42,4.618,2026-02-03 23:02,63951
SUZLON,2026-02-24,58.0,0.21,2418700.0,5216450.0,8.76,424175.0,171475.0,49.16,49.69,48.42,4.618,2026-02-03 23:02,75891
SUZLON,2026-02-24,59.0,0.18,361000.0,1371800.0,13.4,72200.0,0.0,49.16,49.69,48.42,4.618,2026-02-03 23:02,87746
SUZLON,2026-02-24,60.0,0.15,8483500.0,6046750.0,10.83,3772450.0,144400.0,49.16,49.69,48.42,4.618,2026-02-03 23:02,99874
SUZLON,2026-02-24,62.0,0.12,1182275.0,1805000.0,12.78,1137150.0,342950.0,49.16,49.69,48.42,4.618,2026-02-03 23:02,122805
SUZLON,2026-02-24,64.0,0.08,3095575.0,1759875.0,0.0,0.0,0.0,49.16,49.69,48.42,4.618,2026-02-03 23:02,148719
SYNGENE,2026-02-24,360.0,0.0,0.0,0.0,0.0,0.0,0.0,478.0,512.95,474.55,2.191,2026-02-03 23:02,56080
SYNGENE,2026-02-24,380.0,92.5,2000.0,0.0,0.85,59000.0,24000.0,478.0,512.95,474.55,2.191,2026-02-03 23:02,47558
SYNGENE,2026-02-24,400.0,0.0,0.0,0.0,1.2,101000.0,45000.0,478.0,512.95,474.55,2.191,2026-02-03 23:02,39171
SYNGENE,2026-02-24,410.0,0.0,0.0,0.0,1.45,23000.0,5000.0,478.0,512.95,474.55,2.191,2026-02-03 23:02,35060
SYNGENE,2026-02-24,420.0,0.0,0.0,0.0,1.95,104000.0,122000.0,478.0,512.95,474.55,2.191,2026-02-03 23:02,30981
SYNGENE,2026-02-24,430.0,0.0,0.0,0.0,2.5,194000.0,190000.0,478.0,512.95,474.55,2.191,2026-02-03 23:02,26988
SYNGENE,2026-02-24,440.0,47.0,4000.0,0.0,3.75,236000.0,230000.0,478.0,512.95,474.55,2.191,2026-02-03 23:02,23162
SYNGENE,2026-02-24,450.0,34.4,41000.0,8000.0,5.35,276000.0,271000.0,478.0,512.95,474.55,2.191,2026-02-03 23:02,19554
SYNGENE,2026-02-24,460.0,27.4,92000.0,106000.0,7.75,413000.0,531000.0,478.0,512.95,474.55,2.191,2026-02-03 23:02,16327
SYNGENE,2026-02-24,470.0,20.0,235000.0,157000.0,11.0,353000.0,373000.0,478.0,512.95,474.55,2.191,2026-02-03 23:02,13543
SYNGENE,2026-02-24,480.0,14.5,510000.0,923000.0,15.6,427000.0,469000.0,478.0,512.95,474.55,2.191,2026-02-03 23:02,11496
SYNGENE,2026-02-24,490.0,10.35,466000.0,521000.0,20.5,193000.0,33000.0,478.0,512.95,474.55,2.191,2026-02-03 23:02,10379
SYNGENE,2026-02-24,500.0,7.3,1252000.0,1810000.0,28.2,410000.0,119000.0,478.0,512.95,474.55,2.191,2026-02-03 23:02,9933
SYNGENE,2026-02-24,510.0,5.1,422000.0,653000.0,35.9,161000.0,13000.0,478.0,512.95,474.55,2.191,2026-02-03 23:02,10821
SYNGENE,2026-02-24,520.0,3.65,524000.0,909000.0,43.3,153000.0,13000.0,478.0,512.95,474.55,2.191,2026-02-03 23:02,12171
SYNGENE,2026-02-24,530.0,2.6,235000.0,246000.0,52.7,72000.0,7000.0,478.0,512.95,474.55,2.191,2026-02-03 23:02,14090
SYNGENE,2026-02-24,540.0,2.05,230000.0,105000.0,81.45,90000.0,0.0,478.0,512.95,474.55,2.191,2026-02-03 23:02,16469
SYNGENE,2026-02-24,550.0,1.45,721000.0,691000.0,85.25,86000.0,0.0,478.0,512.95,474.55,2.191,2026-02-03 23:02,18800
SYNGENE,2026-02-24,560.0,1.05,253000.0,69000.0,92.0,98000.0,0.0,478.0,512.95,474.55,2.191,2026-02-03 23:02,21995
SYNGENE,2026-02-24,570.0,0.9,144000.0,26000.0,85.0,132000.0,0.0,478.0,512.95,474.55,2.191,2026-02-03 23:02,25295
SYNGENE,2026-02-24,580.0,0.75,181000.0,11000.0,98.0,138000.0,1000.0,478.0,512.95,474.55,2.191,2026-02-03 23:02,28637
SYNGENE,2026-02-24,590.0,0.6,96000.0,25000.0,117.5,38000.0,0.0,478.0,512.95,474.55,2.191,2026-02-03 23:02,32068
SYNGENE,2026-02-24,600.0,0.5,910000.0,418000.0,119.4,165000.0,5000.0,478.0,512.95,474.55,2.191,2026-02-03 23:02,36532
SYNGENE,2026-02-24,610.0,0.45,86000.0,49000.0,103.0,10000.0,0.0,478.0,512.95,474.55,2.191,2026-02-03 23:02,40586
SYNGENE,2026-02-24,620.0,0.4,87000.0,17000.0,161.45,150000.0,0.0,478.0,512.95,474.55,2.191,2026-02-03 23:02,46562
SYNGENE,2026-02-24,630.0,0.4,86000.0,5000.0,147.35,23000.0,2000.0,478.0,512.95,474.55,2.191,2026-02-03 23:02,50456
SYNGENE,2026-02-24,640.0,0.35,74000.0,8000.0,156.35,34000.0,3000.0,478.0,512.95,474.55,2.191,2026-02-03 23:02,56541
SYNGENE,2026-02-24,650.0,0.3,213000.0,21000.0,189.0,56000.0,0.0,478.0,512.95,474.55,2.191,2026-02-03 23:02,62541
SYNGENE,2026-02-24,660.0,0.45,38000.0,2000.0,98.85,7000.0,0.0,478.0,512.95,474.55,2.191,2026-02-03 23:02,68287
SYNGENE,2026-02-24,670.0,0.2,11000.0,0.0,183.95,5000.0,0.0,478.0,512.95,474.55,2.191,2026-02-03 23:02,75063
SYNGENE,2026-02-24,680.0,0.2,41000.0,24000.0,87.0,15000.0,0.0,478.0,512.95,474.55,2.191,2026-02-03 23:02,81830
SYNGENE,2026-02-24,690.0,0.0,0.0,0.0,63.0,6000.0,0.0,478.0,512.95,474.55,2.191,2026-02-03 23:02,88615
SYNGENE,2026-02-24,700.0,0.25,161000.0,79000.0,218.0,25000.0,2000.0,478.0,512.95,474.55,2.191,2026-02-03 23:02,95498
SYNGENE,2026-02-24,720.0,3.95,2000.0,0.0,70.0,1000.0,0.0,478.0,512.95,474.55,2.191,2026-02-03 23:02,109171
SYNGENE,2026-02-24,730.0,2.9,2000.0,0.0,0.0,0.0,0.0,478.0,512.95,474.55,2.191,2026-02-03 23:02,116275
SYNGENE,2026-02-24,740.0,0.0,0.0,0.0,248.0,4000.0,0.0,478.0,512.95,474.55,2.191,2026-02-03 23:02,123388
SYNGENE,2026-02-24,760.0,0.2,7000.0,0.0,129.0,3000.0,0.0,478.0,512.95,474.55,2.191,2026-02-03 23:02,137521
TATACONSUM,2026-02-24,900.0,0.0,0.0,0.0,0.0,0.0,0.0,1155.4,1180.9,1136.1,2.666,2026-02-03 23:02,51617
TATACONSUM,2026-02-24,920.0,0.0,0.0,0.0,0.0,0.0,0.0,1155.4,1180.9,1136.1,2.666,2026-02-03 23:02,44930
TATACONSUM,2026-02-24,940.0,0.0,0.0,0.0,0.0,0.0,0.0,1155.4,1180.9,1136.1,2.666,2026-02-03 23:02,38243
TATACONSUM,2026-02-24,960.0,0.0,0.0,0.0,0.4,64350.0,15950.0,1155.4,1180.9,1136.1,2.666,2026-02-03 23:02,31556
TATACONSUM,2026-02-24,970.0,0.0,0.0,0.0,0.0,0.0,0.0,1155.4,1180.9,1136.1,2.666,2026-02-03 23:02,28274
TATACONSUM,2026-02-24,980.0,0.0,0.0,0.0,0.65,528000.0,63250.0,1155.4,1180.9,1136.1,2.666,2026-02-03 23:02,24995
TATACONSUM,2026-02-24,990.0,0.0,0.0,0.0,1.05,17050.0,11000.0,1155.4,1180.9,1136.1,2.666,2026-02-03 23:02,22210
TATACONSUM,2026-02-24,1000.0,130.0,18150.0,0.0,1.15,310750.0,62150.0,1155.4,1180.9,1136.1,2.666,2026-02-03 23:02,19474
TATACONSUM,2026-02-24,1010.0,130.45,1100.0,0.0,1.7,19250.0,9900.0,1155.4,1180.9,1136.1,2.666,2026-02-03 23:02,17269
TATACONSUM,2026-02-24,1020.0,0.0,0.0,0.0,1.35,106150.0,628100.0,1155.4,1180.9,1136.1,2.666,2026-02-03 23:02,14895
TATACONSUM,2026-02-24,1030.0,0.0,0.0,0.0,1.55,52800.0,105600.0,1155.4,1180.9,1136.1,2.666,2026-02-03 23:02,12602
TATACONSUM,2026-02-24,1040.0,0.0,0.0,0.0,1.95,96250.0,106700.0,1155.4,1180.9,1136.1,2.666,2026-02-03 23:02,10368
TATACONSUM,2026-02-24,1050.0,69.65,3300.0,0.0,2.45,125950.0,233200.0,1155.4,1180.9,1136.1,2.666,2026-02-03 23:02,8220
TATACONSUM,2026-02-24,1060.0,72.0,35200.0,0.0,3.0,66000.0,68200.0,1155.4,1180.9,1136.1,2.666,2026-02-03 23:02,6212
TATACONSUM,2026-02-24,1070.0,64.45,6600.0,0.0,3.85,101200.0,189750.0,1155.4,1180.9,1136.1,2.666,2026-02-03 23:02,4546
TATACONSUM,2026-02-24,1080.0,84.6,92400.0,3850.0,4.65,117150.0,177100.0,1155.4,1180.9,1136.1,2.666,2026-02-03 23:02,2758
TATACONSUM,2026-02-24,1090.0,71.75,20350.0,13200.0,6.15,64900.0,86900.0,1155.4,1180.9,1136.1,2.666,2026-02-03 23:02,1904
TATACONSUM,2026-02-24,1100.0,64.0,140250.0,75350.0,7.65,254100.0,648450.0,1155.4,1180.9,1136.1,2.666,2026-02-03 23:02,513
TATACONSUM,2026-02-24,1110.0,56.15,56650.0,62700.0,9.35,101200.0,199650.0,1155.4,1180.9,1136.1,2.666,2026-02-03 23:02,114
TATACONSUM,2026-02-24,1120.0,47.65,169400.0,193050.0,12.0,517550.0,413600.0,1155.4,1180.9,1136.1,2.666,2026-02-03 23:02,-606
TATACONSUM,2026-02-24,1130.0,41.0,105050.0,217800.0,14.95,95150.0,185900.0,1155.4,1180.9,1136.1,2.666,2026-02-03 23:02,-677
TATACONSUM,2026-02-24,1140.0,34.95,184800.0,575300.0,18.75,191950.0,412500.0,1155.4,1180.9,1136.1,2.666,2026-02-03 23:02,-446
TATACONSUM,2026-02-24,1150.0,29.1,169400.0,539000.0,23.0,155100.0,182600.0,1155.4,1180.9,1136.1,2.666,2026-02-03 23:02,159
TATACONSUM,2026-02-24,1160.0,24.0,151250.0,505450.0,27.35,53900.0,73150.0,1155.4,1180.9,1136.1,2.666,2026-02-03 23:02,939
TATACONSUM,2026-02-24,1170.0,19.3,86350.0,227150.0,52.1,63800.0,0.0,1155.4,1180.9,1136.1,2.666,2026-02-03 23:02,2004
TATACONSUM,2026-02-24,1180.0,15.7,317900.0,559900.0,38.5,90750.0,1100.0,1155.4,1180.9,1136.1,2.666,2026-02-03 23:02,2838
TATACONSUM,2026-02-24,1190.0,12.4,97350.0,179850.0,75.0,35200.0,0.0,1155.4,1180.9,1136.1,2.666,2026-02-03 23:02,4395
TATACONSUM,2026-02-24,1200.0,9.8,601700.0,1312850.0,53.55,89650.0,34650.0,1155.4,1180.9,1136.1,2.666,2026-02-03 23:02,5793
TATACONSUM,2026-02-24,1210.0,7.5,86350.0,132000.0,0.0,0.0,0.0,1155.4,1180.9,1136.1,2.666,2026-02-03 23:02,8134
TATACONSUM,2026-02-24,1220.0,6.1,190300.0,231550.0,50.7,8250.0,0.0,1155.4,1180.9,1136.1,2.666,2026-02-03 23:02,10517
TATACONSUM,2026-02-24,1230.0,4.75,81950.0,145200.0,0.0,0.0,0.0,1155.4,1180.9,1136.1,2.666,2026-02-03 23:02,13108
TATACONSUM,2026-02-24,1240.0,3.7,146850.0,152900.0,111.0,2200.0,0.0,1155.4,1180.9,1136.1,2.666,2026-02-03 23:02,15746
TATACONSUM,2026-02-24,1250.0,2.95,235950.0,298650.0,92.55,9900.0,2200.0,1155.4,1180.9,1136.1,2.666,2026-02-03 23:02,18523
TATACONSUM,2026-02-24,1260.0,2.45,220000.0,125400.0,104.0,0.0,0.0,1155.4,1180.9,1136.1,2.666,2026-02-03 23:02,21495
TATACONSUM,2026-02-24,1270.0,1.9,68200.0,35750.0,0.0,0.0,0.0,1155.4,1180.9,1136.1,2.666,2026-02-03 23:02,24763
TATACONSUM,2026-02-24,1280.0,1.65,58300.0,23100.0,97.85,1650.0,0.0,1155.4,1180.9,1136.1,2.666,2026-02-03 23:02,28057
TATACONSUM,2026-02-24,1290.0,1.3,19250.0,6600.0,0.0,0.0,0.0,1155.4,1180.9,1136.1,2.666,2026-02-03 23:02,31393
TATACONSUM,2026-02-24,1300.0,1.05,397650.0,95150.0,207.95,3300.0,0.0,1155.4,1180.9,1136.1,2.666,2026-02-03 23:02,34756
TATACONSUM,2026-02-24,1310.0,0.85,1100.0,0.0,0.0,0.0,0.0,1155.4,1180.9,1136.1,2.666,2026-02-03 23:02,38491
TATACONSUM,2026-02-24,1320.0,1.45,1650.0,0.0,0.0,0.0,0.0,1155.4,1180.9,1136.1,2.666,2026-02-03 23:02,42255
TATACONSUM,2026-02-24,1330.0,0.95,3850.0,0.0,0.0,0.0,0.0,1155.4,1180.9,1136.1,2.666,2026-02-03 23:02,46020
TATACONSUM,2026-02-24,1340.0,0.55,56100.0,15400.0,0.0,0.0,0.0,1155.4,1180.9,1136.1,2.666,2026-02-03 23:02,49789
TATACONSUM,2026-02-24,1360.0,0.5,51150.0,8800.0,0.0,0.0,0.0,1155.4,1180.9,1136.1,2.666,2026-02-03 23:02,57441
TATACONSUM,2026-02-24,1380.0,1.85,8800.0,1100.0,0.0,0.0,0.0,1155.4,1180.9,1136.1,2.666,2026-02-03 23:02,65195
TATACONSUM,2026-02-24,1400.0,0.35,37400.0,3300.0,0.0,0.0,0.0,1155.4,1180.9,1136.1,2.666,2026-02-03 23:02,72966
TATAELXSI,2026-02-24,4200.0,0.0,0.0,0.0,5.5,300.0,0.0,5508.0,5636.5,5450.0,1.25,2026-02-03 23:02,35306
TATAELXSI,2026-02-24,4400.0,0.0,0.0,0.0,2.95,14100.0,6300.0,5508.0,5636.5,5450.0,1.25,2026-02-03 23:02,27245
TATAELXSI,2026-02-24,4500.0,0.0,0.0,0.0,8.9,3300.0,100.0,5508.0,5636.5,5450.0,1.25,2026-02-03 23:02,23352
TATAELXSI,2026-02-24,4600.0,0.0,0.0,0.0,9.35,4100.0,5500.0,5508.0,5636.5,5450.0,1.25,2026-02-03 23:02,19493
TATAELXSI,2026-02-24,4700.0,765.95,1100.0,0.0,9.0,600.0,600.0,5508.0,5636.5,5450.0,1.25,2026-02-03 23:02,15674
TATAELXSI,2026-02-24,4750.0,719.05,500.0,0.0,13.6,3400.0,3400.0,5508.0,5636.5,5450.0,1.25,2026-02-03 23:02,13859
TATAELXSI,2026-02-24,4800.0,0.0,0.0,0.0,12.0,13000.0,7000.0,5508.0,5636.5,5450.0,1.25,2026-02-03 23:02,12011
TATAELXSI,2026-02-24,4850.0,0.0,0.0,0.0,13.05,600.0,200.0,5508.0,5636.5,5450.0,1.25,2026-02-03 23:02,10181
TATAELXSI,2026-02-24,4900.0,0.0,0.0,0.0,15.65,1600.0,700.0,5508.0,5636.5,5450.0,1.25,2026-02-03 23:02,8369
TATAELXSI,2026-02-24,4950.0,540.4,300.0,0.0,22.65,3800.0,3100.0,5508.0,5636.5,5450.0,1.25,2026-02-03 23:02,6563
TATAELXSI,2026-02-24,5000.0,540.65,4500.0,100.0,22.1,31500.0,36000.0,5508.0,5636.5,5450.0,1.25,2026-02-03 23:02,4787
TATAELXSI,2026-02-24,5050.0,0.0,0.0,0.0,24.8,25800.0,12500.0,5508.0,5636.5,5450.0,1.25,2026-02-03 23:02,3358
TATAELXSI,2026-02-24,5100.0,419.45,700.0,0.0,31.45,32500.0,25000.0,5508.0,5636.5,5450.0,1.25,2026-02-03 23:02,1820
TATAELXSI,2026-02-24,5150.0,382.5,700.0,0.0,73.95,6400.0,0.0,5508.0,5636.5,5450.0,1.25,2026-02-03 23:02,439
TATAELXSI,2026-02-24,5200.0,365.0,1600.0,900.0,44.4,30400.0,28200.0,5508.0,5636.5,5450.0,1.25,2026-02-03 23:02,-853
TATAELXSI,2026-02-24,5250.0,285.9,600.0,300.0,54.15,10000.0,4400.0,5508.0,5636.5,5450.0,1.25,2026-02-03 23:02,-2042
TATAELXSI,2026-02-24,5300.0,300.0,14300.0,13500.0,64.75,41700.0,80700.0,5508.0,5636.5,5450.0,1.25,2026-02-03 23:02,-3139
TATAELXSI,2026-02-24,5350.0,255.4,12300.0,2300.0,77.35,11400.0,5700.0,5508.0,5636.5,5450.0,1.25,2026-02-03 23:02,-3759
TATAELXSI,2026-02-24,5400.0,228.35,45400.0,62800.0,95.95,49900.0,42100.0,5508.0,5636.5,5450.0,1.25,2026-02-03 23:02,-4194
TATAELXSI,2026-02-24,5450.0,192.5,21100.0,25600.0,111.15,14600.0,8500.0,5508.0,5636.5,5450.0,1.25,2026-02-03 23:02,-3821
TATAELXSI,2026-02-24,5500.0,170.0,69900.0,158200.0,139.3,51700.0,59900.0,5508.0,5636.5,5450.0,1.25,2026-02-03 23:02,-3583
TATAELXSI,2026-02-24,5550.0,145.0,16300.0,34600.0,164.25,7000.0,11500.0,5508.0,5636.5,5450.0,1.25,2026-02-03 23:02,-2513
TATAELXSI,2026-02-24,5600.0,124.95,76300.0,207300.0,190.2,11600.0,13200.0,5508.0,5636.5,5450.0,1.25,2026-02-03 23:02,-1673
TATAELXSI,2026-02-24,5650.0,107.0,7000.0,7300.0,317.5,800.0,0.0,5508.0,5636.5,5450.0,1.25,2026-02-03 23:02,217
TATAELXSI,2026-02-24,5700.0,90.5,31200.0,72500.0,269.1,6500.0,600.0,5508.0,5636.5,5450.0,1.25,2026-02-03 23:02,1463
TATAELXSI,2026-02-24,5750.0,81.85,3200.0,1100.0,377.05,100.0,0.0,5508.0,5636.5,5450.0,1.25,2026-02-03 23:02,2956
TATAELXSI,2026-02-24,5800.0,68.85,90400.0,184000.0,329.0,7500.0,200.0,5508.0,5636.5,5450.0,1.25,2026-02-03 23:02,4381
TATAELXSI,2026-02-24,5850.0,63.3,5900.0,3400.0,0.0,0.0,0.0,5508.0,5636.5,5450.0,1.25,2026-02-03 23:02,6648
TATAELXSI,2026-02-24,5900.0,52.15,41100.0,62400.0,493.3,700.0,0.0,5508.0,5636.5,5450.0,1.25,2026-02-03 23:02,8606
TATAELXSI,2026-02-24,5950.0,45.3,7500.0,2200.0,0.0,0.0,0.0,5508.0,5636.5,5450.0,1.25,2026-02-03 23:02,10916
TATAELXSI,2026-02-24,6000.0,39.45,358100.0,187800.0,531.8,11200.0,400.0,5508.0,5636.5,5450.0,1.25,2026-02-03 23:02,13118
TATAELXSI,2026-02-24,6050.0,37.0,9200.0,200.0,620.65,100.0,0.0,5508.0,5636.5,5450.0,1.25,2026-02-03 23:02,17949
TATAELXSI,2026-02-24,6100.0,32.8,19500.0,11000.0,665.05,2100.0,0.0,5508.0,5636.5,5450.0,1.25,2026-02-03 23:02,22037
TATAELXSI,2026-02-24,6200.0,22.95,29900.0,21400.0,745.0,300.0,0.0,5508.0,5636.5,5450.0,1.25,2026-02-03 23:02,30298
TATAELXSI,2026-02-24,6300.0,14.6,6900.0,800.0,0.0,0.0,0.0,5508.0,5636.5,5450.0,1.25,2026-02-03 23:02,38984
TATAELXSI,2026-02-24,6350.0,10.1,300.0,0.0,0.0,0.0,0.0,5508.0,5636.5,5450.0,1.25,2026-02-03 23:02,43348
TATAELXSI,2026-02-24,6400.0,13.35,28500.0,13500.0,0.0,0.0,0.0,5508.0,5636.5,5450.0,1.25,2026-02-03 23:02,47703
TATAELXSI,2026-02-24,6450.0,12.4,800.0,1800.0,0.0,0.0,0.0,5508.0,5636.5,5450.0,1.25,2026-02-03 23:02,52239
TATAELXSI,2026-02-24,6500.0,10.55,17800.0,20000.0,1105.0,3900.0,0.0,5508.0,5636.5,5450.0,1.25,2026-02-03 23:02,56742
TATAELXSI,2026-02-24,6550.0,4.25,4000.0,0.0,0.0,0.0,0.0,5508.0,5636.5,5450.0,1.25,2026-02-03 23:02,60941
TATAELXSI,2026-02-24,6600.0,8.9,3800.0,2500.0,1130.0,200.0,0.0,5508.0,5636.5,5450.0,1.25,2026-02-03 23:02,65573
TATAELXSI,2026-02-24,6650.0,2.7,1300.0,0.0,0.0,0.0,0.0,5508.0,5636.5,5450.0,1.25,2026-02-03 23:02,70204
TATAELXSI,2026-02-24,6700.0,7.5,4100.0,2700.0,1238.0,600.0,0.0,5508.0,5636.5,5450.0,1.25,2026-02-03 23:02,74862
TATAPOWER,2026-02-24,290.0,0.0,0.0,0.0,0.45,424850.0,55100.0,365.1,371.6,364.0,1.756,2026-02-03 23:02,181791
TATAPOWER,2026-02-24,295.0,0.0,0.0,0.0,0.6,27550.0,18850.0,365.1,371.6,364.0,1.756,2026-02-03 23:02,169560
TATAPOWER,2026-02-24,300.0,69.4,4350.0,1450.0,0.55,551000.0,363950.0,365.1,371.6,364.0,1.756,2026-02-03 23:02,157359
TATAPOWER,2026-02-24,305.0,0.0,0.0,0.0,0.75,7250.0,0.0,365.1,371.6,364.0,1.756,2026-02-03 23:02,145438
TATAPOWER,2026-02-24,310.0,60.0,21750.0,1450.0,0.95,150800.0,0.0,365.1,371.6,364.0,1.756,2026-02-03 23:02,133520
TATAPOWER,2026-02-24,315.0,39.6,62350.0,0.0,0.85,105850.0,127600.0,365.1,371.6,364.0,1.756,2026-02-03 23:02,121805
TATAPOWER,2026-02-24,317.5,0.0,0.0,0.0,1.05,29000.0,0.0,365.1,371.6,364.0,1.756,2026-02-03 23:02,116169
TATAPOWER,2026-02-24,320.0,35.2,97150.0,0.0,1.05,664100.0,419050.0,365.1,371.6,364.0,1.756,2026-02-03 23:02,110299
TATAPOWER,2026-02-24,322.5,27.85,2900.0,0.0,1.5,58000.0,0.0,365.1,371.6,364.0,1.756,2026-02-03 23:02,104896
TATAPOWER,2026-02-24,325.0,27.35,17400.0,0.0,1.15,176900.0,50750.0,365.1,371.6,364.0,1.756,2026-02-03 23:02,99234
TATAPOWER,2026-02-24,327.5,0.0,0.0,0.0,2.2,1450.0,0.0,365.1,371.6,364.0,1.756,2026-02-03 23:02,93649
TATAPOWER,2026-02-24,330.0,38.0,69600.0,5800.0,1.4,529250.0,575650.0,365.1,371.6,364.0,1.756,2026-02-03 23:02,88037
TATAPOWER,2026-02-24,332.5,0.0,0.0,0.0,3.85,11600.0,0.0,365.1,371.6,364.0,1.756,2026-02-03 23:02,82765
TATAPOWER,2026-02-24,335.0,23.85,17400.0,0.0,1.75,466900.0,516200.0,365.1,371.6,364.0,1.756,2026-02-03 23:02,77302
TATAPOWER,2026-02-24,337.5,0.0,0.0,0.0,2.85,47850.0,0.0,365.1,371.6,364.0,1.756,2026-02-03 23:02,71923
TATAPOWER,2026-02-24,340.0,29.95,245050.0,59450.0,2.2,1806700.0,1538450.0,365.1,371.6,364.0,1.756,2026-02-03 23:02,66583
TATAPOWER,2026-02-24,342.5,21.2,58000.0,0.0,2.25,166750.0,65250.0,365.1,371.6,364.0,1.756,2026-02-03 23:02,62107
TATAPOWER,2026-02-24,345.0,24.35,490100.0,53650.0,2.55,520550.0,307400.0,365.1,371.6,364.0,1.756,2026-02-03 23:02,57435
TATAPOWER,2026-02-24,347.5,17.05,127600.0,0.0,3.2,185600.0,163850.0,365.1,371.6,364.0,1.756,2026-02-03 23:02,53991
TATAPOWER,2026-02-24,350.0,19.75,2157600.0,435000.0,3.7,2663650.0,2279400.0,365.1,371.6,364.0,1.756,2026-02-03 23:02,49723
TATAPOWER,2026-02-24,352.5,18.05,213150.0,89900.0,3.9,400200.0,320450.0,365.1,371.6,364.0,1.756,2026-02-03 23:02,49778
TATAPOWER,2026-02-24,355.0,16.15,1033850.0,390050.0,4.85,1001950.0,1716800.0,365.1,371.6,364.0,1.756,2026-02-03 23:02,46939
TATAPOWER,2026-02-24,357.5,14.7,205900.0,130500.0,5.65,290000.0,298700.0,365.1,371.6,364.0,1.756,2026-02-03 23:02,45564
TATAPOWER,2026-02-24,360.0,12.95,1735650.0,2164850.0,6.6,2643350.0,2137300.0,365.1,371.6,364.0,1.756,2026-02-03 23:02,43269
TATAPOWER,2026-02-24,362.5,11.5,220400.0,474150.0,7.65,187050.0,324800.0,365.1,371.6,364.0,1.756,2026-02-03 23:02,42432
TATAPOWER,2026-02-24,365.0,10.1,949750.0,1929950.0,8.55,817800.0,1316600.0,365.1,371.6,364.0,1.756,2026-02-03 23:02,41304
TATAPOWER,2026-02-24,367.5,8.85,281300.0,687300.0,9.9,533600.0,875800.0,365.1,371.6,364.0,1.756,2026-02-03 23:02,40768
TATAPOWER,2026-02-24,370.0,7.75,2401200.0,5208400.0,11.3,986000.0,1122300.0,365.1,371.6,364.0,1.756,2026-02-03 23:02,39897
TATAPOWER,2026-02-24,372.5,7.05,224750.0,506050.0,12.05,165300.0,266800.0,365.1,371.6,364.0,1.756,2026-02-03 23:02,40898
TATAPOWER,2026-02-24,375.0,5.9,1025150.0,1110700.0,14.35,255200.0,326250.0,365.1,371.6,364.0,1.756,2026-02-03 23:02,41209
TATAPOWER,2026-02-24,377.5,5.1,63800.0,133400.0,20.95,18850.0,0.0,365.1,371.6,364.0,1.756,2026-02-03 23:02,42120
TATAPOWER,2026-02-24,380.0,4.5,2617250.0,5117050.0,17.95,1170150.0,269700.0,365.1,371.6,364.0,1.756,2026-02-03 23:02,42806
TATAPOWER,2026-02-24,382.5,3.9,126150.0,56550.0,37.2,11600.0,0.0,365.1,371.6,364.0,1.756,2026-02-03 23:02,43523
TATAPOWER,2026-02-24,385.0,3.35,626400.0,493000.0,29.0,81200.0,0.0,365.1,371.6,364.0,1.756,2026-02-03 23:02,45203
TATAPOWER,2026-02-24,387.5,3.0,113100.0,124700.0,0.0,0.0,0.0,365.1,371.6,364.0,1.756,2026-02-03 23:02,47028
TATAPOWER,2026-02-24,390.0,2.6,1673300.0,2335950.0,25.3,1277450.0,81200.0,365.1,371.6,364.0,1.756,2026-02-03 23:02,48941
TATAPOWER,2026-02-24,392.5,2.15,169650.0,97150.0,39.95,2900.0,0.0,365.1,371.6,364.0,1.756,2026-02-03 23:02,48761
TATAPOWER,2026-02-24,395.0,2.05,479950.0,388600.0,41.5,7250.0,0.0,365.1,371.6,364.0,1.756,2026-02-03 23:02,51446
TATAPOWER,2026-02-24,397.5,1.75,62350.0,76850.0,0.0,0.0,0.0,365.1,371.6,364.0,1.756,2026-02-03 23:02,54296
TATAPOWER,2026-02-24,400.0,1.65,4864750.0,2556350.0,34.15,1396350.0,110200.0,365.1,371.6,364.0,1.756,2026-02-03 23:02,57105
TATAPOWER,2026-02-24,402.5,0.35,37700.0,0.0,0.0,0.0,0.0,365.1,371.6,364.0,1.756,2026-02-03 23:02,57501
TATAPOWER,2026-02-24,405.0,1.3,145000.0,145000.0,52.0,18850.0,0.0,365.1,371.6,364.0,1.756,2026-02-03 23:02,61875
TATAPOWER,2026-02-24,410.0,1.0,717750.0,324800.0,43.35,633650.0,53650.0,365.1,371.6,364.0,1.756,2026-02-03 23:02,70622
TATAPOWER,2026-02-24,415.0,0.8,207350.0,44950.0,65.0,78300.0,0.0,365.1,371.6,364.0,1.756,2026-02-03 23:02,77449
TATAPOWER,2026-02-24,420.0,0.6,1062850.0,256650.0,54.05,1310800.0,18850.0,365.1,371.6,364.0,1.756,2026-02-03 23:02,86601
TATAPOWER,2026-02-24,425.0,0.55,69600.0,136300.0,77.3,147900.0,0.0,365.1,371.6,364.0,1.756,2026-02-03 23:02,90411
TATAPOWER,2026-02-24,430.0,0.4,658300.0,72500.0,62.25,474150.0,10150.0,365.1,371.6,364.0,1.756,2026-02-03 23:02,100212
TATAPOWER,2026-02-24,435.0,0.35,46400.0,52200.0,89.0,97150.0,0.0,365.1,371.6,364.0,1.756,2026-02-03 23:02,108793
TATAPOWER,2026-02-24,440.0,0.3,723550.0,63800.0,72.5,1257150.0,4350.0,365.1,371.6,364.0,1.756,2026-02-03 23:02,119508
TATAPOWER,2026-02-24,450.0,0.25,1177400.0,59450.0,82.0,990350.0,27550.0,365.1,371.6,364.0,1.756,2026-02-03 23:02,135553
TATASTEEL,2026-02-24,130.0,63.4,115500.0,5500.0,0.0,0.0,0.0,192.93,199.0,191.51,2.345,2026-02-03 23:02,345027
TATASTEEL,2026-02-24,145.0,0.0,0.0,0.0,0.11,176000.0,154000.0,192.93,199.0,191.51,2.345,2026-02-03 23:02,235292
TATASTEEL,2026-02-24,150.0,0.0,0.0,0.0,0.12,1402500.0,753500.0,192.93,199.0,191.51,2.345,2026-02-03 23:02,198555
TATASTEEL,2026-02-24,154.0,34.61,605000.0,0.0,0.11,11000.0,5500.0,192.93,199.0,191.51,2.345,2026-02-03 23:02,169712
TATASTEEL,2026-02-24,155.0,0.0,0.0,0.0,0.16,451000.0,401500.0,192.93,199.0,191.51,2.345,2026-02-03 23:02,164661
TATASTEEL,2026-02-24,158.0,0.0,0.0,0.0,0.24,286000.0,0.0,192.93,199.0,191.51,2.345,2026-02-03 23:02,143354
TATASTEEL,2026-02-24,160.0,33.5,709500.0,11000.0,0.18,3272500.0,1864500.0,192.93,199.0,191.51,2.345,2026-02-03 23:02,129204
TATASTEEL,2026-02-24,162.0,0.0,0.0,0.0,0.21,429000.0,341000.0,192.93,199.0,191.51,2.345,2026-02-03 23:02,118176
TATASTEEL,2026-02-24,163.0,0.0,0.0,0.0,0.0,0.0,0.0,192.93,199.0,191.51,2.345,2026-02-03 23:02,111536
TATASTEEL,2026-02-24,164.0,0.0,0.0,0.0,0.0,0.0,0.0,192.93,199.0,191.51,2.345,2026-02-03 23:02,104906
TATASTEEL,2026-02-24,165.0,27.48,528000.0,0.0,0.29,1661000.0,2062500.0,192.93,199.0,191.51,2.345,2026-02-03 23:02,98276
TATASTEEL,2026-02-24,166.0,0.0,0.0,0.0,0.33,165000.0,357500.0,192.93,199.0,191.51,2.345,2026-02-03 23:02,93267
TATASTEEL,2026-02-24,167.0,0.0,0.0,0.0,0.88,170500.0,5500.0,192.93,199.0,191.51,2.345,2026-02-03 23:02,86867
TATASTEEL,2026-02-24,168.0,0.0,0.0,0.0,0.39,462000.0,577500.0,192.93,199.0,191.51,2.345,2026-02-03 23:02,80474
TATASTEEL,2026-02-24,169.0,0.0,0.0,0.0,0.77,104500.0,0.0,192.93,199.0,191.51,2.345,2026-02-03 23:02,74125
TATASTEEL,2026-02-24,170.0,24.05,1072500.0,66000.0,0.47,4422000.0,3536500.0,192.93,199.0,191.51,2.345,2026-02-03 23:02,67795
TATASTEEL,2026-02-24,171.0,0.0,0.0,0.0,0.54,132000.0,203500.0,192.93,199.0,191.51,2.345,2026-02-03 23:02,64395
TATASTEEL,2026-02-24,172.0,0.0,0.0,0.0,0.6,588500.0,1166000.0,192.93,199.0,191.51,2.345,2026-02-03 23:02,58630
TATASTEEL,2026-02-24,173.0,17.2,5500.0,0.0,0.66,643500.0,159500.0,192.93,199.0,191.51,2.345,2026-02-03 23:02,52895
TATASTEEL,2026-02-24,174.0,0.0,0.0,0.0,0.73,357500.0,319000.0,192.93,199.0,191.51,2.345,2026-02-03 23:02,47227
TATASTEEL,2026-02-24,175.0,19.45,1215500.0,27500.0,0.82,5951000.0,3883000.0,192.93,199.0,191.51,2.345,2026-02-03 23:02,41602
TATASTEEL,2026-02-24,176.0,13.91,22000.0,0.0,0.91,467500.0,209000.0,192.93,199.0,191.51,2.345,2026-02-03 23:02,38596
TATASTEEL,2026-02-24,177.0,13.93,71500.0,0.0,1.04,407000.0,242000.0,192.93,199.0,191.51,2.345,2026-02-03 23:02,33750
TATASTEEL,2026-02-24,178.0,13.28,110000.0,0.0,1.18,533500.0,577500.0,192.93,199.0,191.51,2.345,2026-02-03 23:02,29022
TATASTEEL,2026-02-24,179.0,9.68,5500.0,0.0,2.35,390500.0,0.0,192.93,199.0,191.51,2.345,2026-02-03 23:02,24384
TATASTEEL,2026-02-24,180.0,15.0,1479500.0,616000.0,1.42,7183000.0,8272000.0,192.93,199.0,191.51,2.345,2026-02-03 23:02,19616
TATASTEEL,2026-02-24,181.0,14.82,220000.0,104500.0,1.61,621500.0,269500.0,192.93,199.0,191.51,2.345,2026-02-03 23:02,17000
TATASTEEL,2026-02-24,182.0,14.25,214500.0,77000.0,1.78,1094500.0,693000.0,192.93,199.0,191.51,2.345,2026-02-03 23:02,13495
TATASTEEL,2026-02-24,183.0,13.9,159500.0,121000.0,2.0,869000.0,605000.0,192.93,199.0,191.51,2.345,2026-02-03 23:02,10005
TATASTEEL,2026-02-24,184.0,12.97,429000.0,126500.0,2.24,1034000.0,1050500.0,192.93,199.0,191.51,2.345,2026-02-03 23:02,6556
TATASTEEL,2026-02-24,185.0,11.33,2431000.0,1177000.0,2.47,7293000.0,6737500.0,192.93,199.0,191.51,2.345,2026-02-03 23:02,3529
TATASTEEL,2026-02-24,186.0,10.41,616000.0,390500.0,2.73,935000.0,764500.0,192.93,199.0,191.51,2.345,2026-02-03 23:02,2103
TATASTEEL,2026-02-24,187.0,9.9,544500.0,247500.0,3.02,1105500.0,924000.0,192.93,199.0,191.51,2.345,2026-02-03 23:02,266
TATASTEEL,2026-02-24,188.0,9.16,1105500.0,665500.0,3.31,1606000.0,1243000.0,192.93,199.0,191.51,2.345,2026-02-03 23:02,-1587
TATASTEEL,2026-02-24,189.0,8.62,1199000.0,1831500.0,3.72,781000.0,599500.0,192.93,199.0,191.51,2.345,2026-02-03 23:02,-2893
TATASTEEL,2026-02-24,190.0,7.95,8910000.0,7986000.0,4.05,8079500.0,11363000.0,192.93,199.0,191.51,2.345,2026-02-03 23:02,-3740
TATASTEEL,2026-02-24,191.0,7.34,1050500.0,495000.0,4.45,1628000.0,1369500.0,192.93,199.0,191.51,2.345,2026-02-03 23:02,180
TATASTEEL,2026-02-24,192.0,6.8,1589500.0,3503500.0,4.8,1364000.0,2915000.0,192.93,199.0,191.51,2.345,2026-02-03 23:02,604
TATASTEEL,2026-02-24,193.0,6.25,1661000.0,5417500.0,5.38,1226500.0,2112000.0,192.93,199.0,191.51,2.345,2026-02-03 23:02,1703
TATASTEEL,2026-02-24,194.0,5.82,3305500.0,6424000.0,5.85,1243000.0,2546500.0,192.93,199.0,191.51,2.345,2026-02-03 23:02,3043
TATASTEEL,2026-02-24,195.0,5.36,6605500.0,12540000.0,6.4,4169000.0,2843500.0,192.93,199.0,191.51,2.345,2026-02-03 23:02,5655
TATASTEEL,2026-02-24,196.0,4.87,1298000.0,3322000.0,7.13,819500.0,82500.0,192.93,199.0,191.51,2.345,2026-02-03 23:02,9022
TATASTEEL,2026-02-24,197.0,4.48,1292500.0,1628000.0,7.23,484000.0,71500.0,192.93,199.0,191.51,2.345,2026-02-03 23:02,11775
TATASTEEL,2026-02-24,198.0,4.17,1518000.0,2304500.0,8.39,500500.0,82500.0,192.93,199.0,191.51,2.345,2026-02-03 23:02,14887
TATASTEEL,2026-02-24,199.0,3.82,693000.0,643500.0,8.82,418000.0,27500.0,192.93,199.0,191.51,2.345,2026-02-03 23:02,18185
TATASTEEL,2026-02-24,200.0,3.5,16604500.0,28908000.0,9.61,4251500.0,2381500.0,192.93,199.0,191.51,2.345,2026-02-03 23:02,21277
TATASTEEL,2026-02-24,201.0,3.17,830500.0,742500.0,10.19,390500.0,55000.0,192.93,199.0,191.51,2.345,2026-02-03 23:02,28285
TATASTEEL,2026-02-24,202.0,2.91,1578500.0,2183500.0,10.88,720500.0,33000.0,192.93,199.0,191.51,2.345,2026-02-03 23:02,33554
TATASTEEL,2026-02-24,203.0,2.63,1116500.0,885500.0,15.53,781000.0,0.0,192.93,199.0,191.51,2.345,2026-02-03 23:02,38863
TATASTEEL,2026-02-24,204.0,2.48,1551000.0,1248500.0,20.66,649000.0,0.0,192.93,199.0,191.51,2.345,2026-02-03 23:02,43767
TATASTEEL,2026-02-24,205.0,2.24,4609000.0,7430500.0,13.44,588500.0,27500.0,192.93,199.0,191.51,2.345,2026-02-03 23:02,48854
TATASTEEL,2026-02-24,206.0,2.04,995500.0,731500.0,22.02,82500.0,0.0,192.93,199.0,191.51,2.345,2026-02-03 23:02,55659
TATASTEEL,2026-02-24,207.0,1.88,280500.0,407000.0,0.0,0.0,0.0,192.93,199.0,191.51,2.345,2026-02-03 23:02,62351
TATASTEEL,2026-02-24,208.0,1.69,616000.0,555500.0,24.0,88000.0,0.0,192.93,199.0,191.51,2.345,2026-02-03 23:02,69103
TATASTEEL,2026-02-24,209.0,1.8,5500.0,5500.0,0.0,0.0,0.0,192.93,199.0,191.51,2.345,2026-02-03 23:02,75765
TATASTEEL,2026-02-24,210.0,1.45,10824000.0,11902000.0,17.4,786500.0,110000.0,192.93,199.0,191.51,2.345,2026-02-03 23:02,82536
TATASTEEL,2026-02-24,211.0,0.0,0.0,0.0,0.0,0.0,0.0,192.93,199.0,191.51,2.345,2026-02-03 23:02,90668
TATASTEEL,2026-02-24,212.0,1.23,720500.0,440000.0,23.37,16500.0,0.0,192.93,199.0,191.51,2.345,2026-02-03 23:02,98599
TATASTEEL,2026-02-24,213.0,0.0,0.0,0.0,0.0,0.0,0.0,192.93,199.0,191.51,2.345,2026-02-03 23:02,106654
TATASTEEL,2026-02-24,214.0,1.01,2744500.0,3311000.0,20.6,159500.0,16500.0,192.93,199.0,191.51,2.345,2026-02-03 23:02,114659
TATASTEEL,2026-02-24,216.0,0.84,2145000.0,2552000.0,0.0,0.0,0.0,192.93,199.0,191.51,2.345,2026-02-03 23:02,131197
TATASTEEL,2026-02-24,218.0,0.71,3399000.0,2656500.0,23.8,302500.0,44000.0,192.93,199.0,191.51,2.345,2026-02-03 23:02,148397
TATASTEEL,2026-02-24,220.0,0.6,1958000.0,2519000.0,25.0,0.0,5500.0,192.93,199.0,191.51,2.345,2026-02-03 23:02,165678
TATASTEEL,2026-02-24,222.0,0.47,797500.0,1347500.0,0.0,0.0,0.0,192.93,199.0,191.51,2.345,2026-02-03 23:02,183946
TATASTEEL,2026-02-24,224.0,0.43,638000.0,836000.0,0.0,0.0,0.0,192.93,199.0,191.51,2.345,2026-02-03 23:02,202294
TATASTEEL,2026-02-24,226.0,0.36,3074500.0,1936000.0,33.5,5500.0,5500.0,192.93,199.0,191.51,2.345,2026-02-03 23:02,220760
TATATECH,2026-02-24,540.0,0.0,0.0,0.0,0.5,8800.0,0.0,659.5,671.4,652.8,2.113,2026-02-03 23:02,22950
TATATECH,2026-02-24,550.0,0.0,0.0,0.0,0.8,3200.0,800.0,659.5,671.4,652.8,2.113,2026-02-03 23:02,20546
TATATECH,2026-02-24,560.0,98.4,800.0,0.0,1.5,800.0,0.0,659.5,671.4,652.8,2.113,2026-02-03 23:02,18146
TATATECH,2026-02-24,570.0,0.0,0.0,0.0,1.75,800.0,0.0,659.5,671.4,652.8,2.113,2026-02-03 23:02,15755
TATATECH,2026-02-24,580.0,85.8,0.0,0.0,1.1,56800.0,32800.0,659.5,671.4,652.8,2.113,2026-02-03 23:02,13357
TATATECH,2026-02-24,585.0,0.0,0.0,0.0,1.45,4800.0,800.0,659.5,671.4,652.8,2.113,2026-02-03 23:02,12181
TATATECH,2026-02-24,590.0,0.0,0.0,0.0,1.35,36800.0,41600.0,659.5,671.4,652.8,2.113,2026-02-03 23:02,11012
TATATECH,2026-02-24,595.0,0.0,0.0,0.0,3.5,4000.0,0.0,659.5,671.4,652.8,2.113,2026-02-03 23:02,9858
TATATECH,2026-02-24,600.0,64.1,9600.0,4000.0,1.9,196000.0,137600.0,659.5,671.4,652.8,2.113,2026-02-03 23:02,8709
TATATECH,2026-02-24,605.0,41.9,2400.0,0.0,5.1,1600.0,0.0,659.5,671.4,652.8,2.113,2026-02-03 23:02,7688
TATATECH,2026-02-24,610.0,36.45,2400.0,0.0,2.55,67200.0,48000.0,659.5,671.4,652.8,2.113,2026-02-03 23:02,6655
TATATECH,2026-02-24,615.0,31.0,800.0,0.0,5.0,20800.0,0.0,659.5,671.4,652.8,2.113,2026-02-03 23:02,5638
TATATECH,2026-02-24,620.0,33.05,4000.0,0.0,3.6,204000.0,118400.0,659.5,671.4,652.8,2.113,2026-02-03 23:02,4633
TATATECH,2026-02-24,625.0,29.25,1600.0,0.0,4.25,17600.0,12800.0,659.5,671.4,652.8,2.113,2026-02-03 23:02,3680
TATATECH,2026-02-24,630.0,38.0,9600.0,7200.0,5.0,137600.0,228800.0,659.5,671.4,652.8,2.113,2026-02-03 23:02,2793
TATATECH,2026-02-24,635.0,0.0,0.0,0.0,6.3,11200.0,17600.0,659.5,671.4,652.8,2.113,2026-02-03 23:02,1951
TATATECH,2026-02-24,640.0,30.0,170400.0,67200.0,7.05,163200.0,205600.0,659.5,671.4,652.8,2.113,2026-02-03 23:02,1139
TATATECH,2026-02-24,645.0,25.85,184800.0,12800.0,8.75,149600.0,53600.0,659.5,671.4,652.8,2.113,2026-02-03 23:02,898
TATATECH,2026-02-24,650.0,23.05,230400.0,385600.0,10.1,283200.0,317600.0,659.5,671.4,652.8,2.113,2026-02-03 23:02,774
TATATECH,2026-02-24,655.0,19.4,59200.0,54400.0,12.0,46400.0,48800.0,659.5,671.4,652.8,2.113,2026-02-03 23:02,806
TATATECH,2026-02-24,660.0,16.85,455200.0,827200.0,14.6,379200.0,196800.0,659.5,671.4,652.8,2.113,2026-02-03 23:02,704
TATATECH,2026-02-24,665.0,14.8,36800.0,41600.0,17.1,68000.0,95200.0,659.5,671.4,652.8,2.113,2026-02-03 23:02,1174
TATATECH,2026-02-24,670.0,12.45,188800.0,364000.0,19.8,88000.0,117600.0,659.5,671.4,652.8,2.113,2026-02-03 23:02,1421
TATATECH,2026-02-24,675.0,11.85,33600.0,48000.0,29.95,800.0,0.0,659.5,671.4,652.8,2.113,2026-02-03 23:02,1929
TATATECH,2026-02-24,680.0,8.75,298400.0,336000.0,25.3,84000.0,10400.0,659.5,671.4,652.8,2.113,2026-02-03 23:02,2431
TATATECH,2026-02-24,685.0,7.5,28000.0,66400.0,29.05,800.0,4000.0,659.5,671.4,652.8,2.113,2026-02-03 23:02,3135
TATATECH,2026-02-24,690.0,5.95,60800.0,67200.0,35.45,8000.0,6400.0,659.5,671.4,652.8,2.113,2026-02-03 23:02,3824
TATATECH,2026-02-24,695.0,5.0,22400.0,37600.0,39.45,1600.0,3200.0,659.5,671.4,652.8,2.113,2026-02-03 23:02,4536
TATATECH,2026-02-24,700.0,3.95,586400.0,751200.0,37.05,234400.0,10400.0,659.5,671.4,652.8,2.113,2026-02-03 23:02,5257
TATATECH,2026-02-24,705.0,2.2,7200.0,0.0,0.0,0.0,0.0,659.5,671.4,652.8,2.113,2026-02-03 23:02,5747
TATATECH,2026-02-24,710.0,2.8,70400.0,66400.0,58.0,8000.0,0.0,659.5,671.4,652.8,2.113,2026-02-03 23:02,6879
TATATECH,2026-02-24,715.0,1.4,1600.0,0.0,0.0,0.0,0.0,659.5,671.4,652.8,2.113,2026-02-03 23:02,8022
TATATECH,2026-02-24,720.0,2.0,182400.0,126400.0,59.65,65600.0,1600.0,659.5,671.4,652.8,2.113,2026-02-03 23:02,9193
TATATECH,2026-02-24,725.0,2.4,6400.0,800.0,0.0,0.0,0.0,659.5,671.4,652.8,2.113,2026-02-03 23:02,10132
TATATECH,2026-02-24,730.0,1.3,56000.0,34400.0,78.7,9600.0,0.0,659.5,671.4,652.8,2.113,2026-02-03 23:02,11431
TATATECH,2026-02-24,740.0,1.5,52800.0,0.0,83.9,3200.0,0.0,659.5,671.4,652.8,2.113,2026-02-03 23:02,14024
TATATECH,2026-02-24,750.0,0.95,131200.0,84000.0,100.0,21600.0,0.0,659.5,671.4,652.8,2.113,2026-02-03 23:02,16722
TATATECH,2026-02-24,760.0,1.0,20000.0,0.0,96.0,12800.0,0.0,659.5,671.4,652.8,2.113,2026-02-03 23:02,19388
TATATECH,2026-02-24,780.0,0.6,6400.0,0.0,117.0,12000.0,20000.0,659.5,671.4,652.8,2.113,2026-02-03 23:02,25072
TCS,2026-02-24,2640.0,487.75,13125.0,0.0,0.8,14350.0,14350.0,3225.3,3350.0,3186.3,1.757,2026-02-03 23:02,237724
TCS,2026-02-24,2680.0,0.0,0.0,0.0,0.0,0.0,0.0,3225.3,3350.0,3186.3,1.757,2026-02-03 23:02,215210
TCS,2026-02-24,2720.0,458.0,525.0,0.0,1.05,31850.0,53550.0,3225.3,3350.0,3186.3,1.757,2026-02-03 23:02,192056
TCS,2026-02-24,2760.0,464.0,175.0,175.0,1.25,35700.0,138600.0,3225.3,3350.0,3186.3,1.757,2026-02-03 23:02,169052
TCS,2026-02-24,2800.0,400.8,1225.0,0.0,1.3,441350.0,189525.0,3225.3,3350.0,3186.3,1.757,2026-02-03 23:02,146175
TCS,2026-02-24,2840.0,0.0,0.0,0.0,1.8,36400.0,45500.0,3225.3,3350.0,3186.3,1.757,2026-02-03 23:02,125056
TCS,2026-02-24,2860.0,0.0,0.0,0.0,2.0,48125.0,40950.0,3225.3,3350.0,3186.3,1.757,2026-02-03 23:02,114567
TCS,2026-02-24,2880.0,0.0,0.0,0.0,2.25,44100.0,56175.0,3225.3,3350.0,3186.3,1.757,2026-02-03 23:02,104171
TCS,2026-02-24,2900.0,331.1,4725.0,1050.0,2.85,228375.0,124600.0,3225.3,3350.0,3186.3,1.757,2026-02-03 23:02,93863
TCS,2026-02-24,2920.0,0.0,0.0,0.0,3.25,170800.0,116550.0,3225.3,3350.0,3186.3,1.757,2026-02-03 23:02,84122
TCS,2026-02-24,2940.0,247.1,350.0,0.0,3.65,37100.0,43575.0,3225.3,3350.0,3186.3,1.757,2026-02-03 23:02,74577
TCS,2026-02-24,2960.0,217.55,1575.0,0.0,4.4,136850.0,124950.0,3225.3,3350.0,3186.3,1.757,2026-02-03 23:02,65156
TCS,2026-02-24,2980.0,211.7,175.0,0.0,5.25,61250.0,59850.0,3225.3,3350.0,3186.3,1.757,2026-02-03 23:02,55992
TCS,2026-02-24,3000.0,231.45,93975.0,47950.0,6.4,372575.0,688625.0,3225.3,3350.0,3186.3,1.757,2026-02-03 23:02,46948
TCS,2026-02-24,3020.0,235.0,7175.0,175.0,7.65,81900.0,93800.0,3225.3,3350.0,3186.3,1.757,2026-02-03 23:02,40802
TCS,2026-02-24,3040.0,153.0,13475.0,0.0,9.4,116200.0,228900.0,3225.3,3350.0,3186.3,1.757,2026-02-03 23:02,33004
TCS,2026-02-24,3060.0,179.05,52150.0,8575.0,11.75,158900.0,256725.0,3225.3,3350.0,3186.3,1.757,2026-02-03 23:02,25455
TCS,2026-02-24,3080.0,156.7,78225.0,4725.0,14.55,125650.0,167300.0,3225.3,3350.0,3186.3,1.757,2026-02-03 23:02,18979
TCS,2026-02-24,3100.0,140.55,226450.0,257075.0,17.35,471450.0,691075.0,3225.3,3350.0,3186.3,1.757,2026-02-03 23:02,13207
TCS,2026-02-24,3120.0,126.7,132825.0,33250.0,21.3,287000.0,253750.0,3225.3,3350.0,3186.3,1.757,2026-02-03 23:02,10153
TCS,2026-02-24,3140.0,110.35,244475.0,125475.0,26.2,363650.0,462525.0,3225.3,3350.0,3186.3,1.757,2026-02-03 23:02,6644
TCS,2026-02-24,3160.0,95.5,284550.0,325150.0,32.6,307125.0,403200.0,3225.3,3350.0,3186.3,1.757,2026-02-03 23:02,5026
TCS,2026-02-24,3180.0,82.1,981400.0,562625.0,39.55,240100.0,390425.0,3225.3,3350.0,3186.3,1.757,2026-02-03 23:02,4562
TCS,2026-02-24,3200.0,70.5,821450.0,2675925.0,47.4,545650.0,1533175.0,3225.3,3350.0,3186.3,1.757,2026-02-03 23:02,11933
TCS,2026-02-24,3220.0,60.55,359975.0,1143450.0,56.05,163975.0,761075.0,3225.3,3350.0,3186.3,1.757,2026-02-03 23:02,18135
TCS,2026-02-24,3240.0,50.5,517825.0,1505000.0,67.1,180775.0,480025.0,3225.3,3350.0,3186.3,1.757,2026-02-03 23:02,23440
TCS,2026-02-24,3260.0,41.95,336525.0,1109850.0,77.45,106575.0,237300.0,3225.3,3350.0,3186.3,1.757,2026-02-03 23:02,30284
TCS,2026-02-24,3280.0,34.95,247100.0,755475.0,91.0,86800.0,215775.0,3225.3,3350.0,3186.3,1.757,2026-02-03 23:02,37199
TCS,2026-02-24,3300.0,29.5,1086925.0,3848075.0,104.45,306250.0,432600.0,3225.3,3350.0,3186.3,1.757,2026-02-03 23:02,44269
TCS,2026-02-24,3320.0,24.25,137900.0,545300.0,116.3,26425.0,15050.0,3225.3,3350.0,3186.3,1.757,2026-02-03 23:02,54059
TCS,2026-02-24,3340.0,20.05,193550.0,575050.0,131.65,10325.0,12250.0,3225.3,3350.0,3186.3,1.757,2026-02-03 23:02,64197
TCS,2026-02-24,3360.0,16.7,141750.0,441350.0,150.95,19425.0,9625.0,3225.3,3350.0,3186.3,1.757,2026-02-03 23:02,74968
TCS,2026-02-24,3380.0,13.85,100625.0,239925.0,212.4,175.0,0.0,3225.3,3350.0,3186.3,1.757,2026-02-03 23:02,85753
TCS,2026-02-24,3400.0,11.35,966525.0,2140075.0,185.45,260750.0,48825.0,3225.3,3350.0,3186.3,1.757,2026-02-03 23:02,96931
TCS,2026-02-24,3420.0,9.35,170100.0,291725.0,247.5,3850.0,0.0,3225.3,3350.0,3186.3,1.757,2026-02-03 23:02,106690
TCS,2026-02-24,3440.0,7.65,208775.0,187775.0,217.8,14000.0,525.0,3225.3,3350.0,3186.3,1.757,2026-02-03 23:02,120599
TCS,2026-02-24,3460.0,6.35,209300.0,138950.0,235.3,1925.0,1400.0,3225.3,3350.0,3186.3,1.757,2026-02-03 23:02,134745
TCS,2026-02-24,3480.0,6.05,40425.0,106225.0,294.5,2450.0,0.0,3225.3,3350.0,3186.3,1.757,2026-02-03 23:02,149546
TCS,2026-02-24,3500.0,4.9,458150.0,1185275.0,262.0,45325.0,1750.0,3225.3,3350.0,3186.3,1.757,2026-02-03 23:02,164297
TCS,2026-02-24,3520.0,4.35,127750.0,213675.0,307.95,13825.0,0.0,3225.3,3350.0,3186.3,1.757,2026-02-03 23:02,179140
TCS,2026-02-24,3540.0,3.6,34650.0,109900.0,360.05,3850.0,0.0,3225.3,3350.0,3186.3,1.757,2026-02-03 23:02,194859
TCS,2026-02-24,3560.0,3.3,33775.0,43750.0,355.9,12075.0,0.0,3225.3,3350.0,3186.3,1.757,2026-02-03 23:02,210899
TCS,2026-02-24,3600.0,2.9,266350.0,613200.0,374.0,127400.0,12775.0,3225.3,3350.0,3186.3,1.757,2026-02-03 23:02,242996
TCS,2026-02-24,3640.0,2.2,9275.0,40600.0,387.0,13475.0,525.0,3225.3,3350.0,3186.3,1.757,2026-02-03 23:02,272399
TCS,2026-02-24,3680.0,2.15,25025.0,38325.0,494.25,4200.0,0.0,3225.3,3350.0,3186.3,1.757,2026-02-03 23:02,306062
TCS,2026-02-24,3720.0,1.65,39375.0,75950.0,485.95,4550.0,700.0,3225.3,3350.0,3186.3,1.757,2026-02-03 23:02,340158
TCS,2026-02-24,3760.0,1.7,19075.0,30625.0,610.0,4725.0,0.0,3225.3,3350.0,3186.3,1.757,2026-02-03 23:02,374418
TCS,2026-02-24,3840.0,0.0,0.0,0.0,660.0,46375.0,0.0,3225.3,3350.0,3186.3,1.757,2026-02-03 23:02,443272
TECHM,2026-02-24,1320.0,394.0,9000.0,0.0,0.0,0.0,0.0,1716.5,1854.0,1712.7,-0.435,2026-02-03 23:02,122639
TECHM,2026-02-24,1360.0,342.0,600.0,0.0,0.0,0.0,0.0,1716.5,1854.0,1712.7,-0.435,2026-02-03 23:02,105841
TECHM,2026-02-24,1400.0,350.0,12600.0,0.0,0.45,19800.0,1200.0,1716.5,1854.0,1712.7,-0.435,2026-02-03 23:02,88711
TECHM,2026-02-24,1420.0,309.25,600.0,0.0,0.0,0.0,0.0,1716.5,1854.0,1712.7,-0.435,2026-02-03 23:02,80641
TECHM,2026-02-24,1440.0,160.0,600.0,0.0,0.4,21600.0,0.0,1716.5,1854.0,1712.7,-0.435,2026-02-03 23:02,72150
TECHM,2026-02-24,1460.0,269.6,6600.0,0.0,0.35,16200.0,12600.0,1716.5,1854.0,1712.7,-0.435,2026-02-03 23:02,63694
TECHM,2026-02-24,1480.0,220.0,2400.0,0.0,0.8,5400.0,0.0,1716.5,1854.0,1712.7,-0.435,2026-02-03 23:02,55452
TECHM,2026-02-24,1500.0,228.5,112800.0,0.0,1.35,205800.0,38400.0,1716.5,1854.0,1712.7,-0.435,2026-02-03 23:02,47101
TECHM,2026-02-24,1520.0,215.0,1800.0,0.0,1.9,33000.0,0.0,1716.5,1854.0,1712.7,-0.435,2026-02-03 23:02,41884
TECHM,2026-02-24,1540.0,0.0,0.0,0.0,2.0,787800.0,101400.0,1716.5,1854.0,1712.7,-0.435,2026-02-03 23:02,34220
TECHM,2026-02-24,1560.0,171.35,3000.0,0.0,3.2,155400.0,82200.0,1716.5,1854.0,1712.7,-0.435,2026-02-03 23:02,27941
TECHM,2026-02-24,1580.0,155.3,1200.0,0.0,4.8,44400.0,22200.0,1716.5,1854.0,1712.7,-0.435,2026-02-03 23:02,22138
TECHM,2026-02-24,1600.0,126.75,53400.0,0.0,6.8,561600.0,385200.0,1716.5,1854.0,1712.7,-0.435,2026-02-03 23:02,16422
TECHM,2026-02-24,1620.0,112.65,27000.0,6000.0,9.4,391200.0,238800.0,1716.5,1854.0,1712.7,-0.435,2026-02-03 23:02,12234
TECHM,2026-02-24,1640.0,95.8,13200.0,600.0,12.4,280800.0,289800.0,1716.5,1854.0,1712.7,-0.435,2026-02-03 23:02,8524
TECHM,2026-02-24,1660.0,80.3,30600.0,5400.0,17.0,154200.0,208200.0,1716.5,1854.0,1712.7,-0.435,2026-02-03 23:02,5243
TECHM,2026-02-24,1680.0,64.7,31800.0,37200.0,21.9,203400.0,379200.0,1716.5,1854.0,1712.7,-0.435,2026-02-03 23:02,2538
TECHM,2026-02-24,1700.0,52.25,174000.0,298200.0,29.5,394200.0,832800.0,1716.5,1854.0,1712.7,-0.435,2026-02-03 23:02,79
TECHM,2026-02-24,1720.0,41.0,228000.0,787200.0,37.55,195000.0,970800.0,1716.5,1854.0,1712.7,-0.435,2026-02-03 23:02,-1256
TECHM,2026-02-24,1740.0,31.0,483600.0,1374000.0,47.95,219000.0,603000.0,1716.5,1854.0,1712.7,-0.435,2026-02-03 23:02,-1290
TECHM,2026-02-24,1760.0,23.75,714000.0,1333200.0,61.15,372000.0,397200.0,1716.5,1854.0,1712.7,-0.435,2026-02-03 23:02,327
TECHM,2026-02-24,1780.0,17.2,1035600.0,925800.0,74.4,54000.0,99000.0,1716.5,1854.0,1712.7,-0.435,2026-02-03 23:02,3089
TECHM,2026-02-24,1800.0,12.8,705600.0,2328600.0,90.0,116400.0,152400.0,1716.5,1854.0,1712.7,-0.435,2026-02-03 23:02,9988
TECHM,2026-02-24,1820.0,9.3,242400.0,708600.0,92.2,8400.0,15600.0,1716.5,1854.0,1712.7,-0.435,2026-02-03 23:02,17008
TECHM,2026-02-24,1840.0,6.65,279600.0,694200.0,123.15,26400.0,86400.0,1716.5,1854.0,1712.7,-0.435,2026-02-03 23:02,24821
TECHM,2026-02-24,1860.0,4.75,234600.0,368400.0,141.1,9600.0,16800.0,1716.5,1854.0,1712.7,-0.435,2026-02-03 23:02,32960
TECHM,2026-02-24,1880.0,3.45,130800.0,126600.0,134.1,1800.0,6000.0,1716.5,1854.0,1712.7,-0.435,2026-02-03 23:02,41702
TECHM,2026-02-24,1900.0,2.45,298800.0,498000.0,152.15,5400.0,7800.0,1716.5,1854.0,1712.7,-0.435,2026-02-03 23:02,50754
TECHM,2026-02-24,1920.0,1.7,141000.0,106200.0,224.0,600.0,0.0,1716.5,1854.0,1712.7,-0.435,2026-02-03 23:02,60385
TECHM,2026-02-24,1960.0,0.75,684600.0,373800.0,189.0,8400.0,0.0,1716.5,1854.0,1712.7,-0.435,2026-02-03 23:02,80241
TECHM,2026-02-24,2000.0,0.5,116400.0,130800.0,260.9,5400.0,1200.0,1716.5,1854.0,1712.7,-0.435,2026-02-03 23:02,102751
TIINDIA,2026-02-24,1800.0,0.0,0.0,0.0,3.75,600.0,0.0,2503.3,2547.0,2416.0,8.101,2026-02-03 23:02,12498
TIINDIA,2026-02-24,1880.0,648.05,0.0,2000.0,0.0,0.0,0.0,2503.3,2547.0,2416.0,8.101,2026-02-03 23:02,8669
TIINDIA,2026-02-24,1920.0,0.0,0.0,0.0,3.2,17400.0,21600.0,2503.3,2547.0,2416.0,8.101,2026-02-03 23:02,6755
TIINDIA,2026-02-24,1960.0,325.0,800.0,0.0,0.0,0.0,0.0,2503.3,2547.0,2416.0,8.101,2026-02-03 23:02,4904
TIINDIA,2026-02-24,2000.0,460.0,200.0,200.0,5.0,45400.0,2200.0,2503.3,2547.0,2416.0,8.101,2026-02-03 23:02,3089
TIINDIA,2026-02-24,2040.0,491.7,0.0,600.0,0.0,0.0,0.0,2503.3,2547.0,2416.0,8.101,2026-02-03 23:02,1416
TIINDIA,2026-02-24,2060.0,472.35,0.0,600.0,0.0,0.0,0.0,2503.3,2547.0,2416.0,8.101,2026-02-03 23:02,586
TIINDIA,2026-02-24,2080.0,453.05,0.0,600.0,0.0,0.0,0.0,2503.3,2547.0,2416.0,8.101,2026-02-03 23:02,-242
TIINDIA,2026-02-24,2100.0,265.0,600.0,0.0,7.15,38800.0,75000.0,2503.3,2547.0,2416.0,8.101,2026-02-03 23:02,-1072
TIINDIA,2026-02-24,2120.0,403.0,5600.0,400.0,19.35,3400.0,0.0,2503.3,2547.0,2416.0,8.101,2026-02-03 23:02,-1835
TIINDIA,2026-02-24,2140.0,0.0,0.0,0.0,23.25,800.0,0.0,2503.3,2547.0,2416.0,8.101,2026-02-03 23:02,-2348
TIINDIA,2026-02-24,2160.0,0.0,0.0,0.0,8.55,6600.0,2600.0,2503.3,2547.0,2416.0,8.101,2026-02-03 23:02,-3081
TIINDIA,2026-02-24,2180.0,256.65,4800.0,200.0,0.0,0.0,0.0,2503.3,2547.0,2416.0,8.101,2026-02-03 23:02,-3805
TIINDIA,2026-02-24,2200.0,318.65,61200.0,45200.0,12.5,51600.0,78800.0,2503.3,2547.0,2416.0,8.101,2026-02-03 23:02,-4390
TIINDIA,2026-02-24,2220.0,148.4,4800.0,0.0,13.2,6000.0,200.0,2503.3,2547.0,2416.0,8.101,2026-02-03 23:02,-2987
TIINDIA,2026-02-24,2240.0,135.5,18000.0,0.0,13.95,12000.0,1400.0,2503.3,2547.0,2416.0,8.101,2026-02-03 23:02,-3385
TIINDIA,2026-02-24,2260.0,92.35,10800.0,0.0,16.8,24000.0,25800.0,2503.3,2547.0,2416.0,8.101,2026-02-03 23:02,-3559
TIINDIA,2026-02-24,2280.0,219.0,8400.0,1000.0,20.0,2400.0,2800.0,2503.3,2547.0,2416.0,8.101,2026-02-03 23:02,-3831
TIINDIA,2026-02-24,2300.0,235.55,104400.0,45000.0,22.95,98400.0,236000.0,2503.3,2547.0,2416.0,8.101,2026-02-03 23:02,-3962
TIINDIA,2026-02-24,2320.0,170.0,8400.0,200.0,26.35,6000.0,7800.0,2503.3,2547.0,2416.0,8.101,2026-02-03 23:02,-1633
TIINDIA,2026-02-24,2340.0,204.25,9000.0,3400.0,27.0,11400.0,11800.0,2503.3,2547.0,2416.0,8.101,2026-02-03 23:02,-1382
TIINDIA,2026-02-24,2360.0,180.0,4000.0,5200.0,33.5,25000.0,45600.0,2503.3,2547.0,2416.0,8.101,2026-02-03 23:02,-1064
TIINDIA,2026-02-24,2380.0,173.6,6000.0,3200.0,108.75,3200.0,0.0,2503.3,2547.0,2416.0,8.101,2026-02-03 23:02,-852
TIINDIA,2026-02-24,2400.0,158.9,105200.0,138000.0,44.0,35000.0,92000.0,2503.3,2547.0,2416.0,8.101,2026-02-03 23:02,-541
TIINDIA,2026-02-24,2420.0,145.0,4200.0,5000.0,48.2,4200.0,5000.0,2503.3,2547.0,2416.0,8.101,2026-02-03 23:02,1497
TIINDIA,2026-02-24,2440.0,130.6,5800.0,56200.0,57.0,12200.0,57400.0,2503.3,2547.0,2416.0,8.101,2026-02-03 23:02,2077
TIINDIA,2026-02-24,2460.0,118.9,16600.0,205800.0,65.0,1600.0,4400.0,2503.3,2547.0,2416.0,8.101,2026-02-03 23:02,2658
TIINDIA,2026-02-24,2480.0,106.2,14200.0,91600.0,77.5,800.0,3600.0,2503.3,2547.0,2416.0,8.101,2026-02-03 23:02,3456
TIINDIA,2026-02-24,2500.0,94.0,134600.0,1936000.0,83.1,61400.0,176200.0,2503.3,2547.0,2416.0,8.101,2026-02-03 23:02,4242
TIINDIA,2026-02-24,2520.0,84.7,3400.0,11200.0,0.0,0.0,0.0,2503.3,2547.0,2416.0,8.101,2026-02-03 23:02,6030
TIINDIA,2026-02-24,2540.0,76.15,28200.0,201200.0,100.65,600.0,1800.0,2503.3,2547.0,2416.0,8.101,2026-02-03 23:02,7099
TIINDIA,2026-02-24,2560.0,70.0,6400.0,23000.0,0.0,0.0,0.0,2503.3,2547.0,2416.0,8.101,2026-02-03 23:02,8405
TIINDIA,2026-02-24,2580.0,0.0,0.0,0.0,0.0,0.0,0.0,2503.3,2547.0,2416.0,8.101,2026-02-03 23:02,9560
TIINDIA,2026-02-24,2600.0,54.25,80200.0,690800.0,138.0,3200.0,4200.0,2503.3,2547.0,2416.0,8.101,2026-02-03 23:02,10671
TIINDIA,2026-02-24,2640.0,42.75,1000.0,800.0,0.0,0.0,0.0,2503.3,2547.0,2416.0,8.101,2026-02-03 23:02,13616
TIINDIA,2026-02-24,2660.0,8.75,600.0,0.0,0.0,0.0,0.0,2503.3,2547.0,2416.0,8.101,2026-02-03 23:02,14899
TIINDIA,2026-02-24,2680.0,0.0,0.0,0.0,0.0,0.0,0.0,2503.3,2547.0,2416.0,8.101,2026-02-03 23:02,16180
TIINDIA,2026-02-24,2700.0,28.0,41400.0,331200.0,200.0,3600.0,600.0,2503.3,2547.0,2416.0,8.101,2026-02-03 23:02,17461
TIINDIA,2026-02-24,2720.0,25.4,6200.0,6800.0,0.0,0.0,0.0,2503.3,2547.0,2416.0,8.101,2026-02-03 23:02,18875
TIINDIA,2026-02-24,2780.0,0.0,0.0,0.0,457.3,200.0,0.0,2503.3,2547.0,2416.0,8.101,2026-02-03 23:02,23039
TIINDIA,2026-02-24,2800.0,15.35,26800.0,124800.0,440.0,2400.0,0.0,2503.3,2547.0,2416.0,8.101,2026-02-03 23:02,24413
TIINDIA,2026-02-24,2820.0,0.0,0.0,0.0,496.2,200.0,0.0,2503.3,2547.0,2416.0,8.101,2026-02-03 23:02,25790
TIINDIA,2026-02-24,2840.0,0.0,0.0,0.0,515.75,600.0,0.0,2503.3,2547.0,2416.0,8.101,2026-02-03 23:02,27223
TIINDIA,2026-02-24,2960.0,0.5,200.0,0.0,0.0,0.0,0.0,2503.3,2547.0,2416.0,8.101,2026-02-03 23:02,35851
TIINDIA,2026-02-24,3000.0,6.0,15800.0,43200.0,0.0,0.0,0.0,2503.3,2547.0,2416.0,8.101,2026-02-03 23:02,38738
TIINDIA,2026-02-24,3040.0,0.0,0.0,0.0,562.0,200.0,200.0,2503.3,2547.0,2416.0,8.101,2026-02-03 23:02,41698
TITAN,2026-02-24,3440.0,0.0,0.0,0.0,2.0,23800.0,3850.0,4068.6,4143.0,4044.1,2.919,2026-02-03 23:02,54578
TITAN,2026-02-24,3480.0,0.0,0.0,0.0,1.6,31150.0,4375.0,4068.6,4143.0,4044.1,2.919,2026-02-03 23:02,47259
TITAN,2026-02-24,3520.0,449.0,525.0,0.0,3.15,82425.0,80500.0,4068.6,4143.0,4044.1,2.919,2026-02-03 23:02,40064
TITAN,2026-02-24,3560.0,0.0,0.0,0.0,4.5,63700.0,6300.0,4068.6,4143.0,4044.1,2.919,2026-02-03 23:02,33204
TITAN,2026-02-24,3600.0,445.0,875.0,0.0,5.0,185850.0,65275.0,4068.6,4143.0,4044.1,2.919,2026-02-03 23:02,26572
TITAN,2026-02-24,3640.0,0.0,0.0,0.0,6.6,3850.0,2625.0,4068.6,4143.0,4044.1,2.919,2026-02-03 23:02,20662
TITAN,2026-02-24,3680.0,346.25,350.0,0.0,8.55,13650.0,17325.0,4068.6,4143.0,4044.1,2.919,2026-02-03 23:02,14818
TITAN,2026-02-24,3700.0,0.0,0.0,0.0,10.0,98000.0,44625.0,4068.6,4143.0,4044.1,2.919,2026-02-03 23:02,11926
TITAN,2026-02-24,3720.0,382.0,2975.0,350.0,12.0,33950.0,27475.0,4068.6,4143.0,4044.1,2.919,2026-02-03 23:02,9132
TITAN,2026-02-24,3740.0,0.0,0.0,0.0,0.0,0.0,0.0,4068.6,4143.0,4044.1,2.919,2026-02-03 23:02,6582
TITAN,2026-02-24,3760.0,236.4,1050.0,0.0,14.15,12075.0,11900.0,4068.6,4143.0,4044.1,2.919,2026-02-03 23:02,3960
TITAN,2026-02-24,3780.0,187.05,175.0,0.0,15.5,4375.0,4725.0,4068.6,4143.0,4044.1,2.919,2026-02-03 23:02,1371
TITAN,2026-02-24,3800.0,300.0,24675.0,1225.0,18.75,193900.0,164850.0,4068.6,4143.0,4044.1,2.919,2026-02-03 23:02,-1218
TITAN,2026-02-24,3820.0,296.8,1925.0,875.0,21.9,9625.0,14000.0,4068.6,4143.0,4044.1,2.919,2026-02-03 23:02,-2992
TITAN,2026-02-24,3840.0,174.4,8575.0,0.0,23.6,6475.0,5250.0,4068.6,4143.0,4044.1,2.919,2026-02-03 23:02,-5083
TITAN,2026-02-24,3860.0,155.3,21700.0,0.0,27.0,47250.0,6475.0,4068.6,4143.0,4044.1,2.919,2026-02-03 23:02,-7045
TITAN,2026-02-24,3880.0,274.75,183925.0,700.0,30.3,46550.0,49000.0,4068.6,4143.0,4044.1,2.919,2026-02-03 23:02,-8795
TITAN,2026-02-24,3900.0,212.45,79800.0,44975.0,33.75,242725.0,177800.0,4068.6,4143.0,4044.1,2.919,2026-02-03 23:02,-5381
TITAN,2026-02-24,3920.0,200.0,27125.0,5950.0,43.7,16800.0,5600.0,4068.6,4143.0,4044.1,2.919,2026-02-03 23:02,-5357
TITAN,2026-02-24,3940.0,188.0,16800.0,33075.0,43.5,24675.0,26075.0,4068.6,4143.0,4044.1,2.919,2026-02-03 23:02,-5653
TITAN,2026-02-24,3960.0,165.0,36225.0,37975.0,49.2,69650.0,53550.0,4068.6,4143.0,4044.1,2.919,2026-02-03 23:02,-6127
TITAN,2026-02-24,3980.0,156.25,41300.0,19425.0,56.1,54950.0,44625.0,4068.6,4143.0,4044.1,2.919,2026-02-03 23:02,-6342
TITAN,2026-02-24,4000.0,148.7,206325.0,218225.0,58.65,277375.0,521675.0,4068.6,4143.0,4044.1,2.919,2026-02-03 23:02,-6283
TITAN,2026-02-24,4020.0,134.55,27300.0,17150.0,69.3,23100.0,13475.0,4068.6,4143.0,4044.1,2.919,2026-02-03 23:02,-4152
TITAN,2026-02-24,4040.0,122.4,44450.0,47250.0,76.0,33600.0,26250.0,4068.6,4143.0,4044.1,2.919,2026-02-03 23:02,-3155
TITAN,2026-02-24,4060.0,113.1,22925.0,78925.0,84.3,29225.0,53025.0,4068.6,4143.0,4044.1,2.919,2026-02-03 23:02,-1920
TITAN,2026-02-24,4080.0,106.0,23625.0,96075.0,91.1,24325.0,95725.0,4068.6,4143.0,4044.1,2.919,2026-02-03 23:02,-856
TITAN,2026-02-24,4100.0,93.75,254275.0,1003975.0,103.0,81375.0,358400.0,4068.6,4143.0,4044.1,2.919,2026-02-03 23:02,318
TITAN,2026-02-24,4120.0,81.85,32200.0,126000.0,113.75,19600.0,24675.0,4068.6,4143.0,4044.1,2.919,2026-02-03 23:02,3682
TITAN,2026-02-24,4140.0,77.35,43575.0,154175.0,116.0,12075.0,6125.0,4068.6,4143.0,4044.1,2.919,2026-02-03 23:02,5644
TITAN,2026-02-24,4160.0,66.05,128625.0,156100.0,128.6,5075.0,2275.0,4068.6,4143.0,4044.1,2.919,2026-02-03 23:02,7874
TITAN,2026-02-24,4180.0,62.5,9275.0,6475.0,139.65,3325.0,700.0,4068.6,4143.0,4044.1,2.919,2026-02-03 23:02,10958
TITAN,2026-02-24,4200.0,54.15,292075.0,626325.0,165.0,59325.0,31325.0,4068.6,4143.0,4044.1,2.919,2026-02-03 23:02,13295
TITAN,2026-02-24,4220.0,41.0,15400.0,6475.0,163.9,175.0,1050.0,4068.6,4143.0,4044.1,2.919,2026-02-03 23:02,16926
TITAN,2026-02-24,4240.0,38.55,121275.0,43575.0,195.15,350.0,700.0,4068.6,4143.0,4044.1,2.919,2026-02-03 23:02,20046
TITAN,2026-02-24,4260.0,34.45,11375.0,8925.0,215.0,1750.0,1750.0,4068.6,4143.0,4044.1,2.919,2026-02-03 23:02,23809
TITAN,2026-02-24,4280.0,35.0,21350.0,12075.0,214.9,350.0,875.0,4068.6,4143.0,4044.1,2.919,2026-02-03 23:02,27139
TITAN,2026-02-24,4300.0,29.0,336175.0,417200.0,214.2,10325.0,1225.0,4068.6,4143.0,4044.1,2.919,2026-02-03 23:02,30579
TITAN,2026-02-24,4320.0,23.15,14875.0,4900.0,0.0,0.0,0.0,4068.6,4143.0,4044.1,2.919,2026-02-03 23:02,35398
TITAN,2026-02-24,4360.0,18.5,25725.0,40075.0,0.0,0.0,0.0,4068.6,4143.0,4044.1,2.919,2026-02-03 23:02,43622
TITAN,2026-02-24,4380.0,16.1,2100.0,350.0,0.0,0.0,0.0,4068.6,4143.0,4044.1,2.919,2026-02-03 23:02,47816
TITAN,2026-02-24,4400.0,14.6,140175.0,313250.0,325.0,1050.0,525.0,4068.6,4143.0,4044.1,2.919,2026-02-03 23:02,51970
TITAN,2026-02-24,4420.0,10.35,9450.0,7700.0,0.0,0.0,0.0,4068.6,4143.0,4044.1,2.919,2026-02-03 23:02,56574
TITAN,2026-02-24,4440.0,9.7,6650.0,8225.0,0.0,0.0,0.0,4068.6,4143.0,4044.1,2.919,2026-02-03 23:02,61036
TITAN,2026-02-24,4480.0,8.2,2275.0,2275.0,0.0,0.0,0.0,4068.6,4143.0,4044.1,2.919,2026-02-03 23:02,69973
TITAN,2026-02-24,4500.0,6.8,235900.0,339500.0,0.0,0.0,0.0,4068.6,4143.0,4044.1,2.919,2026-02-03 23:02,74445
TITAN,2026-02-24,4520.0,6.0,46725.0,32550.0,0.0,0.0,0.0,4068.6,4143.0,4044.1,2.919,2026-02-03 23:02,79547
TITAN,2026-02-24,4600.0,3.75,51975.0,73850.0,500.0,4375.0,0.0,4068.6,4143.0,4044.1,2.919,2026-02-03 23:02,99715
TITAN,2026-02-24,4640.0,2.9,73325.0,43575.0,0.0,0.0,0.0,4068.6,4143.0,4044.1,2.919,2026-02-03 23:02,109811
TITAN,2026-02-24,4720.0,2.65,17325.0,28875.0,0.0,0.0,0.0,4068.6,4143.0,4044.1,2.919,2026-02-03 23:02,131010
TITAN,2026-02-24,4760.0,4.0,1225.0,1225.0,789.75,175.0,0.0,4068.6,4143.0,4044.1,2.919,2026-02-03 23:02,141673
TORNTPHARM,2026-02-24,3360.0,0.0,0.0,0.0,3.9,10500.0,5750.0,4045.6,4104.1,4010.2,1.465,2026-02-03 23:02,7696
TORNTPHARM,2026-02-24,3400.0,0.0,0.0,0.0,7.15,5750.0,250.0,4045.6,4104.1,4010.2,1.465,2026-02-03 23:02,6816
TORNTPHARM,2026-02-24,3440.0,0.0,0.0,0.0,10.0,750.0,0.0,4045.6,4104.1,4010.2,1.465,2026-02-03 23:02,5959
TORNTPHARM,2026-02-24,3480.0,0.0,0.0,0.0,10.4,3750.0,0.0,4045.6,4104.1,4010.2,1.465,2026-02-03 23:02,5108
TORNTPHARM,2026-02-24,3520.0,459.0,750.0,0.0,6.55,10750.0,11000.0,4045.6,4104.1,4010.2,1.465,2026-02-03 23:02,4270
TORNTPHARM,2026-02-24,3560.0,0.0,0.0,0.0,7.65,5500.0,2000.0,4045.6,4104.1,4010.2,1.465,2026-02-03 23:02,3508
TORNTPHARM,2026-02-24,3600.0,0.0,0.0,0.0,8.5,3750.0,1250.0,4045.6,4104.1,4010.2,1.465,2026-02-03 23:02,2737
TORNTPHARM,2026-02-24,3620.0,0.0,0.0,0.0,24.8,1000.0,0.0,4045.6,4104.1,4010.2,1.465,2026-02-03 23:02,2358
TORNTPHARM,2026-02-24,3640.0,0.0,0.0,0.0,17.0,500.0,0.0,4045.6,4104.1,4010.2,1.465,2026-02-03 23:02,1981
TORNTPHARM,2026-02-24,3660.0,0.0,0.0,0.0,12.9,8000.0,1500.0,4045.6,4104.1,4010.2,1.465,2026-02-03 23:02,1607
TORNTPHARM,2026-02-24,3680.0,0.0,0.0,0.0,33.15,500.0,0.0,4045.6,4104.1,4010.2,1.465,2026-02-03 23:02,1240
TORNTPHARM,2026-02-24,3700.0,230.0,3750.0,0.0,16.1,37500.0,32500.0,4045.6,4104.1,4010.2,1.465,2026-02-03 23:02,882
TORNTPHARM,2026-02-24,3720.0,262.8,750.0,0.0,30.0,3250.0,0.0,4045.6,4104.1,4010.2,1.465,2026-02-03 23:02,635
TORNTPHARM,2026-02-24,3740.0,0.0,0.0,0.0,43.0,2500.0,0.0,4045.6,4104.1,4010.2,1.465,2026-02-03 23:02,379
TORNTPHARM,2026-02-24,3760.0,0.0,0.0,0.0,42.35,3000.0,0.0,4045.6,4104.1,4010.2,1.465,2026-02-03 23:02,108
TORNTPHARM,2026-02-24,3780.0,187.8,500.0,0.0,50.0,3000.0,0.0,4045.6,4104.1,4010.2,1.465,2026-02-03 23:02,-158
TORNTPHARM,2026-02-24,3800.0,187.45,15250.0,0.0,28.65,32250.0,27250.0,4045.6,4104.1,4010.2,1.465,2026-02-03 23:02,-411
TORNTPHARM,2026-02-24,3820.0,0.0,0.0,0.0,44.75,2000.0,0.0,4045.6,4104.1,4010.2,1.465,2026-02-03 23:02,-371
TORNTPHARM,2026-02-24,3840.0,226.65,750.0,0.0,56.55,2750.0,0.0,4045.6,4104.1,4010.2,1.465,2026-02-03 23:02,-528
TORNTPHARM,2026-02-24,3860.0,0.0,0.0,0.0,65.55,750.0,0.0,4045.6,4104.1,4010.2,1.465,2026-02-03 23:02,-668
TORNTPHARM,2026-02-24,3880.0,151.4,250.0,0.0,92.7,3000.0,0.0,4045.6,4104.1,4010.2,1.465,2026-02-03 23:02,-813
TORNTPHARM,2026-02-24,3900.0,168.5,11000.0,1500.0,51.05,20000.0,21250.0,4045.6,4104.1,4010.2,1.465,2026-02-03 23:02,-970
TORNTPHARM,2026-02-24,3920.0,119.95,2750.0,0.0,75.25,0.0,0.0,4045.6,4104.1,4010.2,1.465,2026-02-03 23:02,-959
TORNTPHARM,2026-02-24,3940.0,130.95,5250.0,2000.0,84.15,10250.0,0.0,4045.6,4104.1,4010.2,1.465,2026-02-03 23:02,-992
TORNTPHARM,2026-02-24,3960.0,128.5,5750.0,1000.0,97.45,13500.0,0.0,4045.6,4104.1,4010.2,1.465,2026-02-03 23:02,-1044
TORNTPHARM,2026-02-24,3980.0,119.95,4250.0,3000.0,81.1,3500.0,7250.0,4045.6,4104.1,4010.2,1.465,2026-02-03 23:02,-1098
TORNTPHARM,2026-02-24,4000.0,104.2,51500.0,232750.0,87.6,17250.0,40500.0,4045.6,4104.1,4010.2,1.465,2026-02-03 23:02,-1057
TORNTPHARM,2026-02-24,4020.0,96.65,9000.0,11500.0,113.25,500.0,0.0,4045.6,4104.1,4010.2,1.465,2026-02-03 23:02,-515
TORNTPHARM,2026-02-24,4040.0,91.1,3000.0,16750.0,110.05,7250.0,7000.0,4045.6,4104.1,4010.2,1.465,2026-02-03 23:02,-258
TORNTPHARM,2026-02-24,4060.0,81.4,13750.0,16250.0,168.75,1750.0,0.0,4045.6,4104.1,4010.2,1.465,2026-02-03 23:02,-114
TORNTPHARM,2026-02-24,4080.0,39.65,3750.0,0.0,177.05,500.0,0.0,4045.6,4104.1,4010.2,1.465,2026-02-03 23:02,194
TORNTPHARM,2026-02-24,4100.0,62.0,46250.0,198750.0,145.9,7250.0,2750.0,4045.6,4104.1,4010.2,1.465,2026-02-03 23:02,436
TORNTPHARM,2026-02-24,4120.0,54.4,5500.0,4000.0,197.85,1000.0,0.0,4045.6,4104.1,4010.2,1.465,2026-02-03 23:02,959
TORNTPHARM,2026-02-24,4140.0,26.05,750.0,0.0,217.8,500.0,0.0,4045.6,4104.1,4010.2,1.465,2026-02-03 23:02,1325
TORNTPHARM,2026-02-24,4160.0,51.0,1000.0,0.0,222.45,2250.0,0.0,4045.6,4104.1,4010.2,1.465,2026-02-03 23:02,1674
TORNTPHARM,2026-02-24,4180.0,43.4,750.0,0.0,201.35,1000.0,2000.0,4045.6,4104.1,4010.2,1.465,2026-02-03 23:02,1993
TORNTPHARM,2026-02-24,4200.0,35.0,32500.0,50500.0,252.45,250.0,0.0,4045.6,4104.1,4010.2,1.465,2026-02-03 23:02,2344
TORNTPHARM,2026-02-24,4220.0,23.45,1000.0,0.0,0.0,0.0,0.0,4045.6,4104.1,4010.2,1.465,2026-02-03 23:02,2885
TORNTPHARM,2026-02-24,4240.0,28.0,15750.0,750.0,0.0,0.0,0.0,4045.6,4104.1,4010.2,1.465,2026-02-03 23:02,3323
TORNTPHARM,2026-02-24,4260.0,24.0,4250.0,5000.0,0.0,0.0,0.0,4045.6,4104.1,4010.2,1.465,2026-02-03 23:02,3834
TORNTPHARM,2026-02-24,4280.0,20.4,9750.0,1000.0,307.1,1500.0,0.0,4045.6,4104.1,4010.2,1.465,2026-02-03 23:02,4320
TORNTPHARM,2026-02-24,4300.0,18.1,7250.0,1250.0,0.0,0.0,0.0,4045.6,4104.1,4010.2,1.465,2026-02-03 23:02,4792
TORNTPHARM,2026-02-24,4320.0,16.55,3500.0,5250.0,0.0,0.0,0.0,4045.6,4104.1,4010.2,1.465,2026-02-03 23:02,5317
TORNTPHARM,2026-02-24,4340.0,15.5,3750.0,0.0,0.0,0.0,0.0,4045.6,4104.1,4010.2,1.465,2026-02-03 23:02,5843
TORNTPHARM,2026-02-24,4360.0,8.5,750.0,0.0,0.0,0.0,0.0,4045.6,4104.1,4010.2,1.465,2026-02-03 23:02,6375
TORNTPHARM,2026-02-24,4400.0,11.5,14250.0,22500.0,457.95,500.0,0.0,4045.6,4104.1,4010.2,1.465,2026-02-03 23:02,7433
TORNTPHARM,2026-02-24,4440.0,18.65,250.0,0.0,0.0,0.0,0.0,4045.6,4104.1,4010.2,1.465,2026-02-03 23:02,8543
TORNTPHARM,2026-02-24,4480.0,16.0,250.0,0.0,0.0,0.0,0.0,4045.6,4104.1,4010.2,1.465,2026-02-03 23:02,9660
TORNTPHARM,2026-02-24,4520.0,21.0,250.0,0.0,0.0,0.0,0.0,4045.6,4104.1,4010.2,1.465,2026-02-03 23:02,10778
TORNTPHARM,2026-02-24,4560.0,6.35,35500.0,69000.0,0.0,0.0,0.0,4045.6,4104.1,4010.2,1.465,2026-02-03 23:02,11898
TORNTPOWER,2026-02-24,1080.0,0.0,0.0,0.0,3.45,33575.0,17000.0,1370.3,1378.4,1339.0,3.061,2026-02-03 23:02,12361
TORNTPOWER,2026-02-24,1100.0,0.0,0.0,0.0,3.0,53125.0,71825.0,1370.3,1378.4,1339.0,3.061,2026-02-03 23:02,10645
TORNTPOWER,2026-02-24,1120.0,228.25,0.0,2125.0,4.4,87550.0,1700.0,1370.3,1378.4,1339.0,3.061,2026-02-03 23:02,9031
TORNTPOWER,2026-02-24,1130.0,0.0,0.0,0.0,0.0,0.0,0.0,1370.3,1378.4,1339.0,3.061,2026-02-03 23:02,8281
TORNTPOWER,2026-02-24,1140.0,0.0,0.0,0.0,6.5,9350.0,0.0,1370.3,1378.4,1339.0,3.061,2026-02-03 23:02,7570
TORNTPOWER,2026-02-24,1150.0,0.0,0.0,0.0,0.0,0.0,0.0,1370.3,1378.4,1339.0,3.061,2026-02-03 23:02,6862
TORNTPOWER,2026-02-24,1160.0,0.0,0.0,0.0,10.5,2975.0,0.0,1370.3,1378.4,1339.0,3.061,2026-02-03 23:02,6159
TORNTPOWER,2026-02-24,1170.0,0.0,0.0,0.0,0.0,0.0,0.0,1370.3,1378.4,1339.0,3.061,2026-02-03 23:02,5457
TORNTPOWER,2026-02-24,1180.0,0.0,0.0,0.0,13.0,2125.0,0.0,1370.3,1378.4,1339.0,3.061,2026-02-03 23:02,4758
TORNTPOWER,2026-02-24,1190.0,0.0,0.0,0.0,0.0,0.0,0.0,1370.3,1378.4,1339.0,3.061,2026-02-03 23:02,4058
TORNTPOWER,2026-02-24,1200.0,108.6,0.0,0.0,7.0,55675.0,66300.0,1370.3,1378.4,1339.0,3.061,2026-02-03 23:02,3361
TORNTPOWER,2026-02-24,1210.0,0.0,0.0,0.0,13.6,6375.0,0.0,1370.3,1378.4,1339.0,3.061,2026-02-03 23:02,2681
TORNTPOWER,2026-02-24,1220.0,0.0,0.0,0.0,11.9,5100.0,0.0,1370.3,1378.4,1339.0,3.061,2026-02-03 23:02,2037
TORNTPOWER,2026-02-24,1230.0,0.0,0.0,0.0,13.7,3825.0,0.0,1370.3,1378.4,1339.0,3.061,2026-02-03 23:02,1401
TORNTPOWER,2026-02-24,1240.0,88.55,1275.0,0.0,11.0,22950.0,57800.0,1370.3,1378.4,1339.0,3.061,2026-02-03 23:02,770
TORNTPOWER,2026-02-24,1250.0,72.2,1700.0,0.0,12.15,67575.0,107100.0,1370.3,1378.4,1339.0,3.061,2026-02-03 23:02,154
TORNTPOWER,2026-02-24,1260.0,87.25,1275.0,0.0,9.35,11475.0,28900.0,1370.3,1378.4,1339.0,3.061,2026-02-03 23:02,-447
TORNTPOWER,2026-02-24,1270.0,57.35,850.0,0.0,19.55,3400.0,425.0,1370.3,1378.4,1339.0,3.061,2026-02-03 23:02,-966
TORNTPOWER,2026-02-24,1280.0,101.9,60350.0,2975.0,17.5,84150.0,14450.0,1370.3,1378.4,1339.0,3.061,2026-02-03 23:02,-1484
TORNTPOWER,2026-02-24,1290.0,59.0,5950.0,0.0,16.5,18700.0,4675.0,1370.3,1378.4,1339.0,3.061,2026-02-03 23:02,-1387
TORNTPOWER,2026-02-24,1300.0,86.1,34850.0,14025.0,22.1,87125.0,38675.0,1370.3,1378.4,1339.0,3.061,2026-02-03 23:02,-1729
TORNTPOWER,2026-02-24,1310.0,79.5,31025.0,9350.0,27.0,78625.0,25925.0,1370.3,1378.4,1339.0,3.061,2026-02-03 23:02,-1846
TORNTPOWER,2026-02-24,1320.0,57.0,33575.0,7650.0,40.2,31875.0,0.0,1370.3,1378.4,1339.0,3.061,2026-02-03 23:02,-1926
TORNTPOWER,2026-02-24,1330.0,41.1,8925.0,0.0,32.05,10625.0,11475.0,1370.3,1378.4,1339.0,3.061,2026-02-03 23:02,-1912
TORNTPOWER,2026-02-24,1340.0,52.75,30175.0,14450.0,36.0,17850.0,22100.0,1370.3,1378.4,1339.0,3.061,2026-02-03 23:02,-1940
TORNTPOWER,2026-02-24,1350.0,53.5,42500.0,37400.0,40.15,32725.0,63750.0,1370.3,1378.4,1339.0,3.061,2026-02-03 23:02,-1826
TORNTPOWER,2026-02-24,1360.0,48.7,212925.0,632825.0,45.3,45900.0,68000.0,1370.3,1378.4,1339.0,3.061,2026-02-03 23:02,-1637
TORNTPOWER,2026-02-24,1370.0,44.6,19125.0,31450.0,50.6,11900.0,15725.0,1370.3,1378.4,1339.0,3.061,2026-02-03 23:02,-456
TORNTPOWER,2026-02-24,1380.0,39.7,73950.0,99450.0,55.95,39950.0,7225.0,1370.3,1378.4,1339.0,3.061,2026-02-03 23:02,-47
TORNTPOWER,2026-02-24,1390.0,34.2,5100.0,3400.0,71.0,2975.0,4675.0,1370.3,1378.4,1339.0,3.061,2026-02-03 23:02,519
TORNTPOWER,2026-02-24,1400.0,31.0,80750.0,179775.0,68.45,36550.0,8075.0,1370.3,1378.4,1339.0,3.061,2026-02-03 23:02,1021
TORNTPOWER,2026-02-24,1410.0,25.3,5100.0,0.0,81.8,11475.0,20400.0,1370.3,1378.4,1339.0,3.061,2026-02-03 23:02,1644
TORNTPOWER,2026-02-24,1420.0,25.3,34850.0,46325.0,95.5,5950.0,7225.0,1370.3,1378.4,1339.0,3.061,2026-02-03 23:02,2202
TORNTPOWER,2026-02-24,1430.0,15.2,6375.0,7650.0,0.0,0.0,0.0,1370.3,1378.4,1339.0,3.061,2026-02-03 23:02,2913
TORNTPOWER,2026-02-24,1440.0,18.4,30600.0,19975.0,95.85,2550.0,2550.0,1370.3,1378.4,1339.0,3.061,2026-02-03 23:02,3609
TORNTPOWER,2026-02-24,1450.0,7.25,17850.0,0.0,0.0,0.0,0.0,1370.3,1378.4,1339.0,3.061,2026-02-03 23:02,4361
TORNTPOWER,2026-02-24,1460.0,14.9,23375.0,35700.0,0.0,0.0,0.0,1370.3,1378.4,1339.0,3.061,2026-02-03 23:02,5111
TORNTPOWER,2026-02-24,1470.0,9.0,5950.0,8500.0,0.0,0.0,0.0,1370.3,1378.4,1339.0,3.061,2026-02-03 23:02,5907
TORNTPOWER,2026-02-24,1480.0,7.2,2550.0,850.0,0.0,0.0,0.0,1370.3,1378.4,1339.0,3.061,2026-02-03 23:02,6679
TORNTPOWER,2026-02-24,1490.0,9.05,5100.0,0.0,0.0,0.0,0.0,1370.3,1378.4,1339.0,3.061,2026-02-03 23:02,7450
TORNTPOWER,2026-02-24,1500.0,9.55,95625.0,110075.0,136.35,1700.0,0.0,1370.3,1378.4,1339.0,3.061,2026-02-03 23:02,8229
TORNTPOWER,2026-02-24,1510.0,10.15,1275.0,0.0,0.0,0.0,0.0,1370.3,1378.4,1339.0,3.061,2026-02-03 23:02,9169
TORNTPOWER,2026-02-24,1520.0,0.0,0.0,0.0,0.0,0.0,0.0,1370.3,1378.4,1339.0,3.061,2026-02-03 23:02,10043
TORNTPOWER,2026-02-24,1540.0,7.95,11050.0,0.0,0.0,0.0,0.0,1370.3,1378.4,1339.0,3.061,2026-02-03 23:02,11789
TORNTPOWER,2026-02-24,1560.0,0.0,0.0,0.0,0.0,0.0,0.0,1370.3,1378.4,1339.0,3.061,2026-02-03 23:02,13565
TORNTPOWER,2026-02-24,1580.0,0.0,0.0,0.0,0.0,0.0,0.0,1370.3,1378.4,1339.0,3.061,2026-02-03 23:02,15333
TORNTPOWER,2026-02-24,1600.0,3.95,36550.0,23375.0,0.0,0.0,0.0,1370.3,1378.4,1339.0,3.061,2026-02-03 23:02,17101
TRENT,2026-02-24,3100.0,0.0,0.0,0.0,8.2,34400.0,27400.0,3822.8,3900.1,3791.1,2.739,2026-02-03 23:02,123330
TRENT,2026-02-24,3200.0,621.0,3200.0,300.0,11.35,91800.0,64900.0,3822.8,3900.1,3791.1,2.739,2026-02-03 23:02,103399
TRENT,2026-02-24,3250.0,498.05,2300.0,0.0,12.9,22000.0,8500.0,3822.8,3900.1,3791.1,2.739,2026-02-03 23:02,94017
TRENT,2026-02-24,3300.0,527.0,1100.0,400.0,15.4,40200.0,39700.0,3822.8,3900.1,3791.1,2.739,2026-02-03 23:02,84748
TRENT,2026-02-24,3350.0,411.3,1000.0,0.0,19.05,26800.0,21600.0,3822.8,3900.1,3791.1,2.739,2026-02-03 23:02,75595
TRENT,2026-02-24,3400.0,448.6,5200.0,1900.0,23.0,143000.0,75200.0,3822.8,3900.1,3791.1,2.739,2026-02-03 23:02,66576
TRENT,2026-02-24,3450.0,331.5,900.0,0.0,27.5,14500.0,13700.0,3822.8,3900.1,3791.1,2.739,2026-02-03 23:02,58212
TRENT,2026-02-24,3500.0,360.15,8600.0,5200.0,34.0,87000.0,108900.0,3822.8,3900.1,3791.1,2.739,2026-02-03 23:02,50010
TRENT,2026-02-24,3550.0,260.2,1900.0,0.0,42.25,98300.0,38200.0,3822.8,3900.1,3791.1,2.739,2026-02-03 23:02,42311
TRENT,2026-02-24,3600.0,280.0,35200.0,11500.0,52.35,241700.0,233800.0,3822.8,3900.1,3791.1,2.739,2026-02-03 23:02,34732
TRENT,2026-02-24,3650.0,245.1,25000.0,17300.0,66.05,50700.0,63300.0,3822.8,3900.1,3791.1,2.739,2026-02-03 23:02,28625
TRENT,2026-02-24,3700.0,209.0,82500.0,139900.0,80.0,184500.0,461200.0,3822.8,3900.1,3791.1,2.739,2026-02-03 23:02,23453
TRENT,2026-02-24,3750.0,178.4,39600.0,87800.0,98.6,53300.0,85100.0,3822.8,3900.1,3791.1,2.739,2026-02-03 23:02,19587
TRENT,2026-02-24,3800.0,149.3,210100.0,456900.0,120.3,257600.0,283800.0,3822.8,3900.1,3791.1,2.739,2026-02-03 23:02,16118
TRENT,2026-02-24,3850.0,124.35,135000.0,228700.0,144.75,42600.0,82500.0,3822.8,3900.1,3791.1,2.739,2026-02-03 23:02,14844
TRENT,2026-02-24,3900.0,101.7,246200.0,482700.0,173.4,146200.0,109800.0,3822.8,3900.1,3791.1,2.739,2026-02-03 23:02,15483
TRENT,2026-02-24,3950.0,83.3,44900.0,106100.0,288.5,20000.0,0.0,3822.8,3900.1,3791.1,2.739,2026-02-03 23:02,16990
TRENT,2026-02-24,4000.0,68.5,402500.0,986300.0,239.0,143100.0,36300.0,3822.8,3900.1,3791.1,2.739,2026-02-03 23:02,18650
TRENT,2026-02-24,4050.0,55.0,48700.0,76600.0,269.5,6700.0,1900.0,3822.8,3900.1,3791.1,2.739,2026-02-03 23:02,22578
TRENT,2026-02-24,4100.0,45.2,217400.0,254800.0,310.0,32100.0,2500.0,3822.8,3900.1,3791.1,2.739,2026-02-03 23:02,27533
TRENT,2026-02-24,4150.0,36.8,16100.0,24500.0,433.5,700.0,0.0,3822.8,3900.1,3791.1,2.739,2026-02-03 23:02,33636
TRENT,2026-02-24,4200.0,30.2,147500.0,361100.0,391.9,40600.0,2200.0,3822.8,3900.1,3791.1,2.739,2026-02-03 23:02,39865
TRENT,2026-02-24,4250.0,24.85,12700.0,9200.0,535.2,100.0,0.0,3822.8,3900.1,3791.1,2.739,2026-02-03 23:02,45859
TRENT,2026-02-24,4300.0,22.0,74200.0,184500.0,488.6,22900.0,800.0,3822.8,3900.1,3791.1,2.739,2026-02-03 23:02,53089
TRENT,2026-02-24,4350.0,18.05,11500.0,15400.0,626.8,800.0,0.0,3822.8,3900.1,3791.1,2.739,2026-02-03 23:02,59823
TRENT,2026-02-24,4400.0,15.45,83300.0,119800.0,657.85,21100.0,0.0,3822.8,3900.1,3791.1,2.739,2026-02-03 23:02,67545
TRENT,2026-02-24,4450.0,11.75,11700.0,200.0,0.0,0.0,0.0,3822.8,3900.1,3791.1,2.739,2026-02-03 23:02,74558
TRENT,2026-02-24,4500.0,12.95,201300.0,201100.0,682.0,36300.0,3700.0,3822.8,3900.1,3791.1,2.739,2026-02-03 23:02,82904
TRENT,2026-02-24,4550.0,10.7,7400.0,3500.0,817.55,1100.0,0.0,3822.8,3900.1,3791.1,2.739,2026-02-03 23:02,90208
TRENT,2026-02-24,4600.0,9.05,34700.0,12900.0,845.0,11200.0,0.0,3822.8,3900.1,3791.1,2.739,2026-02-03 23:02,99688
TRENT,2026-02-24,4650.0,2.8,1900.0,0.0,915.15,200.0,0.0,3822.8,3900.1,3791.1,2.739,2026-02-03 23:02,108565
TRENT,2026-02-24,4700.0,7.5,31500.0,14900.0,875.0,18100.0,300.0,3822.8,3900.1,3791.1,2.739,2026-02-03 23:02,118349
TRENT,2026-02-24,4750.0,7.0,1200.0,900.0,0.0,0.0,0.0,3822.8,3900.1,3791.1,2.739,2026-02-03 23:02,126839
TRENT,2026-02-24,4800.0,6.25,18200.0,17700.0,975.45,28900.0,8100.0,3822.8,3900.1,3791.1,2.739,2026-02-03 23:02,136896
TRENT,2026-02-24,4850.0,0.0,0.0,0.0,1112.5,500.0,0.0,3822.8,3900.1,3791.1,2.739,2026-02-03 23:02,144379
TRENT,2026-02-24,4900.0,5.3,600.0,400.0,0.0,0.0,0.0,3822.8,3900.1,3791.1,2.739,2026-02-03 23:02,154618
TRENT,2026-02-24,5000.0,5.0,50100.0,33500.0,1160.0,102400.0,3800.0,3822.8,3900.1,3791.1,2.739,2026-02-03 23:02,175212
TRENT,2026-02-24,5200.0,0.0,0.0,0.0,1415.0,3300.0,0.0,3822.8,3900.1,3791.1,2.739,2026-02-03 23:02,207597
TVSMOTOR,2026-02-24,3000.0,0.0,0.0,0.0,1.2,42525.0,18375.0,3726.3,3820.0,3696.1,2.208,2026-02-03 23:02,48460
TVSMOTOR,2026-02-24,3080.0,0.0,0.0,0.0,1.25,8225.0,3500.0,3726.3,3820.0,3696.1,2.208,2026-02-03 23:02,39689
TVSMOTOR,2026-02-24,3120.0,538.25,7875.0,0.0,0.0,0.0,0.0,3726.3,3820.0,3696.1,2.208,2026-02-03 23:02,35338
TVSMOTOR,2026-02-24,3160.0,499.2,1925.0,0.0,1.95,11200.0,1225.0,3726.3,3820.0,3696.1,2.208,2026-02-03 23:02,31444
TVSMOTOR,2026-02-24,3200.0,550.0,4725.0,175.0,2.85,53025.0,62300.0,3726.3,3820.0,3696.1,2.208,2026-02-03 23:02,27272
TVSMOTOR,2026-02-24,3240.0,422.3,175.0,0.0,9.95,875.0,0.0,3726.3,3820.0,3696.1,2.208,2026-02-03 23:02,23482
TVSMOTOR,2026-02-24,3280.0,352.85,3150.0,0.0,5.25,11900.0,875.0,3726.3,3820.0,3696.1,2.208,2026-02-03 23:02,19458
TVSMOTOR,2026-02-24,3300.0,457.9,875.0,0.0,4.6,22225.0,66850.0,3726.3,3820.0,3696.1,2.208,2026-02-03 23:02,17578
TVSMOTOR,2026-02-24,3320.0,348.3,1400.0,0.0,6.25,10850.0,5075.0,3726.3,3820.0,3696.1,2.208,2026-02-03 23:02,15668
TVSMOTOR,2026-02-24,3340.0,330.45,525.0,0.0,19.95,2625.0,0.0,3726.3,3820.0,3696.1,2.208,2026-02-03 23:02,13796
TVSMOTOR,2026-02-24,3360.0,312.9,525.0,0.0,7.4,100100.0,21525.0,3726.3,3820.0,3696.1,2.208,2026-02-03 23:02,11900
TVSMOTOR,2026-02-24,3380.0,295.7,875.0,0.0,9.3,5250.0,2975.0,3726.3,3820.0,3696.1,2.208,2026-02-03 23:02,10135
TVSMOTOR,2026-02-24,3400.0,220.7,29575.0,0.0,9.25,75250.0,102550.0,3726.3,3820.0,3696.1,2.208,2026-02-03 23:02,8462
TVSMOTOR,2026-02-24,3420.0,262.4,1225.0,0.0,9.8,15400.0,15575.0,3726.3,3820.0,3696.1,2.208,2026-02-03 23:02,7560
TVSMOTOR,2026-02-24,3440.0,246.4,4900.0,0.0,28.2,6650.0,0.0,3726.3,3820.0,3696.1,2.208,2026-02-03 23:02,6125
TVSMOTOR,2026-02-24,3460.0,230.8,2625.0,0.0,13.5,7000.0,5425.0,3726.3,3820.0,3696.1,2.208,2026-02-03 23:02,4798
TVSMOTOR,2026-02-24,3480.0,186.45,175.0,0.0,15.2,12425.0,21875.0,3726.3,3820.0,3696.1,2.208,2026-02-03 23:02,3440
TVSMOTOR,2026-02-24,3500.0,245.45,30625.0,6125.0,18.55,116550.0,204750.0,3726.3,3820.0,3696.1,2.208,2026-02-03 23:02,2040
TVSMOTOR,2026-02-24,3520.0,218.3,13300.0,4025.0,20.35,17675.0,23975.0,3726.3,3820.0,3696.1,2.208,2026-02-03 23:02,1486
TVSMOTOR,2026-02-24,3540.0,211.0,14875.0,1050.0,24.2,44100.0,40425.0,3726.3,3820.0,3696.1,2.208,2026-02-03 23:02,712
TVSMOTOR,2026-02-24,3560.0,198.9,26600.0,525.0,26.8,27825.0,10850.0,3726.3,3820.0,3696.1,2.208,2026-02-03 23:02,9
TVSMOTOR,2026-02-24,3580.0,129.1,13125.0,0.0,31.75,20650.0,24675.0,3726.3,3820.0,3696.1,2.208,2026-02-03 23:02,-337
TVSMOTOR,2026-02-24,3600.0,164.25,118650.0,152425.0,38.2,112350.0,191275.0,3726.3,3820.0,3696.1,2.208,2026-02-03 23:02,-966
TVSMOTOR,2026-02-24,3620.0,149.7,23800.0,4900.0,45.7,27475.0,4200.0,3726.3,3820.0,3696.1,2.208,2026-02-03 23:02,281
TVSMOTOR,2026-02-24,3640.0,134.65,37800.0,94850.0,46.5,24325.0,13475.0,3726.3,3820.0,3696.1,2.208,2026-02-03 23:02,343
TVSMOTOR,2026-02-24,3660.0,118.0,92225.0,58100.0,56.75,39550.0,35525.0,3726.3,3820.0,3696.1,2.208,2026-02-03 23:02,694
TVSMOTOR,2026-02-24,3680.0,109.15,42700.0,76475.0,62.1,25725.0,14000.0,3726.3,3820.0,3696.1,2.208,2026-02-03 23:02,1776
TVSMOTOR,2026-02-24,3700.0,97.0,164500.0,698075.0,73.0,124600.0,135800.0,3726.3,3820.0,3696.1,2.208,2026-02-03 23:02,2438
TVSMOTOR,2026-02-24,3720.0,82.8,46200.0,103425.0,88.05,29575.0,57225.0,3726.3,3820.0,3696.1,2.208,2026-02-03 23:02,4058
TVSMOTOR,2026-02-24,3740.0,71.8,43050.0,108500.0,90.3,25725.0,57225.0,3726.3,3820.0,3696.1,2.208,2026-02-03 23:02,5265
TVSMOTOR,2026-02-24,3760.0,68.95,59325.0,160125.0,100.25,6825.0,16975.0,3726.3,3820.0,3696.1,2.208,2026-02-03 23:02,6565
TVSMOTOR,2026-02-24,3780.0,61.6,22050.0,12075.0,115.45,2625.0,5950.0,3726.3,3820.0,3696.1,2.208,2026-02-03 23:02,8261
TVSMOTOR,2026-02-24,3800.0,50.4,128800.0,625450.0,128.2,32200.0,42700.0,3726.3,3820.0,3696.1,2.208,2026-02-03 23:02,9771
TVSMOTOR,2026-02-24,3820.0,47.7,4550.0,5600.0,206.45,350.0,0.0,3726.3,3820.0,3696.1,2.208,2026-02-03 23:02,11734
TVSMOTOR,2026-02-24,3840.0,39.75,34475.0,65275.0,157.0,875.0,2975.0,3726.3,3820.0,3696.1,2.208,2026-02-03 23:02,13485
TVSMOTOR,2026-02-24,3860.0,33.15,5950.0,1050.0,236.7,3325.0,0.0,3726.3,3820.0,3696.1,2.208,2026-02-03 23:02,15415
TVSMOTOR,2026-02-24,3880.0,32.25,4550.0,0.0,252.5,525.0,0.0,3726.3,3820.0,3696.1,2.208,2026-02-03 23:02,17182
TVSMOTOR,2026-02-24,3900.0,25.85,136500.0,238525.0,202.05,29050.0,34825.0,3726.3,3820.0,3696.1,2.208,2026-02-03 23:02,19019
TVSMOTOR,2026-02-24,3920.0,0.0,0.0,0.0,0.0,0.0,0.0,3726.3,3820.0,3696.1,2.208,2026-02-03 23:02,20952
TVSMOTOR,2026-02-24,3940.0,21.05,6475.0,5425.0,0.0,0.0,0.0,3726.3,3820.0,3696.1,2.208,2026-02-03 23:02,23118
TVSMOTOR,2026-02-24,3960.0,16.9,11550.0,14875.0,0.0,0.0,0.0,3726.3,3820.0,3696.1,2.208,2026-02-03 23:02,25312
TVSMOTOR,2026-02-24,3980.0,15.2,15050.0,7875.0,0.0,0.0,0.0,3726.3,3820.0,3696.1,2.208,2026-02-03 23:02,27534
TVSMOTOR,2026-02-24,4000.0,12.7,127400.0,181650.0,284.9,25725.0,2800.0,3726.3,3820.0,3696.1,2.208,2026-02-03 23:02,29790
TVSMOTOR,2026-02-24,4020.0,11.3,13300.0,11550.0,0.0,0.0,0.0,3726.3,3820.0,3696.1,2.208,2026-02-03 23:02,31758
TVSMOTOR,2026-02-24,4040.0,4.75,4900.0,0.0,0.0,0.0,0.0,3726.3,3820.0,3696.1,2.208,2026-02-03 23:02,34339
TVSMOTOR,2026-02-24,4060.0,9.5,16275.0,0.0,0.0,0.0,0.0,3726.3,3820.0,3696.1,2.208,2026-02-03 23:02,36917
TVSMOTOR,2026-02-24,4080.0,8.2,525.0,0.0,0.0,0.0,0.0,3726.3,3820.0,3696.1,2.208,2026-02-03 23:02,39541
TVSMOTOR,2026-02-24,4100.0,6.3,35525.0,30975.0,475.45,2275.0,0.0,3726.3,3820.0,3696.1,2.208,2026-02-03 23:02,42151
TVSMOTOR,2026-02-24,4120.0,6.0,7175.0,0.0,0.0,0.0,0.0,3726.3,3820.0,3696.1,2.208,2026-02-03 23:02,44750
TVSMOTOR,2026-02-24,4160.0,4.35,1925.0,0.0,0.0,0.0,0.0,3726.3,3820.0,3696.1,2.208,2026-02-03 23:02,50152
TVSMOTOR,2026-02-24,4200.0,3.9,52850.0,43925.0,445.0,12775.0,0.0,3726.3,3820.0,3696.1,2.208,2026-02-03 23:02,55559
TVSMOTOR,2026-02-24,4240.0,2.25,700.0,0.0,0.0,0.0,0.0,3726.3,3820.0,3696.1,2.208,2026-02-03 23:02,60680
TVSMOTOR,2026-02-24,4280.0,3.9,22225.0,175.0,0.0,0.0,0.0,3726.3,3820.0,3696.1,2.208,2026-02-03 23:02,66352
TVSMOTOR,2026-02-24,4320.0,1.1,3500.0,0.0,0.0,0.0,0.0,3726.3,3820.0,3696.1,2.208,2026-02-03 23:02,72120
TVSMOTOR,2026-02-24,4360.0,2.05,12600.0,875.0,0.0,0.0,0.0,3726.3,3820.0,3696.1,2.208,2026-02-03 23:02,77895
ULTRACEMCO,2026-02-24,10000.0,0.0,0.0,0.0,3.8,900.0,550.0,12590.0,12952.0,12575.0,0.439,2026-02-03 23:02,62772
ULTRACEMCO,2026-02-24,10200.0,0.0,0.0,0.0,18.8,350.0,0.0,12590.0,12952.0,12575.0,0.439,2026-02-03 23:02,55668
ULTRACEMCO,2026-02-24,10400.0,0.0,0.0,0.0,7.55,650.0,0.0,12590.0,12952.0,12575.0,0.439,2026-02-03 23:02,48572
ULTRACEMCO,2026-02-24,10600.0,0.0,0.0,0.0,19.0,350.0,0.0,12590.0,12952.0,12575.0,0.439,2026-02-03 23:02,41488
ULTRACEMCO,2026-02-24,10700.0,0.0,0.0,0.0,0.6,100.0,0.0,12590.0,12952.0,12575.0,0.439,2026-02-03 23:02,37950
ULTRACEMCO,2026-02-24,10800.0,0.0,0.0,0.0,1.7,50.0,0.0,12590.0,12952.0,12575.0,0.439,2026-02-03 23:02,34413
ULTRACEMCO,2026-02-24,11000.0,1725.0,650.0,0.0,5.0,13650.0,3100.0,12590.0,12952.0,12575.0,0.439,2026-02-03 23:02,27340
ULTRACEMCO,2026-02-24,11100.0,0.0,0.0,0.0,4.15,100.0,0.0,12590.0,12952.0,12575.0,0.439,2026-02-03 23:02,24051
ULTRACEMCO,2026-02-24,11200.0,0.0,0.0,0.0,6.4,50300.0,68150.0,12590.0,12952.0,12575.0,0.439,2026-02-03 23:02,20659
ULTRACEMCO,2026-02-24,11300.0,0.0,0.0,0.0,9.6,11350.0,2400.0,12590.0,12952.0,12575.0,0.439,2026-02-03 23:02,17737
ULTRACEMCO,2026-02-24,11400.0,0.0,0.0,0.0,11.0,1850.0,1650.0,12590.0,12952.0,12575.0,0.439,2026-02-03 23:02,14950
ULTRACEMCO,2026-02-24,11500.0,0.0,0.0,0.0,14.6,30900.0,18200.0,12590.0,12952.0,12575.0,0.439,2026-02-03 23:02,12191
ULTRACEMCO,2026-02-24,11600.0,0.0,0.0,0.0,18.35,5750.0,2650.0,12590.0,12952.0,12575.0,0.439,2026-02-03 23:02,9697
ULTRACEMCO,2026-02-24,11700.0,0.0,0.0,0.0,24.0,8650.0,9900.0,12590.0,12952.0,12575.0,0.439,2026-02-03 23:02,7295
ULTRACEMCO,2026-02-24,11800.0,985.0,100.0,0.0,30.15,15250.0,23100.0,12590.0,12952.0,12575.0,0.439,2026-02-03 23:02,4970
ULTRACEMCO,2026-02-24,11900.0,744.05,100.0,0.0,39.3,15450.0,11200.0,12590.0,12952.0,12575.0,0.439,2026-02-03 23:02,2783
ULTRACEMCO,2026-02-24,12000.0,693.3,5500.0,600.0,49.6,46400.0,71100.0,12590.0,12952.0,12575.0,0.439,2026-02-03 23:02,734
ULTRACEMCO,2026-02-24,12100.0,599.5,2650.0,150.0,65.2,10100.0,12500.0,12590.0,12952.0,12575.0,0.439,2026-02-03 23:02,-590
ULTRACEMCO,2026-02-24,12200.0,515.0,3950.0,1800.0,80.85,18400.0,36500.0,12590.0,12952.0,12575.0,0.439,2026-02-03 23:02,-1846
ULTRACEMCO,2026-02-24,12300.0,452.5,10250.0,5100.0,103.0,13100.0,27250.0,12590.0,12952.0,12575.0,0.439,2026-02-03 23:02,-2917
ULTRACEMCO,2026-02-24,12400.0,366.8,48750.0,50400.0,130.0,14300.0,40250.0,12590.0,12952.0,12575.0,0.439,2026-02-03 23:02,-3480
ULTRACEMCO,2026-02-24,12500.0,311.9,30450.0,44500.0,165.3,28450.0,41150.0,12590.0,12952.0,12575.0,0.439,2026-02-03 23:02,-2139
ULTRACEMCO,2026-02-24,12600.0,253.85,19350.0,35750.0,211.55,17700.0,40200.0,12590.0,12952.0,12575.0,0.439,2026-02-03 23:02,-1332
ULTRACEMCO,2026-02-24,12700.0,205.6,35550.0,93600.0,259.3,13100.0,44450.0,12590.0,12952.0,12575.0,0.439,2026-02-03 23:02,-517
ULTRACEMCO,2026-02-24,12800.0,159.5,45800.0,103250.0,317.05,22800.0,42750.0,12590.0,12952.0,12575.0,0.439,2026-02-03 23:02,1057
ULTRACEMCO,2026-02-24,12900.0,123.55,11500.0,20150.0,398.9,1750.0,2150.0,12590.0,12952.0,12575.0,0.439,2026-02-03 23:02,2935
ULTRACEMCO,2026-02-24,13000.0,99.25,76200.0,171200.0,448.15,12350.0,3150.0,12590.0,12952.0,12575.0,0.439,2026-02-03 23:02,5011
ULTRACEMCO,2026-02-24,13100.0,76.2,14700.0,19800.0,627.8,300.0,0.0,12590.0,12952.0,12575.0,0.439,2026-02-03 23:02,8102
ULTRACEMCO,2026-02-24,13200.0,57.05,39750.0,68000.0,750.0,250.0,0.0,12590.0,12952.0,12575.0,0.439,2026-02-03 23:02,11234
ULTRACEMCO,2026-02-24,13300.0,46.0,9050.0,17200.0,786.95,600.0,0.0,12590.0,12952.0,12575.0,0.439,2026-02-03 23:02,14880
ULTRACEMCO,2026-02-24,13400.0,34.7,4950.0,4250.0,1041.3,800.0,0.0,12590.0,12952.0,12575.0,0.439,2026-02-03 23:02,18410
ULTRACEMCO,2026-02-24,13500.0,27.2,29700.0,52600.0,0.0,0.0,0.0,12590.0,12952.0,12575.0,0.439,2026-02-03 23:02,21936
ULTRACEMCO,2026-02-24,13600.0,21.05,13000.0,21550.0,0.0,0.0,0.0,12590.0,12952.0,12575.0,0.439,2026-02-03 23:02,25906
ULTRACEMCO,2026-02-24,13700.0,16.0,2100.0,1600.0,0.0,0.0,0.0,12590.0,12952.0,12575.0,0.439,2026-02-03 23:02,29953
ULTRACEMCO,2026-02-24,13800.0,12.7,13300.0,30000.0,0.0,0.0,0.0,12590.0,12952.0,12575.0,0.439,2026-02-03 23:02,33997
ULTRACEMCO,2026-02-24,13900.0,12.0,600.0,50.0,0.0,0.0,0.0,12590.0,12952.0,12575.0,0.439,2026-02-03 23:02,38187
ULTRACEMCO,2026-02-24,14000.0,8.0,51900.0,70250.0,0.0,0.0,0.0,12590.0,12952.0,12575.0,0.439,2026-02-03 23:02,42368
ULTRACEMCO,2026-02-24,14200.0,4.55,74600.0,115450.0,0.0,0.0,0.0,12590.0,12952.0,12575.0,0.439,2026-02-03 23:02,51806
ULTRACEMCO,2026-02-24,14400.0,3.85,6100.0,5800.0,0.0,0.0,0.0,12590.0,12952.0,12575.0,0.439,2026-02-03 23:02,62729
ULTRACEMCO,2026-02-24,14600.0,2.75,300.0,550.0,0.0,0.0,0.0,12590.0,12952.0,12575.0,0.439,2026-02-03 23:02,73742
UNIONBANK,2026-02-24,130.0,46.2,4425.0,0.0,0.03,79650.0,13275.0,174.41,183.1,172.0,1.917,2026-02-03 23:02,79729
UNIONBANK,2026-02-24,135.0,41.2,4425.0,0.0,0.25,13275.0,0.0,174.41,183.1,172.0,1.917,2026-02-03 23:02,67899
UNIONBANK,2026-02-24,140.0,36.2,8850.0,0.0,0.23,243375.0,128325.0,174.41,183.1,172.0,1.917,2026-02-03 23:02,56075
UNIONBANK,2026-02-24,142.5,29.34,8850.0,0.0,0.0,0.0,0.0,174.41,183.1,172.0,1.917,2026-02-03 23:02,50244
UNIONBANK,2026-02-24,145.0,29.35,4425.0,4425.0,0.3,292050.0,79650.0,174.41,183.1,172.0,1.917,2026-02-03 23:02,44415
UNIONBANK,2026-02-24,147.5,0.0,0.0,0.0,0.0,0.0,0.0,174.41,183.1,172.0,1.917,2026-02-03 23:02,38638
UNIONBANK,2026-02-24,150.0,25.0,97350.0,13275.0,0.44,1424850.0,2048775.0,174.41,183.1,172.0,1.917,2026-02-03 23:02,32856
UNIONBANK,2026-02-24,152.5,20.14,0.0,0.0,0.0,0.0,0.0,174.41,183.1,172.0,1.917,2026-02-03 23:02,27636
UNIONBANK,2026-02-24,155.0,19.21,84075.0,8850.0,0.69,778800.0,977925.0,174.41,183.1,172.0,1.917,2026-02-03 23:02,22236
UNIONBANK,2026-02-24,157.5,16.0,4425.0,0.0,0.88,61950.0,53100.0,174.41,183.1,172.0,1.917,2026-02-03 23:02,17158
UNIONBANK,2026-02-24,160.0,16.0,588525.0,199125.0,1.14,3752400.0,3429375.0,174.41,183.1,172.0,1.917,2026-02-03 23:02,11992
UNIONBANK,2026-02-24,162.5,10.9,22125.0,0.0,1.5,433650.0,367275.0,174.41,183.1,172.0,1.917,2026-02-03 23:02,8422
UNIONBANK,2026-02-24,165.0,11.78,203550.0,296475.0,1.99,4141800.0,1433700.0,174.41,183.1,172.0,1.917,2026-02-03 23:02,4412
UNIONBANK,2026-02-24,167.5,10.04,216825.0,190275.0,2.62,309750.0,292050.0,174.41,183.1,172.0,1.917,2026-02-03 23:02,945
UNIONBANK,2026-02-24,170.0,8.25,1132800.0,2672700.0,3.4,3486900.0,2469150.0,174.41,183.1,172.0,1.917,2026-02-03 23:02,-1669
UNIONBANK,2026-02-24,172.5,6.83,548700.0,1446975.0,4.48,938100.0,407100.0,174.41,183.1,172.0,1.917,2026-02-03 23:02,-3516
UNIONBANK,2026-02-24,175.0,5.53,2296575.0,5186100.0,5.6,2624025.0,1739025.0,174.41,183.1,172.0,1.917,2026-02-03 23:02,-4786
UNIONBANK,2026-02-24,177.5,4.51,1345200.0,1646100.0,7.1,641625.0,159300.0,174.41,183.1,172.0,1.917,2026-02-03 23:02,-4980
UNIONBANK,2026-02-24,180.0,3.6,8553525.0,7358775.0,8.67,2575350.0,650475.0,174.41,183.1,172.0,1.917,2026-02-03 23:02,-4327
UNIONBANK,2026-02-24,182.5,2.86,1345200.0,1026600.0,10.35,623925.0,39825.0,174.41,183.1,172.0,1.917,2026-02-03 23:02,-196
UNIONBANK,2026-02-24,185.0,2.24,5548950.0,4986975.0,12.3,469050.0,207975.0,174.41,183.1,172.0,1.917,2026-02-03 23:02,3319
UNIONBANK,2026-02-24,187.5,1.83,712425.0,287625.0,17.62,66375.0,0.0,174.41,183.1,172.0,1.917,2026-02-03 23:02,9266
UNIONBANK,2026-02-24,190.0,1.45,3747975.0,4916175.0,16.74,592950.0,238950.0,174.41,183.1,172.0,1.917,2026-02-03 23:02,14755
UNIONBANK,2026-02-24,192.5,1.17,668175.0,314175.0,23.41,75225.0,0.0,174.41,183.1,172.0,1.917,2026-02-03 23:02,20867
UNIONBANK,2026-02-24,195.0,0.96,2588625.0,1690350.0,17.16,84075.0,0.0,174.41,183.1,172.0,1.917,2026-02-03 23:02,27516
UNIONBANK,2026-02-24,197.5,0.79,393825.0,137175.0,0.0,0.0,0.0,174.41,183.1,172.0,1.917,2026-02-03 23:02,35036
UNIONBANK,2026-02-24,200.0,0.66,4318800.0,2650575.0,24.0,75225.0,0.0,174.41,183.1,172.0,1.917,2026-02-03 23:02,42581
UNIONBANK,2026-02-24,205.0,0.47,2150550.0,1261125.0,0.0,0.0,0.0,174.41,183.1,172.0,1.917,2026-02-03 23:02,59909
UNITDSPR,2026-02-24,1100.0,231.85,800.0,0.0,0.5,54400.0,30400.0,1366.1,1371.0,1350.0,1.456,2026-02-03 23:02,47082
UNITDSPR,2026-02-24,1120.0,0.0,0.0,0.0,0.0,0.0,0.0,1366.1,1371.0,1350.0,1.456,2026-02-03 23:02,42661
UNITDSPR,2026-02-24,1140.0,0.0,0.0,0.0,0.0,0.0,0.0,1366.1,1371.0,1350.0,1.456,2026-02-03 23:02,38224
UNITDSPR,2026-02-24,1160.0,0.0,0.0,0.0,1.4,4000.0,0.0,1366.1,1371.0,1350.0,1.456,2026-02-03 23:02,33787
UNITDSPR,2026-02-24,1180.0,0.0,0.0,0.0,1.75,8400.0,0.0,1366.1,1371.0,1350.0,1.456,2026-02-03 23:02,29358
UNITDSPR,2026-02-24,1200.0,145.0,15600.0,0.0,1.55,111200.0,40800.0,1366.1,1371.0,1350.0,1.456,2026-02-03 23:02,24944
UNITDSPR,2026-02-24,1210.0,0.0,0.0,0.0,4.0,2400.0,0.0,1366.1,1371.0,1350.0,1.456,2026-02-03 23:02,23074
UNITDSPR,2026-02-24,1220.0,0.0,0.0,0.0,2.05,45600.0,22400.0,1366.1,1371.0,1350.0,1.456,2026-02-03 23:02,20996
UNITDSPR,2026-02-24,1230.0,0.0,0.0,0.0,2.35,57600.0,15200.0,1366.1,1371.0,1350.0,1.456,2026-02-03 23:02,18956
UNITDSPR,2026-02-24,1240.0,0.0,0.0,0.0,2.65,95600.0,17600.0,1366.1,1371.0,1350.0,1.456,2026-02-03 23:02,16968
UNITDSPR,2026-02-24,1250.0,0.0,0.0,0.0,3.25,95600.0,14800.0,1366.1,1371.0,1350.0,1.456,2026-02-03 23:02,15065
UNITDSPR,2026-02-24,1260.0,75.55,2400.0,0.0,3.8,104400.0,72000.0,1366.1,1371.0,1350.0,1.456,2026-02-03 23:02,13252
UNITDSPR,2026-02-24,1270.0,68.6,4400.0,0.0,4.6,58800.0,5600.0,1366.1,1371.0,1350.0,1.456,2026-02-03 23:02,11554
UNITDSPR,2026-02-24,1280.0,93.5,18000.0,1200.0,5.3,64000.0,22400.0,1366.1,1371.0,1350.0,1.456,2026-02-03 23:02,9945
UNITDSPR,2026-02-24,1290.0,66.3,4400.0,0.0,6.55,32800.0,10800.0,1366.1,1371.0,1350.0,1.456,2026-02-03 23:02,8549
UNITDSPR,2026-02-24,1300.0,74.0,303200.0,11600.0,8.0,254400.0,102000.0,1366.1,1371.0,1350.0,1.456,2026-02-03 23:02,7064
UNITDSPR,2026-02-24,1310.0,47.45,18800.0,0.0,9.5,36800.0,17200.0,1366.1,1371.0,1350.0,1.456,2026-02-03 23:02,8168
UNITDSPR,2026-02-24,1320.0,58.95,119600.0,14800.0,11.8,162400.0,47600.0,1366.1,1371.0,1350.0,1.456,2026-02-03 23:02,7342
UNITDSPR,2026-02-24,1330.0,52.7,72800.0,4000.0,14.05,137200.0,79600.0,1366.1,1371.0,1350.0,1.456,2026-02-03 23:02,7258
UNITDSPR,2026-02-24,1340.0,44.3,136400.0,83200.0,16.85,185600.0,42000.0,1366.1,1371.0,1350.0,1.456,2026-02-03 23:02,7061
UNITDSPR,2026-02-24,1350.0,38.3,107600.0,120800.0,20.3,85200.0,32000.0,1366.1,1371.0,1350.0,1.456,2026-02-03 23:02,7286
UNITDSPR,2026-02-24,1360.0,31.35,164800.0,589200.0,24.6,67200.0,96800.0,1366.1,1371.0,1350.0,1.456,2026-02-03 23:02,7652
UNITDSPR,2026-02-24,1370.0,26.85,39600.0,86400.0,29.4,21600.0,5200.0,1366.1,1371.0,1350.0,1.456,2026-02-03 23:02,8362
UNITDSPR,2026-02-24,1380.0,22.3,86000.0,154000.0,34.75,19200.0,5600.0,1366.1,1371.0,1350.0,1.456,2026-02-03 23:02,8825
UNITDSPR,2026-02-24,1390.0,18.8,33200.0,22000.0,66.6,5200.0,0.0,1366.1,1371.0,1350.0,1.456,2026-02-03 23:02,9475
UNITDSPR,2026-02-24,1400.0,14.6,263200.0,332800.0,46.55,195200.0,194800.0,1366.1,1371.0,1350.0,1.456,2026-02-03 23:02,10067
UNITDSPR,2026-02-24,1410.0,12.2,48800.0,26400.0,79.55,3200.0,0.0,1366.1,1371.0,1350.0,1.456,2026-02-03 23:02,10564
UNITDSPR,2026-02-24,1420.0,9.85,69600.0,42800.0,79.65,10400.0,0.0,1366.1,1371.0,1350.0,1.456,2026-02-03 23:02,11673
UNITDSPR,2026-02-24,1430.0,8.1,47200.0,11200.0,85.1,8400.0,0.0,1366.1,1371.0,1350.0,1.456,2026-02-03 23:02,12812
UNITDSPR,2026-02-24,1440.0,6.2,97600.0,67600.0,80.0,13200.0,800.0,1366.1,1371.0,1350.0,1.456,2026-02-03 23:02,13989
UNITDSPR,2026-02-24,1450.0,5.0,75200.0,18000.0,104.0,1200.0,0.0,1366.1,1371.0,1350.0,1.456,2026-02-03 23:02,15264
UNITDSPR,2026-02-24,1460.0,4.2,42400.0,12800.0,117.95,6000.0,0.0,1366.1,1371.0,1350.0,1.456,2026-02-03 23:02,16686
UNITDSPR,2026-02-24,1470.0,3.25,14800.0,0.0,0.0,0.0,0.0,1366.1,1371.0,1350.0,1.456,2026-02-03 23:02,18078
UNITDSPR,2026-02-24,1480.0,0.0,0.0,0.0,136.3,1600.0,0.0,1366.1,1371.0,1350.0,1.456,2026-02-03 23:02,19543
UNITDSPR,2026-02-24,1500.0,2.1,206000.0,141600.0,134.55,178000.0,800.0,1366.1,1371.0,1350.0,1.456,2026-02-03 23:02,22444
UNITDSPR,2026-02-24,1510.0,1.8,64800.0,2400.0,0.0,0.0,0.0,1366.1,1371.0,1350.0,1.456,2026-02-03 23:02,21938
UNITDSPR,2026-02-24,1520.0,1.6,7600.0,400.0,196.0,14400.0,0.0,1366.1,1371.0,1350.0,1.456,2026-02-03 23:02,23860
UNITDSPR,2026-02-24,1540.0,0.0,0.0,0.0,0.0,0.0,0.0,1366.1,1371.0,1350.0,1.456,2026-02-03 23:02,27444
UNITDSPR,2026-02-24,1560.0,0.65,8800.0,0.0,0.0,0.0,0.0,1366.1,1371.0,1350.0,1.456,2026-02-03 23:02,31309
UNITDSPR,2026-02-24,1580.0,0.0,0.0,0.0,188.65,800.0,0.0,1366.1,1371.0,1350.0,1.456,2026-02-03 23:02,35192
UNITDSPR,2026-02-24,1600.0,0.7,10000.0,2800.0,232.0,130800.0,40000.0,1366.1,1371.0,1350.0,1.456,2026-02-03 23:02,39061
UNITDSPR,2026-02-24,1660.0,0.15,800.0,0.0,305.0,800.0,0.0,1366.1,1371.0,1350.0,1.456,2026-02-03 23:02,48524
UNOMINDA,2026-02-24,960.0,196.0,550.0,0.0,2.2,6050.0,6050.0,1214.0,1248.0,1209.8,3.039,2026-02-03 23:02,7361
UNOMINDA,2026-02-24,1000.0,147.75,550.0,0.0,3.55,56650.0,64350.0,1214.0,1248.0,1209.8,3.039,2026-02-03 23:02,5061
UNOMINDA,2026-02-24,1020.0,0.0,0.0,0.0,4.0,550.0,1100.0,1214.0,1248.0,1209.8,3.039,2026-02-03 23:02,4008
UNOMINDA,2026-02-24,1040.0,0.0,0.0,0.0,15.0,1100.0,0.0,1214.0,1248.0,1209.8,3.039,2026-02-03 23:02,2968
UNOMINDA,2026-02-24,1060.0,112.7,550.0,0.0,5.6,24750.0,23650.0,1214.0,1248.0,1209.8,3.039,2026-02-03 23:02,1929
UNOMINDA,2026-02-24,1080.0,154.15,2750.0,3850.0,7.2,74250.0,103950.0,1214.0,1248.0,1209.8,3.039,2026-02-03 23:02,935
UNOMINDA,2026-02-24,1100.0,88.85,9350.0,0.0,9.45,45100.0,66000.0,1214.0,1248.0,1209.8,3.039,2026-02-03 23:02,91
UNOMINDA,2026-02-24,1120.0,108.0,17600.0,3300.0,12.25,79750.0,157850.0,1214.0,1248.0,1209.8,3.039,2026-02-03 23:02,-591
UNOMINDA,2026-02-24,1140.0,95.25,36300.0,9350.0,16.2,70950.0,80300.0,1214.0,1248.0,1209.8,3.039,2026-02-03 23:02,-1028
UNOMINDA,2026-02-24,1160.0,81.55,47300.0,18700.0,21.7,53350.0,57750.0,1214.0,1248.0,1209.8,3.039,2026-02-03 23:02,-1112
UNOMINDA,2026-02-24,1180.0,65.55,33000.0,56650.0,26.15,44550.0,68200.0,1214.0,1248.0,1209.8,3.039,2026-02-03 23:02,-955
UNOMINDA,2026-02-24,1200.0,54.0,84700.0,152900.0,36.25,68200.0,53350.0,1214.0,1248.0,1209.8,3.039,2026-02-03 23:02,-813
UNOMINDA,2026-02-24,1220.0,44.0,39050.0,69850.0,45.9,19250.0,41250.0,1214.0,1248.0,1209.8,3.039,2026-02-03 23:02,-255
UNOMINDA,2026-02-24,1240.0,34.35,70950.0,274450.0,53.65,13200.0,27500.0,1214.0,1248.0,1209.8,3.039,2026-02-03 23:02,291
UNOMINDA,2026-02-24,1260.0,26.65,68750.0,157300.0,68.6,9350.0,12650.0,1214.0,1248.0,1209.8,3.039,2026-02-03 23:02,1097
UNOMINDA,2026-02-24,1280.0,21.1,15950.0,13200.0,117.0,550.0,0.0,1214.0,1248.0,1209.8,3.039,2026-02-03 23:02,2004
UNOMINDA,2026-02-24,1300.0,17.0,89650.0,361900.0,88.6,13200.0,12650.0,1214.0,1248.0,1209.8,3.039,2026-02-03 23:02,2853
UNOMINDA,2026-02-24,1320.0,13.5,30800.0,41250.0,0.0,0.0,0.0,1214.0,1248.0,1209.8,3.039,2026-02-03 23:02,3916
UNOMINDA,2026-02-24,1340.0,10.05,64900.0,219450.0,0.0,0.0,0.0,1214.0,1248.0,1209.8,3.039,2026-02-03 23:02,5047
UNOMINDA,2026-02-24,1360.0,0.0,0.0,0.0,0.0,0.0,0.0,1214.0,1248.0,1209.8,3.039,2026-02-03 23:02,6331
UNOMINDA,2026-02-24,1380.0,6.75,17600.0,20350.0,0.0,0.0,0.0,1214.0,1248.0,1209.8,3.039,2026-02-03 23:02,7550
UNOMINDA,2026-02-24,1400.0,0.0,0.0,0.0,175.0,1650.0,1650.0,1214.0,1248.0,1209.8,3.039,2026-02-03 23:02,8815
UNOMINDA,2026-02-24,1420.0,0.0,0.0,0.0,251.45,1650.0,0.0,1214.0,1248.0,1209.8,3.039,2026-02-03 23:02,10044
UPL,2026-02-24,300.0,0.0,0.0,0.0,0.0,0.0,0.0,739.8,753.15,726.85,5.905,2026-02-03 23:02,346652
UPL,2026-02-24,320.0,0.0,0.0,0.0,0.0,0.0,0.0,739.8,753.15,726.85,5.905,2026-02-03 23:02,327788
UPL,2026-02-24,340.0,0.0,0.0,0.0,0.0,0.0,0.0,739.8,753.15,726.85,5.905,2026-02-03 23:02,308924
UPL,2026-02-24,360.0,0.0,0.0,0.0,0.0,0.0,0.0,739.8,753.15,726.85,5.905,2026-02-03 23:02,290059
UPL,2026-02-24,380.0,0.0,0.0,0.0,0.0,0.0,0.0,739.8,753.15,726.85,5.905,2026-02-03 23:02,271195
UPL,2026-02-24,400.0,0.0,0.0,0.0,0.0,0.0,0.0,739.8,753.15,726.85,5.905,2026-02-03 23:02,252331
UPL,2026-02-24,420.0,0.0,0.0,0.0,0.0,0.0,0.0,739.8,753.15,726.85,5.905,2026-02-03 23:02,233466
UPL,2026-02-24,430.0,0.0,0.0,0.0,0.0,0.0,0.0,739.8,753.15,726.85,5.905,2026-02-03 23:02,224034
UPL,2026-02-24,440.0,0.0,0.0,0.0,0.0,0.0,0.0,739.8,753.15,726.85,5.905,2026-02-03 23:02,214602
UPL,2026-02-24,450.0,0.0,0.0,0.0,0.0,0.0,0.0,739.8,753.15,726.85,5.905,2026-02-03 23:02,205170
UPL,2026-02-24,460.0,0.0,0.0,0.0,0.0,0.0,0.0,739.8,753.15,726.85,5.905,2026-02-03 23:02,195738
UPL,2026-02-24,470.0,0.0,0.0,0.0,0.0,0.0,0.0,739.8,753.15,726.85,5.905,2026-02-03 23:02,186306
UPL,2026-02-24,480.0,0.0,0.0,0.0,0.0,0.0,0.0,739.8,753.15,726.85,5.905,2026-02-03 23:02,176874
UPL,2026-02-24,490.0,0.0,0.0,0.0,0.0,0.0,0.0,739.8,753.15,726.85,5.905,2026-02-03 23:02,167441
UPL,2026-02-24,500.0,0.0,0.0,0.0,0.0,0.0,0.0,739.8,753.15,726.85,5.905,2026-02-03 23:02,158009
UPL,2026-02-24,510.0,0.0,0.0,0.0,0.0,0.0,0.0,739.8,753.15,726.85,5.905,2026-02-03 23:02,148577
UPL,2026-02-24,520.0,0.0,0.0,0.0,0.0,0.0,0.0,739.8,753.15,726.85,5.905,2026-02-03 23:02,139145
UPL,2026-02-24,530.0,0.0,0.0,0.0,0.0,0.0,0.0,739.8,753.15,726.85,5.905,2026-02-03 23:02,129713
UPL,2026-02-24,540.0,0.0,0.0,0.0,0.4,32520.0,13550.0,739.8,753.15,726.85,5.905,2026-02-03 23:02,120281
UPL,2026-02-24,550.0,0.0,0.0,0.0,0.0,0.0,0.0,739.8,753.15,726.85,5.905,2026-02-03 23:02,110880
UPL,2026-02-24,560.0,0.0,0.0,0.0,0.6,2710.0,4065.0,739.8,753.15,726.85,5.905,2026-02-03 23:02,101480
UPL,2026-02-24,570.0,0.0,0.0,0.0,0.5,1355.0,2710.0,739.8,753.15,726.85,5.905,2026-02-03 23:02,92083
UPL,2026-02-24,580.0,0.0,0.0,0.0,0.6,281840.0,333330.0,739.8,753.15,726.85,5.905,2026-02-03 23:02,82687
UPL,2026-02-24,590.0,0.0,0.0,0.0,0.75,63685.0,115175.0,739.8,753.15,726.85,5.905,2026-02-03 23:02,73557
UPL,2026-02-24,600.0,0.0,0.0,0.0,0.95,344170.0,619235.0,739.8,753.15,726.85,5.905,2026-02-03 23:02,64502
UPL,2026-02-24,610.0,0.0,0.0,0.0,1.15,94850.0,252030.0,739.8,753.15,726.85,5.905,2026-02-03 23:02,55763
UPL,2026-02-24,620.0,0.0,0.0,0.0,1.25,355010.0,474250.0,739.8,753.15,726.85,5.905,2026-02-03 23:02,47141
UPL,2026-02-24,630.0,75.8,2710.0,0.0,1.4,367205.0,529805.0,739.8,753.15,726.85,5.905,2026-02-03 23:02,38841
UPL,2026-02-24,640.0,70.0,16260.0,0.0,1.6,731700.0,1933585.0,739.8,753.15,726.85,5.905,2026-02-03 23:02,30924
UPL,2026-02-24,650.0,89.7,33875.0,33875.0,1.85,475605.0,1540635.0,739.8,753.15,726.85,5.905,2026-02-03 23:02,23783
UPL,2026-02-24,660.0,80.3,50135.0,111110.0,2.2,658530.0,1094840.0,739.8,753.15,726.85,5.905,2026-02-03 23:02,17370
UPL,2026-02-24,670.0,73.3,62330.0,78590.0,2.85,334685.0,1147685.0,739.8,753.15,726.85,5.905,2026-02-03 23:02,11708
UPL,2026-02-24,680.0,63.15,197830.0,425470.0,3.55,536580.0,1677490.0,739.8,753.15,726.85,5.905,2026-02-03 23:02,6546
UPL,2026-02-24,690.0,55.0,280485.0,237125.0,4.3,420050.0,1082645.0,739.8,753.15,726.85,5.905,2026-02-03 23:02,2816
UPL,2026-02-24,700.0,45.55,1340095.0,3226255.0,6.0,1228985.0,4270960.0,739.8,753.15,726.85,5.905,2026-02-03 23:02,90
UPL,2026-02-24,710.0,38.2,371270.0,1279120.0,7.55,536580.0,1212725.0,739.8,753.15,726.85,5.905,2026-02-03 23:02,3938
UPL,2026-02-24,720.0,30.4,336040.0,2670705.0,10.55,508125.0,2108380.0,739.8,753.15,726.85,5.905,2026-02-03 23:02,4340
UPL,2026-02-24,730.0,24.1,346880.0,1999980.0,14.0,421405.0,2036565.0,739.8,753.15,726.85,5.905,2026-02-03 23:02,5059
UPL,2026-02-24,740.0,18.6,569100.0,4818380.0,18.6,457990.0,2627345.0,739.8,753.15,726.85,5.905,2026-02-03 23:02,6306
UPL,2026-02-24,750.0,14.0,1228985.0,6635435.0,24.05,891590.0,1094840.0,739.8,753.15,726.85,5.905,2026-02-03 23:02,8541
UPL,2026-02-24,760.0,10.6,746605.0,3635465.0,30.4,177505.0,383465.0,739.8,753.15,726.85,5.905,2026-02-03 23:02,12266
UPL,2026-02-24,770.0,7.9,529805.0,2216780.0,37.9,79945.0,155825.0,739.8,753.15,726.85,5.905,2026-02-03 23:02,17591
UPL,2026-02-24,780.0,6.1,495930.0,1815700.0,45.35,204605.0,398370.0,739.8,753.15,726.85,5.905,2026-02-03 23:02,23390
UPL,2026-02-24,790.0,4.55,257450.0,1043350.0,89.4,37940.0,0.0,739.8,753.15,726.85,5.905,2026-02-03 23:02,29148
UPL,2026-02-24,800.0,3.45,2875310.0,7167950.0,62.0,142275.0,42005.0,739.8,753.15,726.85,5.905,2026-02-03 23:02,35605
UPL,2026-02-24,810.0,2.5,306230.0,833325.0,72.55,6775.0,6775.0,739.8,753.15,726.85,5.905,2026-02-03 23:02,45411
UPL,2026-02-24,820.0,1.85,523030.0,1303510.0,82.65,13550.0,25745.0,739.8,753.15,726.85,5.905,2026-02-03 23:02,55448
UPL,2026-02-24,830.0,1.4,58265.0,48780.0,113.0,5420.0,0.0,739.8,753.15,726.85,5.905,2026-02-03 23:02,65978
UPL,2026-02-24,840.0,0.95,181570.0,355010.0,0.0,0.0,0.0,739.8,753.15,726.85,5.905,2026-02-03 23:02,76535
UPL,2026-02-24,850.0,0.7,228995.0,537935.0,108.45,12195.0,1355.0,739.8,753.15,726.85,5.905,2026-02-03 23:02,87343
UPL,2026-02-24,860.0,0.65,36585.0,43360.0,153.0,5420.0,0.0,739.8,753.15,726.85,5.905,2026-02-03 23:02,98260
UPL,2026-02-24,870.0,1.2,50135.0,4065.0,151.5,0.0,0.0,739.8,753.15,726.85,5.905,2026-02-03 23:02,109253
UPL,2026-02-24,880.0,0.35,174795.0,98915.0,158.0,1355.0,0.0,739.8,753.15,726.85,5.905,2026-02-03 23:02,120384
UPL,2026-02-24,890.0,0.25,0.0,0.0,171.2,0.0,0.0,739.8,753.15,726.85,5.905,2026-02-03 23:02,131669
UPL,2026-02-24,900.0,0.25,131435.0,134145.0,146.7,0.0,0.0,739.8,753.15,726.85,5.905,2026-02-03 23:02,142970
UPL,2026-02-24,910.0,0.0,0.0,0.0,0.0,0.0,0.0,739.8,753.15,726.85,5.905,2026-02-03 23:02,154406
UPL,2026-02-24,920.0,0.2,42005.0,10840.0,164.1,0.0,0.0,739.8,753.15,726.85,5.905,2026-02-03 23:02,165838
UPL,2026-02-24,930.0,0.0,0.0,0.0,0.0,0.0,0.0,739.8,753.15,726.85,5.905,2026-02-03 23:02,177313
UPL,2026-02-24,940.0,0.0,0.0,0.0,0.0,0.0,0.0,739.8,753.15,726.85,5.905,2026-02-03 23:02,188787
UPL,2026-02-24,950.0,0.0,0.0,0.0,0.0,0.0,0.0,739.8,753.15,726.85,5.905,2026-02-03 23:02,200261
UPL,2026-02-24,960.0,0.0,0.0,0.0,0.0,0.0,0.0,739.8,753.15,726.85,5.905,2026-02-03 23:02,211735
UPL,2026-02-24,980.0,0.0,0.0,0.0,0.0,0.0,0.0,739.8,753.15,726.85,5.905,2026-02-03 23:02,234683
UPL,2026-02-24,1000.0,0.0,0.0,0.0,0.0,0.0,0.0,739.8,753.15,726.85,5.905,2026-02-03 23:02,257632
UPL,2026-02-24,1020.0,0.0,0.0,0.0,0.0,0.0,0.0,739.8,753.15,726.85,5.905,2026-02-03 23:02,280580
UPL,2026-02-24,1040.0,0.0,0.0,0.0,0.0,0.0,0.0,739.8,753.15,726.85,5.905,2026-02-03 23:02,303528
UPL,2026-02-24,1060.0,0.0,0.0,0.0,0.0,0.0,0.0,739.8,753.15,726.85,5.905,2026-02-03 23:02,326476
UPL,2026-02-24,1080.0,0.0,0.0,0.0,0.0,0.0,0.0,739.8,753.15,726.85,5.905,2026-02-03 23:02,349425
VBL,2026-02-24,400.0,54.75,41625.0,57375.0,2.05,803250.0,4368375.0,451.1,492.15,440.6,-3.26,2026-02-03 23:02,42733
VBL,2026-02-24,410.0,0.0,0.0,0.0,3.1,448875.0,2381625.0,451.1,492.15,440.6,-3.26,2026-02-03 23:02,32679
VBL,2026-02-24,415.0,0.0,0.0,0.0,2.75,1125.0,0.0,451.1,492.15,440.6,-3.26,2026-02-03 23:02,27706
VBL,2026-02-24,420.0,46.35,0.0,1125.0,4.45,680625.0,3847500.0,451.1,492.15,440.6,-3.26,2026-02-03 23:02,22872
VBL,2026-02-24,425.0,33.25,6750.0,11250.0,5.3,158625.0,2052000.0,451.1,492.15,440.6,-3.26,2026-02-03 23:02,18076
VBL,2026-02-24,430.0,28.85,48375.0,81000.0,6.5,572625.0,6129000.0,451.1,492.15,440.6,-3.26,2026-02-03 23:02,13604
VBL,2026-02-24,435.0,25.3,63000.0,209250.0,7.9,99000.0,617625.0,451.1,492.15,440.6,-3.26,2026-02-03 23:02,9271
VBL,2026-02-24,440.0,22.0,195750.0,1472625.0,9.6,1467000.0,9493875.0,451.1,492.15,440.6,-3.26,2026-02-03 23:02,5333
VBL,2026-02-24,445.0,18.85,228375.0,1625625.0,11.45,266625.0,4971375.0,451.1,492.15,440.6,-3.26,2026-02-03 23:02,1168
VBL,2026-02-24,450.0,16.5,929250.0,7687125.0,13.8,2173500.0,18363375.0,451.1,492.15,440.6,-3.26,2026-02-03 23:02,-1646
VBL,2026-02-24,455.0,13.9,483750.0,3884625.0,16.5,313875.0,4008375.0,451.1,492.15,440.6,-3.26,2026-02-03 23:02,-4501
VBL,2026-02-24,460.0,12.25,1136250.0,7400250.0,19.45,843750.0,9597375.0,451.1,492.15,440.6,-3.26,2026-02-03 23:02,-5337
VBL,2026-02-24,465.0,10.15,360000.0,3451500.0,22.35,303750.0,2770875.0,451.1,492.15,440.6,-3.26,2026-02-03 23:02,-5586
VBL,2026-02-24,470.0,8.6,981000.0,9051750.0,25.75,452250.0,5013000.0,451.1,492.15,440.6,-3.26,2026-02-03 23:02,-5567
VBL,2026-02-24,475.0,7.2,531000.0,4169250.0,29.4,439875.0,2603250.0,451.1,492.15,440.6,-3.26,2026-02-03 23:02,-4840
VBL,2026-02-24,480.0,6.15,1861875.0,12717000.0,33.4,360000.0,4587750.0,451.1,492.15,440.6,-3.26,2026-02-03 23:02,-4217
VBL,2026-02-24,485.0,5.35,486000.0,4831875.0,37.7,372375.0,2046375.0,451.1,492.15,440.6,-3.26,2026-02-03 23:02,-1629
VBL,2026-02-24,490.0,4.55,2454750.0,10837125.0,41.8,211500.0,1914750.0,451.1,492.15,440.6,-3.26,2026-02-03 23:02,300
VBL,2026-02-24,495.0,3.95,623250.0,4308750.0,46.2,126000.0,621000.0,451.1,492.15,440.6,-3.26,2026-02-03 23:02,4940
VBL,2026-02-24,500.0,3.5,8323875.0,21702375.0,51.55,648000.0,676125.0,451.1,492.15,440.6,-3.26,2026-02-03 23:02,9386
VBL,2026-02-24,505.0,3.0,541125.0,1711125.0,55.5,45000.0,70875.0,451.1,492.15,440.6,-3.26,2026-02-03 23:02,18227
VBL,2026-02-24,510.0,2.6,804375.0,3832875.0,60.1,32625.0,47250.0,451.1,492.15,440.6,-3.26,2026-02-03 23:02,27700
VBL,2026-02-24,515.0,2.15,180000.0,918000.0,66.25,15750.0,47250.0,451.1,492.15,440.6,-3.26,2026-02-03 23:02,37692
VBL,2026-02-24,520.0,1.9,739125.0,4465125.0,68.95,86625.0,67500.0,451.1,492.15,440.6,-3.26,2026-02-03 23:02,47704
VBL,2026-02-24,525.0,1.7,77625.0,344250.0,0.0,0.0,0.0,451.1,492.15,440.6,-3.26,2026-02-03 23:02,57737
VBL,2026-02-24,530.0,1.35,253125.0,1368000.0,71.6,2250.0,3375.0,451.1,492.15,440.6,-3.26,2026-02-03 23:02,68279
VBL,2026-02-24,535.0,1.2,47250.0,310500.0,0.0,0.0,0.0,451.1,492.15,440.6,-3.26,2026-02-03 23:02,78954
VBL,2026-02-24,540.0,1.05,306000.0,1374750.0,90.3,14625.0,15750.0,451.1,492.15,440.6,-3.26,2026-02-03 23:02,89640
VBL,2026-02-24,550.0,0.85,276750.0,1868625.0,62.1,1125.0,0.0,451.1,492.15,440.6,-3.26,2026-02-03 23:02,111221
VBL,2026-02-24,560.0,0.6,172125.0,608625.0,115.0,21375.0,18000.0,451.1,492.15,440.6,-3.26,2026-02-03 23:02,133196
VBL,2026-02-24,570.0,0.45,318375.0,1098000.0,0.0,0.0,0.0,451.1,492.15,440.6,-3.26,2026-02-03 23:02,155113
VBL,2026-02-24,580.0,0.35,230625.0,248625.0,0.0,0.0,0.0,451.1,492.15,440.6,-3.26,2026-02-03 23:02,177598
VEDL,2026-02-24,460.0,0.0,0.0,0.0,0.55,320850.0,307050.0,675.65,700.0,653.55,2.27,2026-02-03 23:02,510509
VEDL,2026-02-24,480.0,0.0,0.0,0.0,0.6,106950.0,86250.0,675.65,700.0,653.55,2.27,2026-02-03 23:02,446052
VEDL,2026-02-24,490.0,0.0,0.0,0.0,0.7,82800.0,48300.0,675.65,700.0,653.55,2.27,2026-02-03 23:02,413933
VEDL,2026-02-24,500.0,185.8,192050.0,2300.0,0.7,860200.0,507150.0,675.65,700.0,653.55,2.27,2026-02-03 23:02,381898
VEDL,2026-02-24,510.0,0.0,0.0,0.0,0.95,126500.0,141450.0,675.65,700.0,653.55,2.27,2026-02-03 23:02,354428
VEDL,2026-02-24,520.0,145.0,5750.0,0.0,1.1,299000.0,288650.0,675.65,700.0,653.55,2.27,2026-02-03 23:02,323565
VEDL,2026-02-24,530.0,152.0,2300.0,1150.0,1.35,133400.0,96600.0,675.65,700.0,653.55,2.27,2026-02-03 23:02,293069
VEDL,2026-02-24,535.0,0.0,0.0,0.0,1.5,59800.0,49450.0,675.65,700.0,653.55,2.27,2026-02-03 23:02,277881
VEDL,2026-02-24,540.0,145.0,14950.0,1150.0,1.65,180550.0,135700.0,675.65,700.0,653.55,2.27,2026-02-03 23:02,262697
VEDL,2026-02-24,545.0,0.0,0.0,0.0,2.45,3450.0,0.0,675.65,700.0,653.55,2.27,2026-02-03 23:02,247806
VEDL,2026-02-24,550.0,127.0,78200.0,8050.0,1.9,1400700.0,823400.0,675.65,700.0,653.55,2.27,2026-02-03 23:02,232729
VEDL,2026-02-24,555.0,105.7,4600.0,0.0,2.1,104650.0,58650.0,675.65,700.0,653.55,2.27,2026-02-03 23:02,219120
VEDL,2026-02-24,560.0,107.3,331200.0,2300.0,2.4,606050.0,307050.0,675.65,700.0,653.55,2.27,2026-02-03 23:02,204865
VEDL,2026-02-24,565.0,114.0,4600.0,1150.0,2.6,149500.0,95450.0,675.65,700.0,653.55,2.27,2026-02-03 23:02,194460
VEDL,2026-02-24,570.0,109.9,46000.0,3450.0,2.9,571550.0,349600.0,675.65,700.0,653.55,2.27,2026-02-03 23:02,180737
VEDL,2026-02-24,575.0,110.0,3450.0,0.0,3.2,141450.0,110400.0,675.65,700.0,653.55,2.27,2026-02-03 23:02,167650
VEDL,2026-02-24,580.0,84.5,36800.0,0.0,3.55,736000.0,741750.0,675.65,700.0,653.55,2.27,2026-02-03 23:02,154287
VEDL,2026-02-24,585.0,0.0,0.0,0.0,4.1,161000.0,141450.0,675.65,700.0,653.55,2.27,2026-02-03 23:02,141368
VEDL,2026-02-24,590.0,93.45,11500.0,1150.0,4.45,537050.0,341550.0,675.65,700.0,653.55,2.27,2026-02-03 23:02,128414
VEDL,2026-02-24,595.0,0.0,0.0,0.0,5.35,276000.0,113850.0,675.65,700.0,653.55,2.27,2026-02-03 23:02,115669
VEDL,2026-02-24,600.0,83.6,654350.0,579600.0,5.45,2446050.0,3076250.0,675.65,700.0,653.55,2.27,2026-02-03 23:02,103046
VEDL,2026-02-24,605.0,0.0,0.0,0.0,6.1,166750.0,187450.0,675.65,700.0,653.55,2.27,2026-02-03 23:02,96257
VEDL,2026-02-24,610.0,75.0,83950.0,14950.0,6.8,1122400.0,488750.0,675.65,700.0,653.55,2.27,2026-02-03 23:02,85313
VEDL,2026-02-24,615.0,77.45,43700.0,5750.0,7.45,370300.0,328900.0,675.65,700.0,653.55,2.27,2026-02-03 23:02,74941
VEDL,2026-02-24,620.0,66.0,679650.0,474950.0,8.45,1607700.0,1138500.0,675.65,700.0,653.55,2.27,2026-02-03 23:02,64971
VEDL,2026-02-24,625.0,65.05,134550.0,3450.0,9.95,446200.0,289800.0,675.65,700.0,653.55,2.27,2026-02-03 23:02,59210
VEDL,2026-02-24,630.0,58.45,277150.0,57500.0,10.95,507150.0,807300.0,675.65,700.0,653.55,2.27,2026-02-03 23:02,51043
VEDL,2026-02-24,635.0,57.15,87400.0,63250.0,11.9,266800.0,374900.0,675.65,700.0,653.55,2.27,2026-02-03 23:02,43902
VEDL,2026-02-24,640.0,51.05,604900.0,356500.0,13.2,798100.0,1790550.0,675.65,700.0,653.55,2.27,2026-02-03 23:02,36056
VEDL,2026-02-24,645.0,47.6,194350.0,162150.0,15.05,331200.0,473800.0,675.65,700.0,653.55,2.27,2026-02-03 23:02,30763
VEDL,2026-02-24,650.0,45.0,1780200.0,3758200.0,16.25,2240200.0,2846250.0,675.65,700.0,653.55,2.27,2026-02-03 23:02,24125
VEDL,2026-02-24,655.0,41.1,189750.0,609500.0,18.2,396750.0,932650.0,675.65,700.0,653.55,2.27,2026-02-03 23:02,23441
VEDL,2026-02-24,660.0,38.1,1353550.0,4235450.0,19.75,1474300.0,3165950.0,675.65,700.0,653.55,2.27,2026-02-03 23:02,18738
VEDL,2026-02-24,665.0,35.35,466900.0,2802550.0,22.4,423200.0,1139650.0,675.65,700.0,653.55,2.27,2026-02-03 23:02,17636
VEDL,2026-02-24,670.0,33.0,1638750.0,6667700.0,24.3,908500.0,2011350.0,675.65,700.0,653.55,2.27,2026-02-03 23:02,15437
VEDL,2026-02-24,675.0,30.4,593400.0,2709400.0,26.55,484150.0,907350.0,675.65,700.0,653.55,2.27,2026-02-03 23:02,17009
VEDL,2026-02-24,680.0,28.0,1746850.0,8278850.0,29.05,1340900.0,1491550.0,675.65,700.0,653.55,2.27,2026-02-03 23:02,16438
VEDL,2026-02-24,685.0,25.5,369150.0,1698550.0,32.4,359950.0,382950.0,675.65,700.0,653.55,2.27,2026-02-03 23:02,17888
VEDL,2026-02-24,690.0,23.3,1013150.0,3892750.0,34.05,445050.0,313950.0,675.65,700.0,653.55,2.27,2026-02-03 23:02,18482
VEDL,2026-02-24,695.0,21.5,572700.0,1109750.0,38.35,434700.0,111550.0,675.65,700.0,653.55,2.27,2026-02-03 23:02,20875
VEDL,2026-02-24,700.0,19.8,6095000.0,13320450.0,40.55,2178100.0,588800.0,675.65,700.0,653.55,2.27,2026-02-03 23:02,22491
VEDL,2026-02-24,705.0,17.8,637100.0,828000.0,44.9,633650.0,43700.0,675.65,700.0,653.55,2.27,2026-02-03 23:02,31915
VEDL,2026-02-24,710.0,16.45,1124700.0,1829650.0,46.85,600300.0,92000.0,675.65,700.0,653.55,2.27,2026-02-03 23:02,37027
VEDL,2026-02-24,715.0,14.9,515200.0,496800.0,52.25,282900.0,11500.0,675.65,700.0,653.55,2.27,2026-02-03 23:02,43751
VEDL,2026-02-24,720.0,13.8,2714000.0,3997400.0,55.5,592250.0,101200.0,675.65,700.0,653.55,2.27,2026-02-03 23:02,51125
VEDL,2026-02-24,725.0,12.25,817650.0,911950.0,60.4,331200.0,39100.0,675.65,700.0,653.55,2.27,2026-02-03 23:02,61322
VEDL,2026-02-24,730.0,11.4,2135550.0,2002150.0,62.4,813050.0,62100.0,675.65,700.0,653.55,2.27,2026-02-03 23:02,70636
VEDL,2026-02-24,735.0,10.5,456550.0,418600.0,66.15,129950.0,11500.0,675.65,700.0,653.55,2.27,2026-02-03 23:02,79784
VEDL,2026-02-24,740.0,9.65,1647950.0,1500750.0,71.3,495650.0,13800.0,675.65,700.0,653.55,2.27,2026-02-03 23:02,91484
VEDL,2026-02-24,745.0,8.85,377200.0,359950.0,72.85,180550.0,5750.0,675.65,700.0,653.55,2.27,2026-02-03 23:02,102692
VEDL,2026-02-24,750.0,8.15,4616100.0,5398100.0,75.0,1198300.0,101200.0,675.65,700.0,653.55,2.27,2026-02-03 23:02,115141
VEDL,2026-02-24,755.0,7.45,502550.0,330050.0,93.75,151800.0,1150.0,675.65,700.0,653.55,2.27,2026-02-03 23:02,126254
VEDL,2026-02-24,760.0,6.75,2327600.0,1668650.0,87.1,465750.0,6900.0,675.65,700.0,653.55,2.27,2026-02-03 23:02,141871
VEDL,2026-02-24,765.0,6.3,650900.0,489900.0,100.0,185150.0,2300.0,675.65,700.0,653.55,2.27,2026-02-03 23:02,157447
VEDL,2026-02-24,770.0,5.8,1959600.0,1927400.0,116.45,282900.0,0.0,675.65,700.0,653.55,2.27,2026-02-03 23:02,174486
VEDL,2026-02-24,775.0,5.3,463450.0,218500.0,114.85,150650.0,0.0,675.65,700.0,653.55,2.27,2026-02-03 23:02,191929
VEDL,2026-02-24,780.0,4.9,1869900.0,1409900.0,101.95,85100.0,2300.0,675.65,700.0,653.55,2.27,2026-02-03 23:02,210353
VEDL,2026-02-24,785.0,4.5,166750.0,129950.0,86.45,17250.0,0.0,675.65,700.0,653.55,2.27,2026-02-03 23:02,231287
VEDL,2026-02-24,790.0,4.1,1033850.0,504850.0,146.7,132250.0,0.0,675.65,700.0,653.55,2.27,2026-02-03 23:02,252191
VEDL,2026-02-24,795.0,3.9,100050.0,116150.0,0.0,0.0,0.0,675.65,700.0,653.55,2.27,2026-02-03 23:02,272235
VEDL,2026-02-24,800.0,3.7,5061150.0,3682300.0,135.0,152950.0,23000.0,675.65,700.0,653.55,2.27,2026-02-03 23:02,293885
VEDL,2026-02-24,805.0,3.45,221950.0,94300.0,0.0,0.0,0.0,675.65,700.0,653.55,2.27,2026-02-03 23:02,317911
VEDL,2026-02-24,810.0,3.1,561200.0,228850.0,116.0,5750.0,0.0,675.65,700.0,653.55,2.27,2026-02-03 23:02,342316
VEDL,2026-02-24,815.0,2.95,142600.0,117300.0,0.0,0.0,0.0,675.65,700.0,653.55,2.27,2026-02-03 23:02,367036
VEDL,2026-02-24,820.0,2.75,715300.0,525550.0,0.0,0.0,0.0,675.65,700.0,653.55,2.27,2026-02-03 23:02,391761
VEDL,2026-02-24,825.0,2.6,188600.0,117300.0,0.0,0.0,0.0,675.65,700.0,653.55,2.27,2026-02-03 23:02,416999
VEDL,2026-02-24,830.0,2.35,294400.0,235750.0,200.0,3450.0,0.0,675.65,700.0,653.55,2.27,2026-02-03 23:02,442184
VEDL,2026-02-24,835.0,2.25,139150.0,90850.0,0.0,0.0,0.0,675.65,700.0,653.55,2.27,2026-02-03 23:02,467468
VEDL,2026-02-24,840.0,2.1,1194850.0,744050.0,180.0,43700.0,0.0,675.65,700.0,653.55,2.27,2026-02-03 23:02,492854
VEDL,2026-02-24,845.0,2.0,1230500.0,265650.0,0.0,0.0,0.0,675.65,700.0,653.55,2.27,2026-02-03 23:02,518291
VEDL,2026-02-24,850.0,1.8,2109100.0,1506500.0,0.0,0.0,0.0,675.65,700.0,653.55,2.27,2026-02-03 23:02,545126
VOLTAS,2026-02-24,1080.0,0.0,0.0,0.0,0.6,136875.0,6750.0,1366.9,1387.0,1350.1,3.022,2026-02-03 23:02,32000
VOLTAS,2026-02-24,1120.0,168.8,1125.0,0.0,1.0,60375.0,42000.0,1366.9,1387.0,1350.1,3.022,2026-02-03 23:02,25030
VOLTAS,2026-02-24,1140.0,0.0,0.0,0.0,1.45,15375.0,12750.0,1366.9,1387.0,1350.1,3.022,2026-02-03 23:02,21685
VOLTAS,2026-02-24,1160.0,259.1,0.0,0.0,2.15,44625.0,22125.0,1366.9,1387.0,1350.1,3.022,2026-02-03 23:02,18356
VOLTAS,2026-02-24,1180.0,0.0,0.0,0.0,2.65,18000.0,21750.0,1366.9,1387.0,1350.1,3.022,2026-02-03 23:02,15109
VOLTAS,2026-02-24,1200.0,137.7,9000.0,0.0,3.6,166875.0,113250.0,1366.9,1387.0,1350.1,3.022,2026-02-03 23:02,11902
VOLTAS,2026-02-24,1220.0,121.15,1125.0,0.0,4.75,32250.0,43500.0,1366.9,1387.0,1350.1,3.022,2026-02-03 23:02,9116
VOLTAS,2026-02-24,1240.0,129.3,5250.0,4875.0,6.15,74625.0,97500.0,1366.9,1387.0,1350.1,3.022,2026-02-03 23:02,6331
VOLTAS,2026-02-24,1260.0,110.8,12375.0,13125.0,8.15,132000.0,266625.0,1366.9,1387.0,1350.1,3.022,2026-02-03 23:02,3730
VOLTAS,2026-02-24,1280.0,94.6,28125.0,18000.0,11.35,107625.0,258000.0,1366.9,1387.0,1350.1,3.022,2026-02-03 23:02,1424
VOLTAS,2026-02-24,1300.0,79.2,115500.0,111375.0,15.2,470625.0,366000.0,1366.9,1387.0,1350.1,3.022,2026-02-03 23:02,-494
VOLTAS,2026-02-24,1320.0,62.7,115125.0,195000.0,20.55,89250.0,318750.0,1366.9,1387.0,1350.1,3.022,2026-02-03 23:02,-1186
VOLTAS,2026-02-24,1340.0,51.25,121125.0,366750.0,27.05,117000.0,370875.0,1366.9,1387.0,1350.1,3.022,2026-02-03 23:02,-1129
VOLTAS,2026-02-24,1360.0,40.2,305250.0,692625.0,35.45,193875.0,535125.0,1366.9,1387.0,1350.1,3.022,2026-02-03 23:02,-831
VOLTAS,2026-02-24,1380.0,30.65,103500.0,522750.0,45.8,36375.0,162750.0,1366.9,1387.0,1350.1,3.022,2026-02-03 23:02,700
VOLTAS,2026-02-24,1400.0,23.0,357000.0,855375.0,58.3,84750.0,57750.0,1366.9,1387.0,1350.1,3.022,2026-02-03 23:02,2123
VOLTAS,2026-02-24,1420.0,16.8,89625.0,166125.0,74.3,13875.0,24375.0,1366.9,1387.0,1350.1,3.022,2026-02-03 23:02,4605
VOLTAS,2026-02-24,1440.0,12.75,135750.0,294000.0,88.65,6750.0,3000.0,1366.9,1387.0,1350.1,3.022,2026-02-03 23:02,7015
VOLTAS,2026-02-24,1460.0,9.45,111750.0,186750.0,108.6,9375.0,6000.0,1366.9,1387.0,1350.1,3.022,2026-02-03 23:02,9776
VOLTAS,2026-02-24,1480.0,7.3,41625.0,83250.0,165.65,4500.0,0.0,1366.9,1387.0,1350.1,3.022,2026-02-03 23:02,12669
VOLTAS,2026-02-24,1500.0,5.4,230625.0,288750.0,141.7,40500.0,1125.0,1366.9,1387.0,1350.1,3.022,2026-02-03 23:02,15607
VOLTAS,2026-02-24,1520.0,4.1,31125.0,15000.0,192.0,1125.0,0.0,1366.9,1387.0,1350.1,3.022,2026-02-03 23:02,18682
VOLTAS,2026-02-24,1540.0,3.2,40125.0,29625.0,210.5,2250.0,0.0,1366.9,1387.0,1350.1,3.022,2026-02-03 23:02,22262
VOLTAS,2026-02-24,1560.0,2.4,46500.0,22875.0,183.0,1500.0,0.0,1366.9,1387.0,1350.1,3.022,2026-02-03 23:02,25901
VOLTAS,2026-02-24,1580.0,2.2,42000.0,6000.0,0.0,0.0,0.0,1366.9,1387.0,1350.1,3.022,2026-02-03 23:02,29654
VOLTAS,2026-02-24,1600.0,1.3,121500.0,11250.0,234.85,6750.0,0.0,1366.9,1387.0,1350.1,3.022,2026-02-03 23:02,33517
VOLTAS,2026-02-24,1620.0,0.65,21375.0,0.0,0.0,0.0,0.0,1366.9,1387.0,1350.1,3.022,2026-02-03 23:02,37484
VOLTAS,2026-02-24,1640.0,1.25,58875.0,2625.0,327.0,10125.0,0.0,1366.9,1387.0,1350.1,3.022,2026-02-03 23:02,41638
VOLTAS,2026-02-24,1680.0,1.0,44625.0,1875.0,0.0,0.0,0.0,1366.9,1387.0,1350.1,3.022,2026-02-03 23:02,49896
VOLTAS,2026-02-24,1720.0,0.4,46125.0,750.0,0.0,0.0,0.0,1366.9,1387.0,1350.1,3.022,2026-02-03 23:02,58661
WAAREEENER,2026-02-24,1100.0,0.0,0.0,0.0,0.0,0.0,0.0,3102.4,3195.0,3017.3,10.994,2026-02-03 23:02,146077
WAAREEENER,2026-02-24,1200.0,0.0,0.0,0.0,0.0,0.0,0.0,3102.4,3195.0,3017.3,10.994,2026-02-03 23:02,135608
WAAREEENER,2026-02-24,1300.0,0.0,0.0,0.0,0.0,0.0,0.0,3102.4,3195.0,3017.3,10.994,2026-02-03 23:02,125140
WAAREEENER,2026-02-24,1400.0,0.0,0.0,0.0,0.0,0.0,0.0,3102.4,3195.0,3017.3,10.994,2026-02-03 23:02,114671
WAAREEENER,2026-02-24,1500.0,0.0,0.0,0.0,0.0,0.0,0.0,3102.4,3195.0,3017.3,10.994,2026-02-03 23:02,104203
WAAREEENER,2026-02-24,1600.0,0.0,0.0,0.0,0.0,0.0,0.0,3102.4,3195.0,3017.3,10.994,2026-02-03 23:02,93734
WAAREEENER,2026-02-24,1700.0,0.0,0.0,0.0,0.0,0.0,0.0,3102.4,3195.0,3017.3,10.994,2026-02-03 23:02,83266
WAAREEENER,2026-02-24,1750.0,0.0,0.0,0.0,0.0,0.0,0.0,3102.4,3195.0,3017.3,10.994,2026-02-03 23:02,78032
WAAREEENER,2026-02-24,1800.0,0.0,0.0,0.0,0.0,0.0,0.0,3102.4,3195.0,3017.3,10.994,2026-02-03 23:02,72797
WAAREEENER,2026-02-24,1850.0,0.0,0.0,0.0,0.0,0.0,0.0,3102.4,3195.0,3017.3,10.994,2026-02-03 23:02,67563
WAAREEENER,2026-02-24,1900.0,1099.15,0.0,0.0,1.3,0.0,0.0,3102.4,3195.0,3017.3,10.994,2026-02-03 23:02,62329
WAAREEENER,2026-02-24,1950.0,0.0,0.0,0.0,0.0,0.0,0.0,3102.4,3195.0,3017.3,10.994,2026-02-03 23:02,57095
WAAREEENER,2026-02-24,2000.0,1001.65,0.0,0.0,2.25,17850.0,4725.0,3102.4,3195.0,3017.3,10.994,2026-02-03 23:02,51860
WAAREEENER,2026-02-24,2050.0,0.0,0.0,0.0,0.0,0.0,0.0,3102.4,3195.0,3017.3,10.994,2026-02-03 23:02,46711
WAAREEENER,2026-02-24,2100.0,0.0,0.0,0.0,4.85,6125.0,4025.0,3102.4,3195.0,3017.3,10.994,2026-02-03 23:02,41566
WAAREEENER,2026-02-24,2150.0,858.15,0.0,0.0,8.0,0.0,0.0,3102.4,3195.0,3017.3,10.994,2026-02-03 23:02,36449
WAAREEENER,2026-02-24,2200.0,0.0,0.0,0.0,5.0,38850.0,28875.0,3102.4,3195.0,3017.3,10.994,2026-02-03 23:02,31335
WAAREEENER,2026-02-24,2250.0,0.0,0.0,0.0,66.6,525.0,0.0,3102.4,3195.0,3017.3,10.994,2026-02-03 23:02,26395
WAAREEENER,2026-02-24,2300.0,0.0,0.0,0.0,7.0,15225.0,20125.0,3102.4,3195.0,3017.3,10.994,2026-02-03 23:02,21474
WAAREEENER,2026-02-24,2350.0,0.0,0.0,0.0,7.2,7175.0,11200.0,3102.4,3195.0,3017.3,10.994,2026-02-03 23:02,16622
WAAREEENER,2026-02-24,2400.0,722.0,25375.0,35000.0,9.25,53725.0,175175.0,3102.4,3195.0,3017.3,10.994,2026-02-03 23:02,11811
WAAREEENER,2026-02-24,2450.0,670.7,1925.0,350.0,10.05,4025.0,14525.0,3102.4,3195.0,3017.3,10.994,2026-02-03 23:02,9184
WAAREEENER,2026-02-24,2500.0,619.2,39025.0,42000.0,13.05,83825.0,280525.0,3102.4,3195.0,3017.3,10.994,2026-02-03 23:02,4929
WAAREEENER,2026-02-24,2550.0,241.5,2625.0,0.0,16.3,8750.0,11725.0,3102.4,3195.0,3017.3,10.994,2026-02-03 23:02,3470
WAAREEENER,2026-02-24,2600.0,540.25,39025.0,33425.0,18.7,46200.0,154700.0,3102.4,3195.0,3017.3,10.994,2026-02-03 23:02,-189
WAAREEENER,2026-02-24,2650.0,490.9,21000.0,13650.0,22.55,23625.0,65975.0,3102.4,3195.0,3017.3,10.994,2026-02-03 23:02,-1450
WAAREEENER,2026-02-24,2700.0,435.6,119175.0,79625.0,27.2,109550.0,467950.0,3102.4,3195.0,3017.3,10.994,2026-02-03 23:02,-3533
WAAREEENER,2026-02-24,2750.0,400.35,23975.0,46725.0,33.0,27125.0,80500.0,3102.4,3195.0,3017.3,10.994,2026-02-03 23:02,-556
WAAREEENER,2026-02-24,2800.0,360.4,88900.0,234500.0,40.75,59850.0,511350.0,3102.4,3195.0,3017.3,10.994,2026-02-03 23:02,-1346
WAAREEENER,2026-02-24,2850.0,323.5,26425.0,43225.0,51.55,16275.0,41300.0,3102.4,3195.0,3017.3,10.994,2026-02-03 23:02,696
WAAREEENER,2026-02-24,2900.0,287.5,48300.0,196525.0,61.5,86450.0,348250.0,3102.4,3195.0,3017.3,10.994,2026-02-03 23:02,763
WAAREEENER,2026-02-24,2950.0,236.6,14000.0,30625.0,73.95,14175.0,77875.0,3102.4,3195.0,3017.3,10.994,2026-02-03 23:02,1591
WAAREEENER,2026-02-24,3000.0,218.0,108675.0,950775.0,93.4,111825.0,900025.0,3102.4,3195.0,3017.3,10.994,2026-02-03 23:02,1928
WAAREEENER,2026-02-24,3050.0,186.4,14875.0,88375.0,111.75,31150.0,185150.0,3102.4,3195.0,3017.3,10.994,2026-02-03 23:02,4466
WAAREEENER,2026-02-24,3100.0,160.0,161000.0,1813000.0,136.4,97300.0,760375.0,3102.4,3195.0,3017.3,10.994,2026-02-03 23:02,5839
WAAREEENER,2026-02-24,3150.0,137.15,87675.0,1031450.0,162.7,28700.0,192325.0,3102.4,3195.0,3017.3,10.994,2026-02-03 23:02,9823
WAAREEENER,2026-02-24,3200.0,116.0,274575.0,2961350.0,191.7,152775.0,363650.0,3102.4,3195.0,3017.3,10.994,2026-02-03 23:02,13876
WAAREEENER,2026-02-24,3250.0,100.0,36750.0,249725.0,698.35,0.0,0.0,3102.4,3195.0,3017.3,10.994,2026-02-03 23:02,19586
WAAREEENER,2026-02-24,3300.0,84.95,208600.0,1949850.0,0.0,0.0,0.0,3102.4,3195.0,3017.3,10.994,2026-02-03 23:02,25591
WAAREEENER,2026-02-24,3350.0,67.0,5075.0,8925.0,292.95,350.0,525.0,3102.4,3195.0,3017.3,10.994,2026-02-03 23:02,34044
WAAREEENER,2026-02-24,3400.0,62.7,91350.0,929250.0,345.0,0.0,175.0,3102.4,3195.0,3017.3,10.994,2026-02-03 23:02,40776
WAAREEENER,2026-02-24,3450.0,56.0,4200.0,7700.0,0.0,0.0,0.0,3102.4,3195.0,3017.3,10.994,2026-02-03 23:02,48513
WAAREEENER,2026-02-24,3500.0,44.25,400225.0,3895500.0,842.25,5425.0,0.0,3102.4,3195.0,3017.3,10.994,2026-02-03 23:02,55722
WAAREEENER,2026-02-24,3550.0,0.0,0.0,0.0,0.0,0.0,0.0,3102.4,3195.0,3017.3,10.994,2026-02-03 23:02,66250
WAAREEENER,2026-02-24,3600.0,0.0,0.0,0.0,0.0,0.0,0.0,3102.4,3195.0,3017.3,10.994,2026-02-03 23:02,75464
WAAREEENER,2026-02-24,3650.0,0.0,0.0,0.0,0.0,0.0,0.0,3102.4,3195.0,3017.3,10.994,2026-02-03 23:02,84677
WAAREEENER,2026-02-24,3700.0,0.0,0.0,0.0,0.0,0.0,0.0,3102.4,3195.0,3017.3,10.994,2026-02-03 23:02,93891
WAAREEENER,2026-02-24,3800.0,0.0,0.0,0.0,0.0,0.0,0.0,3102.4,3195.0,3017.3,10.994,2026-02-03 23:02,112319
WAAREEENER,2026-02-24,3900.0,0.0,0.0,0.0,0.0,0.0,0.0,3102.4,3195.0,3017.3,10.994,2026-02-03 23:02,130746
WAAREEENER,2026-02-24,4000.0,0.0,0.0,0.0,0.0,0.0,0.0,3102.4,3195.0,3017.3,10.994,2026-02-03 23:02,149174
WAAREEENER,2026-02-24,4100.0,0.0,0.0,0.0,0.0,0.0,0.0,3102.4,3195.0,3017.3,10.994,2026-02-03 23:02,167601
WAAREEENER,2026-02-24,4200.0,0.0,0.0,0.0,0.0,0.0,0.0,3102.4,3195.0,3017.3,10.994,2026-02-03 23:02,186029
WAAREEENER,2026-02-24,4300.0,0.0,0.0,0.0,0.0,0.0,0.0,3102.4,3195.0,3017.3,10.994,2026-02-03 23:02,204456
WIPRO,2026-02-24,194.0,39.5,39000.0,0.0,0.07,156000.0,147000.0,242.69,259.89,242.28,0.161,2026-02-03 23:02,117686
WIPRO,2026-02-24,195.0,0.0,0.0,0.0,0.0,0.0,0.0,242.69,259.89,242.28,0.161,2026-02-03 23:02,114484
WIPRO,2026-02-24,199.0,0.0,0.0,0.0,0.06,120000.0,15000.0,242.69,259.89,242.28,0.161,2026-02-03 23:02,101062
WIPRO,2026-02-24,200.0,0.0,0.0,0.0,0.09,417000.0,156000.0,242.69,259.89,242.28,0.161,2026-02-03 23:02,97718
WIPRO,2026-02-24,204.0,33.5,6000.0,0.0,0.09,1191000.0,333000.0,242.69,259.89,242.28,0.161,2026-02-03 23:02,84507
WIPRO,2026-02-24,205.0,0.0,0.0,0.0,0.0,0.0,0.0,242.69,259.89,242.28,0.161,2026-02-03 23:02,81334
WIPRO,2026-02-24,207.5,0.0,0.0,0.0,0.4,3000.0,3000.0,242.69,259.89,242.28,0.161,2026-02-03 23:02,73379
WIPRO,2026-02-24,209.0,0.0,0.0,0.0,0.4,2553000.0,357000.0,242.69,259.89,242.28,0.161,2026-02-03 23:02,68606
WIPRO,2026-02-24,210.0,33.23,6000.0,0.0,0.16,315000.0,438000.0,242.69,259.89,242.28,0.161,2026-02-03 23:02,65577
WIPRO,2026-02-24,211.5,0.0,0.0,0.0,0.15,138000.0,6000.0,242.69,259.89,242.28,0.161,2026-02-03 23:02,61250
WIPRO,2026-02-24,212.5,0.0,0.0,0.0,0.0,0.0,0.0,242.69,259.89,242.28,0.161,2026-02-03 23:02,58368
WIPRO,2026-02-24,214.0,33.0,84000.0,0.0,0.2,909000.0,444000.0,242.69,259.89,242.28,0.161,2026-02-03 23:02,54047
WIPRO,2026-02-24,215.0,0.0,0.0,0.0,0.39,6000.0,0.0,242.69,259.89,242.28,0.161,2026-02-03 23:02,51525
WIPRO,2026-02-24,216.5,0.0,0.0,0.0,0.26,162000.0,120000.0,242.69,259.89,242.28,0.161,2026-02-03 23:02,47353
WIPRO,2026-02-24,217.5,0.0,0.0,0.0,0.3,78000.0,3000.0,242.69,259.89,242.28,0.161,2026-02-03 23:02,44585
WIPRO,2026-02-24,219.0,0.0,0.0,0.0,0.33,381000.0,273000.0,242.69,259.89,242.28,0.161,2026-02-03 23:02,40447
WIPRO,2026-02-24,220.0,25.22,6000.0,15000.0,0.36,936000.0,1383000.0,242.69,259.89,242.28,0.161,2026-02-03 23:02,37716
WIPRO,2026-02-24,221.5,24.34,12000.0,3000.0,0.43,126000.0,453000.0,242.69,259.89,242.28,0.161,2026-02-03 23:02,33761
WIPRO,2026-02-24,222.5,0.0,0.0,0.0,0.42,45000.0,57000.0,242.69,259.89,242.28,0.161,2026-02-03 23:02,31174
WIPRO,2026-02-24,224.0,21.35,789000.0,57000.0,0.56,1158000.0,1002000.0,242.69,259.89,242.28,0.161,2026-02-03 23:02,27263
WIPRO,2026-02-24,225.0,19.32,42000.0,12000.0,0.61,333000.0,1389000.0,242.69,259.89,242.28,0.161,2026-02-03 23:02,26471
WIPRO,2026-02-24,226.5,18.3,45000.0,0.0,0.78,315000.0,501000.0,242.69,259.89,242.28,0.161,2026-02-03 23:02,22971
WIPRO,2026-02-24,227.5,0.0,0.0,0.0,0.88,72000.0,135000.0,242.69,259.89,242.28,0.161,2026-02-03 23:02,20691
WIPRO,2026-02-24,229.0,15.63,255000.0,30000.0,1.01,762000.0,807000.0,242.69,259.89,242.28,0.161,2026-02-03 23:02,17189
WIPRO,2026-02-24,230.0,14.8,294000.0,165000.0,1.14,1533000.0,3627000.0,242.69,259.89,242.28,0.161,2026-02-03 23:02,15281
WIPRO,2026-02-24,231.5,13.6,300000.0,48000.0,1.38,783000.0,840000.0,242.69,259.89,242.28,0.161,2026-02-03 23:02,12472
WIPRO,2026-02-24,232.5,11.12,12000.0,0.0,1.6,252000.0,384000.0,242.69,259.89,242.28,0.161,2026-02-03 23:02,10834
WIPRO,2026-02-24,234.0,12.73,2025000.0,258000.0,1.84,3537000.0,1887000.0,242.69,259.89,242.28,0.161,2026-02-03 23:02,7940
WIPRO,2026-02-24,235.0,10.8,360000.0,324000.0,2.13,1029000.0,2889000.0,242.69,259.89,242.28,0.161,2026-02-03 23:02,8512
WIPRO,2026-02-24,236.5,9.77,741000.0,183000.0,2.62,456000.0,795000.0,242.69,259.89,242.28,0.161,2026-02-03 23:02,6856
WIPRO,2026-02-24,237.5,9.4,642000.0,105000.0,2.81,483000.0,846000.0,242.69,259.89,242.28,0.161,2026-02-03 23:02,6364
WIPRO,2026-02-24,239.0,8.0,1656000.0,948000.0,3.38,768000.0,1020000.0,242.69,259.89,242.28,0.161,2026-02-03 23:02,5355
WIPRO,2026-02-24,240.0,7.55,3261000.0,4644000.0,3.7,1869000.0,6657000.0,242.69,259.89,242.28,0.161,2026-02-03 23:02,5679
WIPRO,2026-02-24,241.5,6.57,651000.0,666000.0,4.39,378000.0,732000.0,242.69,259.89,242.28,0.161,2026-02-03 23:02,7106
WIPRO,2026-02-24,242.5,6.19,927000.0,1542000.0,4.73,717000.0,2124000.0,242.69,259.89,242.28,0.161,2026-02-03 23:02,7242
WIPRO,2026-02-24,244.0,5.42,2742000.0,4395000.0,5.67,1479000.0,2607000.0,242.69,259.89,242.28,0.161,2026-02-03 23:02,7534
WIPRO,2026-02-24,245.0,4.95,3738000.0,10626000.0,5.85,1560000.0,5193000.0,242.69,259.89,242.28,0.161,2026-02-03 23:02,8642
WIPRO,2026-02-24,246.5,4.32,1278000.0,3537000.0,6.77,852000.0,2007000.0,242.69,259.89,242.28,0.161,2026-02-03 23:02,11065
WIPRO,2026-02-24,247.5,3.9,789000.0,2292000.0,7.66,708000.0,2064000.0,242.69,259.89,242.28,0.161,2026-02-03 23:02,12244
WIPRO,2026-02-24,249.0,3.4,1566000.0,4863000.0,8.63,786000.0,2601000.0,242.69,259.89,242.28,0.161,2026-02-03 23:02,14039
WIPRO,2026-02-24,250.0,3.13,8715000.0,26322000.0,9.06,1263000.0,3378000.0,242.69,259.89,242.28,0.161,2026-02-03 23:02,15481
WIPRO,2026-02-24,251.5,2.68,645000.0,3117000.0,10.19,441000.0,1080000.0,242.69,259.89,242.28,0.161,2026-02-03 23:02,20943
WIPRO,2026-02-24,252.5,2.4,1965000.0,2154000.0,11.0,168000.0,168000.0,242.69,259.89,242.28,0.161,2026-02-03 23:02,23362
WIPRO,2026-02-24,254.0,2.08,2709000.0,5886000.0,11.94,1215000.0,804000.0,242.69,259.89,242.28,0.161,2026-02-03 23:02,28010
WIPRO,2026-02-24,255.0,1.89,1701000.0,7158000.0,13.2,69000.0,189000.0,242.69,259.89,242.28,0.161,2026-02-03 23:02,30423
WIPRO,2026-02-24,256.5,1.61,357000.0,831000.0,13.75,108000.0,75000.0,242.69,259.89,242.28,0.161,2026-02-03 23:02,35870
WIPRO,2026-02-24,257.5,1.45,327000.0,768000.0,15.27,258000.0,324000.0,242.69,259.89,242.28,0.161,2026-02-03 23:02,39302
WIPRO,2026-02-24,259.0,1.26,1800000.0,2391000.0,16.38,393000.0,54000.0,242.69,259.89,242.28,0.161,2026-02-03 23:02,44329
WIPRO,2026-02-24,260.0,1.15,4164000.0,10833000.0,17.37,141000.0,261000.0,242.69,259.89,242.28,0.161,2026-02-03 23:02,47714
WIPRO,2026-02-24,261.5,0.99,306000.0,408000.0,18.55,24000.0,45000.0,242.69,259.89,242.28,0.161,2026-02-03 23:02,54296
WIPRO,2026-02-24,262.5,0.9,264000.0,372000.0,0.0,0.0,0.0,242.69,259.89,242.28,0.161,2026-02-03 23:02,58547
WIPRO,2026-02-24,264.0,0.77,1674000.0,2958000.0,19.78,594000.0,69000.0,242.69,259.89,242.28,0.161,2026-02-03 23:02,65008
WIPRO,2026-02-24,265.0,0.72,1059000.0,2808000.0,21.98,12000.0,21000.0,242.69,259.89,242.28,0.161,2026-02-03 23:02,68480
WIPRO,2026-02-24,266.5,0.63,1338000.0,1485000.0,19.04,6000.0,6000.0,242.69,259.89,242.28,0.161,2026-02-03 23:02,75468
WIPRO,2026-02-24,267.5,0.57,306000.0,552000.0,24.96,3000.0,6000.0,242.69,259.89,242.28,0.161,2026-02-03 23:02,80301
WIPRO,2026-02-24,269.0,0.49,2451000.0,1467000.0,25.81,171000.0,180000.0,242.69,259.89,242.28,0.161,2026-02-03 23:02,87497
WIPRO,2026-02-24,270.0,0.47,2124000.0,4956000.0,25.52,27000.0,33000.0,242.69,259.89,242.28,0.161,2026-02-03 23:02,92228
WIPRO,2026-02-24,271.5,0.44,525000.0,294000.0,0.0,0.0,0.0,242.69,259.89,242.28,0.161,2026-02-03 23:02,100161
WIPRO,2026-02-24,274.0,0.36,2049000.0,2187000.0,30.33,744000.0,153000.0,242.69,259.89,242.28,0.161,2026-02-03 23:02,113486
WIPRO,2026-02-24,275.0,0.35,258000.0,1212000.0,0.0,0.0,0.0,242.69,259.89,242.28,0.161,2026-02-03 23:02,116903
WIPRO,2026-02-24,279.0,0.3,264000.0,375000.0,31.0,96000.0,3000.0,242.69,259.89,242.28,0.161,2026-02-03 23:02,139414
WIPRO,2026-02-24,280.0,0.29,1173000.0,2787000.0,36.0,3000.0,0.0,242.69,259.89,242.28,0.161,2026-02-03 23:02,144786
WIPRO,2026-02-24,281.5,0.0,0.0,0.0,38.39,6000.0,0.0,242.69,259.89,242.28,0.161,2026-02-03 23:02,153478
WIPRO,2026-02-24,284.0,0.25,600000.0,489000.0,45.85,288000.0,0.0,242.69,259.89,242.28,0.161,2026-02-03 23:02,167905
WIPRO,2026-02-24,286.5,0.0,0.0,0.0,43.28,3000.0,0.0,242.69,259.89,242.28,0.161,2026-02-03 23:02,181271
WIPRO,2026-02-24,289.0,0.18,84000.0,54000.0,54.3,6000.0,0.0,242.69,259.89,242.28,0.161,2026-02-03 23:02,195930
WIPRO,2026-02-24,294.0,0.17,2169000.0,1281000.0,48.95,249000.0,102000.0,242.69,259.89,242.28,0.161,2026-02-03 23:02,225288
WIPRO,2026-02-24,299.0,0.0,0.0,0.0,63.0,9000.0,0.0,242.69,259.89,242.28,0.161,2026-02-03 23:02,254705
WIPRO,2026-02-24,304.0,0.14,519000.0,447000.0,56.6,87000.0,51000.0,242.69,259.89,242.28,0.161,2026-02-03 23:02,285251
YESBANK,2026-02-24,16.0,0.0,0.0,0.0,0.01,1306200.0,186600.0,21.31,21.99,21.25,0.566,2026-02-03 23:02,95625
YESBANK,2026-02-24,18.0,3.43,839700.0,342100.0,0.02,7837200.0,1648300.0,21.31,21.99,21.25,0.566,2026-02-03 23:02,53372
YESBANK,2026-02-24,19.0,2.47,2177000.0,715300.0,0.05,24289100.0,15643300.0,21.31,21.99,21.25,0.566,2026-02-03 23:02,33386
YESBANK,2026-02-24,20.0,1.54,12222300.0,3078900.0,0.13,47303100.0,38315200.0,21.31,21.99,21.25,0.566,2026-02-03 23:02,16190
YESBANK,2026-02-24,21.0,0.82,31597600.0,29980400.0,0.38,58685700.0,21956600.0,21.31,21.99,21.25,0.566,2026-02-03 23:02,5798
YESBANK,2026-02-24,22.0,0.4,80766700.0,81326500.0,0.96,40492200.0,19219800.0,21.31,21.99,21.25,0.566,2026-02-03 23:02,3528
YESBANK,2026-02-24,23.0,0.22,72587400.0,47925100.0,1.78,17167200.0,3265500.0,21.31,21.99,21.25,0.566,2026-02-03 23:02,12366
YESBANK,2026-02-24,24.0,0.12,68015700.0,47209800.0,2.7,8521400.0,1088500.0,21.31,21.99,21.25,0.566,2026-02-03 23:02,29377
YESBANK,2026-02-24,25.0,0.08,47614100.0,22360900.0,3.59,1710500.0,559800.0,21.31,21.99,21.25,0.566,2026-02-03 23:02,54017
YESBANK,2026-02-24,26.0,0.05,20619300.0,3607600.0,4.61,4851600.0,964100.0,21.31,21.99,21.25,0.566,2026-02-03 23:02,84840
YESBANK,2026-02-24,27.0,0.03,3825300.0,1679400.0,5.72,124400.0,0.0,21.31,21.99,21.25,0.566,2026-02-03 23:02,116310
YESBANK,2026-02-24,28.0,0.03,15767700.0,1492800.0,6.71,279900.0,0.0,21.31,21.99,21.25,0.566,2026-02-03 23:02,150249
ZYDUSLIFE,2026-02-24,720.0,0.0,0.0,0.0,1.85,1800.0,0.0,902.9,916.85,895.25,2.643,2026-02-03 23:02,30660
ZYDUSLIFE,2026-02-24,740.0,0.0,0.0,0.0,0.0,0.0,0.0,902.9,916.85,895.25,2.643,2026-02-03 23:02,26457
ZYDUSLIFE,2026-02-24,760.0,0.0,0.0,0.0,1.25,231300.0,19800.0,902.9,916.85,895.25,2.643,2026-02-03 23:02,22254
ZYDUSLIFE,2026-02-24,780.0,0.0,0.0,0.0,1.65,145800.0,112500.0,902.9,916.85,895.25,2.643,2026-02-03 23:02,18485
ZYDUSLIFE,2026-02-24,790.0,0.0,0.0,0.0,0.0,0.0,0.0,902.9,916.85,895.25,2.643,2026-02-03 23:02,16736
ZYDUSLIFE,2026-02-24,800.0,0.0,0.0,0.0,2.15,117000.0,74700.0,902.9,916.85,895.25,2.643,2026-02-03 23:02,15012
ZYDUSLIFE,2026-02-24,810.0,0.0,0.0,0.0,0.0,0.0,0.0,902.9,916.85,895.25,2.643,2026-02-03 23:02,13379
ZYDUSLIFE,2026-02-24,820.0,90.1,6300.0,14400.0,3.0,35100.0,42300.0,902.9,916.85,895.25,2.643,2026-02-03 23:02,11772
ZYDUSLIFE,2026-02-24,830.0,80.55,4500.0,6300.0,3.85,84600.0,134100.0,902.9,916.85,895.25,2.643,2026-02-03 23:02,10252
ZYDUSLIFE,2026-02-24,840.0,51.1,4500.0,0.0,4.65,123300.0,72900.0,902.9,916.85,895.25,2.643,2026-02-03 23:02,8779
ZYDUSLIFE,2026-02-24,850.0,42.95,4500.0,0.0,5.95,108900.0,158400.0,902.9,916.85,895.25,2.643,2026-02-03 23:02,7395
ZYDUSLIFE,2026-02-24,860.0,53.05,0.0,900.0,7.8,37800.0,75600.0,902.9,916.85,895.25,2.643,2026-02-03 23:02,6114
ZYDUSLIFE,2026-02-24,870.0,48.5,30600.0,11700.0,10.15,62100.0,119700.0,902.9,916.85,895.25,2.643,2026-02-03 23:02,4887
ZYDUSLIFE,2026-02-24,880.0,40.0,56700.0,66600.0,12.65,121500.0,101700.0,902.9,916.85,895.25,2.643,2026-02-03 23:02,3867
ZYDUSLIFE,2026-02-24,890.0,33.5,85500.0,152100.0,15.8,172800.0,105300.0,902.9,916.85,895.25,2.643,2026-02-03 23:02,3013
ZYDUSLIFE,2026-02-24,900.0,27.6,318600.0,761400.0,20.0,351900.0,288900.0,902.9,916.85,895.25,2.643,2026-02-03 23:02,2358
ZYDUSLIFE,2026-02-24,910.0,23.05,63900.0,163800.0,25.0,18000.0,26100.0,902.9,916.85,895.25,2.643,2026-02-03 23:02,2535
ZYDUSLIFE,2026-02-24,920.0,17.9,144000.0,347400.0,29.65,67500.0,28800.0,902.9,916.85,895.25,2.643,2026-02-03 23:02,2721
ZYDUSLIFE,2026-02-24,930.0,13.9,81900.0,219600.0,36.35,44100.0,900.0,902.9,916.85,895.25,2.643,2026-02-03 23:02,3074
ZYDUSLIFE,2026-02-24,940.0,11.35,179100.0,174600.0,42.8,12600.0,10800.0,902.9,916.85,895.25,2.643,2026-02-03 23:02,3449
ZYDUSLIFE,2026-02-24,950.0,8.7,198000.0,307800.0,50.55,58500.0,3600.0,902.9,916.85,895.25,2.643,2026-02-03 23:02,4211
ZYDUSLIFE,2026-02-24,960.0,7.2,121500.0,84600.0,58.45,17100.0,21600.0,902.9,916.85,895.25,2.643,2026-02-03 23:02,4957
ZYDUSLIFE,2026-02-24,970.0,5.15,11700.0,21600.0,77.0,2700.0,0.0,902.9,916.85,895.25,2.643,2026-02-03 23:02,5952
ZYDUSLIFE,2026-02-24,980.0,4.3,117900.0,130500.0,86.5,14400.0,0.0,902.9,916.85,895.25,2.643,2026-02-03 23:02,6960
ZYDUSLIFE,2026-02-24,990.0,2.0,3600.0,0.0,0.0,0.0,0.0,902.9,916.85,895.25,2.643,2026-02-03 23:02,8041
ZYDUSLIFE,2026-02-24,1000.0,2.9,321300.0,382500.0,115.0,96300.0,0.0,902.9,916.85,895.25,2.643,2026-02-03 23:02,9200
ZYDUSLIFE,2026-02-24,1010.0,1.85,108000.0,2700.0,0.0,0.0,0.0,902.9,916.85,895.25,2.643,2026-02-03 23:02,9761
ZYDUSLIFE,2026-02-24,1020.0,2.1,9900.0,900.0,126.0,44100.0,0.0,902.9,916.85,895.25,2.643,2026-02-03 23:02,11465
ZYDUSLIFE,2026-02-24,1040.0,0.0,0.0,0.0,140.0,900.0,0.0,902.9,916.85,895.25,2.643,2026-02-03 23:02,14388
ZYDUSLIFE,2026-02-24,1060.0,1.5,29700.0,35100.0,161.0,12600.0,0.0,902.9,916.85,895.25,2.643,2026-02-03 23:02,17853
ZYDUSLIFE,2026-02-24,1080.0,0.65,72000.0,0.0,186.0,120600.0,0.0,902.9,916.85,895.25,2.643,2026-02-03 23:02,21216
