Stock,Expiry,Strike,CE_LTP,CE_OI,CE_Volume,PE_LTP,PE_OI,PE_Volume,Stock_LTP,Stock_High,Stock_Low,Stock_%_Change,timestamp,Max_Pain
360ONE,2026-02-24,920.0,0.0,0.0,0.0,2.45,21500.0,52500.0,1110.5,1125.0,1067.4,0.79,2026-02-02 23:54,3940
360ONE,2026-02-24,940.0,0.0,0.0,0.0,0.0,0.0,0.0,1110.5,1125.0,1067.4,0.79,2026-02-02 23:54,3367
360ONE,2026-02-24,960.0,0.0,0.0,0.0,6.0,0.0,1500.0,1110.5,1125.0,1067.4,0.79,2026-02-02 23:54,2800
360ONE,2026-02-24,980.0,0.0,0.0,0.0,4.9,4500.0,2500.0,1110.5,1125.0,1067.4,0.79,2026-02-02 23:54,2233
360ONE,2026-02-24,1000.0,138.85,4500.0,0.0,5.5,52500.0,180500.0,1110.5,1125.0,1067.4,0.79,2026-02-02 23:54,1673
360ONE,2026-02-24,1020.0,104.25,2000.0,2000.0,1.55,1000.0,6000.0,1110.5,1125.0,1067.4,0.79,2026-02-02 23:54,1263
360ONE,2026-02-24,1040.0,66.7,0.0,1500.0,10.5,16000.0,64000.0,1110.5,1125.0,1067.4,0.79,2026-02-02 23:54,846
360ONE,2026-02-24,1060.0,53.0,9000.0,3000.0,13.85,31000.0,31500.0,1110.5,1125.0,1067.4,0.79,2026-02-02 23:54,423
360ONE,2026-02-24,1080.0,56.8,15000.0,27500.0,20.0,15000.0,33500.0,1110.5,1125.0,1067.4,0.79,2026-02-02 23:54,102
360ONE,2026-02-24,1100.0,44.55,70500.0,145000.0,24.1,56500.0,92000.0,1110.5,1125.0,1067.4,0.79,2026-02-02 23:54,-108
360ONE,2026-02-24,1120.0,35.0,68000.0,62000.0,32.65,16500.0,10000.0,1110.5,1125.0,1067.4,0.79,2026-02-02 23:54,57
360ONE,2026-02-24,1140.0,25.15,31500.0,45500.0,43.6,29000.0,11000.0,1110.5,1125.0,1067.4,0.79,2026-02-02 23:54,398
360ONE,2026-02-24,1160.0,17.2,47000.0,111500.0,58.6,6000.0,3500.0,1110.5,1125.0,1067.4,0.79,2026-02-02 23:54,629
360ONE,2026-02-24,1180.0,10.05,46000.0,55000.0,72.15,6500.0,7500.0,1110.5,1125.0,1067.4,0.79,2026-02-02 23:54,1058
360ONE,2026-02-24,1200.0,8.4,95500.0,215000.0,116.65,43500.0,1500.0,1110.5,1125.0,1067.4,0.79,2026-02-02 23:54,1547
360ONE,2026-02-24,1220.0,5.8,21500.0,20500.0,87.4,500.0,0.0,1110.5,1125.0,1067.4,0.79,2026-02-02 23:54,1886
360ONE,2026-02-24,1240.0,4.2,23000.0,58000.0,145.45,1500.0,1000.0,1110.5,1125.0,1067.4,0.79,2026-02-02 23:54,2705
360ONE,2026-02-24,1260.0,3.3,1500.0,1500.0,0.0,0.0,0.0,1110.5,1125.0,1067.4,0.79,2026-02-02 23:54,3553
360ONE,2026-02-24,1280.0,2.5,24000.0,500.0,95.0,500.0,0.0,1110.5,1125.0,1067.4,0.79,2026-02-02 23:54,4417
360ONE,2026-02-24,1300.0,1.85,47500.0,5500.0,194.8,2500.0,0.0,1110.5,1125.0,1067.4,0.79,2026-02-02 23:54,5330
360ONE,2026-02-24,1320.0,8.0,1000.0,0.0,200.7,500.0,0.0,1110.5,1125.0,1067.4,0.79,2026-02-02 23:54,6302
360ONE,2026-02-24,1360.0,0.85,11000.0,1000.0,0.0,0.0,0.0,1110.5,1125.0,1067.4,0.79,2026-02-02 23:54,8323
360ONE,2026-02-24,1380.0,2.75,3000.0,0.0,0.0,0.0,0.0,1110.5,1125.0,1067.4,0.79,2026-02-02 23:54,9361
ABB,2026-02-24,3900.0,0.0,0.0,0.0,2.05,2000.0,0.0,5468.0,5537.0,5368.5,0.57,2026-02-02 23:54,72060
ABB,2026-02-24,4000.0,1450.0,250.0,250.0,3.1,14500.0,4500.0,5468.0,5537.0,5368.5,0.57,2026-02-02 23:54,64141
ABB,2026-02-24,4100.0,0.0,0.0,0.0,5.8,1375.0,0.0,5468.0,5537.0,5368.5,0.57,2026-02-02 23:54,56402
ABB,2026-02-24,4200.0,1212.45,250.0,500.0,3.55,7250.0,375.0,5468.0,5537.0,5368.5,0.57,2026-02-02 23:54,48643
ABB,2026-02-24,4300.0,0.0,0.0,0.0,5.15,9750.0,875.0,5468.0,5537.0,5368.5,0.57,2026-02-02 23:54,40989
ABB,2026-02-24,4350.0,0.0,0.0,0.0,7.35,2000.0,0.0,5468.0,5537.0,5368.5,0.57,2026-02-02 23:54,37191
ABB,2026-02-24,4400.0,1135.0,625.0,0.0,8.0,17375.0,2250.0,5468.0,5537.0,5368.5,0.57,2026-02-02 23:54,33407
ABB,2026-02-24,4450.0,0.0,0.0,0.0,10.0,1875.0,0.0,5468.0,5537.0,5368.5,0.57,2026-02-02 23:54,29772
ABB,2026-02-24,4500.0,967.0,1625.0,375.0,8.6,19750.0,7375.0,5468.0,5537.0,5368.5,0.57,2026-02-02 23:54,26087
ABB,2026-02-24,4550.0,0.0,0.0,0.0,10.15,1125.0,250.0,5468.0,5537.0,5368.5,0.57,2026-02-02 23:54,22650
ABB,2026-02-24,4600.0,808.65,2375.0,375.0,11.5,30125.0,7000.0,5468.0,5537.0,5368.5,0.57,2026-02-02 23:54,19079
ABB,2026-02-24,4650.0,829.85,375.0,0.0,11.75,3875.0,375.0,5468.0,5537.0,5368.5,0.57,2026-02-02 23:54,15828
ABB,2026-02-24,4700.0,750.0,16125.0,125.0,15.45,40750.0,23125.0,5468.0,5537.0,5368.5,0.57,2026-02-02 23:54,12468
ABB,2026-02-24,4750.0,796.9,4375.0,0.0,18.4,4875.0,500.0,5468.0,5537.0,5368.5,0.57,2026-02-02 23:54,10512
ABB,2026-02-24,4800.0,793.25,25375.0,0.0,21.0,57125.0,30125.0,5468.0,5537.0,5368.5,0.57,2026-02-02 23:54,7795
ABB,2026-02-24,4850.0,575.95,9000.0,500.0,27.55,20250.0,3125.0,5468.0,5537.0,5368.5,0.57,2026-02-02 23:54,7044
ABB,2026-02-24,4900.0,605.0,13750.0,250.0,29.2,37750.0,13750.0,5468.0,5537.0,5368.5,0.57,2026-02-02 23:54,5009
ABB,2026-02-24,4950.0,480.0,11000.0,125.0,40.0,4625.0,4125.0,5468.0,5537.0,5368.5,0.57,2026-02-02 23:54,3491
ABB,2026-02-24,5000.0,502.6,32375.0,1875.0,40.7,105875.0,124625.0,5468.0,5537.0,5368.5,0.57,2026-02-02 23:54,1839
ABB,2026-02-24,5050.0,496.5,20000.0,0.0,53.9,8250.0,1375.0,5468.0,5537.0,5368.5,0.57,2026-02-02 23:54,1564
ABB,2026-02-24,5100.0,430.0,44125.0,3375.0,56.2,34875.0,34875.0,5468.0,5537.0,5368.5,0.57,2026-02-02 23:54,1183
ABB,2026-02-24,5150.0,311.0,2750.0,0.0,65.55,10375.0,5250.0,5468.0,5537.0,5368.5,0.57,2026-02-02 23:54,1950
ABB,2026-02-24,5200.0,317.5,38875.0,4500.0,78.1,78375.0,77500.0,5468.0,5537.0,5368.5,0.57,2026-02-02 23:54,1099
ABB,2026-02-24,5250.0,270.0,2125.0,2250.0,91.0,9750.0,5125.0,5468.0,5537.0,5368.5,0.57,2026-02-02 23:54,1439
ABB,2026-02-24,5300.0,273.0,69375.0,5625.0,107.0,46125.0,62250.0,5468.0,5537.0,5368.5,0.57,2026-02-02 23:54,1184
ABB,2026-02-24,5350.0,248.8,19875.0,3625.0,126.0,8500.0,8375.0,5468.0,5537.0,5368.5,0.57,2026-02-02 23:54,2939
ABB,2026-02-24,5400.0,220.0,52125.0,69125.0,149.7,32375.0,87250.0,5468.0,5537.0,5368.5,0.57,2026-02-02 23:54,3823
ABB,2026-02-24,5450.0,194.0,26000.0,33500.0,169.55,11250.0,18625.0,5468.0,5537.0,5368.5,0.57,2026-02-02 23:54,5404
ABB,2026-02-24,5500.0,170.0,116375.0,303000.0,194.15,51125.0,55750.0,5468.0,5537.0,5368.5,0.57,2026-02-02 23:54,6822
ABB,2026-02-24,5550.0,147.85,31500.0,52750.0,222.2,34375.0,57750.0,5468.0,5537.0,5368.5,0.57,2026-02-02 23:54,9750
ABB,2026-02-24,5600.0,124.5,87500.0,169750.0,293.4,34875.0,1875.0,5468.0,5537.0,5368.5,0.57,2026-02-02 23:54,11724
ABB,2026-02-24,5650.0,110.55,9375.0,5250.0,295.75,625.0,500.0,5468.0,5537.0,5368.5,0.57,2026-02-02 23:54,14674
ABB,2026-02-24,5700.0,95.0,97375.0,202500.0,348.4,7500.0,0.0,5468.0,5537.0,5368.5,0.57,2026-02-02 23:54,17693
ABB,2026-02-24,5750.0,82.65,12250.0,4500.0,351.8,1625.0,2500.0,5468.0,5537.0,5368.5,0.57,2026-02-02 23:54,21815
ABB,2026-02-24,5800.0,70.0,56625.0,128625.0,480.85,1875.0,0.0,5468.0,5537.0,5368.5,0.57,2026-02-02 23:54,25387
ABB,2026-02-24,5850.0,61.3,2750.0,3500.0,405.55,250.0,0.0,5468.0,5537.0,5368.5,0.57,2026-02-02 23:54,29513
ABB,2026-02-24,5900.0,52.5,44750.0,50000.0,0.0,0.0,0.0,5468.0,5537.0,5368.5,0.57,2026-02-02 23:54,33354
ABB,2026-02-24,5950.0,62.0,2375.0,0.0,0.0,0.0,0.0,5468.0,5537.0,5368.5,0.57,2026-02-02 23:54,37648
ABB,2026-02-24,6000.0,39.5,252000.0,255250.0,600.0,22000.0,0.0,5468.0,5537.0,5368.5,0.57,2026-02-02 23:54,41733
ABB,2026-02-24,6050.0,37.7,5250.0,0.0,0.0,0.0,0.0,5468.0,5537.0,5368.5,0.57,2026-02-02 23:54,46850
ABB,2026-02-24,6100.0,28.75,128875.0,60000.0,607.75,17375.0,0.0,5468.0,5537.0,5368.5,0.57,2026-02-02 23:54,52336
ABB,2026-02-24,6150.0,0.0,0.0,0.0,0.0,0.0,0.0,5468.0,5537.0,5368.5,0.57,2026-02-02 23:54,57849
ABB,2026-02-24,6200.0,22.55,15875.0,26000.0,0.0,0.0,0.0,5468.0,5537.0,5368.5,0.57,2026-02-02 23:54,64047
ABB,2026-02-24,6300.0,17.3,37500.0,26375.0,850.0,125.0,0.0,5468.0,5537.0,5368.5,0.57,2026-02-02 23:54,76638
ABB,2026-02-24,6400.0,12.65,11625.0,22875.0,0.0,0.0,0.0,5468.0,5537.0,5368.5,0.57,2026-02-02 23:54,89623
ABCAPITAL,2026-02-24,280.0,59.0,27900.0,62000.0,1.0,573500.0,1450800.0,333.05,338.1,317.0,1.17,2026-02-02 23:54,32566
ABCAPITAL,2026-02-24,290.0,0.0,0.0,0.0,1.55,275900.0,1683300.0,333.05,338.1,317.0,1.17,2026-02-02 23:54,23302
ABCAPITAL,2026-02-24,295.0,0.0,0.0,0.0,2.0,49600.0,198400.0,333.05,338.1,317.0,1.17,2026-02-02 23:54,18711
ABCAPITAL,2026-02-24,300.0,40.0,809100.0,108500.0,2.45,1100500.0,11411100.0,333.05,338.1,317.0,1.17,2026-02-02 23:54,14179
ABCAPITAL,2026-02-24,305.0,33.55,24800.0,52700.0,3.05,235600.0,533200.0,333.05,338.1,317.0,1.17,2026-02-02 23:54,13577
ABCAPITAL,2026-02-24,310.0,29.5,117800.0,102300.0,3.8,1255500.0,3664200.0,333.05,338.1,317.0,1.17,2026-02-02 23:54,10151
ABCAPITAL,2026-02-24,315.0,0.0,0.0,0.0,4.95,403000.0,1872400.0,333.05,338.1,317.0,1.17,2026-02-02 23:54,7270
ABCAPITAL,2026-02-24,320.0,24.5,266600.0,1360900.0,6.15,1577900.0,5508700.0,333.05,338.1,317.0,1.17,2026-02-02 23:54,4521
ABCAPITAL,2026-02-24,325.0,20.9,251100.0,1295800.0,7.65,331700.0,855600.0,333.05,338.1,317.0,1.17,2026-02-02 23:54,2576
ABCAPITAL,2026-02-24,330.0,17.25,437100.0,2706300.0,9.5,902100.0,2142100.0,333.05,338.1,317.0,1.17,2026-02-02 23:54,1511
ABCAPITAL,2026-02-24,335.0,14.5,248000.0,2526500.0,11.65,368900.0,647900.0,333.05,338.1,317.0,1.17,2026-02-02 23:54,741
ABCAPITAL,2026-02-24,340.0,12.3,942400.0,4293500.0,14.0,722300.0,446400.0,333.05,338.1,317.0,1.17,2026-02-02 23:54,313
ABCAPITAL,2026-02-24,345.0,9.95,576600.0,3341800.0,17.3,282100.0,210800.0,333.05,338.1,317.0,1.17,2026-02-02 23:54,935
ABCAPITAL,2026-02-24,350.0,8.2,1342300.0,4960000.0,20.1,1016800.0,179800.0,333.05,338.1,317.0,1.17,2026-02-02 23:54,1925
ABCAPITAL,2026-02-24,355.0,6.5,660300.0,967200.0,23.9,96100.0,27900.0,333.05,338.1,317.0,1.17,2026-02-02 23:54,3065
ABCAPITAL,2026-02-24,360.0,5.25,1333000.0,3614600.0,27.55,344100.0,49600.0,333.05,338.1,317.0,1.17,2026-02-02 23:54,5726
ABCAPITAL,2026-02-24,365.0,4.2,561100.0,1571700.0,37.25,12400.0,0.0,333.05,338.1,317.0,1.17,2026-02-02 23:54,8778
ABCAPITAL,2026-02-24,370.0,3.35,1075700.0,2024300.0,51.3,322400.0,6200.0,333.05,338.1,317.0,1.17,2026-02-02 23:54,12554
ABCAPITAL,2026-02-24,375.0,2.65,124000.0,325500.0,0.0,0.0,0.0,333.05,338.1,317.0,1.17,2026-02-02 23:54,15546
ABCAPITAL,2026-02-24,380.0,2.15,576600.0,961000.0,21.55,3100.0,0.0,333.05,338.1,317.0,1.17,2026-02-02 23:54,19927
ABCAPITAL,2026-02-24,385.0,1.75,173600.0,455700.0,37.0,3100.0,0.0,333.05,338.1,317.0,1.17,2026-02-02 23:54,24681
ABCAPITAL,2026-02-24,390.0,1.4,272800.0,434000.0,67.0,74400.0,6200.0,333.05,338.1,317.0,1.17,2026-02-02 23:54,29426
ABCAPITAL,2026-02-24,395.0,1.15,124000.0,108500.0,0.0,0.0,0.0,333.05,338.1,317.0,1.17,2026-02-02 23:54,33866
ABCAPITAL,2026-02-24,400.0,0.95,796700.0,508400.0,0.0,0.0,0.0,333.05,338.1,317.0,1.17,2026-02-02 23:54,38841
ABCAPITAL,2026-02-24,410.0,0.65,415400.0,427800.0,64.5,21700.0,0.0,333.05,338.1,317.0,1.17,2026-02-02 23:54,49637
ADANIENSOL,2026-02-24,660.0,0.0,0.0,0.0,0.85,4050.0,675.0,884.6,890.0,842.8,4.594,2026-02-02 23:54,34220
ADANIENSOL,2026-02-24,680.0,0.0,0.0,0.0,0.0,0.0,0.0,884.6,890.0,842.8,4.594,2026-02-02 23:54,29832
ADANIENSOL,2026-02-24,700.0,0.0,0.0,0.0,2.95,66825.0,87075.0,884.6,890.0,842.8,4.594,2026-02-02 23:54,25445
ADANIENSOL,2026-02-24,710.0,0.0,0.0,0.0,4.0,675.0,0.0,884.6,890.0,842.8,4.594,2026-02-02 23:54,23298
ADANIENSOL,2026-02-24,720.0,157.65,3375.0,0.0,3.4,58725.0,45900.0,884.6,890.0,842.8,4.594,2026-02-02 23:54,21172
ADANIENSOL,2026-02-24,730.0,0.0,0.0,0.0,0.0,0.0,0.0,884.6,890.0,842.8,4.594,2026-02-02 23:54,19141
ADANIENSOL,2026-02-24,740.0,0.0,0.0,0.0,3.9,31050.0,31725.0,884.6,890.0,842.8,4.594,2026-02-02 23:54,17076
ADANIENSOL,2026-02-24,750.0,96.0,675.0,0.0,4.4,43875.0,9450.0,884.6,890.0,842.8,4.594,2026-02-02 23:54,15031
ADANIENSOL,2026-02-24,760.0,0.0,0.0,0.0,4.95,68850.0,45900.0,884.6,890.0,842.8,4.594,2026-02-02 23:54,13030
ADANIENSOL,2026-02-24,770.0,0.0,0.0,0.0,5.55,31725.0,21600.0,884.6,890.0,842.8,4.594,2026-02-02 23:54,11076
ADANIENSOL,2026-02-24,780.0,0.0,0.0,0.0,6.25,49275.0,10800.0,884.6,890.0,842.8,4.594,2026-02-02 23:54,9171
ADANIENSOL,2026-02-24,790.0,0.0,0.0,0.0,7.4,27000.0,0.0,884.6,890.0,842.8,4.594,2026-02-02 23:54,7301
ADANIENSOL,2026-02-24,800.0,94.85,8100.0,2025.0,8.15,209925.0,384750.0,884.6,890.0,842.8,4.594,2026-02-02 23:54,5469
ADANIENSOL,2026-02-24,810.0,87.0,19575.0,18225.0,9.4,59400.0,84375.0,884.6,890.0,842.8,4.594,2026-02-02 23:54,3781
ADANIENSOL,2026-02-24,820.0,76.1,147150.0,27000.0,11.05,105975.0,101250.0,884.6,890.0,842.8,4.594,2026-02-02 23:54,2381
ADANIENSOL,2026-02-24,830.0,65.2,51975.0,30375.0,13.5,124200.0,163350.0,884.6,890.0,842.8,4.594,2026-02-02 23:54,2122
ADANIENSOL,2026-02-24,840.0,61.95,99900.0,116100.0,15.95,144450.0,85725.0,884.6,890.0,842.8,4.594,2026-02-02 23:54,1208
ADANIENSOL,2026-02-24,850.0,54.95,108000.0,87750.0,18.85,171450.0,222750.0,884.6,890.0,842.8,4.594,2026-02-02 23:54,756
ADANIENSOL,2026-02-24,860.0,48.0,137700.0,372600.0,21.55,173475.0,355050.0,884.6,890.0,842.8,4.594,2026-02-02 23:54,464
ADANIENSOL,2026-02-24,870.0,42.2,97875.0,240975.0,25.4,74250.0,60750.0,884.6,890.0,842.8,4.594,2026-02-02 23:54,501
ADANIENSOL,2026-02-24,880.0,36.0,176850.0,394200.0,30.45,135675.0,62775.0,884.6,890.0,842.8,4.594,2026-02-02 23:54,647
ADANIENSOL,2026-02-24,890.0,31.55,89100.0,128925.0,33.7,51975.0,42525.0,884.6,890.0,842.8,4.594,2026-02-02 23:54,1105
ADANIENSOL,2026-02-24,900.0,27.15,607500.0,847800.0,40.0,192375.0,71550.0,884.6,890.0,842.8,4.594,2026-02-02 23:54,1586
ADANIENSOL,2026-02-24,910.0,24.4,108675.0,122175.0,45.15,49950.0,26325.0,884.6,890.0,842.8,4.594,2026-02-02 23:54,3641
ADANIENSOL,2026-02-24,920.0,20.7,161325.0,153225.0,51.7,32400.0,4725.0,884.6,890.0,842.8,4.594,2026-02-02 23:54,5015
ADANIENSOL,2026-02-24,930.0,17.05,103950.0,75600.0,87.8,9450.0,0.0,884.6,890.0,842.8,4.594,2026-02-02 23:54,6709
ADANIENSOL,2026-02-24,940.0,14.45,116775.0,105975.0,98.8,22950.0,0.0,884.6,890.0,842.8,4.594,2026-02-02 23:54,8444
ADANIENSOL,2026-02-24,950.0,11.9,164700.0,137025.0,74.75,75600.0,2700.0,884.6,890.0,842.8,4.594,2026-02-02 23:54,10166
ADANIENSOL,2026-02-24,960.0,10.15,73575.0,79650.0,107.5,9450.0,675.0,884.6,890.0,842.8,4.594,2026-02-02 23:54,11818
ADANIENSOL,2026-02-24,970.0,6.45,13500.0,0.0,19.05,1350.0,0.0,884.6,890.0,842.8,4.594,2026-02-02 23:54,13895
ADANIENSOL,2026-02-24,980.0,7.5,75600.0,75600.0,140.0,12150.0,0.0,884.6,890.0,842.8,4.594,2026-02-02 23:54,16020
ADANIENSOL,2026-02-24,990.0,6.8,28350.0,24975.0,163.0,2025.0,0.0,884.6,890.0,842.8,4.594,2026-02-02 23:54,18113
ADANIENSOL,2026-02-24,1000.0,5.3,398925.0,354375.0,131.1,71550.0,0.0,884.6,890.0,842.8,4.594,2026-02-02 23:54,20337
ADANIENSOL,2026-02-24,1010.0,5.0,39825.0,675.0,164.0,6750.0,0.0,884.6,890.0,842.8,4.594,2026-02-02 23:54,22317
ADANIENSOL,2026-02-24,1020.0,4.35,74250.0,4725.0,105.5,675.0,0.0,884.6,890.0,842.8,4.594,2026-02-02 23:54,24981
ADANIENSOL,2026-02-24,1030.0,6.0,6750.0,0.0,0.0,0.0,0.0,884.6,890.0,842.8,4.594,2026-02-02 23:54,27835
ADANIENSOL,2026-02-24,1040.0,3.15,33075.0,12150.0,156.4,26325.0,4050.0,884.6,890.0,842.8,4.594,2026-02-02 23:54,30674
ADANIENSOL,2026-02-24,1050.0,2.65,90450.0,8775.0,0.0,0.0,0.0,884.6,890.0,842.8,4.594,2026-02-02 23:54,33168
ADANIENSOL,2026-02-24,1060.0,6.4,2025.0,0.0,161.0,32400.0,0.0,884.6,890.0,842.8,4.594,2026-02-02 23:54,36178
ADANIENSOL,2026-02-24,1070.0,2.25,1350.0,0.0,0.0,0.0,0.0,884.6,890.0,842.8,4.594,2026-02-02 23:54,38677
ADANIENSOL,2026-02-24,1080.0,1.85,27000.0,24300.0,0.0,0.0,0.0,884.6,890.0,842.8,4.594,2026-02-02 23:54,41699
ADANIENSOL,2026-02-24,1090.0,3.0,3375.0,0.0,0.0,0.0,0.0,884.6,890.0,842.8,4.594,2026-02-02 23:54,44752
ADANIENSOL,2026-02-24,1100.0,1.7,81000.0,28350.0,240.15,10800.0,2025.0,884.6,890.0,842.8,4.594,2026-02-02 23:54,47805
ADANIENSOL,2026-02-24,1110.0,1.65,37800.0,0.0,0.0,0.0,0.0,884.6,890.0,842.8,4.594,2026-02-02 23:54,50703
ADANIENSOL,2026-02-24,1120.0,3.5,4725.0,0.0,0.0,0.0,0.0,884.6,890.0,842.8,4.594,2026-02-02 23:54,53890
ADANIENSOL,2026-02-24,1130.0,5.05,1350.0,0.0,0.0,0.0,0.0,884.6,890.0,842.8,4.594,2026-02-02 23:54,57078
ADANIENSOL,2026-02-24,1140.0,1.2,22275.0,2025.0,0.0,0.0,0.0,884.6,890.0,842.8,4.594,2026-02-02 23:54,60266
ADANIENSOL,2026-02-24,1150.0,1.8,675.0,0.0,0.0,0.0,0.0,884.6,890.0,842.8,4.594,2026-02-02 23:54,63478
ADANIENSOL,2026-02-24,1180.0,1.0,28350.0,675.0,0.0,0.0,0.0,884.6,890.0,842.8,4.594,2026-02-02 23:54,73109
ADANIENSOL,2026-02-24,1200.0,1.1,47250.0,8100.0,296.0,675.0,0.0,884.6,890.0,842.8,4.594,2026-02-02 23:54,79589
ADANIENSOL,2026-02-24,1220.0,1.0,10125.0,0.0,241.05,8100.0,0.0,884.6,890.0,842.8,4.594,2026-02-02 23:54,86148
ADANIENT,2026-02-24,1520.0,0.0,0.0,0.0,4.9,104133.0,87447.0,1995.4,2002.2,1934.0,2.707,2026-02-02 23:54,265659
ADANIENT,2026-02-24,1560.0,0.0,0.0,0.0,5.85,10506.0,4944.0,1995.4,2002.2,1934.0,2.707,2026-02-02 23:54,241821
ADANIENT,2026-02-24,1580.0,0.0,0.0,0.0,5.8,1545.0,2781.0,1995.4,2002.2,1934.0,2.707,2026-02-02 23:54,229942
ADANIENT,2026-02-24,1600.0,372.35,927.0,0.0,6.9,126999.0,149865.0,1995.4,2002.2,1934.0,2.707,2026-02-02 23:54,218072
ADANIENT,2026-02-24,1620.0,0.0,0.0,0.0,7.5,4326.0,12051.0,1995.4,2002.2,1934.0,2.707,2026-02-02 23:54,206406
ADANIENT,2026-02-24,1640.0,0.0,0.0,0.0,8.15,6489.0,5871.0,1995.4,2002.2,1934.0,2.707,2026-02-02 23:54,194798
ADANIENT,2026-02-24,1660.0,0.0,0.0,0.0,9.0,11742.0,9888.0,1995.4,2002.2,1934.0,2.707,2026-02-02 23:54,183200
ADANIENT,2026-02-24,1680.0,282.5,7725.0,0.0,9.8,43260.0,69216.0,1995.4,2002.2,1934.0,2.707,2026-02-02 23:54,171622
ADANIENT,2026-02-24,1700.0,318.35,1545.0,0.0,11.55,338046.0,257088.0,1995.4,2002.2,1934.0,2.707,2026-02-02 23:54,160331
ADANIENT,2026-02-24,1720.0,289.15,31827.0,0.0,12.35,48513.0,15141.0,1995.4,2002.2,1934.0,2.707,2026-02-02 23:54,149203
ADANIENT,2026-02-24,1740.0,237.7,618.0,0.0,13.45,20703.0,13596.0,1995.4,2002.2,1934.0,2.707,2026-02-02 23:54,139436
ADANIENT,2026-02-24,1760.0,293.0,6798.0,0.0,15.5,74778.0,55929.0,1995.4,2002.2,1934.0,2.707,2026-02-02 23:54,128839
ADANIENT,2026-02-24,1780.0,207.2,618.0,0.0,17.25,29355.0,22866.0,1995.4,2002.2,1934.0,2.707,2026-02-02 23:54,118502
ADANIENT,2026-02-24,1800.0,223.05,261723.0,10197.0,20.3,468444.0,670839.0,1995.4,2002.2,1934.0,2.707,2026-02-02 23:54,108103
ADANIENT,2026-02-24,1820.0,162.95,2472.0,0.0,22.45,27192.0,37080.0,1995.4,2002.2,1934.0,2.707,2026-02-02 23:54,104090
ADANIENT,2026-02-24,1840.0,187.55,26265.0,3708.0,25.35,136887.0,108459.0,1995.4,2002.2,1934.0,2.707,2026-02-02 23:54,95228
ADANIENT,2026-02-24,1860.0,171.5,37080.0,8652.0,29.7,108768.0,156045.0,1995.4,2002.2,1934.0,2.707,2026-02-02 23:54,86859
ADANIENT,2026-02-24,1880.0,137.0,36462.0,618.0,33.2,102279.0,96099.0,1995.4,2002.2,1934.0,2.707,2026-02-02 23:54,78948
ADANIENT,2026-02-24,1900.0,136.5,157281.0,202086.0,39.6,419622.0,753651.0,1995.4,2002.2,1934.0,2.707,2026-02-02 23:54,71163
ADANIENT,2026-02-24,1920.0,123.1,78177.0,39861.0,44.0,142449.0,152028.0,1995.4,2002.2,1934.0,2.707,2026-02-02 23:54,64856
ADANIENT,2026-02-24,1940.0,109.0,127926.0,243801.0,51.4,212283.0,343299.0,1995.4,2002.2,1934.0,2.707,2026-02-02 23:54,58841
ADANIENT,2026-02-24,1960.0,96.5,228042.0,716262.0,59.25,314871.0,473388.0,1995.4,2002.2,1934.0,2.707,2026-02-02 23:54,53474
ADANIENT,2026-02-24,1980.0,85.85,146775.0,623253.0,69.5,186018.0,294786.0,1995.4,2002.2,1934.0,2.707,2026-02-02 23:54,49225
ADANIENT,2026-02-24,2000.0,74.5,790731.0,1670763.0,78.2,544767.0,332484.0,1995.4,2002.2,1934.0,2.707,2026-02-02 23:54,45273
ADANIENT,2026-02-24,2020.0,65.6,131634.0,344535.0,87.45,94245.0,49131.0,1995.4,2002.2,1934.0,2.707,2026-02-02 23:54,45657
ADANIENT,2026-02-24,2040.0,57.4,190035.0,351951.0,99.75,185091.0,34608.0,1995.4,2002.2,1934.0,2.707,2026-02-02 23:54,44900
ADANIENT,2026-02-24,2060.0,51.2,225879.0,303747.0,109.85,156354.0,9579.0,1995.4,2002.2,1934.0,2.707,2026-02-02 23:54,44099
ADANIENT,2026-02-24,2080.0,44.0,148938.0,124836.0,123.25,71379.0,9270.0,1995.4,2002.2,1934.0,2.707,2026-02-02 23:54,44256
ADANIENT,2026-02-24,2100.0,38.75,1262265.0,1426653.0,140.5,359676.0,24411.0,1995.4,2002.2,1934.0,2.707,2026-02-02 23:54,45191
ADANIENT,2026-02-24,2120.0,33.85,66744.0,116802.0,185.0,8961.0,0.0,1995.4,2002.2,1934.0,2.707,2026-02-02 23:54,49432
ADANIENT,2026-02-24,2140.0,29.7,113094.0,141522.0,204.15,43260.0,1854.0,1995.4,2002.2,1934.0,2.707,2026-02-02 23:54,54047
ADANIENT,2026-02-24,2160.0,25.3,102279.0,178602.0,185.0,40788.0,1236.0,1995.4,2002.2,1934.0,2.707,2026-02-02 23:54,58367
ADANIENT,2026-02-24,2180.0,22.05,56856.0,42333.0,184.0,24102.0,0.0,1995.4,2002.2,1934.0,2.707,2026-02-02 23:54,63025
ADANIENT,2026-02-24,2200.0,19.2,946467.0,747162.0,214.35,769101.0,17922.0,1995.4,2002.2,1934.0,2.707,2026-02-02 23:54,68022
ADANIENT,2026-02-24,2220.0,16.8,76014.0,77250.0,289.0,1545.0,0.0,1995.4,2002.2,1934.0,2.707,2026-02-02 23:54,62100
ADANIENT,2026-02-24,2240.0,15.95,34299.0,56547.0,250.7,1854.0,0.0,1995.4,2002.2,1934.0,2.707,2026-02-02 23:54,71085
ADANIENT,2026-02-24,2260.0,13.7,104442.0,71379.0,320.0,5253.0,0.0,1995.4,2002.2,1934.0,2.707,2026-02-02 23:54,80067
ADANIENT,2026-02-24,2280.0,12.2,56547.0,64581.0,280.0,9270.0,0.0,1995.4,2002.2,1934.0,2.707,2026-02-02 23:54,89236
ADANIENT,2026-02-24,2300.0,10.9,429819.0,302820.0,308.7,178602.0,6489.0,1995.4,2002.2,1934.0,2.707,2026-02-02 23:54,98370
ADANIENT,2026-02-24,2320.0,9.75,30282.0,26883.0,0.0,0.0,0.0,1995.4,2002.2,1934.0,2.707,2026-02-02 23:54,103867
ADANIENT,2026-02-24,2340.0,8.3,26574.0,11742.0,372.4,1545.0,0.0,1995.4,2002.2,1934.0,2.707,2026-02-02 23:54,114499
ADANIENT,2026-02-24,2360.0,8.1,25029.0,21630.0,362.0,2781.0,0.0,1995.4,2002.2,1934.0,2.707,2026-02-02 23:54,125122
ADANIENT,2026-02-24,2380.0,7.15,8343.0,0.0,320.5,927.0,0.0,1995.4,2002.2,1934.0,2.707,2026-02-02 23:54,135756
ADANIENT,2026-02-24,2400.0,6.2,172422.0,110313.0,406.0,110313.0,309.0,1995.4,2002.2,1934.0,2.707,2026-02-02 23:54,146465
ADANIENT,2026-02-24,2420.0,5.8,27810.0,33681.0,479.85,4017.0,0.0,1995.4,2002.2,1934.0,2.707,2026-02-02 23:54,153392
ADANIENT,2026-02-24,2440.0,5.4,26265.0,18231.0,560.0,309.0,0.0,1995.4,2002.2,1934.0,2.707,2026-02-02 23:54,164577
ADANIENT,2026-02-24,2460.0,7.0,18540.0,309.0,495.0,618.0,0.0,1995.4,2002.2,1934.0,2.707,2026-02-02 23:54,175989
ADANIENT,2026-02-24,2480.0,4.6,28737.0,2781.0,560.0,618.0,0.0,1995.4,2002.2,1934.0,2.707,2026-02-02 23:54,187425
ADANIENT,2026-02-24,2500.0,4.45,269139.0,154809.0,552.0,262032.0,0.0,1995.4,2002.2,1934.0,2.707,2026-02-02 23:54,198915
ADANIENT,2026-02-24,2520.0,4.7,22557.0,0.0,660.0,2781.0,0.0,1995.4,2002.2,1934.0,2.707,2026-02-02 23:54,197145
ADANIENT,2026-02-24,2560.0,3.5,17922.0,0.0,590.6,6180.0,0.0,1995.4,2002.2,1934.0,2.707,2026-02-02 23:54,222223
ADANIENT,2026-02-24,2600.0,2.9,104442.0,34299.0,568.0,214755.0,0.0,1995.4,2002.2,1934.0,2.707,2026-02-02 23:54,247211
ADANIENT,2026-02-24,2640.0,2.9,46968.0,38007.0,620.0,10506.0,0.0,1995.4,2002.2,1934.0,2.707,2026-02-02 23:54,261666
ADANIGREEN,2026-02-24,620.0,0.0,0.0,0.0,2.7,108000.0,101400.0,843.95,847.9,807.0,4.605,2026-02-02 23:54,107532
ADANIGREEN,2026-02-24,640.0,0.0,0.0,0.0,3.55,64200.0,67800.0,843.95,847.9,807.0,4.605,2026-02-02 23:54,94605
ADANIGREEN,2026-02-24,660.0,0.0,0.0,0.0,4.1,315600.0,97800.0,843.95,847.9,807.0,4.605,2026-02-02 23:54,81813
ADANIGREEN,2026-02-24,670.0,0.0,0.0,0.0,4.7,25800.0,15600.0,843.95,847.9,807.0,4.605,2026-02-02 23:54,75615
ADANIGREEN,2026-02-24,680.0,0.0,0.0,0.0,4.25,120000.0,100200.0,843.95,847.9,807.0,4.605,2026-02-02 23:54,69559
ADANIGREEN,2026-02-24,690.0,0.0,0.0,0.0,14.0,15000.0,0.0,843.95,847.9,807.0,4.605,2026-02-02 23:54,63585
ADANIGREEN,2026-02-24,700.0,166.0,1800.0,0.0,5.15,444000.0,359400.0,843.95,847.9,807.0,4.605,2026-02-02 23:54,57656
ADANIGREEN,2026-02-24,710.0,0.0,0.0,0.0,5.45,39600.0,92400.0,843.95,847.9,807.0,4.605,2026-02-02 23:54,51995
ADANIGREEN,2026-02-24,720.0,146.05,35400.0,0.0,6.05,141000.0,213000.0,843.95,847.9,807.0,4.605,2026-02-02 23:54,46550
ADANIGREEN,2026-02-24,730.0,0.0,0.0,0.0,6.6,56400.0,58200.0,843.95,847.9,807.0,4.605,2026-02-02 23:54,41736
ADANIGREEN,2026-02-24,740.0,87.85,7200.0,0.0,7.4,121200.0,253200.0,843.95,847.9,807.0,4.605,2026-02-02 23:54,36508
ADANIGREEN,2026-02-24,750.0,0.0,0.0,0.0,8.35,508800.0,301800.0,843.95,847.9,807.0,4.605,2026-02-02 23:54,31420
ADANIGREEN,2026-02-24,760.0,73.35,29400.0,0.0,9.8,148800.0,241800.0,843.95,847.9,807.0,4.605,2026-02-02 23:54,26443
ADANIGREEN,2026-02-24,770.0,78.5,15000.0,1800.0,10.9,172800.0,244200.0,843.95,847.9,807.0,4.605,2026-02-02 23:54,22138
ADANIGREEN,2026-02-24,780.0,82.4,128400.0,15600.0,12.45,374400.0,491400.0,843.95,847.9,807.0,4.605,2026-02-02 23:54,17881
ADANIGREEN,2026-02-24,790.0,72.0,132600.0,7800.0,14.9,226800.0,235200.0,843.95,847.9,807.0,4.605,2026-02-02 23:54,14788
ADANIGREEN,2026-02-24,800.0,66.3,497400.0,459600.0,17.3,814200.0,853800.0,843.95,847.9,807.0,4.605,2026-02-02 23:54,12081
ADANIGREEN,2026-02-24,810.0,58.05,133200.0,139800.0,19.3,219000.0,216600.0,843.95,847.9,807.0,4.605,2026-02-02 23:54,11957
ADANIGREEN,2026-02-24,820.0,51.4,258600.0,650400.0,22.8,283800.0,490800.0,843.95,847.9,807.0,4.605,2026-02-02 23:54,10647
ADANIGREEN,2026-02-24,830.0,45.0,250200.0,2295600.0,25.95,172200.0,680400.0,843.95,847.9,807.0,4.605,2026-02-02 23:54,10210
ADANIGREEN,2026-02-24,840.0,39.25,279000.0,2636400.0,30.55,214200.0,427800.0,843.95,847.9,807.0,4.605,2026-02-02 23:54,10193
ADANIGREEN,2026-02-24,850.0,33.9,633000.0,2371800.0,36.1,218400.0,220800.0,843.95,847.9,807.0,4.605,2026-02-02 23:54,10431
ADANIGREEN,2026-02-24,860.0,29.65,353400.0,1128600.0,40.85,169800.0,91800.0,843.95,847.9,807.0,4.605,2026-02-02 23:54,12437
ADANIGREEN,2026-02-24,870.0,26.0,200400.0,636000.0,66.0,52800.0,0.0,843.95,847.9,807.0,4.605,2026-02-02 23:54,13963
ADANIGREEN,2026-02-24,880.0,22.2,305400.0,783600.0,55.85,104400.0,21600.0,843.95,847.9,807.0,4.605,2026-02-02 23:54,15561
ADANIGREEN,2026-02-24,890.0,20.1,133200.0,320400.0,57.3,39600.0,0.0,843.95,847.9,807.0,4.605,2026-02-02 23:54,17491
ADANIGREEN,2026-02-24,900.0,17.3,1378200.0,3090000.0,67.7,270600.0,83400.0,843.95,847.9,807.0,4.605,2026-02-02 23:54,19539
ADANIGREEN,2026-02-24,910.0,14.65,155400.0,290400.0,74.75,10800.0,4800.0,843.95,847.9,807.0,4.605,2026-02-02 23:54,23748
ADANIGREEN,2026-02-24,920.0,12.5,297600.0,465000.0,82.75,91200.0,23400.0,843.95,847.9,807.0,4.605,2026-02-02 23:54,27717
ADANIGREEN,2026-02-24,930.0,11.15,110400.0,249600.0,136.95,143400.0,0.0,843.95,847.9,807.0,4.605,2026-02-02 23:54,31546
ADANIGREEN,2026-02-24,940.0,9.45,191400.0,261600.0,99.0,96000.0,0.0,843.95,847.9,807.0,4.605,2026-02-02 23:54,34170
ADANIGREEN,2026-02-24,950.0,8.45,306000.0,474600.0,98.1,85800.0,0.0,843.95,847.9,807.0,4.605,2026-02-02 23:54,38154
ADANIGREEN,2026-02-24,960.0,7.5,121800.0,156600.0,118.0,51000.0,0.0,843.95,847.9,807.0,4.605,2026-02-02 23:54,42715
ADANIGREEN,2026-02-24,970.0,6.65,86400.0,72000.0,0.0,0.0,0.0,843.95,847.9,807.0,4.605,2026-02-02 23:54,47522
ADANIGREEN,2026-02-24,980.0,5.95,78000.0,123000.0,174.25,1800.0,0.0,843.95,847.9,807.0,4.605,2026-02-02 23:54,52983
ADANIGREEN,2026-02-24,990.0,5.6,44400.0,54600.0,0.0,0.0,0.0,843.95,847.9,807.0,4.605,2026-02-02 23:54,58481
ADANIGREEN,2026-02-24,1000.0,4.65,1385400.0,1305000.0,166.75,185400.0,1200.0,843.95,847.9,807.0,4.605,2026-02-02 23:54,64034
ADANIGREEN,2026-02-24,1010.0,3.6,25200.0,1200.0,0.0,0.0,0.0,843.95,847.9,807.0,4.605,2026-02-02 23:54,68685
ADANIGREEN,2026-02-24,1020.0,4.0,75000.0,55800.0,174.25,64800.0,6000.0,843.95,847.9,807.0,4.605,2026-02-02 23:54,75818
ADANIGREEN,2026-02-24,1040.0,3.35,180600.0,118200.0,239.45,153000.0,0.0,843.95,847.9,807.0,4.605,2026-02-02 23:54,89246
ADANIGREEN,2026-02-24,1050.0,3.05,110400.0,34200.0,194.0,142800.0,0.0,843.95,847.9,807.0,4.605,2026-02-02 23:54,93240
ADANIGREEN,2026-02-24,1060.0,2.9,54600.0,69000.0,260.0,14400.0,0.0,843.95,847.9,807.0,4.605,2026-02-02 23:54,98354
ADANIGREEN,2026-02-24,1080.0,2.15,7200.0,6600.0,219.0,1200.0,0.0,843.95,847.9,807.0,4.605,2026-02-02 23:54,113834
ADANIGREEN,2026-02-24,1100.0,2.45,420000.0,266400.0,265.6,34200.0,3000.0,843.95,847.9,807.0,4.605,2026-02-02 23:54,129665
ADANIGREEN,2026-02-24,1120.0,1.5,46800.0,86400.0,110.0,1200.0,0.0,843.95,847.9,807.0,4.605,2026-02-02 23:54,145623
ADANIGREEN,2026-02-24,1160.0,0.65,13800.0,0.0,368.1,7200.0,0.0,843.95,847.9,807.0,4.605,2026-02-02 23:54,179337
ADANIGREEN,2026-02-24,1180.0,0.75,3600.0,0.0,0.0,0.0,0.0,843.95,847.9,807.0,4.605,2026-02-02 23:54,195975
ADANIGREEN,2026-02-24,1200.0,1.2,167400.0,59400.0,364.05,31200.0,12000.0,843.95,847.9,807.0,4.605,2026-02-02 23:54,212885
ADANIPORTS,2026-02-24,1080.0,0.0,0.0,0.0,1.7,204250.0,43225.0,1403.1,1406.0,1348.0,4.327,2026-02-02 23:54,110646
ADANIPORTS,2026-02-24,1120.0,0.0,0.0,0.0,2.35,98325.0,62225.0,1403.1,1406.0,1348.0,4.327,2026-02-02 23:54,91360
ADANIPORTS,2026-02-24,1140.0,0.0,0.0,0.0,2.75,24225.0,39425.0,1403.1,1406.0,1348.0,4.327,2026-02-02 23:54,81908
ADANIPORTS,2026-02-24,1160.0,218.0,0.0,0.0,3.15,98325.0,128250.0,1403.1,1406.0,1348.0,4.327,2026-02-02 23:54,72521
ADANIPORTS,2026-02-24,1180.0,0.0,0.0,0.0,3.7,32300.0,38000.0,1403.1,1406.0,1348.0,4.327,2026-02-02 23:54,63307
ADANIPORTS,2026-02-24,1200.0,208.55,12350.0,9975.0,4.4,327750.0,323000.0,1403.1,1406.0,1348.0,4.327,2026-02-02 23:54,54176
ADANIPORTS,2026-02-24,1220.0,163.9,40850.0,0.0,5.2,58425.0,69350.0,1403.1,1406.0,1348.0,4.327,2026-02-02 23:54,45850
ADANIPORTS,2026-02-24,1240.0,158.75,19950.0,0.0,6.4,113525.0,150575.0,1403.1,1406.0,1348.0,4.327,2026-02-02 23:54,38249
ADANIPORTS,2026-02-24,1260.0,153.35,42275.0,4275.0,7.65,133475.0,144400.0,1403.1,1406.0,1348.0,4.327,2026-02-02 23:54,30520
ADANIPORTS,2026-02-24,1280.0,121.8,8075.0,0.0,9.6,90725.0,96425.0,1403.1,1406.0,1348.0,4.327,2026-02-02 23:54,23444
ADANIPORTS,2026-02-24,1300.0,116.6,131575.0,31825.0,12.15,516800.0,660250.0,1403.1,1406.0,1348.0,4.327,2026-02-02 23:54,16031
ADANIPORTS,2026-02-24,1320.0,100.3,227050.0,31825.0,15.0,379050.0,297825.0,1403.1,1406.0,1348.0,4.327,2026-02-02 23:54,10810
ADANIPORTS,2026-02-24,1340.0,83.75,176700.0,221825.0,19.5,294975.0,349600.0,1403.1,1406.0,1348.0,4.327,2026-02-02 23:54,7603
ADANIPORTS,2026-02-24,1360.0,68.5,218500.0,994650.0,24.7,399950.0,838850.0,1403.1,1406.0,1348.0,4.327,2026-02-02 23:54,4536
ADANIPORTS,2026-02-24,1380.0,56.45,306850.0,1464900.0,31.1,326800.0,667850.0,1403.1,1406.0,1348.0,4.327,2026-02-02 23:54,2310
ADANIPORTS,2026-02-24,1400.0,44.7,722475.0,3000575.0,39.4,834100.0,493050.0,1403.1,1406.0,1348.0,4.327,2026-02-02 23:54,1558
ADANIPORTS,2026-02-24,1420.0,35.4,387125.0,955700.0,49.6,147250.0,66500.0,1403.1,1406.0,1348.0,4.327,2026-02-02 23:54,3146
ADANIPORTS,2026-02-24,1440.0,27.1,498750.0,1022200.0,61.5,283100.0,39425.0,1403.1,1406.0,1348.0,4.327,2026-02-02 23:54,6501
ADANIPORTS,2026-02-24,1460.0,20.55,656450.0,741950.0,123.6,69350.0,0.0,1403.1,1406.0,1348.0,4.327,2026-02-02 23:54,10389
ADANIPORTS,2026-02-24,1480.0,15.45,413725.0,636500.0,88.25,138700.0,6650.0,1403.1,1406.0,1348.0,4.327,2026-02-02 23:54,16610
ADANIPORTS,2026-02-24,1500.0,11.3,947150.0,2194500.0,106.05,382850.0,55100.0,1403.1,1406.0,1348.0,4.327,2026-02-02 23:54,22860
ADANIPORTS,2026-02-24,1520.0,8.75,224200.0,340575.0,151.55,10450.0,0.0,1403.1,1406.0,1348.0,4.327,2026-02-02 23:54,29364
ADANIPORTS,2026-02-24,1540.0,6.65,209000.0,408500.0,130.0,14725.0,0.0,1403.1,1406.0,1348.0,4.327,2026-02-02 23:54,39366
ADANIPORTS,2026-02-24,1560.0,5.25,141550.0,199500.0,165.0,3800.0,0.0,1403.1,1406.0,1348.0,4.327,2026-02-02 23:54,49724
ADANIPORTS,2026-02-24,1580.0,4.2,100700.0,162925.0,0.0,0.0,0.0,1403.1,1406.0,1348.0,4.327,2026-02-02 23:54,60438
ADANIPORTS,2026-02-24,1600.0,3.35,342475.0,362900.0,200.0,31350.0,0.0,1403.1,1406.0,1348.0,4.327,2026-02-02 23:54,71383
ADANIPORTS,2026-02-24,1620.0,2.85,86450.0,58900.0,0.0,0.0,0.0,1403.1,1406.0,1348.0,4.327,2026-02-02 23:54,82522
ADANIPORTS,2026-02-24,1640.0,2.4,40375.0,36575.0,260.0,475.0,0.0,1403.1,1406.0,1348.0,4.327,2026-02-02 23:54,94370
ADANIPORTS,2026-02-24,1660.0,2.1,42275.0,1425.0,298.0,950.0,0.0,1403.1,1406.0,1348.0,4.327,2026-02-02 23:54,106273
ADANIPORTS,2026-02-24,1680.0,1.75,118275.0,94525.0,316.95,950.0,0.0,1403.1,1406.0,1348.0,4.327,2026-02-02 23:54,118245
ADANIPORTS,2026-02-24,1760.0,1.4,106400.0,25175.0,0.0,0.0,0.0,1403.1,1406.0,1348.0,4.327,2026-02-02 23:54,167157
ALKEM,2026-02-24,4800.0,1060.3,125.0,0.0,18.9,5750.0,26750.0,5521.5,5616.0,5406.0,-0.782,2026-02-02 23:54,5125
ALKEM,2026-02-24,4900.0,749.95,750.0,0.0,20.6,5875.0,375.0,5521.5,5616.0,5406.0,-0.782,2026-02-02 23:54,4339
ALKEM,2026-02-24,5000.0,0.0,0.0,0.0,22.45,3625.0,3875.0,5521.5,5616.0,5406.0,-0.782,2026-02-02 23:54,3660
ALKEM,2026-02-24,5050.0,0.0,0.0,0.0,0.0,0.0,0.0,5521.5,5616.0,5406.0,-0.782,2026-02-02 23:54,3309
ALKEM,2026-02-24,5100.0,0.0,0.0,0.0,41.45,2000.0,2125.0,5521.5,5616.0,5406.0,-0.782,2026-02-02 23:54,2966
ALKEM,2026-02-24,5150.0,0.0,0.0,0.0,0.0,0.0,0.0,5521.5,5616.0,5406.0,-0.782,2026-02-02 23:54,2624
ALKEM,2026-02-24,5200.0,0.0,0.0,0.0,32.0,375.0,0.0,5521.5,5616.0,5406.0,-0.782,2026-02-02 23:54,2291
ALKEM,2026-02-24,5250.0,0.0,0.0,0.0,0.0,0.0,0.0,5521.5,5616.0,5406.0,-0.782,2026-02-02 23:54,1959
ALKEM,2026-02-24,5300.0,338.3,125.0,0.0,71.8,3375.0,625.0,5521.5,5616.0,5406.0,-0.782,2026-02-02 23:54,1628
ALKEM,2026-02-24,5350.0,300.75,375.0,0.0,40.0,500.0,0.0,5521.5,5616.0,5406.0,-0.782,2026-02-02 23:54,1294
ALKEM,2026-02-24,5400.0,151.05,500.0,875.0,101.5,10500.0,32000.0,5521.5,5616.0,5406.0,-0.782,2026-02-02 23:54,994
ALKEM,2026-02-24,5450.0,176.6,125.0,125.0,94.5,250.0,0.0,5521.5,5616.0,5406.0,-0.782,2026-02-02 23:54,640
ALKEM,2026-02-24,5500.0,156.0,5750.0,15750.0,142.65,8500.0,25125.0,5521.5,5616.0,5406.0,-0.782,2026-02-02 23:54,388
ALKEM,2026-02-24,5550.0,114.25,1875.0,4250.0,127.65,4250.0,0.0,5521.5,5616.0,5406.0,-0.782,2026-02-02 23:54,175
ALKEM,2026-02-24,5600.0,106.95,9000.0,15750.0,206.0,3000.0,1125.0,5521.5,5616.0,5406.0,-0.782,2026-02-02 23:54,-8
ALKEM,2026-02-24,5650.0,90.0,5125.0,6500.0,260.0,10875.0,250.0,5521.5,5616.0,5406.0,-0.782,2026-02-02 23:54,-64
ALKEM,2026-02-24,5700.0,73.5,9750.0,13000.0,296.65,6000.0,1000.0,5521.5,5616.0,5406.0,-0.782,2026-02-02 23:54,-311
ALKEM,2026-02-24,5750.0,45.5,4250.0,2750.0,333.45,125.0,625.0,5521.5,5616.0,5406.0,-0.782,2026-02-02 23:54,-349
ALKEM,2026-02-24,5800.0,49.85,21000.0,6500.0,350.0,14625.0,125.0,5521.5,5616.0,5406.0,-0.782,2026-02-02 23:54,-244
ALKEM,2026-02-24,5850.0,153.75,1500.0,0.0,0.0,0.0,0.0,5521.5,5616.0,5406.0,-0.782,2026-02-02 23:54,-383
ALKEM,2026-02-24,5900.0,35.0,10750.0,12125.0,305.75,375.0,0.0,5521.5,5616.0,5406.0,-0.782,2026-02-02 23:54,-84
ALKEM,2026-02-24,5950.0,35.0,500.0,125.0,324.9,1000.0,0.0,5521.5,5616.0,5406.0,-0.782,2026-02-02 23:54,272
ALKEM,2026-02-24,6000.0,25.0,16375.0,17375.0,349.4,125.0,0.0,5521.5,5616.0,5406.0,-0.782,2026-02-02 23:54,580
ALKEM,2026-02-24,6050.0,17.5,500.0,500.0,569.2,2000.0,0.0,5521.5,5616.0,5406.0,-0.782,2026-02-02 23:54,1038
ALKEM,2026-02-24,6100.0,17.0,750.0,125.0,618.55,875.0,0.0,5521.5,5616.0,5406.0,-0.782,2026-02-02 23:54,1359
ALKEM,2026-02-24,6150.0,36.4,875.0,0.0,0.0,0.0,0.0,5521.5,5616.0,5406.0,-0.782,2026-02-02 23:54,1748
ALKEM,2026-02-24,6200.0,12.0,6000.0,8250.0,0.0,0.0,0.0,5521.5,5616.0,5406.0,-0.782,2026-02-02 23:54,2197
ALKEM,2026-02-24,6250.0,17.0,1000.0,0.0,0.0,0.0,0.0,5521.5,5616.0,5406.0,-0.782,2026-02-02 23:54,2680
ALKEM,2026-02-24,6300.0,13.0,2250.0,0.0,0.0,0.0,0.0,5521.5,5616.0,5406.0,-0.782,2026-02-02 23:54,3163
ALKEM,2026-02-24,6350.0,0.0,0.0,0.0,939.55,375.0,625.0,5521.5,5616.0,5406.0,-0.782,2026-02-02 23:54,3659
ALKEM,2026-02-24,6400.0,14.0,4625.0,0.0,0.0,0.0,0.0,5521.5,5616.0,5406.0,-0.782,2026-02-02 23:54,4118
ALKEM,2026-02-24,6500.0,4.45,4000.0,2375.0,791.1,375.0,0.0,5521.5,5616.0,5406.0,-0.782,2026-02-02 23:54,5159
AMBER,2026-02-24,4600.0,0.0,0.0,0.0,12.25,11600.0,5500.0,5999.0,6050.0,5813.5,0.1,2026-02-02 23:54,21070
AMBER,2026-02-24,4800.0,0.0,0.0,0.0,17.0,3300.0,1100.0,5999.0,6050.0,5813.5,0.1,2026-02-02 23:54,16414
AMBER,2026-02-24,4900.0,0.0,0.0,0.0,47.0,200.0,0.0,5999.0,6050.0,5813.5,0.1,2026-02-02 23:54,14120
AMBER,2026-02-24,5000.0,1012.85,1700.0,100.0,23.9,19500.0,35100.0,5999.0,6050.0,5813.5,0.1,2026-02-02 23:54,11833
AMBER,2026-02-24,5100.0,0.0,0.0,0.0,40.0,300.0,0.0,5999.0,6050.0,5813.5,0.1,2026-02-02 23:54,9885
AMBER,2026-02-24,5200.0,850.0,200.0,0.0,33.0,4600.0,3400.0,5999.0,6050.0,5813.5,0.1,2026-02-02 23:54,7812
AMBER,2026-02-24,5300.0,710.0,500.0,300.0,42.9,7400.0,5500.0,5999.0,6050.0,5813.5,0.1,2026-02-02 23:54,5791
AMBER,2026-02-24,5400.0,574.6,2200.0,400.0,52.3,11500.0,18400.0,5999.0,6050.0,5813.5,0.1,2026-02-02 23:54,3851
AMBER,2026-02-24,5500.0,569.85,16800.0,1100.0,69.0,23000.0,39100.0,5999.0,6050.0,5813.5,0.1,2026-02-02 23:54,2110
AMBER,2026-02-24,5600.0,488.0,18200.0,2200.0,87.35,15900.0,22700.0,5999.0,6050.0,5813.5,0.1,2026-02-02 23:54,1500
AMBER,2026-02-24,5700.0,419.85,18300.0,6800.0,109.6,12600.0,18200.0,5999.0,6050.0,5813.5,0.1,2026-02-02 23:54,1181
AMBER,2026-02-24,5800.0,347.85,29200.0,19900.0,141.55,26000.0,48000.0,5999.0,6050.0,5813.5,0.1,2026-02-02 23:54,1052
AMBER,2026-02-24,5900.0,284.2,23100.0,59300.0,185.4,31900.0,58100.0,5999.0,6050.0,5813.5,0.1,2026-02-02 23:54,1493
AMBER,2026-02-24,6000.0,233.0,65600.0,185600.0,232.0,19000.0,26000.0,5999.0,6050.0,5813.5,0.1,2026-02-02 23:54,1901
AMBER,2026-02-24,6100.0,187.05,32800.0,105500.0,291.0,2500.0,2300.0,5999.0,6050.0,5813.5,0.1,2026-02-02 23:54,4178
AMBER,2026-02-24,6200.0,152.9,31500.0,73800.0,346.0,8100.0,2500.0,5999.0,6050.0,5813.5,0.1,2026-02-02 23:54,6261
AMBER,2026-02-24,6300.0,126.05,9500.0,38200.0,420.8,3200.0,1200.0,5999.0,6050.0,5813.5,0.1,2026-02-02 23:54,8400
AMBER,2026-02-24,6400.0,100.7,25800.0,31500.0,569.35,24100.0,0.0,5999.0,6050.0,5813.5,0.1,2026-02-02 23:54,10450
AMBER,2026-02-24,6500.0,79.6,30000.0,79200.0,633.15,800.0,0.0,5999.0,6050.0,5813.5,0.1,2026-02-02 23:54,11902
AMBER,2026-02-24,6600.0,60.15,21000.0,41300.0,899.0,1500.0,0.0,5999.0,6050.0,5813.5,0.1,2026-02-02 23:54,14962
AMBER,2026-02-24,6700.0,45.1,1100.0,1900.0,880.0,600.0,0.0,5999.0,6050.0,5813.5,0.1,2026-02-02 23:54,18050
AMBER,2026-02-24,6800.0,39.65,14400.0,19700.0,832.0,2200.0,0.0,5999.0,6050.0,5813.5,0.1,2026-02-02 23:54,21116
AMBER,2026-02-24,6900.0,0.0,0.0,0.0,920.0,600.0,0.0,5999.0,6050.0,5813.5,0.1,2026-02-02 23:54,24271
AMBER,2026-02-24,7000.0,25.75,22700.0,101700.0,1224.9,2700.0,0.0,5999.0,6050.0,5813.5,0.1,2026-02-02 23:54,27501
AMBER,2026-02-24,7100.0,19.95,1700.0,800.0,1606.35,100.0,0.0,5999.0,6050.0,5813.5,0.1,2026-02-02 23:54,30769
AMBER,2026-02-24,7200.0,0.0,0.0,0.0,1550.0,100.0,0.0,5999.0,6050.0,5813.5,0.1,2026-02-02 23:54,34314
AMBER,2026-02-24,7300.0,11.95,7900.0,4500.0,1760.0,100.0,0.0,5999.0,6050.0,5813.5,0.1,2026-02-02 23:54,37858
AMBER,2026-02-24,7400.0,0.0,0.0,0.0,1700.0,200.0,0.0,5999.0,6050.0,5813.5,0.1,2026-02-02 23:54,41489
AMBER,2026-02-24,7500.0,0.0,0.0,0.0,1825.0,2300.0,0.0,5999.0,6050.0,5813.5,0.1,2026-02-02 23:54,45096
AMBER,2026-02-24,7600.0,7.05,6100.0,4200.0,1900.0,1200.0,0.0,5999.0,6050.0,5813.5,0.1,2026-02-02 23:54,48340
AMBER,2026-02-24,7700.0,0.0,0.0,0.0,1730.0,1000.0,0.0,5999.0,6050.0,5813.5,0.1,2026-02-02 23:54,51853
AMBER,2026-02-24,7800.0,4.55,10300.0,8600.0,2045.95,5600.0,0.0,5999.0,6050.0,5813.5,0.1,2026-02-02 23:54,55427
AMBUJACEM,2026-02-24,420.0,0.0,0.0,0.0,0.0,0.0,0.0,510.5,513.45,493.35,2.644,2026-02-02 23:54,115024
AMBUJACEM,2026-02-24,430.0,0.0,0.0,0.0,0.0,0.0,0.0,510.5,513.45,493.35,2.644,2026-02-02 23:54,103900
AMBUJACEM,2026-02-24,435.0,0.0,0.0,0.0,0.0,0.0,0.0,510.5,513.45,493.35,2.644,2026-02-02 23:54,98338
AMBUJACEM,2026-02-24,440.0,94.35,4200.0,0.0,0.95,223650.0,109200.0,510.5,513.45,493.35,2.644,2026-02-02 23:54,92776
AMBUJACEM,2026-02-24,445.0,0.0,0.0,0.0,0.0,0.0,0.0,510.5,513.45,493.35,2.644,2026-02-02 23:54,87347
AMBUJACEM,2026-02-24,450.0,64.25,23100.0,8400.0,1.3,233100.0,589050.0,510.5,513.45,493.35,2.644,2026-02-02 23:54,81899
AMBUJACEM,2026-02-24,455.0,0.0,0.0,0.0,3.8,8400.0,0.0,510.5,513.45,493.35,2.644,2026-02-02 23:54,76697
AMBUJACEM,2026-02-24,460.0,0.0,0.0,0.0,1.7,332850.0,572250.0,510.5,513.45,493.35,2.644,2026-02-02 23:54,71378
AMBUJACEM,2026-02-24,465.0,0.0,0.0,0.0,2.1,49350.0,89250.0,510.5,513.45,493.35,2.644,2026-02-02 23:54,66173
AMBUJACEM,2026-02-24,470.0,0.0,0.0,0.0,2.35,204750.0,568050.0,510.5,513.45,493.35,2.644,2026-02-02 23:54,61038
AMBUJACEM,2026-02-24,475.0,0.0,0.0,0.0,2.85,66150.0,183750.0,510.5,513.45,493.35,2.644,2026-02-02 23:54,55967
AMBUJACEM,2026-02-24,480.0,35.6,52500.0,46200.0,3.45,1006950.0,1165500.0,510.5,513.45,493.35,2.644,2026-02-02 23:54,50959
AMBUJACEM,2026-02-24,485.0,31.9,43050.0,30450.0,4.3,77700.0,155400.0,510.5,513.45,493.35,2.644,2026-02-02 23:54,46340
AMBUJACEM,2026-02-24,490.0,27.35,44100.0,150150.0,5.05,282450.0,935550.0,510.5,513.45,493.35,2.644,2026-02-02 23:54,42045
AMBUJACEM,2026-02-24,495.0,23.55,73500.0,248850.0,6.15,123900.0,658350.0,510.5,513.45,493.35,2.644,2026-02-02 23:54,37787
AMBUJACEM,2026-02-24,500.0,20.0,504000.0,2068500.0,7.5,1181250.0,2758350.0,510.5,513.45,493.35,2.644,2026-02-02 23:54,33747
AMBUJACEM,2026-02-24,505.0,16.9,200550.0,948150.0,9.1,168000.0,677250.0,510.5,513.45,493.35,2.644,2026-02-02 23:54,30574
AMBUJACEM,2026-02-24,510.0,13.8,429450.0,2975700.0,11.1,349650.0,1044750.0,510.5,513.45,493.35,2.644,2026-02-02 23:54,27650
AMBUJACEM,2026-02-24,515.0,11.05,355950.0,1656900.0,13.35,168000.0,326550.0,510.5,513.45,493.35,2.644,2026-02-02 23:54,25134
AMBUJACEM,2026-02-24,520.0,8.95,1597050.0,7782600.0,16.1,1405950.0,553350.0,510.5,513.45,493.35,2.644,2026-02-02 23:54,22845
AMBUJACEM,2026-02-24,525.0,7.1,526050.0,1232700.0,19.15,156450.0,118650.0,510.5,513.45,493.35,2.644,2026-02-02 23:54,21053
AMBUJACEM,2026-02-24,530.0,5.5,1317750.0,2497950.0,22.4,628950.0,138600.0,510.5,513.45,493.35,2.644,2026-02-02 23:54,20512
AMBUJACEM,2026-02-24,535.0,4.25,599550.0,844200.0,26.1,295050.0,40950.0,510.5,513.45,493.35,2.644,2026-02-02 23:54,20185
AMBUJACEM,2026-02-24,540.0,3.45,1378650.0,1010100.0,30.4,495600.0,38850.0,510.5,513.45,493.35,2.644,2026-02-02 23:54,20475
AMBUJACEM,2026-02-24,545.0,2.65,452550.0,414750.0,48.05,148050.0,0.0,510.5,513.45,493.35,2.644,2026-02-02 23:54,21186
AMBUJACEM,2026-02-24,550.0,2.1,1479450.0,1171800.0,39.0,793800.0,162750.0,510.5,513.45,493.35,2.644,2026-02-02 23:54,22636
AMBUJACEM,2026-02-24,555.0,1.8,151200.0,182700.0,29.0,27300.0,0.0,510.5,513.45,493.35,2.644,2026-02-02 23:54,23030
AMBUJACEM,2026-02-24,560.0,1.4,648900.0,421050.0,52.4,389550.0,11550.0,510.5,513.45,493.35,2.644,2026-02-02 23:54,26246
AMBUJACEM,2026-02-24,565.0,1.2,116550.0,136500.0,23.75,2100.0,0.0,510.5,513.45,493.35,2.644,2026-02-02 23:54,28083
AMBUJACEM,2026-02-24,570.0,1.05,601650.0,148050.0,55.1,329700.0,0.0,510.5,513.45,493.35,2.644,2026-02-02 23:54,31939
AMBUJACEM,2026-02-24,575.0,0.85,142800.0,87150.0,44.0,4200.0,0.0,510.5,513.45,493.35,2.644,2026-02-02 23:54,34498
AMBUJACEM,2026-02-24,580.0,0.8,402150.0,249900.0,79.0,160650.0,0.0,510.5,513.45,493.35,2.644,2026-02-02 23:54,38877
AMBUJACEM,2026-02-24,585.0,0.6,76650.0,0.0,53.7,8400.0,0.0,510.5,513.45,493.35,2.644,2026-02-02 23:54,42308
AMBUJACEM,2026-02-24,590.0,0.55,220500.0,54600.0,83.0,204750.0,3150.0,510.5,513.45,493.35,2.644,2026-02-02 23:54,46977
AMBUJACEM,2026-02-24,595.0,0.5,39900.0,1050.0,0.0,0.0,0.0,510.5,513.45,493.35,2.644,2026-02-02 23:54,50212
AMBUJACEM,2026-02-24,600.0,0.45,767550.0,269850.0,92.35,821100.0,2100.0,510.5,513.45,493.35,2.644,2026-02-02 23:54,55156
AMBUJACEM,2026-02-24,605.0,0.35,17850.0,8400.0,67.1,2100.0,0.0,510.5,513.45,493.35,2.644,2026-02-02 23:54,53345
AMBUJACEM,2026-02-24,610.0,0.4,80850.0,22050.0,59.6,9450.0,0.0,510.5,513.45,493.35,2.644,2026-02-02 23:54,59078
AMBUJACEM,2026-02-24,615.0,0.3,23100.0,0.0,0.0,0.0,0.0,510.5,513.45,493.35,2.644,2026-02-02 23:54,64816
AMBUJACEM,2026-02-24,620.0,0.3,45150.0,9450.0,74.5,2100.0,0.0,510.5,513.45,493.35,2.644,2026-02-02 23:54,70621
AMBUJACEM,2026-02-24,625.0,0.3,11550.0,0.0,0.0,0.0,0.0,510.5,513.45,493.35,2.644,2026-02-02 23:54,76433
AMBUJACEM,2026-02-24,630.0,0.25,76650.0,45150.0,95.5,55650.0,0.0,510.5,513.45,493.35,2.644,2026-02-02 23:54,82266
AMBUJACEM,2026-02-24,640.0,0.15,460950.0,147000.0,102.2,676200.0,0.0,510.5,513.45,493.35,2.644,2026-02-02 23:54,93535
AMBUJACEM,2026-02-24,650.0,0.2,52500.0,21000.0,112.0,30450.0,0.0,510.5,513.45,493.35,2.644,2026-02-02 23:54,99566
ANGELONE,2026-02-24,1900.0,0.0,0.0,0.0,9.15,113250.0,599750.0,2401.3,2417.5,2256.1,3.818,2026-02-02 23:54,74434
ANGELONE,2026-02-24,1950.0,0.0,0.0,0.0,11.5,2500.0,6750.0,2401.3,2417.5,2256.1,3.818,2026-02-02 23:54,63005
ANGELONE,2026-02-24,2000.0,412.9,5750.0,9250.0,13.5,115500.0,1025000.0,2401.3,2417.5,2256.1,3.818,2026-02-02 23:54,51690
ANGELONE,2026-02-24,2050.0,0.0,0.0,0.0,18.9,29250.0,131250.0,2401.3,2417.5,2256.1,3.818,2026-02-02 23:54,41065
ANGELONE,2026-02-24,2100.0,562.15,1000.0,0.0,22.9,186250.0,1269000.0,2401.3,2417.5,2256.1,3.818,2026-02-02 23:54,30450
ANGELONE,2026-02-24,2150.0,238.55,2000.0,1750.0,28.45,495000.0,4716250.0,2401.3,2417.5,2256.1,3.818,2026-02-02 23:54,20456
ANGELONE,2026-02-24,2200.0,244.8,34500.0,54250.0,35.5,276750.0,1258750.0,2401.3,2417.5,2256.1,3.818,2026-02-02 23:54,11957
ANGELONE,2026-02-24,2250.0,215.05,8750.0,43750.0,46.15,92250.0,643250.0,2401.3,2417.5,2256.1,3.818,2026-02-02 23:54,6236
ANGELONE,2026-02-24,2300.0,169.15,137750.0,968750.0,59.65,387500.0,1820000.0,2401.3,2417.5,2256.1,3.818,2026-02-02 23:54,921
ANGELONE,2026-02-24,2350.0,133.85,53500.0,657500.0,72.8,120750.0,505500.0,2401.3,2417.5,2256.1,3.818,2026-02-02 23:54,-1511
ANGELONE,2026-02-24,2400.0,101.45,274500.0,1597250.0,93.15,126250.0,393250.0,2401.3,2417.5,2256.1,3.818,2026-02-02 23:54,-3254
ANGELONE,2026-02-24,2450.0,79.3,100000.0,566500.0,116.85,50250.0,82500.0,2401.3,2417.5,2256.1,3.818,2026-02-02 23:54,-1221
ANGELONE,2026-02-24,2500.0,57.4,261750.0,1913000.0,143.0,144750.0,131500.0,2401.3,2417.5,2256.1,3.818,2026-02-02 23:54,159
ANGELONE,2026-02-24,2550.0,42.35,96750.0,562250.0,180.6,64500.0,122750.0,2401.3,2417.5,2256.1,3.818,2026-02-02 23:54,2799
ANGELONE,2026-02-24,2600.0,32.0,234000.0,1190500.0,219.5,51750.0,9750.0,2401.3,2417.5,2256.1,3.818,2026-02-02 23:54,6057
ANGELONE,2026-02-24,2650.0,24.4,62500.0,191500.0,260.5,14500.0,6000.0,2401.3,2417.5,2256.1,3.818,2026-02-02 23:54,11113
ANGELONE,2026-02-24,2700.0,18.15,251000.0,506000.0,304.1,62750.0,7000.0,2401.3,2417.5,2256.1,3.818,2026-02-02 23:54,16715
ANGELONE,2026-02-24,2750.0,13.1,52500.0,120000.0,350.0,2000.0,1500.0,2401.3,2417.5,2256.1,3.818,2026-02-02 23:54,22659
ANGELONE,2026-02-24,2800.0,11.3,223750.0,282250.0,463.0,26500.0,1500.0,2401.3,2417.5,2256.1,3.818,2026-02-02 23:54,30326
ANGELONE,2026-02-24,2850.0,8.1,17750.0,17000.0,0.0,0.0,0.0,2401.3,2417.5,2256.1,3.818,2026-02-02 23:54,38272
ANGELONE,2026-02-24,2900.0,6.0,92250.0,114250.0,300.0,5000.0,0.0,2401.3,2417.5,2256.1,3.818,2026-02-02 23:54,47295
ANGELONE,2026-02-24,2950.0,3.6,20250.0,11750.0,0.0,0.0,0.0,2401.3,2417.5,2256.1,3.818,2026-02-02 23:54,56696
ANGELONE,2026-02-24,3000.0,4.0,181500.0,101750.0,416.1,6250.0,0.0,2401.3,2417.5,2256.1,3.818,2026-02-02 23:54,66299
ANGELONE,2026-02-24,3100.0,2.35,64000.0,36500.0,759.85,1750.0,0.0,2401.3,2417.5,2256.1,3.818,2026-02-02 23:54,87182
ANGELONE,2026-02-24,3200.0,1.45,67250.0,65750.0,660.0,3000.0,0.0,2401.3,2417.5,2256.1,3.818,2026-02-02 23:54,108791
APLAPOLLO,2026-02-24,1640.0,0.0,0.0,0.0,1.0,1750.0,700.0,2079.3,2089.9,2041.4,1.484,2026-02-02 23:54,19212
APLAPOLLO,2026-02-24,1680.0,0.0,0.0,0.0,6.7,700.0,0.0,2079.3,2089.9,2041.4,1.484,2026-02-02 23:54,16458
APLAPOLLO,2026-02-24,1700.0,324.0,3850.0,0.0,0.0,0.0,0.0,2079.3,2089.9,2041.4,1.484,2026-02-02 23:54,15082
APLAPOLLO,2026-02-24,1720.0,204.25,700.0,0.0,3.7,4200.0,0.0,2079.3,2089.9,2041.4,1.484,2026-02-02 23:54,13839
APLAPOLLO,2026-02-24,1740.0,0.0,0.0,0.0,3.15,1400.0,0.0,2079.3,2089.9,2041.4,1.484,2026-02-02 23:54,12493
APLAPOLLO,2026-02-24,1760.0,0.0,0.0,0.0,0.0,0.0,0.0,2079.3,2089.9,2041.4,1.484,2026-02-02 23:54,11138
APLAPOLLO,2026-02-24,1780.0,191.15,1050.0,0.0,2.8,7000.0,8400.0,2079.3,2089.9,2041.4,1.484,2026-02-02 23:54,9783
APLAPOLLO,2026-02-24,1800.0,270.0,350.0,0.0,3.15,23100.0,33250.0,2079.3,2089.9,2041.4,1.484,2026-02-02 23:54,8462
APLAPOLLO,2026-02-24,1820.0,0.0,0.0,0.0,0.75,19950.0,0.0,2079.3,2089.9,2041.4,1.484,2026-02-02 23:54,7172
APLAPOLLO,2026-02-24,1840.0,122.5,1050.0,0.0,4.0,4550.0,10150.0,2079.3,2089.9,2041.4,1.484,2026-02-02 23:54,5918
APLAPOLLO,2026-02-24,1860.0,0.0,0.0,0.0,4.35,12950.0,350.0,2079.3,2089.9,2041.4,1.484,2026-02-02 23:54,4688
APLAPOLLO,2026-02-24,1880.0,210.0,7700.0,0.0,14.0,8050.0,0.0,2079.3,2089.9,2041.4,1.484,2026-02-02 23:54,3467
APLAPOLLO,2026-02-24,1900.0,171.65,4200.0,0.0,6.85,86100.0,79100.0,2079.3,2089.9,2041.4,1.484,2026-02-02 23:54,2434
APLAPOLLO,2026-02-24,1920.0,131.25,5950.0,0.0,8.95,27650.0,17500.0,2079.3,2089.9,2041.4,1.484,2026-02-02 23:54,1444
APLAPOLLO,2026-02-24,1940.0,158.5,5950.0,1050.0,10.8,22750.0,12250.0,2079.3,2089.9,2041.4,1.484,2026-02-02 23:54,561
APLAPOLLO,2026-02-24,1960.0,135.8,20650.0,1750.0,13.75,39200.0,44100.0,2079.3,2089.9,2041.4,1.484,2026-02-02 23:54,-247
APLAPOLLO,2026-02-24,1980.0,107.55,10150.0,0.0,17.25,11550.0,12950.0,2079.3,2089.9,2041.4,1.484,2026-02-02 23:54,-779
APLAPOLLO,2026-02-24,2000.0,111.25,53900.0,34300.0,21.15,115500.0,307300.0,2079.3,2089.9,2041.4,1.484,2026-02-02 23:54,-1405
APLAPOLLO,2026-02-24,2020.0,81.0,16800.0,5600.0,44.75,32900.0,0.0,2079.3,2089.9,2041.4,1.484,2026-02-02 23:54,-1426
APLAPOLLO,2026-02-24,2040.0,81.05,40950.0,42000.0,32.85,71400.0,101850.0,2079.3,2089.9,2041.4,1.484,2026-02-02 23:54,-1715
APLAPOLLO,2026-02-24,2060.0,69.35,83300.0,156450.0,40.3,105000.0,83650.0,2079.3,2089.9,2041.4,1.484,2026-02-02 23:54,-1670
APLAPOLLO,2026-02-24,2080.0,54.35,46900.0,61250.0,49.0,23100.0,10500.0,2079.3,2089.9,2041.4,1.484,2026-02-02 23:54,-1191
APLAPOLLO,2026-02-24,2100.0,47.0,238700.0,410900.0,58.0,50400.0,35700.0,2079.3,2089.9,2041.4,1.484,2026-02-02 23:54,-585
APLAPOLLO,2026-02-24,2120.0,39.0,17850.0,21350.0,69.85,3500.0,7000.0,2079.3,2089.9,2041.4,1.484,2026-02-02 23:54,1285
APLAPOLLO,2026-02-24,2140.0,31.45,29750.0,32550.0,108.6,5600.0,0.0,2079.3,2089.9,2041.4,1.484,2026-02-02 23:54,2416
APLAPOLLO,2026-02-24,2160.0,26.15,37450.0,10500.0,95.95,2450.0,3150.0,2079.3,2089.9,2041.4,1.484,2026-02-02 23:54,3604
APLAPOLLO,2026-02-24,2180.0,15.85,16100.0,0.0,132.6,4550.0,0.0,2079.3,2089.9,2041.4,1.484,2026-02-02 23:54,4914
APLAPOLLO,2026-02-24,2200.0,15.95,149100.0,102200.0,126.45,4900.0,8750.0,2079.3,2089.9,2041.4,1.484,2026-02-02 23:54,6156
APLAPOLLO,2026-02-24,2220.0,13.0,8050.0,8400.0,0.0,0.0,0.0,2079.3,2089.9,2041.4,1.484,2026-02-02 23:54,7917
APLAPOLLO,2026-02-24,2240.0,9.8,74200.0,30800.0,0.0,0.0,0.0,2079.3,2089.9,2041.4,1.484,2026-02-02 23:54,9528
APLAPOLLO,2026-02-24,2260.0,7.5,12250.0,16100.0,0.0,0.0,0.0,2079.3,2089.9,2041.4,1.484,2026-02-02 23:54,11350
APLAPOLLO,2026-02-24,2280.0,5.8,93450.0,45850.0,0.0,0.0,0.0,2079.3,2089.9,2041.4,1.484,2026-02-02 23:54,13133
APLAPOLLO,2026-02-24,2320.0,5.2,350.0,350.0,0.0,0.0,0.0,2079.3,2089.9,2041.4,1.484,2026-02-02 23:54,17109
APLAPOLLO,2026-02-24,2360.0,1.8,58100.0,7700.0,0.0,0.0,0.0,2079.3,2089.9,2041.4,1.484,2026-02-02 23:54,21032
ASHOKLEY,2026-02-24,132.0,0.0,0.0,0.0,0.09,30000.0,70000.0,194.4,195.0,185.52,2.825,2026-02-02 23:54,117179
ASHOKLEY,2026-02-24,140.0,0.0,0.0,0.0,0.18,535000.0,160000.0,194.4,195.0,185.52,2.825,2026-02-02 23:54,93775
ASHOKLEY,2026-02-24,150.0,0.0,0.0,0.0,0.2,1220000.0,870000.0,194.4,195.0,185.52,2.825,2026-02-02 23:54,65045
ASHOKLEY,2026-02-24,155.0,36.0,250000.0,0.0,0.0,0.0,0.0,194.4,195.0,185.52,2.825,2026-02-02 23:54,51271
ASHOKLEY,2026-02-24,156.0,35.4,35000.0,0.0,0.45,160000.0,0.0,194.4,195.0,185.52,2.825,2026-02-02 23:54,49446
ASHOKLEY,2026-02-24,160.0,29.0,145000.0,0.0,0.42,1495000.0,1005000.0,194.4,195.0,185.52,2.825,2026-02-02 23:54,38740
ASHOKLEY,2026-02-24,162.5,34.11,10000.0,0.0,1.12,5000.0,0.0,194.4,195.0,185.52,2.825,2026-02-02 23:54,32744
ASHOKLEY,2026-02-24,165.0,25.0,25000.0,5000.0,0.56,450000.0,1075000.0,194.4,195.0,185.52,2.825,2026-02-02 23:54,26428
ASHOKLEY,2026-02-24,167.5,22.94,15000.0,0.0,0.68,130000.0,100000.0,194.4,195.0,185.52,2.825,2026-02-02 23:54,20234
ASHOKLEY,2026-02-24,168.0,21.9,70000.0,0.0,0.68,325000.0,560000.0,194.4,195.0,185.52,2.825,2026-02-02 23:54,19021
ASHOKLEY,2026-02-24,170.0,24.6,900000.0,60000.0,0.83,3000000.0,2375000.0,194.4,195.0,185.52,2.825,2026-02-02 23:54,14275
ASHOKLEY,2026-02-24,172.5,0.0,0.0,0.0,1.0,705000.0,790000.0,194.4,195.0,185.52,2.825,2026-02-02 23:54,11119
ASHOKLEY,2026-02-24,174.0,22.0,50000.0,0.0,0.0,0.0,0.0,194.4,195.0,185.52,2.825,2026-02-02 23:54,8081
ASHOKLEY,2026-02-24,175.0,15.19,100000.0,5000.0,1.25,2910000.0,4420000.0,194.4,195.0,185.52,2.825,2026-02-02 23:54,6218
ASHOKLEY,2026-02-24,176.0,18.8,15000.0,0.0,0.0,0.0,0.0,194.4,195.0,185.52,2.825,2026-02-02 23:54,4334
ASHOKLEY,2026-02-24,177.5,11.63,15000.0,20000.0,1.54,410000.0,440000.0,194.4,195.0,185.52,2.825,2026-02-02 23:54,1857
ASHOKLEY,2026-02-24,178.0,17.0,95000.0,0.0,0.0,0.0,0.0,194.4,195.0,185.52,2.825,2026-02-02 23:54,997
ASHOKLEY,2026-02-24,180.0,16.61,630000.0,455000.0,1.94,3240000.0,5425000.0,194.4,195.0,185.52,2.825,2026-02-02 23:54,-2078
ASHOKLEY,2026-02-24,182.5,14.59,150000.0,300000.0,2.48,685000.0,1195000.0,194.4,195.0,185.52,2.825,2026-02-02 23:54,-4738
ASHOKLEY,2026-02-24,184.0,22.5,80000.0,0.0,0.0,0.0,0.0,194.4,195.0,185.52,2.825,2026-02-02 23:54,-6412
ASHOKLEY,2026-02-24,185.0,12.8,1465000.0,2500000.0,3.1,4315000.0,12370000.0,194.4,195.0,185.52,2.825,2026-02-02 23:54,-7372
ASHOKLEY,2026-02-24,186.0,10.85,100000.0,285000.0,0.0,0.0,0.0,194.4,195.0,185.52,2.825,2026-02-02 23:54,-7396
ASHOKLEY,2026-02-24,187.5,10.97,705000.0,1295000.0,3.86,1575000.0,3830000.0,194.4,195.0,185.52,2.825,2026-02-02 23:54,-8115
ASHOKLEY,2026-02-24,188.0,10.54,495000.0,945000.0,0.0,0.0,0.0,194.4,195.0,185.52,2.825,2026-02-02 23:54,-8112
ASHOKLEY,2026-02-24,190.0,9.02,3605000.0,11560000.0,4.75,2870000.0,3485000.0,194.4,195.0,185.52,2.825,2026-02-02 23:54,-8139
ASHOKLEY,2026-02-24,192.0,8.08,690000.0,1555000.0,0.0,0.0,0.0,194.4,195.0,185.52,2.825,2026-02-02 23:54,-5505
ASHOKLEY,2026-02-24,192.5,7.8,1095000.0,1575000.0,5.88,1200000.0,910000.0,194.4,195.0,185.52,2.825,2026-02-02 23:54,-4726
ASHOKLEY,2026-02-24,195.0,6.5,3620000.0,14480000.0,7.2,1275000.0,1275000.0,194.4,195.0,185.52,2.825,2026-02-02 23:54,-2899
ASHOKLEY,2026-02-24,196.0,6.1,810000.0,695000.0,0.0,0.0,0.0,194.4,195.0,185.52,2.825,2026-02-02 23:54,-303
ASHOKLEY,2026-02-24,197.5,5.45,1115000.0,980000.0,8.44,460000.0,195000.0,194.4,195.0,185.52,2.825,2026-02-02 23:54,2053
ASHOKLEY,2026-02-24,200.0,4.5,6835000.0,12760000.0,9.74,1375000.0,570000.0,194.4,195.0,185.52,2.825,2026-02-02 23:54,5771
ASHOKLEY,2026-02-24,202.5,3.8,635000.0,600000.0,11.66,30000.0,10000.0,194.4,195.0,185.52,2.825,2026-02-02 23:54,13059
ASHOKLEY,2026-02-24,205.0,3.1,3485000.0,5835000.0,15.66,105000.0,0.0,194.4,195.0,185.52,2.825,2026-02-02 23:54,18983
ASHOKLEY,2026-02-24,207.5,2.5,780000.0,805000.0,20.04,40000.0,5000.0,194.4,195.0,185.52,2.825,2026-02-02 23:54,26514
ASHOKLEY,2026-02-24,210.0,2.05,5670000.0,8910000.0,17.44,285000.0,90000.0,194.4,195.0,185.52,2.825,2026-02-02 23:54,33449
ASHOKLEY,2026-02-24,212.5,1.68,380000.0,500000.0,24.65,10000.0,0.0,194.4,195.0,185.52,2.825,2026-02-02 23:54,42423
ASHOKLEY,2026-02-24,215.0,1.39,2830000.0,4505000.0,24.25,425000.0,0.0,194.4,195.0,185.52,2.825,2026-02-02 23:54,50868
ASHOKLEY,2026-02-24,217.5,1.13,1225000.0,895000.0,29.57,15000.0,0.0,194.4,195.0,185.52,2.825,2026-02-02 23:54,59451
ASHOKLEY,2026-02-24,220.0,0.95,4025000.0,4535000.0,29.5,5000.0,0.0,194.4,195.0,185.52,2.825,2026-02-02 23:54,69075
ASIANPAINT,2026-02-24,1960.0,0.0,0.0,0.0,0.0,0.0,0.0,2402.0,2429.5,2372.0,1.909,2026-02-02 23:54,174503
ASIANPAINT,2026-02-24,2000.0,0.0,0.0,0.0,1.15,13500.0,31500.0,2402.0,2429.5,2372.0,1.909,2026-02-02 23:54,157701
ASIANPAINT,2026-02-24,2040.0,0.0,0.0,0.0,0.0,0.0,0.0,2402.0,2429.5,2372.0,1.909,2026-02-02 23:54,140952
ASIANPAINT,2026-02-24,2080.0,0.0,0.0,0.0,0.0,0.0,0.0,2402.0,2429.5,2372.0,1.909,2026-02-02 23:54,124204
ASIANPAINT,2026-02-24,2100.0,0.0,0.0,0.0,2.5,520250.0,313000.0,2402.0,2429.5,2372.0,1.909,2026-02-02 23:54,115830
ASIANPAINT,2026-02-24,2120.0,0.0,0.0,0.0,3.25,37000.0,36500.0,2402.0,2429.5,2372.0,1.909,2026-02-02 23:54,108366
ASIANPAINT,2026-02-24,2140.0,0.0,0.0,0.0,4.2,0.0,250.0,2402.0,2429.5,2372.0,1.909,2026-02-02 23:54,101094
ASIANPAINT,2026-02-24,2160.0,278.35,500.0,0.0,4.95,40250.0,72250.0,2402.0,2429.5,2372.0,1.909,2026-02-02 23:54,93835
ASIANPAINT,2026-02-24,2180.0,0.0,0.0,0.0,5.9,127500.0,85000.0,2402.0,2429.5,2372.0,1.909,2026-02-02 23:54,86651
ASIANPAINT,2026-02-24,2200.0,0.0,0.0,0.0,8.15,345000.0,422000.0,2402.0,2429.5,2372.0,1.909,2026-02-02 23:54,79653
ASIANPAINT,2026-02-24,2220.0,0.0,0.0,0.0,9.9,45750.0,55750.0,2402.0,2429.5,2372.0,1.909,2026-02-02 23:54,73139
ASIANPAINT,2026-02-24,2240.0,180.1,2000.0,750.0,12.0,83750.0,122500.0,2402.0,2429.5,2372.0,1.909,2026-02-02 23:54,66952
ASIANPAINT,2026-02-24,2260.0,0.0,0.0,0.0,14.7,69250.0,78500.0,2402.0,2429.5,2372.0,1.909,2026-02-02 23:54,60917
ASIANPAINT,2026-02-24,2280.0,140.9,2000.0,0.0,16.65,92250.0,54250.0,2402.0,2429.5,2372.0,1.909,2026-02-02 23:54,54984
ASIANPAINT,2026-02-24,2300.0,127.0,26750.0,24500.0,21.75,242000.0,481750.0,2402.0,2429.5,2372.0,1.909,2026-02-02 23:54,49216
ASIANPAINT,2026-02-24,2320.0,81.7,2750.0,0.0,25.9,63250.0,128250.0,2402.0,2429.5,2372.0,1.909,2026-02-02 23:54,43923
ASIANPAINT,2026-02-24,2340.0,97.85,7500.0,9000.0,31.5,71000.0,235500.0,2402.0,2429.5,2372.0,1.909,2026-02-02 23:54,38809
ASIANPAINT,2026-02-24,2360.0,84.75,53750.0,100000.0,37.85,174250.0,353250.0,2402.0,2429.5,2372.0,1.909,2026-02-02 23:54,33842
ASIANPAINT,2026-02-24,2380.0,71.4,71500.0,226000.0,44.55,87000.0,336500.0,2402.0,2429.5,2372.0,1.909,2026-02-02 23:54,29277
ASIANPAINT,2026-02-24,2400.0,59.45,265000.0,1224750.0,52.95,368500.0,870250.0,2402.0,2429.5,2372.0,1.909,2026-02-02 23:54,25357
ASIANPAINT,2026-02-24,2420.0,50.0,139750.0,780000.0,62.75,103000.0,251500.0,2402.0,2429.5,2372.0,1.909,2026-02-02 23:54,22204
ASIANPAINT,2026-02-24,2440.0,41.0,187250.0,676750.0,73.65,120000.0,108250.0,2402.0,2429.5,2372.0,1.909,2026-02-02 23:54,19966
ASIANPAINT,2026-02-24,2460.0,33.0,202500.0,546500.0,87.1,110250.0,72750.0,2402.0,2429.5,2372.0,1.909,2026-02-02 23:54,18173
ASIANPAINT,2026-02-24,2480.0,26.8,160500.0,453750.0,99.8,118500.0,46250.0,2402.0,2429.5,2372.0,1.909,2026-02-02 23:54,16830
ASIANPAINT,2026-02-24,2500.0,22.25,640000.0,1759000.0,115.0,165250.0,82500.0,2402.0,2429.5,2372.0,1.909,2026-02-02 23:54,15585
ASIANPAINT,2026-02-24,2520.0,17.9,407500.0,420250.0,128.5,212000.0,34000.0,2402.0,2429.5,2372.0,1.909,2026-02-02 23:54,16226
ASIANPAINT,2026-02-24,2540.0,14.25,159750.0,290500.0,146.0,24500.0,2250.0,2402.0,2429.5,2372.0,1.909,2026-02-02 23:54,16588
ASIANPAINT,2026-02-24,2560.0,12.05,172750.0,348250.0,161.5,41000.0,8250.0,2402.0,2429.5,2372.0,1.909,2026-02-02 23:54,19183
ASIANPAINT,2026-02-24,2580.0,9.75,280000.0,150250.0,154.9,28250.0,0.0,2402.0,2429.5,2372.0,1.909,2026-02-02 23:54,21881
ASIANPAINT,2026-02-24,2600.0,8.5,767000.0,969500.0,200.0,142500.0,11750.0,2402.0,2429.5,2372.0,1.909,2026-02-02 23:54,25485
ASIANPAINT,2026-02-24,2620.0,7.1,136000.0,104250.0,215.6,81000.0,750.0,2402.0,2429.5,2372.0,1.909,2026-02-02 23:54,28875
ASIANPAINT,2026-02-24,2640.0,6.05,164750.0,164250.0,212.65,38250.0,1500.0,2402.0,2429.5,2372.0,1.909,2026-02-02 23:54,33248
ASIANPAINT,2026-02-24,2660.0,5.35,125500.0,145250.0,238.05,23250.0,5250.0,2402.0,2429.5,2372.0,1.909,2026-02-02 23:54,38962
ASIANPAINT,2026-02-24,2680.0,4.65,119500.0,79000.0,269.45,40000.0,750.0,2402.0,2429.5,2372.0,1.909,2026-02-02 23:54,45201
ASIANPAINT,2026-02-24,2700.0,4.25,954500.0,808250.0,290.9,169500.0,4750.0,2402.0,2429.5,2372.0,1.909,2026-02-02 23:54,51223
ASIANPAINT,2026-02-24,2720.0,3.85,178750.0,66750.0,306.15,71500.0,2000.0,2402.0,2429.5,2372.0,1.909,2026-02-02 23:54,55991
ASIANPAINT,2026-02-24,2740.0,3.5,211500.0,78500.0,328.5,43250.0,2500.0,2402.0,2429.5,2372.0,1.909,2026-02-02 23:54,63664
ASIANPAINT,2026-02-24,2760.0,3.1,264250.0,106000.0,354.95,49500.0,750.0,2402.0,2429.5,2372.0,1.909,2026-02-02 23:54,72619
ASIANPAINT,2026-02-24,2780.0,2.9,267500.0,25000.0,368.0,12250.0,750.0,2402.0,2429.5,2372.0,1.909,2026-02-02 23:54,81874
ASIANPAINT,2026-02-24,2800.0,2.35,850000.0,323750.0,386.0,122250.0,3250.0,2402.0,2429.5,2372.0,1.909,2026-02-02 23:54,92991
ASIANPAINT,2026-02-24,2820.0,2.1,114750.0,12750.0,390.25,6500.0,0.0,2402.0,2429.5,2372.0,1.909,2026-02-02 23:54,101905
ASIANPAINT,2026-02-24,2840.0,1.85,126750.0,38500.0,424.8,18750.0,1000.0,2402.0,2429.5,2372.0,1.909,2026-02-02 23:54,115352
ASIANPAINT,2026-02-24,2860.0,1.95,172000.0,71250.0,163.0,1250.0,0.0,2402.0,2429.5,2372.0,1.909,2026-02-02 23:54,128547
ASIANPAINT,2026-02-24,2880.0,1.55,25500.0,9000.0,390.0,3000.0,0.0,2402.0,2429.5,2372.0,1.909,2026-02-02 23:54,142874
ASIANPAINT,2026-02-24,2900.0,1.4,431750.0,137750.0,463.75,42750.0,750.0,2402.0,2429.5,2372.0,1.909,2026-02-02 23:54,157132
ASIANPAINT,2026-02-24,2920.0,1.2,41000.0,17500.0,292.45,3000.0,0.0,2402.0,2429.5,2372.0,1.909,2026-02-02 23:54,170530
ASIANPAINT,2026-02-24,2940.0,1.3,45000.0,2000.0,426.3,5250.0,0.0,2402.0,2429.5,2372.0,1.909,2026-02-02 23:54,185855
ASIANPAINT,2026-02-24,2960.0,1.3,27250.0,750.0,200.0,1250.0,0.0,2402.0,2429.5,2372.0,1.909,2026-02-02 23:54,201146
ASIANPAINT,2026-02-24,2980.0,1.5,8500.0,0.0,0.0,0.0,0.0,2402.0,2429.5,2372.0,1.909,2026-02-02 23:54,216690
ASIANPAINT,2026-02-24,3000.0,1.1,277500.0,107500.0,598.65,18500.0,500.0,2402.0,2429.5,2372.0,1.909,2026-02-02 23:54,232273
ASIANPAINT,2026-02-24,3020.0,1.0,9000.0,500.0,340.0,250.0,0.0,2402.0,2429.5,2372.0,1.909,2026-02-02 23:54,247371
ASIANPAINT,2026-02-24,3040.0,1.0,6250.0,1500.0,0.0,0.0,0.0,2402.0,2429.5,2372.0,1.909,2026-02-02 23:54,263556
ASIANPAINT,2026-02-24,3080.0,0.95,34000.0,5750.0,455.0,500.0,0.0,2402.0,2429.5,2372.0,1.909,2026-02-02 23:54,295968
ASIANPAINT,2026-02-24,3100.0,0.9,53750.0,7500.0,590.0,2500.0,0.0,2402.0,2429.5,2372.0,1.909,2026-02-02 23:54,312223
ASIANPAINT,2026-02-24,3120.0,1.1,2750.0,0.0,480.0,250.0,0.0,2402.0,2429.5,2372.0,1.909,2026-02-02 23:54,328467
ASIANPAINT,2026-02-24,3140.0,0.65,5750.0,0.0,355.4,250.0,0.0,2402.0,2429.5,2372.0,1.909,2026-02-02 23:54,344849
ASIANPAINT,2026-02-24,3160.0,1.15,3750.0,500.0,0.0,0.0,0.0,2402.0,2429.5,2372.0,1.909,2026-02-02 23:54,361245
ASIANPAINT,2026-02-24,3200.0,1.05,77000.0,8250.0,0.0,0.0,0.0,2402.0,2429.5,2372.0,1.909,2026-02-02 23:54,394071
ASIANPAINT,2026-02-24,3240.0,0.5,8750.0,0.0,0.0,0.0,0.0,2402.0,2429.5,2372.0,1.909,2026-02-02 23:54,427212
ASIANPAINT,2026-02-24,3280.0,0.85,20000.0,5000.0,0.0,0.0,0.0,2402.0,2429.5,2372.0,1.909,2026-02-02 23:54,460380
ASTRAL,2026-02-24,1160.0,296.2,2975.0,0.0,2.0,20400.0,1275.0,1467.6,1472.7,1424.1,0.26,2026-02-02 23:54,17067
ASTRAL,2026-02-24,1200.0,142.0,1700.0,0.0,2.35,18700.0,6375.0,1467.6,1472.7,1424.1,0.26,2026-02-02 23:54,13397
ASTRAL,2026-02-24,1240.0,0.0,0.0,0.0,3.15,57375.0,89675.0,1467.6,1472.7,1424.1,0.26,2026-02-02 23:54,9745
ASTRAL,2026-02-24,1260.0,0.0,0.0,0.0,4.4,11475.0,0.0,1467.6,1472.7,1424.1,0.26,2026-02-02 23:54,8006
ASTRAL,2026-02-24,1280.0,217.55,850.0,0.0,5.05,24650.0,9775.0,1467.6,1472.7,1424.1,0.26,2026-02-02 23:54,6302
ASTRAL,2026-02-24,1300.0,112.65,425.0,0.0,6.15,89250.0,68000.0,1467.6,1472.7,1424.1,0.26,2026-02-02 23:54,4661
ASTRAL,2026-02-24,1320.0,142.85,7225.0,0.0,9.35,45900.0,8500.0,1467.6,1472.7,1424.1,0.26,2026-02-02 23:54,3143
ASTRAL,2026-02-24,1340.0,160.0,10200.0,0.0,10.45,36550.0,14450.0,1467.6,1472.7,1424.1,0.26,2026-02-02 23:54,1842
ASTRAL,2026-02-24,1360.0,140.0,17425.0,0.0,13.55,131750.0,30600.0,1467.6,1472.7,1424.1,0.26,2026-02-02 23:54,699
ASTRAL,2026-02-24,1380.0,96.5,37825.0,3400.0,17.3,42075.0,26350.0,1467.6,1472.7,1424.1,0.26,2026-02-02 23:54,-205
ASTRAL,2026-02-24,1400.0,83.05,115600.0,10200.0,22.6,134300.0,209525.0,1467.6,1472.7,1424.1,0.26,2026-02-02 23:54,-723
ASTRAL,2026-02-24,1420.0,67.9,14450.0,37400.0,27.85,28050.0,34850.0,1467.6,1472.7,1424.1,0.26,2026-02-02 23:54,-376
ASTRAL,2026-02-24,1440.0,54.0,73950.0,170000.0,36.4,103275.0,186575.0,1467.6,1472.7,1424.1,0.26,2026-02-02 23:54,-582
ASTRAL,2026-02-24,1460.0,43.85,110500.0,290700.0,45.6,65025.0,84150.0,1467.6,1472.7,1424.1,0.26,2026-02-02 23:54,-429
ASTRAL,2026-02-24,1480.0,35.0,67150.0,69275.0,53.8,17850.0,14875.0,1467.6,1472.7,1424.1,0.26,2026-02-02 23:54,238
ASTRAL,2026-02-24,1500.0,27.9,167450.0,381225.0,66.7,88825.0,14875.0,1467.6,1472.7,1424.1,0.26,2026-02-02 23:54,1027
ASTRAL,2026-02-24,1520.0,21.5,72675.0,36125.0,80.35,9775.0,6375.0,1467.6,1472.7,1424.1,0.26,2026-02-02 23:54,2065
ASTRAL,2026-02-24,1540.0,16.55,84150.0,62050.0,122.75,1275.0,2125.0,1467.6,1472.7,1424.1,0.26,2026-02-02 23:54,3470
ASTRAL,2026-02-24,1560.0,12.1,100725.0,55675.0,131.0,5525.0,1700.0,1467.6,1472.7,1424.1,0.26,2026-02-02 23:54,5093
ASTRAL,2026-02-24,1580.0,9.4,106675.0,60350.0,238.95,425.0,0.0,1467.6,1472.7,1424.1,0.26,2026-02-02 23:54,6853
ASTRAL,2026-02-24,1600.0,6.95,271150.0,175950.0,128.0,24650.0,0.0,1467.6,1472.7,1424.1,0.26,2026-02-02 23:54,8868
ASTRAL,2026-02-24,1620.0,5.0,97750.0,61200.0,0.0,0.0,0.0,1467.6,1472.7,1424.1,0.26,2026-02-02 23:54,11258
ASTRAL,2026-02-24,1640.0,4.0,66725.0,53975.0,247.0,1275.0,0.0,1467.6,1472.7,1424.1,0.26,2026-02-02 23:54,14019
ASTRAL,2026-02-24,1680.0,1.4,17425.0,4250.0,305.0,425.0,0.0,1467.6,1472.7,1424.1,0.26,2026-02-02 23:54,19711
ASTRAL,2026-02-24,1720.0,0.0,0.0,0.0,334.0,2975.0,0.0,1467.6,1472.7,1424.1,0.26,2026-02-02 23:54,25469
AUROPHARMA,2026-02-24,940.0,0.0,0.0,0.0,2.5,5500.0,0.0,1171.0,1185.0,1152.3,-0.094,2026-02-02 23:54,36644
AUROPHARMA,2026-02-24,960.0,0.0,0.0,0.0,4.0,7150.0,0.0,1171.0,1185.0,1152.3,-0.094,2026-02-02 23:54,32261
AUROPHARMA,2026-02-24,980.0,0.0,0.0,0.0,1.5,108900.0,0.0,1171.0,1185.0,1152.3,-0.094,2026-02-02 23:54,27891
AUROPHARMA,2026-02-24,1000.0,152.0,550.0,0.0,2.65,80300.0,72050.0,1171.0,1185.0,1152.3,-0.094,2026-02-02 23:54,23726
AUROPHARMA,2026-02-24,1020.0,0.0,0.0,0.0,3.6,7150.0,8250.0,1171.0,1185.0,1152.3,-0.094,2026-02-02 23:54,19725
AUROPHARMA,2026-02-24,1030.0,0.0,0.0,0.0,4.5,1650.0,0.0,1171.0,1185.0,1152.3,-0.094,2026-02-02 23:54,17736
AUROPHARMA,2026-02-24,1040.0,0.0,0.0,0.0,3.6,39600.0,0.0,1171.0,1185.0,1152.3,-0.094,2026-02-02 23:54,15750
AUROPHARMA,2026-02-24,1050.0,93.0,550.0,0.0,5.2,28050.0,17050.0,1171.0,1185.0,1152.3,-0.094,2026-02-02 23:54,13791
AUROPHARMA,2026-02-24,1060.0,91.0,1100.0,0.0,6.3,14300.0,18700.0,1171.0,1185.0,1152.3,-0.094,2026-02-02 23:54,11865
AUROPHARMA,2026-02-24,1070.0,0.0,0.0,0.0,7.25,1650.0,4400.0,1171.0,1185.0,1152.3,-0.094,2026-02-02 23:54,9964
AUROPHARMA,2026-02-24,1080.0,0.0,0.0,0.0,8.3,92950.0,33550.0,1171.0,1185.0,1152.3,-0.094,2026-02-02 23:54,8063
AUROPHARMA,2026-02-24,1090.0,0.0,0.0,0.0,0.0,0.0,0.0,1171.0,1185.0,1152.3,-0.094,2026-02-02 23:54,6179
AUROPHARMA,2026-02-24,1100.0,74.0,18150.0,1650.0,11.35,397100.0,245300.0,1171.0,1185.0,1152.3,-0.094,2026-02-02 23:54,4373
AUROPHARMA,2026-02-24,1110.0,113.45,39600.0,0.0,13.5,6050.0,12650.0,1171.0,1185.0,1152.3,-0.094,2026-02-02 23:54,2665
AUROPHARMA,2026-02-24,1120.0,67.1,21450.0,1650.0,15.55,81950.0,16500.0,1171.0,1185.0,1152.3,-0.094,2026-02-02 23:54,1760
AUROPHARMA,2026-02-24,1130.0,60.95,44000.0,2200.0,19.4,41800.0,17050.0,1171.0,1185.0,1152.3,-0.094,2026-02-02 23:54,534
AUROPHARMA,2026-02-24,1140.0,61.0,99000.0,90200.0,21.1,77550.0,76450.0,1171.0,1185.0,1152.3,-0.094,2026-02-02 23:54,-434
AUROPHARMA,2026-02-24,1150.0,56.0,111650.0,41250.0,24.6,165000.0,85800.0,1171.0,1185.0,1152.3,-0.094,2026-02-02 23:54,-974
AUROPHARMA,2026-02-24,1160.0,48.35,53350.0,96250.0,27.95,83600.0,144100.0,1171.0,1185.0,1152.3,-0.094,2026-02-02 23:54,-1458
AUROPHARMA,2026-02-24,1170.0,44.45,70950.0,140250.0,32.3,56100.0,121000.0,1171.0,1185.0,1152.3,-0.094,2026-02-02 23:54,-2001
AUROPHARMA,2026-02-24,1180.0,38.3,212300.0,322850.0,36.7,110550.0,40700.0,1171.0,1185.0,1152.3,-0.094,2026-02-02 23:54,-2306
AUROPHARMA,2026-02-24,1190.0,33.0,83050.0,91300.0,42.05,47300.0,27500.0,1171.0,1185.0,1152.3,-0.094,2026-02-02 23:54,-2015
AUROPHARMA,2026-02-24,1200.0,28.6,715550.0,580250.0,47.8,524700.0,49500.0,1171.0,1185.0,1152.3,-0.094,2026-02-02 23:54,-1926
AUROPHARMA,2026-02-24,1210.0,24.05,67100.0,38500.0,53.75,54450.0,5500.0,1171.0,1185.0,1152.3,-0.094,2026-02-02 23:54,-1134
AUROPHARMA,2026-02-24,1220.0,21.05,216700.0,213950.0,65.25,31350.0,6050.0,1171.0,1185.0,1152.3,-0.094,2026-02-02 23:54,109
AUROPHARMA,2026-02-24,1230.0,17.8,13750.0,13200.0,74.75,4400.0,4400.0,1171.0,1185.0,1152.3,-0.094,2026-02-02 23:54,1985
AUROPHARMA,2026-02-24,1240.0,15.5,178750.0,193050.0,92.3,17050.0,2200.0,1171.0,1185.0,1152.3,-0.094,2026-02-02 23:54,3618
AUROPHARMA,2026-02-24,1250.0,13.25,334950.0,137500.0,96.7,1650.0,2200.0,1171.0,1185.0,1152.3,-0.094,2026-02-02 23:54,5575
AUROPHARMA,2026-02-24,1260.0,9.75,56100.0,11000.0,87.25,1650.0,0.0,1171.0,1185.0,1152.3,-0.094,2026-02-02 23:54,8177
AUROPHARMA,2026-02-24,1270.0,8.4,10450.0,1100.0,84.1,1100.0,0.0,1171.0,1185.0,1152.3,-0.094,2026-02-02 23:54,10449
AUROPHARMA,2026-02-24,1280.0,7.0,91850.0,119350.0,128.0,64350.0,550.0,1171.0,1185.0,1152.3,-0.094,2026-02-02 23:54,12692
AUROPHARMA,2026-02-24,1290.0,6.65,99550.0,14300.0,0.0,0.0,0.0,1171.0,1185.0,1152.3,-0.094,2026-02-02 23:54,14333
AUROPHARMA,2026-02-24,1300.0,5.8,297550.0,315700.0,120.0,33550.0,0.0,1171.0,1185.0,1152.3,-0.094,2026-02-02 23:54,16898
AUROPHARMA,2026-02-24,1310.0,6.6,550.0,0.0,0.0,0.0,0.0,1171.0,1185.0,1152.3,-0.094,2026-02-02 23:54,19498
AUROPHARMA,2026-02-24,1320.0,4.15,22550.0,41250.0,154.0,2200.0,550.0,1171.0,1185.0,1152.3,-0.094,2026-02-02 23:54,22330
AUROPHARMA,2026-02-24,1330.0,4.55,3300.0,550.0,0.0,0.0,0.0,1171.0,1185.0,1152.3,-0.094,2026-02-02 23:54,25161
AUROPHARMA,2026-02-24,1340.0,3.05,88550.0,77000.0,210.0,1100.0,0.0,1171.0,1185.0,1152.3,-0.094,2026-02-02 23:54,28021
AUROPHARMA,2026-02-24,1350.0,2.55,14850.0,2200.0,211.3,1100.0,0.0,1171.0,1185.0,1152.3,-0.094,2026-02-02 23:54,30974
AUROPHARMA,2026-02-24,1360.0,2.35,108350.0,61600.0,220.75,1100.0,0.0,1171.0,1185.0,1152.3,-0.094,2026-02-02 23:54,33919
AUROPHARMA,2026-02-24,1370.0,0.0,0.0,0.0,0.0,0.0,0.0,1171.0,1185.0,1152.3,-0.094,2026-02-02 23:54,36994
AUROPHARMA,2026-02-24,1380.0,1.65,3850.0,3850.0,0.0,0.0,0.0,1171.0,1185.0,1152.3,-0.094,2026-02-02 23:54,40068
AUROPHARMA,2026-02-24,1400.0,0.0,0.0,0.0,259.55,1100.0,0.0,1171.0,1185.0,1152.3,-0.094,2026-02-02 23:54,46224
AUROPHARMA,2026-02-24,1420.0,0.0,0.0,0.0,278.9,1100.0,0.0,1171.0,1185.0,1152.3,-0.094,2026-02-02 23:54,52353
AUBANK,2026-02-24,820.0,0.0,0.0,0.0,1.15,141000.0,72000.0,965.2,977.35,950.45,-1.47,2026-02-02 23:54,39543
AUBANK,2026-02-24,840.0,146.5,45000.0,0.0,1.7,80000.0,67000.0,965.2,977.35,950.45,-1.47,2026-02-02 23:54,31999
AUBANK,2026-02-24,860.0,108.65,14000.0,0.0,2.55,120000.0,85000.0,965.2,977.35,950.45,-1.47,2026-02-02 23:54,25367
AUBANK,2026-02-24,870.0,0.0,0.0,0.0,2.75,49000.0,0.0,965.2,977.35,950.45,-1.47,2026-02-02 23:54,21983
AUBANK,2026-02-24,880.0,0.0,0.0,0.0,3.8,112000.0,148000.0,965.2,977.35,950.45,-1.47,2026-02-02 23:54,18514
AUBANK,2026-02-24,890.0,0.0,0.0,0.0,4.65,49000.0,74000.0,965.2,977.35,950.45,-1.47,2026-02-02 23:54,15127
AUBANK,2026-02-24,900.0,92.0,11000.0,0.0,5.95,226000.0,480000.0,965.2,977.35,950.45,-1.47,2026-02-02 23:54,11809
AUBANK,2026-02-24,910.0,106.0,4000.0,0.0,7.7,109000.0,224000.0,965.2,977.35,950.45,-1.47,2026-02-02 23:54,8718
AUBANK,2026-02-24,920.0,61.5,33000.0,0.0,9.25,149000.0,117000.0,965.2,977.35,950.45,-1.47,2026-02-02 23:54,5731
AUBANK,2026-02-24,930.0,50.0,14000.0,23000.0,11.5,179000.0,373000.0,965.2,977.35,950.45,-1.47,2026-02-02 23:54,3034
AUBANK,2026-02-24,940.0,40.15,39000.0,52000.0,14.7,194000.0,253000.0,965.2,977.35,950.45,-1.47,2026-02-02 23:54,328
AUBANK,2026-02-24,950.0,35.5,285000.0,226000.0,17.95,1221000.0,1423000.0,965.2,977.35,950.45,-1.47,2026-02-02 23:54,-2137
AUBANK,2026-02-24,960.0,30.0,253000.0,419000.0,22.2,208000.0,394000.0,965.2,977.35,950.45,-1.47,2026-02-02 23:54,-4148
AUBANK,2026-02-24,970.0,24.75,418000.0,1200000.0,26.7,297000.0,519000.0,965.2,977.35,950.45,-1.47,2026-02-02 23:54,-4221
AUBANK,2026-02-24,980.0,20.35,359000.0,721000.0,32.2,252000.0,292000.0,965.2,977.35,950.45,-1.47,2026-02-02 23:54,-3634
AUBANK,2026-02-24,990.0,16.8,455000.0,481000.0,39.25,113000.0,67000.0,965.2,977.35,950.45,-1.47,2026-02-02 23:54,-2759
AUBANK,2026-02-24,1000.0,13.8,808000.0,1916000.0,45.45,204000.0,214000.0,965.2,977.35,950.45,-1.47,2026-02-02 23:54,-914
AUBANK,2026-02-24,1010.0,11.0,177000.0,197000.0,63.85,76000.0,16000.0,965.2,977.35,950.45,-1.47,2026-02-02 23:54,1809
AUBANK,2026-02-24,1020.0,9.0,284000.0,306000.0,63.25,49000.0,23000.0,965.2,977.35,950.45,-1.47,2026-02-02 23:54,4307
AUBANK,2026-02-24,1030.0,7.3,179000.0,180000.0,55.75,23000.0,0.0,965.2,977.35,950.45,-1.47,2026-02-02 23:54,7375
AUBANK,2026-02-24,1040.0,5.95,113000.0,205000.0,78.0,12000.0,5000.0,965.2,977.35,950.45,-1.47,2026-02-02 23:54,10701
AUBANK,2026-02-24,1050.0,5.0,439000.0,361000.0,75.25,22000.0,0.0,965.2,977.35,950.45,-1.47,2026-02-02 23:54,14124
AUBANK,2026-02-24,1060.0,4.0,177000.0,145000.0,94.5,2000.0,0.0,965.2,977.35,950.45,-1.47,2026-02-02 23:54,18088
AUBANK,2026-02-24,1070.0,3.35,274000.0,428000.0,89.55,2000.0,0.0,965.2,977.35,950.45,-1.47,2026-02-02 23:54,22229
AUBANK,2026-02-24,1080.0,2.65,132000.0,91000.0,106.25,1000.0,0.0,965.2,977.35,950.45,-1.47,2026-02-02 23:54,26668
AUBANK,2026-02-24,1090.0,2.35,56000.0,52000.0,107.35,2000.0,0.0,965.2,977.35,950.45,-1.47,2026-02-02 23:54,31190
AUBANK,2026-02-24,1100.0,2.0,429000.0,484000.0,149.05,2000.0,0.0,965.2,977.35,950.45,-1.47,2026-02-02 23:54,35738
AUBANK,2026-02-24,1110.0,0.0,0.0,0.0,126.95,2000.0,0.0,965.2,977.35,950.45,-1.47,2026-02-02 23:54,40781
AUBANK,2026-02-24,1120.0,1.55,117000.0,31000.0,129.0,9000.0,0.0,965.2,977.35,950.45,-1.47,2026-02-02 23:54,45744
AUBANK,2026-02-24,1130.0,1.35,99000.0,35000.0,0.0,0.0,0.0,965.2,977.35,950.45,-1.47,2026-02-02 23:54,50761
AUBANK,2026-02-24,1140.0,1.15,178000.0,124000.0,0.0,0.0,0.0,965.2,977.35,950.45,-1.47,2026-02-02 23:54,55989
AUBANK,2026-02-24,1150.0,1.2,3000.0,0.0,0.0,0.0,0.0,965.2,977.35,950.45,-1.47,2026-02-02 23:54,61401
AUBANK,2026-02-24,1160.0,0.95,208000.0,59000.0,0.0,0.0,0.0,965.2,977.35,950.45,-1.47,2026-02-02 23:54,66797
AUBANK,2026-02-24,1170.0,2.2,1000.0,0.0,0.0,0.0,0.0,965.2,977.35,950.45,-1.47,2026-02-02 23:54,72419
AXISBANK,2026-02-24,1060.0,0.0,0.0,0.0,0.45,1250.0,0.0,1311.5,1352.7,1302.9,-2.156,2026-02-02 23:54,252847
AXISBANK,2026-02-24,1080.0,0.0,0.0,0.0,0.5,22500.0,7500.0,1311.5,1352.7,1302.9,-2.156,2026-02-02 23:54,227400
AXISBANK,2026-02-24,1100.0,212.25,27500.0,23750.0,0.7,168125.0,83125.0,1311.5,1352.7,1302.9,-2.156,2026-02-02 23:54,201998
AXISBANK,2026-02-24,1120.0,222.7,0.0,1875.0,0.55,73125.0,625.0,1311.5,1352.7,1302.9,-2.156,2026-02-02 23:54,177560
AXISBANK,2026-02-24,1140.0,0.0,0.0,0.0,0.75,78125.0,44375.0,1311.5,1352.7,1302.9,-2.156,2026-02-02 23:54,152692
AXISBANK,2026-02-24,1150.0,186.0,15625.0,0.0,1.1,281250.0,103750.0,1311.5,1352.7,1302.9,-2.156,2026-02-02 23:54,140333
AXISBANK,2026-02-24,1160.0,162.65,9375.0,0.0,1.2,112500.0,150625.0,1311.5,1352.7,1302.9,-2.156,2026-02-02 23:54,128535
AXISBANK,2026-02-24,1170.0,153.35,4375.0,0.0,1.6,70000.0,41250.0,1311.5,1352.7,1302.9,-2.156,2026-02-02 23:54,116739
AXISBANK,2026-02-24,1180.0,143.95,1875.0,0.0,1.85,436875.0,279375.0,1311.5,1352.7,1302.9,-2.156,2026-02-02 23:54,104935
AXISBANK,2026-02-24,1190.0,99.35,625.0,0.0,2.2,96875.0,165000.0,1311.5,1352.7,1302.9,-2.156,2026-02-02 23:54,93459
AXISBANK,2026-02-24,1200.0,119.35,121250.0,38750.0,3.0,820000.0,1237500.0,1311.5,1352.7,1302.9,-2.156,2026-02-02 23:54,82119
AXISBANK,2026-02-24,1210.0,80.8,1250.0,0.0,3.65,47500.0,176250.0,1311.5,1352.7,1302.9,-2.156,2026-02-02 23:54,72937
AXISBANK,2026-02-24,1220.0,101.0,39375.0,1875.0,4.7,225000.0,220625.0,1311.5,1352.7,1302.9,-2.156,2026-02-02 23:54,62596
AXISBANK,2026-02-24,1230.0,94.6,2500.0,0.0,5.4,586875.0,246250.0,1311.5,1352.7,1302.9,-2.156,2026-02-02 23:54,52818
AXISBANK,2026-02-24,1240.0,110.6,70625.0,0.0,6.75,533125.0,466250.0,1311.5,1352.7,1302.9,-2.156,2026-02-02 23:54,43044
AXISBANK,2026-02-24,1250.0,75.95,165000.0,31875.0,8.1,1031250.0,1501250.0,1311.5,1352.7,1302.9,-2.156,2026-02-02 23:54,34588
AXISBANK,2026-02-24,1260.0,66.2,175625.0,24375.0,9.6,407500.0,503750.0,1311.5,1352.7,1302.9,-2.156,2026-02-02 23:54,27326
AXISBANK,2026-02-24,1270.0,57.55,111250.0,14375.0,11.7,345625.0,649375.0,1311.5,1352.7,1302.9,-2.156,2026-02-02 23:54,20999
AXISBANK,2026-02-24,1280.0,50.25,96875.0,79375.0,13.95,410625.0,1431250.0,1311.5,1352.7,1302.9,-2.156,2026-02-02 23:54,14595
AXISBANK,2026-02-24,1290.0,41.85,101875.0,73125.0,16.5,686250.0,857500.0,1311.5,1352.7,1302.9,-2.156,2026-02-02 23:54,8376
AXISBANK,2026-02-24,1300.0,35.7,1900000.0,2007500.0,20.05,1311875.0,4840000.0,1311.5,1352.7,1302.9,-2.156,2026-02-02 23:54,2325
AXISBANK,2026-02-24,1310.0,29.8,237500.0,1021250.0,23.9,471875.0,1939375.0,1311.5,1352.7,1302.9,-2.156,2026-02-02 23:54,4344
AXISBANK,2026-02-24,1320.0,24.3,1043125.0,2650000.0,28.1,1303750.0,4587500.0,1311.5,1352.7,1302.9,-2.156,2026-02-02 23:54,2500
AXISBANK,2026-02-24,1330.0,19.25,1177500.0,3208125.0,33.15,513750.0,2528125.0,1311.5,1352.7,1302.9,-2.156,2026-02-02 23:54,2295
AXISBANK,2026-02-24,1340.0,15.15,1392500.0,4424375.0,39.35,448750.0,2449375.0,1311.5,1352.7,1302.9,-2.156,2026-02-02 23:54,5473
AXISBANK,2026-02-24,1350.0,11.8,1650000.0,5957500.0,45.45,436250.0,1530000.0,1311.5,1352.7,1302.9,-2.156,2026-02-02 23:54,10272
AXISBANK,2026-02-24,1360.0,9.0,1003750.0,3741875.0,53.05,416250.0,715000.0,1311.5,1352.7,1302.9,-2.156,2026-02-02 23:54,16778
AXISBANK,2026-02-24,1370.0,7.05,1726250.0,3171875.0,59.1,338750.0,296250.0,1311.5,1352.7,1302.9,-2.156,2026-02-02 23:54,23435
AXISBANK,2026-02-24,1380.0,5.35,2934375.0,4612500.0,66.9,381875.0,293125.0,1311.5,1352.7,1302.9,-2.156,2026-02-02 23:54,32677
AXISBANK,2026-02-24,1390.0,4.25,796250.0,1795000.0,75.95,108125.0,94375.0,1311.5,1352.7,1302.9,-2.156,2026-02-02 23:54,45035
AXISBANK,2026-02-24,1400.0,3.5,2281875.0,5025000.0,85.45,350000.0,484375.0,1311.5,1352.7,1302.9,-2.156,2026-02-02 23:54,58800
AXISBANK,2026-02-24,1410.0,2.85,907500.0,1359375.0,92.2,3750.0,5000.0,1311.5,1352.7,1302.9,-2.156,2026-02-02 23:54,73487
AXISBANK,2026-02-24,1420.0,2.3,673750.0,1483125.0,85.0,26250.0,0.0,1311.5,1352.7,1302.9,-2.156,2026-02-02 23:54,91502
AXISBANK,2026-02-24,1430.0,1.85,266250.0,817500.0,93.25,106250.0,0.0,1311.5,1352.7,1302.9,-2.156,2026-02-02 23:54,109925
AXISBANK,2026-02-24,1440.0,1.65,436250.0,943750.0,121.05,67500.0,13750.0,1311.5,1352.7,1302.9,-2.156,2026-02-02 23:54,127846
AXISBANK,2026-02-24,1450.0,1.4,466250.0,1046875.0,83.9,3125.0,0.0,1311.5,1352.7,1302.9,-2.156,2026-02-02 23:54,146468
AXISBANK,2026-02-24,1460.0,1.1,550000.0,488125.0,119.0,1875.0,0.0,1311.5,1352.7,1302.9,-2.156,2026-02-02 23:54,166343
AXISBANK,2026-02-24,1470.0,0.95,239375.0,386250.0,0.0,0.0,0.0,1311.5,1352.7,1302.9,-2.156,2026-02-02 23:54,186770
AXISBANK,2026-02-24,1480.0,0.9,233125.0,268750.0,118.0,0.0,0.0,1311.5,1352.7,1302.9,-2.156,2026-02-02 23:54,207420
AXISBANK,2026-02-24,1490.0,1.3,0.0,625.0,0.0,0.0,0.0,1311.5,1352.7,1302.9,-2.156,2026-02-02 23:54,228301
AXISBANK,2026-02-24,1500.0,0.75,865000.0,1040000.0,0.0,0.0,0.0,1311.5,1352.7,1302.9,-2.156,2026-02-02 23:54,249162
AXISBANK,2026-02-24,1520.0,0.5,871250.0,945625.0,0.0,0.0,0.0,1311.5,1352.7,1302.9,-2.156,2026-02-02 23:54,292678
AXISBANK,2026-02-24,1540.0,0.35,409375.0,716250.0,0.0,0.0,0.0,1311.5,1352.7,1302.9,-2.156,2026-02-02 23:54,337916
AXISBANK,2026-02-24,1560.0,0.35,28125.0,34375.0,0.0,0.0,0.0,1311.5,1352.7,1302.9,-2.156,2026-02-02 23:54,383942
AXISBANK,2026-02-24,1580.0,0.0,0.0,0.0,0.0,0.0,0.0,1311.5,1352.7,1302.9,-2.156,2026-02-02 23:54,430012
BAJAJ-AUTO,2026-02-24,7600.0,0.0,0.0,0.0,3.5,3825.0,450.0,9496.5,9523.0,9250.5,-0.032,2026-02-02 23:54,94173
BAJAJ-AUTO,2026-02-24,7800.0,1400.0,75.0,0.0,4.0,19200.0,5475.0,9496.5,9523.0,9250.5,-0.032,2026-02-02 23:54,78767
BAJAJ-AUTO,2026-02-24,8000.0,1530.0,75.0,0.0,6.6,67950.0,59175.0,9496.5,9523.0,9250.5,-0.032,2026-02-02 23:54,63750
BAJAJ-AUTO,2026-02-24,8200.0,0.0,0.0,0.0,9.95,24750.0,24600.0,9496.5,9523.0,9250.5,-0.032,2026-02-02 23:54,50058
BAJAJ-AUTO,2026-02-24,8300.0,0.0,0.0,0.0,13.05,15600.0,17850.0,9496.5,9523.0,9250.5,-0.032,2026-02-02 23:54,43451
BAJAJ-AUTO,2026-02-24,8400.0,0.0,0.0,0.0,16.05,10125.0,17400.0,9496.5,9523.0,9250.5,-0.032,2026-02-02 23:54,37005
BAJAJ-AUTO,2026-02-24,8500.0,1040.0,1275.0,0.0,19.25,24600.0,40800.0,9496.5,9523.0,9250.5,-0.032,2026-02-02 23:54,30664
BAJAJ-AUTO,2026-02-24,8600.0,910.4,825.0,750.0,23.75,13350.0,37425.0,9496.5,9523.0,9250.5,-0.032,2026-02-02 23:54,24683
BAJAJ-AUTO,2026-02-24,8700.0,934.0,1275.0,0.0,29.95,30000.0,34950.0,9496.5,9523.0,9250.5,-0.032,2026-02-02 23:54,18802
BAJAJ-AUTO,2026-02-24,8800.0,800.0,450.0,0.0,37.8,101475.0,109125.0,9496.5,9523.0,9250.5,-0.032,2026-02-02 23:54,13220
BAJAJ-AUTO,2026-02-24,8900.0,747.3,225.0,0.0,49.05,28275.0,59325.0,9496.5,9523.0,9250.5,-0.032,2026-02-02 23:54,8280
BAJAJ-AUTO,2026-02-24,9000.0,552.9,13350.0,3975.0,62.6,70950.0,223650.0,9496.5,9523.0,9250.5,-0.032,2026-02-02 23:54,3851
BAJAJ-AUTO,2026-02-24,9100.0,505.0,1875.0,0.0,80.35,35475.0,77325.0,9496.5,9523.0,9250.5,-0.032,2026-02-02 23:54,681
BAJAJ-AUTO,2026-02-24,9200.0,401.05,12750.0,19575.0,103.6,47850.0,113925.0,9496.5,9523.0,9250.5,-0.032,2026-02-02 23:54,-2599
BAJAJ-AUTO,2026-02-24,9300.0,320.25,31650.0,175950.0,132.5,58950.0,189150.0,9496.5,9523.0,9250.5,-0.032,2026-02-02 23:54,-5068
BAJAJ-AUTO,2026-02-24,9400.0,258.4,48900.0,304800.0,168.0,44400.0,139800.0,9496.5,9523.0,9250.5,-0.032,2026-02-02 23:54,-6415
BAJAJ-AUTO,2026-02-24,9500.0,206.7,102975.0,421650.0,217.15,88275.0,112500.0,9496.5,9523.0,9250.5,-0.032,2026-02-02 23:54,-6543
BAJAJ-AUTO,2026-02-24,9600.0,160.6,123675.0,314700.0,267.6,27000.0,24225.0,9496.5,9523.0,9250.5,-0.032,2026-02-02 23:54,-5064
BAJAJ-AUTO,2026-02-24,9700.0,121.5,94575.0,234000.0,331.1,13500.0,4500.0,9496.5,9523.0,9250.5,-0.032,2026-02-02 23:54,-1027
BAJAJ-AUTO,2026-02-24,9800.0,93.15,107700.0,294975.0,408.0,13650.0,2850.0,9496.5,9523.0,9250.5,-0.032,2026-02-02 23:54,3528
BAJAJ-AUTO,2026-02-24,9900.0,70.65,95625.0,173100.0,478.95,6750.0,675.0,9496.5,9523.0,9250.5,-0.032,2026-02-02 23:54,9042
BAJAJ-AUTO,2026-02-24,10000.0,54.75,182625.0,544200.0,553.05,17925.0,5625.0,9496.5,9523.0,9250.5,-0.032,2026-02-02 23:54,15486
BAJAJ-AUTO,2026-02-24,10100.0,39.8,61125.0,79875.0,571.75,300.0,0.0,9496.5,9523.0,9250.5,-0.032,2026-02-02 23:54,23592
BAJAJ-AUTO,2026-02-24,10200.0,30.4,42975.0,99225.0,0.0,0.0,0.0,9496.5,9523.0,9250.5,-0.032,2026-02-02 23:54,32529
BAJAJ-AUTO,2026-02-24,10300.0,23.45,31350.0,76800.0,0.0,0.0,0.0,9496.5,9523.0,9250.5,-0.032,2026-02-02 23:54,41801
BAJAJ-AUTO,2026-02-24,10400.0,18.05,36450.0,57000.0,1180.0,225.0,0.0,9496.5,9523.0,9250.5,-0.032,2026-02-02 23:54,51329
BAJAJ-AUTO,2026-02-24,10500.0,14.6,76500.0,127500.0,840.0,9225.0,0.0,9496.5,9523.0,9250.5,-0.032,2026-02-02 23:54,61189
BAJAJ-AUTO,2026-02-24,10600.0,11.95,23700.0,50775.0,1300.0,300.0,0.0,9496.5,9523.0,9250.5,-0.032,2026-02-02 23:54,71204
BAJAJ-AUTO,2026-02-24,10700.0,8.65,44400.0,56175.0,0.0,0.0,0.0,9496.5,9523.0,9250.5,-0.032,2026-02-02 23:54,82112
BAJAJ-AUTO,2026-02-24,10800.0,7.35,21900.0,21075.0,0.0,0.0,0.0,9496.5,9523.0,9250.5,-0.032,2026-02-02 23:54,93513
BAJAJ-AUTO,2026-02-24,11000.0,5.35,141675.0,81000.0,1555.0,150.0,75.0,9496.5,9523.0,9250.5,-0.032,2026-02-02 23:54,116692
BAJAJ-AUTO,2026-02-24,11200.0,3.75,28500.0,17550.0,0.0,0.0,0.0,9496.5,9523.0,9250.5,-0.032,2026-02-02 23:54,142744
BAJAJFINSV,2026-02-24,1600.0,313.0,3000.0,3750.0,1.25,250.0,500.0,1930.1,1937.1,1876.6,1.116,2026-02-02 23:54,74515
BAJAJFINSV,2026-02-24,1640.0,0.0,0.0,0.0,1.6,80000.0,49000.0,1930.1,1937.1,1876.6,1.116,2026-02-02 23:54,61542
BAJAJFINSV,2026-02-24,1680.0,232.85,31750.0,750.0,2.35,705000.0,360500.0,1930.1,1937.1,1876.6,1.116,2026-02-02 23:54,48782
BAJAJFINSV,2026-02-24,1700.0,0.0,0.0,0.0,3.35,4750.0,9500.0,1930.1,1937.1,1876.6,1.116,2026-02-02 23:54,44456
BAJAJFINSV,2026-02-24,1720.0,219.3,3250.0,7250.0,4.4,149500.0,235750.0,1930.1,1937.1,1876.6,1.116,2026-02-02 23:54,39564
BAJAJFINSV,2026-02-24,1740.0,0.0,0.0,0.0,5.95,45500.0,66750.0,1930.1,1937.1,1876.6,1.116,2026-02-02 23:54,34984
BAJAJFINSV,2026-02-24,1760.0,163.25,500.0,1000.0,7.65,42000.0,88500.0,1930.1,1937.1,1876.6,1.116,2026-02-02 23:54,30463
BAJAJFINSV,2026-02-24,1780.0,164.9,2000.0,3000.0,10.0,33000.0,29750.0,1930.1,1937.1,1876.6,1.116,2026-02-02 23:54,26030
BAJAJFINSV,2026-02-24,1800.0,147.8,13750.0,1000.0,12.5,296250.0,235750.0,1930.1,1937.1,1876.6,1.116,2026-02-02 23:54,21691
BAJAJFINSV,2026-02-24,1820.0,119.15,2750.0,1250.0,15.9,345750.0,56750.0,1930.1,1937.1,1876.6,1.116,2026-02-02 23:54,17805
BAJAJFINSV,2026-02-24,1840.0,94.8,5750.0,5500.0,19.5,89750.0,68250.0,1930.1,1937.1,1876.6,1.116,2026-02-02 23:54,14266
BAJAJFINSV,2026-02-24,1860.0,94.0,4000.0,6000.0,23.8,64250.0,81000.0,1930.1,1937.1,1876.6,1.116,2026-02-02 23:54,11315
BAJAJFINSV,2026-02-24,1880.0,84.9,19500.0,66750.0,29.6,60500.0,79750.0,1930.1,1937.1,1876.6,1.116,2026-02-02 23:54,8505
BAJAJFINSV,2026-02-24,1900.0,71.0,98500.0,326250.0,36.0,263250.0,352250.0,1930.1,1937.1,1876.6,1.116,2026-02-02 23:54,5957
BAJAJFINSV,2026-02-24,1920.0,58.9,106500.0,235250.0,44.7,101750.0,119000.0,1930.1,1937.1,1876.6,1.116,2026-02-02 23:54,3898
BAJAJFINSV,2026-02-24,1940.0,47.95,257000.0,236500.0,53.55,154000.0,53250.0,1930.1,1937.1,1876.6,1.116,2026-02-02 23:54,2676
BAJAJFINSV,2026-02-24,1960.0,38.9,333500.0,257250.0,64.0,166750.0,87000.0,1930.1,1937.1,1876.6,1.116,2026-02-02 23:54,2511
BAJAJFINSV,2026-02-24,1980.0,30.65,430750.0,602500.0,74.3,92000.0,16750.0,1930.1,1937.1,1876.6,1.116,2026-02-02 23:54,3169
BAJAJFINSV,2026-02-24,2000.0,23.9,646500.0,689500.0,86.85,141750.0,19500.0,1930.1,1937.1,1876.6,1.116,2026-02-02 23:54,5279
BAJAJFINSV,2026-02-24,2020.0,19.0,64500.0,54750.0,101.85,70250.0,11750.0,1930.1,1937.1,1876.6,1.116,2026-02-02 23:54,8643
BAJAJFINSV,2026-02-24,2040.0,14.35,113500.0,135750.0,118.4,104750.0,15000.0,1930.1,1937.1,1876.6,1.116,2026-02-02 23:54,11370
BAJAJFINSV,2026-02-24,2060.0,10.75,131000.0,255000.0,133.05,26750.0,0.0,1930.1,1937.1,1876.6,1.116,2026-02-02 23:54,14048
BAJAJFINSV,2026-02-24,2080.0,8.0,85750.0,105000.0,144.7,3250.0,0.0,1930.1,1937.1,1876.6,1.116,2026-02-02 23:54,17905
BAJAJFINSV,2026-02-24,2100.0,6.15,258500.0,326000.0,194.85,84500.0,0.0,1930.1,1937.1,1876.6,1.116,2026-02-02 23:54,22176
BAJAJFINSV,2026-02-24,2120.0,4.65,57500.0,56750.0,79.2,250.0,0.0,1930.1,1937.1,1876.6,1.116,2026-02-02 23:54,25624
BAJAJFINSV,2026-02-24,2140.0,3.8,31750.0,15750.0,162.3,6750.0,0.0,1930.1,1937.1,1876.6,1.116,2026-02-02 23:54,30700
BAJAJFINSV,2026-02-24,2160.0,2.85,85500.0,83000.0,157.3,1250.0,0.0,1930.1,1937.1,1876.6,1.116,2026-02-02 23:54,35730
BAJAJFINSV,2026-02-24,2180.0,2.1,30250.0,9250.0,234.2,250.0,0.0,1930.1,1937.1,1876.6,1.116,2026-02-02 23:54,41036
BAJAJFINSV,2026-02-24,2200.0,1.5,487250.0,424250.0,267.0,49750.0,750.0,1930.1,1937.1,1876.6,1.116,2026-02-02 23:54,46399
BAJAJFINSV,2026-02-24,2220.0,1.25,193250.0,13000.0,268.55,250.0,0.0,1930.1,1937.1,1876.6,1.116,2026-02-02 23:54,51581
BAJAJFINSV,2026-02-24,2240.0,0.5,62750.0,9250.0,327.7,10500.0,250.0,1930.1,1937.1,1876.6,1.116,2026-02-02 23:54,58421
BAJAJFINSV,2026-02-24,2280.0,0.65,39250.0,13000.0,339.8,12500.0,0.0,1930.1,1937.1,1876.6,1.116,2026-02-02 23:54,72021
BAJAJFINSV,2026-02-24,2320.0,0.3,13500.0,750.0,0.0,0.0,0.0,1930.1,1937.1,1876.6,1.116,2026-02-02 23:54,85745
BAJAJFINSV,2026-02-24,2360.0,0.0,0.0,0.0,399.0,1250.0,0.0,1930.1,1937.1,1876.6,1.116,2026-02-02 23:54,99947
BAJAJFINSV,2026-02-24,2400.0,0.0,0.0,0.0,439.0,61750.0,0.0,1930.1,1937.1,1876.6,1.116,2026-02-02 23:54,114103
BAJAJHLDNG,2026-02-24,9000.0,0.0,0.0,0.0,26.0,2450.0,32400.0,10661.0,10697.0,10400.0,1.331,2026-02-02 23:54,2913
BAJAJHLDNG,2026-02-24,9200.0,0.0,0.0,0.0,30.0,100.0,0.0,10661.0,10697.0,10400.0,1.331,2026-02-02 23:54,2314
BAJAJHLDNG,2026-02-24,9400.0,0.0,0.0,0.0,83.1,100.0,0.0,10661.0,10697.0,10400.0,1.331,2026-02-02 23:54,1724
BAJAJHLDNG,2026-02-24,9500.0,0.0,0.0,0.0,0.0,0.0,0.0,10661.0,10697.0,10400.0,1.331,2026-02-02 23:54,1429
BAJAJHLDNG,2026-02-24,9600.0,0.0,0.0,0.0,0.0,0.0,0.0,10661.0,10697.0,10400.0,1.331,2026-02-02 23:54,1135
BAJAJHLDNG,2026-02-24,9700.0,0.0,0.0,0.0,0.0,0.0,0.0,10661.0,10697.0,10400.0,1.331,2026-02-02 23:54,841
BAJAJHLDNG,2026-02-24,9800.0,968.6,50.0,0.0,75.0,300.0,50.0,10661.0,10697.0,10400.0,1.331,2026-02-02 23:54,547
BAJAJHLDNG,2026-02-24,9900.0,0.0,0.0,0.0,0.0,0.0,0.0,10661.0,10697.0,10400.0,1.331,2026-02-02 23:54,259
BAJAJHLDNG,2026-02-24,10000.0,720.95,150.0,300.0,107.0,7450.0,3600.0,10661.0,10697.0,10400.0,1.331,2026-02-02 23:54,-30
BAJAJHLDNG,2026-02-24,10100.0,712.85,50.0,0.0,160.0,1250.0,0.0,10661.0,10697.0,10400.0,1.331,2026-02-02 23:54,-314
BAJAJHLDNG,2026-02-24,10200.0,642.7,50.0,0.0,145.0,1500.0,450.0,10661.0,10697.0,10400.0,1.331,2026-02-02 23:54,-532
BAJAJHLDNG,2026-02-24,10300.0,577.6,50.0,0.0,197.55,350.0,0.0,10661.0,10697.0,10400.0,1.331,2026-02-02 23:54,-736
BAJAJHLDNG,2026-02-24,10400.0,0.0,0.0,0.0,210.0,650.0,0.0,10661.0,10697.0,10400.0,1.331,2026-02-02 23:54,-922
BAJAJHLDNG,2026-02-24,10500.0,427.0,7200.0,9800.0,232.0,9900.0,5700.0,10661.0,10697.0,10400.0,1.331,2026-02-02 23:54,-1111
BAJAJHLDNG,2026-02-24,10600.0,369.55,1400.0,950.0,0.0,0.0,0.0,10661.0,10697.0,10400.0,1.331,2026-02-02 23:54,-1038
BAJAJHLDNG,2026-02-24,10700.0,305.0,1650.0,1800.0,381.9,1600.0,200.0,10661.0,10697.0,10400.0,1.331,2026-02-02 23:54,-977
BAJAJHLDNG,2026-02-24,10800.0,279.75,1350.0,0.0,438.8,200.0,200.0,10661.0,10697.0,10400.0,1.331,2026-02-02 23:54,-946
BAJAJHLDNG,2026-02-24,10900.0,345.55,950.0,0.0,494.15,4600.0,0.0,10661.0,10697.0,10400.0,1.331,2026-02-02 23:54,-859
BAJAJHLDNG,2026-02-24,11000.0,197.9,34550.0,16750.0,660.8,600.0,300.0,10661.0,10697.0,10400.0,1.331,2026-02-02 23:54,-941
BAJAJHLDNG,2026-02-24,11100.0,0.0,0.0,0.0,0.0,0.0,0.0,10661.0,10697.0,10400.0,1.331,2026-02-02 23:54,167
BAJAJHLDNG,2026-02-24,11200.0,120.15,800.0,150.0,657.6,150.0,0.0,10661.0,10697.0,10400.0,1.331,2026-02-02 23:54,632
BAJAJHLDNG,2026-02-24,11300.0,79.0,650.0,400.0,840.0,450.0,0.0,10661.0,10697.0,10400.0,1.331,2026-02-02 23:54,1105
BAJAJHLDNG,2026-02-24,11400.0,221.1,650.0,0.0,0.0,0.0,0.0,10661.0,10697.0,10400.0,1.331,2026-02-02 23:54,1558
BAJAJHLDNG,2026-02-24,11500.0,82.8,6600.0,5300.0,976.2,350.0,0.0,10661.0,10697.0,10400.0,1.331,2026-02-02 23:54,2064
BAJAJHLDNG,2026-02-24,11600.0,0.0,0.0,0.0,0.0,0.0,0.0,10661.0,10697.0,10400.0,1.331,2026-02-02 23:54,2645
BAJAJHLDNG,2026-02-24,11700.0,65.25,800.0,550.0,0.0,0.0,0.0,10661.0,10697.0,10400.0,1.331,2026-02-02 23:54,3206
BAJAJHLDNG,2026-02-24,11800.0,0.0,0.0,0.0,0.0,0.0,0.0,10661.0,10697.0,10400.0,1.331,2026-02-02 23:54,3780
BAJAJHLDNG,2026-02-24,11900.0,61.0,50.0,0.0,0.0,0.0,0.0,10661.0,10697.0,10400.0,1.331,2026-02-02 23:54,4349
BAJAJHLDNG,2026-02-24,12000.0,43.95,12150.0,6700.0,1450.0,50.0,0.0,10661.0,10697.0,10400.0,1.331,2026-02-02 23:54,4919
BAJAJHLDNG,2026-02-24,12200.0,0.0,0.0,0.0,0.0,0.0,0.0,10661.0,10697.0,10400.0,1.331,2026-02-02 23:54,6348
BAJAJHLDNG,2026-02-24,12400.0,28.8,3450.0,0.0,0.0,0.0,0.0,10661.0,10697.0,10400.0,1.331,2026-02-02 23:54,7731
BAJFINANCE,2026-02-24,740.0,0.0,0.0,0.0,0.0,0.0,0.0,903.7,909.4,887.0,0.15,2026-02-02 23:54,266605
BAJFINANCE,2026-02-24,760.0,0.0,0.0,0.0,0.85,916500.0,605250.0,903.7,909.4,887.0,0.15,2026-02-02 23:54,234109
BAJFINANCE,2026-02-24,780.0,0.0,0.0,0.0,1.5,533250.0,654000.0,903.7,909.4,887.0,0.15,2026-02-02 23:54,203368
BAJFINANCE,2026-02-24,800.0,110.3,33750.0,6750.0,2.75,773250.0,1128000.0,903.7,909.4,887.0,0.15,2026-02-02 23:54,173691
BAJFINANCE,2026-02-24,810.0,0.0,0.0,0.0,3.45,33750.0,78750.0,903.7,909.4,887.0,0.15,2026-02-02 23:54,159860
BAJFINANCE,2026-02-24,820.0,114.85,750.0,0.0,4.35,304500.0,469500.0,903.7,909.4,887.0,0.15,2026-02-02 23:54,145891
BAJFINANCE,2026-02-24,830.0,0.0,0.0,0.0,5.65,144750.0,239250.0,903.7,909.4,887.0,0.15,2026-02-02 23:54,132115
BAJFINANCE,2026-02-24,840.0,78.15,60750.0,35250.0,7.05,185250.0,402750.0,903.7,909.4,887.0,0.15,2026-02-02 23:54,118525
BAJFINANCE,2026-02-24,850.0,69.5,205500.0,757500.0,8.65,648000.0,1518000.0,903.7,909.4,887.0,0.15,2026-02-02 23:54,105608
BAJFINANCE,2026-02-24,860.0,60.9,25500.0,63000.0,10.95,618750.0,573750.0,903.7,909.4,887.0,0.15,2026-02-02 23:54,94068
BAJFINANCE,2026-02-24,870.0,54.6,60750.0,98250.0,13.3,655500.0,556500.0,903.7,909.4,887.0,0.15,2026-02-02 23:54,81782
BAJFINANCE,2026-02-24,880.0,47.95,144000.0,348750.0,16.4,362250.0,975750.0,903.7,909.4,887.0,0.15,2026-02-02 23:54,70194
BAJFINANCE,2026-02-24,890.0,41.0,249750.0,963000.0,19.55,584250.0,1479750.0,903.7,909.4,887.0,0.15,2026-02-02 23:54,59749
BAJFINANCE,2026-02-24,900.0,35.1,1077000.0,4032000.0,23.7,1685250.0,4233000.0,903.7,909.4,887.0,0.15,2026-02-02 23:54,49924
BAJFINANCE,2026-02-24,910.0,29.9,447000.0,2839500.0,28.35,517500.0,1292250.0,903.7,909.4,887.0,0.15,2026-02-02 23:54,42765
BAJFINANCE,2026-02-24,920.0,24.65,646500.0,2234250.0,32.8,1392750.0,594000.0,903.7,909.4,887.0,0.15,2026-02-02 23:54,36654
BAJFINANCE,2026-02-24,930.0,20.55,767250.0,1886250.0,38.85,722250.0,492750.0,903.7,909.4,887.0,0.15,2026-02-02 23:54,29738
BAJFINANCE,2026-02-24,940.0,16.65,1261500.0,2252250.0,44.55,837000.0,144000.0,903.7,909.4,887.0,0.15,2026-02-02 23:54,26057
BAJFINANCE,2026-02-24,950.0,13.25,2021250.0,2352750.0,52.1,1204500.0,102750.0,903.7,909.4,887.0,0.15,2026-02-02 23:54,24075
BAJFINANCE,2026-02-24,960.0,10.7,644250.0,741750.0,59.0,420000.0,75000.0,903.7,909.4,887.0,0.15,2026-02-02 23:54,23350
BAJFINANCE,2026-02-24,970.0,8.4,443250.0,497250.0,67.5,264000.0,25500.0,903.7,909.4,887.0,0.15,2026-02-02 23:54,25499
BAJFINANCE,2026-02-24,980.0,6.65,1042500.0,867750.0,74.8,477000.0,105000.0,903.7,909.4,887.0,0.15,2026-02-02 23:54,28733
BAJFINANCE,2026-02-24,990.0,5.2,248250.0,312000.0,83.6,186000.0,34500.0,903.7,909.4,887.0,0.15,2026-02-02 23:54,32022
BAJFINANCE,2026-02-24,1000.0,4.0,1772250.0,1950000.0,92.2,1002750.0,84000.0,903.7,909.4,887.0,0.15,2026-02-02 23:54,37194
BAJFINANCE,2026-02-24,1010.0,3.05,160500.0,340500.0,78.2,104250.0,0.0,903.7,909.4,887.0,0.15,2026-02-02 23:54,38030
BAJFINANCE,2026-02-24,1020.0,2.4,306750.0,356250.0,112.75,144000.0,18000.0,903.7,909.4,887.0,0.15,2026-02-02 23:54,46901
BAJFINANCE,2026-02-24,1030.0,1.9,233250.0,258000.0,94.55,53250.0,0.0,903.7,909.4,887.0,0.15,2026-02-02 23:54,55439
BAJFINANCE,2026-02-24,1040.0,1.6,188250.0,169500.0,107.95,48000.0,0.0,903.7,909.4,887.0,0.15,2026-02-02 23:54,65355
BAJFINANCE,2026-02-24,1050.0,1.3,486000.0,3825750.0,150.05,269250.0,54750.0,903.7,909.4,887.0,0.15,2026-02-02 23:54,75478
BAJFINANCE,2026-02-24,1060.0,1.0,226500.0,121500.0,137.0,47250.0,0.0,903.7,909.4,887.0,0.15,2026-02-02 23:54,82867
BAJFINANCE,2026-02-24,1070.0,0.8,153750.0,61500.0,131.95,277500.0,0.0,903.7,909.4,887.0,0.15,2026-02-02 23:54,93883
BAJFINANCE,2026-02-24,1080.0,0.75,259500.0,704250.0,76.5,750.0,0.0,903.7,909.4,887.0,0.15,2026-02-02 23:54,102305
BAJFINANCE,2026-02-24,1090.0,0.55,321000.0,129000.0,192.0,1500.0,750.0,903.7,909.4,887.0,0.15,2026-02-02 23:54,114650
BAJFINANCE,2026-02-24,1100.0,0.5,955500.0,203250.0,190.3,357000.0,12000.0,903.7,909.4,887.0,0.15,2026-02-02 23:54,127293
BAJFINANCE,2026-02-24,1120.0,0.3,377250.0,40500.0,195.0,9750.0,0.0,903.7,909.4,887.0,0.15,2026-02-02 23:54,148480
BAJFINANCE,2026-02-24,1140.0,0.35,42000.0,3750.0,215.0,3000.0,0.0,903.7,909.4,887.0,0.15,2026-02-02 23:54,177008
BAJFINANCE,2026-02-24,1160.0,0.2,102000.0,71250.0,254.25,463500.0,4500.0,903.7,909.4,887.0,0.15,2026-02-02 23:54,205742
BAJFINANCE,2026-02-24,1200.0,0.3,106500.0,19500.0,0.0,0.0,0.0,903.7,909.4,887.0,0.15,2026-02-02 23:54,253815
BANDHANBNK,2026-02-24,115.0,0.0,0.0,0.0,0.32,7200.0,0.0,148.56,149.63,145.52,0.0,2026-02-02 23:54,49853
BANDHANBNK,2026-02-24,120.0,0.0,0.0,0.0,0.22,226800.0,25200.0,148.56,149.63,145.52,0.0,2026-02-02 23:54,41504
BANDHANBNK,2026-02-24,125.0,0.0,0.0,0.0,0.47,133200.0,39600.0,148.56,149.63,145.52,0.0,2026-02-02 23:54,33264
BANDHANBNK,2026-02-24,130.0,20.1,162000.0,97200.0,0.49,1879200.0,514800.0,148.56,149.63,145.52,0.0,2026-02-02 23:54,25090
BANDHANBNK,2026-02-24,132.5,0.0,0.0,0.0,0.62,133200.0,10800.0,148.56,149.63,145.52,0.0,2026-02-02 23:54,21749
BANDHANBNK,2026-02-24,135.0,14.84,32400.0,0.0,0.81,882000.0,885600.0,148.56,149.63,145.52,0.0,2026-02-02 23:54,18201
BANDHANBNK,2026-02-24,137.5,13.43,50400.0,75600.0,1.08,216000.0,360000.0,148.56,149.63,145.52,0.0,2026-02-02 23:54,14865
BANDHANBNK,2026-02-24,140.0,11.0,543600.0,324000.0,1.44,1659600.0,1270800.0,148.56,149.63,145.52,0.0,2026-02-02 23:54,11664
BANDHANBNK,2026-02-24,142.5,9.26,50400.0,57600.0,2.03,79200.0,79200.0,148.56,149.63,145.52,0.0,2026-02-02 23:54,9329
BANDHANBNK,2026-02-24,145.0,7.75,698400.0,709200.0,2.65,1188000.0,1191600.0,148.56,149.63,145.52,0.0,2026-02-02 23:54,6697
BANDHANBNK,2026-02-24,147.5,6.02,705600.0,738000.0,3.48,536400.0,622800.0,148.56,149.63,145.52,0.0,2026-02-02 23:54,4733
BANDHANBNK,2026-02-24,150.0,4.61,3661200.0,4525200.0,4.75,3204000.0,1249200.0,148.56,149.63,145.52,0.0,2026-02-02 23:54,3091
BANDHANBNK,2026-02-24,152.5,3.59,1512000.0,1000800.0,6.02,950400.0,144000.0,148.56,149.63,145.52,0.0,2026-02-02 23:54,3093
BANDHANBNK,2026-02-24,155.0,2.76,3715200.0,3873600.0,7.75,2512800.0,457200.0,148.56,149.63,145.52,0.0,2026-02-02 23:54,3515
BANDHANBNK,2026-02-24,157.5,2.15,608400.0,511200.0,9.56,198000.0,144000.0,148.56,149.63,145.52,0.0,2026-02-02 23:54,4602
BANDHANBNK,2026-02-24,160.0,1.6,5047200.0,3330000.0,11.7,774000.0,244800.0,148.56,149.63,145.52,0.0,2026-02-02 23:54,6754
BANDHANBNK,2026-02-24,162.5,1.24,338400.0,374400.0,14.96,79200.0,32400.0,148.56,149.63,145.52,0.0,2026-02-02 23:54,10322
BANDHANBNK,2026-02-24,165.0,0.96,1303200.0,867600.0,17.73,234000.0,0.0,148.56,149.63,145.52,0.0,2026-02-02 23:54,14015
BANDHANBNK,2026-02-24,167.5,0.77,349200.0,237600.0,0.0,0.0,0.0,148.56,149.63,145.52,0.0,2026-02-02 23:54,17880
BANDHANBNK,2026-02-24,170.0,0.61,1936800.0,1958400.0,20.37,658800.0,39600.0,148.56,149.63,145.52,0.0,2026-02-02 23:54,22149
BANDHANBNK,2026-02-24,175.0,0.41,727200.0,457200.0,28.96,1152000.0,18000.0,148.56,149.63,145.52,0.0,2026-02-02 23:54,30706
BANDHANBNK,2026-02-24,180.0,0.3,532800.0,68400.0,0.0,0.0,0.0,148.56,149.63,145.52,0.0,2026-02-02 23:54,38120
BANKBARODA,2026-02-24,235.0,43.5,0.0,5850.0,0.45,99450.0,140400.0,277.6,279.25,270.5,-0.751,2026-02-02 23:54,141158
BANKBARODA,2026-02-24,240.0,0.0,0.0,0.0,0.55,348075.0,859950.0,277.6,279.25,270.5,-0.751,2026-02-02 23:54,125706
BANKBARODA,2026-02-24,242.5,0.0,0.0,0.0,0.0,0.0,0.0,277.6,279.25,270.5,-0.751,2026-02-02 23:54,118051
BANKBARODA,2026-02-24,245.0,0.0,0.0,0.0,0.0,0.0,0.0,277.6,279.25,270.5,-0.751,2026-02-02 23:54,110414
BANKBARODA,2026-02-24,247.5,0.0,0.0,0.0,0.8,17550.0,55575.0,277.6,279.25,270.5,-0.751,2026-02-02 23:54,102778
BANKBARODA,2026-02-24,250.0,29.9,175500.0,146250.0,0.95,1845675.0,4021875.0,277.6,279.25,270.5,-0.751,2026-02-02 23:54,95144
BANKBARODA,2026-02-24,252.5,0.0,0.0,0.0,1.1,70200.0,184275.0,277.6,279.25,270.5,-0.751,2026-02-02 23:54,88367
BANKBARODA,2026-02-24,255.0,46.5,8775.0,0.0,1.3,269100.0,1123200.0,277.6,279.25,270.5,-0.751,2026-02-02 23:54,81250
BANKBARODA,2026-02-24,257.5,0.0,0.0,0.0,0.0,0.0,0.0,277.6,279.25,270.5,-0.751,2026-02-02 23:54,74216
BANKBARODA,2026-02-24,260.0,20.9,356850.0,508950.0,1.8,1146600.0,3527550.0,277.6,279.25,270.5,-0.751,2026-02-02 23:54,67176
BANKBARODA,2026-02-24,262.5,15.65,26325.0,29250.0,2.15,99450.0,149175.0,277.6,279.25,270.5,-0.751,2026-02-02 23:54,61052
BANKBARODA,2026-02-24,265.0,16.0,152100.0,187200.0,2.65,845325.0,3553875.0,277.6,279.25,270.5,-0.751,2026-02-02 23:54,54439
BANKBARODA,2026-02-24,267.5,15.0,73125.0,178425.0,3.15,406575.0,1111500.0,277.6,279.25,270.5,-0.751,2026-02-02 23:54,48076
BANKBARODA,2026-02-24,270.0,13.0,1333800.0,3071250.0,3.9,1974375.0,8181225.0,277.6,279.25,270.5,-0.751,2026-02-02 23:54,41794
BANKBARODA,2026-02-24,272.5,11.25,327600.0,2211300.0,4.55,330525.0,1912950.0,277.6,279.25,270.5,-0.751,2026-02-02 23:54,37322
BANKBARODA,2026-02-24,275.0,9.7,693225.0,4960800.0,5.65,2878200.0,6552000.0,277.6,279.25,270.5,-0.751,2026-02-02 23:54,32269
BANKBARODA,2026-02-24,277.5,8.45,453375.0,2758275.0,6.6,740025.0,2775825.0,277.6,279.25,270.5,-0.751,2026-02-02 23:54,26936
BANKBARODA,2026-02-24,280.0,7.2,2913300.0,15043275.0,7.95,2904525.0,4881825.0,277.6,279.25,270.5,-0.751,2026-02-02 23:54,22750
BANKBARODA,2026-02-24,282.5,6.3,289575.0,1509300.0,9.0,383175.0,403650.0,277.6,279.25,270.5,-0.751,2026-02-02 23:54,19913
BANKBARODA,2026-02-24,285.0,5.1,1284075.0,6987825.0,10.9,1365975.0,1313325.0,277.6,279.25,270.5,-0.751,2026-02-02 23:54,17293
BANKBARODA,2026-02-24,287.5,4.5,503100.0,1330875.0,12.45,514800.0,546975.0,277.6,279.25,270.5,-0.751,2026-02-02 23:54,14664
BANKBARODA,2026-02-24,290.0,3.65,2965950.0,10260900.0,14.35,3761550.0,1667250.0,277.6,279.25,270.5,-0.751,2026-02-02 23:54,12708
BANKBARODA,2026-02-24,292.5,3.1,608400.0,2401425.0,16.85,587925.0,295425.0,277.6,279.25,270.5,-0.751,2026-02-02 23:54,8534
BANKBARODA,2026-02-24,295.0,2.6,2158650.0,6943950.0,18.35,1088100.0,646425.0,277.6,279.25,270.5,-0.751,2026-02-02 23:54,8172
BANKBARODA,2026-02-24,297.5,2.3,900900.0,2348775.0,22.25,748800.0,0.0,277.6,279.25,270.5,-0.751,2026-02-02 23:54,7989
BANKBARODA,2026-02-24,300.0,1.9,6578325.0,13244400.0,22.0,3662100.0,5724225.0,277.6,279.25,270.5,-0.751,2026-02-02 23:54,8194
BANKBARODA,2026-02-24,302.5,1.7,1330875.0,1953900.0,24.3,374400.0,146250.0,277.6,279.25,270.5,-0.751,2026-02-02 23:54,5612
BANKBARODA,2026-02-24,305.0,1.45,2380950.0,3828825.0,27.65,1234350.0,239850.0,277.6,279.25,270.5,-0.751,2026-02-02 23:54,9579
BANKBARODA,2026-02-24,307.5,1.25,889200.0,628875.0,28.6,231075.0,61425.0,277.6,279.25,270.5,-0.751,2026-02-02 23:54,12066
BANKBARODA,2026-02-24,310.0,1.1,7675200.0,9643725.0,30.95,1146600.0,146250.0,277.6,279.25,270.5,-0.751,2026-02-02 23:54,17351
BANKBARODA,2026-02-24,312.5,0.95,412425.0,450450.0,38.55,111150.0,5850.0,277.6,279.25,270.5,-0.751,2026-02-02 23:54,22687
BANKBARODA,2026-02-24,315.0,0.9,2612025.0,2693925.0,37.4,412425.0,32175.0,277.6,279.25,270.5,-0.751,2026-02-02 23:54,30468
BANKBARODA,2026-02-24,317.5,0.75,254475.0,298350.0,20.1,17550.0,0.0,277.6,279.25,270.5,-0.751,2026-02-02 23:54,38088
BANKBARODA,2026-02-24,320.0,0.7,5993325.0,4764825.0,40.65,892125.0,830700.0,277.6,279.25,270.5,-0.751,2026-02-02 23:54,47067
BANKBARODA,2026-02-24,322.5,0.6,204750.0,228150.0,24.15,20475.0,0.0,277.6,279.25,270.5,-0.751,2026-02-02 23:54,54576
BANKBARODA,2026-02-24,325.0,0.6,681525.0,941850.0,27.1,26325.0,0.0,277.6,279.25,270.5,-0.751,2026-02-02 23:54,65312
BANKBARODA,2026-02-24,327.5,0.5,157950.0,134550.0,0.0,0.0,0.0,277.6,279.25,270.5,-0.751,2026-02-02 23:54,76231
BANKBARODA,2026-02-24,330.0,0.45,1746225.0,1833975.0,25.45,356850.0,0.0,277.6,279.25,270.5,-0.751,2026-02-02 23:54,87228
BANKBARODA,2026-02-24,332.5,0.4,119925.0,114075.0,0.0,0.0,0.0,277.6,279.25,270.5,-0.751,2026-02-02 23:54,97914
BANKBARODA,2026-02-24,335.0,0.3,1064700.0,623025.0,0.0,0.0,0.0,277.6,279.25,270.5,-0.751,2026-02-02 23:54,109464
BANKBARODA,2026-02-24,340.0,0.3,1696500.0,1833975.0,34.25,29250.0,0.0,277.6,279.25,270.5,-0.751,2026-02-02 23:54,133118
BANKBARODA,2026-02-24,345.0,0.25,178425.0,1003275.0,0.0,0.0,0.0,277.6,279.25,270.5,-0.751,2026-02-02 23:54,157554
BANKBARODA,2026-02-24,350.0,0.25,1193400.0,1439100.0,50.9,52650.0,0.0,277.6,279.25,270.5,-0.751,2026-02-02 23:54,182133
BANKBARODA,2026-02-24,355.0,0.15,713700.0,985725.0,0.0,0.0,0.0,277.6,279.25,270.5,-0.751,2026-02-02 23:54,207092
BANKINDIA,2026-02-24,122.0,0.0,0.0,0.0,0.21,254800.0,192400.0,151.67,152.4,146.4,0.818,2026-02-02 23:54,51546
BANKINDIA,2026-02-24,124.0,0.0,0.0,0.0,0.76,10400.0,0.0,151.67,152.4,146.4,0.818,2026-02-02 23:54,48108
BANKINDIA,2026-02-24,126.0,0.0,0.0,0.0,1.61,10400.0,0.0,151.67,152.4,146.4,0.818,2026-02-02 23:54,44676
BANKINDIA,2026-02-24,128.0,0.0,0.0,0.0,0.96,10400.0,0.0,151.67,152.4,146.4,0.818,2026-02-02 23:54,41246
BANKINDIA,2026-02-24,130.0,31.2,114400.0,0.0,0.25,629200.0,1164800.0,151.67,152.4,146.4,0.818,2026-02-02 23:54,37818
BANKINDIA,2026-02-24,132.0,0.0,0.0,0.0,0.39,15600.0,0.0,151.67,152.4,146.4,0.818,2026-02-02 23:54,34881
BANKINDIA,2026-02-24,133.0,0.0,0.0,0.0,0.85,31200.0,5200.0,151.67,152.4,146.4,0.818,2026-02-02 23:54,33243
BANKINDIA,2026-02-24,134.0,0.0,0.0,0.0,0.87,15600.0,0.0,151.67,152.4,146.4,0.818,2026-02-02 23:54,31606
BANKINDIA,2026-02-24,135.0,0.0,0.0,0.0,0.68,140400.0,374400.0,151.67,152.4,146.4,0.818,2026-02-02 23:54,29972
BANKINDIA,2026-02-24,136.0,0.0,0.0,0.0,0.96,26000.0,104000.0,151.67,152.4,146.4,0.818,2026-02-02 23:54,28343
BANKINDIA,2026-02-24,137.0,0.0,0.0,0.0,1.84,78000.0,0.0,151.67,152.4,146.4,0.818,2026-02-02 23:54,26725
BANKINDIA,2026-02-24,138.0,0.0,0.0,0.0,1.4,26000.0,0.0,151.67,152.4,146.4,0.818,2026-02-02 23:54,25102
BANKINDIA,2026-02-24,139.0,0.0,0.0,0.0,1.18,46800.0,0.0,151.67,152.4,146.4,0.818,2026-02-02 23:54,23493
BANKINDIA,2026-02-24,140.0,13.59,93600.0,109200.0,1.22,878800.0,941200.0,151.67,152.4,146.4,0.818,2026-02-02 23:54,21886
BANKINDIA,2026-02-24,141.0,0.0,0.0,0.0,0.93,41600.0,0.0,151.67,152.4,146.4,0.818,2026-02-02 23:54,20402
BANKINDIA,2026-02-24,142.0,0.0,0.0,0.0,0.75,223600.0,0.0,151.67,152.4,146.4,0.818,2026-02-02 23:54,18899
BANKINDIA,2026-02-24,143.0,0.0,0.0,0.0,0.71,223600.0,0.0,151.67,152.4,146.4,0.818,2026-02-02 23:54,17405
BANKINDIA,2026-02-24,144.0,0.0,0.0,0.0,1.94,327600.0,286000.0,151.67,152.4,146.4,0.818,2026-02-02 23:54,15934
BANKINDIA,2026-02-24,145.0,9.6,83200.0,249600.0,2.24,837200.0,1149200.0,151.67,152.4,146.4,0.818,2026-02-02 23:54,14448
BANKINDIA,2026-02-24,146.0,7.85,15600.0,26000.0,2.53,109200.0,322400.0,151.67,152.4,146.4,0.818,2026-02-02 23:54,13010
BANKINDIA,2026-02-24,147.0,0.0,0.0,0.0,2.81,119600.0,421200.0,151.67,152.4,146.4,0.818,2026-02-02 23:54,11677
BANKINDIA,2026-02-24,148.0,7.75,197600.0,488800.0,0.0,0.0,0.0,151.67,152.4,146.4,0.818,2026-02-02 23:54,10338
BANKINDIA,2026-02-24,149.0,0.0,0.0,0.0,0.0,0.0,0.0,151.67,152.4,146.4,0.818,2026-02-02 23:54,9205
BANKINDIA,2026-02-24,150.0,6.41,754000.0,3130400.0,3.87,2912000.0,3900000.0,151.67,152.4,146.4,0.818,2026-02-02 23:54,7919
BANKINDIA,2026-02-24,151.0,5.85,150800.0,598000.0,4.31,566800.0,920400.0,151.67,152.4,146.4,0.818,2026-02-02 23:54,6356
BANKINDIA,2026-02-24,152.0,5.4,171600.0,769600.0,4.86,20800.0,52000.0,151.67,152.4,146.4,0.818,2026-02-02 23:54,5352
BANKINDIA,2026-02-24,153.0,4.1,36400.0,67600.0,0.0,0.0,0.0,151.67,152.4,146.4,0.818,2026-02-02 23:54,4606
BANKINDIA,2026-02-24,154.0,4.34,98800.0,150800.0,5.84,145600.0,208000.0,151.67,152.4,146.4,0.818,2026-02-02 23:54,3797
BANKINDIA,2026-02-24,155.0,4.04,1476800.0,3442400.0,6.53,2059200.0,660400.0,151.67,152.4,146.4,0.818,2026-02-02 23:54,2954
BANKINDIA,2026-02-24,156.0,3.68,364000.0,863200.0,8.36,104000.0,15600.0,151.67,152.4,146.4,0.818,2026-02-02 23:54,1760
BANKINDIA,2026-02-24,157.0,3.34,124800.0,124800.0,7.8,171600.0,0.0,151.67,152.4,146.4,0.818,2026-02-02 23:54,1407
BANKINDIA,2026-02-24,158.0,2.99,317200.0,244400.0,9.14,447200.0,36400.0,151.67,152.4,146.4,0.818,2026-02-02 23:54,944
BANKINDIA,2026-02-24,159.0,2.69,275600.0,322400.0,10.24,384800.0,15600.0,151.67,152.4,146.4,0.818,2026-02-02 23:54,337
BANKINDIA,2026-02-24,160.0,2.44,2823600.0,3952000.0,9.72,1362400.0,208000.0,151.67,152.4,146.4,0.818,2026-02-02 23:54,-210
BANKINDIA,2026-02-24,161.0,2.06,72800.0,171600.0,10.4,140400.0,0.0,151.67,152.4,146.4,0.818,2026-02-02 23:54,-655
BANKINDIA,2026-02-24,162.0,1.95,1263600.0,592800.0,12.79,358800.0,88400.0,151.67,152.4,146.4,0.818,2026-02-02 23:54,-573
BANKINDIA,2026-02-24,163.0,1.78,899600.0,234000.0,14.39,410800.0,20800.0,151.67,152.4,146.4,0.818,2026-02-02 23:54,-412
BANKINDIA,2026-02-24,164.0,1.55,322400.0,135200.0,11.6,176800.0,5200.0,151.67,152.4,146.4,0.818,2026-02-02 23:54,-337
BANKINDIA,2026-02-24,165.0,1.42,1684800.0,2069600.0,13.5,842400.0,260000.0,151.67,152.4,146.4,0.818,2026-02-02 23:54,62
BANKINDIA,2026-02-24,166.0,1.2,707200.0,561600.0,14.04,410800.0,0.0,151.67,152.4,146.4,0.818,2026-02-02 23:54,-27
BANKINDIA,2026-02-24,167.0,1.19,759200.0,452400.0,17.59,1227200.0,0.0,151.67,152.4,146.4,0.818,2026-02-02 23:54,400
BANKINDIA,2026-02-24,168.0,1.07,639600.0,265200.0,18.72,192400.0,0.0,151.67,152.4,146.4,0.818,2026-02-02 23:54,-549
BANKINDIA,2026-02-24,169.0,0.63,171600.0,0.0,16.9,88400.0,0.0,151.67,152.4,146.4,0.818,2026-02-02 23:54,360
BANKINDIA,2026-02-24,170.0,0.88,3957200.0,2678000.0,17.8,1081600.0,265200.0,151.67,152.4,146.4,0.818,2026-02-02 23:54,1450
BANKINDIA,2026-02-24,171.0,0.82,104000.0,182000.0,8.96,15600.0,0.0,151.67,152.4,146.4,0.818,2026-02-02 23:54,1604
BANKINDIA,2026-02-24,172.0,0.78,260000.0,62400.0,23.0,62400.0,31200.0,151.67,152.4,146.4,0.818,2026-02-02 23:54,3342
BANKINDIA,2026-02-24,173.0,3.56,104000.0,0.0,10.39,46800.0,0.0,151.67,152.4,146.4,0.818,2026-02-02 23:54,4995
BANKINDIA,2026-02-24,174.0,0.62,187200.0,421200.0,10.41,20800.0,0.0,151.67,152.4,146.4,0.818,2026-02-02 23:54,6774
BANKINDIA,2026-02-24,175.0,0.6,1383200.0,1164800.0,26.91,57200.0,15600.0,151.67,152.4,146.4,0.818,2026-02-02 23:54,8576
BANKINDIA,2026-02-24,176.0,1.27,104000.0,0.0,13.24,31200.0,0.0,151.67,152.4,146.4,0.818,2026-02-02 23:54,10461
BANKINDIA,2026-02-24,177.0,2.82,41600.0,0.0,12.49,10400.0,0.0,151.67,152.4,146.4,0.818,2026-02-02 23:54,12402
BANKINDIA,2026-02-24,178.0,1.62,286000.0,0.0,13.23,10400.0,0.0,151.67,152.4,146.4,0.818,2026-02-02 23:54,14375
BANKINDIA,2026-02-24,179.0,2.37,20800.0,0.0,0.0,0.0,0.0,151.67,152.4,146.4,0.818,2026-02-02 23:54,16411
BANKINDIA,2026-02-24,180.0,0.4,2043600.0,956800.0,17.0,5200.0,0.0,151.67,152.4,146.4,0.818,2026-02-02 23:54,18423
BANKINDIA,2026-02-24,182.0,0.0,0.0,0.0,0.0,0.0,0.0,151.67,152.4,146.4,0.818,2026-02-02 23:54,22918
BANKINDIA,2026-02-24,184.0,1.22,98800.0,0.0,0.0,0.0,0.0,151.67,152.4,146.4,0.818,2026-02-02 23:54,27340
BANKINDIA,2026-02-24,185.0,0.3,338000.0,546000.0,0.0,0.0,0.0,151.67,152.4,146.4,0.818,2026-02-02 23:54,29573
BANKINDIA,2026-02-24,186.0,0.23,748800.0,473200.0,0.0,0.0,0.0,151.67,152.4,146.4,0.818,2026-02-02 23:54,31837
BANKINDIA,2026-02-24,188.0,0.0,0.0,0.0,0.0,0.0,0.0,151.67,152.4,146.4,0.818,2026-02-02 23:54,36514
BANKINDIA,2026-02-24,189.0,0.25,286000.0,306800.0,0.0,0.0,0.0,151.67,152.4,146.4,0.818,2026-02-02 23:54,38843
BANKINDIA,2026-02-24,190.0,0.21,587600.0,514800.0,0.0,0.0,0.0,151.67,152.4,146.4,0.818,2026-02-02 23:54,41209
BEL,2026-02-24,330.0,0.0,0.0,0.0,0.35,306375.0,190950.0,439.1,441.35,420.25,3.233,2026-02-02 23:54,269263
BEL,2026-02-24,340.0,77.0,18525.0,0.0,0.4,287850.0,475950.0,439.1,441.35,420.25,3.233,2026-02-02 23:54,226949
BEL,2026-02-24,350.0,91.25,551475.0,68400.0,0.5,408975.0,746700.0,439.1,441.35,420.25,3.233,2026-02-02 23:54,185082
BEL,2026-02-24,360.0,80.2,162450.0,4275.0,0.55,742425.0,963300.0,439.1,441.35,420.25,3.233,2026-02-02 23:54,149057
BEL,2026-02-24,365.0,51.0,5700.0,0.0,0.7,252225.0,424650.0,439.1,441.35,420.25,3.233,2026-02-02 23:54,130253
BEL,2026-02-24,370.0,69.05,35625.0,52725.0,0.8,1694325.0,1521900.0,439.1,441.35,420.25,3.233,2026-02-02 23:54,110327
BEL,2026-02-24,375.0,56.8,8550.0,8550.0,0.95,337725.0,671175.0,439.1,441.35,420.25,3.233,2026-02-02 23:54,91365
BEL,2026-02-24,380.0,58.55,333450.0,62700.0,1.05,1802625.0,2526525.0,439.1,441.35,420.25,3.233,2026-02-02 23:54,72482
BEL,2026-02-24,385.0,48.25,44175.0,8550.0,1.3,287850.0,889200.0,439.1,441.35,420.25,3.233,2026-02-02 23:54,56415
BEL,2026-02-24,390.0,52.7,176700.0,330600.0,1.55,1366575.0,2878500.0,439.1,441.35,420.25,3.233,2026-02-02 23:54,38925
BEL,2026-02-24,395.0,47.55,111150.0,27075.0,1.9,768075.0,1219800.0,439.1,441.35,420.25,3.233,2026-02-02 23:54,22751
BEL,2026-02-24,400.0,43.65,1194150.0,1057350.0,2.35,5724225.0,11777625.0,439.1,441.35,420.25,3.233,2026-02-02 23:54,6680
BEL,2026-02-24,405.0,39.05,322050.0,136800.0,2.8,1043100.0,2395425.0,439.1,441.35,420.25,3.233,2026-02-02 23:54,-2446
BEL,2026-02-24,410.0,34.75,1426425.0,642675.0,3.5,3166350.0,6200175.0,439.1,441.35,420.25,3.233,2026-02-02 23:54,-13793
BEL,2026-02-24,415.0,30.2,1379400.0,1863900.0,4.35,2324175.0,5273925.0,439.1,441.35,420.25,3.233,2026-02-02 23:54,-19960
BEL,2026-02-24,420.0,26.45,3519750.0,7689300.0,5.5,4736700.0,12541425.0,439.1,441.35,420.25,3.233,2026-02-02 23:54,-24969
BEL,2026-02-24,425.0,23.3,1118625.0,8673975.0,6.9,1635900.0,9306675.0,439.1,441.35,420.25,3.233,2026-02-02 23:54,-22300
BEL,2026-02-24,430.0,19.9,3700725.0,22838475.0,8.75,2942625.0,11126400.0,439.1,441.35,420.25,3.233,2026-02-02 23:54,-23481
BEL,2026-02-24,435.0,17.0,1741350.0,15204750.0,10.85,1137150.0,3421425.0,439.1,441.35,420.25,3.233,2026-02-02 23:54,-18028
BEL,2026-02-24,440.0,14.65,5323800.0,24834900.0,13.3,2998200.0,4293525.0,439.1,441.35,420.25,3.233,2026-02-02 23:54,-14198
BEL,2026-02-24,445.0,12.35,2533650.0,9409275.0,15.95,1350900.0,689700.0,439.1,441.35,420.25,3.233,2026-02-02 23:54,-4123
BEL,2026-02-24,450.0,10.7,12558525.0,30507825.0,19.1,3089400.0,1550400.0,439.1,441.35,420.25,3.233,2026-02-02 23:54,5056
BEL,2026-02-24,455.0,9.15,3894525.0,9848175.0,22.4,810825.0,347700.0,439.1,441.35,420.25,3.233,2026-02-02 23:54,28623
BEL,2026-02-24,460.0,7.7,12976050.0,23565225.0,25.0,1558950.0,417525.0,439.1,441.35,420.25,3.233,2026-02-02 23:54,48753
BEL,2026-02-24,465.0,6.6,2369775.0,6141750.0,30.15,366225.0,161025.0,439.1,441.35,420.25,3.233,2026-02-02 23:54,80497
BEL,2026-02-24,470.0,5.5,7129275.0,12143850.0,34.05,624150.0,163875.0,439.1,441.35,420.25,3.233,2026-02-02 23:54,107975
BEL,2026-02-24,475.0,4.75,2231550.0,3049500.0,38.25,189525.0,14250.0,439.1,441.35,420.25,3.233,2026-02-02 23:54,140665
BEL,2026-02-24,480.0,4.05,9132825.0,13119975.0,42.2,431775.0,54150.0,439.1,441.35,420.25,3.233,2026-02-02 23:54,173106
BEL,2026-02-24,485.0,3.6,1285350.0,1960800.0,62.15,74100.0,0.0,439.1,441.35,420.25,3.233,2026-02-02 23:54,211870
BEL,2026-02-24,490.0,3.1,3012450.0,4843575.0,61.5,89775.0,7125.0,439.1,441.35,420.25,3.233,2026-02-02 23:54,249439
BEL,2026-02-24,495.0,2.65,1496250.0,2540775.0,0.0,0.0,0.0,439.1,441.35,420.25,3.233,2026-02-02 23:54,288939
BEL,2026-02-24,500.0,2.4,7451325.0,11779050.0,60.35,57000.0,22800.0,439.1,441.35,420.25,3.233,2026-02-02 23:54,329202
BEL,2026-02-24,510.0,1.95,10643325.0,14177325.0,86.75,4275.0,0.0,439.1,441.35,420.25,3.233,2026-02-02 23:54,417888
BHEL,2026-02-24,205.0,0.0,0.0,0.0,0.4,406875.0,147000.0,258.25,259.1,249.5,2.44,2026-02-02 23:54,80373
BHEL,2026-02-24,210.0,0.0,0.0,0.0,0.5,1638000.0,1105125.0,258.25,259.1,249.5,2.44,2026-02-02 23:54,68718
BHEL,2026-02-24,212.5,0.0,0.0,0.0,1.35,2625.0,0.0,258.25,259.1,249.5,2.44,2026-02-02 23:54,63226
BHEL,2026-02-24,215.0,0.0,0.0,0.0,0.65,173250.0,265125.0,258.25,259.1,249.5,2.44,2026-02-02 23:54,57816
BHEL,2026-02-24,217.5,0.0,0.0,0.0,0.7,60375.0,63000.0,258.25,259.1,249.5,2.44,2026-02-02 23:54,52438
BHEL,2026-02-24,220.0,33.0,28875.0,2625.0,0.75,735000.0,1241625.0,258.25,259.1,249.5,2.44,2026-02-02 23:54,47083
BHEL,2026-02-24,222.5,0.0,0.0,0.0,0.9,70875.0,21000.0,258.25,259.1,249.5,2.44,2026-02-02 23:54,41963
BHEL,2026-02-24,225.0,0.0,0.0,0.0,1.0,294000.0,593250.0,258.25,259.1,249.5,2.44,2026-02-02 23:54,36814
BHEL,2026-02-24,227.5,0.0,0.0,0.0,1.15,144375.0,76125.0,258.25,259.1,249.5,2.44,2026-02-02 23:54,31716
BHEL,2026-02-24,230.0,30.85,65625.0,42000.0,1.3,1538250.0,1525125.0,258.25,259.1,249.5,2.44,2026-02-02 23:54,26667
BHEL,2026-02-24,232.5,0.0,0.0,0.0,1.65,259875.0,70875.0,258.25,259.1,249.5,2.44,2026-02-02 23:54,22037
BHEL,2026-02-24,235.0,26.4,105000.0,13125.0,1.8,1412250.0,1254750.0,258.25,259.1,249.5,2.44,2026-02-02 23:54,17428
BHEL,2026-02-24,237.5,19.15,91875.0,7875.0,2.5,267750.0,139125.0,258.25,259.1,249.5,2.44,2026-02-02 23:54,13263
BHEL,2026-02-24,240.0,22.15,341250.0,91875.0,2.45,2215500.0,3512250.0,258.25,259.1,249.5,2.44,2026-02-02 23:54,9275
BHEL,2026-02-24,242.5,17.15,154875.0,26250.0,2.9,393750.0,317625.0,258.25,259.1,249.5,2.44,2026-02-02 23:54,6029
BHEL,2026-02-24,245.0,18.4,454125.0,94500.0,3.4,973875.0,1312500.0,258.25,259.1,249.5,2.44,2026-02-02 23:54,2859
BHEL,2026-02-24,247.5,16.4,412125.0,160125.0,4.0,464625.0,543375.0,258.25,259.1,249.5,2.44,2026-02-02 23:54,400
BHEL,2026-02-24,250.0,14.65,1716750.0,2758875.0,4.75,2740500.0,6541500.0,258.25,259.1,249.5,2.44,2026-02-02 23:54,-1855
BHEL,2026-02-24,252.5,12.95,763875.0,1903125.0,5.5,637875.0,1126125.0,258.25,259.1,249.5,2.44,2026-02-02 23:54,-2272
BHEL,2026-02-24,255.0,11.35,1354500.0,3934875.0,6.3,931875.0,2278500.0,258.25,259.1,249.5,2.44,2026-02-02 23:54,-2914
BHEL,2026-02-24,257.5,10.0,601125.0,1086750.0,7.6,488250.0,548625.0,258.25,259.1,249.5,2.44,2026-02-02 23:54,-2672
BHEL,2026-02-24,260.0,8.5,4790625.0,6557250.0,8.55,2485875.0,1249500.0,258.25,259.1,249.5,2.44,2026-02-02 23:54,-2879
BHEL,2026-02-24,262.5,7.6,897750.0,1336125.0,10.05,921375.0,795375.0,258.25,259.1,249.5,2.44,2026-02-02 23:54,450
BHEL,2026-02-24,265.0,6.45,1632750.0,5646375.0,11.6,630000.0,199500.0,258.25,259.1,249.5,2.44,2026-02-02 23:54,2043
BHEL,2026-02-24,267.5,5.5,614250.0,1081500.0,13.0,333375.0,147000.0,258.25,259.1,249.5,2.44,2026-02-02 23:54,4769
BHEL,2026-02-24,270.0,4.65,3903375.0,6066375.0,14.7,921375.0,168000.0,258.25,259.1,249.5,2.44,2026-02-02 23:54,7313
BHEL,2026-02-24,272.5,4.1,414750.0,687750.0,23.95,70875.0,0.0,258.25,259.1,249.5,2.44,2026-02-02 23:54,11620
BHEL,2026-02-24,275.0,3.45,2506875.0,5037375.0,18.5,217875.0,39375.0,258.25,259.1,249.5,2.44,2026-02-02 23:54,15588
BHEL,2026-02-24,277.5,3.05,315000.0,572250.0,20.5,34125.0,36750.0,258.25,259.1,249.5,2.44,2026-02-02 23:54,20699
BHEL,2026-02-24,280.0,2.6,5517750.0,5788125.0,22.6,777000.0,86625.0,258.25,259.1,249.5,2.44,2026-02-02 23:54,25461
BHEL,2026-02-24,282.5,2.3,317625.0,128625.0,28.8,18375.0,0.0,258.25,259.1,249.5,2.44,2026-02-02 23:54,31450
BHEL,2026-02-24,285.0,1.9,4809000.0,4257750.0,29.35,115500.0,0.0,258.25,259.1,249.5,2.44,2026-02-02 23:54,37864
BHEL,2026-02-24,287.5,1.7,233625.0,223125.0,25.7,2625.0,0.0,258.25,259.1,249.5,2.44,2026-02-02 23:54,46063
BHEL,2026-02-24,290.0,1.45,3871875.0,4074000.0,35.0,514500.0,18375.0,258.25,259.1,249.5,2.44,2026-02-02 23:54,53780
BHEL,2026-02-24,292.5,1.3,186375.0,97125.0,0.0,0.0,0.0,258.25,259.1,249.5,2.44,2026-02-02 23:54,61322
BHEL,2026-02-24,295.0,1.2,727125.0,538125.0,41.3,89250.0,0.0,258.25,259.1,249.5,2.44,2026-02-02 23:54,70173
BHEL,2026-02-24,297.5,0.75,262500.0,34125.0,0.0,0.0,0.0,258.25,259.1,249.5,2.44,2026-02-02 23:54,78923
BHEL,2026-02-24,300.0,0.95,9956625.0,10337250.0,41.0,425250.0,57750.0,258.25,259.1,249.5,2.44,2026-02-02 23:54,88040
BHEL,2026-02-24,302.5,0.6,267750.0,49875.0,47.15,7875.0,0.0,258.25,259.1,249.5,2.44,2026-02-02 23:54,98934
BHEL,2026-02-24,305.0,0.7,1260000.0,719250.0,38.75,49875.0,0.0,258.25,259.1,249.5,2.44,2026-02-02 23:54,110675
BHEL,2026-02-24,307.5,0.65,178500.0,44625.0,0.0,0.0,0.0,258.25,259.1,249.5,2.44,2026-02-02 23:54,122658
BHEL,2026-02-24,310.0,0.6,1346625.0,1094625.0,57.75,105000.0,0.0,258.25,259.1,249.5,2.44,2026-02-02 23:54,134803
BHEL,2026-02-24,315.0,0.5,144375.0,154875.0,0.0,0.0,0.0,258.25,259.1,249.5,2.44,2026-02-02 23:54,159270
BHEL,2026-02-24,320.0,0.4,1569750.0,1527750.0,70.0,26250.0,0.0,258.25,259.1,249.5,2.44,2026-02-02 23:54,184343
BHEL,2026-02-24,325.0,0.3,49875.0,49875.0,75.0,15750.0,0.0,258.25,259.1,249.5,2.44,2026-02-02 23:54,210084
BHEL,2026-02-24,330.0,0.35,2727375.0,556500.0,78.6,73500.0,0.0,258.25,259.1,249.5,2.44,2026-02-02 23:54,235863
BHEL,2026-02-24,345.0,0.2,28875.0,10500.0,0.0,0.0,0.0,258.25,259.1,249.5,2.44,2026-02-02 23:54,317269
BHARATFORG,2026-02-24,1160.0,0.0,0.0,0.0,0.8,1000.0,2000.0,1443.7,1453.6,1384.4,4.798,2026-02-02 23:54,21468
BHARATFORG,2026-02-24,1180.0,0.0,0.0,0.0,1.4,0.0,500.0,1443.7,1453.6,1384.4,4.798,2026-02-02 23:54,18807
BHARATFORG,2026-02-24,1200.0,240.0,6000.0,0.0,2.15,88000.0,31500.0,1443.7,1453.6,1384.4,4.798,2026-02-02 23:54,16146
BHARATFORG,2026-02-24,1220.0,0.0,0.0,0.0,2.75,0.0,500.0,1443.7,1453.6,1384.4,4.798,2026-02-02 23:54,13798
BHARATFORG,2026-02-24,1240.0,0.0,0.0,0.0,3.45,65500.0,79000.0,1443.7,1453.6,1384.4,4.798,2026-02-02 23:54,11325
BHARATFORG,2026-02-24,1260.0,0.0,0.0,0.0,4.9,3500.0,15000.0,1443.7,1453.6,1384.4,4.798,2026-02-02 23:54,8960
BHARATFORG,2026-02-24,1280.0,140.0,3000.0,0.0,5.85,24000.0,12500.0,1443.7,1453.6,1384.4,4.798,2026-02-02 23:54,6623
BHARATFORG,2026-02-24,1300.0,101.8,5500.0,0.0,7.8,86000.0,179000.0,1443.7,1453.6,1384.4,4.798,2026-02-02 23:54,4370
BHARATFORG,2026-02-24,1320.0,121.25,2500.0,3500.0,10.05,45000.0,29500.0,1443.7,1453.6,1384.4,4.798,2026-02-02 23:54,2261
BHARATFORG,2026-02-24,1340.0,80.2,15500.0,0.0,13.15,99500.0,247000.0,1443.7,1453.6,1384.4,4.798,2026-02-02 23:54,243
BHARATFORG,2026-02-24,1360.0,101.85,29500.0,25500.0,17.0,145500.0,169500.0,1443.7,1453.6,1384.4,4.798,2026-02-02 23:54,-1535
BHARATFORG,2026-02-24,1380.0,92.15,31000.0,28500.0,22.2,96000.0,103500.0,1443.7,1453.6,1384.4,4.798,2026-02-02 23:54,-2905
BHARATFORG,2026-02-24,1400.0,76.9,186000.0,402000.0,28.65,299000.0,306000.0,1443.7,1453.6,1384.4,4.798,2026-02-02 23:54,-4002
BHARATFORG,2026-02-24,1420.0,63.45,84000.0,252000.0,36.15,108000.0,80000.0,1443.7,1453.6,1384.4,4.798,2026-02-02 23:54,-3627
BHARATFORG,2026-02-24,1440.0,52.55,214000.0,451500.0,44.5,112000.0,52000.0,1443.7,1453.6,1384.4,4.798,2026-02-02 23:54,-3299
BHARATFORG,2026-02-24,1460.0,42.95,183000.0,299000.0,54.7,53500.0,13000.0,1443.7,1453.6,1384.4,4.798,2026-02-02 23:54,-1836
BHARATFORG,2026-02-24,1480.0,35.05,126500.0,136500.0,64.5,22000.0,2500.0,1443.7,1453.6,1384.4,4.798,2026-02-02 23:54,-33
BHARATFORG,2026-02-24,1500.0,27.55,311000.0,469000.0,78.4,52500.0,89000.0,1443.7,1453.6,1384.4,4.798,2026-02-02 23:54,1875
BHARATFORG,2026-02-24,1520.0,21.65,100500.0,200000.0,88.15,1000.0,0.0,1443.7,1453.6,1384.4,4.798,2026-02-02 23:54,4654
BHARATFORG,2026-02-24,1540.0,17.0,117500.0,186000.0,112.9,8500.0,0.0,1443.7,1453.6,1384.4,4.798,2026-02-02 23:54,7400
BHARATFORG,2026-02-24,1560.0,13.55,59500.0,90500.0,0.0,0.0,0.0,1443.7,1453.6,1384.4,4.798,2026-02-02 23:54,10292
BHARATFORG,2026-02-24,1580.0,10.6,41000.0,16500.0,0.0,0.0,0.0,1443.7,1453.6,1384.4,4.798,2026-02-02 23:54,13281
BHARATFORG,2026-02-24,1600.0,8.0,178500.0,237000.0,214.0,19500.0,0.0,1443.7,1453.6,1384.4,4.798,2026-02-02 23:54,16315
BHARATFORG,2026-02-24,1620.0,6.75,47500.0,24000.0,0.0,0.0,0.0,1443.7,1453.6,1384.4,4.798,2026-02-02 23:54,19426
BHARATFORG,2026-02-24,1640.0,5.1,87000.0,57500.0,229.45,1500.0,0.0,1443.7,1453.6,1384.4,4.798,2026-02-02 23:54,22939
BHARATFORG,2026-02-24,1680.0,3.05,175000.0,80000.0,0.0,0.0,0.0,1443.7,1453.6,1384.4,4.798,2026-02-02 23:54,30265
BHARTIARTL,2026-02-24,1640.0,0.0,0.0,0.0,0.65,45125.0,10450.0,1965.4,1969.8,1926.5,0.841,2026-02-02 23:54,118325
BHARTIARTL,2026-02-24,1680.0,0.0,0.0,0.0,0.65,91675.0,24700.0,1965.4,1969.8,1926.5,0.841,2026-02-02 23:54,97848
BHARTIARTL,2026-02-24,1720.0,0.0,0.0,0.0,1.05,484500.0,864025.0,1965.4,1969.8,1926.5,0.841,2026-02-02 23:54,77734
BHARTIARTL,2026-02-24,1740.0,0.0,0.0,0.0,1.6,16625.0,22800.0,1965.4,1969.8,1926.5,0.841,2026-02-02 23:54,68599
BHARTIARTL,2026-02-24,1760.0,247.55,950.0,0.0,1.9,646950.0,410400.0,1965.4,1969.8,1926.5,0.841,2026-02-02 23:54,59544
BHARTIARTL,2026-02-24,1780.0,0.0,0.0,0.0,2.8,47025.0,38000.0,1965.4,1969.8,1926.5,0.841,2026-02-02 23:54,51689
BHARTIARTL,2026-02-24,1800.0,194.0,21850.0,0.0,3.95,365750.0,447450.0,1965.4,1969.8,1926.5,0.841,2026-02-02 23:54,44014
BHARTIARTL,2026-02-24,1820.0,0.0,0.0,0.0,5.3,80275.0,76950.0,1965.4,1969.8,1926.5,0.841,2026-02-02 23:54,37407
BHARTIARTL,2026-02-24,1840.0,139.95,950.0,0.0,7.15,138225.0,215175.0,1965.4,1969.8,1926.5,0.841,2026-02-02 23:54,30639
BHARTIARTL,2026-02-24,1860.0,116.45,50825.0,71725.0,9.75,196650.0,279300.0,1965.4,1969.8,1926.5,0.841,2026-02-02 23:54,24105
BHARTIARTL,2026-02-24,1880.0,99.25,22325.0,13775.0,13.0,171950.0,639350.0,1965.4,1969.8,1926.5,0.841,2026-02-02 23:54,18553
BHARTIARTL,2026-02-24,1900.0,84.65,189050.0,157225.0,17.35,404700.0,841700.0,1965.4,1969.8,1926.5,0.841,2026-02-02 23:54,12987
BHARTIARTL,2026-02-24,1920.0,69.75,94050.0,111150.0,23.0,149625.0,378100.0,1965.4,1969.8,1926.5,0.841,2026-02-02 23:54,9508
BHARTIARTL,2026-02-24,1940.0,57.3,222300.0,997025.0,29.35,192850.0,460275.0,1965.4,1969.8,1926.5,0.841,2026-02-02 23:54,5931
BHARTIARTL,2026-02-24,1960.0,45.05,563350.0,1696225.0,37.25,355775.0,918175.0,1965.4,1969.8,1926.5,0.841,2026-02-02 23:54,3580
BHARTIARTL,2026-02-24,1980.0,35.0,1170875.0,2265750.0,47.45,227525.0,455525.0,1965.4,1969.8,1926.5,0.841,2026-02-02 23:54,3571
BHARTIARTL,2026-02-24,2000.0,26.7,1267300.0,1905700.0,59.0,607050.0,172900.0,1965.4,1969.8,1926.5,0.841,2026-02-02 23:54,8166
BHARTIARTL,2026-02-24,2020.0,20.1,374775.0,610375.0,72.05,132525.0,43225.0,1965.4,1969.8,1926.5,0.841,2026-02-02 23:54,13293
BHARTIARTL,2026-02-24,2040.0,15.4,355300.0,806550.0,86.85,76000.0,30875.0,1965.4,1969.8,1926.5,0.841,2026-02-02 23:54,19431
BHARTIARTL,2026-02-24,2060.0,11.15,290700.0,617975.0,100.6,68400.0,6650.0,1965.4,1969.8,1926.5,0.841,2026-02-02 23:54,26520
BHARTIARTL,2026-02-24,2080.0,8.1,342000.0,228475.0,118.9,38475.0,4750.0,1965.4,1969.8,1926.5,0.841,2026-02-02 23:54,34076
BHARTIARTL,2026-02-24,2100.0,6.15,1271575.0,976125.0,137.75,359575.0,42750.0,1965.4,1969.8,1926.5,0.841,2026-02-02 23:54,42576
BHARTIARTL,2026-02-24,2120.0,4.55,180025.0,132525.0,157.3,57950.0,0.0,1965.4,1969.8,1926.5,0.841,2026-02-02 23:54,50349
BHARTIARTL,2026-02-24,2140.0,3.45,162450.0,204725.0,173.9,47025.0,0.0,1965.4,1969.8,1926.5,0.841,2026-02-02 23:54,61938
BHARTIARTL,2026-02-24,2160.0,2.6,138225.0,90250.0,180.0,10450.0,0.0,1965.4,1969.8,1926.5,0.841,2026-02-02 23:54,74015
BHARTIARTL,2026-02-24,2180.0,2.0,103550.0,76475.0,168.0,475.0,0.0,1965.4,1969.8,1926.5,0.841,2026-02-02 23:54,86999
BHARTIARTL,2026-02-24,2200.0,1.5,625100.0,305425.0,231.0,142975.0,3325.0,1965.4,1969.8,1926.5,0.841,2026-02-02 23:54,100355
BHARTIARTL,2026-02-24,2220.0,1.1,602300.0,414200.0,205.0,950.0,0.0,1965.4,1969.8,1926.5,0.841,2026-02-02 23:54,112026
BHARTIARTL,2026-02-24,2240.0,1.0,132050.0,20900.0,0.0,0.0,0.0,1965.4,1969.8,1926.5,0.841,2026-02-02 23:54,128159
BHARTIARTL,2026-02-24,2260.0,1.0,28025.0,7600.0,0.0,0.0,0.0,1965.4,1969.8,1926.5,0.841,2026-02-02 23:54,144523
BHARTIARTL,2026-02-24,2280.0,0.9,39900.0,8075.0,0.0,0.0,0.0,1965.4,1969.8,1926.5,0.841,2026-02-02 23:54,160932
BHARTIARTL,2026-02-24,2300.0,0.95,104500.0,72200.0,306.2,3800.0,0.0,1965.4,1969.8,1926.5,0.841,2026-02-02 23:54,177422
BHARTIARTL,2026-02-24,2320.0,0.5,10925.0,950.0,0.0,0.0,0.0,1965.4,1969.8,1926.5,0.841,2026-02-02 23:54,194018
BHARTIARTL,2026-02-24,2360.0,1.0,4750.0,950.0,0.0,0.0,0.0,1965.4,1969.8,1926.5,0.841,2026-02-02 23:54,227468
BHARTIARTL,2026-02-24,2400.0,0.85,125875.0,3800.0,415.65,2850.0,0.0,1965.4,1969.8,1926.5,0.841,2026-02-02 23:54,260937
BHARTIARTL,2026-02-24,2480.0,0.6,12825.0,950.0,0.0,0.0,0.0,1965.4,1969.8,1926.5,0.841,2026-02-02 23:54,328796
BIOCON,2026-02-24,300.0,66.45,20000.0,0.0,0.55,192500.0,82500.0,370.15,372.25,360.55,0.53,2026-02-02 23:54,50727
BIOCON,2026-02-24,310.0,0.0,0.0,0.0,0.75,582500.0,372500.0,370.15,372.25,360.55,0.53,2026-02-02 23:54,40915
BIOCON,2026-02-24,320.0,47.0,7500.0,0.0,1.05,460000.0,267500.0,370.15,372.25,360.55,0.53,2026-02-02 23:54,31519
BIOCON,2026-02-24,325.0,44.0,20000.0,0.0,1.25,27500.0,65000.0,370.15,372.25,360.55,0.53,2026-02-02 23:54,27063
BIOCON,2026-02-24,330.0,43.4,122500.0,70000.0,1.6,275000.0,457500.0,370.15,372.25,360.55,0.53,2026-02-02 23:54,22729
BIOCON,2026-02-24,335.0,32.5,2500.0,0.0,2.1,97500.0,165000.0,370.15,372.25,360.55,0.53,2026-02-02 23:54,18997
BIOCON,2026-02-24,340.0,34.9,62500.0,62500.0,2.65,735000.0,542500.0,370.15,372.25,360.55,0.53,2026-02-02 23:54,14814
BIOCON,2026-02-24,345.0,30.7,45000.0,37500.0,3.35,427500.0,492500.0,370.15,372.25,360.55,0.53,2026-02-02 23:54,11066
BIOCON,2026-02-24,350.0,26.7,550000.0,180000.0,4.3,1077500.0,1240000.0,370.15,372.25,360.55,0.53,2026-02-02 23:54,7526
BIOCON,2026-02-24,355.0,22.85,75000.0,182500.0,5.75,240000.0,757500.0,370.15,372.25,360.55,0.53,2026-02-02 23:54,5810
BIOCON,2026-02-24,360.0,19.25,495000.0,1225000.0,7.0,1290000.0,1740000.0,370.15,372.25,360.55,0.53,2026-02-02 23:54,3280
BIOCON,2026-02-24,365.0,15.5,455000.0,2865000.0,9.1,542500.0,2020000.0,370.15,372.25,360.55,0.53,2026-02-02 23:54,1658
BIOCON,2026-02-24,370.0,13.1,1537500.0,3992500.0,11.2,982500.0,627500.0,370.15,372.25,360.55,0.53,2026-02-02 23:54,697
BIOCON,2026-02-24,375.0,10.55,990000.0,1667500.0,13.8,430000.0,322500.0,370.15,372.25,360.55,0.53,2026-02-02 23:54,1699
BIOCON,2026-02-24,380.0,8.5,2635000.0,6370000.0,16.7,1002500.0,290000.0,370.15,372.25,360.55,0.53,2026-02-02 23:54,2947
BIOCON,2026-02-24,385.0,6.55,432500.0,1040000.0,21.8,72500.0,0.0,370.15,372.25,360.55,0.53,2026-02-02 23:54,6129
BIOCON,2026-02-24,390.0,5.4,1220000.0,3025000.0,23.2,225000.0,135000.0,370.15,372.25,360.55,0.53,2026-02-02 23:54,9123
BIOCON,2026-02-24,395.0,4.35,185000.0,892500.0,28.7,17500.0,0.0,370.15,372.25,360.55,0.53,2026-02-02 23:54,12851
BIOCON,2026-02-24,400.0,3.35,3085000.0,3870000.0,31.2,965000.0,195000.0,370.15,372.25,360.55,0.53,2026-02-02 23:54,16574
BIOCON,2026-02-24,405.0,2.6,107500.0,240000.0,33.5,2500.0,0.0,370.15,372.25,360.55,0.53,2026-02-02 23:54,20314
BIOCON,2026-02-24,410.0,2.1,622500.0,537500.0,46.1,55000.0,17500.0,370.15,372.25,360.55,0.53,2026-02-02 23:54,26106
BIOCON,2026-02-24,420.0,1.35,687500.0,880000.0,51.65,155000.0,0.0,370.15,372.25,360.55,0.53,2026-02-02 23:54,38206
BIOCON,2026-02-24,425.0,0.0,0.0,0.0,57.25,15000.0,0.0,370.15,372.25,360.55,0.53,2026-02-02 23:54,44031
BIOCON,2026-02-24,430.0,0.85,452500.0,552500.0,60.0,47500.0,0.0,370.15,372.25,360.55,0.53,2026-02-02 23:54,50485
BIOCON,2026-02-24,440.0,0.7,157500.0,135000.0,77.65,30000.0,5000.0,370.15,372.25,360.55,0.53,2026-02-02 23:54,63818
BIOCON,2026-02-24,450.0,0.55,495000.0,257500.0,77.5,200000.0,10000.0,370.15,372.25,360.55,0.53,2026-02-02 23:54,77364
BIOCON,2026-02-24,460.0,0.5,175000.0,92500.0,0.0,0.0,0.0,370.15,372.25,360.55,0.53,2026-02-02 23:54,90303
BIOCON,2026-02-24,480.0,0.35,50000.0,0.0,0.0,0.0,0.0,370.15,372.25,360.55,0.53,2026-02-02 23:54,119587
BPCL,2026-02-24,290.0,77.9,102700.0,41475.0,0.25,1196850.0,207375.0,366.7,367.6,351.0,4.936,2026-02-02 23:54,25917
BPCL,2026-02-24,300.0,60.5,49375.0,3950.0,0.35,270575.0,268600.0,366.7,367.6,351.0,4.936,2026-02-02 23:54,19048
BPCL,2026-02-24,305.0,0.0,0.0,0.0,1.2,165900.0,0.0,366.7,367.6,351.0,4.936,2026-02-02 23:54,15677
BPCL,2026-02-24,310.0,51.15,45425.0,0.0,0.6,237000.0,207375.0,366.7,367.6,351.0,4.936,2026-02-02 23:54,12081
BPCL,2026-02-24,315.0,32.5,3950.0,0.0,0.75,278475.0,136275.0,366.7,367.6,351.0,4.936,2026-02-02 23:54,8863
BPCL,2026-02-24,320.0,49.4,57275.0,69125.0,0.9,483875.0,553000.0,366.7,367.6,351.0,4.936,2026-02-02 23:54,5561
BPCL,2026-02-24,325.0,35.7,71100.0,0.0,1.05,177750.0,252800.0,366.7,367.6,351.0,4.936,2026-02-02 23:54,2777
BPCL,2026-02-24,330.0,38.8,158000.0,61225.0,1.35,896650.0,1354850.0,366.7,367.6,351.0,4.936,2026-02-02 23:54,112
BPCL,2026-02-24,335.0,35.45,67150.0,71100.0,1.75,365375.0,604350.0,366.7,367.6,351.0,4.936,2026-02-02 23:54,-1767
BPCL,2026-02-24,340.0,31.05,424625.0,219225.0,2.2,963800.0,1534575.0,366.7,367.6,351.0,4.936,2026-02-02 23:54,-3748
BPCL,2026-02-24,345.0,26.7,412775.0,718900.0,2.9,396975.0,1060575.0,366.7,367.6,351.0,4.936,2026-02-02 23:54,-4103
BPCL,2026-02-24,350.0,22.55,742600.0,1236350.0,3.75,1080325.0,2223850.0,366.7,367.6,351.0,4.936,2026-02-02 23:54,-4173
BPCL,2026-02-24,355.0,18.8,391050.0,1084275.0,5.05,361425.0,1568150.0,366.7,367.6,351.0,4.936,2026-02-02 23:54,-3049
BPCL,2026-02-24,360.0,15.3,1465450.0,6335800.0,6.8,886775.0,2907200.0,366.7,367.6,351.0,4.936,2026-02-02 23:54,-2265
BPCL,2026-02-24,365.0,12.7,604350.0,3701150.0,8.65,434500.0,934175.0,366.7,367.6,351.0,4.936,2026-02-02 23:54,780
BPCL,2026-02-24,370.0,10.0,1366700.0,4795300.0,11.3,489800.0,734700.0,366.7,367.6,351.0,4.936,2026-02-02 23:54,3099
BPCL,2026-02-24,375.0,8.05,949975.0,1696525.0,14.05,65175.0,213300.0,366.7,367.6,351.0,4.936,2026-02-02 23:54,6767
BPCL,2026-02-24,380.0,6.35,910475.0,3932225.0,17.25,82950.0,148125.0,366.7,367.6,351.0,4.936,2026-02-02 23:54,10802
BPCL,2026-02-24,385.0,4.95,539175.0,1009225.0,30.3,35550.0,0.0,366.7,367.6,351.0,4.936,2026-02-02 23:54,15097
BPCL,2026-02-24,390.0,3.75,1348925.0,2482575.0,29.85,35550.0,23700.0,366.7,367.6,351.0,4.936,2026-02-02 23:54,19402
BPCL,2026-02-24,395.0,2.95,598425.0,1143525.0,49.0,1975.0,0.0,366.7,367.6,351.0,4.936,2026-02-02 23:54,24641
BPCL,2026-02-24,400.0,2.25,1149450.0,3017800.0,54.2,21725.0,0.0,366.7,367.6,351.0,4.936,2026-02-02 23:54,29947
BPCL,2026-02-24,405.0,1.7,65175.0,282425.0,0.0,0.0,0.0,366.7,367.6,351.0,4.936,2026-02-02 23:54,35812
BPCL,2026-02-24,410.0,1.25,774200.0,1925625.0,63.65,5925.0,0.0,366.7,367.6,351.0,4.936,2026-02-02 23:54,41580
BPCL,2026-02-24,420.0,0.6,1228450.0,922325.0,65.0,3950.0,0.0,366.7,367.6,351.0,4.936,2026-02-02 23:54,53934
BRITANNIA,2026-02-24,4800.0,0.0,0.0,0.0,0.0,0.0,0.0,5888.5,5899.0,5697.5,2.275,2026-02-02 23:54,19598
BRITANNIA,2026-02-24,4900.0,0.0,0.0,0.0,2.5,57250.0,6375.0,5888.5,5899.0,5697.5,2.275,2026-02-02 23:54,16045
BRITANNIA,2026-02-24,5000.0,785.0,250.0,0.0,6.6,43375.0,61250.0,5888.5,5899.0,5697.5,2.275,2026-02-02 23:54,13051
BRITANNIA,2026-02-24,5100.0,0.0,0.0,0.0,4.7,3500.0,125.0,5888.5,5899.0,5697.5,2.275,2026-02-02 23:54,10498
BRITANNIA,2026-02-24,5150.0,0.0,0.0,0.0,8.75,0.0,125.0,5888.5,5899.0,5697.5,2.275,2026-02-02 23:54,9242
BRITANNIA,2026-02-24,5200.0,0.0,0.0,0.0,12.5,12625.0,5750.0,5888.5,5899.0,5697.5,2.275,2026-02-02 23:54,7988
BRITANNIA,2026-02-24,5250.0,0.0,0.0,0.0,0.0,0.0,0.0,5888.5,5899.0,5697.5,2.275,2026-02-02 23:54,6781
BRITANNIA,2026-02-24,5300.0,501.0,125.0,0.0,16.9,29250.0,7250.0,5888.5,5899.0,5697.5,2.275,2026-02-02 23:54,5590
BRITANNIA,2026-02-24,5350.0,0.0,0.0,0.0,0.0,0.0,0.0,5888.5,5899.0,5697.5,2.275,2026-02-02 23:54,4502
BRITANNIA,2026-02-24,5400.0,688.15,500.0,0.0,23.5,11250.0,12000.0,5888.5,5899.0,5697.5,2.275,2026-02-02 23:54,3458
BRITANNIA,2026-02-24,5450.0,0.0,0.0,0.0,37.2,1375.0,0.0,5888.5,5899.0,5697.5,2.275,2026-02-02 23:54,2480
BRITANNIA,2026-02-24,5500.0,342.65,1250.0,0.0,35.0,21875.0,36250.0,5888.5,5899.0,5697.5,2.275,2026-02-02 23:54,1496
BRITANNIA,2026-02-24,5550.0,389.8,250.0,250.0,43.0,2875.0,4375.0,5888.5,5899.0,5697.5,2.275,2026-02-02 23:54,599
BRITANNIA,2026-02-24,5600.0,352.05,2875.0,1125.0,51.6,20875.0,16125.0,5888.5,5899.0,5697.5,2.275,2026-02-02 23:54,-250
BRITANNIA,2026-02-24,5650.0,311.55,1375.0,750.0,62.55,8000.0,12250.0,5888.5,5899.0,5697.5,2.275,2026-02-02 23:54,-985
BRITANNIA,2026-02-24,5700.0,279.65,9875.0,13625.0,76.0,32250.0,33125.0,5888.5,5899.0,5697.5,2.275,2026-02-02 23:54,-1674
BRITANNIA,2026-02-24,5750.0,244.05,5625.0,36750.0,91.65,13000.0,22125.0,5888.5,5899.0,5697.5,2.275,2026-02-02 23:54,-2114
BRITANNIA,2026-02-24,5800.0,208.35,22250.0,72125.0,106.85,29000.0,33125.0,5888.5,5899.0,5697.5,2.275,2026-02-02 23:54,-2474
BRITANNIA,2026-02-24,5850.0,182.85,12875.0,22625.0,128.8,8125.0,12375.0,5888.5,5899.0,5697.5,2.275,2026-02-02 23:54,-2443
BRITANNIA,2026-02-24,5900.0,155.2,44875.0,92125.0,152.0,33750.0,34875.0,5888.5,5899.0,5697.5,2.275,2026-02-02 23:54,-2329
BRITANNIA,2026-02-24,5950.0,133.5,11750.0,10125.0,193.6,2625.0,625.0,5888.5,5899.0,5697.5,2.275,2026-02-02 23:54,-1769
BRITANNIA,2026-02-24,6000.0,108.65,52000.0,92500.0,204.0,11875.0,3250.0,5888.5,5899.0,5697.5,2.275,2026-02-02 23:54,-1215
BRITANNIA,2026-02-24,6050.0,90.2,6000.0,6500.0,348.2,375.0,0.0,5888.5,5899.0,5697.5,2.275,2026-02-02 23:54,-125
BRITANNIA,2026-02-24,6100.0,74.9,50125.0,30375.0,272.0,6750.0,250.0,5888.5,5899.0,5697.5,2.275,2026-02-02 23:54,715
BRITANNIA,2026-02-24,6150.0,52.6,3375.0,0.0,0.0,0.0,0.0,5888.5,5899.0,5697.5,2.275,2026-02-02 23:54,1990
BRITANNIA,2026-02-24,6200.0,51.0,30875.0,17250.0,381.8,1875.0,0.0,5888.5,5899.0,5697.5,2.275,2026-02-02 23:54,3109
BRITANNIA,2026-02-24,6250.0,42.6,18000.0,19250.0,0.0,0.0,0.0,5888.5,5899.0,5697.5,2.275,2026-02-02 23:54,4459
BRITANNIA,2026-02-24,6300.0,34.6,24500.0,26500.0,436.2,1125.0,0.0,5888.5,5899.0,5697.5,2.275,2026-02-02 23:54,5890
BRITANNIA,2026-02-24,6350.0,28.3,2500.0,4500.0,0.0,0.0,0.0,5888.5,5899.0,5697.5,2.275,2026-02-02 23:54,7408
BRITANNIA,2026-02-24,6400.0,22.7,20875.0,11625.0,597.95,1250.0,0.0,5888.5,5899.0,5697.5,2.275,2026-02-02 23:54,8910
BRITANNIA,2026-02-24,6450.0,0.0,0.0,0.0,0.0,0.0,0.0,5888.5,5899.0,5697.5,2.275,2026-02-02 23:54,10489
BRITANNIA,2026-02-24,6500.0,13.6,89750.0,45250.0,0.0,0.0,0.0,5888.5,5899.0,5697.5,2.275,2026-02-02 23:54,12094
BRITANNIA,2026-02-24,6550.0,10.5,2750.0,5000.0,0.0,0.0,0.0,5888.5,5899.0,5697.5,2.275,2026-02-02 23:54,14271
BRITANNIA,2026-02-24,6600.0,9.65,68625.0,14625.0,670.0,125.0,0.0,5888.5,5899.0,5697.5,2.275,2026-02-02 23:54,16342
BRITANNIA,2026-02-24,6650.0,7.1,1625.0,250.0,0.0,0.0,0.0,5888.5,5899.0,5697.5,2.275,2026-02-02 23:54,18811
BRITANNIA,2026-02-24,6700.0,5.45,83375.0,65000.0,0.0,0.0,0.0,5888.5,5899.0,5697.5,2.275,2026-02-02 23:54,21233
BRITANNIA,2026-02-24,6750.0,3.7,7000.0,250.0,0.0,0.0,0.0,5888.5,5899.0,5697.5,2.275,2026-02-02 23:54,24115
BRITANNIA,2026-02-24,6800.0,3.4,39000.0,27250.0,1040.0,625.0,0.0,5888.5,5899.0,5697.5,2.275,2026-02-02 23:54,26989
BRITANNIA,2026-02-24,6900.0,1.85,1500.0,3000.0,0.0,0.0,0.0,5888.5,5899.0,5697.5,2.275,2026-02-02 23:54,33078
BRITANNIA,2026-02-24,7000.0,1.9,7125.0,1375.0,1130.0,250.0,0.0,5888.5,5899.0,5697.5,2.275,2026-02-02 23:54,39233
BRITANNIA,2026-02-24,7100.0,1.2,375.0,0.0,0.0,0.0,0.0,5888.5,5899.0,5697.5,2.275,2026-02-02 23:54,45435
BSE,2026-02-24,2050.0,0.0,0.0,0.0,7.2,60375.0,168750.0,2701.6,2711.0,2530.0,4.79,2026-02-02 23:54,203823
BSE,2026-02-24,2100.0,0.0,0.0,0.0,8.4,112500.0,411750.0,2701.6,2711.0,2530.0,4.79,2026-02-02 23:54,179151
BSE,2026-02-24,2150.0,513.0,1125.0,1500.0,10.25,12750.0,49875.0,2701.6,2711.0,2530.0,4.79,2026-02-02 23:54,154991
BSE,2026-02-24,2200.0,676.0,7875.0,0.0,12.35,448500.0,1177500.0,2701.6,2711.0,2530.0,4.79,2026-02-02 23:54,131040
BSE,2026-02-24,2250.0,360.0,1125.0,0.0,14.7,124875.0,319500.0,2701.6,2711.0,2530.0,4.79,2026-02-02 23:54,109304
BSE,2026-02-24,2300.0,391.5,3000.0,1125.0,18.7,309750.0,1557750.0,2701.6,2711.0,2530.0,4.79,2026-02-02 23:54,88076
BSE,2026-02-24,2350.0,0.0,0.0,0.0,23.15,31875.0,357375.0,2701.6,2711.0,2530.0,4.79,2026-02-02 23:54,68094
BSE,2026-02-24,2400.0,345.3,26250.0,16875.0,29.0,340875.0,1993875.0,2701.6,2711.0,2530.0,4.79,2026-02-02 23:54,48659
BSE,2026-02-24,2450.0,303.0,8625.0,19500.0,36.4,56625.0,540375.0,2701.6,2711.0,2530.0,4.79,2026-02-02 23:54,31051
BSE,2026-02-24,2500.0,262.35,291000.0,806250.0,45.75,831375.0,3827250.0,2701.6,2711.0,2530.0,4.79,2026-02-02 23:54,13907
BSE,2026-02-24,2550.0,223.9,81000.0,594750.0,58.05,154125.0,1133625.0,2701.6,2711.0,2530.0,4.79,2026-02-02 23:54,6150
BSE,2026-02-24,2600.0,189.75,571500.0,2715750.0,72.3,520875.0,2688750.0,2701.6,2711.0,2530.0,4.79,2026-02-02 23:54,-3342
BSE,2026-02-24,2650.0,157.0,163875.0,1964250.0,89.0,200625.0,1260375.0,2701.6,2711.0,2530.0,4.79,2026-02-02 23:54,-1213
BSE,2026-02-24,2700.0,129.35,735375.0,4356750.0,110.45,525375.0,1206375.0,2701.6,2711.0,2530.0,4.79,2026-02-02 23:54,-3554
BSE,2026-02-24,2750.0,104.0,225000.0,1251000.0,136.8,151500.0,234750.0,2701.6,2711.0,2530.0,4.79,2026-02-02 23:54,3331
BSE,2026-02-24,2800.0,81.7,588375.0,2973750.0,165.75,400500.0,446625.0,2701.6,2711.0,2530.0,4.79,2026-02-02 23:54,8657
BSE,2026-02-24,2850.0,66.7,308250.0,1039125.0,196.45,168375.0,68250.0,2701.6,2711.0,2530.0,4.79,2026-02-02 23:54,16829
BSE,2026-02-24,2900.0,52.1,690000.0,2626125.0,232.3,234375.0,71625.0,2701.6,2711.0,2530.0,4.79,2026-02-02 23:54,27964
BSE,2026-02-24,2950.0,41.2,162750.0,709875.0,270.85,25875.0,20625.0,2701.6,2711.0,2530.0,4.79,2026-02-02 23:54,43122
BSE,2026-02-24,3000.0,32.5,806250.0,2742750.0,320.2,127500.0,48000.0,2701.6,2711.0,2530.0,4.79,2026-02-02 23:54,61043
BSE,2026-02-24,3050.0,25.9,100875.0,331875.0,489.5,71250.0,0.0,2701.6,2711.0,2530.0,4.79,2026-02-02 23:54,82201
BSE,2026-02-24,3100.0,20.35,447000.0,937875.0,456.3,60750.0,6375.0,2701.6,2711.0,2530.0,4.79,2026-02-02 23:54,102455
BSE,2026-02-24,3200.0,13.95,696000.0,860625.0,530.0,10875.0,375.0,2701.6,2711.0,2530.0,4.79,2026-02-02 23:54,152631
BSE,2026-02-24,3300.0,9.3,225000.0,398625.0,434.5,4500.0,0.0,2701.6,2711.0,2530.0,4.79,2026-02-02 23:54,212133
CAMS,2026-02-24,560.0,122.3,0.0,2250.0,1.35,25500.0,75750.0,693.9,696.95,662.0,2.633,2026-02-02 23:54,26248
CAMS,2026-02-24,570.0,0.0,0.0,0.0,0.0,0.0,0.0,693.9,696.95,662.0,2.633,2026-02-02 23:54,24116
CAMS,2026-02-24,580.0,127.3,0.0,0.0,2.65,43500.0,0.0,693.9,696.95,662.0,2.633,2026-02-02 23:54,21988
CAMS,2026-02-24,590.0,0.0,0.0,0.0,0.0,0.0,0.0,693.9,696.95,662.0,2.633,2026-02-02 23:54,19891
CAMS,2026-02-24,600.0,102.0,1500.0,0.0,2.55,141000.0,281250.0,693.9,696.95,662.0,2.633,2026-02-02 23:54,17806
CAMS,2026-02-24,610.0,0.0,0.0,0.0,2.95,11250.0,26250.0,693.9,696.95,662.0,2.633,2026-02-02 23:54,15843
CAMS,2026-02-24,620.0,0.0,0.0,0.0,3.6,59250.0,114750.0,693.9,696.95,662.0,2.633,2026-02-02 23:54,13908
CAMS,2026-02-24,630.0,0.0,0.0,0.0,4.6,51750.0,51000.0,693.9,696.95,662.0,2.633,2026-02-02 23:54,12015
CAMS,2026-02-24,640.0,53.95,5250.0,5250.0,6.0,31500.0,50250.0,693.9,696.95,662.0,2.633,2026-02-02 23:54,10171
CAMS,2026-02-24,650.0,51.05,3750.0,18750.0,7.7,192750.0,294000.0,693.9,696.95,662.0,2.633,2026-02-02 23:54,8397
CAMS,2026-02-24,660.0,45.0,10500.0,27750.0,10.05,77250.0,96000.0,693.9,696.95,662.0,2.633,2026-02-02 23:54,6681
CAMS,2026-02-24,670.0,36.35,33750.0,93000.0,12.8,78000.0,171000.0,693.9,696.95,662.0,2.633,2026-02-02 23:54,5151
CAMS,2026-02-24,680.0,29.55,79500.0,189750.0,15.65,279000.0,245250.0,693.9,696.95,662.0,2.633,2026-02-02 23:54,3786
CAMS,2026-02-24,690.0,23.8,132750.0,186000.0,19.5,99750.0,64500.0,693.9,696.95,662.0,2.633,2026-02-02 23:54,2556
CAMS,2026-02-24,700.0,18.9,453750.0,578250.0,24.25,325500.0,81750.0,693.9,696.95,662.0,2.633,2026-02-02 23:54,1881
CAMS,2026-02-24,710.0,14.55,294750.0,175500.0,30.65,179250.0,36000.0,693.9,696.95,662.0,2.633,2026-02-02 23:54,1932
CAMS,2026-02-24,720.0,11.3,195750.0,374250.0,37.55,71250.0,23250.0,693.9,696.95,662.0,2.633,2026-02-02 23:54,2268
CAMS,2026-02-24,730.0,8.45,102750.0,162000.0,45.3,45000.0,21750.0,693.9,696.95,662.0,2.633,2026-02-02 23:54,2945
CAMS,2026-02-24,740.0,6.45,124500.0,153000.0,50.45,62250.0,18750.0,693.9,696.95,662.0,2.633,2026-02-02 23:54,3700
CAMS,2026-02-24,750.0,4.85,220500.0,294000.0,58.25,23250.0,6000.0,693.9,696.95,662.0,2.633,2026-02-02 23:54,4524
CAMS,2026-02-24,760.0,4.1,123000.0,63000.0,66.4,110250.0,5250.0,693.9,696.95,662.0,2.633,2026-02-02 23:54,5798
CAMS,2026-02-24,770.0,3.3,39750.0,16500.0,0.0,0.0,0.0,693.9,696.95,662.0,2.633,2026-02-02 23:54,6651
CAMS,2026-02-24,780.0,2.55,183000.0,74250.0,93.0,58500.0,0.0,693.9,696.95,662.0,2.633,2026-02-02 23:54,8239
CAMS,2026-02-24,790.0,6.25,750.0,0.0,118.75,750.0,0.0,693.9,696.95,662.0,2.633,2026-02-02 23:54,9559
CAMS,2026-02-24,800.0,1.55,359250.0,133500.0,116.4,86250.0,0.0,693.9,696.95,662.0,2.633,2026-02-02 23:54,11368
CAMS,2026-02-24,810.0,0.0,0.0,0.0,87.9,750.0,0.0,693.9,696.95,662.0,2.633,2026-02-02 23:54,12683
CAMS,2026-02-24,820.0,1.4,30000.0,1500.0,120.0,5250.0,0.0,693.9,696.95,662.0,2.633,2026-02-02 23:54,14941
CAMS,2026-02-24,830.0,0.0,0.0,0.0,123.75,1500.0,0.0,693.9,696.95,662.0,2.633,2026-02-02 23:54,17182
CAMS,2026-02-24,840.0,0.6,14250.0,750.0,133.0,26250.0,0.0,693.9,696.95,662.0,2.633,2026-02-02 23:54,19464
CAMS,2026-02-24,860.0,0.7,9000.0,0.0,155.25,41250.0,0.0,693.9,696.95,662.0,2.633,2026-02-02 23:54,23799
CAMS,2026-02-24,880.0,0.75,20250.0,0.0,169.65,26250.0,0.0,693.9,696.95,662.0,2.633,2026-02-02 23:54,27943
CAMS,2026-02-24,920.0,0.05,3750.0,3000.0,0.0,0.0,0.0,693.9,696.95,662.0,2.633,2026-02-02 23:54,37252
CANBK,2026-02-24,118.0,0.0,0.0,0.0,0.0,0.0,0.0,146.47,146.97,139.0,3.843,2026-02-02 23:54,201242
CANBK,2026-02-24,119.0,0.0,0.0,0.0,0.0,0.0,0.0,146.47,146.97,139.0,3.843,2026-02-02 23:54,192761
CANBK,2026-02-24,120.0,0.0,0.0,0.0,0.14,378000.0,573750.0,146.47,146.97,139.0,3.843,2026-02-02 23:54,184280
CANBK,2026-02-24,121.0,0.0,0.0,0.0,0.0,0.0,0.0,146.47,146.97,139.0,3.843,2026-02-02 23:54,175832
CANBK,2026-02-24,122.0,0.0,0.0,0.0,0.17,580500.0,1248750.0,146.47,146.97,139.0,3.843,2026-02-02 23:54,167389
CANBK,2026-02-24,123.0,0.0,0.0,0.0,0.0,0.0,0.0,146.47,146.97,139.0,3.843,2026-02-02 23:54,158994
CANBK,2026-02-24,124.0,0.0,0.0,0.0,0.22,324000.0,1086750.0,146.47,146.97,139.0,3.843,2026-02-02 23:54,150610
CANBK,2026-02-24,125.0,0.0,0.0,0.0,0.24,310500.0,1026000.0,146.47,146.97,139.0,3.843,2026-02-02 23:54,142250
CANBK,2026-02-24,126.0,0.0,0.0,0.0,0.28,486000.0,1275750.0,146.47,146.97,139.0,3.843,2026-02-02 23:54,133921
CANBK,2026-02-24,127.0,0.0,0.0,0.0,0.32,290250.0,540000.0,146.47,146.97,139.0,3.843,2026-02-02 23:54,125635
CANBK,2026-02-24,128.0,13.44,216000.0,40500.0,0.36,1626750.0,1991250.0,146.47,146.97,139.0,3.843,2026-02-02 23:54,117382
CANBK,2026-02-24,129.0,0.0,0.0,0.0,0.0,0.0,0.0,146.47,146.97,139.0,3.843,2026-02-02 23:54,109554
CANBK,2026-02-24,130.0,17.85,627750.0,479250.0,0.49,5514750.0,7310250.0,146.47,146.97,139.0,3.843,2026-02-02 23:54,101494
CANBK,2026-02-24,131.0,0.0,0.0,0.0,0.53,175500.0,371250.0,146.47,146.97,139.0,3.843,2026-02-02 23:54,94899
CANBK,2026-02-24,132.0,22.0,6750.0,0.0,0.63,357750.0,951750.0,146.47,146.97,139.0,3.843,2026-02-02 23:54,87462
CANBK,2026-02-24,133.0,9.48,13500.0,20250.0,0.72,384750.0,823500.0,146.47,146.97,139.0,3.843,2026-02-02 23:54,80063
CANBK,2026-02-24,134.0,10.64,67500.0,40500.0,0.84,1275750.0,2031750.0,146.47,146.97,139.0,3.843,2026-02-02 23:54,72697
CANBK,2026-02-24,135.0,13.02,27000.0,135000.0,0.94,2625750.0,8410500.0,146.47,146.97,139.0,3.843,2026-02-02 23:54,65445
CANBK,2026-02-24,136.0,10.0,60750.0,87750.0,1.11,1849500.0,1998000.0,146.47,146.97,139.0,3.843,2026-02-02 23:54,58281
CANBK,2026-02-24,137.0,10.35,310500.0,94500.0,1.28,310500.0,749250.0,146.47,146.97,139.0,3.843,2026-02-02 23:54,51376
CANBK,2026-02-24,138.0,10.55,108000.0,256500.0,1.38,1728000.0,3057750.0,146.47,146.97,139.0,3.843,2026-02-02 23:54,44959
CANBK,2026-02-24,139.0,9.81,94500.0,337500.0,1.62,1714500.0,2146500.0,146.47,146.97,139.0,3.843,2026-02-02 23:54,38319
CANBK,2026-02-24,140.0,8.9,2443500.0,13446000.0,1.88,13945500.0,29274750.0,146.47,146.97,139.0,3.843,2026-02-02 23:54,31800
CANBK,2026-02-24,141.0,8.34,330750.0,2416500.0,2.1,1458000.0,2065500.0,146.47,146.97,139.0,3.843,2026-02-02 23:54,26658
CANBK,2026-02-24,142.0,7.62,391500.0,3415500.0,2.42,1444500.0,4218750.0,146.47,146.97,139.0,3.843,2026-02-02 23:54,22111
CANBK,2026-02-24,143.0,7.05,452250.0,2686500.0,2.8,1242000.0,1755000.0,146.47,146.97,139.0,3.843,2026-02-02 23:54,17727
CANBK,2026-02-24,144.0,6.24,546750.0,3307500.0,3.15,1154250.0,1640250.0,146.47,146.97,139.0,3.843,2026-02-02 23:54,13534
CANBK,2026-02-24,145.0,5.61,5899500.0,25791750.0,3.48,9558000.0,14802750.0,146.47,146.97,139.0,3.843,2026-02-02 23:54,9519
CANBK,2026-02-24,146.0,5.08,749250.0,3192750.0,3.97,1572750.0,1937250.0,146.47,146.97,139.0,3.843,2026-02-02 23:54,7055
CANBK,2026-02-24,147.0,4.61,924750.0,2261250.0,4.34,1066500.0,776250.0,146.47,146.97,139.0,3.843,2026-02-02 23:54,4595
CANBK,2026-02-24,148.0,4.11,1572750.0,3867750.0,4.9,1181250.0,992250.0,146.47,146.97,139.0,3.843,2026-02-02 23:54,2543
CANBK,2026-02-24,149.0,3.76,999000.0,1971000.0,5.44,627750.0,715500.0,146.47,146.97,139.0,3.843,2026-02-02 23:54,869
CANBK,2026-02-24,150.0,3.34,14735250.0,45717750.0,6.27,8336250.0,4461750.0,146.47,146.97,139.0,3.843,2026-02-02 23:54,-674
CANBK,2026-02-24,151.0,2.98,1795500.0,3618000.0,6.64,850500.0,432000.0,146.47,146.97,139.0,3.843,2026-02-02 23:54,-250
CANBK,2026-02-24,152.0,2.65,3604500.0,5238000.0,7.4,999000.0,546750.0,146.47,146.97,139.0,3.843,2026-02-02 23:54,713
CANBK,2026-02-24,153.0,2.45,2713500.0,2990250.0,8.05,1019250.0,263250.0,146.47,146.97,139.0,3.843,2026-02-02 23:54,2383
CANBK,2026-02-24,154.0,2.14,3206250.0,2430000.0,8.79,1741500.0,195750.0,146.47,146.97,139.0,3.843,2026-02-02 23:54,4055
CANBK,2026-02-24,155.0,1.92,14526000.0,24678000.0,9.56,4266000.0,1984500.0,146.47,146.97,139.0,3.843,2026-02-02 23:54,5532
CANBK,2026-02-24,156.0,1.75,2234250.0,4272750.0,10.68,567000.0,216000.0,146.47,146.97,139.0,3.843,2026-02-02 23:54,8444
CANBK,2026-02-24,157.0,1.6,1822500.0,1478250.0,11.19,1026000.0,283500.0,146.47,146.97,139.0,3.843,2026-02-02 23:54,12711
CANBK,2026-02-24,158.0,1.45,2990250.0,2558250.0,13.11,857250.0,256500.0,146.47,146.97,139.0,3.843,2026-02-02 23:54,16620
CANBK,2026-02-24,159.0,1.3,3719250.0,1701000.0,18.01,1566000.0,27000.0,146.47,146.97,139.0,3.843,2026-02-02 23:54,21081
CANBK,2026-02-24,160.0,1.18,30638250.0,24590250.0,13.72,6250500.0,587250.0,146.47,146.97,139.0,3.843,2026-02-02 23:54,24423
CANBK,2026-02-24,161.0,1.04,2416500.0,1228500.0,14.48,1491750.0,0.0,146.47,146.97,139.0,3.843,2026-02-02 23:54,28831
CANBK,2026-02-24,162.0,0.96,3469500.0,1397250.0,18.23,607500.0,13500.0,146.47,146.97,139.0,3.843,2026-02-02 23:54,36682
CANBK,2026-02-24,163.0,0.89,1235250.0,749250.0,16.18,74250.0,0.0,146.47,146.97,139.0,3.843,2026-02-02 23:54,46074
CANBK,2026-02-24,164.0,0.81,1255500.0,594000.0,14.5,27000.0,0.0,146.47,146.97,139.0,3.843,2026-02-02 23:54,56362
CANBK,2026-02-24,165.0,0.75,10793250.0,7425000.0,19.3,1127250.0,27000.0,146.47,146.97,139.0,3.843,2026-02-02 23:54,66850
CANBK,2026-02-24,166.0,0.66,1093500.0,918000.0,10.72,128250.0,0.0,146.47,146.97,139.0,3.843,2026-02-02 23:54,77102
CANBK,2026-02-24,167.0,0.6,1086750.0,985500.0,18.04,54000.0,0.0,146.47,146.97,139.0,3.843,2026-02-02 23:54,88777
CANBK,2026-02-24,168.0,0.56,810000.0,1194750.0,0.0,0.0,0.0,146.47,146.97,139.0,3.843,2026-02-02 23:54,100600
CANBK,2026-02-24,169.0,0.52,614250.0,945000.0,0.0,0.0,0.0,146.47,146.97,139.0,3.843,2026-02-02 23:54,112580
CANBK,2026-02-24,170.0,0.48,15241500.0,12865500.0,25.16,540000.0,121500.0,146.47,146.97,139.0,3.843,2026-02-02 23:54,124609
CANBK,2026-02-24,172.0,0.41,911250.0,1410750.0,0.0,0.0,0.0,146.47,146.97,139.0,3.843,2026-02-02 23:54,151132
CANBK,2026-02-24,174.0,0.36,1863000.0,1397250.0,0.0,0.0,0.0,146.47,146.97,139.0,3.843,2026-02-02 23:54,178501
CANBK,2026-02-24,176.0,0.3,2234250.0,1215000.0,0.0,0.0,0.0,146.47,146.97,139.0,3.843,2026-02-02 23:54,206273
CANBK,2026-02-24,178.0,0.28,1154250.0,783000.0,0.0,0.0,0.0,146.47,146.97,139.0,3.843,2026-02-02 23:54,234492
CANBK,2026-02-24,180.0,0.23,9990000.0,7971750.0,23.28,94500.0,0.0,146.47,146.97,139.0,3.843,2026-02-02 23:54,262906
CDSL,2026-02-24,1000.0,0.0,0.0,0.0,2.1,41800.0,123975.0,1237.2,1244.6,1195.0,0.561,2026-02-02 23:54,159241
CDSL,2026-02-24,1040.0,0.0,0.0,0.0,3.4,14725.0,26600.0,1237.2,1244.6,1195.0,0.561,2026-02-02 23:54,138578
CDSL,2026-02-24,1060.0,0.0,0.0,0.0,4.4,45125.0,151525.0,1237.2,1244.6,1195.0,0.561,2026-02-02 23:54,128275
CDSL,2026-02-24,1080.0,0.0,0.0,0.0,5.6,103550.0,262675.0,1237.2,1244.6,1195.0,0.561,2026-02-02 23:54,118047
CDSL,2026-02-24,1100.0,140.05,0.0,950.0,6.95,128250.0,460275.0,1237.2,1244.6,1195.0,0.561,2026-02-02 23:54,107988
CDSL,2026-02-24,1120.0,134.0,7600.0,1425.0,9.15,203775.0,306850.0,1237.2,1244.6,1195.0,0.561,2026-02-02 23:54,98155
CDSL,2026-02-24,1140.0,110.05,13775.0,17575.0,11.8,110675.0,266475.0,1237.2,1244.6,1195.0,0.561,2026-02-02 23:54,88749
CDSL,2026-02-24,1160.0,95.75,10925.0,19000.0,15.05,144875.0,361950.0,1237.2,1244.6,1195.0,0.561,2026-02-02 23:54,79698
CDSL,2026-02-24,1180.0,86.0,10450.0,25650.0,19.8,108775.0,335825.0,1237.2,1244.6,1195.0,0.561,2026-02-02 23:54,70823
CDSL,2026-02-24,1200.0,70.05,119700.0,563350.0,25.5,463600.0,2260525.0,1237.2,1244.6,1195.0,0.561,2026-02-02 23:54,62175
CDSL,2026-02-24,1220.0,58.7,114475.0,1028375.0,33.0,186200.0,671175.0,1237.2,1244.6,1195.0,0.561,2026-02-02 23:54,54476
CDSL,2026-02-24,1240.0,47.0,173375.0,1456825.0,40.7,228000.0,265050.0,1237.2,1244.6,1195.0,0.561,2026-02-02 23:54,47779
CDSL,2026-02-24,1260.0,37.5,203300.0,967575.0,51.0,208050.0,168150.0,1237.2,1244.6,1195.0,0.561,2026-02-02 23:54,41714
CDSL,2026-02-24,1280.0,29.9,147725.0,647900.0,63.15,116850.0,90250.0,1237.2,1244.6,1195.0,0.561,2026-02-02 23:54,36286
CDSL,2026-02-24,1300.0,22.9,559075.0,1472975.0,76.0,369075.0,100225.0,1237.2,1244.6,1195.0,0.561,2026-02-02 23:54,31390
CDSL,2026-02-24,1320.0,17.8,403275.0,475000.0,90.6,192850.0,403275.0,1237.2,1244.6,1195.0,0.561,2026-02-02 23:54,27122
CDSL,2026-02-24,1340.0,13.85,496375.0,555750.0,105.4,273600.0,25175.0,1237.2,1244.6,1195.0,0.561,2026-02-02 23:54,24541
CDSL,2026-02-24,1360.0,11.05,1075875.0,1059250.0,124.0,478800.0,24700.0,1237.2,1244.6,1195.0,0.561,2026-02-02 23:54,22333
CDSL,2026-02-24,1380.0,8.55,667850.0,415625.0,148.75,171950.0,19475.0,1237.2,1244.6,1195.0,0.561,2026-02-02 23:54,20683
CDSL,2026-02-24,1400.0,6.7,928150.0,1045475.0,173.65,536750.0,20900.0,1237.2,1244.6,1195.0,0.561,2026-02-02 23:54,23474
CDSL,2026-02-24,1420.0,5.3,115900.0,165300.0,116.0,23275.0,0.0,1237.2,1244.6,1195.0,0.561,2026-02-02 23:54,22482
CDSL,2026-02-24,1440.0,4.35,275975.0,357200.0,215.0,102125.0,2375.0,1237.2,1244.6,1195.0,0.561,2026-02-02 23:54,30260
CDSL,2026-02-24,1460.0,3.55,161025.0,170050.0,244.4,75525.0,1425.0,1237.2,1244.6,1195.0,0.561,2026-02-02 23:54,36926
CDSL,2026-02-24,1480.0,2.9,244150.0,125400.0,254.35,45125.0,950.0,1237.2,1244.6,1195.0,0.561,2026-02-02 23:54,44352
CDSL,2026-02-24,1500.0,2.55,559075.0,364800.0,257.3,342950.0,9500.0,1237.2,1244.6,1195.0,0.561,2026-02-02 23:54,53069
CDSL,2026-02-24,1520.0,2.0,337725.0,58425.0,302.0,26125.0,475.0,1237.2,1244.6,1195.0,0.561,2026-02-02 23:54,55985
CDSL,2026-02-24,1540.0,1.7,69825.0,30875.0,325.0,18525.0,475.0,1237.2,1244.6,1195.0,0.561,2026-02-02 23:54,67589
CDSL,2026-02-24,1560.0,1.35,39425.0,26125.0,250.0,18050.0,0.0,1237.2,1244.6,1195.0,0.561,2026-02-02 23:54,79500
CDSL,2026-02-24,1580.0,1.85,9025.0,0.0,246.0,21850.0,0.0,1237.2,1244.6,1195.0,0.561,2026-02-02 23:54,91672
CDSL,2026-02-24,1600.0,1.05,157700.0,55575.0,351.0,234650.0,17575.0,1237.2,1244.6,1195.0,0.561,2026-02-02 23:54,103814
CDSL,2026-02-24,1620.0,1.2,12825.0,0.0,0.0,0.0,0.0,1237.2,1244.6,1195.0,0.561,2026-02-02 23:54,109058
CDSL,2026-02-24,1640.0,0.0,0.0,0.0,315.0,26600.0,0.0,1237.2,1244.6,1195.0,0.561,2026-02-02 23:54,122549
CDSL,2026-02-24,1680.0,0.65,23275.0,58900.0,461.05,88825.0,8550.0,1237.2,1244.6,1195.0,0.561,2026-02-02 23:54,148795
CDSL,2026-02-24,1720.0,0.0,0.0,0.0,385.0,32775.0,0.0,1237.2,1244.6,1195.0,0.561,2026-02-02 23:54,172234
CDSL,2026-02-24,1800.0,0.0,0.0,0.0,465.0,21850.0,0.0,1237.2,1244.6,1195.0,0.561,2026-02-02 23:54,226301
CGPOWER,2026-02-24,440.0,0.0,0.0,0.0,0.55,17000.0,0.0,608.35,609.95,586.4,1.918,2026-02-02 23:54,52599
CGPOWER,2026-02-24,460.0,0.0,0.0,0.0,0.4,39950.0,7650.0,608.35,609.95,586.4,1.918,2026-02-02 23:54,41363
CGPOWER,2026-02-24,470.0,0.0,0.0,0.0,0.0,0.0,0.0,608.35,609.95,586.4,1.918,2026-02-02 23:54,35784
CGPOWER,2026-02-24,480.0,77.5,2550.0,0.0,0.6,113050.0,82450.0,608.35,609.95,586.4,1.918,2026-02-02 23:54,30206
CGPOWER,2026-02-24,490.0,94.2,13600.0,0.0,0.95,11050.0,5100.0,608.35,609.95,586.4,1.918,2026-02-02 23:54,24757
CGPOWER,2026-02-24,500.0,97.55,23800.0,0.0,0.85,760750.0,328100.0,608.35,609.95,586.4,1.918,2026-02-02 23:54,19446
CGPOWER,2026-02-24,510.0,72.4,7650.0,0.0,1.1,144500.0,40800.0,608.35,609.95,586.4,1.918,2026-02-02 23:54,14961
CGPOWER,2026-02-24,520.0,84.7,207400.0,850.0,1.5,390150.0,170850.0,608.35,609.95,586.4,1.918,2026-02-02 23:54,10500
CGPOWER,2026-02-24,530.0,75.3,85000.0,5100.0,2.05,444550.0,258400.0,608.35,609.95,586.4,1.918,2026-02-02 23:54,8295
CGPOWER,2026-02-24,540.0,69.4,140250.0,9350.0,2.8,307700.0,353600.0,608.35,609.95,586.4,1.918,2026-02-02 23:54,5470
CGPOWER,2026-02-24,550.0,58.0,288150.0,60350.0,3.8,563550.0,450500.0,608.35,609.95,586.4,1.918,2026-02-02 23:54,3432
CGPOWER,2026-02-24,560.0,55.6,210800.0,32300.0,5.1,309400.0,742900.0,608.35,609.95,586.4,1.918,2026-02-02 23:54,2815
CGPOWER,2026-02-24,570.0,46.85,229500.0,95200.0,7.0,357850.0,591600.0,608.35,609.95,586.4,1.918,2026-02-02 23:54,2275
CGPOWER,2026-02-24,580.0,37.55,326400.0,368900.0,9.5,369750.0,676600.0,608.35,609.95,586.4,1.918,2026-02-02 23:54,2133
CGPOWER,2026-02-24,590.0,31.3,340000.0,696150.0,12.6,302600.0,646000.0,608.35,609.95,586.4,1.918,2026-02-02 23:54,2737
CGPOWER,2026-02-24,600.0,25.15,965600.0,2854300.0,16.6,482800.0,976650.0,608.35,609.95,586.4,1.918,2026-02-02 23:54,3793
CGPOWER,2026-02-24,610.0,20.05,463250.0,1554650.0,21.85,322150.0,420750.0,608.35,609.95,586.4,1.918,2026-02-02 23:54,7240
CGPOWER,2026-02-24,620.0,15.9,734400.0,1359150.0,26.7,222700.0,173400.0,608.35,609.95,586.4,1.918,2026-02-02 23:54,10071
CGPOWER,2026-02-24,630.0,12.65,328100.0,758200.0,33.1,80750.0,159800.0,608.35,609.95,586.4,1.918,2026-02-02 23:54,14208
CGPOWER,2026-02-24,640.0,9.5,363800.0,736950.0,39.7,40800.0,32300.0,608.35,609.95,586.4,1.918,2026-02-02 23:54,18327
CGPOWER,2026-02-24,650.0,7.55,754800.0,1259700.0,53.2,95200.0,36550.0,608.35,609.95,586.4,1.918,2026-02-02 23:54,22888
CGPOWER,2026-02-24,660.0,5.9,234600.0,359550.0,65.5,12750.0,0.0,608.35,609.95,586.4,1.918,2026-02-02 23:54,28178
CGPOWER,2026-02-24,670.0,4.75,164900.0,220150.0,120.0,7650.0,0.0,608.35,609.95,586.4,1.918,2026-02-02 23:54,33707
CGPOWER,2026-02-24,680.0,3.75,158100.0,194650.0,135.0,4250.0,0.0,608.35,609.95,586.4,1.918,2026-02-02 23:54,39340
CGPOWER,2026-02-24,690.0,2.95,74800.0,97750.0,145.0,15300.0,0.0,608.35,609.95,586.4,1.918,2026-02-02 23:54,45151
CGPOWER,2026-02-24,700.0,2.35,665550.0,615400.0,94.0,159800.0,8500.0,608.35,609.95,586.4,1.918,2026-02-02 23:54,50850
CGPOWER,2026-02-24,710.0,1.85,62050.0,33150.0,111.55,3400.0,0.0,608.35,609.95,586.4,1.918,2026-02-02 23:54,56228
CGPOWER,2026-02-24,720.0,1.55,115600.0,68000.0,123.25,30600.0,0.0,608.35,609.95,586.4,1.918,2026-02-02 23:54,62992
CGPOWER,2026-02-24,740.0,1.1,174250.0,167450.0,150.0,24650.0,0.0,608.35,609.95,586.4,1.918,2026-02-02 23:54,76505
CGPOWER,2026-02-24,760.0,0.85,100300.0,44200.0,0.0,0.0,0.0,608.35,609.95,586.4,1.918,2026-02-02 23:54,90424
CGPOWER,2026-02-24,800.0,0.4,112200.0,57800.0,0.0,0.0,0.0,608.35,609.95,586.4,1.918,2026-02-02 23:54,119373
CHOLAFIN,2026-02-24,1280.0,0.0,0.0,0.0,0.0,0.0,0.0,1594.3,1598.2,1527.0,0.937,2026-02-02 23:54,67169
CHOLAFIN,2026-02-24,1320.0,0.0,0.0,0.0,1.0,13125.0,23125.0,1594.3,1598.2,1527.0,0.937,2026-02-02 23:54,57564
CHOLAFIN,2026-02-24,1360.0,0.0,0.0,0.0,1.75,157500.0,192500.0,1594.3,1598.2,1527.0,0.937,2026-02-02 23:54,48011
CHOLAFIN,2026-02-24,1400.0,253.0,10000.0,0.0,3.05,71875.0,236250.0,1594.3,1598.2,1527.0,0.937,2026-02-02 23:54,39060
CHOLAFIN,2026-02-24,1420.0,0.0,0.0,0.0,4.1,4375.0,8125.0,1594.3,1598.2,1527.0,0.937,2026-02-02 23:54,34994
CHOLAFIN,2026-02-24,1440.0,0.0,0.0,0.0,5.55,80625.0,540000.0,1594.3,1598.2,1527.0,0.937,2026-02-02 23:54,30704
CHOLAFIN,2026-02-24,1460.0,0.0,0.0,0.0,7.55,33750.0,113750.0,1594.3,1598.2,1527.0,0.937,2026-02-02 23:54,26531
CHOLAFIN,2026-02-24,1480.0,0.0,0.0,0.0,9.9,83125.0,200625.0,1594.3,1598.2,1527.0,0.937,2026-02-02 23:54,22446
CHOLAFIN,2026-02-24,1500.0,108.65,5625.0,25000.0,13.3,202500.0,925000.0,1594.3,1598.2,1527.0,0.937,2026-02-02 23:54,18470
CHOLAFIN,2026-02-24,1520.0,98.45,7500.0,23750.0,17.3,81250.0,416250.0,1594.3,1598.2,1527.0,0.937,2026-02-02 23:54,14784
CHOLAFIN,2026-02-24,1540.0,85.4,75625.0,375625.0,21.95,215000.0,1323750.0,1594.3,1598.2,1527.0,0.937,2026-02-02 23:54,11417
CHOLAFIN,2026-02-24,1560.0,68.45,67500.0,518125.0,28.85,83125.0,352500.0,1594.3,1598.2,1527.0,0.937,2026-02-02 23:54,8872
CHOLAFIN,2026-02-24,1580.0,57.95,110000.0,441250.0,37.35,82500.0,241250.0,1594.3,1598.2,1527.0,0.937,2026-02-02 23:54,6677
CHOLAFIN,2026-02-24,1600.0,47.1,173125.0,880625.0,45.05,383750.0,428125.0,1594.3,1598.2,1527.0,0.937,2026-02-02 23:54,4974
CHOLAFIN,2026-02-24,1620.0,37.7,67500.0,186250.0,53.95,66875.0,31875.0,1594.3,1598.2,1527.0,0.937,2026-02-02 23:54,3142
CHOLAFIN,2026-02-24,1640.0,28.7,250625.0,436250.0,66.45,148125.0,215000.0,1594.3,1598.2,1527.0,0.937,2026-02-02 23:54,2386
CHOLAFIN,2026-02-24,1660.0,23.25,261875.0,453125.0,78.3,215000.0,68750.0,1594.3,1598.2,1527.0,0.937,2026-02-02 23:54,2268
CHOLAFIN,2026-02-24,1680.0,17.45,232500.0,376250.0,96.9,101250.0,25000.0,1594.3,1598.2,1527.0,0.937,2026-02-02 23:54,2295
CHOLAFIN,2026-02-24,1700.0,13.7,436250.0,1058750.0,112.4,71250.0,10000.0,1594.3,1598.2,1527.0,0.937,2026-02-02 23:54,3488
CHOLAFIN,2026-02-24,1720.0,10.5,106875.0,159375.0,114.3,33750.0,0.0,1594.3,1598.2,1527.0,0.937,2026-02-02 23:54,6069
CHOLAFIN,2026-02-24,1740.0,7.95,61250.0,114375.0,144.75,11875.0,0.0,1594.3,1598.2,1527.0,0.937,2026-02-02 23:54,8860
CHOLAFIN,2026-02-24,1760.0,6.2,56875.0,75625.0,123.65,6250.0,0.0,1594.3,1598.2,1527.0,0.937,2026-02-02 23:54,11948
CHOLAFIN,2026-02-24,1780.0,5.0,82500.0,41250.0,210.45,170625.0,1875.0,1594.3,1598.2,1527.0,0.937,2026-02-02 23:54,15244
CHOLAFIN,2026-02-24,1800.0,4.0,210000.0,433125.0,240.95,62500.0,625.0,1594.3,1598.2,1527.0,0.937,2026-02-02 23:54,15538
CHOLAFIN,2026-02-24,1820.0,1.95,9375.0,2500.0,153.7,1250.0,0.0,1594.3,1598.2,1527.0,0.937,2026-02-02 23:54,18505
CHOLAFIN,2026-02-24,1840.0,2.8,86875.0,71875.0,228.55,6250.0,0.0,1594.3,1598.2,1527.0,0.937,2026-02-02 23:54,22897
CHOLAFIN,2026-02-24,1860.0,0.0,0.0,0.0,104.0,1250.0,0.0,1594.3,1598.2,1527.0,0.937,2026-02-02 23:54,27375
CHOLAFIN,2026-02-24,1880.0,1.35,22500.0,13125.0,111.1,5625.0,0.0,1594.3,1598.2,1527.0,0.937,2026-02-02 23:54,31961
CHOLAFIN,2026-02-24,1900.0,1.35,90000.0,64375.0,0.0,0.0,0.0,1594.3,1598.2,1527.0,0.937,2026-02-02 23:54,36556
CHOLAFIN,2026-02-24,1920.0,2.0,11250.0,0.0,176.7,1875.0,0.0,1594.3,1598.2,1527.0,0.937,2026-02-02 23:54,41403
CHOLAFIN,2026-02-24,1940.0,2.2,70625.0,0.0,0.0,0.0,0.0,1594.3,1598.2,1527.0,0.937,2026-02-02 23:54,46234
CHOLAFIN,2026-02-24,1960.0,1.6,29375.0,0.0,270.2,1875.0,0.0,1594.3,1598.2,1527.0,0.937,2026-02-02 23:54,51252
CHOLAFIN,2026-02-24,1980.0,10.85,1875.0,0.0,0.0,0.0,0.0,1594.3,1598.2,1527.0,0.937,2026-02-02 23:54,56271
CHOLAFIN,2026-02-24,2000.0,1.1,80000.0,0.0,340.0,3125.0,0.0,1594.3,1598.2,1527.0,0.937,2026-02-02 23:54,61342
CHOLAFIN,2026-02-24,2040.0,11.5,3750.0,0.0,0.0,0.0,0.0,1594.3,1598.2,1527.0,0.937,2026-02-02 23:54,71714
CHOLAFIN,2026-02-24,2080.0,0.2,2500.0,0.0,0.0,0.0,0.0,1594.3,1598.2,1527.0,0.937,2026-02-02 23:54,82204
CIPLA,2026-02-24,1100.0,225.0,375.0,0.0,0.4,13500.0,5250.0,1311.6,1333.0,1293.1,-1.302,2026-02-02 23:54,70789
CIPLA,2026-02-24,1120.0,0.0,0.0,0.0,0.65,4875.0,0.0,1311.6,1333.0,1293.1,-1.302,2026-02-02 23:54,63362
CIPLA,2026-02-24,1140.0,0.0,0.0,0.0,0.6,69375.0,50625.0,1311.6,1333.0,1293.1,-1.302,2026-02-02 23:54,55937
CIPLA,2026-02-24,1160.0,0.0,0.0,0.0,1.2,156000.0,30000.0,1311.6,1333.0,1293.1,-1.302,2026-02-02 23:54,48646
CIPLA,2026-02-24,1180.0,0.0,0.0,0.0,1.55,427500.0,154125.0,1311.6,1333.0,1293.1,-1.302,2026-02-02 23:54,41653
CIPLA,2026-02-24,1200.0,127.0,3000.0,0.0,2.5,151500.0,138000.0,1311.6,1333.0,1293.1,-1.302,2026-02-02 23:54,35468
CIPLA,2026-02-24,1210.0,0.0,0.0,0.0,3.05,26250.0,30750.0,1311.6,1333.0,1293.1,-1.302,2026-02-02 23:54,32563
CIPLA,2026-02-24,1220.0,0.0,0.0,0.0,3.85,59250.0,70500.0,1311.6,1333.0,1293.1,-1.302,2026-02-02 23:54,29676
CIPLA,2026-02-24,1230.0,0.0,0.0,0.0,4.9,37125.0,36000.0,1311.6,1333.0,1293.1,-1.302,2026-02-02 23:54,26834
CIPLA,2026-02-24,1240.0,0.0,0.0,0.0,5.75,78750.0,43125.0,1311.6,1333.0,1293.1,-1.302,2026-02-02 23:54,24033
CIPLA,2026-02-24,1250.0,69.7,1125.0,3000.0,7.4,115875.0,90750.0,1311.6,1333.0,1293.1,-1.302,2026-02-02 23:54,21284
CIPLA,2026-02-24,1260.0,75.55,1125.0,0.0,8.65,78000.0,109125.0,1311.6,1333.0,1293.1,-1.302,2026-02-02 23:54,18619
CIPLA,2026-02-24,1270.0,53.85,4500.0,9375.0,10.8,53250.0,58125.0,1311.6,1333.0,1293.1,-1.302,2026-02-02 23:54,16053
CIPLA,2026-02-24,1280.0,48.2,18375.0,19875.0,12.85,148125.0,140625.0,1311.6,1333.0,1293.1,-1.302,2026-02-02 23:54,13569
CIPLA,2026-02-24,1290.0,41.25,24750.0,64500.0,16.4,101625.0,240375.0,1311.6,1333.0,1293.1,-1.302,2026-02-02 23:54,11184
CIPLA,2026-02-24,1300.0,34.65,242625.0,670125.0,19.85,545625.0,634500.0,1311.6,1333.0,1293.1,-1.302,2026-02-02 23:54,8963
CIPLA,2026-02-24,1310.0,29.0,121500.0,363000.0,24.25,132750.0,402000.0,1311.6,1333.0,1293.1,-1.302,2026-02-02 23:54,7352
CIPLA,2026-02-24,1320.0,23.65,296250.0,856875.0,28.0,225750.0,192375.0,1311.6,1333.0,1293.1,-1.302,2026-02-02 23:54,6267
CIPLA,2026-02-24,1330.0,19.5,252750.0,505125.0,33.45,161250.0,102375.0,1311.6,1333.0,1293.1,-1.302,2026-02-02 23:54,5744
CIPLA,2026-02-24,1340.0,15.7,296250.0,451125.0,39.65,91875.0,29250.0,1311.6,1333.0,1293.1,-1.302,2026-02-02 23:54,5519
CIPLA,2026-02-24,1350.0,13.15,224625.0,342750.0,46.6,99375.0,34875.0,1311.6,1333.0,1293.1,-1.302,2026-02-02 23:54,5829
CIPLA,2026-02-24,1360.0,10.05,211875.0,227250.0,55.05,125625.0,25875.0,1311.6,1333.0,1293.1,-1.302,2026-02-02 23:54,6195
CIPLA,2026-02-24,1370.0,8.3,147000.0,169875.0,62.55,46500.0,12000.0,1311.6,1333.0,1293.1,-1.302,2026-02-02 23:54,6587
CIPLA,2026-02-24,1380.0,7.05,281625.0,251625.0,73.9,104625.0,9750.0,1311.6,1333.0,1293.1,-1.302,2026-02-02 23:54,7483
CIPLA,2026-02-24,1390.0,5.75,75375.0,91125.0,67.85,9750.0,0.0,1311.6,1333.0,1293.1,-1.302,2026-02-02 23:54,8359
CIPLA,2026-02-24,1400.0,4.5,765750.0,595125.0,89.25,231375.0,52875.0,1311.6,1333.0,1293.1,-1.302,2026-02-02 23:54,9873
CIPLA,2026-02-24,1410.0,3.9,55125.0,30375.0,85.4,7125.0,0.0,1311.6,1333.0,1293.1,-1.302,2026-02-02 23:54,10685
CIPLA,2026-02-24,1420.0,3.05,285000.0,100875.0,98.65,35250.0,0.0,1311.6,1333.0,1293.1,-1.302,2026-02-02 23:54,13241
CIPLA,2026-02-24,1430.0,2.7,41625.0,76875.0,108.5,1500.0,0.0,1311.6,1333.0,1293.1,-1.302,2026-02-02 23:54,15896
CIPLA,2026-02-24,1440.0,2.4,119625.0,75750.0,114.0,28875.0,0.0,1311.6,1333.0,1293.1,-1.302,2026-02-02 23:54,18850
CIPLA,2026-02-24,1450.0,2.0,115125.0,67500.0,137.35,40500.0,2250.0,1311.6,1333.0,1293.1,-1.302,2026-02-02 23:54,21657
CIPLA,2026-02-24,1460.0,1.7,237375.0,15000.0,153.0,96000.0,1125.0,1311.6,1333.0,1293.1,-1.302,2026-02-02 23:54,24386
CIPLA,2026-02-24,1470.0,1.5,100125.0,14625.0,154.05,2250.0,0.0,1311.6,1333.0,1293.1,-1.302,2026-02-02 23:54,26554
CIPLA,2026-02-24,1480.0,1.35,54750.0,15750.0,150.0,22125.0,0.0,1311.6,1333.0,1293.1,-1.302,2026-02-02 23:54,30233
CIPLA,2026-02-24,1490.0,1.2,31125.0,5625.0,0.0,0.0,0.0,1311.6,1333.0,1293.1,-1.302,2026-02-02 23:54,33684
CIPLA,2026-02-24,1500.0,0.9,742500.0,251250.0,187.0,163875.0,1875.0,1311.6,1333.0,1293.1,-1.302,2026-02-02 23:54,37494
CIPLA,2026-02-24,1510.0,0.85,121125.0,16875.0,128.5,2250.0,0.0,1311.6,1333.0,1293.1,-1.302,2026-02-02 23:54,39210
CIPLA,2026-02-24,1520.0,1.0,22125.0,375.0,139.0,9000.0,0.0,1311.6,1333.0,1293.1,-1.302,2026-02-02 23:54,44028
CIPLA,2026-02-24,1530.0,0.7,6750.0,0.0,208.5,3750.0,0.0,1311.6,1333.0,1293.1,-1.302,2026-02-02 23:54,48772
CIPLA,2026-02-24,1540.0,0.5,20625.0,1125.0,208.95,1125.0,0.0,1311.6,1333.0,1293.1,-1.302,2026-02-02 23:54,53572
CIPLA,2026-02-24,1550.0,0.75,18000.0,25500.0,160.75,3375.0,0.0,1311.6,1333.0,1293.1,-1.302,2026-02-02 23:54,58450
CIPLA,2026-02-24,1560.0,0.4,4500.0,0.0,237.5,2625.0,0.0,1311.6,1333.0,1293.1,-1.302,2026-02-02 23:54,63318
CIPLA,2026-02-24,1580.0,0.45,4875.0,0.0,0.0,0.0,0.0,1311.6,1333.0,1293.1,-1.302,2026-02-02 23:54,73112
CIPLA,2026-02-24,1600.0,0.85,69000.0,10875.0,268.0,16125.0,0.0,1311.6,1333.0,1293.1,-1.302,2026-02-02 23:54,82979
CIPLA,2026-02-24,1640.0,0.5,22500.0,0.0,0.0,0.0,0.0,1311.6,1333.0,1293.1,-1.302,2026-02-02 23:54,102625
CIPLA,2026-02-24,1700.0,1.1,11250.0,0.0,0.0,0.0,0.0,1311.6,1333.0,1293.1,-1.302,2026-02-02 23:54,132871
COALINDIA,2026-02-24,330.0,0.0,0.0,0.0,0.2,41850.0,13500.0,423.5,425.5,413.0,0.941,2026-02-02 23:54,131988
COALINDIA,2026-02-24,340.0,86.0,13500.0,0.0,0.0,0.0,0.0,423.5,425.5,413.0,0.941,2026-02-02 23:54,114765
COALINDIA,2026-02-24,350.0,69.2,4050.0,0.0,0.0,0.0,0.0,423.5,425.5,413.0,0.941,2026-02-02 23:54,97673
COALINDIA,2026-02-24,352.5,0.0,0.0,0.0,0.0,0.0,0.0,423.5,425.5,413.0,0.941,2026-02-02 23:54,93400
COALINDIA,2026-02-24,355.0,0.0,0.0,0.0,0.0,0.0,0.0,423.5,425.5,413.0,0.941,2026-02-02 23:54,89099
COALINDIA,2026-02-24,357.5,0.0,0.0,0.0,0.0,0.0,0.0,423.5,425.5,413.0,0.941,2026-02-02 23:54,84798
COALINDIA,2026-02-24,360.0,58.75,6750.0,5400.0,0.5,580500.0,313200.0,423.5,425.5,413.0,0.941,2026-02-02 23:54,80497
COALINDIA,2026-02-24,362.5,0.0,0.0,0.0,0.0,0.0,0.0,423.5,425.5,413.0,0.941,2026-02-02 23:54,76353
COALINDIA,2026-02-24,365.0,0.0,0.0,0.0,0.8,45900.0,52650.0,423.5,425.5,413.0,0.941,2026-02-02 23:54,72199
COALINDIA,2026-02-24,367.5,0.0,0.0,0.0,0.0,0.0,0.0,423.5,425.5,413.0,0.941,2026-02-02 23:54,68052
COALINDIA,2026-02-24,370.0,86.1,10800.0,0.0,0.85,708750.0,356400.0,423.5,425.5,413.0,0.941,2026-02-02 23:54,63909
COALINDIA,2026-02-24,372.5,0.0,0.0,0.0,0.0,0.0,0.0,423.5,425.5,413.0,0.941,2026-02-02 23:54,59979
COALINDIA,2026-02-24,375.0,0.0,0.0,0.0,1.05,330750.0,310500.0,423.5,425.5,413.0,0.941,2026-02-02 23:54,56016
COALINDIA,2026-02-24,377.5,0.0,0.0,0.0,1.2,14850.0,27000.0,423.5,425.5,413.0,0.941,2026-02-02 23:54,52101
COALINDIA,2026-02-24,380.0,39.85,81000.0,18900.0,1.4,1032750.0,935550.0,423.5,425.5,413.0,0.941,2026-02-02 23:54,48223
COALINDIA,2026-02-24,382.5,0.0,0.0,0.0,1.6,101250.0,101250.0,423.5,425.5,413.0,0.941,2026-02-02 23:54,44803
COALINDIA,2026-02-24,385.0,37.75,4050.0,0.0,1.8,144450.0,140400.0,423.5,425.5,413.0,0.941,2026-02-02 23:54,41214
COALINDIA,2026-02-24,387.5,32.55,5400.0,0.0,2.15,70200.0,20250.0,423.5,425.5,413.0,0.941,2026-02-02 23:54,37668
COALINDIA,2026-02-24,390.0,29.45,124200.0,76950.0,2.45,499500.0,654750.0,423.5,425.5,413.0,0.941,2026-02-02 23:54,34153
COALINDIA,2026-02-24,392.5,23.05,2700.0,6750.0,2.75,62100.0,41850.0,423.5,425.5,413.0,0.941,2026-02-02 23:54,31036
COALINDIA,2026-02-24,395.0,22.7,13500.0,17550.0,3.15,290250.0,166050.0,423.5,425.5,413.0,0.941,2026-02-02 23:54,27681
COALINDIA,2026-02-24,397.5,22.55,4050.0,9450.0,3.7,76950.0,52650.0,423.5,425.5,413.0,0.941,2026-02-02 23:54,24351
COALINDIA,2026-02-24,400.0,22.9,429300.0,279450.0,4.15,1609200.0,985500.0,423.5,425.5,413.0,0.941,2026-02-02 23:54,21083
COALINDIA,2026-02-24,402.5,17.45,6750.0,13500.0,4.9,136350.0,164700.0,423.5,425.5,413.0,0.941,2026-02-02 23:54,18660
COALINDIA,2026-02-24,405.0,19.3,94500.0,97200.0,5.45,390150.0,371250.0,423.5,425.5,413.0,0.941,2026-02-02 23:54,15902
COALINDIA,2026-02-24,407.5,17.65,37800.0,124200.0,6.3,166050.0,352350.0,423.5,425.5,413.0,0.941,2026-02-02 23:54,13290
COALINDIA,2026-02-24,410.0,15.9,245700.0,812700.0,7.0,787050.0,2025000.0,423.5,425.5,413.0,0.941,2026-02-02 23:54,10721
COALINDIA,2026-02-24,412.5,14.6,97200.0,287550.0,8.15,373950.0,924750.0,423.5,425.5,413.0,0.941,2026-02-02 23:54,8288
COALINDIA,2026-02-24,415.0,13.15,291600.0,1231200.0,9.2,579150.0,1127250.0,423.5,425.5,413.0,0.941,2026-02-02 23:54,5970
COALINDIA,2026-02-24,417.5,11.65,180900.0,729000.0,10.35,171450.0,662850.0,423.5,425.5,413.0,0.941,2026-02-02 23:54,3883
COALINDIA,2026-02-24,420.0,10.3,1514700.0,4491450.0,11.75,2489400.0,1260900.0,423.5,425.5,413.0,0.941,2026-02-02 23:54,2068
COALINDIA,2026-02-24,422.5,9.15,387450.0,576450.0,13.0,62100.0,187650.0,423.5,425.5,413.0,0.941,2026-02-02 23:54,-145
COALINDIA,2026-02-24,425.0,8.4,1426950.0,1431000.0,14.25,882900.0,444150.0,423.5,425.5,413.0,0.941,2026-02-02 23:54,-606
COALINDIA,2026-02-24,427.5,7.45,171450.0,292950.0,16.0,151200.0,44550.0,423.5,425.5,413.0,0.941,2026-02-02 23:54,-824
COALINDIA,2026-02-24,430.0,6.65,1669950.0,2280150.0,17.45,1275750.0,433350.0,423.5,425.5,413.0,0.941,2026-02-02 23:54,-1016
COALINDIA,2026-02-24,432.5,6.05,1015200.0,301050.0,19.25,228150.0,44550.0,423.5,425.5,413.0,0.941,2026-02-02 23:54,-1473
COALINDIA,2026-02-24,435.0,5.3,723600.0,858600.0,21.35,681750.0,74250.0,423.5,425.5,413.0,0.941,2026-02-02 23:54,-328
COALINDIA,2026-02-24,437.5,4.75,326700.0,413100.0,23.3,257850.0,32400.0,423.5,425.5,413.0,0.941,2026-02-02 23:54,-79
COALINDIA,2026-02-24,440.0,4.3,3373650.0,2662200.0,24.9,997650.0,83700.0,423.5,425.5,413.0,0.941,2026-02-02 23:54,941
COALINDIA,2026-02-24,442.5,3.75,315900.0,234900.0,27.4,190350.0,5400.0,423.5,425.5,413.0,0.941,2026-02-02 23:54,2468
COALINDIA,2026-02-24,445.0,3.5,750600.0,1009800.0,29.45,346950.0,52650.0,423.5,425.5,413.0,0.941,2026-02-02 23:54,4751
COALINDIA,2026-02-24,447.5,3.05,267300.0,187650.0,36.8,121500.0,8100.0,423.5,425.5,413.0,0.941,2026-02-02 23:54,6953
COALINDIA,2026-02-24,450.0,2.75,3798900.0,3235950.0,33.2,572400.0,205200.0,423.5,425.5,413.0,0.941,2026-02-02 23:54,9645
COALINDIA,2026-02-24,452.5,2.5,418500.0,1070550.0,40.0,93150.0,0.0,423.5,425.5,413.0,0.941,2026-02-02 23:54,12941
COALINDIA,2026-02-24,455.0,2.3,699300.0,769500.0,38.2,105300.0,14850.0,423.5,425.5,413.0,0.941,2026-02-02 23:54,16951
COALINDIA,2026-02-24,457.5,2.0,282150.0,126900.0,43.35,40500.0,8100.0,423.5,425.5,413.0,0.941,2026-02-02 23:54,21190
COALINDIA,2026-02-24,460.0,1.85,2845800.0,1598400.0,47.7,78300.0,4050.0,423.5,425.5,413.0,0.941,2026-02-02 23:54,25631
COALINDIA,2026-02-24,462.5,1.75,217350.0,49950.0,34.85,48600.0,0.0,423.5,425.5,413.0,0.941,2026-02-02 23:54,31076
COALINDIA,2026-02-24,465.0,1.5,739800.0,348300.0,52.8,41850.0,1350.0,423.5,425.5,413.0,0.941,2026-02-02 23:54,36303
COALINDIA,2026-02-24,467.5,1.25,109350.0,81000.0,0.0,0.0,0.0,423.5,425.5,413.0,0.941,2026-02-02 23:54,41747
COALINDIA,2026-02-24,470.0,1.3,1142100.0,851850.0,57.15,133650.0,8100.0,423.5,425.5,413.0,0.941,2026-02-02 23:54,47341
COALINDIA,2026-02-24,472.5,1.1,152550.0,67500.0,34.85,18900.0,0.0,423.5,425.5,413.0,0.941,2026-02-02 23:54,52626
COALINDIA,2026-02-24,475.0,1.0,351000.0,369900.0,27.8,14850.0,0.0,423.5,425.5,413.0,0.941,2026-02-02 23:54,58519
COALINDIA,2026-02-24,477.5,0.8,63450.0,14850.0,0.0,0.0,0.0,423.5,425.5,413.0,0.941,2026-02-02 23:54,64547
COALINDIA,2026-02-24,480.0,0.85,2718900.0,955800.0,66.75,76950.0,4050.0,423.5,425.5,413.0,0.941,2026-02-02 23:54,70602
COALINDIA,2026-02-24,482.5,0.8,59400.0,76950.0,0.0,0.0,0.0,423.5,425.5,413.0,0.941,2026-02-02 23:54,77069
COALINDIA,2026-02-24,485.0,0.75,203850.0,211950.0,0.0,0.0,0.0,423.5,425.5,413.0,0.941,2026-02-02 23:54,83837
COALINDIA,2026-02-24,490.0,0.6,972000.0,384750.0,40.4,70200.0,0.0,423.5,425.5,413.0,0.941,2026-02-02 23:54,97482
COALINDIA,2026-02-24,495.0,0.5,97200.0,44550.0,0.0,0.0,0.0,423.5,425.5,413.0,0.941,2026-02-02 23:54,111408
COALINDIA,2026-02-24,500.0,0.5,1374300.0,600750.0,65.9,66150.0,0.0,423.5,425.5,413.0,0.941,2026-02-02 23:54,125612
COALINDIA,2026-02-24,505.0,0.45,1074600.0,288900.0,63.5,4050.0,0.0,423.5,425.5,413.0,0.941,2026-02-02 23:54,140164
COALINDIA,2026-02-24,510.0,0.4,211950.0,207900.0,0.0,0.0,0.0,423.5,425.5,413.0,0.941,2026-02-02 23:54,155646
COALINDIA,2026-02-24,515.0,0.3,895050.0,28350.0,0.0,0.0,0.0,423.5,425.5,413.0,0.941,2026-02-02 23:54,171219
COFORGE,2026-02-24,1360.0,0.0,0.0,0.0,1.85,64500.0,11625.0,1668.2,1677.9,1638.0,0.773,2026-02-02 23:54,43873
COFORGE,2026-02-24,1380.0,0.0,0.0,0.0,6.2,375.0,0.0,1668.2,1677.9,1638.0,0.773,2026-02-02 23:54,39663
COFORGE,2026-02-24,1400.0,268.6,1500.0,750.0,2.75,138375.0,18375.0,1668.2,1677.9,1638.0,0.773,2026-02-02 23:54,35466
COFORGE,2026-02-24,1440.0,257.2,2250.0,0.0,3.75,43875.0,27375.0,1668.2,1677.9,1638.0,0.773,2026-02-02 23:54,27634
COFORGE,2026-02-24,1460.0,0.0,0.0,0.0,4.95,26625.0,9750.0,1668.2,1677.9,1638.0,0.773,2026-02-02 23:54,23850
COFORGE,2026-02-24,1480.0,0.0,0.0,0.0,6.15,14625.0,9375.0,1668.2,1677.9,1638.0,0.773,2026-02-02 23:54,20065
COFORGE,2026-02-24,1500.0,175.65,3000.0,750.0,7.3,134625.0,138750.0,1668.2,1677.9,1638.0,0.773,2026-02-02 23:54,16314
COFORGE,2026-02-24,1520.0,188.7,375.0,0.0,9.7,52500.0,36750.0,1668.2,1677.9,1638.0,0.773,2026-02-02 23:54,12801
COFORGE,2026-02-24,1540.0,0.0,0.0,0.0,12.45,57375.0,75750.0,1668.2,1677.9,1638.0,0.773,2026-02-02 23:54,9395
COFORGE,2026-02-24,1560.0,96.25,1500.0,0.0,15.9,49500.0,59250.0,1668.2,1677.9,1638.0,0.773,2026-02-02 23:54,6077
COFORGE,2026-02-24,1580.0,104.6,7125.0,10500.0,20.75,49125.0,65250.0,1668.2,1677.9,1638.0,0.773,2026-02-02 23:54,2868
COFORGE,2026-02-24,1600.0,92.8,113250.0,121125.0,26.75,324750.0,241500.0,1668.2,1677.9,1638.0,0.773,2026-02-02 23:54,-190
COFORGE,2026-02-24,1620.0,76.5,28500.0,29250.0,30.0,68250.0,148125.0,1668.2,1677.9,1638.0,0.773,2026-02-02 23:54,-2164
COFORGE,2026-02-24,1640.0,66.35,207000.0,192000.0,40.0,162375.0,513750.0,1668.2,1677.9,1638.0,0.773,2026-02-02 23:54,-4114
COFORGE,2026-02-24,1660.0,52.0,662625.0,518625.0,48.9,224625.0,203250.0,1668.2,1677.9,1638.0,0.773,2026-02-02 23:54,-4614
COFORGE,2026-02-24,1680.0,42.55,511125.0,323250.0,55.6,217875.0,62250.0,1668.2,1677.9,1638.0,0.773,2026-02-02 23:54,-1716
COFORGE,2026-02-24,1700.0,35.0,939750.0,987375.0,66.85,176625.0,181125.0,1668.2,1677.9,1638.0,0.773,2026-02-02 23:54,1255
COFORGE,2026-02-24,1720.0,28.55,94125.0,130125.0,79.6,40875.0,3000.0,1668.2,1677.9,1638.0,0.773,2026-02-02 23:54,7604
COFORGE,2026-02-24,1740.0,22.95,172500.0,200625.0,97.35,32250.0,4500.0,1668.2,1677.9,1638.0,0.773,2026-02-02 23:54,12059
COFORGE,2026-02-24,1760.0,18.95,71625.0,275250.0,107.9,8250.0,8625.0,1668.2,1677.9,1638.0,0.773,2026-02-02 23:54,17062
COFORGE,2026-02-24,1780.0,13.95,102750.0,75000.0,123.65,27750.0,1875.0,1668.2,1677.9,1638.0,0.773,2026-02-02 23:54,22189
COFORGE,2026-02-24,1800.0,11.45,464250.0,297750.0,140.0,138750.0,7125.0,1668.2,1677.9,1638.0,0.773,2026-02-02 23:54,27331
COFORGE,2026-02-24,1820.0,9.6,29625.0,22875.0,190.0,1875.0,0.0,1668.2,1677.9,1638.0,0.773,2026-02-02 23:54,32467
COFORGE,2026-02-24,1840.0,7.5,46500.0,25875.0,187.0,30375.0,0.0,1668.2,1677.9,1638.0,0.773,2026-02-02 23:54,39070
COFORGE,2026-02-24,1860.0,5.5,30000.0,7125.0,175.0,1500.0,0.0,1668.2,1677.9,1638.0,0.773,2026-02-02 23:54,45302
COFORGE,2026-02-24,1880.0,4.75,34875.0,9750.0,222.0,1500.0,0.0,1668.2,1677.9,1638.0,0.773,2026-02-02 23:54,52119
COFORGE,2026-02-24,1900.0,3.5,67125.0,61875.0,240.0,28500.0,1125.0,1668.2,1677.9,1638.0,0.773,2026-02-02 23:54,59002
COFORGE,2026-02-24,1920.0,2.8,32625.0,3375.0,207.95,20250.0,0.0,1668.2,1677.9,1638.0,0.773,2026-02-02 23:54,65433
COFORGE,2026-02-24,1960.0,2.0,59250.0,8625.0,100.0,375.0,0.0,1668.2,1677.9,1638.0,0.773,2026-02-02 23:54,79415
COFORGE,2026-02-24,2000.0,1.6,93375.0,15000.0,327.0,25125.0,0.0,1668.2,1677.9,1638.0,0.773,2026-02-02 23:54,94056
COFORGE,2026-02-24,2040.0,8.0,375.0,0.0,0.0,0.0,0.0,1668.2,1677.9,1638.0,0.773,2026-02-02 23:54,108356
COFORGE,2026-02-24,2080.0,0.9,750.0,0.0,0.0,0.0,0.0,1668.2,1677.9,1638.0,0.773,2026-02-02 23:54,123464
COFORGE,2026-02-24,2160.0,0.8,2250.0,0.0,0.0,0.0,0.0,1668.2,1677.9,1638.0,0.773,2026-02-02 23:54,153686
COFORGE,2026-02-24,2240.0,1.8,4125.0,0.0,0.0,0.0,0.0,1668.2,1677.9,1638.0,0.773,2026-02-02 23:54,183926
COLPAL,2026-02-24,1720.0,455.0,225.0,0.0,0.0,0.0,0.0,2127.4,2138.8,2080.3,0.863,2026-02-02 23:54,39034
COLPAL,2026-02-24,1760.0,0.0,0.0,0.0,6.0,450.0,0.0,2127.4,2138.8,2080.3,0.863,2026-02-02 23:54,34440
COLPAL,2026-02-24,1800.0,305.0,225.0,0.0,0.0,0.0,0.0,2127.4,2138.8,2080.3,0.863,2026-02-02 23:54,29837
COLPAL,2026-02-24,1820.0,292.0,450.0,0.0,1.5,4725.0,1800.0,2127.4,2138.8,2080.3,0.863,2026-02-02 23:54,27543
COLPAL,2026-02-24,1840.0,309.0,0.0,0.0,1.7,675.0,225.0,2127.4,2138.8,2080.3,0.863,2026-02-02 23:54,25265
COLPAL,2026-02-24,1880.0,0.0,0.0,0.0,2.5,28800.0,1800.0,2127.4,2138.8,2080.3,0.863,2026-02-02 23:54,20687
COLPAL,2026-02-24,1900.0,0.0,0.0,0.0,3.35,50850.0,35775.0,2127.4,2138.8,2080.3,0.863,2026-02-02 23:54,18448
COLPAL,2026-02-24,1920.0,191.0,1575.0,0.0,3.8,28575.0,51975.0,2127.4,2138.8,2080.3,0.863,2026-02-02 23:54,16301
COLPAL,2026-02-24,1940.0,220.8,225.0,0.0,4.75,28350.0,4275.0,2127.4,2138.8,2080.3,0.863,2026-02-02 23:54,14251
COLPAL,2026-02-24,1960.0,0.0,0.0,0.0,6.3,64800.0,14625.0,2127.4,2138.8,2080.3,0.863,2026-02-02 23:54,12230
COLPAL,2026-02-24,1980.0,122.5,450.0,0.0,10.65,72000.0,25875.0,2127.4,2138.8,2080.3,0.863,2026-02-02 23:54,10306
COLPAL,2026-02-24,2000.0,139.25,18225.0,6300.0,10.25,108450.0,103950.0,2127.4,2138.8,2080.3,0.863,2026-02-02 23:54,8497
COLPAL,2026-02-24,2020.0,113.6,1800.0,2925.0,13.55,25650.0,18900.0,2127.4,2138.8,2080.3,0.863,2026-02-02 23:54,7155
COLPAL,2026-02-24,2040.0,88.45,2250.0,0.0,16.65,26775.0,35550.0,2127.4,2138.8,2080.3,0.863,2026-02-02 23:54,5711
COLPAL,2026-02-24,2060.0,86.75,8325.0,2475.0,22.05,38700.0,33300.0,2127.4,2138.8,2080.3,0.863,2026-02-02 23:54,4315
COLPAL,2026-02-24,2080.0,79.0,14625.0,13275.0,27.25,43425.0,25650.0,2127.4,2138.8,2080.3,0.863,2026-02-02 23:54,3024
COLPAL,2026-02-24,2100.0,64.65,109125.0,352575.0,35.2,142200.0,227250.0,2127.4,2138.8,2080.3,0.863,2026-02-02 23:54,1860
COLPAL,2026-02-24,2120.0,54.15,81000.0,261675.0,43.8,43650.0,70425.0,2127.4,2138.8,2080.3,0.863,2026-02-02 23:54,1406
COLPAL,2026-02-24,2140.0,43.9,119700.0,560700.0,54.2,62100.0,51075.0,2127.4,2138.8,2080.3,0.863,2026-02-02 23:54,1244
COLPAL,2026-02-24,2160.0,35.9,120150.0,172350.0,62.6,89775.0,112275.0,2127.4,2138.8,2080.3,0.863,2026-02-02 23:54,1387
COLPAL,2026-02-24,2180.0,27.9,69075.0,46800.0,97.65,38250.0,0.0,2127.4,2138.8,2080.3,0.863,2026-02-02 23:54,1630
COLPAL,2026-02-24,2200.0,22.6,315450.0,523350.0,88.55,137700.0,5625.0,2127.4,2138.8,2080.3,0.863,2026-02-02 23:54,2038
COLPAL,2026-02-24,2220.0,17.45,18225.0,32400.0,0.0,0.0,0.0,2127.4,2138.8,2080.3,0.863,2026-02-02 23:54,3027
COLPAL,2026-02-24,2240.0,14.1,37350.0,30600.0,125.8,900.0,0.0,2127.4,2138.8,2080.3,0.863,2026-02-02 23:54,4590
COLPAL,2026-02-24,2260.0,11.05,41850.0,74475.0,139.2,6300.0,0.0,2127.4,2138.8,2080.3,0.863,2026-02-02 23:54,6239
COLPAL,2026-02-24,2280.0,8.7,65700.0,38925.0,148.0,1125.0,0.0,2127.4,2138.8,2080.3,0.863,2026-02-02 23:54,7902
COLPAL,2026-02-24,2300.0,7.15,206550.0,273150.0,175.55,56700.0,675.0,2127.4,2138.8,2080.3,0.863,2026-02-02 23:54,9780
COLPAL,2026-02-24,2320.0,5.75,26775.0,8550.0,250.0,450.0,0.0,2127.4,2138.8,2080.3,0.863,2026-02-02 23:54,11297
COLPAL,2026-02-24,2340.0,4.0,16200.0,3150.0,185.0,225.0,0.0,2127.4,2138.8,2080.3,0.863,2026-02-02 23:54,13719
COLPAL,2026-02-24,2360.0,4.0,4725.0,450.0,245.0,5400.0,900.0,2127.4,2138.8,2080.3,0.863,2026-02-02 23:54,16173
COLPAL,2026-02-24,2380.0,3.25,3375.0,225.0,0.0,0.0,0.0,2127.4,2138.8,2080.3,0.863,2026-02-02 23:54,18515
COLPAL,2026-02-24,2400.0,3.1,141525.0,44775.0,276.1,18675.0,450.0,2127.4,2138.8,2080.3,0.863,2026-02-02 23:54,20995
COLPAL,2026-02-24,2440.0,1.5,48825.0,900.0,264.0,3150.0,0.0,2127.4,2138.8,2080.3,0.863,2026-02-02 23:54,26121
COLPAL,2026-02-24,2480.0,1.15,9225.0,1125.0,382.95,22500.0,0.0,2127.4,2138.8,2080.3,0.863,2026-02-02 23:54,31851
CONCOR,2026-02-24,400.0,100.25,8750.0,0.0,0.4,445000.0,205000.0,507.85,513.05,496.5,0.495,2026-02-02 23:54,84912
CONCOR,2026-02-24,420.0,0.0,0.0,0.0,0.65,121250.0,105000.0,507.85,513.05,496.5,0.495,2026-02-02 23:54,66944
CONCOR,2026-02-24,430.0,0.0,0.0,0.0,0.7,57500.0,20000.0,507.85,513.05,496.5,0.495,2026-02-02 23:54,58039
CONCOR,2026-02-24,440.0,0.0,0.0,0.0,1.1,193750.0,41250.0,507.85,513.05,496.5,0.495,2026-02-02 23:54,49195
CONCOR,2026-02-24,445.0,60.9,0.0,0.0,1.25,46250.0,18750.0,507.85,513.05,496.5,0.495,2026-02-02 23:54,44850
CONCOR,2026-02-24,450.0,48.55,157500.0,3750.0,1.4,222500.0,261250.0,507.85,513.05,496.5,0.495,2026-02-02 23:54,40544
CONCOR,2026-02-24,455.0,0.0,0.0,0.0,2.0,40000.0,1250.0,507.85,513.05,496.5,0.495,2026-02-02 23:54,37168
CONCOR,2026-02-24,460.0,44.0,21250.0,7500.0,2.0,247500.0,188750.0,507.85,513.05,496.5,0.495,2026-02-02 23:54,33070
CONCOR,2026-02-24,465.0,40.7,10000.0,0.0,2.35,50000.0,78750.0,507.85,513.05,496.5,0.495,2026-02-02 23:54,29158
CONCOR,2026-02-24,470.0,40.75,110000.0,15000.0,2.9,338750.0,300000.0,507.85,513.05,496.5,0.495,2026-02-02 23:54,25262
CONCOR,2026-02-24,475.0,36.4,51250.0,3750.0,3.6,158750.0,123750.0,507.85,513.05,496.5,0.495,2026-02-02 23:54,21910
CONCOR,2026-02-24,480.0,31.9,351250.0,91250.0,4.35,1360000.0,686250.0,507.85,513.05,496.5,0.495,2026-02-02 23:54,18443
CONCOR,2026-02-24,485.0,27.85,100000.0,42500.0,5.35,187500.0,166250.0,507.85,513.05,496.5,0.495,2026-02-02 23:54,16232
CONCOR,2026-02-24,490.0,24.05,410000.0,217500.0,6.45,658750.0,658750.0,507.85,513.05,496.5,0.495,2026-02-02 23:54,13813
CONCOR,2026-02-24,495.0,20.15,215000.0,288750.0,8.15,272500.0,408750.0,507.85,513.05,496.5,0.495,2026-02-02 23:54,12312
CONCOR,2026-02-24,500.0,17.4,986250.0,3115000.0,9.75,1082500.0,1240000.0,507.85,513.05,496.5,0.495,2026-02-02 23:54,10704
CONCOR,2026-02-24,505.0,14.25,307500.0,1056250.0,11.8,242500.0,501250.0,507.85,513.05,496.5,0.495,2026-02-02 23:54,10580
CONCOR,2026-02-24,510.0,11.65,776250.0,2936250.0,14.05,635000.0,937500.0,507.85,513.05,496.5,0.495,2026-02-02 23:54,10223
CONCOR,2026-02-24,515.0,9.6,337500.0,1022500.0,17.3,290000.0,356250.0,507.85,513.05,496.5,0.495,2026-02-02 23:54,10431
CONCOR,2026-02-24,520.0,7.85,1937500.0,2805000.0,20.3,795000.0,280000.0,507.85,513.05,496.5,0.495,2026-02-02 23:54,10764
CONCOR,2026-02-24,525.0,6.2,251250.0,453750.0,28.15,31250.0,0.0,507.85,513.05,496.5,0.495,2026-02-02 23:54,12547
CONCOR,2026-02-24,530.0,5.2,840000.0,2247500.0,27.0,193750.0,95000.0,507.85,513.05,496.5,0.495,2026-02-02 23:54,14632
CONCOR,2026-02-24,535.0,4.25,132500.0,225000.0,37.85,21250.0,0.0,507.85,513.05,496.5,0.495,2026-02-02 23:54,17080
CONCOR,2026-02-24,540.0,3.4,782500.0,843750.0,35.55,525000.0,113750.0,507.85,513.05,496.5,0.495,2026-02-02 23:54,19668
CONCOR,2026-02-24,545.0,2.6,90000.0,65000.0,43.0,10000.0,0.0,507.85,513.05,496.5,0.495,2026-02-02 23:54,21332
CONCOR,2026-02-24,550.0,2.3,1126250.0,1165000.0,44.0,366250.0,33750.0,507.85,513.05,496.5,0.495,2026-02-02 23:54,24628
CONCOR,2026-02-24,555.0,1.8,37500.0,35000.0,76.5,1250.0,0.0,507.85,513.05,496.5,0.495,2026-02-02 23:54,27336
CONCOR,2026-02-24,560.0,1.5,181250.0,335000.0,52.75,81250.0,10000.0,507.85,513.05,496.5,0.495,2026-02-02 23:54,31414
CONCOR,2026-02-24,565.0,1.25,8750.0,12500.0,0.0,0.0,0.0,507.85,513.05,496.5,0.495,2026-02-02 23:54,35225
CONCOR,2026-02-24,570.0,1.1,195000.0,115000.0,68.5,26250.0,0.0,507.85,513.05,496.5,0.495,2026-02-02 23:54,39442
CONCOR,2026-02-24,580.0,0.75,295000.0,147500.0,76.65,47500.0,2500.0,507.85,513.05,496.5,0.495,2026-02-02 23:54,47937
CONCOR,2026-02-24,590.0,0.5,0.0,1250.0,88.0,26250.0,7500.0,507.85,513.05,496.5,0.495,2026-02-02 23:54,56592
CONCOR,2026-02-24,600.0,0.5,963750.0,361250.0,91.3,697500.0,27500.0,507.85,513.05,496.5,0.495,2026-02-02 23:54,65383
CROMPTON,2026-02-24,180.0,48.68,3600.0,0.0,0.78,50400.0,1800.0,225.41,227.0,219.15,-0.217,2026-02-02 23:54,30361
CROMPTON,2026-02-24,185.0,0.0,0.0,0.0,0.9,25200.0,0.0,225.41,227.0,219.15,-0.217,2026-02-02 23:54,26992
CROMPTON,2026-02-24,190.0,0.0,0.0,0.0,0.72,102600.0,304200.0,225.41,227.0,219.15,-0.217,2026-02-02 23:54,23620
CROMPTON,2026-02-24,195.0,0.0,0.0,0.0,0.0,0.0,0.0,225.41,227.0,219.15,-0.217,2026-02-02 23:54,20295
CROMPTON,2026-02-24,197.5,29.0,1800.0,0.0,0.0,0.0,0.0,225.41,227.0,219.15,-0.217,2026-02-02 23:54,18636
CROMPTON,2026-02-24,200.0,22.92,12600.0,9000.0,1.19,538200.0,381600.0,225.41,227.0,219.15,-0.217,2026-02-02 23:54,16982
CROMPTON,2026-02-24,202.5,25.47,0.0,5400.0,1.88,88200.0,0.0,225.41,227.0,219.15,-0.217,2026-02-02 23:54,15426
CROMPTON,2026-02-24,205.0,27.44,1800.0,0.0,0.0,0.0,0.0,225.41,227.0,219.15,-0.217,2026-02-02 23:54,13910
CROMPTON,2026-02-24,207.5,25.73,1800.0,0.0,0.0,0.0,0.0,225.41,227.0,219.15,-0.217,2026-02-02 23:54,12417
CROMPTON,2026-02-24,210.0,19.45,66600.0,5400.0,2.21,487800.0,525600.0,225.41,227.0,219.15,-0.217,2026-02-02 23:54,10923
CROMPTON,2026-02-24,212.5,17.78,9000.0,0.0,2.9,54000.0,93600.0,225.41,227.0,219.15,-0.217,2026-02-02 23:54,9586
CROMPTON,2026-02-24,215.0,14.05,75600.0,73800.0,3.21,169200.0,284400.0,225.41,227.0,219.15,-0.217,2026-02-02 23:54,8242
CROMPTON,2026-02-24,217.5,13.88,37800.0,145800.0,4.0,84600.0,196200.0,225.41,227.0,219.15,-0.217,2026-02-02 23:54,7012
CROMPTON,2026-02-24,220.0,12.08,495000.0,1234800.0,4.54,1143000.0,1308600.0,225.41,227.0,219.15,-0.217,2026-02-02 23:54,5779
CROMPTON,2026-02-24,222.5,10.55,212400.0,340200.0,5.52,257400.0,225000.0,225.41,227.0,219.15,-0.217,2026-02-02 23:54,5015
CROMPTON,2026-02-24,225.0,9.23,694800.0,1017000.0,6.33,660600.0,255600.0,225.41,227.0,219.15,-0.217,2026-02-02 23:54,4372
CROMPTON,2026-02-24,227.5,7.87,243000.0,243000.0,7.69,160200.0,131400.0,225.41,227.0,219.15,-0.217,2026-02-02 23:54,4209
CROMPTON,2026-02-24,230.0,6.6,2394000.0,1983600.0,8.84,826200.0,199800.0,225.41,227.0,219.15,-0.217,2026-02-02 23:54,3992
CROMPTON,2026-02-24,232.5,5.5,129600.0,158400.0,10.32,55800.0,59400.0,225.41,227.0,219.15,-0.217,2026-02-02 23:54,5361
CROMPTON,2026-02-24,235.0,4.72,774000.0,732600.0,12.9,192600.0,10800.0,225.41,227.0,219.15,-0.217,2026-02-02 23:54,5941
CROMPTON,2026-02-24,237.5,3.09,126000.0,91800.0,13.85,7200.0,9000.0,225.41,227.0,219.15,-0.217,2026-02-02 23:54,6866
CROMPTON,2026-02-24,240.0,3.32,1287000.0,1238400.0,15.7,439200.0,21600.0,225.41,227.0,219.15,-0.217,2026-02-02 23:54,7736
CROMPTON,2026-02-24,242.5,2.68,104400.0,64800.0,0.0,0.0,0.0,225.41,227.0,219.15,-0.217,2026-02-02 23:54,8746
CROMPTON,2026-02-24,245.0,2.28,1522800.0,804600.0,24.0,1800.0,0.0,225.41,227.0,219.15,-0.217,2026-02-02 23:54,10073
CROMPTON,2026-02-24,247.5,0.0,0.0,0.0,26.05,3600.0,0.0,225.41,227.0,219.15,-0.217,2026-02-02 23:54,12096
CROMPTON,2026-02-24,250.0,1.62,2836800.0,1755000.0,24.37,378000.0,23400.0,225.41,227.0,219.15,-0.217,2026-02-02 23:54,13767
CROMPTON,2026-02-24,252.5,0.85,30600.0,45000.0,0.0,0.0,0.0,225.41,227.0,219.15,-0.217,2026-02-02 23:54,15790
CROMPTON,2026-02-24,255.0,1.23,167400.0,239400.0,34.2,12600.0,0.0,225.41,227.0,219.15,-0.217,2026-02-02 23:54,18285
CROMPTON,2026-02-24,260.0,0.95,804600.0,792000.0,34.0,91800.0,3600.0,225.41,227.0,219.15,-0.217,2026-02-02 23:54,23336
CROMPTON,2026-02-24,265.0,0.75,189000.0,1800.0,39.4,25200.0,0.0,225.41,227.0,219.15,-0.217,2026-02-02 23:54,28623
CROMPTON,2026-02-24,270.0,0.61,615600.0,248400.0,45.3,192600.0,0.0,225.41,227.0,219.15,-0.217,2026-02-02 23:54,34167
CROMPTON,2026-02-24,275.0,0.5,1800.0,0.0,53.8,21600.0,0.0,225.41,227.0,219.15,-0.217,2026-02-02 23:54,39366
CROMPTON,2026-02-24,280.0,0.45,288000.0,75600.0,55.05,97200.0,0.0,225.41,227.0,219.15,-0.217,2026-02-02 23:54,45295
CROMPTON,2026-02-24,285.0,0.0,0.0,0.0,63.0,7200.0,0.0,225.41,227.0,219.15,-0.217,2026-02-02 23:54,51011
CROMPTON,2026-02-24,290.0,0.45,50400.0,0.0,61.96,75600.0,0.0,225.41,227.0,219.15,-0.217,2026-02-02 23:54,57207
CROMPTON,2026-02-24,295.0,0.0,0.0,0.0,68.0,64800.0,0.0,225.41,227.0,219.15,-0.217,2026-02-02 23:54,63045
CROMPTON,2026-02-24,300.0,0.28,246600.0,1800.0,77.0,426600.0,0.0,225.41,227.0,219.15,-0.217,2026-02-02 23:54,68942
CROMPTON,2026-02-24,305.0,0.0,0.0,0.0,79.9,77400.0,0.0,225.41,227.0,219.15,-0.217,2026-02-02 23:54,72337
CUMMINSIND,2026-02-24,3200.0,0.0,0.0,0.0,4.0,2200.0,200.0,4092.3,4102.1,3975.2,1.776,2026-02-02 23:54,33327
CUMMINSIND,2026-02-24,3300.0,0.0,0.0,0.0,4.0,42200.0,200.0,4092.3,4102.1,3975.2,1.776,2026-02-02 23:54,27574
CUMMINSIND,2026-02-24,3400.0,0.0,0.0,0.0,7.0,5000.0,4400.0,4092.3,4102.1,3975.2,1.776,2026-02-02 23:54,22228
CUMMINSIND,2026-02-24,3500.0,0.0,0.0,0.0,10.65,15600.0,14200.0,4092.3,4102.1,3975.2,1.776,2026-02-02 23:54,16944
CUMMINSIND,2026-02-24,3550.0,0.0,0.0,0.0,0.0,0.0,0.0,4092.3,4102.1,3975.2,1.776,2026-02-02 23:54,14365
CUMMINSIND,2026-02-24,3600.0,0.0,0.0,0.0,16.8,36800.0,20800.0,4092.3,4102.1,3975.2,1.776,2026-02-02 23:54,11803
CUMMINSIND,2026-02-24,3650.0,0.0,0.0,0.0,21.2,27400.0,32800.0,4092.3,4102.1,3975.2,1.776,2026-02-02 23:54,9364
CUMMINSIND,2026-02-24,3700.0,0.0,0.0,0.0,26.5,43400.0,7600.0,4092.3,4102.1,3975.2,1.776,2026-02-02 23:54,7065
CUMMINSIND,2026-02-24,3750.0,0.0,0.0,0.0,51.15,4600.0,0.0,4092.3,4102.1,3975.2,1.776,2026-02-02 23:54,4926
CUMMINSIND,2026-02-24,3800.0,338.0,9400.0,5200.0,42.1,53000.0,50200.0,4092.3,4102.1,3975.2,1.776,2026-02-02 23:54,2901
CUMMINSIND,2026-02-24,3850.0,270.05,3600.0,0.0,73.35,11200.0,3000.0,4092.3,4102.1,3975.2,1.776,2026-02-02 23:54,1307
CUMMINSIND,2026-02-24,3900.0,256.5,10800.0,3000.0,64.9,50400.0,33200.0,4092.3,4102.1,3975.2,1.776,2026-02-02 23:54,-292
CUMMINSIND,2026-02-24,3950.0,219.2,8600.0,2200.0,83.6,12000.0,7600.0,4092.3,4102.1,3975.2,1.776,2026-02-02 23:54,-1651
CUMMINSIND,2026-02-24,4000.0,194.0,59200.0,142600.0,100.7,143800.0,189600.0,4092.3,4102.1,3975.2,1.776,2026-02-02 23:54,-2769
CUMMINSIND,2026-02-24,4050.0,161.85,20400.0,91800.0,127.2,10000.0,12600.0,4092.3,4102.1,3975.2,1.776,2026-02-02 23:54,-3260
CUMMINSIND,2026-02-24,4100.0,140.6,82000.0,175600.0,142.7,44400.0,9600.0,4092.3,4102.1,3975.2,1.776,2026-02-02 23:54,-3096
CUMMINSIND,2026-02-24,4150.0,113.1,49200.0,48800.0,227.8,18800.0,0.0,4092.3,4102.1,3975.2,1.776,2026-02-02 23:54,-1983
CUMMINSIND,2026-02-24,4200.0,95.7,58600.0,200600.0,223.0,17200.0,2200.0,4092.3,4102.1,3975.2,1.776,2026-02-02 23:54,-922
CUMMINSIND,2026-02-24,4250.0,78.4,12600.0,9000.0,375.0,200.0,0.0,4092.3,4102.1,3975.2,1.776,2026-02-02 23:54,566
CUMMINSIND,2026-02-24,4300.0,64.15,51200.0,65600.0,320.5,13400.0,0.0,4092.3,4102.1,3975.2,1.776,2026-02-02 23:54,2033
CUMMINSIND,2026-02-24,4350.0,51.3,13400.0,15600.0,0.0,0.0,0.0,4092.3,4102.1,3975.2,1.776,2026-02-02 23:54,3631
CUMMINSIND,2026-02-24,4400.0,40.9,60600.0,69400.0,370.0,16600.0,1600.0,4092.3,4102.1,3975.2,1.776,2026-02-02 23:54,5466
CUMMINSIND,2026-02-24,4450.0,33.7,8200.0,400.0,0.0,0.0,0.0,4092.3,4102.1,3975.2,1.776,2026-02-02 23:54,7252
CUMMINSIND,2026-02-24,4500.0,27.45,108400.0,148200.0,531.55,5000.0,0.0,4092.3,4102.1,3975.2,1.776,2026-02-02 23:54,9472
CUMMINSIND,2026-02-24,4550.0,24.15,2000.0,0.0,0.0,0.0,0.0,4092.3,4102.1,3975.2,1.776,2026-02-02 23:54,12264
CUMMINSIND,2026-02-24,4600.0,17.55,7400.0,2600.0,550.0,3000.0,200.0,4092.3,4102.1,3975.2,1.776,2026-02-02 23:54,15039
CUMMINSIND,2026-02-24,4650.0,70.4,400.0,0.0,0.0,0.0,0.0,4092.3,4102.1,3975.2,1.776,2026-02-02 23:54,17709
CUMMINSIND,2026-02-24,4700.0,7.2,11600.0,800.0,690.9,200.0,0.0,4092.3,4102.1,3975.2,1.776,2026-02-02 23:54,20536
CUMMINSIND,2026-02-24,4750.0,15.0,400.0,0.0,0.0,0.0,0.0,4092.3,4102.1,3975.2,1.776,2026-02-02 23:54,23413
CUMMINSIND,2026-02-24,4800.0,7.0,1000.0,4000.0,0.0,0.0,0.0,4092.3,4102.1,3975.2,1.776,2026-02-02 23:54,26299
CUMMINSIND,2026-02-24,4850.0,5.35,44800.0,2400.0,0.0,0.0,0.0,4092.3,4102.1,3975.2,1.776,2026-02-02 23:54,29190
CUMMINSIND,2026-02-24,4900.0,6.2,4000.0,800.0,0.0,0.0,0.0,4092.3,4102.1,3975.2,1.776,2026-02-02 23:54,32327
CUMMINSIND,2026-02-24,5000.0,0.0,0.0,0.0,1050.0,400.0,0.0,4092.3,4102.1,3975.2,1.776,2026-02-02 23:54,38598
CUMMINSIND,2026-02-24,5100.0,0.0,0.0,0.0,1160.0,600.0,0.0,4092.3,4102.1,3975.2,1.776,2026-02-02 23:54,44828
CUMMINSIND,2026-02-24,5200.0,0.8,1000.0,0.0,0.0,0.0,0.0,4092.3,4102.1,3975.2,1.776,2026-02-02 23:54,51036
DABUR,2026-02-24,430.0,0.0,0.0,0.0,0.45,306250.0,68750.0,499.0,503.0,493.85,-0.617,2026-02-02 23:54,29605
DABUR,2026-02-24,440.0,0.0,0.0,0.0,0.7,506250.0,41250.0,499.0,503.0,493.85,-0.617,2026-02-02 23:54,23860
DABUR,2026-02-24,450.0,0.0,0.0,0.0,1.0,485000.0,415000.0,499.0,503.0,493.85,-0.617,2026-02-02 23:54,18600
DABUR,2026-02-24,455.0,0.0,0.0,0.0,1.35,16250.0,17500.0,499.0,503.0,493.85,-0.617,2026-02-02 23:54,16181
DABUR,2026-02-24,460.0,0.0,0.0,0.0,1.55,465000.0,182500.0,499.0,503.0,493.85,-0.617,2026-02-02 23:54,13817
DABUR,2026-02-24,465.0,0.0,0.0,0.0,2.0,25000.0,47500.0,499.0,503.0,493.85,-0.617,2026-02-02 23:54,11616
DABUR,2026-02-24,470.0,0.0,0.0,0.0,2.45,231250.0,333750.0,499.0,503.0,493.85,-0.617,2026-02-02 23:54,9494
DABUR,2026-02-24,475.0,29.55,36250.0,3750.0,3.1,288750.0,183750.0,499.0,503.0,493.85,-0.617,2026-02-02 23:54,7436
DABUR,2026-02-24,480.0,24.35,57500.0,12500.0,3.95,551250.0,500000.0,499.0,503.0,493.85,-0.617,2026-02-02 23:54,5615
DABUR,2026-02-24,485.0,20.55,47500.0,5000.0,5.1,73750.0,131250.0,499.0,503.0,493.85,-0.617,2026-02-02 23:54,4003
DABUR,2026-02-24,490.0,18.1,60000.0,81250.0,6.45,537500.0,588750.0,499.0,503.0,493.85,-0.617,2026-02-02 23:54,2589
DABUR,2026-02-24,495.0,14.8,70000.0,140000.0,8.25,128750.0,221250.0,499.0,503.0,493.85,-0.617,2026-02-02 23:54,1176
DABUR,2026-02-24,500.0,12.1,566250.0,1097500.0,10.3,597500.0,911250.0,499.0,503.0,493.85,-0.617,2026-02-02 23:54,98
DABUR,2026-02-24,505.0,9.6,231250.0,430000.0,13.05,130000.0,162500.0,499.0,503.0,493.85,-0.617,2026-02-02 23:54,-325
DABUR,2026-02-24,510.0,7.55,810000.0,1348750.0,15.9,473750.0,271250.0,499.0,503.0,493.85,-0.617,2026-02-02 23:54,-586
DABUR,2026-02-24,515.0,5.9,328750.0,526250.0,19.1,158750.0,58750.0,499.0,503.0,493.85,-0.617,2026-02-02 23:54,-399
DABUR,2026-02-24,520.0,4.6,1172500.0,2595000.0,22.85,460000.0,42500.0,499.0,503.0,493.85,-0.617,2026-02-02 23:54,63
DABUR,2026-02-24,525.0,3.55,400000.0,1171250.0,26.9,105000.0,31250.0,499.0,503.0,493.85,-0.617,2026-02-02 23:54,940
DABUR,2026-02-24,530.0,2.85,1246250.0,1461250.0,30.9,203750.0,27500.0,499.0,503.0,493.85,-0.617,2026-02-02 23:54,2441
DABUR,2026-02-24,535.0,2.25,303750.0,317500.0,37.05,15000.0,0.0,499.0,503.0,493.85,-0.617,2026-02-02 23:54,4533
DABUR,2026-02-24,540.0,1.8,836250.0,367500.0,39.9,133750.0,18750.0,499.0,503.0,493.85,-0.617,2026-02-02 23:54,7071
DABUR,2026-02-24,545.0,1.5,100000.0,95000.0,0.0,0.0,0.0,499.0,503.0,493.85,-0.617,2026-02-02 23:54,9699
DABUR,2026-02-24,550.0,1.25,851250.0,680000.0,50.0,93750.0,0.0,499.0,503.0,493.85,-0.617,2026-02-02 23:54,12774
DABUR,2026-02-24,555.0,1.0,113750.0,57500.0,0.0,0.0,0.0,499.0,503.0,493.85,-0.617,2026-02-02 23:54,15945
DABUR,2026-02-24,560.0,0.85,582500.0,267500.0,60.0,23750.0,1250.0,499.0,503.0,493.85,-0.617,2026-02-02 23:54,19546
DABUR,2026-02-24,565.0,0.6,67500.0,23750.0,0.0,0.0,0.0,499.0,503.0,493.85,-0.617,2026-02-02 23:54,23347
DABUR,2026-02-24,570.0,0.6,296250.0,115000.0,45.0,8750.0,0.0,499.0,503.0,493.85,-0.617,2026-02-02 23:54,27277
DABUR,2026-02-24,575.0,0.45,68750.0,2500.0,0.0,0.0,0.0,499.0,503.0,493.85,-0.617,2026-02-02 23:54,31335
DABUR,2026-02-24,580.0,0.4,526250.0,516250.0,66.3,10000.0,0.0,499.0,503.0,493.85,-0.617,2026-02-02 23:54,35452
DABUR,2026-02-24,585.0,0.4,1250.0,2500.0,0.0,0.0,0.0,499.0,503.0,493.85,-0.617,2026-02-02 23:54,39789
DABUR,2026-02-24,590.0,0.3,615000.0,113750.0,73.0,6250.0,0.0,499.0,503.0,493.85,-0.617,2026-02-02 23:54,44171
DABUR,2026-02-24,600.0,0.25,777500.0,136250.0,81.0,2500.0,0.0,499.0,503.0,493.85,-0.617,2026-02-02 23:54,53530
DALBHARAT,2026-02-24,1660.0,0.0,0.0,0.0,3.4,7150.0,11375.0,2063.4,2071.0,1980.8,3.134,2026-02-02 23:54,36848
DALBHARAT,2026-02-24,1680.0,0.0,0.0,0.0,3.8,73775.0,158275.0,2063.4,2071.0,1980.8,3.134,2026-02-02 23:54,33746
DALBHARAT,2026-02-24,1700.0,0.0,0.0,0.0,0.0,0.0,0.0,2063.4,2071.0,1980.8,3.134,2026-02-02 23:54,30765
DALBHARAT,2026-02-24,1720.0,0.0,0.0,0.0,0.0,0.0,0.0,2063.4,2071.0,1980.8,3.134,2026-02-02 23:54,27813
DALBHARAT,2026-02-24,1740.0,0.0,0.0,0.0,0.0,0.0,0.0,2063.4,2071.0,1980.8,3.134,2026-02-02 23:54,24861
DALBHARAT,2026-02-24,1760.0,0.0,0.0,0.0,12.4,28600.0,1300.0,2063.4,2071.0,1980.8,3.134,2026-02-02 23:54,21908
DALBHARAT,2026-02-24,1780.0,0.0,0.0,0.0,0.0,0.0,0.0,2063.4,2071.0,1980.8,3.134,2026-02-02 23:54,18978
DALBHARAT,2026-02-24,1800.0,284.55,975.0,0.0,8.0,115700.0,89700.0,2063.4,2071.0,1980.8,3.134,2026-02-02 23:54,16083
DALBHARAT,2026-02-24,1820.0,0.0,0.0,0.0,0.0,0.0,0.0,2063.4,2071.0,1980.8,3.134,2026-02-02 23:54,13356
DALBHARAT,2026-02-24,1840.0,0.0,0.0,0.0,0.0,0.0,0.0,2063.4,2071.0,1980.8,3.134,2026-02-02 23:54,10694
DALBHARAT,2026-02-24,1860.0,0.0,0.0,0.0,26.45,78975.0,3250.0,2063.4,2071.0,1980.8,3.134,2026-02-02 23:54,8033
DALBHARAT,2026-02-24,1880.0,186.65,2275.0,1950.0,13.5,31200.0,51025.0,2063.4,2071.0,1980.8,3.134,2026-02-02 23:54,5320
DALBHARAT,2026-02-24,1900.0,159.6,2275.0,3900.0,16.4,861900.0,433875.0,2063.4,2071.0,1980.8,3.134,2026-02-02 23:54,2883
DALBHARAT,2026-02-24,1920.0,115.75,2275.0,0.0,0.0,0.0,0.0,2063.4,2071.0,1980.8,3.134,2026-02-02 23:54,798
DALBHARAT,2026-02-24,1940.0,135.65,2600.0,2275.0,21.05,57525.0,34775.0,2063.4,2071.0,1980.8,3.134,2026-02-02 23:54,120
DALBHARAT,2026-02-24,1960.0,122.15,650.0,975.0,24.2,6500.0,13650.0,2063.4,2071.0,1980.8,3.134,2026-02-02 23:54,-548
DALBHARAT,2026-02-24,1980.0,97.15,6175.0,7150.0,55.2,10725.0,2275.0,2063.4,2071.0,1980.8,3.134,2026-02-02 23:54,-1126
DALBHARAT,2026-02-24,2000.0,92.0,15925.0,18200.0,32.8,94250.0,81250.0,2063.4,2071.0,1980.8,3.134,2026-02-02 23:54,-1660
DALBHARAT,2026-02-24,2020.0,88.75,14300.0,27950.0,62.0,18850.0,6825.0,2063.4,2071.0,1980.8,3.134,2026-02-02 23:54,-2138
DALBHARAT,2026-02-24,2040.0,76.5,18850.0,26650.0,44.0,14300.0,17225.0,2063.4,2071.0,1980.8,3.134,2026-02-02 23:54,-2377
DALBHARAT,2026-02-24,2060.0,65.5,22425.0,24700.0,56.15,37050.0,14625.0,2063.4,2071.0,1980.8,3.134,2026-02-02 23:54,-2479
DALBHARAT,2026-02-24,2080.0,57.1,37375.0,22100.0,62.0,9100.0,6175.0,2063.4,2071.0,1980.8,3.134,2026-02-02 23:54,-2603
DALBHARAT,2026-02-24,2100.0,46.85,128700.0,211250.0,77.0,56225.0,4225.0,2063.4,2071.0,1980.8,3.134,2026-02-02 23:54,-2417
DALBHARAT,2026-02-24,2120.0,31.5,9750.0,1625.0,89.05,3900.0,3900.0,2063.4,2071.0,1980.8,3.134,2026-02-02 23:54,-1848
DALBHARAT,2026-02-24,2140.0,29.0,24700.0,27300.0,129.45,4550.0,325.0,2063.4,2071.0,1980.8,3.134,2026-02-02 23:54,-1426
DALBHARAT,2026-02-24,2160.0,23.2,975.0,0.0,139.45,3575.0,0.0,2063.4,2071.0,1980.8,3.134,2026-02-02 23:54,-928
DALBHARAT,2026-02-24,2180.0,17.0,4875.0,0.0,109.0,1300.0,0.0,2063.4,2071.0,1980.8,3.134,2026-02-02 23:54,-482
DALBHARAT,2026-02-24,2200.0,17.0,139425.0,208975.0,169.0,24050.0,0.0,2063.4,2071.0,1980.8,3.134,2026-02-02 23:54,18
DALBHARAT,2026-02-24,2220.0,13.3,27950.0,18200.0,0.0,0.0,0.0,2063.4,2071.0,1980.8,3.134,2026-02-02 23:54,682
DALBHARAT,2026-02-24,2240.0,10.5,43225.0,59150.0,168.3,5850.0,0.0,2063.4,2071.0,1980.8,3.134,2026-02-02 23:54,1608
DALBHARAT,2026-02-24,2260.0,6.6,2925.0,5525.0,0.0,0.0,0.0,2063.4,2071.0,1980.8,3.134,2026-02-02 23:54,2542
DALBHARAT,2026-02-24,2280.0,5.0,3250.0,4875.0,130.0,1625.0,0.0,2063.4,2071.0,1980.8,3.134,2026-02-02 23:54,3538
DALBHARAT,2026-02-24,2300.0,5.9,140400.0,175500.0,248.15,6825.0,0.0,2063.4,2071.0,1980.8,3.134,2026-02-02 23:54,4521
DALBHARAT,2026-02-24,2320.0,2.2,7150.0,0.0,0.0,0.0,0.0,2063.4,2071.0,1980.8,3.134,2026-02-02 23:54,5732
DALBHARAT,2026-02-24,2340.0,5.0,11050.0,0.0,0.0,0.0,0.0,2063.4,2071.0,1980.8,3.134,2026-02-02 23:54,7045
DALBHARAT,2026-02-24,2360.0,3.2,1950.0,0.0,0.0,0.0,0.0,2063.4,2071.0,1980.8,3.134,2026-02-02 23:54,8384
DALBHARAT,2026-02-24,2380.0,2.25,2600.0,3900.0,0.0,0.0,0.0,2063.4,2071.0,1980.8,3.134,2026-02-02 23:54,9723
DALBHARAT,2026-02-24,2400.0,2.5,49400.0,25350.0,228.0,2925.0,0.0,2063.4,2071.0,1980.8,3.134,2026-02-02 23:54,11066
DALBHARAT,2026-02-24,2440.0,1.55,11050.0,1625.0,0.0,0.0,0.0,2063.4,2071.0,1980.8,3.134,2026-02-02 23:54,13907
DALBHARAT,2026-02-24,2480.0,5.0,325.0,0.0,372.0,650.0,0.0,2063.4,2071.0,1980.8,3.134,2026-02-02 23:54,16848
DALBHARAT,2026-02-24,2520.0,1.2,8775.0,12675.0,0.0,0.0,0.0,2063.4,2071.0,1980.8,3.134,2026-02-02 23:54,19767
DELHIVERY,2026-02-24,320.0,123.3,26975.0,8300.0,0.35,41500.0,37350.0,439.9,450.45,432.8,0.71,2026-02-02 23:54,38571
DELHIVERY,2026-02-24,330.0,0.0,0.0,0.0,0.95,12450.0,0.0,439.9,450.45,432.8,0.71,2026-02-02 23:54,32998
DELHIVERY,2026-02-24,340.0,0.0,0.0,0.0,0.45,168075.0,62250.0,439.9,450.45,432.8,0.71,2026-02-02 23:54,27106
DELHIVERY,2026-02-24,350.0,90.0,16600.0,0.0,0.6,101675.0,53950.0,439.9,450.45,432.8,0.71,2026-02-02 23:54,21376
DELHIVERY,2026-02-24,360.0,0.0,0.0,0.0,0.65,70550.0,22825.0,439.9,450.45,432.8,0.71,2026-02-02 23:54,15915
DELHIVERY,2026-02-24,365.0,0.0,0.0,0.0,1.0,8300.0,0.0,439.9,450.45,432.8,0.71,2026-02-02 23:54,13143
DELHIVERY,2026-02-24,370.0,70.75,6225.0,0.0,1.0,126575.0,190900.0,439.9,450.45,432.8,0.71,2026-02-02 23:54,10379
DELHIVERY,2026-02-24,375.0,44.4,14525.0,0.0,1.15,45650.0,12450.0,439.9,450.45,432.8,0.71,2026-02-02 23:54,7714
DELHIVERY,2026-02-24,380.0,63.6,66400.0,22825.0,1.35,340300.0,581000.0,439.9,450.45,432.8,0.71,2026-02-02 23:54,5107
DELHIVERY,2026-02-24,385.0,36.95,31125.0,0.0,1.6,151475.0,116200.0,439.9,450.45,432.8,0.71,2026-02-02 23:54,3020
DELHIVERY,2026-02-24,390.0,55.15,93375.0,47725.0,2.15,591375.0,603825.0,439.9,450.45,432.8,0.71,2026-02-02 23:54,739
DELHIVERY,2026-02-24,395.0,50.1,112050.0,0.0,2.55,170150.0,228250.0,439.9,450.45,432.8,0.71,2026-02-02 23:54,-901
DELHIVERY,2026-02-24,400.0,44.7,423300.0,62250.0,3.1,761525.0,1794875.0,439.9,450.45,432.8,0.71,2026-02-02 23:54,-2271
DELHIVERY,2026-02-24,405.0,40.3,159775.0,72625.0,3.8,228250.0,329925.0,439.9,450.45,432.8,0.71,2026-02-02 23:54,-1911
DELHIVERY,2026-02-24,410.0,36.1,280125.0,176375.0,4.7,574775.0,979400.0,439.9,450.45,432.8,0.71,2026-02-02 23:54,-2456
DELHIVERY,2026-02-24,415.0,32.3,219950.0,78850.0,4.9,278050.0,139025.0,439.9,450.45,432.8,0.71,2026-02-02 23:54,-2389
DELHIVERY,2026-02-24,420.0,28.3,271825.0,122425.0,5.3,516675.0,900550.0,439.9,450.45,432.8,0.71,2026-02-02 23:54,-2240
DELHIVERY,2026-02-24,425.0,24.85,402550.0,197125.0,8.95,348600.0,433675.0,439.9,450.45,432.8,0.71,2026-02-02 23:54,-1776
DELHIVERY,2026-02-24,430.0,23.15,624575.0,1373650.0,10.15,342375.0,1317625.0,439.9,450.45,432.8,0.71,2026-02-02 23:54,-743
DELHIVERY,2026-02-24,435.0,18.65,224100.0,558175.0,11.1,429525.0,1058250.0,439.9,450.45,432.8,0.71,2026-02-02 23:54,1182
DELHIVERY,2026-02-24,440.0,16.35,622500.0,4060775.0,13.7,313325.0,1137100.0,439.9,450.45,432.8,0.71,2026-02-02 23:54,2278
DELHIVERY,2026-02-24,445.0,12.75,329925.0,1184825.0,16.4,124500.0,392175.0,439.9,450.45,432.8,0.71,2026-02-02 23:54,4489
DELHIVERY,2026-02-24,450.0,11.05,670225.0,5546475.0,19.2,141100.0,346525.0,439.9,450.45,432.8,0.71,2026-02-02 23:54,6556
DELHIVERY,2026-02-24,455.0,9.25,168075.0,491775.0,24.9,24900.0,33200.0,439.9,450.45,432.8,0.71,2026-02-02 23:54,9281
DELHIVERY,2026-02-24,460.0,7.3,481400.0,2851050.0,25.7,24900.0,105825.0,439.9,450.45,432.8,0.71,2026-02-02 23:54,11726
DELHIVERY,2026-02-24,465.0,6.4,53950.0,219950.0,28.85,10375.0,20750.0,439.9,450.45,432.8,0.71,2026-02-02 23:54,14619
DELHIVERY,2026-02-24,470.0,4.9,246925.0,1215950.0,33.15,24900.0,37350.0,439.9,450.45,432.8,0.71,2026-02-02 23:54,17261
DELHIVERY,2026-02-24,475.0,4.1,116200.0,172225.0,0.0,0.0,0.0,439.9,450.45,432.8,0.71,2026-02-02 23:54,20072
DELHIVERY,2026-02-24,480.0,3.4,468950.0,2299100.0,0.0,0.0,0.0,439.9,450.45,432.8,0.71,2026-02-02 23:54,22951
DELHIVERY,2026-02-24,485.0,0.0,0.0,0.0,0.0,0.0,0.0,439.9,450.45,432.8,0.71,2026-02-02 23:54,26177
DELHIVERY,2026-02-24,490.0,2.45,130725.0,344450.0,0.0,0.0,0.0,439.9,450.45,432.8,0.71,2026-02-02 23:54,29243
DELHIVERY,2026-02-24,495.0,2.35,109975.0,182600.0,0.0,0.0,0.0,439.9,450.45,432.8,0.71,2026-02-02 23:54,32406
DELHIVERY,2026-02-24,500.0,1.95,1174450.0,4328450.0,0.0,0.0,0.0,439.9,450.45,432.8,0.71,2026-02-02 23:54,35618
DELHIVERY,2026-02-24,505.0,1.55,232400.0,508375.0,0.0,0.0,0.0,439.9,450.45,432.8,0.71,2026-02-02 23:54,39620
DIVISLAB,2026-02-24,5000.0,0.0,0.0,0.0,5.25,46300.0,38200.0,5952.5,6056.5,5890.0,-1.709,2026-02-02 23:54,36843
DIVISLAB,2026-02-24,5100.0,0.0,0.0,0.0,0.0,0.0,0.0,5952.5,6056.5,5890.0,-1.709,2026-02-02 23:54,32315
DIVISLAB,2026-02-24,5200.0,0.0,0.0,0.0,11.4,11900.0,4800.0,5952.5,6056.5,5890.0,-1.709,2026-02-02 23:54,27812
DIVISLAB,2026-02-24,5300.0,0.0,0.0,0.0,16.5,2600.0,3200.0,5952.5,6056.5,5890.0,-1.709,2026-02-02 23:54,23415
DIVISLAB,2026-02-24,5400.0,0.0,0.0,0.0,26.0,21200.0,1200.0,5952.5,6056.5,5890.0,-1.709,2026-02-02 23:54,19053
DIVISLAB,2026-02-24,5450.0,0.0,0.0,0.0,36.0,2000.0,4900.0,5952.5,6056.5,5890.0,-1.709,2026-02-02 23:54,16924
DIVISLAB,2026-02-24,5500.0,0.0,0.0,0.0,34.8,38600.0,22900.0,5952.5,6056.5,5890.0,-1.709,2026-02-02 23:54,14854
DIVISLAB,2026-02-24,5550.0,0.0,0.0,0.0,41.55,8700.0,2900.0,5952.5,6056.5,5890.0,-1.709,2026-02-02 23:54,12850
DIVISLAB,2026-02-24,5600.0,500.0,300.0,0.0,50.9,10100.0,11800.0,5952.5,6056.5,5890.0,-1.709,2026-02-02 23:54,10987
DIVISLAB,2026-02-24,5650.0,0.0,0.0,0.0,57.5,6500.0,1700.0,5952.5,6056.5,5890.0,-1.709,2026-02-02 23:54,9176
DIVISLAB,2026-02-24,5700.0,363.45,800.0,1200.0,70.0,14000.0,17500.0,5952.5,6056.5,5890.0,-1.709,2026-02-02 23:54,7397
DIVISLAB,2026-02-24,5750.0,382.95,300.0,0.0,69.65,900.0,100.0,5952.5,6056.5,5890.0,-1.709,2026-02-02 23:54,5660
DIVISLAB,2026-02-24,5800.0,290.0,1200.0,3200.0,100.0,28300.0,38400.0,5952.5,6056.5,5890.0,-1.709,2026-02-02 23:54,4003
DIVISLAB,2026-02-24,5850.0,0.0,0.0,0.0,102.3,2900.0,0.0,5952.5,6056.5,5890.0,-1.709,2026-02-02 23:54,2241
DIVISLAB,2026-02-24,5900.0,240.8,4900.0,16000.0,132.5,23200.0,71400.0,5952.5,6056.5,5890.0,-1.709,2026-02-02 23:54,711
DIVISLAB,2026-02-24,5950.0,209.0,28400.0,78000.0,158.85,22100.0,39600.0,5952.5,6056.5,5890.0,-1.709,2026-02-02 23:54,-837
DIVISLAB,2026-02-24,6000.0,183.0,56200.0,140300.0,177.0,62300.0,104600.0,5952.5,6056.5,5890.0,-1.709,2026-02-02 23:54,-1701
DIVISLAB,2026-02-24,6050.0,158.7,44700.0,42500.0,201.15,33900.0,14700.0,5952.5,6056.5,5890.0,-1.709,2026-02-02 23:54,-2290
DIVISLAB,2026-02-24,6100.0,138.75,46700.0,52800.0,238.65,41300.0,7300.0,5952.5,6056.5,5890.0,-1.709,2026-02-02 23:54,-2384
DIVISLAB,2026-02-24,6150.0,122.85,16800.0,17700.0,231.2,8700.0,0.0,5952.5,6056.5,5890.0,-1.709,2026-02-02 23:54,-2403
DIVISLAB,2026-02-24,6200.0,101.5,113100.0,85900.0,311.5,50000.0,11000.0,5952.5,6056.5,5890.0,-1.709,2026-02-02 23:54,-1952
DIVISLAB,2026-02-24,6250.0,89.25,9400.0,16200.0,373.95,11000.0,400.0,5952.5,6056.5,5890.0,-1.709,2026-02-02 23:54,-1100
DIVISLAB,2026-02-24,6300.0,75.0,32200.0,52800.0,376.3,14000.0,500.0,5952.5,6056.5,5890.0,-1.709,2026-02-02 23:54,-64
DIVISLAB,2026-02-24,6350.0,65.25,3900.0,5900.0,270.6,600.0,0.0,5952.5,6056.5,5890.0,-1.709,2026-02-02 23:54,1244
DIVISLAB,2026-02-24,6400.0,54.9,18100.0,22900.0,496.75,4900.0,400.0,5952.5,6056.5,5890.0,-1.709,2026-02-02 23:54,2870
DIVISLAB,2026-02-24,6450.0,60.0,800.0,0.0,165.0,100.0,0.0,5952.5,6056.5,5890.0,-1.709,2026-02-02 23:54,4458
DIVISLAB,2026-02-24,6500.0,40.5,101500.0,146600.0,550.0,15500.0,0.0,5952.5,6056.5,5890.0,-1.709,2026-02-02 23:54,6198
DIVISLAB,2026-02-24,6550.0,0.0,0.0,0.0,0.0,0.0,0.0,5952.5,6056.5,5890.0,-1.709,2026-02-02 23:54,8078
DIVISLAB,2026-02-24,6600.0,28.65,38900.0,28800.0,560.0,12400.0,0.0,5952.5,6056.5,5890.0,-1.709,2026-02-02 23:54,10399
DIVISLAB,2026-02-24,6650.0,33.85,500.0,0.0,0.0,0.0,0.0,5952.5,6056.5,5890.0,-1.709,2026-02-02 23:54,12395
DIVISLAB,2026-02-24,6700.0,21.25,15400.0,8300.0,508.5,700.0,0.0,5952.5,6056.5,5890.0,-1.709,2026-02-02 23:54,14977
DIVISLAB,2026-02-24,6750.0,0.0,0.0,0.0,0.0,0.0,0.0,5952.5,6056.5,5890.0,-1.709,2026-02-02 23:54,17635
DIVISLAB,2026-02-24,6800.0,14.0,6700.0,9300.0,730.0,600.0,0.0,5952.5,6056.5,5890.0,-1.709,2026-02-02 23:54,20296
DIVISLAB,2026-02-24,6900.0,10.1,5100.0,3100.0,0.0,0.0,0.0,5952.5,6056.5,5890.0,-1.709,2026-02-02 23:54,25656
DIVISLAB,2026-02-24,6950.0,6.5,2000.0,400.0,0.0,0.0,0.0,5952.5,6056.5,5890.0,-1.709,2026-02-02 23:54,28385
DIVISLAB,2026-02-24,7000.0,7.2,65800.0,84900.0,930.0,1100.0,0.0,5952.5,6056.5,5890.0,-1.709,2026-02-02 23:54,31119
DIVISLAB,2026-02-24,7050.0,29.95,200.0,0.0,0.0,0.0,0.0,5952.5,6056.5,5890.0,-1.709,2026-02-02 23:54,34131
DIVISLAB,2026-02-24,7100.0,4.55,177900.0,137600.0,1025.0,200.0,0.0,5952.5,6056.5,5890.0,-1.709,2026-02-02 23:54,37201
DIVISLAB,2026-02-24,7200.0,40.0,200.0,0.0,0.0,0.0,0.0,5952.5,6056.5,5890.0,-1.709,2026-02-02 23:54,45179
DIVISLAB,2026-02-24,7250.0,3.55,100.0,200.0,0.0,0.0,0.0,5952.5,6056.5,5890.0,-1.709,2026-02-02 23:54,49140
DIVISLAB,2026-02-24,7300.0,2.65,1400.0,600.0,0.0,0.0,0.0,5952.5,6056.5,5890.0,-1.709,2026-02-02 23:54,53100
DIVISLAB,2026-02-24,7400.0,1.35,3300.0,100.0,0.0,0.0,0.0,5952.5,6056.5,5890.0,-1.709,2026-02-02 23:54,61036
DIVISLAB,2026-02-24,7500.0,1.5,1900.0,1900.0,0.0,0.0,0.0,5952.5,6056.5,5890.0,-1.709,2026-02-02 23:54,69004
DLF,2026-02-24,480.0,139.3,2475.0,0.0,0.4,61875.0,11550.0,626.3,628.55,610.05,2.111,2026-02-02 23:54,124986
DLF,2026-02-24,500.0,133.25,825.0,0.0,0.7,188100.0,144375.0,626.3,628.55,610.05,2.111,2026-02-02 23:54,104768
DLF,2026-02-24,510.0,0.0,0.0,0.0,0.0,0.0,0.0,626.3,628.55,610.05,2.111,2026-02-02 23:54,94829
DLF,2026-02-24,520.0,88.0,825.0,0.0,1.15,960300.0,30525.0,626.3,628.55,610.05,2.111,2026-02-02 23:54,84893
DLF,2026-02-24,530.0,0.0,0.0,0.0,1.25,164175.0,14025.0,626.3,628.55,610.05,2.111,2026-02-02 23:54,75814
DLF,2026-02-24,540.0,0.0,0.0,0.0,1.75,337425.0,61050.0,626.3,628.55,610.05,2.111,2026-02-02 23:54,66983
DLF,2026-02-24,550.0,62.5,24750.0,0.0,2.35,499125.0,362175.0,626.3,628.55,610.05,2.111,2026-02-02 23:54,58450
DLF,2026-02-24,560.0,60.0,32175.0,0.0,3.0,512325.0,103950.0,626.3,628.55,610.05,2.111,2026-02-02 23:54,50538
DLF,2026-02-24,570.0,75.65,28050.0,0.0,3.75,355575.0,243375.0,626.3,628.55,610.05,2.111,2026-02-02 23:54,43172
DLF,2026-02-24,580.0,54.0,111375.0,36300.0,4.8,749925.0,668250.0,626.3,628.55,610.05,2.111,2026-02-02 23:54,36229
DLF,2026-02-24,590.0,46.6,268950.0,19800.0,6.45,346500.0,359700.0,626.3,628.55,610.05,2.111,2026-02-02 23:54,30311
DLF,2026-02-24,600.0,37.85,1131900.0,255750.0,8.15,1018050.0,1673100.0,626.3,628.55,610.05,2.111,2026-02-02 23:54,25796
DLF,2026-02-24,610.0,30.75,424875.0,433950.0,10.8,367950.0,918225.0,626.3,628.55,610.05,2.111,2026-02-02 23:54,25855
DLF,2026-02-24,620.0,24.3,1149225.0,2736525.0,14.15,737550.0,1565025.0,626.3,628.55,610.05,2.111,2026-02-02 23:54,24162
DLF,2026-02-24,630.0,18.55,744975.0,2050125.0,18.15,445500.0,572550.0,626.3,628.55,610.05,2.111,2026-02-02 23:54,25196
DLF,2026-02-24,640.0,14.0,1180575.0,1915650.0,23.5,386100.0,103950.0,626.3,628.55,610.05,2.111,2026-02-02 23:54,26245
DLF,2026-02-24,650.0,10.05,1289475.0,1905750.0,29.2,566775.0,75075.0,626.3,628.55,610.05,2.111,2026-02-02 23:54,29032
DLF,2026-02-24,660.0,7.2,1034550.0,1315875.0,36.0,220275.0,9075.0,626.3,628.55,610.05,2.111,2026-02-02 23:54,32571
DLF,2026-02-24,670.0,5.1,509850.0,810150.0,44.9,111375.0,8250.0,626.3,628.55,610.05,2.111,2026-02-02 23:54,37676
DLF,2026-02-24,680.0,3.75,919050.0,1023000.0,55.1,359700.0,54450.0,626.3,628.55,610.05,2.111,2026-02-02 23:54,43210
DLF,2026-02-24,690.0,2.65,178200.0,262350.0,71.0,41250.0,11550.0,626.3,628.55,610.05,2.111,2026-02-02 23:54,48626
DLF,2026-02-24,700.0,1.9,1855425.0,987525.0,74.5,403425.0,33825.0,626.3,628.55,610.05,2.111,2026-02-02 23:54,55652
DLF,2026-02-24,710.0,1.4,201300.0,211200.0,66.55,32175.0,0.0,626.3,628.55,610.05,2.111,2026-02-02 23:54,62531
DLF,2026-02-24,720.0,1.15,266475.0,76725.0,87.75,112200.0,0.0,626.3,628.55,610.05,2.111,2026-02-02 23:54,72109
DLF,2026-02-24,730.0,1.0,36300.0,825.0,102.5,30525.0,1650.0,626.3,628.55,610.05,2.111,2026-02-02 23:54,81299
DLF,2026-02-24,740.0,0.65,84975.0,18150.0,113.05,96525.0,1650.0,626.3,628.55,610.05,2.111,2026-02-02 23:54,91200
DLF,2026-02-24,750.0,0.55,357225.0,136950.0,117.0,395175.0,0.0,626.3,628.55,610.05,2.111,2026-02-02 23:54,100506
DLF,2026-02-24,760.0,0.35,250800.0,179025.0,125.0,24750.0,0.0,626.3,628.55,610.05,2.111,2026-02-02 23:54,107046
DLF,2026-02-24,770.0,0.55,825.0,0.0,147.5,21450.0,0.0,626.3,628.55,610.05,2.111,2026-02-02 23:54,118165
DLF,2026-02-24,780.0,0.25,16500.0,23100.0,150.25,106425.0,3300.0,626.3,628.55,610.05,2.111,2026-02-02 23:54,129291
DLF,2026-02-24,800.0,0.25,117150.0,48675.0,182.55,164175.0,3300.0,626.3,628.55,610.05,2.111,2026-02-02 23:54,150822
DLF,2026-02-24,820.0,0.0,0.0,0.0,175.0,273900.0,0.0,626.3,628.55,610.05,2.111,2026-02-02 23:54,171520
DLF,2026-02-24,840.0,0.1,14025.0,4950.0,214.0,99000.0,4125.0,626.3,628.55,610.05,2.111,2026-02-02 23:54,190967
DMART,2026-02-24,3000.0,690.5,600.0,0.0,5.0,21600.0,28950.0,3674.2,3683.3,3600.0,1.674,2026-02-02 23:54,41982
DMART,2026-02-24,3100.0,0.0,0.0,0.0,2.95,450.0,150.0,3674.2,3683.3,3600.0,1.674,2026-02-02 23:54,33954
DMART,2026-02-24,3200.0,441.0,150.0,150.0,9.55,42150.0,30300.0,3674.2,3683.3,3600.0,1.674,2026-02-02 23:54,25901
DMART,2026-02-24,3250.0,0.0,0.0,0.0,14.0,900.0,0.0,3674.2,3683.3,3600.0,1.674,2026-02-02 23:54,22052
DMART,2026-02-24,3300.0,0.0,0.0,0.0,14.05,45150.0,16650.0,3674.2,3683.3,3600.0,1.674,2026-02-02 23:54,18240
DMART,2026-02-24,3350.0,340.0,150.0,0.0,13.5,150.0,0.0,3674.2,3683.3,3600.0,1.674,2026-02-02 23:54,14591
DMART,2026-02-24,3400.0,309.1,600.0,0.0,22.5,202950.0,72150.0,3674.2,3683.3,3600.0,1.674,2026-02-02 23:54,11013
DMART,2026-02-24,3450.0,0.0,0.0,0.0,31.75,19350.0,0.0,3674.2,3683.3,3600.0,1.674,2026-02-02 23:54,8009
DMART,2026-02-24,3500.0,185.0,4950.0,2850.0,35.9,74250.0,66300.0,3674.2,3683.3,3600.0,1.674,2026-02-02 23:54,5478
DMART,2026-02-24,3550.0,155.0,3600.0,2250.0,46.2,29400.0,28050.0,3674.2,3683.3,3600.0,1.674,2026-02-02 23:54,3230
DMART,2026-02-24,3600.0,136.4,48150.0,52950.0,60.15,73800.0,77700.0,3674.2,3683.3,3600.0,1.674,2026-02-02 23:54,1242
DMART,2026-02-24,3650.0,105.6,47250.0,75900.0,77.4,37950.0,54600.0,3674.2,3683.3,3600.0,1.674,2026-02-02 23:54,157
DMART,2026-02-24,3700.0,78.8,187200.0,162600.0,101.5,127950.0,34950.0,3674.2,3683.3,3600.0,1.674,2026-02-02 23:54,-509
DMART,2026-02-24,3750.0,59.3,56100.0,49800.0,131.1,16950.0,2400.0,3674.2,3683.3,3600.0,1.674,2026-02-02 23:54,370
DMART,2026-02-24,3800.0,41.75,249450.0,168000.0,162.95,36150.0,2850.0,3674.2,3683.3,3600.0,1.674,2026-02-02 23:54,1549
DMART,2026-02-24,3850.0,30.8,26400.0,27900.0,208.25,1050.0,0.0,3674.2,3683.3,3600.0,1.674,2026-02-02 23:54,4498
DMART,2026-02-24,3900.0,21.85,120150.0,177600.0,236.75,15750.0,0.0,3674.2,3683.3,3600.0,1.674,2026-02-02 23:54,7192
DMART,2026-02-24,3950.0,15.8,23400.0,24600.0,320.0,1650.0,0.0,3674.2,3683.3,3600.0,1.674,2026-02-02 23:54,10395
DMART,2026-02-24,4000.0,11.9,192750.0,199200.0,330.0,49650.0,2700.0,3674.2,3683.3,3600.0,1.674,2026-02-02 23:54,13818
DMART,2026-02-24,4050.0,8.75,14100.0,18300.0,0.0,0.0,0.0,3674.2,3683.3,3600.0,1.674,2026-02-02 23:54,17059
DMART,2026-02-24,4100.0,6.85,57000.0,64050.0,427.0,13350.0,1200.0,3674.2,3683.3,3600.0,1.674,2026-02-02 23:54,21793
DMART,2026-02-24,4150.0,6.5,1950.0,0.0,362.0,450.0,0.0,3674.2,3683.3,3600.0,1.674,2026-02-02 23:54,26335
DMART,2026-02-24,4200.0,5.2,77700.0,9900.0,511.75,3150.0,0.0,3674.2,3683.3,3600.0,1.674,2026-02-02 23:54,31405
DMART,2026-02-24,4250.0,9.0,150.0,0.0,0.0,0.0,0.0,3674.2,3683.3,3600.0,1.674,2026-02-02 23:54,36773
DMART,2026-02-24,4300.0,3.6,3900.0,1200.0,625.0,4800.0,0.0,3674.2,3683.3,3600.0,1.674,2026-02-02 23:54,42264
DMART,2026-02-24,4350.0,0.0,0.0,0.0,680.0,150.0,0.0,3674.2,3683.3,3600.0,1.674,2026-02-02 23:54,47498
DMART,2026-02-24,4400.0,2.9,8850.0,150.0,682.5,8850.0,0.0,3674.2,3683.3,3600.0,1.674,2026-02-02 23:54,53023
DMART,2026-02-24,4500.0,2.0,295200.0,95250.0,0.0,0.0,0.0,3674.2,3683.3,3600.0,1.674,2026-02-02 23:54,63667
DRREDDY,2026-02-24,960.0,0.0,0.0,0.0,0.4,2500.0,2500.0,1182.5,1195.0,1167.1,0.322,2026-02-02 23:54,55228
DRREDDY,2026-02-24,980.0,0.0,0.0,0.0,0.75,28750.0,18125.0,1182.5,1195.0,1167.1,0.322,2026-02-02 23:54,49677
DRREDDY,2026-02-24,1000.0,190.85,625.0,625.0,0.9,11875.0,0.0,1182.5,1195.0,1167.1,0.322,2026-02-02 23:54,44181
DRREDDY,2026-02-24,1020.0,175.8,625.0,0.0,1.2,12500.0,625.0,1182.5,1195.0,1167.1,0.322,2026-02-02 23:54,38723
DRREDDY,2026-02-24,1040.0,156.45,625.0,0.0,1.5,113750.0,5000.0,1182.5,1195.0,1167.1,0.322,2026-02-02 23:54,33290
DRREDDY,2026-02-24,1050.0,0.0,0.0,0.0,1.65,43750.0,36875.0,1182.5,1195.0,1167.1,0.322,2026-02-02 23:54,30676
DRREDDY,2026-02-24,1060.0,135.65,2500.0,0.0,1.9,625.0,625.0,1182.5,1195.0,1167.1,0.322,2026-02-02 23:54,28106
DRREDDY,2026-02-24,1070.0,0.0,0.0,0.0,0.0,0.0,0.0,1182.5,1195.0,1167.1,0.322,2026-02-02 23:54,25580
DRREDDY,2026-02-24,1080.0,149.4,3750.0,0.0,2.45,151875.0,84375.0,1182.5,1195.0,1167.1,0.322,2026-02-02 23:54,23020
DRREDDY,2026-02-24,1090.0,111.35,1250.0,0.0,0.0,0.0,0.0,1182.5,1195.0,1167.1,0.322,2026-02-02 23:54,20634
DRREDDY,2026-02-24,1100.0,112.0,1875.0,0.0,3.85,215000.0,235000.0,1182.5,1195.0,1167.1,0.322,2026-02-02 23:54,18245
DRREDDY,2026-02-24,1110.0,0.0,0.0,0.0,4.6,3750.0,4375.0,1182.5,1195.0,1167.1,0.322,2026-02-02 23:54,15997
DRREDDY,2026-02-24,1120.0,0.0,0.0,0.0,5.9,33750.0,55625.0,1182.5,1195.0,1167.1,0.322,2026-02-02 23:54,13813
DRREDDY,2026-02-24,1130.0,58.75,1875.0,4375.0,7.1,31875.0,93750.0,1182.5,1195.0,1167.1,0.322,2026-02-02 23:54,11644
DRREDDY,2026-02-24,1140.0,72.25,625.0,0.0,9.0,96250.0,95000.0,1182.5,1195.0,1167.1,0.322,2026-02-02 23:54,9517
DRREDDY,2026-02-24,1150.0,49.6,6250.0,12500.0,10.35,190000.0,207500.0,1182.5,1195.0,1167.1,0.322,2026-02-02 23:54,7417
DRREDDY,2026-02-24,1160.0,42.35,27500.0,45625.0,13.05,217500.0,440625.0,1182.5,1195.0,1167.1,0.322,2026-02-02 23:54,5430
DRREDDY,2026-02-24,1170.0,36.7,48750.0,132500.0,16.65,60625.0,195625.0,1182.5,1195.0,1167.1,0.322,2026-02-02 23:54,3685
DRREDDY,2026-02-24,1180.0,29.65,118125.0,608750.0,20.75,308125.0,750000.0,1182.5,1195.0,1167.1,0.322,2026-02-02 23:54,2296
DRREDDY,2026-02-24,1190.0,24.05,103125.0,426875.0,24.55,98125.0,291250.0,1182.5,1195.0,1167.1,0.322,2026-02-02 23:54,965
DRREDDY,2026-02-24,1200.0,19.0,370625.0,1219375.0,29.75,328125.0,425000.0,1182.5,1195.0,1167.1,0.322,2026-02-02 23:54,132
DRREDDY,2026-02-24,1210.0,15.4,103750.0,326250.0,37.25,80000.0,83125.0,1182.5,1195.0,1167.1,0.322,2026-02-02 23:54,-280
DRREDDY,2026-02-24,1220.0,12.35,225625.0,668750.0,42.1,278125.0,190625.0,1182.5,1195.0,1167.1,0.322,2026-02-02 23:54,-375
DRREDDY,2026-02-24,1230.0,9.8,190000.0,466250.0,50.65,95000.0,18125.0,1182.5,1195.0,1167.1,0.322,2026-02-02 23:54,-721
DRREDDY,2026-02-24,1240.0,7.45,268125.0,363125.0,58.0,140625.0,65625.0,1182.5,1195.0,1167.1,0.322,2026-02-02 23:54,-185
DRREDDY,2026-02-24,1250.0,5.85,639375.0,638125.0,67.8,80625.0,13750.0,1182.5,1195.0,1167.1,0.322,2026-02-02 23:54,438
DRREDDY,2026-02-24,1260.0,4.65,173125.0,279375.0,75.5,22500.0,5000.0,1182.5,1195.0,1167.1,0.322,2026-02-02 23:54,2225
DRREDDY,2026-02-24,1270.0,3.65,78125.0,96250.0,98.25,10625.0,0.0,1182.5,1195.0,1167.1,0.322,2026-02-02 23:54,4292
DRREDDY,2026-02-24,1280.0,2.95,389375.0,80625.0,72.6,28750.0,0.0,1182.5,1195.0,1167.1,0.322,2026-02-02 23:54,6460
DRREDDY,2026-02-24,1290.0,2.45,48125.0,36250.0,67.9,5625.0,0.0,1182.5,1195.0,1167.1,0.322,2026-02-02 23:54,9029
DRREDDY,2026-02-24,1300.0,2.1,701875.0,432500.0,109.85,51250.0,2500.0,1182.5,1195.0,1167.1,0.322,2026-02-02 23:54,11719
DRREDDY,2026-02-24,1310.0,1.65,41875.0,41250.0,74.65,8125.0,0.0,1182.5,1195.0,1167.1,0.322,2026-02-02 23:54,14772
DRREDDY,2026-02-24,1320.0,1.45,77500.0,125000.0,79.0,1875.0,0.0,1182.5,1195.0,1167.1,0.322,2026-02-02 23:54,18238
DRREDDY,2026-02-24,1330.0,1.05,24375.0,1875.0,138.95,1250.0,0.0,1182.5,1195.0,1167.1,0.322,2026-02-02 23:54,21833
DRREDDY,2026-02-24,1340.0,0.95,76250.0,103125.0,165.7,1875.0,0.0,1182.5,1195.0,1167.1,0.322,2026-02-02 23:54,25443
DRREDDY,2026-02-24,1350.0,0.95,128125.0,29375.0,148.25,5000.0,0.0,1182.5,1195.0,1167.1,0.322,2026-02-02 23:54,29121
DRREDDY,2026-02-24,1360.0,0.65,563125.0,128750.0,109.85,4375.0,0.0,1182.5,1195.0,1167.1,0.322,2026-02-02 23:54,32895
DRREDDY,2026-02-24,1380.0,0.55,127500.0,63750.0,140.0,4375.0,0.0,1182.5,1195.0,1167.1,0.322,2026-02-02 23:54,41690
DRREDDY,2026-02-24,1390.0,0.0,0.0,0.0,160.3,1875.0,0.0,1182.5,1195.0,1167.1,0.322,2026-02-02 23:54,46171
DRREDDY,2026-02-24,1400.0,0.5,130625.0,35000.0,193.0,6250.0,0.0,1182.5,1195.0,1167.1,0.322,2026-02-02 23:54,50677
DRREDDY,2026-02-24,1420.0,0.35,35000.0,5625.0,0.0,0.0,0.0,1182.5,1195.0,1167.1,0.322,2026-02-02 23:54,59911
DRREDDY,2026-02-24,1440.0,0.3,23125.0,625.0,0.0,0.0,0.0,1182.5,1195.0,1167.1,0.322,2026-02-02 23:54,69330
DRREDDY,2026-02-24,1460.0,0.35,1875.0,9375.0,0.0,0.0,0.0,1182.5,1195.0,1167.1,0.322,2026-02-02 23:54,78794
DRREDDY,2026-02-24,1480.0,0.35,12500.0,0.0,314.55,1250.0,0.0,1182.5,1195.0,1167.1,0.322,2026-02-02 23:54,88262
EICHERMOT,2026-02-24,5800.0,0.0,0.0,0.0,0.0,0.0,0.0,6985.5,6997.0,6738.0,1.393,2026-02-02 23:54,81507
EICHERMOT,2026-02-24,5900.0,0.0,0.0,0.0,5.9,87200.0,83600.0,6985.5,6997.0,6738.0,1.393,2026-02-02 23:54,72903
EICHERMOT,2026-02-24,6000.0,1020.0,1100.0,100.0,11.7,22400.0,2000.0,6985.5,6997.0,6738.0,1.393,2026-02-02 23:54,65120
EICHERMOT,2026-02-24,6100.0,930.0,2800.0,200.0,12.0,10500.0,16900.0,6985.5,6997.0,6738.0,1.393,2026-02-02 23:54,57709
EICHERMOT,2026-02-24,6200.0,773.6,1600.0,0.0,17.65,15300.0,19500.0,6985.5,6997.0,6738.0,1.393,2026-02-02 23:54,50593
EICHERMOT,2026-02-24,6300.0,1090.0,100.0,0.0,28.45,8100.0,9100.0,6985.5,6997.0,6738.0,1.393,2026-02-02 23:54,43494
EICHERMOT,2026-02-24,6350.0,0.0,0.0,0.0,36.85,1300.0,0.0,6985.5,6997.0,6738.0,1.393,2026-02-02 23:54,39926
EICHERMOT,2026-02-24,6400.0,741.9,100.0,0.0,33.0,28300.0,9200.0,6985.5,6997.0,6738.0,1.393,2026-02-02 23:54,36371
EICHERMOT,2026-02-24,6450.0,0.0,0.0,0.0,67.05,1400.0,0.0,6985.5,6997.0,6738.0,1.393,2026-02-02 23:54,32877
EICHERMOT,2026-02-24,6500.0,483.65,5500.0,800.0,44.5,28900.0,60400.0,6985.5,6997.0,6738.0,1.393,2026-02-02 23:54,29467
EICHERMOT,2026-02-24,6550.0,0.0,0.0,0.0,83.85,1200.0,0.0,6985.5,6997.0,6738.0,1.393,2026-02-02 23:54,26375
EICHERMOT,2026-02-24,6600.0,560.0,400.0,0.0,65.8,14500.0,6300.0,6985.5,6997.0,6738.0,1.393,2026-02-02 23:54,23142
EICHERMOT,2026-02-24,6650.0,458.8,100.0,0.0,69.5,5400.0,6500.0,6985.5,6997.0,6738.0,1.393,2026-02-02 23:54,19920
EICHERMOT,2026-02-24,6700.0,372.0,4600.0,4500.0,80.3,32100.0,82500.0,6985.5,6997.0,6738.0,1.393,2026-02-02 23:54,16766
EICHERMOT,2026-02-24,6750.0,439.05,100.0,0.0,92.9,10900.0,21700.0,6985.5,6997.0,6738.0,1.393,2026-02-02 23:54,13742
EICHERMOT,2026-02-24,6800.0,323.55,21600.0,71900.0,105.15,166200.0,91600.0,6985.5,6997.0,6738.0,1.393,2026-02-02 23:54,10763
EICHERMOT,2026-02-24,6850.0,291.65,4900.0,15900.0,123.8,33900.0,13500.0,6985.5,6997.0,6738.0,1.393,2026-02-02 23:54,7771
EICHERMOT,2026-02-24,6900.0,255.35,25700.0,184000.0,140.0,56000.0,83400.0,6985.5,6997.0,6738.0,1.393,2026-02-02 23:54,5744
EICHERMOT,2026-02-24,6950.0,230.0,10600.0,24400.0,160.5,22200.0,20000.0,6985.5,6997.0,6738.0,1.393,2026-02-02 23:54,4276
EICHERMOT,2026-02-24,7000.0,200.25,96400.0,191100.0,182.0,75300.0,31800.0,6985.5,6997.0,6738.0,1.393,2026-02-02 23:54,2986
EICHERMOT,2026-02-24,7050.0,175.9,14100.0,22900.0,205.0,8400.0,2600.0,6985.5,6997.0,6738.0,1.393,2026-02-02 23:54,3228
EICHERMOT,2026-02-24,7100.0,151.45,71200.0,60400.0,234.45,42100.0,7400.0,6985.5,6997.0,6738.0,1.393,2026-02-02 23:54,3097
EICHERMOT,2026-02-24,7150.0,135.35,26000.0,27400.0,264.75,3900.0,2400.0,6985.5,6997.0,6738.0,1.393,2026-02-02 23:54,3549
EICHERMOT,2026-02-24,7200.0,114.75,67300.0,131100.0,331.3,13900.0,1200.0,6985.5,6997.0,6738.0,1.393,2026-02-02 23:54,4308
EICHERMOT,2026-02-24,7250.0,98.05,10900.0,19300.0,448.3,3000.0,0.0,6985.5,6997.0,6738.0,1.393,2026-02-02 23:54,5536
EICHERMOT,2026-02-24,7300.0,85.85,48700.0,83900.0,450.0,11200.0,0.0,6985.5,6997.0,6738.0,1.393,2026-02-02 23:54,6494
EICHERMOT,2026-02-24,7350.0,73.6,13400.0,16300.0,404.5,400.0,0.0,6985.5,6997.0,6738.0,1.393,2026-02-02 23:54,7693
EICHERMOT,2026-02-24,7400.0,64.05,20000.0,35200.0,382.7,4700.0,0.0,6985.5,6997.0,6738.0,1.393,2026-02-02 23:54,9129
EICHERMOT,2026-02-24,7450.0,53.45,7000.0,1300.0,368.15,300.0,0.0,6985.5,6997.0,6738.0,1.393,2026-02-02 23:54,10555
EICHERMOT,2026-02-24,7500.0,45.95,47100.0,53700.0,524.0,11200.0,400.0,6985.5,6997.0,6738.0,1.393,2026-02-02 23:54,12095
EICHERMOT,2026-02-24,7550.0,38.8,4200.0,2500.0,0.0,0.0,0.0,6985.5,6997.0,6738.0,1.393,2026-02-02 23:54,13530
EICHERMOT,2026-02-24,7600.0,32.2,26500.0,17100.0,614.65,53000.0,900.0,6985.5,6997.0,6738.0,1.393,2026-02-02 23:54,15373
EICHERMOT,2026-02-24,7650.0,48.5,8500.0,0.0,0.0,0.0,0.0,6985.5,6997.0,6738.0,1.393,2026-02-02 23:54,14425
EICHERMOT,2026-02-24,7700.0,23.3,32800.0,30500.0,703.05,79200.0,400.0,6985.5,6997.0,6738.0,1.393,2026-02-02 23:54,16732
EICHERMOT,2026-02-24,7750.0,22.0,6900.0,2200.0,0.0,0.0,0.0,6985.5,6997.0,6738.0,1.393,2026-02-02 23:54,14067
EICHERMOT,2026-02-24,7800.0,17.45,27700.0,24700.0,790.0,7100.0,100.0,6985.5,6997.0,6738.0,1.393,2026-02-02 23:54,16943
EICHERMOT,2026-02-24,7850.0,28.0,5800.0,0.0,0.0,0.0,0.0,6985.5,6997.0,6738.0,1.393,2026-02-02 23:54,19466
EICHERMOT,2026-02-24,7900.0,12.95,9300.0,11100.0,950.15,300.0,0.0,6985.5,6997.0,6738.0,1.393,2026-02-02 23:54,22546
EICHERMOT,2026-02-24,7950.0,12.0,1800.0,0.0,0.0,0.0,0.0,6985.5,6997.0,6738.0,1.393,2026-02-02 23:54,25642
EICHERMOT,2026-02-24,8000.0,9.1,164300.0,71700.0,823.15,600.0,0.0,6985.5,6997.0,6738.0,1.393,2026-02-02 23:54,28765
EICHERMOT,2026-02-24,8050.0,8.05,1400.0,2300.0,0.0,0.0,0.0,6985.5,6997.0,6738.0,1.393,2026-02-02 23:54,32810
EICHERMOT,2026-02-24,8100.0,6.6,68800.0,30500.0,0.0,0.0,0.0,6985.5,6997.0,6738.0,1.393,2026-02-02 23:54,36764
EICHERMOT,2026-02-24,8150.0,5.0,1700.0,200.0,0.0,0.0,0.0,6985.5,6997.0,6738.0,1.393,2026-02-02 23:54,41106
EICHERMOT,2026-02-24,8200.0,4.6,56600.0,65300.0,0.0,0.0,0.0,6985.5,6997.0,6738.0,1.393,2026-02-02 23:54,45412
EICHERMOT,2026-02-24,8300.0,3.05,69800.0,124800.0,0.0,0.0,0.0,6985.5,6997.0,6738.0,1.393,2026-02-02 23:54,54614
EICHERMOT,2026-02-24,8400.0,3.9,1500.0,0.0,0.0,0.0,0.0,6985.5,6997.0,6738.0,1.393,2026-02-02 23:54,64509
EICHERMOT,2026-02-24,8500.0,1.15,1200.0,100.0,0.0,0.0,0.0,6985.5,6997.0,6738.0,1.393,2026-02-02 23:54,74399
EICHERMOT,2026-02-24,8600.0,1.15,3400.0,100.0,0.0,0.0,0.0,6985.5,6997.0,6738.0,1.393,2026-02-02 23:54,84300
EICHERMOT,2026-02-24,8700.0,4.0,1700.0,0.0,0.0,0.0,0.0,6985.5,6997.0,6738.0,1.393,2026-02-02 23:54,94235
EXIDEIND,2026-02-24,260.0,0.0,0.0,0.0,0.0,0.0,0.0,321.2,323.45,308.45,1.437,2026-02-02 23:54,66358
EXIDEIND,2026-02-24,265.0,0.0,0.0,0.0,0.35,12600.0,0.0,321.2,323.45,308.45,1.437,2026-02-02 23:54,61474
EXIDEIND,2026-02-24,270.0,0.0,0.0,0.0,0.65,127800.0,43200.0,321.2,323.45,308.45,1.437,2026-02-02 23:54,56597
EXIDEIND,2026-02-24,275.0,0.0,0.0,0.0,0.0,0.0,0.0,321.2,323.45,308.45,1.437,2026-02-02 23:54,51775
EXIDEIND,2026-02-24,280.0,0.0,0.0,0.0,0.9,203400.0,277200.0,321.2,323.45,308.45,1.437,2026-02-02 23:54,46962
EXIDEIND,2026-02-24,285.0,0.0,0.0,0.0,1.05,18000.0,23400.0,321.2,323.45,308.45,1.437,2026-02-02 23:54,42232
EXIDEIND,2026-02-24,287.5,0.0,0.0,0.0,0.0,0.0,0.0,321.2,323.45,308.45,1.437,2026-02-02 23:54,39879
EXIDEIND,2026-02-24,290.0,36.25,1800.0,0.0,1.35,275400.0,383400.0,321.2,323.45,308.45,1.437,2026-02-02 23:54,37528
EXIDEIND,2026-02-24,292.5,0.0,0.0,0.0,1.6,10800.0,36000.0,321.2,323.45,308.45,1.437,2026-02-02 23:54,35215
EXIDEIND,2026-02-24,295.0,0.0,0.0,0.0,0.0,0.0,0.0,321.2,323.45,308.45,1.437,2026-02-02 23:54,32934
EXIDEIND,2026-02-24,297.5,0.0,0.0,0.0,2.0,59400.0,72000.0,321.2,323.45,308.45,1.437,2026-02-02 23:54,30655
EXIDEIND,2026-02-24,300.0,26.0,46800.0,27000.0,2.3,977400.0,1589400.0,321.2,323.45,308.45,1.437,2026-02-02 23:54,28379
EXIDEIND,2026-02-24,302.5,18.7,1800.0,3600.0,3.85,14400.0,0.0,321.2,323.45,308.45,1.437,2026-02-02 23:54,26267
EXIDEIND,2026-02-24,305.0,17.05,30600.0,43200.0,2.85,153000.0,358200.0,321.2,323.45,308.45,1.437,2026-02-02 23:54,24261
EXIDEIND,2026-02-24,307.5,17.35,1800.0,0.0,3.45,61200.0,108000.0,321.2,323.45,308.45,1.437,2026-02-02 23:54,22311
EXIDEIND,2026-02-24,310.0,18.0,318600.0,829800.0,3.9,664200.0,1294200.0,321.2,323.45,308.45,1.437,2026-02-02 23:54,20350
EXIDEIND,2026-02-24,312.5,15.25,52200.0,235800.0,4.9,180000.0,223200.0,321.2,323.45,308.45,1.437,2026-02-02 23:54,18968
EXIDEIND,2026-02-24,315.0,14.1,243000.0,1033200.0,5.3,415800.0,484200.0,321.2,323.45,308.45,1.437,2026-02-02 23:54,17320
EXIDEIND,2026-02-24,317.5,12.5,138600.0,271800.0,6.25,154800.0,165600.0,321.2,323.45,308.45,1.437,2026-02-02 23:54,15968
EXIDEIND,2026-02-24,320.0,11.0,946800.0,3639600.0,7.05,788400.0,658800.0,321.2,323.45,308.45,1.437,2026-02-02 23:54,14644
EXIDEIND,2026-02-24,322.5,9.85,235800.0,336600.0,9.0,226800.0,77400.0,321.2,323.45,308.45,1.437,2026-02-02 23:54,14163
EXIDEIND,2026-02-24,325.0,8.3,874800.0,1380600.0,9.4,585000.0,228600.0,321.2,323.45,308.45,1.437,2026-02-02 23:54,13339
EXIDEIND,2026-02-24,327.5,7.5,271800.0,192600.0,10.75,316800.0,9000.0,321.2,323.45,308.45,1.437,2026-02-02 23:54,13029
EXIDEIND,2026-02-24,330.0,6.4,2158200.0,2259000.0,12.25,1382400.0,63000.0,321.2,323.45,308.45,1.437,2026-02-02 23:54,12553
EXIDEIND,2026-02-24,332.5,5.55,91800.0,75600.0,18.3,59400.0,0.0,321.2,323.45,308.45,1.437,2026-02-02 23:54,12787
EXIDEIND,2026-02-24,335.0,4.65,651600.0,543600.0,20.4,90000.0,0.0,321.2,323.45,308.45,1.437,2026-02-02 23:54,13313
EXIDEIND,2026-02-24,337.5,4.1,81000.0,68400.0,22.8,10800.0,0.0,321.2,323.45,308.45,1.437,2026-02-02 23:54,14201
EXIDEIND,2026-02-24,340.0,3.55,1548000.0,1605600.0,22.2,577800.0,27000.0,321.2,323.45,308.45,1.437,2026-02-02 23:54,15002
EXIDEIND,2026-02-24,342.5,2.9,54000.0,36000.0,22.4,1800.0,0.0,321.2,323.45,308.45,1.437,2026-02-02 23:54,15592
EXIDEIND,2026-02-24,345.0,2.65,282600.0,403200.0,24.7,63000.0,0.0,321.2,323.45,308.45,1.437,2026-02-02 23:54,16941
EXIDEIND,2026-02-24,347.5,0.0,0.0,0.0,24.0,3600.0,0.0,321.2,323.45,308.45,1.437,2026-02-02 23:54,18284
EXIDEIND,2026-02-24,350.0,2.0,2178000.0,1864800.0,29.1,374400.0,23400.0,321.2,323.45,308.45,1.437,2026-02-02 23:54,19700
EXIDEIND,2026-02-24,352.5,0.0,0.0,0.0,0.0,0.0,0.0,321.2,323.45,308.45,1.437,2026-02-02 23:54,21109
EXIDEIND,2026-02-24,355.0,1.55,136800.0,154800.0,33.7,48600.0,0.0,321.2,323.45,308.45,1.437,2026-02-02 23:54,23172
EXIDEIND,2026-02-24,360.0,1.2,550800.0,669600.0,44.5,318600.0,5400.0,321.2,323.45,308.45,1.437,2026-02-02 23:54,27248
EXIDEIND,2026-02-24,365.0,0.8,43200.0,0.0,39.0,27000.0,0.0,321.2,323.45,308.45,1.437,2026-02-02 23:54,30549
EXIDEIND,2026-02-24,367.5,0.0,0.0,0.0,43.0,3600.0,0.0,321.2,323.45,308.45,1.437,2026-02-02 23:54,32791
EXIDEIND,2026-02-24,370.0,0.75,480600.0,241200.0,44.45,156600.0,0.0,321.2,323.45,308.45,1.437,2026-02-02 23:54,35121
EXIDEIND,2026-02-24,375.0,1.75,1800.0,0.0,40.6,23400.0,0.0,321.2,323.45,308.45,1.437,2026-02-02 23:54,39469
EXIDEIND,2026-02-24,380.0,0.55,516600.0,187200.0,58.5,165600.0,0.0,321.2,323.45,308.45,1.437,2026-02-02 23:54,44396
EXIDEIND,2026-02-24,390.0,0.35,117000.0,63000.0,69.6,106200.0,5400.0,321.2,323.45,308.45,1.437,2026-02-02 23:54,54180
EXIDEIND,2026-02-24,400.0,0.3,478800.0,230400.0,73.5,376200.0,0.0,321.2,323.45,308.45,1.437,2026-02-02 23:54,64392
EXIDEIND,2026-02-24,410.0,0.2,12600.0,14400.0,87.5,45000.0,0.0,321.2,323.45,308.45,1.437,2026-02-02 23:54,73444
EXIDEIND,2026-02-24,420.0,0.2,9000.0,97200.0,108.0,90000.0,14400.0,321.2,323.45,308.45,1.437,2026-02-02 23:54,84911
EXIDEIND,2026-02-24,425.0,0.15,10800.0,0.0,99.5,81000.0,0.0,321.2,323.45,308.45,1.437,2026-02-02 23:54,89918
EXIDEIND,2026-02-24,440.0,0.1,178200.0,149400.0,120.95,516600.0,0.0,321.2,323.45,308.45,1.437,2026-02-02 23:54,107189
FEDERALBNK,2026-02-24,205.0,0.0,0.0,0.0,0.15,25000.0,0.0,281.3,284.8,276.0,-1.333,2026-02-02 23:54,157487
FEDERALBNK,2026-02-24,210.0,0.0,0.0,0.0,0.1,30000.0,0.0,281.3,284.8,276.0,-1.333,2026-02-02 23:54,142934
FEDERALBNK,2026-02-24,215.0,0.0,0.0,0.0,0.1,25000.0,0.0,281.3,284.8,276.0,-1.333,2026-02-02 23:54,128396
FEDERALBNK,2026-02-24,220.0,67.2,95000.0,0.0,0.1,260000.0,120000.0,281.3,284.8,276.0,-1.333,2026-02-02 23:54,113871
FEDERALBNK,2026-02-24,225.0,56.0,15000.0,10000.0,0.3,5000.0,0.0,281.3,284.8,276.0,-1.333,2026-02-02 23:54,100160
FEDERALBNK,2026-02-24,227.5,57.4,15000.0,0.0,0.0,0.0,0.0,281.3,284.8,276.0,-1.333,2026-02-02 23:54,93075
FEDERALBNK,2026-02-24,230.0,54.0,125000.0,5000.0,0.25,1515000.0,370000.0,281.3,284.8,276.0,-1.333,2026-02-02 23:54,85996
FEDERALBNK,2026-02-24,235.0,47.9,45000.0,0.0,0.3,445000.0,285000.0,281.3,284.8,276.0,-1.333,2026-02-02 23:54,73123
FEDERALBNK,2026-02-24,237.5,18.2,20000.0,0.0,0.7,40000.0,0.0,281.3,284.8,276.0,-1.333,2026-02-02 23:54,66693
FEDERALBNK,2026-02-24,240.0,45.2,10000.0,0.0,0.35,1110000.0,920000.0,281.3,284.8,276.0,-1.333,2026-02-02 23:54,60109
FEDERALBNK,2026-02-24,242.5,15.4,20000.0,0.0,0.85,45000.0,0.0,281.3,284.8,276.0,-1.333,2026-02-02 23:54,53778
FEDERALBNK,2026-02-24,245.0,38.5,10000.0,0.0,0.55,475000.0,1005000.0,281.3,284.8,276.0,-1.333,2026-02-02 23:54,47483
FEDERALBNK,2026-02-24,247.5,0.0,0.0,0.0,0.6,220000.0,0.0,281.3,284.8,276.0,-1.333,2026-02-02 23:54,41296
FEDERALBNK,2026-02-24,250.0,37.6,415000.0,0.0,0.7,5800000.0,5895000.0,281.3,284.8,276.0,-1.333,2026-02-02 23:54,35137
FEDERALBNK,2026-02-24,252.5,0.0,0.0,0.0,0.95,295000.0,225000.0,281.3,284.8,276.0,-1.333,2026-02-02 23:54,31701
FEDERALBNK,2026-02-24,255.0,24.2,465000.0,15000.0,1.0,560000.0,880000.0,281.3,284.8,276.0,-1.333,2026-02-02 23:54,27155
FEDERALBNK,2026-02-24,257.5,27.6,60000.0,0.0,1.25,185000.0,140000.0,281.3,284.8,276.0,-1.333,2026-02-02 23:54,23963
FEDERALBNK,2026-02-24,260.0,20.9,720000.0,105000.0,1.4,2055000.0,3525000.0,281.3,284.8,276.0,-1.333,2026-02-02 23:54,19906
FEDERALBNK,2026-02-24,262.5,22.1,50000.0,0.0,1.65,300000.0,295000.0,281.3,284.8,276.0,-1.333,2026-02-02 23:54,17616
FEDERALBNK,2026-02-24,265.0,18.0,135000.0,55000.0,1.95,680000.0,1920000.0,281.3,284.8,276.0,-1.333,2026-02-02 23:54,14259
FEDERALBNK,2026-02-24,267.5,12.3,25000.0,0.0,2.35,215000.0,470000.0,281.3,284.8,276.0,-1.333,2026-02-02 23:54,11154
FEDERALBNK,2026-02-24,270.0,14.8,1100000.0,455000.0,2.85,2680000.0,7200000.0,281.3,284.8,276.0,-1.333,2026-02-02 23:54,7979
FEDERALBNK,2026-02-24,272.5,16.35,120000.0,0.0,3.45,430000.0,920000.0,281.3,284.8,276.0,-1.333,2026-02-02 23:54,6633
FEDERALBNK,2026-02-24,275.0,11.25,1300000.0,870000.0,4.3,1245000.0,5855000.0,281.3,284.8,276.0,-1.333,2026-02-02 23:54,4609
FEDERALBNK,2026-02-24,277.5,9.75,450000.0,1315000.0,5.05,845000.0,13425000.0,281.3,284.8,276.0,-1.333,2026-02-02 23:54,4100
FEDERALBNK,2026-02-24,280.0,8.3,2575000.0,6260000.0,6.05,3295000.0,11300000.0,281.3,284.8,276.0,-1.333,2026-02-02 23:54,2999
FEDERALBNK,2026-02-24,282.5,6.85,600000.0,1660000.0,7.35,610000.0,1720000.0,281.3,284.8,276.0,-1.333,2026-02-02 23:54,3498
FEDERALBNK,2026-02-24,285.0,5.8,2870000.0,8700000.0,8.6,2305000.0,4830000.0,281.3,284.8,276.0,-1.333,2026-02-02 23:54,4118
FEDERALBNK,2026-02-24,287.5,4.75,765000.0,2590000.0,10.05,565000.0,560000.0,281.3,284.8,276.0,-1.333,2026-02-02 23:54,5752
FEDERALBNK,2026-02-24,290.0,4.05,3450000.0,10465000.0,11.6,1950000.0,940000.0,281.3,284.8,276.0,-1.333,2026-02-02 23:54,7831
FEDERALBNK,2026-02-24,292.5,3.25,700000.0,1515000.0,13.5,200000.0,55000.0,281.3,284.8,276.0,-1.333,2026-02-02 23:54,10600
FEDERALBNK,2026-02-24,295.0,2.75,965000.0,3120000.0,15.3,235000.0,35000.0,281.3,284.8,276.0,-1.333,2026-02-02 23:54,14416
FEDERALBNK,2026-02-24,297.5,2.2,540000.0,1115000.0,15.4,55000.0,0.0,281.3,284.8,276.0,-1.333,2026-02-02 23:54,18481
FEDERALBNK,2026-02-24,300.0,1.85,3090000.0,6500000.0,19.5,155000.0,135000.0,281.3,284.8,276.0,-1.333,2026-02-02 23:54,22822
FEDERALBNK,2026-02-24,302.5,1.55,200000.0,385000.0,18.4,10000.0,0.0,281.3,284.8,276.0,-1.333,2026-02-02 23:54,28211
FEDERALBNK,2026-02-24,305.0,1.25,935000.0,3720000.0,20.9,30000.0,0.0,281.3,284.8,276.0,-1.333,2026-02-02 23:54,33394
FEDERALBNK,2026-02-24,307.5,1.0,275000.0,380000.0,0.0,0.0,0.0,281.3,284.8,276.0,-1.333,2026-02-02 23:54,38861
FEDERALBNK,2026-02-24,310.0,0.85,1705000.0,5785000.0,23.45,60000.0,0.0,281.3,284.8,276.0,-1.333,2026-02-02 23:54,44370
FEDERALBNK,2026-02-24,312.5,1.25,20000.0,0.0,0.0,0.0,0.0,281.3,284.8,276.0,-1.333,2026-02-02 23:54,50297
FEDERALBNK,2026-02-24,315.0,0.6,1020000.0,2700000.0,0.0,0.0,0.0,281.3,284.8,276.0,-1.333,2026-02-02 23:54,56227
FEDERALBNK,2026-02-24,320.0,0.45,2325000.0,4420000.0,31.5,85000.0,0.0,281.3,284.8,276.0,-1.333,2026-02-02 23:54,68653
FEDERALBNK,2026-02-24,325.0,0.35,1315000.0,1580000.0,36.3,90000.0,0.0,281.3,284.8,276.0,-1.333,2026-02-02 23:54,82060
FEDERALBNK,2026-02-24,330.0,0.2,1070000.0,2430000.0,0.0,0.0,0.0,281.3,284.8,276.0,-1.333,2026-02-02 23:54,96052
FORTIS,2026-02-24,700.0,0.0,0.0,0.0,2.85,2325.0,0.0,837.95,842.9,812.6,0.618,2026-02-02 23:54,15351
FORTIS,2026-02-24,720.0,0.0,0.0,0.0,0.0,0.0,0.0,837.95,842.9,812.6,0.618,2026-02-02 23:54,13185
FORTIS,2026-02-24,740.0,0.0,0.0,0.0,3.9,13175.0,0.0,837.95,842.9,812.6,0.618,2026-02-02 23:54,11020
FORTIS,2026-02-24,750.0,0.0,0.0,0.0,2.3,11625.0,2325.0,837.95,842.9,812.6,0.618,2026-02-02 23:54,9945
FORTIS,2026-02-24,760.0,0.0,0.0,0.0,0.0,0.0,0.0,837.95,842.9,812.6,0.618,2026-02-02 23:54,8885
FORTIS,2026-02-24,770.0,0.0,0.0,0.0,5.05,36425.0,82925.0,837.95,842.9,812.6,0.618,2026-02-02 23:54,7827
FORTIS,2026-02-24,780.0,0.0,0.0,0.0,6.5,34875.0,34100.0,837.95,842.9,812.6,0.618,2026-02-02 23:54,6787
FORTIS,2026-02-24,790.0,0.0,0.0,0.0,7.85,18600.0,28675.0,837.95,842.9,812.6,0.618,2026-02-02 23:54,5778
FORTIS,2026-02-24,800.0,50.75,6975.0,6200.0,9.8,175150.0,371225.0,837.95,842.9,812.6,0.618,2026-02-02 23:54,4795
FORTIS,2026-02-24,810.0,33.95,775.0,2325.0,12.05,9300.0,27125.0,837.95,842.9,812.6,0.618,2026-02-02 23:54,3873
FORTIS,2026-02-24,820.0,37.0,16275.0,27900.0,15.0,65875.0,118575.0,837.95,842.9,812.6,0.618,2026-02-02 23:54,3089
FORTIS,2026-02-24,830.0,31.0,29450.0,62000.0,19.0,55800.0,151125.0,837.95,842.9,812.6,0.618,2026-02-02 23:54,2356
FORTIS,2026-02-24,840.0,25.6,54250.0,116250.0,23.4,189100.0,58900.0,837.95,842.9,812.6,0.618,2026-02-02 23:54,1733
FORTIS,2026-02-24,850.0,20.85,115475.0,144150.0,28.95,121675.0,24025.0,837.95,842.9,812.6,0.618,2026-02-02 23:54,1065
FORTIS,2026-02-24,860.0,16.3,137950.0,167400.0,34.3,55800.0,10075.0,837.95,842.9,812.6,0.618,2026-02-02 23:54,825
FORTIS,2026-02-24,870.0,13.3,63550.0,101525.0,41.35,7750.0,5425.0,837.95,842.9,812.6,0.618,2026-02-02 23:54,925
FORTIS,2026-02-24,880.0,10.15,65875.0,79050.0,49.35,17825.0,12400.0,837.95,842.9,812.6,0.618,2026-02-02 23:54,1114
FORTIS,2026-02-24,890.0,8.05,98425.0,136400.0,52.4,6975.0,0.0,837.95,842.9,812.6,0.618,2026-02-02 23:54,1314
FORTIS,2026-02-24,900.0,6.4,337900.0,322400.0,63.85,85250.0,2325.0,837.95,842.9,812.6,0.618,2026-02-02 23:54,1683
FORTIS,2026-02-24,910.0,4.9,25575.0,35650.0,73.2,1550.0,3875.0,837.95,842.9,812.6,0.618,2026-02-02 23:54,2104
FORTIS,2026-02-24,920.0,4.0,36425.0,62000.0,81.4,28675.0,2325.0,837.95,842.9,812.6,0.618,2026-02-02 23:54,2882
FORTIS,2026-02-24,930.0,3.2,8525.0,24800.0,76.0,3100.0,0.0,837.95,842.9,812.6,0.618,2026-02-02 23:54,3505
FORTIS,2026-02-24,940.0,3.15,27900.0,0.0,0.0,0.0,0.0,837.95,842.9,812.6,0.618,2026-02-02 23:54,4337
FORTIS,2026-02-24,950.0,2.05,33325.0,20150.0,116.7,44950.0,3875.0,837.95,842.9,812.6,0.618,2026-02-02 23:54,5227
FORTIS,2026-02-24,960.0,0.95,51925.0,5425.0,116.15,775.0,0.0,837.95,842.9,812.6,0.618,2026-02-02 23:54,5669
FORTIS,2026-02-24,970.0,6.8,2325.0,0.0,124.15,11625.0,0.0,837.95,842.9,812.6,0.618,2026-02-02 23:54,6677
FORTIS,2026-02-24,980.0,2.25,3100.0,0.0,123.0,4650.0,0.0,837.95,842.9,812.6,0.618,2026-02-02 23:54,7560
FORTIS,2026-02-24,990.0,0.0,0.0,0.0,143.5,775.0,0.0,837.95,842.9,812.6,0.618,2026-02-02 23:54,8538
FORTIS,2026-02-24,1000.0,1.0,110825.0,775.0,174.0,75175.0,2325.0,837.95,842.9,812.6,0.618,2026-02-02 23:54,9561
FORTIS,2026-02-24,1020.0,0.5,775.0,1550.0,0.0,0.0,0.0,837.95,842.9,812.6,0.618,2026-02-02 23:54,10706
FORTIS,2026-02-24,1040.0,0.0,0.0,0.0,104.0,2325.0,0.0,837.95,842.9,812.6,0.618,2026-02-02 23:54,13148
FORTIS,2026-02-24,1060.0,0.25,1550.0,1550.0,215.0,3875.0,0.0,837.95,842.9,812.6,0.618,2026-02-02 23:54,15572
GAIL,2026-02-24,136.0,0.0,0.0,0.0,0.33,412650.0,81900.0,160.39,162.69,157.8,-1.25,2026-02-02 23:54,81654
GAIL,2026-02-24,138.0,0.0,0.0,0.0,0.41,63000.0,0.0,160.39,162.69,157.8,-1.25,2026-02-02 23:54,75971
GAIL,2026-02-24,140.0,27.0,3150.0,0.0,0.36,630000.0,337050.0,160.39,162.69,157.8,-1.25,2026-02-02 23:54,70311
GAIL,2026-02-24,142.0,0.0,0.0,0.0,0.53,6300.0,3150.0,160.39,162.69,157.8,-1.25,2026-02-02 23:54,64766
GAIL,2026-02-24,144.0,0.0,0.0,0.0,0.52,12600.0,15750.0,160.39,162.69,157.8,-1.25,2026-02-02 23:54,59236
GAIL,2026-02-24,145.0,0.0,0.0,0.0,0.59,932400.0,878850.0,160.39,162.69,157.8,-1.25,2026-02-02 23:54,56472
GAIL,2026-02-24,146.0,0.0,0.0,0.0,0.61,69300.0,0.0,160.39,162.69,157.8,-1.25,2026-02-02 23:54,53747
GAIL,2026-02-24,148.0,0.0,0.0,0.0,0.8,157500.0,308700.0,160.39,162.69,157.8,-1.25,2026-02-02 23:54,48416
GAIL,2026-02-24,149.0,0.0,0.0,0.0,0.51,94500.0,0.0,160.39,162.69,157.8,-1.25,2026-02-02 23:54,45756
GAIL,2026-02-24,150.0,11.3,138600.0,25200.0,1.0,3931200.0,1590750.0,160.39,162.69,157.8,-1.25,2026-02-02 23:54,43113
GAIL,2026-02-24,151.0,0.0,0.0,0.0,1.12,107100.0,97650.0,160.39,162.69,157.8,-1.25,2026-02-02 23:54,40645
GAIL,2026-02-24,152.0,9.4,22050.0,34650.0,1.17,53550.0,0.0,160.39,162.69,157.8,-1.25,2026-02-02 23:54,38412
GAIL,2026-02-24,153.0,9.3,15750.0,56700.0,1.44,280350.0,286650.0,160.39,162.69,157.8,-1.25,2026-02-02 23:54,36214
GAIL,2026-02-24,154.0,12.7,0.0,0.0,1.58,343350.0,557550.0,160.39,162.69,157.8,-1.25,2026-02-02 23:54,34005
GAIL,2026-02-24,155.0,7.72,160650.0,135450.0,1.81,2381400.0,4662000.0,160.39,162.69,157.8,-1.25,2026-02-02 23:54,31802
GAIL,2026-02-24,156.0,7.72,66150.0,0.0,3.96,40950.0,0.0,160.39,162.69,157.8,-1.25,2026-02-02 23:54,29600
GAIL,2026-02-24,157.0,6.19,88200.0,160650.0,2.33,349650.0,567000.0,160.39,162.69,157.8,-1.25,2026-02-02 23:54,27751
GAIL,2026-02-24,158.0,5.57,113400.0,229950.0,2.61,437850.0,1061550.0,160.39,162.69,157.8,-1.25,2026-02-02 23:54,25884
GAIL,2026-02-24,159.0,4.94,337050.0,932400.0,3.0,280350.0,859950.0,160.39,162.69,157.8,-1.25,2026-02-02 23:54,24048
GAIL,2026-02-24,160.0,4.47,2888550.0,4910850.0,3.42,3055500.0,6640200.0,160.39,162.69,157.8,-1.25,2026-02-02 23:54,22407
GAIL,2026-02-24,161.0,3.88,355950.0,951300.0,3.94,365400.0,444150.0,160.39,162.69,157.8,-1.25,2026-02-02 23:54,21524
GAIL,2026-02-24,162.0,3.42,500850.0,1250550.0,4.44,551250.0,554400.0,160.39,162.69,157.8,-1.25,2026-02-02 23:54,20461
GAIL,2026-02-24,163.0,2.92,390600.0,1023750.0,4.98,519750.0,327600.0,160.39,162.69,157.8,-1.25,2026-02-02 23:54,19436
GAIL,2026-02-24,164.0,2.52,327600.0,828450.0,5.71,245700.0,157500.0,160.39,162.69,157.8,-1.25,2026-02-02 23:54,18431
GAIL,2026-02-24,165.0,2.27,2790900.0,5188050.0,6.26,2359350.0,853650.0,160.39,162.69,157.8,-1.25,2026-02-02 23:54,17570
GAIL,2026-02-24,166.0,2.0,601650.0,1048950.0,6.94,321300.0,94500.0,160.39,162.69,157.8,-1.25,2026-02-02 23:54,16438
GAIL,2026-02-24,167.0,1.69,497700.0,620550.0,7.97,365400.0,81900.0,160.39,162.69,157.8,-1.25,2026-02-02 23:54,16140
GAIL,2026-02-24,168.0,1.48,762300.0,1008000.0,8.27,642600.0,277200.0,160.39,162.69,157.8,-1.25,2026-02-02 23:54,15823
GAIL,2026-02-24,169.0,1.27,245700.0,611100.0,9.18,418950.0,135450.0,160.39,162.69,157.8,-1.25,2026-02-02 23:54,15435
GAIL,2026-02-24,170.0,1.15,5499900.0,4611600.0,10.04,2469600.0,132300.0,160.39,162.69,157.8,-1.25,2026-02-02 23:54,15179
GAIL,2026-02-24,171.0,1.0,403200.0,463050.0,10.98,107100.0,22050.0,160.39,162.69,157.8,-1.25,2026-02-02 23:54,14226
GAIL,2026-02-24,172.0,0.89,541800.0,485100.0,10.22,144900.0,0.0,160.39,162.69,157.8,-1.25,2026-02-02 23:54,15094
GAIL,2026-02-24,173.0,0.8,201600.0,198450.0,12.96,59850.0,15750.0,160.39,162.69,157.8,-1.25,2026-02-02 23:54,16009
GAIL,2026-02-24,174.0,0.58,182700.0,160650.0,9.78,63000.0,0.0,160.39,162.69,157.8,-1.25,2026-02-02 23:54,16987
GAIL,2026-02-24,175.0,0.59,3225600.0,2116800.0,14.6,1048950.0,47250.0,160.39,162.69,157.8,-1.25,2026-02-02 23:54,18001
GAIL,2026-02-24,176.0,0.0,0.0,0.0,0.0,0.0,0.0,160.39,162.69,157.8,-1.25,2026-02-02 23:54,18152
GAIL,2026-02-24,177.0,0.47,204750.0,242550.0,13.75,6300.0,0.0,160.39,162.69,157.8,-1.25,2026-02-02 23:54,19644
GAIL,2026-02-24,178.0,0.35,182700.0,132300.0,11.66,9450.0,0.0,160.39,162.69,157.8,-1.25,2026-02-02 23:54,21158
GAIL,2026-02-24,179.0,0.37,173250.0,267750.0,0.0,0.0,0.0,160.39,162.69,157.8,-1.25,2026-02-02 23:54,22686
GAIL,2026-02-24,180.0,0.34,3603600.0,2466450.0,20.5,853650.0,34650.0,160.39,162.69,157.8,-1.25,2026-02-02 23:54,24242
GAIL,2026-02-24,182.0,0.29,526050.0,258300.0,19.25,6300.0,0.0,160.39,162.69,157.8,-1.25,2026-02-02 23:54,26606
GAIL,2026-02-24,183.0,0.0,0.0,0.0,23.05,3150.0,0.0,160.39,162.69,157.8,-1.25,2026-02-02 23:54,28658
GAIL,2026-02-24,184.0,0.81,75600.0,0.0,0.0,0.0,0.0,160.39,162.69,157.8,-1.25,2026-02-02 23:54,30700
GAIL,2026-02-24,185.0,0.21,1723050.0,693000.0,17.0,116550.0,0.0,160.39,162.69,157.8,-1.25,2026-02-02 23:54,32762
GAIL,2026-02-24,186.0,1.0,9450.0,0.0,0.0,0.0,0.0,160.39,162.69,157.8,-1.25,2026-02-02 23:54,34841
GAIL,2026-02-24,188.0,0.18,248850.0,151200.0,26.8,3150.0,0.0,160.39,162.69,157.8,-1.25,2026-02-02 23:54,39325
GAIL,2026-02-24,190.0,0.17,1530900.0,469350.0,29.53,355950.0,15750.0,160.39,162.69,157.8,-1.25,2026-02-02 23:54,43855
GAIL,2026-02-24,192.0,0.0,0.0,0.0,23.0,22050.0,0.0,160.39,162.69,157.8,-1.25,2026-02-02 23:54,47740
GAIL,2026-02-24,194.0,0.3,12600.0,0.0,32.75,22050.0,3150.0,160.39,162.69,157.8,-1.25,2026-02-02 23:54,52605
GAIL,2026-02-24,195.0,0.14,255150.0,91350.0,0.0,0.0,0.0,160.39,162.69,157.8,-1.25,2026-02-02 23:54,54994
GAIL,2026-02-24,196.0,0.3,12600.0,0.0,0.0,0.0,0.0,160.39,162.69,157.8,-1.25,2026-02-02 23:54,57484
GAIL,2026-02-24,200.0,0.1,2403450.0,308700.0,36.78,3521700.0,0.0,160.39,162.69,157.8,-1.25,2026-02-02 23:54,67436
GAIL,2026-02-24,205.0,0.13,148050.0,3150.0,0.0,0.0,0.0,160.39,162.69,157.8,-1.25,2026-02-02 23:54,69909
GAIL,2026-02-24,210.0,0.08,91350.0,126000.0,50.5,519750.0,6300.0,160.39,162.69,157.8,-1.25,2026-02-02 23:54,85387
GAIL,2026-02-24,220.0,0.05,88200.0,0.0,0.0,0.0,0.0,160.39,162.69,157.8,-1.25,2026-02-02 23:54,114326
GLENMARK,2026-02-24,1680.0,344.2,375.0,0.0,4.4,15000.0,61500.0,1920.4,1964.4,1842.0,-1.01,2026-02-02 23:54,31887
GLENMARK,2026-02-24,1720.0,0.0,0.0,0.0,7.05,66375.0,230625.0,1920.4,1964.4,1842.0,-1.01,2026-02-02 23:54,25776
GLENMARK,2026-02-24,1740.0,0.0,0.0,0.0,8.1,26250.0,53250.0,1920.4,1964.4,1842.0,-1.01,2026-02-02 23:54,22804
GLENMARK,2026-02-24,1760.0,0.0,0.0,0.0,10.8,10500.0,14625.0,1920.4,1964.4,1842.0,-1.01,2026-02-02 23:54,19909
GLENMARK,2026-02-24,1780.0,128.0,3750.0,11625.0,12.85,38250.0,243750.0,1920.4,1964.4,1842.0,-1.01,2026-02-02 23:54,17046
GLENMARK,2026-02-24,1800.0,153.2,8625.0,18000.0,16.0,199500.0,670875.0,1920.4,1964.4,1842.0,-1.01,2026-02-02 23:54,14276
GLENMARK,2026-02-24,1820.0,136.8,3375.0,8250.0,19.75,15375.0,77625.0,1920.4,1964.4,1842.0,-1.01,2026-02-02 23:54,11737
GLENMARK,2026-02-24,1840.0,120.0,4500.0,15375.0,23.9,25875.0,96375.0,1920.4,1964.4,1842.0,-1.01,2026-02-02 23:54,9438
GLENMARK,2026-02-24,1860.0,101.35,24750.0,130875.0,29.95,47250.0,374625.0,1920.4,1964.4,1842.0,-1.01,2026-02-02 23:54,7177
GLENMARK,2026-02-24,1880.0,91.7,20250.0,174000.0,33.8,51750.0,227625.0,1920.4,1964.4,1842.0,-1.01,2026-02-02 23:54,5176
GLENMARK,2026-02-24,1900.0,76.9,117000.0,795375.0,41.45,236250.0,852000.0,1920.4,1964.4,1842.0,-1.01,2026-02-02 23:54,3222
GLENMARK,2026-02-24,1920.0,61.75,118875.0,427125.0,48.5,65250.0,169125.0,1920.4,1964.4,1842.0,-1.01,2026-02-02 23:54,1883
GLENMARK,2026-02-24,1940.0,51.85,45000.0,287250.0,57.25,56625.0,57000.0,1920.4,1964.4,1842.0,-1.01,2026-02-02 23:54,1409
GLENMARK,2026-02-24,1960.0,44.9,142125.0,444000.0,68.65,225000.0,152250.0,1920.4,1964.4,1842.0,-1.01,2026-02-02 23:54,631
GLENMARK,2026-02-24,1980.0,35.7,55500.0,263625.0,78.85,56625.0,81750.0,1920.4,1964.4,1842.0,-1.01,2026-02-02 23:54,-228
GLENMARK,2026-02-24,2000.0,29.1,435375.0,1031625.0,91.4,124875.0,102375.0,1920.4,1964.4,1842.0,-1.01,2026-02-02 23:54,-206
GLENMARK,2026-02-24,2020.0,23.55,133875.0,148500.0,105.4,38625.0,10125.0,1920.4,1964.4,1842.0,-1.01,2026-02-02 23:54,1310
GLENMARK,2026-02-24,2040.0,18.05,81000.0,132375.0,138.9,16125.0,7125.0,1920.4,1964.4,1842.0,-1.01,2026-02-02 23:54,2954
GLENMARK,2026-02-24,2060.0,15.65,64125.0,143250.0,136.6,107250.0,10875.0,1920.4,1964.4,1842.0,-1.01,2026-02-02 23:54,4807
GLENMARK,2026-02-24,2080.0,12.25,219000.0,133125.0,141.1,7875.0,0.0,1920.4,1964.4,1842.0,-1.01,2026-02-02 23:54,5716
GLENMARK,2026-02-24,2100.0,9.85,448125.0,516000.0,173.5,49500.0,28500.0,1920.4,1964.4,1842.0,-1.01,2026-02-02 23:54,8600
GLENMARK,2026-02-24,2120.0,8.0,32250.0,40875.0,155.8,10875.0,0.0,1920.4,1964.4,1842.0,-1.01,2026-02-02 23:54,11905
GLENMARK,2026-02-24,2140.0,0.0,0.0,0.0,174.3,3000.0,0.0,1920.4,1964.4,1842.0,-1.01,2026-02-02 23:54,15570
GLENMARK,2026-02-24,2160.0,5.6,70500.0,110250.0,182.15,2250.0,0.0,1920.4,1964.4,1842.0,-1.01,2026-02-02 23:54,19332
GLENMARK,2026-02-24,2180.0,47.0,375.0,0.0,0.0,0.0,0.0,1920.4,1964.4,1842.0,-1.01,2026-02-02 23:54,23290
GLENMARK,2026-02-24,2200.0,4.0,149250.0,200250.0,196.85,7500.0,0.0,1920.4,1964.4,1842.0,-1.01,2026-02-02 23:54,27253
GLENMARK,2026-02-24,2220.0,3.5,18750.0,8250.0,240.0,375.0,0.0,1920.4,1964.4,1842.0,-1.01,2026-02-02 23:54,31439
GLENMARK,2026-02-24,2240.0,2.45,21750.0,10500.0,264.75,2250.0,0.0,1920.4,1964.4,1842.0,-1.01,2026-02-02 23:54,35749
GLENMARK,2026-02-24,2260.0,6.65,750.0,0.0,0.0,0.0,0.0,1920.4,1964.4,1842.0,-1.01,2026-02-02 23:54,40055
GLENMARK,2026-02-24,2280.0,1.75,22500.0,18375.0,0.0,0.0,0.0,1920.4,1964.4,1842.0,-1.01,2026-02-02 23:54,44418
GLENMARK,2026-02-24,2300.0,1.4,7125.0,2250.0,310.0,38250.0,0.0,1920.4,1964.4,1842.0,-1.01,2026-02-02 23:54,48829
GLENMARK,2026-02-24,2320.0,1.05,63000.0,31125.0,0.0,0.0,0.0,1920.4,1964.4,1842.0,-1.01,2026-02-02 23:54,52142
GLENMARK,2026-02-24,2360.0,1.35,21000.0,16125.0,0.0,0.0,0.0,1920.4,1964.4,1842.0,-1.01,2026-02-02 23:54,61396
GLENMARK,2026-02-24,2400.0,3.7,31500.0,0.0,0.0,0.0,0.0,1920.4,1964.4,1842.0,-1.01,2026-02-02 23:54,70730
GODREJCP,2026-02-24,980.0,189.5,1500.0,1500.0,0.0,0.0,0.0,1170.1,1173.3,1132.2,0.775,2026-02-02 23:54,15806
GODREJCP,2026-02-24,1000.0,170.15,1500.0,4000.0,1.1,39000.0,11500.0,1170.1,1173.3,1132.2,0.775,2026-02-02 23:54,13496
GODREJCP,2026-02-24,1020.0,150.35,0.0,1500.0,0.0,0.0,0.0,1170.1,1173.3,1132.2,0.775,2026-02-02 23:54,11259
GODREJCP,2026-02-24,1030.0,0.0,0.0,0.0,2.2,10500.0,0.0,1170.1,1173.3,1132.2,0.775,2026-02-02 23:54,10130
GODREJCP,2026-02-24,1040.0,0.0,0.0,0.0,2.0,65000.0,74500.0,1170.1,1173.3,1132.2,0.775,2026-02-02 23:54,9009
GODREJCP,2026-02-24,1050.0,0.0,0.0,0.0,2.35,7000.0,13500.0,1170.1,1173.3,1132.2,0.775,2026-02-02 23:54,7942
GODREJCP,2026-02-24,1060.0,0.0,0.0,0.0,2.75,31000.0,18500.0,1170.1,1173.3,1132.2,0.775,2026-02-02 23:54,6894
GODREJCP,2026-02-24,1070.0,0.0,0.0,0.0,7.35,1500.0,0.0,1170.1,1173.3,1132.2,0.775,2026-02-02 23:54,5870
GODREJCP,2026-02-24,1080.0,0.0,0.0,0.0,4.3,107500.0,109500.0,1170.1,1173.3,1132.2,0.775,2026-02-02 23:54,4855
GODREJCP,2026-02-24,1090.0,0.0,0.0,0.0,8.55,2000.0,0.0,1170.1,1173.3,1132.2,0.775,2026-02-02 23:54,3902
GODREJCP,2026-02-24,1100.0,79.3,44500.0,73000.0,5.8,146500.0,262000.0,1170.1,1173.3,1132.2,0.775,2026-02-02 23:54,2996
GODREJCP,2026-02-24,1110.0,76.15,3000.0,0.0,7.3,22500.0,15500.0,1170.1,1173.3,1132.2,0.775,2026-02-02 23:54,2551
GODREJCP,2026-02-24,1120.0,54.0,2000.0,0.0,8.95,31500.0,79000.0,1170.1,1173.3,1132.2,0.775,2026-02-02 23:54,1869
GODREJCP,2026-02-24,1130.0,44.75,5500.0,14000.0,11.55,15500.0,106500.0,1170.1,1173.3,1132.2,0.775,2026-02-02 23:54,1197
GODREJCP,2026-02-24,1140.0,47.5,18000.0,87500.0,15.35,47500.0,107500.0,1170.1,1173.3,1132.2,0.775,2026-02-02 23:54,570
GODREJCP,2026-02-24,1150.0,36.85,63000.0,487000.0,18.85,85500.0,478000.0,1170.1,1173.3,1132.2,0.775,2026-02-02 23:54,15
GODREJCP,2026-02-24,1160.0,32.2,141000.0,637000.0,22.55,193500.0,624500.0,1170.1,1173.3,1132.2,0.775,2026-02-02 23:54,-333
GODREJCP,2026-02-24,1170.0,28.15,52000.0,140000.0,27.5,73000.0,38500.0,1170.1,1173.3,1132.2,0.775,2026-02-02 23:54,-400
GODREJCP,2026-02-24,1180.0,22.0,209000.0,351500.0,30.6,58000.0,149000.0,1170.1,1173.3,1132.2,0.775,2026-02-02 23:54,-414
GODREJCP,2026-02-24,1190.0,20.0,29000.0,2000.0,42.65,4500.0,0.0,1170.1,1173.3,1132.2,0.775,2026-02-02 23:54,174
GODREJCP,2026-02-24,1200.0,14.85,206500.0,437000.0,41.95,129500.0,174000.0,1170.1,1173.3,1132.2,0.775,2026-02-02 23:54,553
GODREJCP,2026-02-24,1210.0,14.6,14000.0,0.0,0.0,0.0,0.0,1170.1,1173.3,1132.2,0.775,2026-02-02 23:54,993
GODREJCP,2026-02-24,1220.0,13.85,124500.0,55000.0,73.0,3500.0,0.0,1170.1,1173.3,1132.2,0.775,2026-02-02 23:54,1704
GODREJCP,2026-02-24,1230.0,8.05,11000.0,1000.0,81.15,5000.0,0.0,1170.1,1173.3,1132.2,0.775,2026-02-02 23:54,2670
GODREJCP,2026-02-24,1240.0,6.1,157500.0,171500.0,74.95,42000.0,1000.0,1170.1,1173.3,1132.2,0.775,2026-02-02 23:54,3472
GODREJCP,2026-02-24,1250.0,5.25,171000.0,93500.0,81.45,37500.0,5500.0,1170.1,1173.3,1132.2,0.775,2026-02-02 23:54,4288
GODREJCP,2026-02-24,1260.0,3.9,71500.0,39000.0,97.8,500.0,0.0,1170.1,1173.3,1132.2,0.775,2026-02-02 23:54,5315
GODREJCP,2026-02-24,1270.0,5.25,8000.0,0.0,101.3,2000.0,0.0,1170.1,1173.3,1132.2,0.775,2026-02-02 23:54,6652
GODREJCP,2026-02-24,1280.0,3.2,75000.0,36000.0,0.0,0.0,0.0,1170.1,1173.3,1132.2,0.775,2026-02-02 23:54,7960
GODREJCP,2026-02-24,1290.0,3.35,7000.0,0.0,0.0,0.0,0.0,1170.1,1173.3,1132.2,0.775,2026-02-02 23:54,9384
GODREJCP,2026-02-24,1300.0,2.2,220500.0,160000.0,130.0,9500.0,0.0,1170.1,1173.3,1132.2,0.775,2026-02-02 23:54,10793
GODREJCP,2026-02-24,1310.0,2.1,500.0,0.0,0.0,0.0,0.0,1170.1,1173.3,1132.2,0.775,2026-02-02 23:54,12354
GODREJCP,2026-02-24,1320.0,1.0,46500.0,1500.0,0.0,0.0,0.0,1170.1,1173.3,1132.2,0.775,2026-02-02 23:54,13991
GODREJCP,2026-02-24,1340.0,1.2,36000.0,0.0,0.0,0.0,0.0,1170.1,1173.3,1132.2,0.775,2026-02-02 23:54,17363
GODREJCP,2026-02-24,1350.0,1.0,1000.0,0.0,0.0,0.0,0.0,1170.1,1173.3,1132.2,0.775,2026-02-02 23:54,19087
GODREJCP,2026-02-24,1360.0,0.0,0.0,0.0,122.75,0.0,0.0,1170.1,1173.3,1132.2,0.775,2026-02-02 23:54,20807
GODREJCP,2026-02-24,1370.0,0.6,41500.0,1000.0,0.0,0.0,0.0,1170.1,1173.3,1132.2,0.775,2026-02-02 23:54,22528
GODREJCP,2026-02-24,1380.0,5.0,9500.0,0.0,0.0,0.0,0.0,1170.1,1173.3,1132.2,0.775,2026-02-02 23:54,24292
GODREJCP,2026-02-24,1400.0,0.9,35500.0,500.0,0.0,0.0,0.0,1170.1,1173.3,1132.2,0.775,2026-02-02 23:54,27840
GODREJCP,2026-02-24,1440.0,0.2,9500.0,0.0,0.0,0.0,0.0,1170.1,1173.3,1132.2,0.775,2026-02-02 23:54,35071
GODREJPROP,2026-02-24,1200.0,0.0,0.0,0.0,3.0,23650.0,1375.0,1560.1,1568.9,1486.4,2.855,2026-02-02 23:54,90664
GODREJPROP,2026-02-24,1240.0,331.3,0.0,0.0,3.5,26125.0,12650.0,1560.1,1568.9,1486.4,2.855,2026-02-02 23:54,80301
GODREJPROP,2026-02-24,1280.0,0.0,0.0,0.0,5.0,18150.0,15400.0,1560.1,1568.9,1486.4,2.855,2026-02-02 23:54,70041
GODREJPROP,2026-02-24,1300.0,237.95,1100.0,275.0,5.0,32175.0,19250.0,1560.1,1568.9,1486.4,2.855,2026-02-02 23:54,64943
GODREJPROP,2026-02-24,1320.0,220.0,550.0,275.0,8.05,41525.0,14025.0,1560.1,1568.9,1486.4,2.855,2026-02-02 23:54,59930
GODREJPROP,2026-02-24,1340.0,0.0,0.0,0.0,7.1,15400.0,15400.0,1560.1,1568.9,1486.4,2.855,2026-02-02 23:54,54971
GODREJPROP,2026-02-24,1360.0,0.0,0.0,0.0,8.45,37400.0,17325.0,1560.1,1568.9,1486.4,2.855,2026-02-02 23:54,50052
GODREJPROP,2026-02-24,1380.0,0.0,0.0,0.0,10.0,11275.0,1375.0,1560.1,1568.9,1486.4,2.855,2026-02-02 23:54,45187
GODREJPROP,2026-02-24,1400.0,185.0,35200.0,2200.0,12.75,160325.0,210650.0,1560.1,1568.9,1486.4,2.855,2026-02-02 23:54,40366
GODREJPROP,2026-02-24,1420.0,125.25,1375.0,0.0,35.0,34650.0,0.0,1560.1,1568.9,1486.4,2.855,2026-02-02 23:54,36393
GODREJPROP,2026-02-24,1440.0,147.0,825.0,0.0,19.75,51975.0,40150.0,1560.1,1568.9,1486.4,2.855,2026-02-02 23:54,31942
GODREJPROP,2026-02-24,1460.0,135.85,8800.0,0.0,23.05,81400.0,57750.0,1560.1,1568.9,1486.4,2.855,2026-02-02 23:54,27610
GODREJPROP,2026-02-24,1480.0,108.75,30250.0,8250.0,28.35,75075.0,44550.0,1560.1,1568.9,1486.4,2.855,2026-02-02 23:54,23481
GODREJPROP,2026-02-24,1500.0,105.6,275000.0,200200.0,34.5,416075.0,135300.0,1560.1,1568.9,1486.4,2.855,2026-02-02 23:54,19746
GODREJPROP,2026-02-24,1520.0,92.0,102575.0,144925.0,40.95,133650.0,64075.0,1560.1,1568.9,1486.4,2.855,2026-02-02 23:54,18746
GODREJPROP,2026-02-24,1540.0,80.0,167200.0,429825.0,49.5,180125.0,225225.0,1560.1,1568.9,1486.4,2.855,2026-02-02 23:54,17147
GODREJPROP,2026-02-24,1560.0,68.9,117150.0,255475.0,58.4,163900.0,137225.0,1560.1,1568.9,1486.4,2.855,2026-02-02 23:54,16292
GODREJPROP,2026-02-24,1580.0,58.3,83325.0,83325.0,67.5,45925.0,23375.0,1560.1,1568.9,1486.4,2.855,2026-02-02 23:54,15402
GODREJPROP,2026-02-24,1600.0,50.1,549450.0,795575.0,84.15,284625.0,46475.0,1560.1,1568.9,1486.4,2.855,2026-02-02 23:54,15097
GODREJPROP,2026-02-24,1620.0,41.2,94050.0,66825.0,98.0,33275.0,1650.0,1560.1,1568.9,1486.4,2.855,2026-02-02 23:54,16643
GODREJPROP,2026-02-24,1640.0,36.5,96250.0,104500.0,147.6,49775.0,0.0,1560.1,1568.9,1486.4,2.855,2026-02-02 23:54,18146
GODREJPROP,2026-02-24,1660.0,30.5,84425.0,71500.0,147.15,32450.0,1650.0,1560.1,1568.9,1486.4,2.855,2026-02-02 23:54,19497
GODREJPROP,2026-02-24,1680.0,25.6,79750.0,62150.0,153.9,18975.0,0.0,1560.1,1568.9,1486.4,2.855,2026-02-02 23:54,21245
GODREJPROP,2026-02-24,1700.0,21.8,623975.0,549175.0,154.0,113025.0,2750.0,1560.1,1568.9,1486.4,2.855,2026-02-02 23:54,23322
GODREJPROP,2026-02-24,1720.0,18.05,35475.0,18425.0,217.75,7700.0,0.0,1560.1,1568.9,1486.4,2.855,2026-02-02 23:54,26581
GODREJPROP,2026-02-24,1740.0,15.45,67925.0,54175.0,221.85,5225.0,825.0,1560.1,1568.9,1486.4,2.855,2026-02-02 23:54,30203
GODREJPROP,2026-02-24,1760.0,13.0,33275.0,19525.0,230.0,6600.0,0.0,1560.1,1568.9,1486.4,2.855,2026-02-02 23:54,34064
GODREJPROP,2026-02-24,1780.0,9.9,35750.0,7150.0,235.0,14575.0,0.0,1560.1,1568.9,1486.4,2.855,2026-02-02 23:54,37908
GODREJPROP,2026-02-24,1800.0,10.25,577500.0,179850.0,240.0,154825.0,2750.0,1560.1,1568.9,1486.4,2.855,2026-02-02 23:54,41653
GODREJPROP,2026-02-24,1820.0,8.6,56375.0,26400.0,289.25,15400.0,0.0,1560.1,1568.9,1486.4,2.855,2026-02-02 23:54,44046
GODREJPROP,2026-02-24,1840.0,7.0,31900.0,14850.0,283.0,4950.0,0.0,1560.1,1568.9,1486.4,2.855,2026-02-02 23:54,49310
GODREJPROP,2026-02-24,1860.0,6.4,39050.0,26675.0,282.05,10175.0,0.0,1560.1,1568.9,1486.4,2.855,2026-02-02 23:54,54926
GODREJPROP,2026-02-24,1880.0,6.0,15125.0,6325.0,328.45,7425.0,0.0,1560.1,1568.9,1486.4,2.855,2026-02-02 23:54,60497
GODREJPROP,2026-02-24,1900.0,5.4,237325.0,71775.0,376.0,80575.0,4125.0,1560.1,1568.9,1486.4,2.855,2026-02-02 23:54,66140
GODREJPROP,2026-02-24,1920.0,6.0,16775.0,0.0,91.25,2475.0,0.0,1560.1,1568.9,1486.4,2.855,2026-02-02 23:54,69752
GODREJPROP,2026-02-24,1940.0,4.55,17600.0,0.0,425.0,4400.0,0.0,1560.1,1568.9,1486.4,2.855,2026-02-02 23:54,76292
GODREJPROP,2026-02-24,1960.0,3.85,67925.0,48125.0,388.05,3850.0,0.0,1560.1,1568.9,1486.4,2.855,2026-02-02 23:54,82709
GODREJPROP,2026-02-24,1980.0,2.5,5500.0,275.0,475.0,2750.0,0.0,1560.1,1568.9,1486.4,2.855,2026-02-02 23:54,89325
GODREJPROP,2026-02-24,2000.0,3.8,367675.0,78100.0,458.0,82225.0,3300.0,1560.1,1568.9,1486.4,2.855,2026-02-02 23:54,95952
GODREJPROP,2026-02-24,2020.0,2.65,24200.0,0.0,490.0,2200.0,0.0,1560.1,1568.9,1486.4,2.855,2026-02-02 23:54,99982
GODREJPROP,2026-02-24,2040.0,10.15,1375.0,0.0,420.0,550.0,0.0,1560.1,1568.9,1486.4,2.855,2026-02-02 23:54,107590
GODREJPROP,2026-02-24,2060.0,35.85,275.0,0.0,530.0,3025.0,0.0,1560.1,1568.9,1486.4,2.855,2026-02-02 23:54,115281
GODREJPROP,2026-02-24,2080.0,2.25,6875.0,0.0,516.0,12925.0,0.0,1560.1,1568.9,1486.4,2.855,2026-02-02 23:54,122840
GODREJPROP,2026-02-24,2100.0,2.3,128150.0,18150.0,535.9,15125.0,0.0,1560.1,1568.9,1486.4,2.855,2026-02-02 23:54,129934
GODREJPROP,2026-02-24,2120.0,0.0,0.0,0.0,599.0,275.0,0.0,1560.1,1568.9,1486.4,2.855,2026-02-02 23:54,137198
GODREJPROP,2026-02-24,2140.0,2.0,550.0,0.0,584.0,1650.0,0.0,1560.1,1568.9,1486.4,2.855,2026-02-02 23:54,145228
GODREJPROP,2026-02-24,2160.0,6.0,10450.0,0.0,650.0,5225.0,0.0,1560.1,1568.9,1486.4,2.855,2026-02-02 23:54,153182
GODREJPROP,2026-02-24,2180.0,18.0,275.0,0.0,0.0,0.0,0.0,1560.1,1568.9,1486.4,2.855,2026-02-02 23:54,160930
GODREJPROP,2026-02-24,2200.0,1.55,81675.0,16775.0,642.0,48675.0,0.0,1560.1,1568.9,1486.4,2.855,2026-02-02 23:54,169013
GODREJPROP,2026-02-24,2260.0,1.4,550.0,0.0,0.0,0.0,0.0,1560.1,1568.9,1486.4,2.855,2026-02-02 23:54,190930
GODREJPROP,2026-02-24,2280.0,0.95,1925.0,0.0,170.0,275.0,0.0,1560.1,1568.9,1486.4,2.855,2026-02-02 23:54,199274
GODREJPROP,2026-02-24,2300.0,1.3,16500.0,9900.0,755.0,18975.0,0.0,1560.1,1568.9,1486.4,2.855,2026-02-02 23:54,207618
GODREJPROP,2026-02-24,2320.0,1.0,1100.0,0.0,800.0,1650.0,0.0,1560.1,1568.9,1486.4,2.855,2026-02-02 23:54,214607
GODREJPROP,2026-02-24,2340.0,0.55,550.0,0.0,0.0,0.0,0.0,1560.1,1568.9,1486.4,2.855,2026-02-02 23:54,222900
GODREJPROP,2026-02-24,2360.0,0.0,0.0,0.0,832.0,550.0,0.0,1560.1,1568.9,1486.4,2.855,2026-02-02 23:54,231326
GODREJPROP,2026-02-24,2400.0,1.15,7975.0,1375.0,888.0,11550.0,0.0,1560.1,1568.9,1486.4,2.855,2026-02-02 23:54,248134
GODREJPROP,2026-02-24,2440.0,0.8,7150.0,0.0,833.45,5775.0,0.0,1560.1,1568.9,1486.4,2.855,2026-02-02 23:54,264042
GRASIM,2026-02-24,2280.0,0.0,0.0,0.0,0.0,0.0,0.0,2774.6,2781.9,2713.0,1.352,2026-02-02 23:54,37783
GRASIM,2026-02-24,2320.0,0.0,0.0,0.0,0.0,0.0,0.0,2774.6,2781.9,2713.0,1.352,2026-02-02 23:54,34108
GRASIM,2026-02-24,2360.0,0.0,0.0,0.0,3.25,3750.0,4250.0,2774.6,2781.9,2713.0,1.352,2026-02-02 23:54,30433
GRASIM,2026-02-24,2400.0,0.0,0.0,0.0,0.0,0.0,0.0,2774.6,2781.9,2713.0,1.352,2026-02-02 23:54,26772
GRASIM,2026-02-24,2440.0,0.0,0.0,0.0,0.0,0.0,0.0,2774.6,2781.9,2713.0,1.352,2026-02-02 23:54,23112
GRASIM,2026-02-24,2480.0,0.0,0.0,0.0,0.0,0.0,0.0,2774.6,2781.9,2713.0,1.352,2026-02-02 23:54,19452
GRASIM,2026-02-24,2500.0,0.0,0.0,0.0,4.55,85250.0,81750.0,2774.6,2781.9,2713.0,1.352,2026-02-02 23:54,17622
GRASIM,2026-02-24,2520.0,0.0,0.0,0.0,0.0,0.0,0.0,2774.6,2781.9,2713.0,1.352,2026-02-02 23:54,15924
GRASIM,2026-02-24,2540.0,0.0,0.0,0.0,6.5,16000.0,5750.0,2774.6,2781.9,2713.0,1.352,2026-02-02 23:54,14264
GRASIM,2026-02-24,2560.0,0.0,0.0,0.0,7.6,13500.0,24500.0,2774.6,2781.9,2713.0,1.352,2026-02-02 23:54,12626
GRASIM,2026-02-24,2580.0,0.0,0.0,0.0,9.0,750.0,0.0,2774.6,2781.9,2713.0,1.352,2026-02-02 23:54,11016
GRASIM,2026-02-24,2600.0,165.8,250.0,2000.0,11.7,146250.0,88000.0,2774.6,2781.9,2713.0,1.352,2026-02-02 23:54,9416
GRASIM,2026-02-24,2620.0,154.1,3500.0,6000.0,13.3,7750.0,5750.0,2774.6,2781.9,2713.0,1.352,2026-02-02 23:54,7943
GRASIM,2026-02-24,2640.0,0.0,0.0,0.0,16.95,500.0,0.0,2774.6,2781.9,2713.0,1.352,2026-02-02 23:54,6703
GRASIM,2026-02-24,2660.0,0.0,0.0,0.0,19.45,31000.0,16750.0,2774.6,2781.9,2713.0,1.352,2026-02-02 23:54,5420
GRASIM,2026-02-24,2680.0,0.0,0.0,0.0,23.55,6750.0,9750.0,2774.6,2781.9,2713.0,1.352,2026-02-02 23:54,4139
GRASIM,2026-02-24,2700.0,118.0,13750.0,25000.0,28.8,195500.0,201750.0,2774.6,2781.9,2713.0,1.352,2026-02-02 23:54,2916
GRASIM,2026-02-24,2720.0,102.0,3750.0,3750.0,33.8,9750.0,12000.0,2774.6,2781.9,2713.0,1.352,2026-02-02 23:54,1727
GRASIM,2026-02-24,2740.0,90.8,9000.0,22750.0,40.65,31750.0,65500.0,2774.6,2781.9,2713.0,1.352,2026-02-02 23:54,971
GRASIM,2026-02-24,2760.0,78.0,26000.0,58250.0,48.7,29000.0,24500.0,2774.6,2781.9,2713.0,1.352,2026-02-02 23:54,243
GRASIM,2026-02-24,2780.0,68.25,18500.0,36250.0,57.5,29750.0,12500.0,2774.6,2781.9,2713.0,1.352,2026-02-02 23:54,-264
GRASIM,2026-02-24,2800.0,57.3,92000.0,285000.0,69.0,141750.0,126500.0,2774.6,2781.9,2713.0,1.352,2026-02-02 23:54,-783
GRASIM,2026-02-24,2820.0,49.0,16750.0,21750.0,77.8,17250.0,2750.0,2774.6,2781.9,2713.0,1.352,2026-02-02 23:54,-1239
GRASIM,2026-02-24,2840.0,39.9,39250.0,29750.0,92.75,48000.0,4500.0,2774.6,2781.9,2713.0,1.352,2026-02-02 23:54,-1230
GRASIM,2026-02-24,2860.0,34.8,32500.0,63250.0,111.4,23000.0,2500.0,2774.6,2781.9,2713.0,1.352,2026-02-02 23:54,-1282
GRASIM,2026-02-24,2880.0,28.65,20750.0,15250.0,160.7,7750.0,0.0,2774.6,2781.9,2713.0,1.352,2026-02-02 23:54,-1077
GRASIM,2026-02-24,2900.0,22.95,175750.0,209750.0,134.8,33500.0,5250.0,2774.6,2781.9,2713.0,1.352,2026-02-02 23:54,-738
GRASIM,2026-02-24,2920.0,19.55,26500.0,37250.0,203.2,5500.0,0.0,2774.6,2781.9,2713.0,1.352,2026-02-02 23:54,36
GRASIM,2026-02-24,2940.0,16.4,35500.0,40750.0,121.55,3250.0,0.0,2774.6,2781.9,2713.0,1.352,2026-02-02 23:54,863
GRASIM,2026-02-24,2960.0,13.4,60250.0,33500.0,161.45,2000.0,0.0,2774.6,2781.9,2713.0,1.352,2026-02-02 23:54,1846
GRASIM,2026-02-24,2980.0,10.15,13500.0,2000.0,123.05,1000.0,0.0,2774.6,2781.9,2713.0,1.352,2026-02-02 23:54,2984
GRASIM,2026-02-24,3000.0,9.0,97250.0,71000.0,186.85,16000.0,0.0,2774.6,2781.9,2713.0,1.352,2026-02-02 23:54,4103
GRASIM,2026-02-24,3020.0,7.5,9750.0,19250.0,0.0,0.0,0.0,2774.6,2781.9,2713.0,1.352,2026-02-02 23:54,5236
GRASIM,2026-02-24,3040.0,6.9,9750.0,9750.0,0.0,0.0,0.0,2774.6,2781.9,2713.0,1.352,2026-02-02 23:54,6607
GRASIM,2026-02-24,3060.0,4.25,13750.0,19000.0,0.0,0.0,0.0,2774.6,2781.9,2713.0,1.352,2026-02-02 23:54,7998
GRASIM,2026-02-24,3080.0,16.3,500.0,0.0,0.0,0.0,0.0,2774.6,2781.9,2713.0,1.352,2026-02-02 23:54,9414
GRASIM,2026-02-24,3100.0,4.45,38500.0,32500.0,0.0,0.0,0.0,2774.6,2781.9,2713.0,1.352,2026-02-02 23:54,10827
GRASIM,2026-02-24,3120.0,2.1,11500.0,0.0,0.0,0.0,0.0,2774.6,2781.9,2713.0,1.352,2026-02-02 23:54,12333
GRASIM,2026-02-24,3160.0,2.55,172750.0,7000.0,0.0,0.0,0.0,2774.6,2781.9,2713.0,1.352,2026-02-02 23:54,15360
GRASIM,2026-02-24,3200.0,1.25,244250.0,24750.0,0.0,0.0,0.0,2774.6,2781.9,2713.0,1.352,2026-02-02 23:54,19119
GRASIM,2026-02-24,3240.0,2.05,250.0,0.0,0.0,0.0,0.0,2774.6,2781.9,2713.0,1.352,2026-02-02 23:54,23841
GRASIM,2026-02-24,3280.0,0.0,0.0,0.0,0.0,0.0,0.0,2774.6,2781.9,2713.0,1.352,2026-02-02 23:54,28534
GRASIM,2026-02-24,3320.0,1.9,4250.0,0.0,451.0,12500.0,0.0,2774.6,2781.9,2713.0,1.352,2026-02-02 23:54,33227
HAL,2026-02-24,3700.0,711.0,750.0,0.0,10.1,158550.0,297450.0,4338.7,4453.8,4207.1,-0.873,2026-02-02 23:54,186979
HAL,2026-02-24,3750.0,0.0,0.0,0.0,0.0,0.0,0.0,4338.7,4453.8,4207.1,-0.873,2026-02-02 23:54,170208
HAL,2026-02-24,3800.0,562.6,12000.0,12300.0,15.5,109350.0,314550.0,4338.7,4453.8,4207.1,-0.873,2026-02-02 23:54,153543
HAL,2026-02-24,3850.0,488.1,450.0,0.0,18.85,15450.0,86550.0,4338.7,4453.8,4207.1,-0.873,2026-02-02 23:54,137992
HAL,2026-02-24,3900.0,0.0,0.0,0.0,23.45,109200.0,250800.0,4338.7,4453.8,4207.1,-0.873,2026-02-02 23:54,122006
HAL,2026-02-24,3950.0,0.0,0.0,0.0,28.75,24600.0,54000.0,4338.7,4453.8,4207.1,-0.873,2026-02-02 23:54,106318
HAL,2026-02-24,4000.0,382.9,20250.0,31350.0,36.3,172950.0,717150.0,4338.7,4453.8,4207.1,-0.873,2026-02-02 23:54,90939
HAL,2026-02-24,4050.0,290.65,4050.0,13950.0,44.5,28950.0,62850.0,4338.7,4453.8,4207.1,-0.873,2026-02-02 23:54,76743
HAL,2026-02-24,4100.0,301.3,19950.0,43200.0,56.0,116100.0,430800.0,4338.7,4453.8,4207.1,-0.873,2026-02-02 23:54,62554
HAL,2026-02-24,4150.0,262.75,26850.0,39450.0,69.25,60600.0,232950.0,4338.7,4453.8,4207.1,-0.873,2026-02-02 23:54,49007
HAL,2026-02-24,4200.0,234.8,83250.0,531600.0,86.0,336600.0,1153950.0,4338.7,4453.8,4207.1,-0.873,2026-02-02 23:54,36233
HAL,2026-02-24,4250.0,203.0,89400.0,628800.0,102.85,88950.0,602850.0,4338.7,4453.8,4207.1,-0.873,2026-02-02 23:54,24331
HAL,2026-02-24,4300.0,175.9,308550.0,1522050.0,125.95,344100.0,820500.0,4338.7,4453.8,4207.1,-0.873,2026-02-02 23:54,15162
HAL,2026-02-24,4350.0,151.5,205950.0,738600.0,153.05,175050.0,221550.0,4338.7,4453.8,4207.1,-0.873,2026-02-02 23:54,9449
HAL,2026-02-24,4400.0,129.45,324000.0,1280550.0,181.85,313050.0,230100.0,4338.7,4453.8,4207.1,-0.873,2026-02-02 23:54,4989
HAL,2026-02-24,4450.0,111.35,124950.0,603000.0,214.1,65100.0,142800.0,4338.7,4453.8,4207.1,-0.873,2026-02-02 23:54,1774
HAL,2026-02-24,4500.0,94.0,613500.0,1851150.0,248.05,361500.0,163050.0,4338.7,4453.8,4207.1,-0.873,2026-02-02 23:54,1006
HAL,2026-02-24,4550.0,81.0,140850.0,396900.0,284.35,94950.0,56400.0,4338.7,4453.8,4207.1,-0.873,2026-02-02 23:54,1915
HAL,2026-02-24,4600.0,69.5,712800.0,2056200.0,320.0,245850.0,32700.0,4338.7,4453.8,4207.1,-0.873,2026-02-02 23:54,5644
HAL,2026-02-24,4650.0,60.1,351750.0,746550.0,361.5,77700.0,16800.0,4338.7,4453.8,4207.1,-0.873,2026-02-02 23:54,12813
HAL,2026-02-24,4700.0,51.3,839100.0,1341900.0,402.15,170250.0,53550.0,4338.7,4453.8,4207.1,-0.873,2026-02-02 23:54,24346
HAL,2026-02-24,4750.0,44.15,181650.0,285600.0,445.85,47550.0,1500.0,4338.7,4453.8,4207.1,-0.873,2026-02-02 23:54,39080
HAL,2026-02-24,4800.0,37.5,583350.0,919350.0,489.8,136350.0,35250.0,4338.7,4453.8,4207.1,-0.873,2026-02-02 23:54,56183
HAL,2026-02-24,4850.0,31.7,98100.0,220800.0,574.0,12900.0,750.0,4338.7,4453.8,4207.1,-0.873,2026-02-02 23:54,73713
HAL,2026-02-24,4900.0,27.8,212550.0,373200.0,636.55,28350.0,2250.0,4338.7,4453.8,4207.1,-0.873,2026-02-02 23:54,95858
HAL,2026-02-24,4950.0,24.35,63000.0,109800.0,716.45,150.0,0.0,4338.7,4453.8,4207.1,-0.873,2026-02-02 23:54,118424
HAL,2026-02-24,5000.0,21.8,854550.0,1408800.0,670.0,118200.0,5550.0,4338.7,4453.8,4207.1,-0.873,2026-02-02 23:54,142662
HAL,2026-02-24,5050.0,19.0,46650.0,67350.0,0.0,0.0,0.0,4338.7,4453.8,4207.1,-0.873,2026-02-02 23:54,165564
HAL,2026-02-24,5100.0,16.6,300600.0,448800.0,699.2,79500.0,0.0,4338.7,4453.8,4207.1,-0.873,2026-02-02 23:54,194845
HAL,2026-02-24,5200.0,12.75,464400.0,693900.0,995.3,300.0,150.0,4338.7,4453.8,4207.1,-0.873,2026-02-02 23:54,251971
HAVELLS,2026-02-24,1060.0,0.0,0.0,0.0,0.0,0.0,0.0,1278.5,1282.8,1250.1,0.078,2026-02-02 23:54,42619
HAVELLS,2026-02-24,1080.0,0.0,0.0,0.0,0.0,0.0,0.0,1278.5,1282.8,1250.1,0.078,2026-02-02 23:54,38328
HAVELLS,2026-02-24,1100.0,0.0,0.0,0.0,1.2,118500.0,4500.0,1278.5,1282.8,1250.1,0.078,2026-02-02 23:54,34037
HAVELLS,2026-02-24,1120.0,0.0,0.0,0.0,1.45,20000.0,500.0,1278.5,1282.8,1250.1,0.078,2026-02-02 23:54,29969
HAVELLS,2026-02-24,1140.0,0.0,0.0,0.0,2.0,33500.0,49000.0,1278.5,1282.8,1250.1,0.078,2026-02-02 23:54,25952
HAVELLS,2026-02-24,1150.0,0.0,0.0,0.0,0.0,0.0,0.0,1278.5,1282.8,1250.1,0.078,2026-02-02 23:54,23972
HAVELLS,2026-02-24,1160.0,111.5,500.0,0.0,2.65,40500.0,22000.0,1278.5,1282.8,1250.1,0.078,2026-02-02 23:54,21998
HAVELLS,2026-02-24,1170.0,0.0,0.0,0.0,1.65,500.0,0.0,1278.5,1282.8,1250.1,0.078,2026-02-02 23:54,20061
HAVELLS,2026-02-24,1180.0,0.0,0.0,0.0,3.65,32000.0,30000.0,1278.5,1282.8,1250.1,0.078,2026-02-02 23:54,18129
HAVELLS,2026-02-24,1190.0,75.0,0.0,2500.0,4.35,6500.0,8000.0,1278.5,1282.8,1250.1,0.078,2026-02-02 23:54,16217
HAVELLS,2026-02-24,1200.0,87.0,9500.0,7000.0,5.3,432000.0,110500.0,1278.5,1282.8,1250.1,0.078,2026-02-02 23:54,14321
HAVELLS,2026-02-24,1210.0,0.0,0.0,0.0,8.1,12000.0,0.0,1278.5,1282.8,1250.1,0.078,2026-02-02 23:54,12722
HAVELLS,2026-02-24,1220.0,62.0,4500.0,3000.0,7.9,76000.0,99000.0,1278.5,1282.8,1250.1,0.078,2026-02-02 23:54,11273
HAVELLS,2026-02-24,1230.0,0.0,0.0,0.0,11.25,0.0,500.0,1278.5,1282.8,1250.1,0.078,2026-02-02 23:54,9881
HAVELLS,2026-02-24,1240.0,58.95,2000.0,0.0,11.55,112500.0,103500.0,1278.5,1282.8,1250.1,0.078,2026-02-02 23:54,8521
HAVELLS,2026-02-24,1250.0,51.5,18000.0,96000.0,14.0,73500.0,104500.0,1278.5,1282.8,1250.1,0.078,2026-02-02 23:54,7158
HAVELLS,2026-02-24,1260.0,46.3,25500.0,90000.0,17.1,100500.0,173000.0,1278.5,1282.8,1250.1,0.078,2026-02-02 23:54,5995
HAVELLS,2026-02-24,1270.0,39.4,26000.0,113000.0,25.15,9500.0,7000.0,1278.5,1282.8,1250.1,0.078,2026-02-02 23:54,4913
HAVELLS,2026-02-24,1280.0,33.35,142500.0,482500.0,24.8,179500.0,70000.0,1278.5,1282.8,1250.1,0.078,2026-02-02 23:54,4000
HAVELLS,2026-02-24,1290.0,28.35,21500.0,49500.0,47.35,28500.0,3500.0,1278.5,1282.8,1250.1,0.078,2026-02-02 23:54,3360
HAVELLS,2026-02-24,1300.0,24.0,431000.0,594500.0,34.55,362000.0,88000.0,1278.5,1282.8,1250.1,0.078,2026-02-02 23:54,2666
HAVELLS,2026-02-24,1310.0,19.45,29000.0,45500.0,41.15,14500.0,6500.0,1278.5,1282.8,1250.1,0.078,2026-02-02 23:54,2623
HAVELLS,2026-02-24,1320.0,16.6,209000.0,173000.0,47.95,116000.0,10500.0,1278.5,1282.8,1250.1,0.078,2026-02-02 23:54,2836
HAVELLS,2026-02-24,1330.0,13.55,19500.0,22000.0,31.55,500.0,0.0,1278.5,1282.8,1250.1,0.078,2026-02-02 23:54,3168
HAVELLS,2026-02-24,1340.0,11.25,145500.0,108000.0,62.45,35000.0,3500.0,1278.5,1282.8,1250.1,0.078,2026-02-02 23:54,3754
HAVELLS,2026-02-24,1350.0,9.2,148000.0,144000.0,70.85,46500.0,21500.0,1278.5,1282.8,1250.1,0.078,2026-02-02 23:54,4441
HAVELLS,2026-02-24,1360.0,7.9,138500.0,120500.0,108.0,21500.0,500.0,1278.5,1282.8,1250.1,0.078,2026-02-02 23:54,5185
HAVELLS,2026-02-24,1370.0,6.4,19000.0,18000.0,83.0,500.0,0.0,1278.5,1282.8,1250.1,0.078,2026-02-02 23:54,6158
HAVELLS,2026-02-24,1380.0,5.6,60000.0,58500.0,110.0,14500.0,500.0,1278.5,1282.8,1250.1,0.078,2026-02-02 23:54,7282
HAVELLS,2026-02-24,1390.0,7.0,1000.0,0.0,0.0,0.0,0.0,1278.5,1282.8,1250.1,0.078,2026-02-02 23:54,8347
HAVELLS,2026-02-24,1400.0,4.15,483500.0,334000.0,126.0,101000.0,1000.0,1278.5,1282.8,1250.1,0.078,2026-02-02 23:54,9539
HAVELLS,2026-02-24,1410.0,5.15,5000.0,0.0,0.0,0.0,0.0,1278.5,1282.8,1250.1,0.078,2026-02-02 23:54,10243
HAVELLS,2026-02-24,1420.0,3.15,97500.0,24500.0,140.0,25000.0,500.0,1278.5,1282.8,1250.1,0.078,2026-02-02 23:54,12027
HAVELLS,2026-02-24,1430.0,2.35,4000.0,0.0,123.35,1000.0,0.0,1278.5,1282.8,1250.1,0.078,2026-02-02 23:54,13611
HAVELLS,2026-02-24,1440.0,2.4,61000.0,26000.0,145.0,3500.0,0.0,1278.5,1282.8,1250.1,0.078,2026-02-02 23:54,15508
HAVELLS,2026-02-24,1450.0,2.2,50500.0,62500.0,0.0,0.0,0.0,1278.5,1282.8,1250.1,0.078,2026-02-02 23:54,17445
HAVELLS,2026-02-24,1460.0,2.0,119000.0,5000.0,158.4,9500.0,0.0,1278.5,1282.8,1250.1,0.078,2026-02-02 23:54,19480
HAVELLS,2026-02-24,1470.0,0.0,0.0,0.0,172.95,500.0,0.0,1278.5,1282.8,1250.1,0.078,2026-02-02 23:54,21505
HAVELLS,2026-02-24,1480.0,1.35,18000.0,10000.0,50.9,500.0,0.0,1278.5,1282.8,1250.1,0.078,2026-02-02 23:54,23649
HAVELLS,2026-02-24,1500.0,1.4,310000.0,82500.0,211.2,57000.0,2000.0,1278.5,1282.8,1250.1,0.078,2026-02-02 23:54,27991
HAVELLS,2026-02-24,1520.0,1.05,60500.0,2500.0,227.0,7000.0,0.0,1278.5,1282.8,1250.1,0.078,2026-02-02 23:54,31906
HAVELLS,2026-02-24,1540.0,3.85,2000.0,0.0,234.45,1500.0,0.0,1278.5,1282.8,1250.1,0.078,2026-02-02 23:54,36965
HAVELLS,2026-02-24,1550.0,0.9,14000.0,2000.0,0.0,0.0,0.0,1278.5,1282.8,1250.1,0.078,2026-02-02 23:54,39539
HAVELLS,2026-02-24,1560.0,0.8,17000.0,0.0,121.0,7500.0,0.0,1278.5,1282.8,1250.1,0.078,2026-02-02 23:54,42164
HAVELLS,2026-02-24,1570.0,5.0,9000.0,0.0,0.0,0.0,0.0,1278.5,1282.8,1250.1,0.078,2026-02-02 23:54,44722
HAVELLS,2026-02-24,1580.0,0.6,4000.0,0.0,269.5,3500.0,0.0,1278.5,1282.8,1250.1,0.078,2026-02-02 23:54,47383
HAVELLS,2026-02-24,1600.0,0.5,48000.0,5500.0,340.0,3500.0,0.0,1278.5,1282.8,1250.1,0.078,2026-02-02 23:54,52617
HAVELLS,2026-02-24,1610.0,1.05,500.0,0.0,0.0,0.0,0.0,1278.5,1282.8,1250.1,0.078,2026-02-02 23:54,55216
HAVELLS,2026-02-24,1620.0,12.75,1500.0,0.0,358.0,500.0,500.0,1278.5,1282.8,1250.1,0.078,2026-02-02 23:54,57932
HAVELLS,2026-02-24,1640.0,0.3,4000.0,0.0,346.0,3000.0,0.0,1278.5,1282.8,1250.1,0.078,2026-02-02 23:54,63352
HAVELLS,2026-02-24,1660.0,1.15,13500.0,0.0,0.0,0.0,0.0,1278.5,1282.8,1250.1,0.078,2026-02-02 23:54,68698
HAVELLS,2026-02-24,1680.0,0.3,0.0,0.0,392.0,34500.0,0.0,1278.5,1282.8,1250.1,0.078,2026-02-02 23:54,74176
HAVELLS,2026-02-24,1720.0,0.25,16500.0,0.0,0.0,0.0,0.0,1278.5,1282.8,1250.1,0.078,2026-02-02 23:54,83916
HCLTECH,2026-02-24,1360.0,0.0,0.0,0.0,0.5,3150.0,0.0,1676.8,1688.5,1653.6,0.636,2026-02-02 23:54,70571
HCLTECH,2026-02-24,1400.0,296.2,700.0,0.0,0.5,7700.0,3150.0,1676.8,1688.5,1653.6,0.636,2026-02-02 23:54,57483
HCLTECH,2026-02-24,1440.0,0.0,0.0,0.0,0.55,63700.0,2800.0,1676.8,1688.5,1653.6,0.636,2026-02-02 23:54,44450
HCLTECH,2026-02-24,1460.0,0.0,0.0,0.0,1.0,1050.0,0.0,1676.8,1688.5,1653.6,0.636,2026-02-02 23:54,38047
HCLTECH,2026-02-24,1480.0,0.0,0.0,0.0,1.8,265300.0,17500.0,1676.8,1688.5,1653.6,0.636,2026-02-02 23:54,31650
HCLTECH,2026-02-24,1500.0,191.05,1400.0,0.0,2.15,631400.0,436450.0,1676.8,1688.5,1653.6,0.636,2026-02-02 23:54,25735
HCLTECH,2026-02-24,1520.0,179.5,1750.0,0.0,3.25,225750.0,271250.0,1676.8,1688.5,1653.6,0.636,2026-02-02 23:54,21025
HCLTECH,2026-02-24,1540.0,0.0,0.0,0.0,4.75,168000.0,110250.0,1676.8,1688.5,1653.6,0.636,2026-02-02 23:54,16837
HCLTECH,2026-02-24,1560.0,119.15,0.0,350.0,6.8,67550.0,137900.0,1676.8,1688.5,1653.6,0.636,2026-02-02 23:54,12947
HCLTECH,2026-02-24,1580.0,106.65,1750.0,3150.0,9.4,104300.0,121450.0,1676.8,1688.5,1653.6,0.636,2026-02-02 23:54,9226
HCLTECH,2026-02-24,1600.0,90.6,50750.0,83650.0,12.55,185850.0,475650.0,1676.8,1688.5,1653.6,0.636,2026-02-02 23:54,5684
HCLTECH,2026-02-24,1620.0,75.0,22050.0,20300.0,17.1,362600.0,177450.0,1676.8,1688.5,1653.6,0.636,2026-02-02 23:54,2921
HCLTECH,2026-02-24,1640.0,60.1,77350.0,183050.0,22.1,218750.0,383950.0,1676.8,1688.5,1653.6,0.636,2026-02-02 23:54,246
HCLTECH,2026-02-24,1660.0,48.2,99750.0,324450.0,29.0,194600.0,650300.0,1676.8,1688.5,1653.6,0.636,2026-02-02 23:54,-1400
HCLTECH,2026-02-24,1680.0,36.45,173250.0,796250.0,37.6,205450.0,527450.0,1676.8,1688.5,1653.6,0.636,2026-02-02 23:54,-2523
HCLTECH,2026-02-24,1700.0,26.65,473550.0,1479100.0,47.35,227500.0,446950.0,1676.8,1688.5,1653.6,0.636,2026-02-02 23:54,-2946
HCLTECH,2026-02-24,1720.0,19.1,378350.0,771400.0,59.5,171500.0,128800.0,1676.8,1688.5,1653.6,0.636,2026-02-02 23:54,-1641
HCLTECH,2026-02-24,1740.0,13.4,421750.0,809550.0,73.35,67900.0,40250.0,1676.8,1688.5,1653.6,0.636,2026-02-02 23:54,279
HCLTECH,2026-02-24,1760.0,8.95,688800.0,791350.0,88.1,16800.0,8050.0,1676.8,1688.5,1653.6,0.636,2026-02-02 23:54,3546
HCLTECH,2026-02-24,1780.0,6.2,147000.0,420000.0,106.5,2450.0,1400.0,1676.8,1688.5,1653.6,0.636,2026-02-02 23:54,8624
HCLTECH,2026-02-24,1800.0,4.2,598500.0,857150.0,124.5,33600.0,4200.0,1676.8,1688.5,1653.6,0.636,2026-02-02 23:54,13598
HCLTECH,2026-02-24,1820.0,2.9,128800.0,141400.0,155.25,1400.0,0.0,1676.8,1688.5,1653.6,0.636,2026-02-02 23:54,19605
HCLTECH,2026-02-24,1840.0,2.15,102550.0,63700.0,163.8,4900.0,3500.0,1676.8,1688.5,1653.6,0.636,2026-02-02 23:54,26054
HCLTECH,2026-02-24,1860.0,1.55,106400.0,92050.0,130.35,28000.0,0.0,1676.8,1688.5,1653.6,0.636,2026-02-02 23:54,32644
HCLTECH,2026-02-24,1880.0,0.95,870800.0,282100.0,170.9,13650.0,0.0,1676.8,1688.5,1653.6,0.636,2026-02-02 23:54,39213
HCLTECH,2026-02-24,1920.0,0.7,117250.0,37100.0,238.05,2100.0,700.0,1676.8,1688.5,1653.6,0.636,2026-02-02 23:54,56435
HCLTECH,2026-02-24,1960.0,0.55,74200.0,5600.0,0.0,0.0,0.0,1676.8,1688.5,1653.6,0.636,2026-02-02 23:54,74244
HDFCAMC,2026-02-24,2040.0,0.0,0.0,0.0,2.9,300.0,0.0,2570.3,2580.4,2432.0,4.458,2026-02-02 23:54,29202
HDFCAMC,2026-02-24,2080.0,0.0,0.0,0.0,3.0,12600.0,0.0,2570.3,2580.4,2432.0,4.458,2026-02-02 23:54,25711
HDFCAMC,2026-02-24,2120.0,0.0,0.0,0.0,3.3,10800.0,300.0,2570.3,2580.4,2432.0,4.458,2026-02-02 23:54,22267
HDFCAMC,2026-02-24,2160.0,0.0,0.0,0.0,4.0,10800.0,300.0,2570.3,2580.4,2432.0,4.458,2026-02-02 23:54,18866
HDFCAMC,2026-02-24,2200.0,380.65,4500.0,7500.0,4.9,30000.0,19500.0,2570.3,2580.4,2432.0,4.458,2026-02-02 23:54,15508
HDFCAMC,2026-02-24,2220.0,0.0,0.0,0.0,0.0,0.0,0.0,2570.3,2580.4,2432.0,4.458,2026-02-02 23:54,14056
HDFCAMC,2026-02-24,2240.0,0.0,0.0,0.0,6.25,6900.0,34500.0,2570.3,2580.4,2432.0,4.458,2026-02-02 23:54,12448
HDFCAMC,2026-02-24,2260.0,0.0,0.0,0.0,0.0,0.0,0.0,2570.3,2580.4,2432.0,4.458,2026-02-02 23:54,10850
HDFCAMC,2026-02-24,2280.0,0.0,0.0,0.0,0.0,0.0,0.0,2570.3,2580.4,2432.0,4.458,2026-02-02 23:54,9256
HDFCAMC,2026-02-24,2300.0,286.7,2400.0,300.0,8.25,70800.0,208200.0,2570.3,2580.4,2432.0,4.458,2026-02-02 23:54,7661
HDFCAMC,2026-02-24,2320.0,163.9,900.0,0.0,8.95,28200.0,15600.0,2570.3,2580.4,2432.0,4.458,2026-02-02 23:54,6224
HDFCAMC,2026-02-24,2340.0,150.4,1500.0,0.0,9.9,13500.0,5400.0,2570.3,2580.4,2432.0,4.458,2026-02-02 23:54,4824
HDFCAMC,2026-02-24,2360.0,141.75,900.0,0.0,11.65,22800.0,24600.0,2570.3,2580.4,2432.0,4.458,2026-02-02 23:54,3474
HDFCAMC,2026-02-24,2380.0,127.45,600.0,0.0,13.0,1800.0,300.0,2570.3,2580.4,2432.0,4.458,2026-02-02 23:54,2147
HDFCAMC,2026-02-24,2400.0,192.05,18600.0,11700.0,15.7,160200.0,112800.0,2570.3,2580.4,2432.0,4.458,2026-02-02 23:54,845
HDFCAMC,2026-02-24,2420.0,144.5,3900.0,1200.0,18.45,26700.0,19800.0,2570.3,2580.4,2432.0,4.458,2026-02-02 23:54,1
HDFCAMC,2026-02-24,2440.0,159.85,14400.0,10200.0,21.35,78600.0,132900.0,2570.3,2580.4,2432.0,4.458,2026-02-02 23:54,-879
HDFCAMC,2026-02-24,2460.0,142.2,19500.0,31800.0,24.05,41700.0,61800.0,2570.3,2580.4,2432.0,4.458,2026-02-02 23:54,-1519
HDFCAMC,2026-02-24,2480.0,125.05,16500.0,121800.0,30.0,33900.0,89400.0,2570.3,2580.4,2432.0,4.458,2026-02-02 23:54,-1923
HDFCAMC,2026-02-24,2500.0,108.55,131700.0,464700.0,33.85,96600.0,247800.0,2570.3,2580.4,2432.0,4.458,2026-02-02 23:54,-2297
HDFCAMC,2026-02-24,2520.0,98.2,24300.0,71700.0,41.45,55200.0,69900.0,2570.3,2580.4,2432.0,4.458,2026-02-02 23:54,-1218
HDFCAMC,2026-02-24,2540.0,83.75,25500.0,92700.0,48.0,20400.0,24600.0,2570.3,2580.4,2432.0,4.458,2026-02-02 23:54,-1072
HDFCAMC,2026-02-24,2560.0,69.85,95700.0,325800.0,56.0,17100.0,19500.0,2570.3,2580.4,2432.0,4.458,2026-02-02 23:54,-728
HDFCAMC,2026-02-24,2580.0,61.45,22500.0,52200.0,63.05,9600.0,27000.0,2570.3,2580.4,2432.0,4.458,2026-02-02 23:54,297
HDFCAMC,2026-02-24,2600.0,50.7,223500.0,575400.0,73.8,65700.0,41100.0,2570.3,2580.4,2432.0,4.458,2026-02-02 23:54,893
HDFCAMC,2026-02-24,2620.0,42.45,19500.0,13500.0,85.7,4500.0,6000.0,2570.3,2580.4,2432.0,4.458,2026-02-02 23:54,2637
HDFCAMC,2026-02-24,2640.0,33.6,36300.0,93600.0,170.7,3000.0,0.0,2570.3,2580.4,2432.0,4.458,2026-02-02 23:54,3826
HDFCAMC,2026-02-24,2660.0,27.6,4800.0,4800.0,113.95,2100.0,3900.0,2570.3,2580.4,2432.0,4.458,2026-02-02 23:54,5119
HDFCAMC,2026-02-24,2680.0,22.55,42600.0,38700.0,127.1,600.0,1500.0,2570.3,2580.4,2432.0,4.458,2026-02-02 23:54,6345
HDFCAMC,2026-02-24,2700.0,19.0,171600.0,384000.0,138.7,20100.0,4800.0,2570.3,2580.4,2432.0,4.458,2026-02-02 23:54,7757
HDFCAMC,2026-02-24,2720.0,16.05,12600.0,3900.0,245.0,300.0,0.0,2570.3,2580.4,2432.0,4.458,2026-02-02 23:54,9510
HDFCAMC,2026-02-24,2740.0,13.0,29400.0,21600.0,302.0,900.0,0.0,2570.3,2580.4,2432.0,4.458,2026-02-02 23:54,11255
HDFCAMC,2026-02-24,2760.0,10.0,17400.0,20400.0,189.3,2400.0,900.0,2570.3,2580.4,2432.0,4.458,2026-02-02 23:54,13059
HDFCAMC,2026-02-24,2780.0,0.0,0.0,0.0,169.95,600.0,0.0,2570.3,2580.4,2432.0,4.458,2026-02-02 23:54,14864
HDFCAMC,2026-02-24,2800.0,6.8,99000.0,121500.0,280.0,18600.0,1200.0,2570.3,2580.4,2432.0,4.458,2026-02-02 23:54,16687
HDFCAMC,2026-02-24,2820.0,5.45,27600.0,900.0,0.0,0.0,0.0,2570.3,2580.4,2432.0,4.458,2026-02-02 23:54,18302
HDFCAMC,2026-02-24,2840.0,7.0,11700.0,300.0,0.0,0.0,0.0,2570.3,2580.4,2432.0,4.458,2026-02-02 23:54,20441
HDFCAMC,2026-02-24,2860.0,0.0,0.0,0.0,399.7,600.0,0.0,2570.3,2580.4,2432.0,4.458,2026-02-02 23:54,22597
HDFCAMC,2026-02-24,2880.0,0.0,0.0,0.0,0.0,0.0,0.0,2570.3,2580.4,2432.0,4.458,2026-02-02 23:54,24722
HDFCAMC,2026-02-24,2900.0,2.8,37800.0,17100.0,0.0,0.0,0.0,2570.3,2580.4,2432.0,4.458,2026-02-02 23:54,26870
HDFCAMC,2026-02-24,2920.0,2.8,600.0,300.0,0.0,0.0,0.0,2570.3,2580.4,2432.0,4.458,2026-02-02 23:54,29105
HDFCAMC,2026-02-24,2940.0,3.1,1500.0,300.0,0.0,0.0,0.0,2570.3,2580.4,2432.0,4.458,2026-02-02 23:54,31331
HDFCAMC,2026-02-24,2960.0,0.0,0.0,0.0,487.6,900.0,0.0,2570.3,2580.4,2432.0,4.458,2026-02-02 23:54,33559
HDFCAMC,2026-02-24,3000.0,1.8,42600.0,22200.0,525.0,3000.0,0.0,2570.3,2580.4,2432.0,4.458,2026-02-02 23:54,37976
HDFCAMC,2026-02-24,3080.0,0.0,0.0,0.0,634.0,1200.0,0.0,2570.3,2580.4,2432.0,4.458,2026-02-02 23:54,47112
HDFCBANK,2026-02-24,800.0,122.8,241450.0,0.0,0.55,978450.0,644600.0,928.1,929.8,909.3,0.651,2026-02-02 23:54,289243
HDFCBANK,2026-02-24,810.0,0.0,0.0,0.0,0.6,941050.0,215600.0,928.1,929.8,909.3,0.651,2026-02-02 23:54,264406
HDFCBANK,2026-02-24,820.0,105.0,1100.0,0.0,0.8,718300.0,512600.0,928.1,929.8,909.3,0.651,2026-02-02 23:54,237542
HDFCBANK,2026-02-24,830.0,0.0,0.0,0.0,1.1,590150.0,433400.0,928.1,929.8,909.3,0.651,2026-02-02 23:54,211408
HDFCBANK,2026-02-24,840.0,91.4,47300.0,53350.0,1.4,508750.0,649000.0,928.1,929.8,909.3,0.651,2026-02-02 23:54,185845
HDFCBANK,2026-02-24,850.0,82.45,108900.0,6600.0,1.8,768350.0,844800.0,928.1,929.8,909.3,0.651,2026-02-02 23:54,161264
HDFCBANK,2026-02-24,855.0,82.9,16500.0,0.0,2.0,165550.0,239250.0,928.1,929.8,909.3,0.651,2026-02-02 23:54,149991
HDFCBANK,2026-02-24,860.0,69.35,56100.0,0.0,2.3,1421750.0,420200.0,928.1,929.8,909.3,0.651,2026-02-02 23:54,138154
HDFCBANK,2026-02-24,865.0,78.0,20900.0,0.0,2.55,188100.0,246400.0,928.1,929.8,909.3,0.651,2026-02-02 23:54,127013
HDFCBANK,2026-02-24,870.0,65.15,73150.0,39050.0,2.9,531850.0,830500.0,928.1,929.8,909.3,0.651,2026-02-02 23:54,116030
HDFCBANK,2026-02-24,875.0,61.4,33000.0,0.0,3.35,288200.0,312950.0,928.1,929.8,909.3,0.651,2026-02-02 23:54,105557
HDFCBANK,2026-02-24,880.0,55.8,128700.0,6050.0,3.8,707300.0,777150.0,928.1,929.8,909.3,0.651,2026-02-02 23:54,95029
HDFCBANK,2026-02-24,885.0,50.5,39050.0,5500.0,4.3,284350.0,427900.0,928.1,929.8,909.3,0.651,2026-02-02 23:54,85261
HDFCBANK,2026-02-24,890.0,45.15,132000.0,190850.0,4.95,540100.0,1063700.0,928.1,929.8,909.3,0.651,2026-02-02 23:54,75281
HDFCBANK,2026-02-24,895.0,41.3,50050.0,24200.0,5.7,253550.0,366300.0,928.1,929.8,909.3,0.651,2026-02-02 23:54,65891
HDFCBANK,2026-02-24,900.0,36.4,2382050.0,662750.0,6.5,2284150.0,4707450.0,928.1,929.8,909.3,0.651,2026-02-02 23:54,56386
HDFCBANK,2026-02-24,905.0,32.7,125400.0,56650.0,7.6,230450.0,1793000.0,928.1,929.8,909.3,0.651,2026-02-02 23:54,56337
HDFCBANK,2026-02-24,910.0,28.85,350900.0,506000.0,8.7,864050.0,2994200.0,928.1,929.8,909.3,0.651,2026-02-02 23:54,49516
HDFCBANK,2026-02-24,915.0,25.3,440000.0,738650.0,10.05,629750.0,2015750.0,928.1,929.8,909.3,0.651,2026-02-02 23:54,43328
HDFCBANK,2026-02-24,920.0,22.1,2404600.0,5462600.0,11.5,2289100.0,6340400.0,928.1,929.8,909.3,0.651,2026-02-02 23:54,37894
HDFCBANK,2026-02-24,925.0,18.9,1135200.0,4158550.0,13.35,1273250.0,3649800.0,928.1,929.8,909.3,0.651,2026-02-02 23:54,37009
HDFCBANK,2026-02-24,930.0,16.0,3143250.0,8379800.0,15.5,2563550.0,5654550.0,928.1,929.8,909.3,0.651,2026-02-02 23:54,35092
HDFCBANK,2026-02-24,935.0,13.4,2834150.0,5597900.0,17.9,661100.0,1797400.0,928.1,929.8,909.3,0.651,2026-02-02 23:54,36638
HDFCBANK,2026-02-24,940.0,11.05,3339600.0,5971350.0,20.75,1625250.0,2250600.0,928.1,929.8,909.3,0.651,2026-02-02 23:54,41491
HDFCBANK,2026-02-24,945.0,9.2,1453100.0,2422200.0,23.7,321750.0,342650.0,928.1,929.8,909.3,0.651,2026-02-02 23:54,46529
HDFCBANK,2026-02-24,950.0,7.65,5609450.0,6778750.0,27.2,1551550.0,569250.0,928.1,929.8,909.3,0.651,2026-02-02 23:54,52712
HDFCBANK,2026-02-24,955.0,6.2,464200.0,1734150.0,29.0,173250.0,14850.0,928.1,929.8,909.3,0.651,2026-02-02 23:54,61971
HDFCBANK,2026-02-24,960.0,5.15,1954150.0,3908300.0,34.45,622600.0,102300.0,928.1,929.8,909.3,0.651,2026-02-02 23:54,71264
HDFCBANK,2026-02-24,965.0,4.3,446050.0,859650.0,41.05,86900.0,0.0,928.1,929.8,909.3,0.651,2026-02-02 23:54,80921
HDFCBANK,2026-02-24,970.0,3.55,1276550.0,1880450.0,42.75,296450.0,27500.0,928.1,929.8,909.3,0.651,2026-02-02 23:54,91819
HDFCBANK,2026-02-24,975.0,3.1,504350.0,761200.0,45.9,59950.0,8800.0,928.1,929.8,909.3,0.651,2026-02-02 23:54,102853
HDFCBANK,2026-02-24,980.0,2.65,1786950.0,1405800.0,51.55,549450.0,52800.0,928.1,929.8,909.3,0.651,2026-02-02 23:54,114865
HDFCBANK,2026-02-24,985.0,2.3,519750.0,353650.0,54.85,19250.0,0.0,928.1,929.8,909.3,0.651,2026-02-02 23:54,125805
HDFCBANK,2026-02-24,990.0,1.95,1383800.0,965800.0,60.95,127050.0,61050.0,928.1,929.8,909.3,0.651,2026-02-02 23:54,139388
HDFCBANK,2026-02-24,995.0,1.85,306900.0,254650.0,60.95,46200.0,0.0,928.1,929.8,909.3,0.651,2026-02-02 23:54,153207
HDFCBANK,2026-02-24,1000.0,1.65,5896000.0,2933700.0,71.0,2561900.0,180950.0,928.1,929.8,909.3,0.651,2026-02-02 23:54,167483
HDFCBANK,2026-02-24,1005.0,1.45,251350.0,257400.0,88.0,1650.0,0.0,928.1,929.8,909.3,0.651,2026-02-02 23:54,168995
HDFCBANK,2026-02-24,1010.0,1.35,386100.0,344300.0,76.55,157850.0,0.0,928.1,929.8,909.3,0.651,2026-02-02 23:54,187873
HDFCBANK,2026-02-24,1015.0,1.25,73150.0,124850.0,82.0,1100.0,0.0,928.1,929.8,909.3,0.651,2026-02-02 23:54,205845
HDFCBANK,2026-02-24,1020.0,1.1,1040050.0,806850.0,93.6,179300.0,0.0,928.1,929.8,909.3,0.651,2026-02-02 23:54,225010
HDFCBANK,2026-02-24,1025.0,1.05,155100.0,138600.0,90.4,3300.0,0.0,928.1,929.8,909.3,0.651,2026-02-02 23:54,243221
HDFCBANK,2026-02-24,1030.0,0.95,390500.0,258500.0,106.85,550.0,0.0,928.1,929.8,909.3,0.651,2026-02-02 23:54,263061
HDFCBANK,2026-02-24,1035.0,0.9,263450.0,134200.0,0.0,0.0,0.0,928.1,929.8,909.3,0.651,2026-02-02 23:54,283142
HDFCBANK,2026-02-24,1040.0,0.75,786500.0,321750.0,116.0,6050.0,0.0,928.1,929.8,909.3,0.651,2026-02-02 23:54,303347
HDFCBANK,2026-02-24,1045.0,0.7,537350.0,170500.0,0.0,0.0,0.0,928.1,929.8,909.3,0.651,2026-02-02 23:54,323913
HDFCBANK,2026-02-24,1050.0,0.65,862950.0,416350.0,118.5,337150.0,13750.0,928.1,929.8,909.3,0.651,2026-02-02 23:54,344797
HDFCBANK,2026-02-24,1060.0,0.55,122100.0,163900.0,0.0,0.0,0.0,928.1,929.8,909.3,0.651,2026-02-02 23:54,383750
HDFCBANK,2026-02-24,1070.0,0.55,122650.0,55000.0,0.0,0.0,0.0,928.1,929.8,909.3,0.651,2026-02-02 23:54,426771
HDFCBANK,2026-02-24,1080.0,0.5,91300.0,42350.0,153.35,22550.0,5500.0,928.1,929.8,909.3,0.651,2026-02-02 23:54,469915
HDFCBANK,2026-02-24,1090.0,0.5,88550.0,6600.0,0.0,0.0,0.0,928.1,929.8,909.3,0.651,2026-02-02 23:54,512824
HDFCBANK,2026-02-24,1100.0,0.45,579700.0,151800.0,171.7,529650.0,28050.0,928.1,929.8,909.3,0.651,2026-02-02 23:54,556168
HDFCBANK,2026-02-24,1110.0,0.4,42900.0,0.0,0.0,0.0,0.0,928.1,929.8,909.3,0.651,2026-02-02 23:54,591549
HDFCBANK,2026-02-24,1120.0,0.4,105600.0,23100.0,184.0,6600.0,0.0,928.1,929.8,909.3,0.651,2026-02-02 23:54,636043
HDFCLIFE,2026-02-24,600.0,0.0,0.0,0.0,0.35,26400.0,13200.0,717.5,721.65,708.8,0.308,2026-02-02 23:54,47739
HDFCLIFE,2026-02-24,620.0,0.0,0.0,0.0,0.5,1100.0,0.0,717.5,721.65,708.8,0.308,2026-02-02 23:54,37002
HDFCLIFE,2026-02-24,640.0,0.0,0.0,0.0,0.5,203500.0,150700.0,717.5,721.65,708.8,0.308,2026-02-02 23:54,26268
HDFCLIFE,2026-02-24,650.0,78.0,1100.0,0.0,0.65,939400.0,400400.0,717.5,721.65,708.8,0.308,2026-02-02 23:54,21095
HDFCLIFE,2026-02-24,660.0,63.4,26400.0,0.0,0.95,728200.0,179300.0,717.5,721.65,708.8,0.308,2026-02-02 23:54,16819
HDFCLIFE,2026-02-24,670.0,96.15,3300.0,0.0,1.75,177100.0,310200.0,717.5,721.65,708.8,0.308,2026-02-02 23:54,13449
HDFCLIFE,2026-02-24,680.0,45.0,2200.0,0.0,2.75,334400.0,365200.0,717.5,721.65,708.8,0.308,2026-02-02 23:54,10162
HDFCLIFE,2026-02-24,690.0,32.3,7700.0,7700.0,4.3,201300.0,234300.0,717.5,721.65,708.8,0.308,2026-02-02 23:54,7129
HDFCLIFE,2026-02-24,700.0,26.75,61600.0,34100.0,6.3,460900.0,501600.0,717.5,721.65,708.8,0.308,2026-02-02 23:54,4325
HDFCLIFE,2026-02-24,710.0,19.8,117700.0,248600.0,9.75,286000.0,492800.0,717.5,721.65,708.8,0.308,2026-02-02 23:54,1979
HDFCLIFE,2026-02-24,720.0,14.0,689700.0,1566400.0,13.7,744700.0,485100.0,717.5,721.65,708.8,0.308,2026-02-02 23:54,118
HDFCLIFE,2026-02-24,730.0,9.3,631400.0,847000.0,18.75,457600.0,72600.0,717.5,721.65,708.8,0.308,2026-02-02 23:54,-318
HDFCLIFE,2026-02-24,740.0,5.9,1707200.0,876700.0,27.4,185900.0,26400.0,717.5,721.65,708.8,0.308,2026-02-02 23:54,118
HDFCLIFE,2026-02-24,750.0,3.8,613800.0,855800.0,33.7,367400.0,11000.0,717.5,721.65,708.8,0.308,2026-02-02 23:54,3216
HDFCLIFE,2026-02-24,760.0,2.45,679800.0,859100.0,42.0,95700.0,17600.0,717.5,721.65,708.8,0.308,2026-02-02 23:54,5793
HDFCLIFE,2026-02-24,770.0,1.6,432300.0,294800.0,43.65,37400.0,0.0,717.5,721.65,708.8,0.308,2026-02-02 23:54,9914
HDFCLIFE,2026-02-24,780.0,1.05,383900.0,425700.0,59.95,39600.0,27500.0,717.5,721.65,708.8,0.308,2026-02-02 23:54,14647
HDFCLIFE,2026-02-24,790.0,0.75,134200.0,82500.0,72.0,3300.0,0.0,717.5,721.65,708.8,0.308,2026-02-02 23:54,19700
HDFCLIFE,2026-02-24,800.0,0.45,2236300.0,401500.0,79.8,66000.0,0.0,717.5,721.65,708.8,0.308,2026-02-02 23:54,25074
HDFCLIFE,2026-02-24,810.0,0.3,345400.0,139700.0,74.0,9900.0,0.0,717.5,721.65,708.8,0.308,2026-02-02 23:54,32339
HDFCLIFE,2026-02-24,820.0,0.3,127600.0,23100.0,0.0,0.0,0.0,717.5,721.65,708.8,0.308,2026-02-02 23:54,40321
HDFCLIFE,2026-02-24,830.0,0.3,7700.0,0.0,0.0,0.0,0.0,717.5,721.65,708.8,0.308,2026-02-02 23:54,48498
HDFCLIFE,2026-02-24,840.0,0.2,52800.0,25300.0,0.0,0.0,0.0,717.5,721.65,708.8,0.308,2026-02-02 23:54,56679
HDFCLIFE,2026-02-24,850.0,0.0,0.0,0.0,125.0,15400.0,0.0,717.5,721.65,708.8,0.308,2026-02-02 23:54,64913
HDFCLIFE,2026-02-24,860.0,0.2,4400.0,2200.0,145.5,5500.0,0.0,717.5,721.65,708.8,0.308,2026-02-02 23:54,72970
HDFCLIFE,2026-02-24,880.0,3.7,3300.0,0.0,150.0,7700.0,0.0,717.5,721.65,708.8,0.308,2026-02-02 23:54,89407
HEROMOTOCO,2026-02-24,4500.0,0.0,0.0,0.0,2.85,135450.0,28800.0,5623.0,5650.5,5418.0,2.19,2026-02-02 23:54,59315
HEROMOTOCO,2026-02-24,4600.0,757.5,300.0,0.0,3.05,100800.0,14250.0,5623.0,5650.5,5418.0,2.19,2026-02-02 23:54,49648
HEROMOTOCO,2026-02-24,4700.0,761.35,4350.0,0.0,6.5,31350.0,5100.0,5623.0,5650.5,5418.0,2.19,2026-02-02 23:54,41022
HEROMOTOCO,2026-02-24,4800.0,765.1,900.0,0.0,9.6,43050.0,54750.0,5623.0,5650.5,5418.0,2.19,2026-02-02 23:54,33073
HEROMOTOCO,2026-02-24,4850.0,0.0,0.0,0.0,10.2,450.0,150.0,5623.0,5650.5,5418.0,2.19,2026-02-02 23:54,29190
HEROMOTOCO,2026-02-24,4900.0,600.0,3600.0,0.0,12.35,41100.0,37050.0,5623.0,5650.5,5418.0,2.19,2026-02-02 23:54,25281
HEROMOTOCO,2026-02-24,4950.0,415.1,750.0,0.0,17.95,4650.0,300.0,5623.0,5650.5,5418.0,2.19,2026-02-02 23:54,21761
HEROMOTOCO,2026-02-24,5000.0,546.55,6150.0,0.0,18.4,71850.0,81750.0,5623.0,5650.5,5418.0,2.19,2026-02-02 23:54,18126
HEROMOTOCO,2026-02-24,5050.0,399.4,750.0,0.0,20.85,10350.0,10950.0,5623.0,5650.5,5418.0,2.19,2026-02-02 23:54,15063
HEROMOTOCO,2026-02-24,5100.0,367.8,2250.0,1350.0,25.55,42300.0,63600.0,5623.0,5650.5,5418.0,2.19,2026-02-02 23:54,11859
HEROMOTOCO,2026-02-24,5150.0,456.9,2100.0,0.0,29.75,8850.0,14550.0,5623.0,5650.5,5418.0,2.19,2026-02-02 23:54,8844
HEROMOTOCO,2026-02-24,5200.0,374.4,9750.0,0.0,35.75,39900.0,123300.0,5623.0,5650.5,5418.0,2.19,2026-02-02 23:54,5979
HEROMOTOCO,2026-02-24,5250.0,290.75,3300.0,900.0,44.0,18150.0,34800.0,5623.0,5650.5,5418.0,2.19,2026-02-02 23:54,3515
HEROMOTOCO,2026-02-24,5300.0,330.6,9750.0,11400.0,52.25,57450.0,158850.0,5623.0,5650.5,5418.0,2.19,2026-02-02 23:54,951
HEROMOTOCO,2026-02-24,5350.0,315.85,12600.0,1950.0,63.7,39600.0,33150.0,5623.0,5650.5,5418.0,2.19,2026-02-02 23:54,-1269
HEROMOTOCO,2026-02-24,5400.0,278.9,43350.0,75450.0,75.5,70800.0,246750.0,5623.0,5650.5,5418.0,2.19,2026-02-02 23:54,-3105
HEROMOTOCO,2026-02-24,5450.0,251.85,18300.0,62100.0,90.7,38250.0,55800.0,5623.0,5650.5,5418.0,2.19,2026-02-02 23:54,-3842
HEROMOTOCO,2026-02-24,5500.0,215.0,96000.0,667800.0,109.75,127800.0,270900.0,5623.0,5650.5,5418.0,2.19,2026-02-02 23:54,-4857
HEROMOTOCO,2026-02-24,5550.0,188.55,59850.0,321150.0,127.85,29850.0,60300.0,5623.0,5650.5,5418.0,2.19,2026-02-02 23:54,-4205
HEROMOTOCO,2026-02-24,5600.0,161.55,125700.0,584250.0,150.0,57000.0,88800.0,5623.0,5650.5,5418.0,2.19,2026-02-02 23:54,-3020
HEROMOTOCO,2026-02-24,5650.0,138.0,49200.0,151200.0,179.1,16200.0,20550.0,5623.0,5650.5,5418.0,2.19,2026-02-02 23:54,-492
HEROMOTOCO,2026-02-24,5700.0,117.7,144000.0,699600.0,210.0,49800.0,12900.0,5623.0,5650.5,5418.0,2.19,2026-02-02 23:54,1575
HEROMOTOCO,2026-02-24,5750.0,100.0,32400.0,84600.0,284.4,3300.0,1500.0,5623.0,5650.5,5418.0,2.19,2026-02-02 23:54,4873
HEROMOTOCO,2026-02-24,5800.0,84.15,76350.0,319050.0,280.0,10950.0,1800.0,5623.0,5650.5,5418.0,2.19,2026-02-02 23:54,7929
HEROMOTOCO,2026-02-24,5850.0,70.85,13050.0,53700.0,348.25,300.0,300.0,5623.0,5650.5,5418.0,2.19,2026-02-02 23:54,11529
HEROMOTOCO,2026-02-24,5900.0,59.0,45300.0,177150.0,469.1,13050.0,150.0,5623.0,5650.5,5418.0,2.19,2026-02-02 23:54,14941
HEROMOTOCO,2026-02-24,5950.0,49.15,15300.0,18600.0,392.35,900.0,0.0,5623.0,5650.5,5418.0,2.19,2026-02-02 23:54,18217
HEROMOTOCO,2026-02-24,6000.0,39.7,166800.0,350850.0,450.0,21000.0,900.0,5623.0,5650.5,5418.0,2.19,2026-02-02 23:54,21960
HEROMOTOCO,2026-02-24,6050.0,33.55,15600.0,10800.0,0.0,0.0,0.0,5623.0,5650.5,5418.0,2.19,2026-02-02 23:54,26319
HEROMOTOCO,2026-02-24,6100.0,27.0,36900.0,60150.0,763.35,1350.0,0.0,5623.0,5650.5,5418.0,2.19,2026-02-02 23:54,31091
HEROMOTOCO,2026-02-24,6150.0,21.15,4200.0,2100.0,0.0,0.0,0.0,5623.0,5650.5,5418.0,2.19,2026-02-02 23:54,35999
HEROMOTOCO,2026-02-24,6200.0,18.1,72300.0,83550.0,700.0,11400.0,150.0,5623.0,5650.5,5418.0,2.19,2026-02-02 23:54,40940
HEROMOTOCO,2026-02-24,6250.0,14.5,10350.0,14250.0,0.0,0.0,0.0,5623.0,5650.5,5418.0,2.19,2026-02-02 23:54,45623
HEROMOTOCO,2026-02-24,6300.0,11.75,32550.0,57900.0,900.0,750.0,0.0,5623.0,5650.5,5418.0,2.19,2026-02-02 23:54,51040
HEROMOTOCO,2026-02-24,6400.0,7.0,143400.0,240450.0,0.0,0.0,0.0,5623.0,5650.5,5418.0,2.19,2026-02-02 23:54,62148
HEROMOTOCO,2026-02-24,6450.0,3.15,1500.0,150.0,0.0,0.0,0.0,5623.0,5650.5,5418.0,2.19,2026-02-02 23:54,68535
HEROMOTOCO,2026-02-24,6500.0,4.35,141900.0,107550.0,0.0,0.0,0.0,5623.0,5650.5,5418.0,2.19,2026-02-02 23:54,74828
HEROMOTOCO,2026-02-24,6550.0,3.8,20850.0,5550.0,0.0,0.0,0.0,5623.0,5650.5,5418.0,2.19,2026-02-02 23:54,81893
HEROMOTOCO,2026-02-24,6700.0,3.5,300.0,0.0,0.0,0.0,0.0,5623.0,5650.5,5418.0,2.19,2026-02-02 23:54,103222
HEROMOTOCO,2026-02-24,6800.0,1.85,18000.0,4350.0,0.0,0.0,0.0,5623.0,5650.5,5418.0,2.19,2026-02-02 23:54,117439
HEROMOTOCO,2026-02-24,6900.0,0.0,0.0,0.0,1500.0,300.0,0.0,5623.0,5650.5,5418.0,2.19,2026-02-02 23:54,131839
HINDALCO,2026-02-24,680.0,0.0,0.0,0.0,1.05,78400.0,51100.0,930.5,936.75,897.5,2.455,2026-02-02 23:54,194382
HINDALCO,2026-02-24,760.0,200.0,2800.0,0.0,1.75,291900.0,389200.0,930.5,936.75,897.5,2.455,2026-02-02 23:54,116260
HINDALCO,2026-02-24,770.0,0.0,0.0,0.0,0.0,0.0,0.0,930.5,936.75,897.5,2.455,2026-02-02 23:54,106795
HINDALCO,2026-02-24,780.0,131.65,13300.0,0.0,2.25,218400.0,625800.0,930.5,936.75,897.5,2.455,2026-02-02 23:54,97325
HINDALCO,2026-02-24,790.0,0.0,0.0,0.0,2.65,12600.0,72100.0,930.5,936.75,897.5,2.455,2026-02-02 23:54,88213
HINDALCO,2026-02-24,800.0,139.65,73500.0,10500.0,3.2,908600.0,1451100.0,930.5,936.75,897.5,2.455,2026-02-02 23:54,78985
HINDALCO,2026-02-24,810.0,140.0,700.0,0.0,3.6,96600.0,149800.0,930.5,936.75,897.5,2.455,2026-02-02 23:54,71477
HINDALCO,2026-02-24,820.0,95.7,15400.0,0.0,4.05,343000.0,258300.0,930.5,936.75,897.5,2.455,2026-02-02 23:54,63306
HINDALCO,2026-02-24,830.0,74.7,1400.0,0.0,4.8,155400.0,237300.0,930.5,936.75,897.5,2.455,2026-02-02 23:54,55527
HINDALCO,2026-02-24,840.0,101.15,21000.0,19600.0,6.0,173600.0,347200.0,930.5,936.75,897.5,2.455,2026-02-02 23:54,47832
HINDALCO,2026-02-24,850.0,92.2,73500.0,11900.0,6.95,421400.0,774900.0,930.5,936.75,897.5,2.455,2026-02-02 23:54,40505
HINDALCO,2026-02-24,860.0,85.85,23800.0,29400.0,8.5,366800.0,729400.0,930.5,936.75,897.5,2.455,2026-02-02 23:54,33948
HINDALCO,2026-02-24,870.0,77.85,18200.0,33600.0,9.2,298900.0,498400.0,930.5,936.75,897.5,2.455,2026-02-02 23:54,27290
HINDALCO,2026-02-24,880.0,71.0,109900.0,80500.0,12.0,479500.0,686700.0,930.5,936.75,897.5,2.455,2026-02-02 23:54,20923
HINDALCO,2026-02-24,890.0,60.6,37800.0,63700.0,14.8,168000.0,760200.0,930.5,936.75,897.5,2.455,2026-02-02 23:54,15484
HINDALCO,2026-02-24,900.0,57.85,469000.0,1701000.0,17.15,1360800.0,2983400.0,930.5,936.75,897.5,2.455,2026-02-02 23:54,10026
HINDALCO,2026-02-24,910.0,50.15,261800.0,1175300.0,21.7,308000.0,886900.0,930.5,936.75,897.5,2.455,2026-02-02 23:54,6797
HINDALCO,2026-02-24,920.0,45.95,391300.0,2038400.0,24.55,676200.0,1094800.0,930.5,936.75,897.5,2.455,2026-02-02 23:54,4403
HINDALCO,2026-02-24,930.0,38.8,707000.0,1928500.0,29.75,410900.0,830900.0,930.5,936.75,897.5,2.455,2026-02-02 23:54,2570
HINDALCO,2026-02-24,940.0,34.0,350700.0,1186500.0,34.8,389900.0,326900.0,930.5,936.75,897.5,2.455,2026-02-02 23:54,3237
HINDALCO,2026-02-24,950.0,29.15,512400.0,2569700.0,39.7,399000.0,232400.0,930.5,936.75,897.5,2.455,2026-02-02 23:54,2960
HINDALCO,2026-02-24,960.0,25.5,440300.0,814800.0,46.0,352100.0,87500.0,930.5,936.75,897.5,2.455,2026-02-02 23:54,3668
HINDALCO,2026-02-24,970.0,21.3,392700.0,693000.0,52.1,123900.0,43400.0,930.5,936.75,897.5,2.455,2026-02-02 23:54,4763
HINDALCO,2026-02-24,980.0,18.65,371700.0,872900.0,59.1,149800.0,56000.0,930.5,936.75,897.5,2.455,2026-02-02 23:54,7061
HINDALCO,2026-02-24,990.0,15.95,209300.0,305900.0,66.5,191800.0,35700.0,930.5,936.75,897.5,2.455,2026-02-02 23:54,9498
HINDALCO,2026-02-24,1000.0,13.9,1757000.0,2636900.0,74.05,427000.0,98700.0,930.5,936.75,897.5,2.455,2026-02-02 23:54,11587
HINDALCO,2026-02-24,1010.0,11.7,274400.0,303800.0,105.0,109200.0,0.0,930.5,936.75,897.5,2.455,2026-02-02 23:54,16082
HINDALCO,2026-02-24,1020.0,10.1,674800.0,464800.0,90.5,459900.0,125300.0,930.5,936.75,897.5,2.455,2026-02-02 23:54,20854
HINDALCO,2026-02-24,1030.0,8.6,595000.0,407400.0,98.85,120400.0,7700.0,930.5,936.75,897.5,2.455,2026-02-02 23:54,24106
HINDALCO,2026-02-24,1040.0,6.95,336700.0,249900.0,110.85,62300.0,6300.0,930.5,936.75,897.5,2.455,2026-02-02 23:54,30876
HINDALCO,2026-02-24,1050.0,6.5,1097600.0,913500.0,119.7,197400.0,121800.0,930.5,936.75,897.5,2.455,2026-02-02 23:54,38266
HINDALCO,2026-02-24,1060.0,5.5,271600.0,296800.0,151.9,31500.0,0.0,930.5,936.75,897.5,2.455,2026-02-02 23:54,45758
HINDALCO,2026-02-24,1070.0,5.2,66500.0,98000.0,151.9,2100.0,0.0,930.5,936.75,897.5,2.455,2026-02-02 23:54,54874
HINDALCO,2026-02-24,1080.0,4.0,437500.0,206500.0,161.4,28700.0,0.0,930.5,936.75,897.5,2.455,2026-02-02 23:54,64391
HINDALCO,2026-02-24,1090.0,3.35,61600.0,61600.0,80.85,6300.0,0.0,930.5,936.75,897.5,2.455,2026-02-02 23:54,74083
HINDALCO,2026-02-24,1100.0,3.05,602700.0,390600.0,179.45,22400.0,0.0,930.5,936.75,897.5,2.455,2026-02-02 23:54,84100
HINDALCO,2026-02-24,1110.0,2.45,59500.0,45500.0,0.0,0.0,0.0,930.5,936.75,897.5,2.455,2026-02-02 23:54,94555
HINDALCO,2026-02-24,1120.0,2.3,392000.0,167300.0,0.0,0.0,0.0,930.5,936.75,897.5,2.455,2026-02-02 23:54,105302
HINDALCO,2026-02-24,1140.0,1.85,224000.0,144200.0,0.0,0.0,0.0,930.5,936.75,897.5,2.455,2026-02-02 23:54,127641
HINDPETRO,2026-02-24,345.0,0.0,0.0,0.0,0.0,0.0,0.0,453.25,455.0,433.5,5.053,2026-02-02 23:54,57984
HINDPETRO,2026-02-24,350.0,0.0,0.0,0.0,0.0,0.0,0.0,453.25,455.0,433.5,5.053,2026-02-02 23:54,53324
HINDPETRO,2026-02-24,355.0,0.0,0.0,0.0,0.0,0.0,0.0,453.25,455.0,433.5,5.053,2026-02-02 23:54,48665
HINDPETRO,2026-02-24,360.0,85.95,10125.0,4050.0,0.6,469800.0,344250.0,453.25,455.0,433.5,5.053,2026-02-02 23:54,44005
HINDPETRO,2026-02-24,365.0,0.0,0.0,0.0,0.0,0.0,0.0,453.25,455.0,433.5,5.053,2026-02-02 23:54,39644
HINDPETRO,2026-02-24,370.0,52.0,2025.0,0.0,0.75,172125.0,273375.0,453.25,455.0,433.5,5.053,2026-02-02 23:54,35225
HINDPETRO,2026-02-24,375.0,0.0,0.0,0.0,1.8,4050.0,0.0,453.25,455.0,433.5,5.053,2026-02-02 23:54,30890
HINDPETRO,2026-02-24,380.0,0.0,0.0,0.0,0.95,477900.0,435375.0,453.25,455.0,433.5,5.053,2026-02-02 23:54,26559
HINDPETRO,2026-02-24,385.0,0.0,0.0,0.0,1.05,87075.0,97200.0,453.25,455.0,433.5,5.053,2026-02-02 23:54,22422
HINDPETRO,2026-02-24,390.0,56.85,32400.0,16200.0,1.25,265275.0,840375.0,453.25,455.0,433.5,5.053,2026-02-02 23:54,18365
HINDPETRO,2026-02-24,395.0,42.85,34425.0,0.0,1.45,99225.0,261225.0,453.25,455.0,433.5,5.053,2026-02-02 23:54,14617
HINDPETRO,2026-02-24,400.0,55.4,121500.0,42525.0,1.7,1028700.0,1626075.0,453.25,455.0,433.5,5.053,2026-02-02 23:54,10918
HINDPETRO,2026-02-24,405.0,33.5,58725.0,0.0,2.0,139725.0,382725.0,453.25,455.0,433.5,5.053,2026-02-02 23:54,8159
HINDPETRO,2026-02-24,410.0,47.1,232875.0,38475.0,2.3,639900.0,1105650.0,453.25,455.0,433.5,5.053,2026-02-02 23:54,5169
HINDPETRO,2026-02-24,415.0,42.15,212625.0,89100.0,2.9,210600.0,927450.0,453.25,455.0,433.5,5.053,2026-02-02 23:54,3397
HINDPETRO,2026-02-24,420.0,38.5,427275.0,494100.0,3.35,951750.0,2628450.0,453.25,455.0,433.5,5.053,2026-02-02 23:54,1723
HINDPETRO,2026-02-24,425.0,34.0,200475.0,388800.0,4.0,277425.0,1458000.0,453.25,455.0,433.5,5.053,2026-02-02 23:54,1228
HINDPETRO,2026-02-24,430.0,29.7,623700.0,2614275.0,4.8,1040850.0,4833675.0,453.25,455.0,433.5,5.053,2026-02-02 23:54,217
HINDPETRO,2026-02-24,435.0,25.9,342225.0,1381050.0,5.8,324000.0,1397250.0,453.25,455.0,433.5,5.053,2026-02-02 23:54,821
HINDPETRO,2026-02-24,440.0,21.2,702675.0,7257600.0,7.3,743175.0,3825225.0,453.25,455.0,433.5,5.053,2026-02-02 23:54,1103
HINDPETRO,2026-02-24,445.0,18.65,289575.0,3553875.0,8.65,155925.0,1352700.0,453.25,455.0,433.5,5.053,2026-02-02 23:54,2357
HINDPETRO,2026-02-24,450.0,15.25,1150200.0,14972850.0,10.85,994275.0,3602475.0,453.25,455.0,433.5,5.053,2026-02-02 23:54,3292
HINDPETRO,2026-02-24,455.0,12.65,439425.0,2500875.0,12.9,137700.0,409050.0,453.25,455.0,433.5,5.053,2026-02-02 23:54,5569
HINDPETRO,2026-02-24,460.0,10.3,1065150.0,7065225.0,15.65,240975.0,532575.0,453.25,455.0,433.5,5.053,2026-02-02 23:54,7838
HINDPETRO,2026-02-24,465.0,8.5,295650.0,1200825.0,47.9,30375.0,0.0,453.25,455.0,433.5,5.053,2026-02-02 23:54,11101
HINDPETRO,2026-02-24,470.0,6.8,635850.0,3871800.0,21.3,186300.0,127575.0,453.25,455.0,433.5,5.053,2026-02-02 23:54,13913
HINDPETRO,2026-02-24,475.0,5.45,141750.0,925425.0,25.6,34425.0,64800.0,453.25,455.0,433.5,5.053,2026-02-02 23:54,17066
HINDPETRO,2026-02-24,480.0,4.3,1046925.0,5522175.0,29.5,247050.0,34425.0,453.25,455.0,433.5,5.053,2026-02-02 23:54,20261
HINDPETRO,2026-02-24,485.0,3.65,192375.0,540675.0,52.0,8100.0,0.0,453.25,455.0,433.5,5.053,2026-02-02 23:54,23835
HINDPETRO,2026-02-24,490.0,2.9,429300.0,1275750.0,58.0,72900.0,0.0,453.25,455.0,433.5,5.053,2026-02-02 23:54,27816
HINDPETRO,2026-02-24,495.0,2.4,109350.0,218700.0,0.0,0.0,0.0,453.25,455.0,433.5,5.053,2026-02-02 23:54,31721
HINDPETRO,2026-02-24,500.0,1.9,1298025.0,5070600.0,49.0,238950.0,14175.0,453.25,455.0,433.5,5.053,2026-02-02 23:54,36006
HINDPETRO,2026-02-24,510.0,1.35,135675.0,775575.0,75.75,16200.0,0.0,453.25,455.0,433.5,5.053,2026-02-02 23:54,45136
HINDPETRO,2026-02-24,520.0,0.95,400950.0,856575.0,0.0,0.0,0.0,453.25,455.0,433.5,5.053,2026-02-02 23:54,55238
HINDPETRO,2026-02-24,530.0,0.85,127575.0,273375.0,110.0,4050.0,0.0,453.25,455.0,433.5,5.053,2026-02-02 23:54,65883
HINDPETRO,2026-02-24,540.0,0.7,147825.0,168075.0,85.5,20250.0,0.0,453.25,455.0,433.5,5.053,2026-02-02 23:54,76588
HINDPETRO,2026-02-24,545.0,0.3,2025.0,0.0,0.0,0.0,0.0,453.25,455.0,433.5,5.053,2026-02-02 23:54,81878
HINDPETRO,2026-02-24,550.0,0.5,119475.0,129600.0,0.0,0.0,0.0,453.25,455.0,433.5,5.053,2026-02-02 23:54,87332
HINDUNILVR,2026-02-24,2000.0,0.0,0.0,0.0,0.75,107100.0,49200.0,2357.3,2360.0,2303.0,0.281,2026-02-02 23:54,67197
HINDUNILVR,2026-02-24,2040.0,0.0,0.0,0.0,1.2,127800.0,17700.0,2357.3,2360.0,2303.0,0.281,2026-02-02 23:54,55973
HINDUNILVR,2026-02-24,2080.0,0.0,0.0,0.0,2.15,292500.0,191700.0,2357.3,2360.0,2303.0,0.281,2026-02-02 23:54,45252
HINDUNILVR,2026-02-24,2100.0,0.0,0.0,0.0,3.0,146700.0,149700.0,2357.3,2360.0,2303.0,0.281,2026-02-02 23:54,40422
HINDUNILVR,2026-02-24,2120.0,0.0,0.0,0.0,3.9,88200.0,87600.0,2357.3,2360.0,2303.0,0.281,2026-02-02 23:54,35903
HINDUNILVR,2026-02-24,2140.0,0.0,0.0,0.0,5.15,49500.0,88800.0,2357.3,2360.0,2303.0,0.281,2026-02-02 23:54,31571
HINDUNILVR,2026-02-24,2160.0,0.0,0.0,0.0,6.6,94800.0,69900.0,2357.3,2360.0,2303.0,0.281,2026-02-02 23:54,27347
HINDUNILVR,2026-02-24,2180.0,0.0,0.0,0.0,8.65,52500.0,12000.0,2357.3,2360.0,2303.0,0.281,2026-02-02 23:54,23275
HINDUNILVR,2026-02-24,2200.0,166.3,15000.0,12300.0,11.0,197100.0,175200.0,2357.3,2360.0,2303.0,0.281,2026-02-02 23:54,19326
HINDUNILVR,2026-02-24,2220.0,0.0,0.0,0.0,13.8,61200.0,44400.0,2357.3,2360.0,2303.0,0.281,2026-02-02 23:54,15878
HINDUNILVR,2026-02-24,2240.0,157.7,2700.0,0.0,17.25,87900.0,112800.0,2357.3,2360.0,2303.0,0.281,2026-02-02 23:54,12436
HINDUNILVR,2026-02-24,2260.0,111.4,4200.0,4500.0,22.1,77700.0,52500.0,2357.3,2360.0,2303.0,0.281,2026-02-02 23:54,9151
HINDUNILVR,2026-02-24,2280.0,101.8,6300.0,11100.0,26.65,47100.0,21900.0,2357.3,2360.0,2303.0,0.281,2026-02-02 23:54,6013
HINDUNILVR,2026-02-24,2300.0,89.45,52800.0,80400.0,33.35,263400.0,340500.0,2357.3,2360.0,2303.0,0.281,2026-02-02 23:54,3046
HINDUNILVR,2026-02-24,2320.0,76.65,28500.0,149100.0,40.05,50400.0,155700.0,2357.3,2360.0,2303.0,0.281,2026-02-02 23:54,366
HINDUNILVR,2026-02-24,2340.0,64.95,110100.0,571200.0,49.0,498900.0,161100.0,2357.3,2360.0,2303.0,0.281,2026-02-02 23:54,-1732
HINDUNILVR,2026-02-24,2360.0,51.0,110700.0,346200.0,57.4,88800.0,206400.0,2357.3,2360.0,2303.0,0.281,2026-02-02 23:54,-4359
HINDUNILVR,2026-02-24,2380.0,45.0,166200.0,297600.0,68.3,93300.0,35700.0,2357.3,2360.0,2303.0,0.281,2026-02-02 23:54,-4802
HINDUNILVR,2026-02-24,2400.0,36.95,431400.0,569400.0,80.25,150300.0,52800.0,2357.3,2360.0,2303.0,0.281,2026-02-02 23:54,-4671
HINDUNILVR,2026-02-24,2420.0,30.15,159300.0,109800.0,93.05,71400.0,14100.0,2357.3,2360.0,2303.0,0.281,2026-02-02 23:54,-3100
HINDUNILVR,2026-02-24,2440.0,24.05,188100.0,127200.0,105.3,83400.0,5400.0,2357.3,2360.0,2303.0,0.281,2026-02-02 23:54,-1639
HINDUNILVR,2026-02-24,2460.0,19.5,362400.0,117900.0,135.6,7200.0,0.0,2357.3,2360.0,2303.0,0.281,2026-02-02 23:54,123
HINDUNILVR,2026-02-24,2480.0,15.4,108000.0,168300.0,150.1,3300.0,0.0,2357.3,2360.0,2303.0,0.281,2026-02-02 23:54,3659
HINDUNILVR,2026-02-24,2500.0,12.3,493800.0,670200.0,153.2,125100.0,29100.0,2357.3,2360.0,2303.0,0.281,2026-02-02 23:54,6926
HINDUNILVR,2026-02-24,2520.0,9.75,98700.0,90000.0,185.25,2400.0,0.0,2357.3,2360.0,2303.0,0.281,2026-02-02 23:54,10005
HINDUNILVR,2026-02-24,2540.0,8.15,80400.0,77400.0,163.95,300.0,0.0,2357.3,2360.0,2303.0,0.281,2026-02-02 23:54,14647
HINDUNILVR,2026-02-24,2560.0,6.4,71100.0,51600.0,175.05,2400.0,0.0,2357.3,2360.0,2303.0,0.281,2026-02-02 23:54,19459
HINDUNILVR,2026-02-24,2580.0,5.1,53100.0,47100.0,180.2,300.0,0.0,2357.3,2360.0,2303.0,0.281,2026-02-02 23:54,24360
HINDUNILVR,2026-02-24,2600.0,4.0,169800.0,219900.0,238.0,31500.0,0.0,2357.3,2360.0,2303.0,0.281,2026-02-02 23:54,29387
HINDUNILVR,2026-02-24,2620.0,3.7,48900.0,17100.0,196.2,1200.0,0.0,2357.3,2360.0,2303.0,0.281,2026-02-02 23:54,34113
HINDUNILVR,2026-02-24,2640.0,2.8,84300.0,15300.0,235.7,300.0,0.0,2357.3,2360.0,2303.0,0.281,2026-02-02 23:54,39616
HINDUNILVR,2026-02-24,2660.0,2.0,77100.0,9600.0,273.15,300.0,0.0,2357.3,2360.0,2303.0,0.281,2026-02-02 23:54,45310
HINDUNILVR,2026-02-24,2680.0,2.2,50400.0,18600.0,248.25,1200.0,0.0,2357.3,2360.0,2303.0,0.281,2026-02-02 23:54,51149
HINDUNILVR,2026-02-24,2720.0,1.3,148200.0,171900.0,306.0,1500.0,0.0,2357.3,2360.0,2303.0,0.281,2026-02-02 23:54,63001
HINDUNILVR,2026-02-24,2760.0,0.95,46200.0,5400.0,338.0,300.0,0.0,2357.3,2360.0,2303.0,0.281,2026-02-02 23:54,75443
HINDUNILVR,2026-02-24,2800.0,1.05,128400.0,255900.0,396.95,3900.0,0.0,2357.3,2360.0,2303.0,0.281,2026-02-02 23:54,88093
HINDZINC,2026-02-24,420.0,0.0,0.0,0.0,0.65,771750.0,1558200.0,610.1,614.0,560.35,7.016,2026-02-02 23:54,563956
HINDZINC,2026-02-24,440.0,0.0,0.0,0.0,0.75,488775.0,1002050.0,610.1,614.0,560.35,7.016,2026-02-02 23:54,493001
HINDZINC,2026-02-24,460.0,0.0,0.0,0.0,1.25,523075.0,1483475.0,610.1,614.0,560.35,7.016,2026-02-02 23:54,423036
HINDZINC,2026-02-24,470.0,0.0,0.0,0.0,1.6,303800.0,1285025.0,610.1,614.0,560.35,7.016,2026-02-02 23:54,388530
HINDZINC,2026-02-24,480.0,0.0,0.0,0.0,2.0,1092700.0,2097200.0,610.1,614.0,560.35,7.016,2026-02-02 23:54,354344
HINDZINC,2026-02-24,485.0,0.0,0.0,0.0,2.35,122500.0,377300.0,610.1,614.0,560.35,7.016,2026-02-02 23:54,337603
HINDZINC,2026-02-24,490.0,0.0,0.0,0.0,2.65,302575.0,1444275.0,610.1,614.0,560.35,7.016,2026-02-02 23:54,321114
HINDZINC,2026-02-24,495.0,0.0,0.0,0.0,3.0,7350.0,8575.0,610.1,614.0,560.35,7.016,2026-02-02 23:54,304724
HINDZINC,2026-02-24,500.0,117.0,107800.0,115150.0,3.25,2928975.0,9027025.0,610.1,614.0,560.35,7.016,2026-02-02 23:54,288416
HINDZINC,2026-02-24,505.0,101.35,2450.0,6125.0,3.8,53900.0,138425.0,610.1,614.0,560.35,7.016,2026-02-02 23:54,273937
HINDZINC,2026-02-24,510.0,96.95,11025.0,15925.0,4.3,183750.0,948150.0,610.1,614.0,560.35,7.016,2026-02-02 23:54,259182
HINDZINC,2026-02-24,515.0,0.0,0.0,0.0,4.75,95550.0,298900.0,610.1,614.0,560.35,7.016,2026-02-02 23:54,244548
HINDZINC,2026-02-24,520.0,99.05,15925.0,22050.0,5.3,595350.0,2266250.0,610.1,614.0,560.35,7.016,2026-02-02 23:54,229888
HINDZINC,2026-02-24,525.0,50.15,2450.0,0.0,6.0,148225.0,542675.0,610.1,614.0,560.35,7.016,2026-02-02 23:54,215422
HINDZINC,2026-02-24,530.0,63.4,2450.0,3675.0,6.5,373625.0,1572900.0,610.1,614.0,560.35,7.016,2026-02-02 23:54,201112
HINDZINC,2026-02-24,535.0,50.05,14700.0,0.0,7.0,144550.0,356475.0,610.1,614.0,560.35,7.016,2026-02-02 23:54,186840
HINDZINC,2026-02-24,540.0,79.95,69825.0,106575.0,8.3,971425.0,4781175.0,610.1,614.0,560.35,7.016,2026-02-02 23:54,172846
HINDZINC,2026-02-24,545.0,57.35,15925.0,46550.0,8.95,258475.0,625975.0,610.1,614.0,560.35,7.016,2026-02-02 23:54,159153
HINDZINC,2026-02-24,550.0,75.6,240100.0,641900.0,10.3,1707650.0,11632600.0,610.1,614.0,560.35,7.016,2026-02-02 23:54,145706
HINDZINC,2026-02-24,555.0,71.15,61250.0,188650.0,11.5,281750.0,999600.0,610.1,614.0,560.35,7.016,2026-02-02 23:54,133428
HINDZINC,2026-02-24,560.0,65.0,406700.0,973875.0,12.55,785225.0,4180925.0,610.1,614.0,560.35,7.016,2026-02-02 23:54,121377
HINDZINC,2026-02-24,565.0,61.35,88200.0,483875.0,13.75,256025.0,1225000.0,610.1,614.0,560.35,7.016,2026-02-02 23:54,111469
HINDZINC,2026-02-24,570.0,59.35,524300.0,2560250.0,15.75,1467550.0,6809775.0,610.1,614.0,560.35,7.016,2026-02-02 23:54,100264
HINDZINC,2026-02-24,575.0,55.2,224175.0,2049425.0,17.0,507150.0,2435300.0,610.1,614.0,560.35,7.016,2026-02-02 23:54,90666
HINDZINC,2026-02-24,580.0,53.5,1004500.0,6883275.0,18.6,1194375.0,9746100.0,610.1,614.0,560.35,7.016,2026-02-02 23:54,81008
HINDZINC,2026-02-24,585.0,50.0,162925.0,3880800.0,20.9,213150.0,2777075.0,610.1,614.0,560.35,7.016,2026-02-02 23:54,75227
HINDZINC,2026-02-24,590.0,47.0,396900.0,7095200.0,22.2,477750.0,3291575.0,610.1,614.0,560.35,7.016,2026-02-02 23:54,66851
HINDZINC,2026-02-24,595.0,43.15,225400.0,2230725.0,24.7,176400.0,648025.0,610.1,614.0,560.35,7.016,2026-02-02 23:54,59348
HINDZINC,2026-02-24,600.0,41.3,3456950.0,21141050.0,26.1,3112725.0,6683600.0,610.1,614.0,560.35,7.016,2026-02-02 23:54,51778
HINDZINC,2026-02-24,605.0,39.0,218050.0,1558200.0,29.05,120050.0,335650.0,610.1,614.0,560.35,7.016,2026-02-02 23:54,53109
HINDZINC,2026-02-24,610.0,36.5,640675.0,4422250.0,32.15,420175.0,717850.0,610.1,614.0,560.35,7.016,2026-02-02 23:54,48957
HINDZINC,2026-02-24,615.0,34.1,242550.0,1510425.0,34.5,110250.0,242550.0,610.1,614.0,560.35,7.016,2026-02-02 23:54,45822
HINDZINC,2026-02-24,620.0,31.85,912625.0,5658275.0,36.8,781550.0,790125.0,610.1,614.0,560.35,7.016,2026-02-02 23:54,42322
HINDZINC,2026-02-24,625.0,30.2,118825.0,817075.0,40.2,115150.0,104125.0,610.1,614.0,560.35,7.016,2026-02-02 23:54,39254
HINDZINC,2026-02-24,630.0,28.25,676200.0,3426325.0,42.0,747250.0,192325.0,610.1,614.0,560.35,7.016,2026-02-02 23:54,36167
HINDZINC,2026-02-24,635.0,25.9,142100.0,667625.0,46.0,111475.0,79625.0,610.1,614.0,560.35,7.016,2026-02-02 23:54,32669
HINDZINC,2026-02-24,640.0,24.7,1667225.0,4413675.0,50.05,665175.0,322175.0,610.1,614.0,560.35,7.016,2026-02-02 23:54,30380
HINDZINC,2026-02-24,645.0,23.1,129850.0,466725.0,52.65,289100.0,51450.0,610.1,614.0,560.35,7.016,2026-02-02 23:54,30192
HINDZINC,2026-02-24,650.0,21.5,3884475.0,11361875.0,56.5,2267475.0,393225.0,610.1,614.0,560.35,7.016,2026-02-02 23:54,28201
HINDZINC,2026-02-24,655.0,19.4,181300.0,497350.0,60.55,307475.0,25725.0,610.1,614.0,560.35,7.016,2026-02-02 23:54,26050
HINDZINC,2026-02-24,660.0,18.6,1440600.0,3662750.0,63.9,681100.0,131075.0,610.1,614.0,560.35,7.016,2026-02-02 23:54,27092
HINDZINC,2026-02-24,665.0,17.65,365050.0,629650.0,68.35,165375.0,6125.0,610.1,614.0,560.35,7.016,2026-02-02 23:54,29032
HINDZINC,2026-02-24,670.0,16.2,1150275.0,2053100.0,70.9,695800.0,395675.0,610.1,614.0,560.35,7.016,2026-02-02 23:54,32425
HINDZINC,2026-02-24,675.0,14.9,426300.0,917525.0,74.85,369950.0,61250.0,610.1,614.0,560.35,7.016,2026-02-02 23:54,34156
HINDZINC,2026-02-24,680.0,14.25,1935500.0,2767275.0,78.7,1006950.0,77175.0,610.1,614.0,560.35,7.016,2026-02-02 23:54,37222
HINDZINC,2026-02-24,685.0,13.15,400575.0,719075.0,83.6,176400.0,18375.0,610.1,614.0,560.35,7.016,2026-02-02 23:54,38726
HINDZINC,2026-02-24,690.0,12.5,1754200.0,1240925.0,86.4,420175.0,22050.0,610.1,614.0,560.35,7.016,2026-02-02 23:54,44737
HINDZINC,2026-02-24,695.0,11.55,349125.0,378525.0,92.0,335650.0,25725.0,610.1,614.0,560.35,7.016,2026-02-02 23:54,51346
HINDZINC,2026-02-24,700.0,10.95,8497825.0,10820425.0,95.0,2167025.0,158025.0,610.1,614.0,560.35,7.016,2026-02-02 23:54,57050
HINDZINC,2026-02-24,705.0,10.55,355250.0,251125.0,101.95,449575.0,14700.0,610.1,614.0,560.35,7.016,2026-02-02 23:54,59490
HINDZINC,2026-02-24,710.0,9.65,1808100.0,1683150.0,105.0,406700.0,14700.0,610.1,614.0,560.35,7.016,2026-02-02 23:54,69405
HINDZINC,2026-02-24,715.0,9.0,820750.0,286650.0,136.4,621075.0,4900.0,610.1,614.0,560.35,7.016,2026-02-02 23:54,82110
HINDZINC,2026-02-24,720.0,8.55,4166225.0,4049850.0,114.5,1358525.0,33075.0,610.1,614.0,560.35,7.016,2026-02-02 23:54,90329
HINDZINC,2026-02-24,725.0,8.0,855050.0,369950.0,148.75,280525.0,4900.0,610.1,614.0,560.35,7.016,2026-02-02 23:54,97051
HINDZINC,2026-02-24,730.0,7.65,3145800.0,2879975.0,130.0,297675.0,57575.0,610.1,614.0,560.35,7.016,2026-02-02 23:54,112844
HINDZINC,2026-02-24,735.0,7.15,607600.0,460600.0,155.0,129850.0,1225.0,610.1,614.0,560.35,7.016,2026-02-02 23:54,132385
HINDZINC,2026-02-24,740.0,6.5,1653750.0,1561875.0,131.0,132300.0,4900.0,610.1,614.0,560.35,7.016,2026-02-02 23:54,152179
HINDZINC,2026-02-24,745.0,6.1,316050.0,300125.0,54.6,26950.0,0.0,610.1,614.0,560.35,7.016,2026-02-02 23:54,173786
HINDZINC,2026-02-24,750.0,5.7,6111525.0,5757500.0,141.0,829325.0,122500.0,610.1,614.0,560.35,7.016,2026-02-02 23:54,196269
HINDZINC,2026-02-24,755.0,5.35,247450.0,176400.0,175.0,8575.0,2450.0,610.1,614.0,560.35,7.016,2026-02-02 23:54,213967
HINDZINC,2026-02-24,760.0,5.0,1091475.0,638225.0,65.0,28175.0,0.0,610.1,614.0,560.35,7.016,2026-02-02 23:54,239985
HINDZINC,2026-02-24,765.0,4.6,183750.0,225400.0,68.35,2450.0,0.0,610.1,614.0,560.35,7.016,2026-02-02 23:54,266943
HINDZINC,2026-02-24,770.0,4.15,1255625.0,270725.0,116.95,45325.0,0.0,610.1,614.0,560.35,7.016,2026-02-02 23:54,293699
HINDZINC,2026-02-24,775.0,4.2,249900.0,150675.0,0.0,0.0,0.0,610.1,614.0,560.35,7.016,2026-02-02 23:54,321029
HINDZINC,2026-02-24,780.0,4.0,840350.0,866075.0,78.9,6125.0,0.0,610.1,614.0,560.35,7.016,2026-02-02 23:54,348598
HINDZINC,2026-02-24,785.0,3.5,118825.0,145775.0,0.0,0.0,0.0,610.1,614.0,560.35,7.016,2026-02-02 23:54,376773
HINDZINC,2026-02-24,790.0,3.25,711725.0,343000.0,106.0,31850.0,0.0,610.1,614.0,560.35,7.016,2026-02-02 23:54,404761
HINDZINC,2026-02-24,795.0,3.2,143325.0,221725.0,0.0,0.0,0.0,610.1,614.0,560.35,7.016,2026-02-02 23:54,432973
HINDZINC,2026-02-24,800.0,3.1,6017200.0,3728900.0,187.0,69825.0,12250.0,610.1,614.0,560.35,7.016,2026-02-02 23:54,461409
HINDZINC,2026-02-24,810.0,2.45,793800.0,259700.0,0.0,0.0,0.0,610.1,614.0,560.35,7.016,2026-02-02 23:54,524835
HINDZINC,2026-02-24,820.0,2.4,2649675.0,1141700.0,0.0,0.0,0.0,610.1,614.0,560.35,7.016,2026-02-02 23:54,588691
HUDCO,2026-02-24,100.0,0.1,0.0,0.0,2125.0,0.0,0.0,187.79,192.0,178.0,-2.447,2026-02-02 23:54,159089
HUDCO,2026-02-24,105.0,0.1,0.0,0.0,1890.0,0.0,0.0,187.79,192.0,178.0,-2.447,2026-02-02 23:54,149497
HUDCO,2026-02-24,110.0,0.1,0.0,0.0,1865.0,0.0,0.0,187.79,192.0,178.0,-2.447,2026-02-02 23:54,139906
HUDCO,2026-02-24,115.0,0.0,0.0,0.0,0.0,0.0,0.0,187.79,192.0,178.0,-2.447,2026-02-02 23:54,130314
HUDCO,2026-02-24,120.0,0.0,0.0,0.0,0.0,0.0,0.0,187.79,192.0,178.0,-2.447,2026-02-02 23:54,120722
HUDCO,2026-02-24,125.0,0.0,0.0,0.0,0.0,0.0,0.0,187.79,192.0,178.0,-2.447,2026-02-02 23:54,111130
HUDCO,2026-02-24,127.5,0.1,0.0,0.0,1930.0,0.0,0.0,187.79,192.0,178.0,-2.447,2026-02-02 23:54,106334
HUDCO,2026-02-24,130.0,0.0,0.0,0.0,0.0,0.0,0.0,187.79,192.0,178.0,-2.447,2026-02-02 23:54,101538
HUDCO,2026-02-24,132.5,0.0,0.0,0.0,0.0,0.0,0.0,187.79,192.0,178.0,-2.447,2026-02-02 23:54,96742
HUDCO,2026-02-24,135.0,0.0,0.0,0.0,0.0,0.0,0.0,187.79,192.0,178.0,-2.447,2026-02-02 23:54,91947
HUDCO,2026-02-24,137.5,0.0,0.0,0.0,0.0,0.0,0.0,187.79,192.0,178.0,-2.447,2026-02-02 23:54,87151
HUDCO,2026-02-24,140.0,0.0,0.0,0.0,0.0,0.0,0.0,187.79,192.0,178.0,-2.447,2026-02-02 23:54,82355
HUDCO,2026-02-24,142.5,0.0,0.0,0.0,0.0,0.0,0.0,187.79,192.0,178.0,-2.447,2026-02-02 23:54,77559
HUDCO,2026-02-24,145.0,0.1,0.0,0.0,1280.85,0.0,0.0,187.79,192.0,178.0,-2.447,2026-02-02 23:54,72763
HUDCO,2026-02-24,147.5,0.0,0.0,0.0,0.0,0.0,0.0,187.79,192.0,178.0,-2.447,2026-02-02 23:54,67967
HUDCO,2026-02-24,150.0,0.0,0.0,0.0,0.0,0.0,0.0,187.79,192.0,178.0,-2.447,2026-02-02 23:54,63171
HUDCO,2026-02-24,152.5,0.0,0.0,0.0,0.0,0.0,0.0,187.79,192.0,178.0,-2.447,2026-02-02 23:54,58375
HUDCO,2026-02-24,155.0,0.0,0.0,0.0,0.85,560550.0,1304250.0,187.79,192.0,178.0,-2.447,2026-02-02 23:54,53579
HUDCO,2026-02-24,157.5,0.0,0.0,0.0,0.79,2775.0,5550.0,187.79,192.0,178.0,-2.447,2026-02-02 23:54,48876
HUDCO,2026-02-24,160.0,0.0,0.0,0.0,1.07,1193250.0,3973800.0,187.79,192.0,178.0,-2.447,2026-02-02 23:54,44221
HUDCO,2026-02-24,162.5,0.0,0.0,0.0,0.0,0.0,0.0,187.79,192.0,178.0,-2.447,2026-02-02 23:54,39736
HUDCO,2026-02-24,165.0,20.92,252525.0,130425.0,1.42,840825.0,2944275.0,187.79,192.0,178.0,-2.447,2026-02-02 23:54,35380
HUDCO,2026-02-24,167.5,0.0,0.0,0.0,0.0,0.0,0.0,187.79,192.0,178.0,-2.447,2026-02-02 23:54,31705
HUDCO,2026-02-24,170.0,19.63,58275.0,147075.0,1.96,879675.0,5597175.0,187.79,192.0,178.0,-2.447,2026-02-02 23:54,27622
HUDCO,2026-02-24,172.5,17.45,27750.0,36075.0,2.34,185925.0,330225.0,187.79,192.0,178.0,-2.447,2026-02-02 23:54,23715
HUDCO,2026-02-24,175.0,15.58,99900.0,313575.0,2.76,1140525.0,4900650.0,187.79,192.0,178.0,-2.447,2026-02-02 23:54,19924
HUDCO,2026-02-24,177.5,13.6,58275.0,183150.0,3.25,305250.0,1218225.0,187.79,192.0,178.0,-2.447,2026-02-02 23:54,16280
HUDCO,2026-02-24,180.0,11.96,957375.0,4675875.0,3.91,4290150.0,10048275.0,187.79,192.0,178.0,-2.447,2026-02-02 23:54,12865
HUDCO,2026-02-24,182.5,10.19,152625.0,1035075.0,4.81,183150.0,999000.0,187.79,192.0,178.0,-2.447,2026-02-02 23:54,10250
HUDCO,2026-02-24,185.0,8.7,1601175.0,5846925.0,5.8,1007325.0,4087575.0,187.79,192.0,178.0,-2.447,2026-02-02 23:54,8319
HUDCO,2026-02-24,187.5,7.42,388500.0,1551225.0,6.96,271950.0,690975.0,187.79,192.0,178.0,-2.447,2026-02-02 23:54,7781
HUDCO,2026-02-24,190.0,6.2,2400375.0,9848475.0,8.28,896325.0,4087575.0,187.79,192.0,178.0,-2.447,2026-02-02 23:54,6699
HUDCO,2026-02-24,192.5,5.25,649350.0,1673325.0,9.72,699300.0,857475.0,187.79,192.0,178.0,-2.447,2026-02-02 23:54,7087
HUDCO,2026-02-24,195.0,4.4,2577975.0,6185475.0,11.4,727050.0,860250.0,187.79,192.0,178.0,-2.447,2026-02-02 23:54,6728
HUDCO,2026-02-24,197.5,3.75,527250.0,1689975.0,13.09,252525.0,130425.0,187.79,192.0,178.0,-2.447,2026-02-02 23:54,7840
HUDCO,2026-02-24,200.0,3.19,5025525.0,12740025.0,15.0,1981350.0,402375.0,187.79,192.0,178.0,-2.447,2026-02-02 23:54,8708
HUDCO,2026-02-24,202.5,2.66,407925.0,890775.0,17.06,149850.0,47175.0,187.79,192.0,178.0,-2.447,2026-02-02 23:54,10092
HUDCO,2026-02-24,205.0,2.22,1870350.0,5244750.0,18.93,621600.0,249750.0,187.79,192.0,178.0,-2.447,2026-02-02 23:54,12837
HUDCO,2026-02-24,207.5,1.92,338550.0,485625.0,21.8,119325.0,47175.0,187.79,192.0,178.0,-2.447,2026-02-02 23:54,15591
HUDCO,2026-02-24,210.0,1.61,3979350.0,5677650.0,23.33,677100.0,77700.0,187.79,192.0,178.0,-2.447,2026-02-02 23:54,19026
HUDCO,2026-02-24,212.5,1.5,357975.0,402375.0,14.81,36075.0,0.0,187.79,192.0,178.0,-2.447,2026-02-02 23:54,22880
HUDCO,2026-02-24,215.0,1.23,821400.0,1381950.0,28.06,355200.0,49950.0,187.79,192.0,178.0,-2.447,2026-02-02 23:54,27773
HUDCO,2026-02-24,217.5,1.1,230325.0,341325.0,0.0,0.0,0.0,187.79,192.0,178.0,-2.447,2026-02-02 23:54,32064
HUDCO,2026-02-24,220.0,0.96,3449325.0,4301250.0,32.96,696525.0,11100.0,187.79,192.0,178.0,-2.447,2026-02-02 23:54,37333
HUDCO,2026-02-24,222.5,0.88,99900.0,105450.0,28.0,2775.0,0.0,187.79,192.0,178.0,-2.447,2026-02-02 23:54,41649
HUDCO,2026-02-24,225.0,0.74,627150.0,571650.0,44.0,149850.0,24975.0,187.79,192.0,178.0,-2.447,2026-02-02 23:54,47956
HUDCO,2026-02-24,227.5,0.5,13875.0,2775.0,0.0,0.0,0.0,187.79,192.0,178.0,-2.447,2026-02-02 23:54,53844
HUDCO,2026-02-24,230.0,0.59,2397600.0,2411475.0,49.93,360750.0,11100.0,187.79,192.0,178.0,-2.447,2026-02-02 23:54,60348
HUDCO,2026-02-24,232.5,0.75,16650.0,0.0,37.9,5550.0,0.0,187.79,192.0,178.0,-2.447,2026-02-02 23:54,65882
HUDCO,2026-02-24,235.0,0.44,352425.0,135975.0,31.0,44400.0,0.0,187.79,192.0,178.0,-2.447,2026-02-02 23:54,73061
HUDCO,2026-02-24,237.5,12.84,0.0,0.0,24.15,0.0,0.0,187.79,192.0,178.0,-2.447,2026-02-02 23:54,80238
HUDCO,2026-02-24,240.0,0.38,910200.0,910200.0,44.77,177600.0,0.0,187.79,192.0,178.0,-2.447,2026-02-02 23:54,87536
HUDCO,2026-02-24,242.5,11.14,0.0,0.0,47.24,5550.0,0.0,187.79,192.0,178.0,-2.447,2026-02-02 23:54,94345
HUDCO,2026-02-24,245.0,0.45,94350.0,0.0,50.0,33300.0,0.0,187.79,192.0,178.0,-2.447,2026-02-02 23:54,101891
HUDCO,2026-02-24,247.5,9.62,0.0,0.0,30.84,0.0,0.0,187.79,192.0,178.0,-2.447,2026-02-02 23:54,109332
HUDCO,2026-02-24,250.0,0.25,566100.0,116550.0,51.63,105450.0,0.0,187.79,192.0,178.0,-2.447,2026-02-02 23:54,116936
HUDCO,2026-02-24,252.5,8.28,0.0,0.0,34.46,0.0,0.0,187.79,192.0,178.0,-2.447,2026-02-02 23:54,124177
HUDCO,2026-02-24,255.0,0.26,24975.0,0.0,59.9,11100.0,0.0,187.79,192.0,178.0,-2.447,2026-02-02 23:54,131948
HUDCO,2026-02-24,257.5,0.0,0.0,0.0,0.0,0.0,0.0,187.79,192.0,178.0,-2.447,2026-02-02 23:54,139663
HUDCO,2026-02-24,260.0,0.24,172050.0,138750.0,61.9,213675.0,0.0,187.79,192.0,178.0,-2.447,2026-02-02 23:54,147443
HUDCO,2026-02-24,262.5,0.0,0.0,0.0,0.0,0.0,0.0,187.79,192.0,178.0,-2.447,2026-02-02 23:54,154001
HUDCO,2026-02-24,265.0,0.0,0.0,0.0,0.0,0.0,0.0,187.79,192.0,178.0,-2.447,2026-02-02 23:54,161878
HUDCO,2026-02-24,267.5,0.0,0.0,0.0,0.0,0.0,0.0,187.79,192.0,178.0,-2.447,2026-02-02 23:54,169755
HUDCO,2026-02-24,270.0,0.32,8325.0,0.0,46.68,0.0,0.0,187.79,192.0,178.0,-2.447,2026-02-02 23:54,177632
HUDCO,2026-02-24,272.5,0.0,0.0,0.0,0.0,0.0,0.0,187.79,192.0,178.0,-2.447,2026-02-02 23:54,185511
HUDCO,2026-02-24,275.0,0.0,0.0,0.0,0.0,0.0,0.0,187.79,192.0,178.0,-2.447,2026-02-02 23:54,193390
HUDCO,2026-02-24,280.0,0.0,0.0,0.0,0.0,0.0,0.0,187.79,192.0,178.0,-2.447,2026-02-02 23:54,209148
HUDCO,2026-02-24,285.0,0.0,0.0,0.0,0.0,0.0,0.0,187.79,192.0,178.0,-2.447,2026-02-02 23:54,224906
HUDCO,2026-02-24,290.0,0.0,0.0,0.0,0.0,0.0,0.0,187.79,192.0,178.0,-2.447,2026-02-02 23:54,240663
HUDCO,2026-02-24,295.0,0.05,0.0,0.0,0.0,0.0,0.0,187.79,192.0,178.0,-2.447,2026-02-02 23:54,256421
ICICIBANK,2026-02-24,1140.0,0.0,0.0,0.0,0.0,0.0,0.0,1352.8,1354.4,1329.1,1.394,2026-02-02 23:54,353338
ICICIBANK,2026-02-24,1160.0,205.8,5600.0,0.0,0.0,0.0,0.0,1352.8,1354.4,1329.1,1.394,2026-02-02 23:54,315089
ICICIBANK,2026-02-24,1180.0,198.4,2100.0,0.0,0.5,38500.0,18900.0,1352.8,1354.4,1329.1,1.394,2026-02-02 23:54,276966
ICICIBANK,2026-02-24,1200.0,155.0,10500.0,14000.0,0.6,338100.0,171500.0,1352.8,1354.4,1329.1,1.394,2026-02-02 23:54,238848
ICICIBANK,2026-02-24,1210.0,0.0,0.0,0.0,0.0,0.0,0.0,1352.8,1354.4,1329.1,1.394,2026-02-02 23:54,220261
ICICIBANK,2026-02-24,1220.0,159.25,5600.0,0.0,0.95,252700.0,138600.0,1352.8,1354.4,1329.1,1.394,2026-02-02 23:54,201531
ICICIBANK,2026-02-24,1230.0,0.0,0.0,0.0,1.2,304500.0,162400.0,1352.8,1354.4,1329.1,1.394,2026-02-02 23:54,183125
ICICIBANK,2026-02-24,1240.0,136.6,7700.0,0.0,1.5,428400.0,357700.0,1352.8,1354.4,1329.1,1.394,2026-02-02 23:54,164921
ICICIBANK,2026-02-24,1250.0,130.9,2800.0,0.0,1.95,628600.0,633500.0,1352.8,1354.4,1329.1,1.394,2026-02-02 23:54,147231
ICICIBANK,2026-02-24,1260.0,121.35,700.0,0.0,2.5,420700.0,306600.0,1352.8,1354.4,1329.1,1.394,2026-02-02 23:54,130045
ICICIBANK,2026-02-24,1270.0,86.8,18900.0,13300.0,3.15,431900.0,226800.0,1352.8,1354.4,1329.1,1.394,2026-02-02 23:54,113270
ICICIBANK,2026-02-24,1280.0,77.6,9100.0,11200.0,3.65,419300.0,356300.0,1352.8,1354.4,1329.1,1.394,2026-02-02 23:54,97071
ICICIBANK,2026-02-24,1290.0,66.15,16100.0,22400.0,4.7,261100.0,487900.0,1352.8,1354.4,1329.1,1.394,2026-02-02 23:54,81190
ICICIBANK,2026-02-24,1300.0,61.8,329700.0,548800.0,5.9,1310400.0,2714600.0,1352.8,1354.4,1329.1,1.394,2026-02-02 23:54,65652
ICICIBANK,2026-02-24,1310.0,51.5,147000.0,371700.0,7.55,464800.0,1277500.0,1352.8,1354.4,1329.1,1.394,2026-02-02 23:54,53034
ICICIBANK,2026-02-24,1320.0,43.55,184800.0,317800.0,9.5,674800.0,1569400.0,1352.8,1354.4,1329.1,1.394,2026-02-02 23:54,40171
ICICIBANK,2026-02-24,1330.0,36.1,357000.0,725900.0,11.35,877100.0,1891400.0,1352.8,1354.4,1329.1,1.394,2026-02-02 23:54,27924
ICICIBANK,2026-02-24,1340.0,28.65,1078000.0,3294200.0,14.65,1743700.0,3313100.0,1352.8,1354.4,1329.1,1.394,2026-02-02 23:54,17041
ICICIBANK,2026-02-24,1350.0,22.35,1943200.0,6507900.0,18.35,2060800.0,3361400.0,1352.8,1354.4,1329.1,1.394,2026-02-02 23:54,9220
ICICIBANK,2026-02-24,1360.0,17.1,5589500.0,9734900.0,22.6,1425200.0,2130800.0,1352.8,1354.4,1329.1,1.394,2026-02-02 23:54,5431
ICICIBANK,2026-02-24,1370.0,13.0,2341500.0,4206300.0,27.45,1250200.0,697900.0,1352.8,1354.4,1329.1,1.394,2026-02-02 23:54,14433
ICICIBANK,2026-02-24,1380.0,9.65,2667000.0,3749200.0,35.05,1514800.0,324100.0,1352.8,1354.4,1329.1,1.394,2026-02-02 23:54,20301
ICICIBANK,2026-02-24,1390.0,7.25,1102500.0,1584100.0,40.7,392700.0,125300.0,1352.8,1354.4,1329.1,1.394,2026-02-02 23:54,28003
ICICIBANK,2026-02-24,1400.0,5.5,4144700.0,3874500.0,48.65,2976400.0,223300.0,1352.8,1354.4,1329.1,1.394,2026-02-02 23:54,39137
ICICIBANK,2026-02-24,1410.0,4.2,492800.0,1046500.0,61.1,109200.0,9100.0,1352.8,1354.4,1329.1,1.394,2026-02-02 23:54,45990
ICICIBANK,2026-02-24,1420.0,3.35,1092700.0,1414700.0,66.45,175700.0,15400.0,1352.8,1354.4,1329.1,1.394,2026-02-02 23:54,65186
ICICIBANK,2026-02-24,1430.0,2.75,547400.0,907200.0,78.1,128800.0,25200.0,1352.8,1354.4,1329.1,1.394,2026-02-02 23:54,85309
ICICIBANK,2026-02-24,1440.0,2.2,718900.0,695100.0,85.1,62300.0,23100.0,1352.8,1354.4,1329.1,1.394,2026-02-02 23:54,106054
ICICIBANK,2026-02-24,1450.0,1.85,1557500.0,1341900.0,95.0,172200.0,4900.0,1352.8,1354.4,1329.1,1.394,2026-02-02 23:54,128064
ICICIBANK,2026-02-24,1460.0,1.55,275800.0,170100.0,94.9,6300.0,0.0,1352.8,1354.4,1329.1,1.394,2026-02-02 23:54,150828
ICICIBANK,2026-02-24,1470.0,1.35,172200.0,160300.0,125.0,4200.0,0.0,1352.8,1354.4,1329.1,1.394,2026-02-02 23:54,175204
ICICIBANK,2026-02-24,1480.0,1.2,291900.0,273000.0,114.4,15400.0,0.0,1352.8,1354.4,1329.1,1.394,2026-02-02 23:54,199745
ICICIBANK,2026-02-24,1490.0,0.95,184100.0,118300.0,0.0,0.0,0.0,1352.8,1354.4,1329.1,1.394,2026-02-02 23:54,224481
ICICIBANK,2026-02-24,1500.0,0.9,1963500.0,666400.0,144.65,224000.0,52500.0,1352.8,1354.4,1329.1,1.394,2026-02-02 23:54,249560
ICICIBANK,2026-02-24,1510.0,0.7,457100.0,177100.0,0.0,0.0,0.0,1352.8,1354.4,1329.1,1.394,2026-02-02 23:54,273745
ICICIBANK,2026-02-24,1520.0,0.6,364000.0,324800.0,130.5,1400.0,0.0,1352.8,1354.4,1329.1,1.394,2026-02-02 23:54,301483
ICICIBANK,2026-02-24,1530.0,0.45,91000.0,19600.0,0.0,0.0,0.0,1352.8,1354.4,1329.1,1.394,2026-02-02 23:54,329558
ICICIBANK,2026-02-24,1540.0,0.45,110600.0,68600.0,184.0,700.0,0.0,1352.8,1354.4,1329.1,1.394,2026-02-02 23:54,357725
ICICIBANK,2026-02-24,1550.0,0.4,162400.0,53200.0,0.0,0.0,0.0,1352.8,1354.4,1329.1,1.394,2026-02-02 23:54,385991
ICICIBANK,2026-02-24,1560.0,0.4,54600.0,19600.0,0.0,0.0,0.0,1352.8,1354.4,1329.1,1.394,2026-02-02 23:54,414433
ICICIBANK,2026-02-24,1580.0,0.45,23800.0,0.0,0.0,0.0,0.0,1352.8,1354.4,1329.1,1.394,2026-02-02 23:54,471417
ICICIBANK,2026-02-24,1600.0,0.45,217700.0,39200.0,216.45,8400.0,0.0,1352.8,1354.4,1329.1,1.394,2026-02-02 23:54,528447
ICICIBANK,2026-02-24,1620.0,0.35,80500.0,0.0,235.3,1400.0,0.0,1352.8,1354.4,1329.1,1.394,2026-02-02 23:54,585756
ICICIBANK,2026-02-24,1640.0,0.35,26600.0,0.0,0.0,0.0,0.0,1352.8,1354.4,1329.1,1.394,2026-02-02 23:54,643371
ICICIGI,2026-02-24,1520.0,314.35,975.0,0.0,0.0,0.0,0.0,1826.7,1844.0,1801.8,-0.137,2026-02-02 23:54,11384
ICICIGI,2026-02-24,1560.0,0.0,0.0,0.0,1.7,650.0,0.0,1826.7,1844.0,1801.8,-0.137,2026-02-02 23:54,9533
ICICIGI,2026-02-24,1600.0,0.0,0.0,0.0,3.1,2275.0,0.0,1826.7,1844.0,1801.8,-0.137,2026-02-02 23:54,7653
ICICIGI,2026-02-24,1620.0,0.0,0.0,0.0,0.0,0.0,0.0,1826.7,1844.0,1801.8,-0.137,2026-02-02 23:54,6717
ICICIGI,2026-02-24,1640.0,0.0,0.0,0.0,2.8,8450.0,2925.0,1826.7,1844.0,1801.8,-0.137,2026-02-02 23:54,5781
ICICIGI,2026-02-24,1660.0,0.0,0.0,0.0,3.05,38675.0,76375.0,1826.7,1844.0,1801.8,-0.137,2026-02-02 23:54,4860
ICICIGI,2026-02-24,1680.0,0.0,0.0,0.0,10.4,9100.0,0.0,1826.7,1844.0,1801.8,-0.137,2026-02-02 23:54,4008
ICICIGI,2026-02-24,1700.0,0.0,0.0,0.0,5.4,94250.0,80600.0,1826.7,1844.0,1801.8,-0.137,2026-02-02 23:54,3175
ICICIGI,2026-02-24,1720.0,110.0,325.0,325.0,11.1,6825.0,0.0,1826.7,1844.0,1801.8,-0.137,2026-02-02 23:54,2490
ICICIGI,2026-02-24,1740.0,103.0,325.0,650.0,12.5,23400.0,0.0,1826.7,1844.0,1801.8,-0.137,2026-02-02 23:54,1866
ICICIGI,2026-02-24,1760.0,88.5,975.0,0.0,12.25,32500.0,0.0,1826.7,1844.0,1801.8,-0.137,2026-02-02 23:54,1267
ICICIGI,2026-02-24,1780.0,97.0,0.0,0.0,16.15,3900.0,975.0,1826.7,1844.0,1801.8,-0.137,2026-02-02 23:54,730
ICICIGI,2026-02-24,1800.0,60.05,29575.0,8125.0,22.15,93275.0,116350.0,1826.7,1844.0,1801.8,-0.137,2026-02-02 23:54,226
ICICIGI,2026-02-24,1820.0,46.75,51025.0,93600.0,30.75,64675.0,48750.0,1826.7,1844.0,1801.8,-0.137,2026-02-02 23:54,-54
ICICIGI,2026-02-24,1840.0,37.55,27300.0,30875.0,36.65,20800.0,17225.0,1826.7,1844.0,1801.8,-0.137,2026-02-02 23:54,-35
ICICIGI,2026-02-24,1860.0,27.0,46475.0,14625.0,67.45,325.0,0.0,1826.7,1844.0,1801.8,-0.137,2026-02-02 23:54,66
ICICIGI,2026-02-24,1880.0,32.3,3575.0,0.0,78.75,1625.0,0.0,1826.7,1844.0,1801.8,-0.137,2026-02-02 23:54,358
ICICIGI,2026-02-24,1900.0,14.65,65325.0,79625.0,77.95,32500.0,0.0,1826.7,1844.0,1801.8,-0.137,2026-02-02 23:54,536
ICICIGI,2026-02-24,1920.0,10.55,32825.0,46475.0,108.8,5525.0,0.0,1826.7,1844.0,1801.8,-0.137,2026-02-02 23:54,753
ICICIGI,2026-02-24,1940.0,4.65,1950.0,650.0,0.0,0.0,0.0,1826.7,1844.0,1801.8,-0.137,2026-02-02 23:54,1180
ICICIGI,2026-02-24,1960.0,5.1,54275.0,70200.0,140.9,27300.0,0.0,1826.7,1844.0,1801.8,-0.137,2026-02-02 23:54,1636
ICICIGI,2026-02-24,1980.0,3.65,12350.0,72150.0,0.0,0.0,0.0,1826.7,1844.0,1801.8,-0.137,2026-02-02 23:54,1898
ICICIGI,2026-02-24,2000.0,2.7,96850.0,88075.0,194.0,2600.0,0.0,1826.7,1844.0,1801.8,-0.137,2026-02-02 23:54,2546
ICICIGI,2026-02-24,2020.0,0.0,0.0,0.0,190.0,650.0,0.0,1826.7,1844.0,1801.8,-0.137,2026-02-02 23:54,3364
ICICIGI,2026-02-24,2040.0,1.25,10075.0,1625.0,0.0,0.0,0.0,1826.7,1844.0,1801.8,-0.137,2026-02-02 23:54,4196
ICICIGI,2026-02-24,2060.0,0.0,0.0,0.0,240.0,1300.0,0.0,1826.7,1844.0,1801.8,-0.137,2026-02-02 23:54,5061
ICICIGI,2026-02-24,2080.0,1.1,3575.0,325.0,0.0,0.0,0.0,1826.7,1844.0,1801.8,-0.137,2026-02-02 23:54,5896
ICICIGI,2026-02-24,2120.0,0.0,0.0,0.0,0.0,0.0,0.0,1826.7,1844.0,1801.8,-0.137,2026-02-02 23:54,7643
ICICIGI,2026-02-24,2140.0,1.45,2275.0,0.0,0.0,0.0,0.0,1826.7,1844.0,1801.8,-0.137,2026-02-02 23:54,8517
ICICIGI,2026-02-24,2160.0,3.5,1950.0,0.0,0.0,0.0,0.0,1826.7,1844.0,1801.8,-0.137,2026-02-02 23:54,9396
ICICIGI,2026-02-24,2200.0,1.55,3900.0,0.0,0.0,0.0,0.0,1826.7,1844.0,1801.8,-0.137,2026-02-02 23:54,11160
ICICIGI,2026-02-24,2240.0,0.25,5525.0,0.0,384.95,975.0,0.0,1826.7,1844.0,1801.8,-0.137,2026-02-02 23:54,12941
ICICIGI,2026-02-24,2280.0,5.45,1300.0,0.0,0.0,0.0,0.0,1826.7,1844.0,1801.8,-0.137,2026-02-02 23:54,14709
ICICIPRULI,2026-02-24,530.0,112.2,0.0,4625.0,0.0,0.0,0.0,641.8,646.6,631.05,-0.256,2026-02-02 23:54,13727
ICICIPRULI,2026-02-24,540.0,0.0,0.0,0.0,1.35,1850.0,0.0,641.8,646.6,631.05,-0.256,2026-02-02 23:54,11964
ICICIPRULI,2026-02-24,550.0,0.0,0.0,0.0,0.8,81400.0,59200.0,641.8,646.6,631.05,-0.256,2026-02-02 23:54,10202
ICICIPRULI,2026-02-24,560.0,0.0,0.0,0.0,0.0,0.0,0.0,641.8,646.6,631.05,-0.256,2026-02-02 23:54,8516
ICICIPRULI,2026-02-24,565.0,0.0,0.0,0.0,0.0,0.0,0.0,641.8,646.6,631.05,-0.256,2026-02-02 23:54,7676
ICICIPRULI,2026-02-24,570.0,73.2,0.0,2775.0,2.7,27750.0,0.0,641.8,646.6,631.05,-0.256,2026-02-02 23:54,6836
ICICIPRULI,2026-02-24,575.0,0.0,0.0,0.0,0.0,0.0,0.0,641.8,646.6,631.05,-0.256,2026-02-02 23:54,6003
ICICIPRULI,2026-02-24,580.0,0.0,0.0,0.0,0.0,0.0,0.0,641.8,646.6,631.05,-0.256,2026-02-02 23:54,5177
ICICIPRULI,2026-02-24,585.0,0.0,0.0,0.0,1.9,160025.0,162800.0,641.8,646.6,631.05,-0.256,2026-02-02 23:54,4351
ICICIPRULI,2026-02-24,590.0,0.0,0.0,0.0,3.05,18500.0,0.0,641.8,646.6,631.05,-0.256,2026-02-02 23:54,3574
ICICIPRULI,2026-02-24,595.0,68.5,925.0,0.0,0.0,0.0,0.0,641.8,646.6,631.05,-0.256,2026-02-02 23:54,2832
ICICIPRULI,2026-02-24,600.0,55.4,2775.0,0.0,3.15,510600.0,131350.0,641.8,646.6,631.05,-0.256,2026-02-02 23:54,2102
ICICIPRULI,2026-02-24,605.0,0.0,0.0,0.0,3.75,6475.0,0.0,641.8,646.6,631.05,-0.256,2026-02-02 23:54,1477
ICICIPRULI,2026-02-24,610.0,37.5,4625.0,10175.0,4.45,86025.0,46250.0,641.8,646.6,631.05,-0.256,2026-02-02 23:54,998
ICICIPRULI,2026-02-24,615.0,33.0,10175.0,5550.0,5.35,37925.0,42550.0,641.8,646.6,631.05,-0.256,2026-02-02 23:54,546
ICICIPRULI,2026-02-24,620.0,23.9,26825.0,11100.0,6.25,156325.0,91575.0,641.8,646.6,631.05,-0.256,2026-02-02 23:54,152
ICICIPRULI,2026-02-24,625.0,24.75,2775.0,9250.0,7.75,24050.0,12025.0,641.8,646.6,631.05,-0.256,2026-02-02 23:54,-196
ICICIPRULI,2026-02-24,630.0,21.35,82325.0,68450.0,9.35,63825.0,100825.0,641.8,646.6,631.05,-0.256,2026-02-02 23:54,-510
ICICIPRULI,2026-02-24,635.0,18.65,84175.0,48100.0,11.15,41625.0,102675.0,641.8,646.6,631.05,-0.256,2026-02-02 23:54,-622
ICICIPRULI,2026-02-24,640.0,15.35,177600.0,237725.0,13.3,232175.0,296925.0,641.8,646.6,631.05,-0.256,2026-02-02 23:54,-678
ICICIPRULI,2026-02-24,645.0,13.8,74000.0,147075.0,14.3,31450.0,18500.0,641.8,646.6,631.05,-0.256,2026-02-02 23:54,-675
ICICIPRULI,2026-02-24,650.0,10.6,228475.0,422725.0,18.5,119325.0,54575.0,641.8,646.6,631.05,-0.256,2026-02-02 23:54,-526
ICICIPRULI,2026-02-24,655.0,8.7,20350.0,4625.0,21.55,0.0,2775.0,641.8,646.6,631.05,-0.256,2026-02-02 23:54,-240
ICICIPRULI,2026-02-24,660.0,7.05,501350.0,238650.0,24.85,63825.0,2775.0,641.8,646.6,631.05,-0.256,2026-02-02 23:54,53
ICICIPRULI,2026-02-24,665.0,5.75,0.0,7400.0,28.5,0.0,2775.0,641.8,646.6,631.05,-0.256,2026-02-02 23:54,806
ICICIPRULI,2026-02-24,670.0,4.75,100825.0,90650.0,32.1,23125.0,4625.0,641.8,646.6,631.05,-0.256,2026-02-02 23:54,1364
ICICIPRULI,2026-02-24,675.0,0.0,0.0,0.0,0.0,0.0,0.0,641.8,646.6,631.05,-0.256,2026-02-02 23:54,1958
ICICIPRULI,2026-02-24,680.0,3.15,209975.0,260850.0,47.35,20350.0,5550.0,641.8,646.6,631.05,-0.256,2026-02-02 23:54,2578
ICICIPRULI,2026-02-24,685.0,0.0,0.0,0.0,0.0,0.0,0.0,641.8,646.6,631.05,-0.256,2026-02-02 23:54,3283
ICICIPRULI,2026-02-24,690.0,2.1,57350.0,54575.0,46.25,6475.0,0.0,641.8,646.6,631.05,-0.256,2026-02-02 23:54,4019
ICICIPRULI,2026-02-24,695.0,0.0,0.0,0.0,0.0,0.0,0.0,641.8,646.6,631.05,-0.256,2026-02-02 23:54,4768
ICICIPRULI,2026-02-24,700.0,1.45,333000.0,134125.0,58.15,48100.0,0.0,641.8,646.6,631.05,-0.256,2026-02-02 23:54,5535
ICICIPRULI,2026-02-24,705.0,0.0,0.0,0.0,0.0,0.0,0.0,641.8,646.6,631.05,-0.256,2026-02-02 23:54,6262
ICICIPRULI,2026-02-24,710.0,1.6,12025.0,0.0,0.0,0.0,0.0,641.8,646.6,631.05,-0.256,2026-02-02 23:54,7220
ICICIPRULI,2026-02-24,720.0,0.65,111925.0,51800.0,0.0,0.0,0.0,641.8,646.6,631.05,-0.256,2026-02-02 23:54,9149
ICICIPRULI,2026-02-24,730.0,10.0,925.0,0.0,0.0,0.0,0.0,641.8,646.6,631.05,-0.256,2026-02-02 23:54,11196
ICICIPRULI,2026-02-24,735.0,1.85,925.0,0.0,0.0,0.0,0.0,641.8,646.6,631.05,-0.256,2026-02-02 23:54,12217
ICICIPRULI,2026-02-24,740.0,0.55,44400.0,9250.0,0.0,0.0,0.0,641.8,646.6,631.05,-0.256,2026-02-02 23:54,13238
ICICIPRULI,2026-02-24,750.0,0.0,0.0,0.0,92.8,1850.0,0.0,641.8,646.6,631.05,-0.256,2026-02-02 23:54,15327
ICICIPRULI,2026-02-24,780.0,0.8,2775.0,0.0,0.0,0.0,0.0,641.8,646.6,631.05,-0.256,2026-02-02 23:54,21573
IDEA,2026-02-24,6.0,4.59,6647175.0,71475.0,0.02,9506175.0,2787525.0,10.81,10.88,10.41,-0.552,2026-02-02 23:54,322203
IDEA,2026-02-24,7.0,3.82,2358675.0,71475.0,0.02,17868750.0,857700.0,10.81,10.88,10.41,-0.552,2026-02-02 23:54,237313
IDEA,2026-02-24,8.0,2.55,9506175.0,428850.0,0.04,86484750.0,100422375.0,10.81,10.88,10.41,-0.552,2026-02-02 23:54,152280
IDEA,2026-02-24,9.0,1.95,50604300.0,9720600.0,0.08,189194325.0,161176125.0,10.81,10.88,10.41,-0.552,2026-02-02 23:54,78059
IDEA,2026-02-24,10.0,1.08,155386650.0,154957800.0,0.2,240084525.0,285685575.0,10.81,10.88,10.41,-0.552,2026-02-02 23:54,34093
IDEA,2026-02-24,11.0,0.49,311488050.0,346367850.0,0.6,125367150.0,134944800.0,10.81,10.88,10.41,-0.552,2026-02-02 23:54,33301
IDEA,2026-02-24,12.0,0.21,324925350.0,385822050.0,1.31,162391200.0,11078625.0,10.81,10.88,10.41,-0.552,2026-02-02 23:54,71954
IDEA,2026-02-24,13.0,0.1,181546500.0,306913650.0,2.24,38167650.0,2215725.0,10.81,10.88,10.41,-0.552,2026-02-02 23:54,137149
IDEA,2026-02-24,14.0,0.05,144951300.0,159103350.0,3.43,21228075.0,428850.0,10.81,10.88,10.41,-0.552,2026-02-02 23:54,232031
IDEA,2026-02-24,15.0,0.04,46816125.0,53963625.0,4.26,5074725.0,71475.0,10.81,10.88,10.41,-0.552,2026-02-02 23:54,343709
IDEA,2026-02-24,16.0,0.03,46101375.0,6003900.0,0.0,0.0,0.0,10.81,10.88,10.41,-0.552,2026-02-02 23:54,465157
IDEA,2026-02-24,18.0,0.02,40097475.0,4574400.0,0.0,0.0,0.0,10.81,10.88,10.41,-0.552,2026-02-02 23:54,721362
IDFCFIRSTB,2026-02-24,68.0,0.0,0.0,0.0,0.07,2328025.0,3561600.0,81.21,82.4,79.38,-1.0,2026-02-02 23:54,83408
IDFCFIRSTB,2026-02-24,70.0,13.06,129850.0,0.0,0.1,5425875.0,5212550.0,81.21,82.4,79.38,-1.0,2026-02-02 23:54,66729
IDFCFIRSTB,2026-02-24,72.0,8.78,74200.0,55650.0,0.15,5592825.0,6075125.0,81.21,82.4,79.38,-1.0,2026-02-02 23:54,51292
IDFCFIRSTB,2026-02-24,74.0,7.24,27825.0,18550.0,0.28,4897200.0,4433450.0,81.21,82.4,79.38,-1.0,2026-02-02 23:54,36854
IDFCFIRSTB,2026-02-24,75.0,7.1,1827175.0,268975.0,0.37,7883750.0,8857625.0,81.21,82.4,79.38,-1.0,2026-02-02 23:54,30020
IDFCFIRSTB,2026-02-24,76.0,6.22,296800.0,166950.0,0.48,3190600.0,5917450.0,81.21,82.4,79.38,-1.0,2026-02-02 23:54,25280
IDFCFIRSTB,2026-02-24,77.0,5.43,129850.0,204050.0,0.65,2337300.0,4860100.0,81.21,82.4,79.38,-1.0,2026-02-02 23:54,19914
IDFCFIRSTB,2026-02-24,78.0,4.68,1103725.0,612150.0,0.86,4804450.0,6937700.0,81.21,82.4,79.38,-1.0,2026-02-02 23:54,14682
IDFCFIRSTB,2026-02-24,79.0,3.89,445200.0,1669500.0,1.12,2235275.0,5064150.0,81.21,82.4,79.38,-1.0,2026-02-02 23:54,10226
IDFCFIRSTB,2026-02-24,80.0,3.25,4220125.0,18141900.0,1.45,19375475.0,18327400.0,81.21,82.4,79.38,-1.0,2026-02-02 23:54,5857
IDFCFIRSTB,2026-02-24,81.0,2.67,2188900.0,9061675.0,1.84,3125675.0,8059975.0,81.21,82.4,79.38,-1.0,2026-02-02 23:54,2488
IDFCFIRSTB,2026-02-24,82.0,2.13,4257225.0,13532225.0,2.33,4016075.0,4387075.0,81.21,82.4,79.38,-1.0,2026-02-02 23:54,1096
IDFCFIRSTB,2026-02-24,83.0,1.72,3960425.0,11983300.0,2.86,2402225.0,2142525.0,81.21,82.4,79.38,-1.0,2026-02-02 23:54,494
IDFCFIRSTB,2026-02-24,84.0,1.36,5963825.0,11269125.0,3.54,3895500.0,2263100.0,81.21,82.4,79.38,-1.0,2026-02-02 23:54,551
IDFCFIRSTB,2026-02-24,85.0,1.06,21035700.0,31006325.0,4.35,6075125.0,1502550.0,81.21,82.4,79.38,-1.0,2026-02-02 23:54,1032
IDFCFIRSTB,2026-02-24,86.0,0.82,4192300.0,9859325.0,5.18,1168650.0,0.0,81.21,82.4,79.38,-1.0,2026-02-02 23:54,4380
IDFCFIRSTB,2026-02-24,87.0,0.64,3274075.0,6038025.0,6.4,361725.0,27825.0,81.21,82.4,79.38,-1.0,2026-02-02 23:54,8414
IDFCFIRSTB,2026-02-24,88.0,0.5,5258925.0,8180550.0,8.21,723450.0,157675.0,81.21,82.4,79.38,-1.0,2026-02-02 23:54,13052
IDFCFIRSTB,2026-02-24,89.0,0.39,2921625.0,3969700.0,9.0,27825.0,18550.0,81.21,82.4,79.38,-1.0,2026-02-02 23:54,17979
IDFCFIRSTB,2026-02-24,90.0,0.32,20525575.0,14775075.0,8.47,5008500.0,333900.0,81.21,82.4,79.38,-1.0,2026-02-02 23:54,23621
IDFCFIRSTB,2026-02-24,91.0,0.25,1057350.0,1502550.0,8.0,9275.0,0.0,81.21,82.4,79.38,-1.0,2026-02-02 23:54,28142
IDFCFIRSTB,2026-02-24,92.0,0.2,4544750.0,3357550.0,9.5,64925.0,0.0,81.21,82.4,79.38,-1.0,2026-02-02 23:54,36374
IDFCFIRSTB,2026-02-24,93.0,0.16,1957025.0,2634100.0,0.0,0.0,0.0,81.21,82.4,79.38,-1.0,2026-02-02 23:54,45077
IDFCFIRSTB,2026-02-24,94.0,0.13,2763950.0,4526200.0,10.55,18550.0,0.0,81.21,82.4,79.38,-1.0,2026-02-02 23:54,53978
IDFCFIRSTB,2026-02-24,96.0,0.08,4034625.0,5537175.0,13.8,166950.0,0.0,81.21,82.4,79.38,-1.0,2026-02-02 23:54,72290
IDFCFIRSTB,2026-02-24,98.0,0.05,8458800.0,5305300.0,17.5,510125.0,9275.0,81.21,82.4,79.38,-1.0,2026-02-02 23:54,91228
IEX,2026-02-24,102.0,0.0,0.0,0.0,0.69,318750.0,525000.0,122.62,125.59,119.0,-1.802,2026-02-02 23:54,96204
IEX,2026-02-24,104.0,0.0,0.0,0.0,0.81,288750.0,813750.0,122.62,125.59,119.0,-1.802,2026-02-02 23:54,88340
IEX,2026-02-24,106.0,0.0,0.0,0.0,0.92,986250.0,1207500.0,122.62,125.59,119.0,-1.802,2026-02-02 23:54,80531
IEX,2026-02-24,108.0,0.0,0.0,0.0,1.12,371250.0,738750.0,122.62,125.59,119.0,-1.802,2026-02-02 23:54,72853
IEX,2026-02-24,110.0,0.0,0.0,0.0,1.35,2036250.0,5422500.0,122.62,125.59,119.0,-1.802,2026-02-02 23:54,65298
IEX,2026-02-24,112.0,10.9,3750.0,7500.0,1.54,506250.0,693750.0,122.62,125.59,119.0,-1.802,2026-02-02 23:54,57917
IEX,2026-02-24,113.0,0.0,0.0,0.0,0.0,0.0,0.0,122.62,125.59,119.0,-1.802,2026-02-02 23:54,54341
IEX,2026-02-24,114.0,7.62,18750.0,63750.0,1.95,240000.0,558750.0,122.62,125.59,119.0,-1.802,2026-02-02 23:54,50838
IEX,2026-02-24,115.0,8.93,142500.0,480000.0,2.28,3656250.0,6712500.0,122.62,125.59,119.0,-1.802,2026-02-02 23:54,47330
IEX,2026-02-24,116.0,8.31,60000.0,165000.0,2.48,472500.0,1188750.0,122.62,125.59,119.0,-1.802,2026-02-02 23:54,43527
IEX,2026-02-24,117.0,7.68,22500.0,71250.0,2.77,296250.0,525000.0,122.62,125.59,119.0,-1.802,2026-02-02 23:54,40417
IEX,2026-02-24,118.0,7.05,78750.0,401250.0,3.09,487500.0,1260000.0,122.62,125.59,119.0,-1.802,2026-02-02 23:54,37341
IEX,2026-02-24,119.0,6.52,281250.0,986250.0,3.39,386250.0,1275000.0,122.62,125.59,119.0,-1.802,2026-02-02 23:54,34291
IEX,2026-02-24,120.0,5.81,1556250.0,9915000.0,3.9,3802500.0,12315000.0,122.62,125.59,119.0,-1.802,2026-02-02 23:54,31455
IEX,2026-02-24,121.0,5.24,427500.0,1428750.0,4.34,495000.0,1233750.0,122.62,125.59,119.0,-1.802,2026-02-02 23:54,28525
IEX,2026-02-24,122.0,4.78,705000.0,2175000.0,4.84,686250.0,1207500.0,122.62,125.59,119.0,-1.802,2026-02-02 23:54,26274
IEX,2026-02-24,123.0,4.31,423750.0,1357500.0,5.24,322500.0,506250.0,122.62,125.59,119.0,-1.802,2026-02-02 23:54,24158
IEX,2026-02-24,124.0,3.86,795000.0,2276250.0,5.91,697500.0,318750.0,122.62,125.59,119.0,-1.802,2026-02-02 23:54,22126
IEX,2026-02-24,125.0,3.51,2883750.0,12671250.0,6.47,2898750.0,2868750.0,122.62,125.59,119.0,-1.802,2026-02-02 23:54,20124
IEX,2026-02-24,126.0,3.22,832500.0,903750.0,7.56,656250.0,120000.0,122.62,125.59,119.0,-1.802,2026-02-02 23:54,17942
IEX,2026-02-24,127.0,2.9,2838750.0,4203750.0,7.8,1121250.0,236250.0,122.62,125.59,119.0,-1.802,2026-02-02 23:54,16544
IEX,2026-02-24,128.0,2.61,1020000.0,1541250.0,8.44,367500.0,82500.0,122.62,125.59,119.0,-1.802,2026-02-02 23:54,15719
IEX,2026-02-24,129.0,2.34,1113750.0,731250.0,10.93,371250.0,18750.0,122.62,125.59,119.0,-1.802,2026-02-02 23:54,15040
IEX,2026-02-24,130.0,2.18,11381250.0,15742500.0,10.0,4023750.0,420000.0,122.62,125.59,119.0,-1.802,2026-02-02 23:54,14409
IEX,2026-02-24,131.0,1.94,1762500.0,1466250.0,9.24,277500.0,0.0,122.62,125.59,119.0,-1.802,2026-02-02 23:54,13920
IEX,2026-02-24,132.0,1.79,1668750.0,1507500.0,9.59,356250.0,0.0,122.62,125.59,119.0,-1.802,2026-02-02 23:54,15264
IEX,2026-02-24,133.0,1.73,990000.0,555000.0,10.64,101250.0,0.0,122.62,125.59,119.0,-1.802,2026-02-02 23:54,16682
IEX,2026-02-24,134.0,1.31,348750.0,322500.0,11.7,30000.0,0.0,122.62,125.59,119.0,-1.802,2026-02-02 23:54,18315
IEX,2026-02-24,135.0,1.34,4117500.0,4905000.0,14.0,1927500.0,135000.0,122.62,125.59,119.0,-1.802,2026-02-02 23:54,19933
IEX,2026-02-24,136.0,1.12,296250.0,48750.0,12.6,7500.0,0.0,122.62,125.59,119.0,-1.802,2026-02-02 23:54,19999
IEX,2026-02-24,137.0,1.15,386250.0,135000.0,12.49,142500.0,0.0,122.62,125.59,119.0,-1.802,2026-02-02 23:54,22265
IEX,2026-02-24,138.0,1.23,221250.0,0.0,13.05,7500.0,0.0,122.62,125.59,119.0,-1.802,2026-02-02 23:54,24427
IEX,2026-02-24,139.0,0.97,71250.0,127500.0,14.2,3750.0,0.0,122.62,125.59,119.0,-1.802,2026-02-02 23:54,26762
IEX,2026-02-24,140.0,0.88,8032500.0,3960000.0,18.81,5392500.0,123750.0,122.62,125.59,119.0,-1.802,2026-02-02 23:54,29090
IEX,2026-02-24,141.0,0.86,120000.0,120000.0,0.0,0.0,0.0,122.62,125.59,119.0,-1.802,2026-02-02 23:54,23321
IEX,2026-02-24,142.0,0.56,56250.0,48750.0,22.0,11250.0,7500.0,122.62,125.59,119.0,-1.802,2026-02-02 23:54,27012
IEX,2026-02-24,143.0,0.62,131250.0,210000.0,0.0,0.0,0.0,122.62,125.59,119.0,-1.802,2026-02-02 23:54,30677
IEX,2026-02-24,144.0,0.74,183750.0,0.0,0.0,0.0,0.0,122.62,125.59,119.0,-1.802,2026-02-02 23:54,34386
IEX,2026-02-24,145.0,0.61,2066250.0,1815000.0,23.82,1327500.0,15000.0,122.62,125.59,119.0,-1.802,2026-02-02 23:54,38118
IEX,2026-02-24,146.0,0.9,41250.0,0.0,20.16,3750.0,0.0,122.62,125.59,119.0,-1.802,2026-02-02 23:54,39140
IEX,2026-02-24,147.0,0.49,195000.0,0.0,22.0,7500.0,0.0,122.62,125.59,119.0,-1.802,2026-02-02 23:54,43198
IEX,2026-02-24,148.0,10.98,18750.0,0.0,24.0,3750.0,0.0,122.62,125.59,119.0,-1.802,2026-02-02 23:54,47274
IEX,2026-02-24,149.0,0.41,41250.0,45000.0,0.0,0.0,0.0,122.62,125.59,119.0,-1.802,2026-02-02 23:54,51370
IEX,2026-02-24,150.0,0.45,7147500.0,3652500.0,28.0,2051250.0,3750.0,122.62,125.59,119.0,-1.802,2026-02-02 23:54,55461
IEX,2026-02-24,151.0,0.0,0.0,0.0,15.04,7500.0,0.0,122.62,125.59,119.0,-1.802,2026-02-02 23:54,55048
IEX,2026-02-24,152.0,4.35,11250.0,0.0,0.0,0.0,0.0,122.62,125.59,119.0,-1.802,2026-02-02 23:54,60046
IEX,2026-02-24,153.0,0.32,18750.0,7500.0,0.0,0.0,0.0,122.62,125.59,119.0,-1.802,2026-02-02 23:54,65062
IEX,2026-02-24,154.0,0.0,0.0,0.0,18.46,3750.0,0.0,122.62,125.59,119.0,-1.802,2026-02-02 23:54,70075
IEX,2026-02-24,155.0,0.38,772500.0,378750.0,29.03,277500.0,0.0,122.62,125.59,119.0,-1.802,2026-02-02 23:54,75081
IEX,2026-02-24,156.0,0.53,11250.0,0.0,0.0,0.0,0.0,122.62,125.59,119.0,-1.802,2026-02-02 23:54,79423
IEX,2026-02-24,157.0,7.72,11250.0,0.0,0.0,0.0,0.0,122.62,125.59,119.0,-1.802,2026-02-02 23:54,84543
IEX,2026-02-24,159.0,3.9,11250.0,0.0,0.0,0.0,0.0,122.62,125.59,119.0,-1.802,2026-02-02 23:54,94792
IEX,2026-02-24,160.0,0.28,2238750.0,1323750.0,40.6,491250.0,3750.0,122.62,125.59,119.0,-1.802,2026-02-02 23:54,99918
IEX,2026-02-24,164.0,0.0,0.0,0.0,26.59,3750.0,0.0,122.62,125.59,119.0,-1.802,2026-02-02 23:54,119563
IEX,2026-02-24,165.0,0.29,108750.0,0.0,37.5,210000.0,0.0,122.62,125.59,119.0,-1.802,2026-02-02 23:54,124948
IEX,2026-02-24,168.0,2.3,11250.0,0.0,0.0,0.0,0.0,122.62,125.59,119.0,-1.802,2026-02-02 23:54,140444
IEX,2026-02-24,169.0,2.2,3750.0,0.0,0.0,0.0,0.0,122.62,125.59,119.0,-1.802,2026-02-02 23:54,145874
IEX,2026-02-24,170.0,0.19,1597500.0,333750.0,44.2,1395000.0,0.0,122.62,125.59,119.0,-1.802,2026-02-02 23:54,151303
IEX,2026-02-24,172.0,2.5,7500.0,0.0,0.0,0.0,0.0,122.62,125.59,119.0,-1.802,2026-02-02 23:54,156622
IEX,2026-02-24,173.0,1.85,3750.0,0.0,0.0,0.0,0.0,122.62,125.59,119.0,-1.802,2026-02-02 23:54,162352
IEX,2026-02-24,174.0,1.7,15000.0,0.0,0.0,0.0,0.0,122.62,125.59,119.0,-1.802,2026-02-02 23:54,168081
IEX,2026-02-24,175.0,0.13,150000.0,0.0,0.0,0.0,0.0,122.62,125.59,119.0,-1.802,2026-02-02 23:54,173814
IEX,2026-02-24,177.0,2.05,3750.0,0.0,0.0,0.0,0.0,122.62,125.59,119.0,-1.802,2026-02-02 23:54,185306
IEX,2026-02-24,180.0,0.15,862500.0,322500.0,42.0,3750.0,0.0,122.62,125.59,119.0,-1.802,2026-02-02 23:54,202543
INDHOTEL,2026-02-24,540.0,0.0,0.0,0.0,0.75,73000.0,25000.0,663.9,667.3,646.7,-0.06,2026-02-02 23:54,67578
INDHOTEL,2026-02-24,545.0,0.0,0.0,0.0,0.0,0.0,0.0,663.9,667.3,646.7,-0.06,2026-02-02 23:54,64573
INDHOTEL,2026-02-24,550.0,0.0,0.0,0.0,0.35,2000.0,1000.0,663.9,667.3,646.7,-0.06,2026-02-02 23:54,61573
INDHOTEL,2026-02-24,555.0,0.0,0.0,0.0,0.0,0.0,0.0,663.9,667.3,646.7,-0.06,2026-02-02 23:54,58574
INDHOTEL,2026-02-24,560.0,0.0,0.0,0.0,0.0,0.0,0.0,663.9,667.3,646.7,-0.06,2026-02-02 23:54,55575
INDHOTEL,2026-02-24,565.0,0.0,0.0,0.0,0.0,0.0,0.0,663.9,667.3,646.7,-0.06,2026-02-02 23:54,52576
INDHOTEL,2026-02-24,570.0,0.0,0.0,0.0,1.4,115000.0,16000.0,663.9,667.3,646.7,-0.06,2026-02-02 23:54,49577
INDHOTEL,2026-02-24,575.0,0.0,0.0,0.0,0.0,0.0,0.0,663.9,667.3,646.7,-0.06,2026-02-02 23:54,46619
INDHOTEL,2026-02-24,580.0,0.0,0.0,0.0,2.0,162000.0,18000.0,663.9,667.3,646.7,-0.06,2026-02-02 23:54,43678
INDHOTEL,2026-02-24,585.0,0.0,0.0,0.0,0.0,0.0,0.0,663.9,667.3,646.7,-0.06,2026-02-02 23:54,40785
INDHOTEL,2026-02-24,590.0,0.0,0.0,0.0,2.25,303000.0,55000.0,663.9,667.3,646.7,-0.06,2026-02-02 23:54,37924
INDHOTEL,2026-02-24,595.0,0.0,0.0,0.0,2.6,13000.0,9000.0,663.9,667.3,646.7,-0.06,2026-02-02 23:54,35147
INDHOTEL,2026-02-24,600.0,72.0,6000.0,0.0,2.9,314000.0,664000.0,663.9,667.3,646.7,-0.06,2026-02-02 23:54,32441
INDHOTEL,2026-02-24,605.0,0.0,0.0,0.0,3.45,10000.0,10000.0,663.9,667.3,646.7,-0.06,2026-02-02 23:54,29851
INDHOTEL,2026-02-24,610.0,0.0,0.0,0.0,4.05,104000.0,96000.0,663.9,667.3,646.7,-0.06,2026-02-02 23:54,27310
INDHOTEL,2026-02-24,615.0,0.0,0.0,0.0,4.55,28000.0,90000.0,663.9,667.3,646.7,-0.06,2026-02-02 23:54,24782
INDHOTEL,2026-02-24,620.0,46.1,7000.0,7000.0,5.1,191000.0,134000.0,663.9,667.3,646.7,-0.06,2026-02-02 23:54,22298
INDHOTEL,2026-02-24,625.0,0.0,0.0,0.0,5.5,34000.0,53000.0,663.9,667.3,646.7,-0.06,2026-02-02 23:54,19860
INDHOTEL,2026-02-24,630.0,43.3,39000.0,33000.0,7.05,276000.0,275000.0,663.9,667.3,646.7,-0.06,2026-02-02 23:54,17486
INDHOTEL,2026-02-24,635.0,0.0,0.0,0.0,8.15,53000.0,52000.0,663.9,667.3,646.7,-0.06,2026-02-02 23:54,15263
INDHOTEL,2026-02-24,640.0,35.7,99000.0,102000.0,9.4,274000.0,191000.0,663.9,667.3,646.7,-0.06,2026-02-02 23:54,13048
INDHOTEL,2026-02-24,645.0,36.75,67000.0,0.0,10.8,80000.0,104000.0,663.9,667.3,646.7,-0.06,2026-02-02 23:54,11159
INDHOTEL,2026-02-24,650.0,30.0,668000.0,397000.0,12.2,1131000.0,417000.0,663.9,667.3,646.7,-0.06,2026-02-02 23:54,9407
INDHOTEL,2026-02-24,655.0,26.25,169000.0,105000.0,14.15,83000.0,149000.0,663.9,667.3,646.7,-0.06,2026-02-02 23:54,9019
INDHOTEL,2026-02-24,660.0,23.25,450000.0,705000.0,15.8,529000.0,390000.0,663.9,667.3,646.7,-0.06,2026-02-02 23:54,8459
INDHOTEL,2026-02-24,665.0,20.5,69000.0,108000.0,18.1,71000.0,94000.0,663.9,667.3,646.7,-0.06,2026-02-02 23:54,8273
INDHOTEL,2026-02-24,670.0,17.65,521000.0,1019000.0,19.95,241000.0,261000.0,663.9,667.3,646.7,-0.06,2026-02-02 23:54,7960
INDHOTEL,2026-02-24,675.0,15.7,104000.0,138000.0,23.25,49000.0,64000.0,663.9,667.3,646.7,-0.06,2026-02-02 23:54,8453
INDHOTEL,2026-02-24,680.0,13.75,618000.0,892000.0,26.25,249000.0,59000.0,663.9,667.3,646.7,-0.06,2026-02-02 23:54,8633
INDHOTEL,2026-02-24,685.0,11.65,213000.0,127000.0,0.0,0.0,0.0,663.9,667.3,646.7,-0.06,2026-02-02 23:54,9394
INDHOTEL,2026-02-24,690.0,10.05,198000.0,236000.0,32.75,92000.0,22000.0,663.9,667.3,646.7,-0.06,2026-02-02 23:54,10313
INDHOTEL,2026-02-24,695.0,8.5,92000.0,137000.0,39.35,10000.0,0.0,663.9,667.3,646.7,-0.06,2026-02-02 23:54,11027
INDHOTEL,2026-02-24,700.0,7.3,1278000.0,1955000.0,40.65,434000.0,38000.0,663.9,667.3,646.7,-0.06,2026-02-02 23:54,11933
INDHOTEL,2026-02-24,705.0,6.1,37000.0,43000.0,0.0,0.0,0.0,663.9,667.3,646.7,-0.06,2026-02-02 23:54,12824
INDHOTEL,2026-02-24,710.0,5.2,169000.0,164000.0,48.9,29000.0,2000.0,663.9,667.3,646.7,-0.06,2026-02-02 23:54,14589
INDHOTEL,2026-02-24,715.0,6.05,19000.0,0.0,54.5,8000.0,0.0,663.9,667.3,646.7,-0.06,2026-02-02 23:54,16375
INDHOTEL,2026-02-24,720.0,3.8,469000.0,542000.0,58.5,166000.0,3000.0,663.9,667.3,646.7,-0.06,2026-02-02 23:54,18197
INDHOTEL,2026-02-24,725.0,3.15,41000.0,28000.0,0.0,0.0,0.0,663.9,667.3,646.7,-0.06,2026-02-02 23:54,19576
INDHOTEL,2026-02-24,730.0,2.7,128000.0,88000.0,67.05,59000.0,0.0,663.9,667.3,646.7,-0.06,2026-02-02 23:54,21781
INDHOTEL,2026-02-24,735.0,2.5,25000.0,0.0,0.0,0.0,0.0,663.9,667.3,646.7,-0.06,2026-02-02 23:54,23705
INDHOTEL,2026-02-24,740.0,1.95,129000.0,71000.0,70.0,87000.0,0.0,663.9,667.3,646.7,-0.06,2026-02-02 23:54,26009
INDHOTEL,2026-02-24,745.0,1.7,117000.0,45000.0,80.45,4000.0,0.0,663.9,667.3,646.7,-0.06,2026-02-02 23:54,27831
INDHOTEL,2026-02-24,750.0,1.5,597000.0,170000.0,72.0,248000.0,0.0,663.9,667.3,646.7,-0.06,2026-02-02 23:54,30286
INDHOTEL,2026-02-24,755.0,2.25,34000.0,0.0,0.0,0.0,0.0,663.9,667.3,646.7,-0.06,2026-02-02 23:54,31479
INDHOTEL,2026-02-24,760.0,1.15,165000.0,12000.0,111.4,119000.0,0.0,663.9,667.3,646.7,-0.06,2026-02-02 23:54,34392
INDHOTEL,2026-02-24,765.0,1.25,42000.0,1000.0,0.0,0.0,0.0,663.9,667.3,646.7,-0.06,2026-02-02 23:54,36134
INDHOTEL,2026-02-24,770.0,1.05,3000.0,0.0,103.85,97000.0,0.0,663.9,667.3,646.7,-0.06,2026-02-02 23:54,39208
INDHOTEL,2026-02-24,780.0,1.3,50000.0,0.0,120.0,102000.0,0.0,663.9,667.3,646.7,-0.06,2026-02-02 23:54,44439
INDHOTEL,2026-02-24,785.0,0.6,1000.0,0.0,0.0,0.0,0.0,663.9,667.3,646.7,-0.06,2026-02-02 23:54,46416
INDHOTEL,2026-02-24,790.0,0.0,0.0,0.0,123.2,1000.0,0.0,663.9,667.3,646.7,-0.06,2026-02-02 23:54,49612
INDHOTEL,2026-02-24,800.0,0.65,132000.0,50000.0,144.0,145000.0,2000.0,663.9,667.3,646.7,-0.06,2026-02-02 23:54,55991
INDHOTEL,2026-02-24,810.0,0.2,2000.0,0.0,142.85,2000.0,0.0,663.9,667.3,646.7,-0.06,2026-02-02 23:54,60581
INDHOTEL,2026-02-24,820.0,7.4,5000.0,0.0,0.0,0.0,0.0,663.9,667.3,646.7,-0.06,2026-02-02 23:54,67226
INDHOTEL,2026-02-24,830.0,0.1,5000.0,0.0,162.7,12000.0,0.0,663.9,667.3,646.7,-0.06,2026-02-02 23:54,73907
INDHOTEL,2026-02-24,840.0,0.5,50000.0,77000.0,0.0,0.0,0.0,663.9,667.3,646.7,-0.06,2026-02-02 23:54,80407
INDHOTEL,2026-02-24,880.0,0.25,13000.0,0.0,224.0,73000.0,0.0,663.9,667.3,646.7,-0.06,2026-02-02 23:54,107390
INDIGO,2026-02-24,3900.0,0.0,0.0,0.0,6.75,8400.0,20700.0,4687.0,4699.5,4582.8,2.124,2026-02-02 23:54,143197
INDIGO,2026-02-24,4000.0,716.0,4950.0,4050.0,8.9,136800.0,105000.0,4687.0,4699.5,4582.8,2.124,2026-02-02 23:54,123423
INDIGO,2026-02-24,4100.0,0.0,0.0,0.0,11.9,26400.0,52350.0,4687.0,4699.5,4582.8,2.124,2026-02-02 23:54,105304
INDIGO,2026-02-24,4150.0,0.0,0.0,0.0,0.0,0.0,0.0,4687.0,4699.5,4582.8,2.124,2026-02-02 23:54,96230
INDIGO,2026-02-24,4200.0,0.0,0.0,0.0,16.25,84000.0,226650.0,4687.0,4699.5,4582.8,2.124,2026-02-02 23:54,87186
INDIGO,2026-02-24,4250.0,0.0,0.0,0.0,18.95,14850.0,20550.0,4687.0,4699.5,4582.8,2.124,2026-02-02 23:54,78426
INDIGO,2026-02-24,4300.0,419.95,3300.0,15900.0,22.6,59850.0,144750.0,4687.0,4699.5,4582.8,2.124,2026-02-02 23:54,69849
INDIGO,2026-02-24,4350.0,0.0,0.0,0.0,27.0,15150.0,39300.0,4687.0,4699.5,4582.8,2.124,2026-02-02 23:54,61618
INDIGO,2026-02-24,4400.0,289.55,8100.0,0.0,32.9,72900.0,286350.0,4687.0,4699.5,4582.8,2.124,2026-02-02 23:54,53420
INDIGO,2026-02-24,4450.0,0.0,0.0,0.0,40.0,17400.0,30450.0,4687.0,4699.5,4582.8,2.124,2026-02-02 23:54,45662
INDIGO,2026-02-24,4500.0,255.55,64350.0,59400.0,49.3,127200.0,283800.0,4687.0,4699.5,4582.8,2.124,2026-02-02 23:54,37926
INDIGO,2026-02-24,4550.0,219.6,9450.0,24600.0,60.05,22500.0,151350.0,4687.0,4699.5,4582.8,2.124,2026-02-02 23:54,32236
INDIGO,2026-02-24,4600.0,181.6,141300.0,454050.0,74.9,281400.0,485100.0,4687.0,4699.5,4582.8,2.124,2026-02-02 23:54,25760
INDIGO,2026-02-24,4650.0,148.25,101700.0,312750.0,89.65,90300.0,234150.0,4687.0,4699.5,4582.8,2.124,2026-02-02 23:54,21783
INDIGO,2026-02-24,4700.0,119.55,247800.0,577950.0,110.0,244800.0,240450.0,4687.0,4699.5,4582.8,2.124,2026-02-02 23:54,19007
INDIGO,2026-02-24,4750.0,94.25,363900.0,529950.0,135.45,70350.0,70950.0,4687.0,4699.5,4582.8,2.124,2026-02-02 23:54,18265
INDIGO,2026-02-24,4800.0,73.65,435900.0,513450.0,161.65,178950.0,101550.0,4687.0,4699.5,4582.8,2.124,2026-02-02 23:54,21901
INDIGO,2026-02-24,4850.0,56.8,51000.0,175350.0,197.4,21750.0,17100.0,4687.0,4699.5,4582.8,2.124,2026-02-02 23:54,26453
INDIGO,2026-02-24,4900.0,44.35,229650.0,293850.0,232.15,107700.0,16650.0,4687.0,4699.5,4582.8,2.124,2026-02-02 23:54,30910
INDIGO,2026-02-24,4950.0,33.45,61500.0,123000.0,239.6,3450.0,0.0,4687.0,4699.5,4582.8,2.124,2026-02-02 23:54,35713
INDIGO,2026-02-24,5000.0,26.65,360900.0,341550.0,313.45,108750.0,12900.0,4687.0,4699.5,4582.8,2.124,2026-02-02 23:54,42445
INDIGO,2026-02-24,5050.0,21.05,31950.0,20400.0,295.3,1650.0,0.0,4687.0,4699.5,4582.8,2.124,2026-02-02 23:54,48955
INDIGO,2026-02-24,5100.0,16.7,203250.0,91950.0,403.6,17700.0,3600.0,4687.0,4699.5,4582.8,2.124,2026-02-02 23:54,58099
INDIGO,2026-02-24,5150.0,13.4,9300.0,9750.0,428.95,1200.0,0.0,4687.0,4699.5,4582.8,2.124,2026-02-02 23:54,67954
INDIGO,2026-02-24,5200.0,10.0,143100.0,102000.0,492.45,14850.0,750.0,4687.0,4699.5,4582.8,2.124,2026-02-02 23:54,78198
INDIGO,2026-02-24,5250.0,8.75,26100.0,19500.0,0.0,0.0,0.0,4687.0,4699.5,4582.8,2.124,2026-02-02 23:54,88682
INDIGO,2026-02-24,5300.0,7.1,84900.0,164250.0,635.0,21750.0,150.0,4687.0,4699.5,4582.8,2.124,2026-02-02 23:54,99907
INDIGO,2026-02-24,5350.0,5.9,19200.0,7200.0,560.0,150.0,0.0,4687.0,4699.5,4582.8,2.124,2026-02-02 23:54,110322
INDIGO,2026-02-24,5400.0,4.55,110700.0,53400.0,621.5,10650.0,0.0,4687.0,4699.5,4582.8,2.124,2026-02-02 23:54,122158
INDIGO,2026-02-24,5450.0,4.0,6000.0,300.0,800.0,1200.0,300.0,4687.0,4699.5,4582.8,2.124,2026-02-02 23:54,133986
INDIGO,2026-02-24,5500.0,3.95,110850.0,41100.0,785.5,142950.0,1500.0,4687.0,4699.5,4582.8,2.124,2026-02-02 23:54,146368
INDIGO,2026-02-24,5550.0,2.75,5400.0,450.0,732.0,3300.0,0.0,4687.0,4699.5,4582.8,2.124,2026-02-02 23:54,148927
INDIGO,2026-02-24,5600.0,3.4,33300.0,2850.0,960.0,18600.0,0.0,4687.0,4699.5,4582.8,2.124,2026-02-02 23:54,162475
INDIGO,2026-02-24,5700.0,2.65,171150.0,19950.0,1092.7,7050.0,0.0,4687.0,4699.5,4582.8,2.124,2026-02-02 23:54,188796
INDIGO,2026-02-24,5800.0,2.5,11850.0,4950.0,1036.0,3900.0,0.0,4687.0,4699.5,4582.8,2.124,2026-02-02 23:54,217948
INDIGO,2026-02-24,5900.0,0.0,0.0,0.0,1137.9,4050.0,0.0,4687.0,4699.5,4582.8,2.124,2026-02-02 23:54,247582
INDIGO,2026-02-24,6000.0,1.55,24900.0,6000.0,1278.6,43350.0,6300.0,4687.0,4699.5,4582.8,2.124,2026-02-02 23:54,277196
INDIGO,2026-02-24,6100.0,3.3,22200.0,1050.0,0.0,0.0,0.0,4687.0,4699.5,4582.8,2.124,2026-02-02 23:54,302414
INDIGO,2026-02-24,6200.0,0.6,1950.0,0.0,0.0,0.0,0.0,4687.0,4699.5,4582.8,2.124,2026-02-02 23:54,333401
INDIGO,2026-02-24,6400.0,4.5,1350.0,0.0,0.0,0.0,0.0,4687.0,4699.5,4582.8,2.124,2026-02-02 23:54,395399
INDIANB,2026-02-24,680.0,182.55,4000.0,0.0,0.0,0.0,0.0,834.8,847.0,806.2,-0.99,2026-02-02 23:54,37071
INDIANB,2026-02-24,700.0,0.0,0.0,0.0,1.4,45000.0,142000.0,834.8,847.0,806.2,-0.99,2026-02-02 23:54,31656
INDIANB,2026-02-24,720.0,128.35,3000.0,0.0,2.0,56000.0,305000.0,834.8,847.0,806.2,-0.99,2026-02-02 23:54,26252
INDIANB,2026-02-24,730.0,118.15,5000.0,0.0,0.0,0.0,0.0,834.8,847.0,806.2,-0.99,2026-02-02 23:54,23640
INDIANB,2026-02-24,740.0,144.1,12000.0,0.0,2.8,77000.0,175000.0,834.8,847.0,806.2,-0.99,2026-02-02 23:54,21064
INDIANB,2026-02-24,750.0,89.75,10000.0,17000.0,3.45,82000.0,228000.0,834.8,847.0,806.2,-0.99,2026-02-02 23:54,18669
INDIANB,2026-02-24,760.0,125.0,1000.0,0.0,4.25,83000.0,150000.0,834.8,847.0,806.2,-0.99,2026-02-02 23:54,16276
INDIANB,2026-02-24,770.0,83.1,1000.0,0.0,5.2,35000.0,92000.0,834.8,847.0,806.2,-0.99,2026-02-02 23:54,13884
INDIANB,2026-02-24,780.0,62.0,11000.0,17000.0,6.45,170000.0,382000.0,834.8,847.0,806.2,-0.99,2026-02-02 23:54,11540
INDIANB,2026-02-24,790.0,49.25,6000.0,38000.0,8.3,33000.0,188000.0,834.8,847.0,806.2,-0.99,2026-02-02 23:54,9345
INDIANB,2026-02-24,800.0,52.0,67000.0,197000.0,10.5,282000.0,939000.0,834.8,847.0,806.2,-0.99,2026-02-02 23:54,7233
INDIANB,2026-02-24,810.0,45.35,76000.0,230000.0,13.25,130000.0,602000.0,834.8,847.0,806.2,-0.99,2026-02-02 23:54,5521
INDIANB,2026-02-24,820.0,38.3,124000.0,940000.0,16.45,184000.0,599000.0,834.8,847.0,806.2,-0.99,2026-02-02 23:54,4134
INDIANB,2026-02-24,830.0,31.6,98000.0,492000.0,20.7,100000.0,399000.0,834.8,847.0,806.2,-0.99,2026-02-02 23:54,3055
INDIANB,2026-02-24,840.0,26.35,112000.0,817000.0,25.45,235000.0,339000.0,834.8,847.0,806.2,-0.99,2026-02-02 23:54,2105
INDIANB,2026-02-24,850.0,21.8,290000.0,978000.0,29.75,294000.0,182000.0,834.8,847.0,806.2,-0.99,2026-02-02 23:54,1096
INDIANB,2026-02-24,860.0,18.0,138000.0,540000.0,35.6,122000.0,96000.0,834.8,847.0,806.2,-0.99,2026-02-02 23:54,732
INDIANB,2026-02-24,870.0,14.5,188000.0,501000.0,43.15,150000.0,31000.0,834.8,847.0,806.2,-0.99,2026-02-02 23:54,684
INDIANB,2026-02-24,880.0,12.0,161000.0,519000.0,50.65,130000.0,27000.0,834.8,847.0,806.2,-0.99,2026-02-02 23:54,785
INDIANB,2026-02-24,890.0,9.65,299000.0,590000.0,58.3,83000.0,56000.0,834.8,847.0,806.2,-0.99,2026-02-02 23:54,1087
INDIANB,2026-02-24,900.0,7.8,677000.0,1822000.0,64.8,125000.0,85000.0,834.8,847.0,806.2,-0.99,2026-02-02 23:54,2040
INDIANB,2026-02-24,910.0,6.45,285000.0,483000.0,74.45,154000.0,124000.0,834.8,847.0,806.2,-0.99,2026-02-02 23:54,3710
INDIANB,2026-02-24,920.0,5.2,383000.0,756000.0,88.35,88000.0,37000.0,834.8,847.0,806.2,-0.99,2026-02-02 23:54,5137
INDIANB,2026-02-24,930.0,4.25,497000.0,973000.0,88.75,33000.0,0.0,834.8,847.0,806.2,-0.99,2026-02-02 23:54,7420
INDIANB,2026-02-24,940.0,3.5,185000.0,477000.0,81.8,15000.0,0.0,834.8,847.0,806.2,-0.99,2026-02-02 23:54,10729
INDIANB,2026-02-24,950.0,3.0,475000.0,1684000.0,61.0,19000.0,0.0,834.8,847.0,806.2,-0.99,2026-02-02 23:54,14262
INDIANB,2026-02-24,960.0,2.35,157000.0,352000.0,120.0,9000.0,1000.0,834.8,847.0,806.2,-0.99,2026-02-02 23:54,18374
INDIANB,2026-02-24,970.0,2.0,172000.0,163000.0,126.55,4000.0,0.0,834.8,847.0,806.2,-0.99,2026-02-02 23:54,22553
INDIANB,2026-02-24,980.0,1.75,69000.0,79000.0,0.0,0.0,0.0,834.8,847.0,806.2,-0.99,2026-02-02 23:54,26964
INDIANB,2026-02-24,990.0,1.5,62000.0,60000.0,0.0,0.0,0.0,834.8,847.0,806.2,-0.99,2026-02-02 23:54,31472
INDIANB,2026-02-24,1000.0,1.25,332000.0,228000.0,116.15,5000.0,0.0,834.8,847.0,806.2,-0.99,2026-02-02 23:54,36040
INDIANB,2026-02-24,1010.0,1.1,54000.0,48000.0,0.0,0.0,0.0,834.8,847.0,806.2,-0.99,2026-02-02 23:54,40918
INDIANB,2026-02-24,1020.0,0.95,177000.0,50000.0,137.0,5000.0,0.0,834.8,847.0,806.2,-0.99,2026-02-02 23:54,45873
INDIANB,2026-02-24,1040.0,1.15,9000.0,10000.0,0.0,0.0,0.0,834.8,847.0,806.2,-0.99,2026-02-02 23:54,56083
INDUSINDBK,2026-02-24,740.0,0.0,0.0,0.0,0.9,117600.0,65800.0,910.25,914.5,884.35,1.636,2026-02-02 23:54,58292
INDUSINDBK,2026-02-24,760.0,0.0,0.0,0.0,1.55,191800.0,159600.0,910.25,914.5,884.35,1.636,2026-02-02 23:54,47314
INDUSINDBK,2026-02-24,770.0,137.0,2100.0,0.0,1.55,75600.0,34300.0,910.25,914.5,884.35,1.636,2026-02-02 23:54,41992
INDUSINDBK,2026-02-24,780.0,0.0,0.0,0.0,1.9,41300.0,22400.0,910.25,914.5,884.35,1.636,2026-02-02 23:54,36795
INDUSINDBK,2026-02-24,790.0,0.0,0.0,0.0,1.7,51800.0,0.0,910.25,914.5,884.35,1.636,2026-02-02 23:54,31614
INDUSINDBK,2026-02-24,800.0,113.1,79100.0,46200.0,2.8,470400.0,433300.0,910.25,914.5,884.35,1.636,2026-02-02 23:54,26484
INDUSINDBK,2026-02-24,810.0,103.9,10500.0,74200.0,3.25,137200.0,121100.0,910.25,914.5,884.35,1.636,2026-02-02 23:54,22675
INDUSINDBK,2026-02-24,820.0,86.8,7700.0,0.0,4.05,141400.0,122500.0,910.25,914.5,884.35,1.636,2026-02-02 23:54,18315
INDUSINDBK,2026-02-24,830.0,76.2,2800.0,0.0,4.75,154000.0,88900.0,910.25,914.5,884.35,1.636,2026-02-02 23:54,14050
INDUSINDBK,2026-02-24,840.0,77.8,5600.0,6300.0,5.9,161000.0,214900.0,910.25,914.5,884.35,1.636,2026-02-02 23:54,9880
INDUSINDBK,2026-02-24,850.0,67.55,66500.0,15400.0,7.5,329000.0,374500.0,910.25,914.5,884.35,1.636,2026-02-02 23:54,5877
INDUSINDBK,2026-02-24,860.0,60.6,74900.0,49700.0,8.95,268800.0,224000.0,910.25,914.5,884.35,1.636,2026-02-02 23:54,2524
INDUSINDBK,2026-02-24,870.0,54.0,114100.0,45500.0,11.1,250600.0,234500.0,910.25,914.5,884.35,1.636,2026-02-02 23:54,-474
INDUSINDBK,2026-02-24,880.0,45.45,254800.0,278600.0,14.15,401100.0,662900.0,910.25,914.5,884.35,1.636,2026-02-02 23:54,-2984
INDUSINDBK,2026-02-24,890.0,38.75,245000.0,604100.0,16.8,511700.0,786100.0,910.25,914.5,884.35,1.636,2026-02-02 23:54,-4585
INDUSINDBK,2026-02-24,900.0,31.45,1225700.0,1836100.0,21.25,1089200.0,957600.0,910.25,914.5,884.35,1.636,2026-02-02 23:54,-5930
INDUSINDBK,2026-02-24,910.0,26.15,511700.0,681100.0,25.2,384300.0,169400.0,910.25,914.5,884.35,1.636,2026-02-02 23:54,-3510
INDUSINDBK,2026-02-24,920.0,21.95,564200.0,757400.0,30.55,235200.0,81200.0,910.25,914.5,884.35,1.636,2026-02-02 23:54,-1365
INDUSINDBK,2026-02-24,930.0,18.3,294000.0,441000.0,36.2,65800.0,30100.0,910.25,914.5,884.35,1.636,2026-02-02 23:54,1730
INDUSINDBK,2026-02-24,940.0,14.75,301700.0,477400.0,43.65,135100.0,79100.0,910.25,914.5,884.35,1.636,2026-02-02 23:54,4964
INDUSINDBK,2026-02-24,950.0,12.15,1210300.0,1447600.0,50.85,70000.0,67200.0,910.25,914.5,884.35,1.636,2026-02-02 23:54,8192
INDUSINDBK,2026-02-24,960.0,10.35,331800.0,418600.0,58.05,283500.0,51800.0,910.25,914.5,884.35,1.636,2026-02-02 23:54,13958
INDUSINDBK,2026-02-24,970.0,8.05,204400.0,138600.0,86.7,4900.0,0.0,910.25,914.5,884.35,1.636,2026-02-02 23:54,17924
INDUSINDBK,2026-02-24,980.0,6.6,98700.0,140700.0,0.0,0.0,0.0,910.25,914.5,884.35,1.636,2026-02-02 23:54,23523
INDUSINDBK,2026-02-24,990.0,5.9,59500.0,25200.0,0.0,0.0,0.0,910.25,914.5,884.35,1.636,2026-02-02 23:54,29163
INDUSINDBK,2026-02-24,1000.0,4.5,762300.0,831600.0,93.25,20300.0,2100.0,910.25,914.5,884.35,1.636,2026-02-02 23:54,34833
INDUSINDBK,2026-02-24,1010.0,2.2,94500.0,23100.0,0.0,0.0,0.0,910.25,914.5,884.35,1.636,2026-02-02 23:54,41405
INDUSINDBK,2026-02-24,1020.0,3.15,296800.0,57400.0,121.05,7700.0,0.0,910.25,914.5,884.35,1.636,2026-02-02 23:54,47937
INDUSINDBK,2026-02-24,1030.0,2.6,60900.0,22400.0,0.0,0.0,0.0,910.25,914.5,884.35,1.636,2026-02-02 23:54,54754
INDUSINDBK,2026-02-24,1040.0,2.4,168700.0,59500.0,140.0,2100.0,0.0,910.25,914.5,884.35,1.636,2026-02-02 23:54,61648
INDUSINDBK,2026-02-24,1060.0,1.0,126000.0,2100.0,0.0,0.0,0.0,910.25,914.5,884.35,1.636,2026-02-02 23:54,75755
INDUSINDBK,2026-02-24,1080.0,1.0,76300.0,55300.0,0.0,0.0,0.0,910.25,914.5,884.35,1.636,2026-02-02 23:54,90117
INDUSTOWER,2026-02-24,350.0,0.0,0.0,0.0,1.15,110500.0,113900.0,431.8,433.45,419.45,1.852,2026-02-02 23:54,49763
INDUSTOWER,2026-02-24,360.0,0.0,0.0,0.0,1.35,236300.0,112200.0,431.8,433.45,419.45,1.852,2026-02-02 23:54,40385
INDUSTOWER,2026-02-24,365.0,0.0,0.0,0.0,0.0,0.0,0.0,431.8,433.45,419.45,1.852,2026-02-02 23:54,35789
INDUSTOWER,2026-02-24,370.0,60.4,6800.0,8500.0,1.7,299200.0,277100.0,431.8,433.45,419.45,1.852,2026-02-02 23:54,31225
INDUSTOWER,2026-02-24,375.0,52.25,1700.0,0.0,0.0,0.0,0.0,431.8,433.45,419.45,1.852,2026-02-02 23:54,26803
INDUSTOWER,2026-02-24,380.0,0.0,0.0,0.0,2.3,440300.0,1528300.0,431.8,433.45,419.45,1.852,2026-02-02 23:54,22401
INDUSTOWER,2026-02-24,385.0,0.0,0.0,0.0,2.65,134300.0,120700.0,431.8,433.45,419.45,1.852,2026-02-02 23:54,18110
INDUSTOWER,2026-02-24,390.0,46.0,10200.0,17000.0,3.1,391000.0,748000.0,431.8,433.45,419.45,1.852,2026-02-02 23:54,13951
INDUSTOWER,2026-02-24,395.0,37.3,13600.0,0.0,3.7,151300.0,188700.0,431.8,433.45,419.45,1.852,2026-02-02 23:54,9954
INDUSTOWER,2026-02-24,400.0,38.0,202300.0,170000.0,4.45,1723800.0,3530900.0,431.8,433.45,419.45,1.852,2026-02-02 23:54,6108
INDUSTOWER,2026-02-24,405.0,28.55,10200.0,0.0,5.2,137700.0,329800.0,431.8,433.45,419.45,1.852,2026-02-02 23:54,3233
INDUSTOWER,2026-02-24,410.0,29.5,144500.0,229500.0,6.5,617100.0,1020000.0,431.8,433.45,419.45,1.852,2026-02-02 23:54,387
INDUSTOWER,2026-02-24,415.0,25.55,372300.0,176800.0,7.45,256700.0,583100.0,431.8,433.45,419.45,1.852,2026-02-02 23:54,-2010
INDUSTOWER,2026-02-24,420.0,22.35,819400.0,2002600.0,9.0,902700.0,2439500.0,431.8,433.45,419.45,1.852,2026-02-02 23:54,-3358
INDUSTOWER,2026-02-24,425.0,19.95,370600.0,1620100.0,10.5,392700.0,1264800.0,431.8,433.45,419.45,1.852,2026-02-02 23:54,-3586
INDUSTOWER,2026-02-24,430.0,16.9,904400.0,3286100.0,12.85,793900.0,1557200.0,431.8,433.45,419.45,1.852,2026-02-02 23:54,-4124
INDUSTOWER,2026-02-24,435.0,14.0,438600.0,1312400.0,15.0,350200.0,782000.0,431.8,433.45,419.45,1.852,2026-02-02 23:54,-3632
INDUSTOWER,2026-02-24,440.0,11.95,1116900.0,2981800.0,18.35,732700.0,868700.0,431.8,433.45,419.45,1.852,2026-02-02 23:54,-3165
INDUSTOWER,2026-02-24,445.0,9.4,472600.0,771800.0,21.4,202300.0,261800.0,431.8,433.45,419.45,1.852,2026-02-02 23:54,-1871
INDUSTOWER,2026-02-24,450.0,8.25,3037900.0,4715800.0,25.2,1035300.0,266900.0,431.8,433.45,419.45,1.852,2026-02-02 23:54,-220
INDUSTOWER,2026-02-24,455.0,6.45,404600.0,821100.0,30.8,10200.0,0.0,431.8,433.45,419.45,1.852,2026-02-02 23:54,3354
INDUSTOWER,2026-02-24,460.0,5.5,1535100.0,3449300.0,31.65,312800.0,47600.0,431.8,433.45,419.45,1.852,2026-02-02 23:54,7468
INDUSTOWER,2026-02-24,465.0,4.75,231200.0,508300.0,35.75,30600.0,0.0,431.8,433.45,419.45,1.852,2026-02-02 23:54,12131
INDUSTOWER,2026-02-24,470.0,3.85,1076100.0,1490900.0,45.0,205700.0,1700.0,431.8,433.45,419.45,1.852,2026-02-02 23:54,17070
INDUSTOWER,2026-02-24,475.0,3.15,205700.0,195500.0,0.0,0.0,0.0,431.8,433.45,419.45,1.852,2026-02-02 23:54,22139
INDUSTOWER,2026-02-24,480.0,2.9,1043800.0,1441600.0,45.1,8500.0,0.0,431.8,433.45,419.45,1.852,2026-02-02 23:54,27887
INDUSTOWER,2026-02-24,485.0,2.85,5100.0,0.0,0.0,0.0,0.0,431.8,433.45,419.45,1.852,2026-02-02 23:54,34361
INDUSTOWER,2026-02-24,490.0,2.05,198900.0,238000.0,0.0,0.0,0.0,431.8,433.45,419.45,1.852,2026-02-02 23:54,40574
INDUSTOWER,2026-02-24,500.0,1.75,2012800.0,1377000.0,0.0,0.0,0.0,431.8,433.45,419.45,1.852,2026-02-02 23:54,53237
INDUSTOWER,2026-02-24,505.0,1.55,86700.0,78200.0,0.0,0.0,0.0,431.8,433.45,419.45,1.852,2026-02-02 23:54,60907
INDUSTOWER,2026-02-24,515.0,1.25,542300.0,351900.0,0.0,0.0,0.0,431.8,433.45,419.45,1.852,2026-02-02 23:54,75643
INFY,2026-02-24,1360.0,260.0,4000.0,0.0,0.8,58400.0,29600.0,1629.4,1662.0,1618.0,-1.517,2026-02-02 23:54,123493
INFY,2026-02-24,1400.0,240.0,15600.0,0.0,1.15,326800.0,35600.0,1629.4,1662.0,1618.0,-1.517,2026-02-02 23:54,97062
INFY,2026-02-24,1440.0,183.0,10800.0,4000.0,1.5,438800.0,107600.0,1629.4,1662.0,1618.0,-1.517,2026-02-02 23:54,72237
INFY,2026-02-24,1460.0,0.0,0.0,0.0,2.25,146000.0,170400.0,1629.4,1662.0,1618.0,-1.517,2026-02-02 23:54,60687
INFY,2026-02-24,1480.0,0.0,0.0,0.0,3.2,172000.0,198800.0,1629.4,1662.0,1618.0,-1.517,2026-02-02 23:54,49265
INFY,2026-02-24,1500.0,134.15,152000.0,45200.0,4.5,779200.0,539200.0,1629.4,1662.0,1618.0,-1.517,2026-02-02 23:54,38164
INFY,2026-02-24,1520.0,120.05,1200.0,0.0,5.9,288400.0,414000.0,1629.4,1662.0,1618.0,-1.517,2026-02-02 23:54,30669
INFY,2026-02-24,1540.0,99.2,44400.0,17200.0,8.5,371200.0,775200.0,1629.4,1662.0,1618.0,-1.517,2026-02-02 23:54,21909
INFY,2026-02-24,1560.0,82.45,53200.0,24400.0,11.85,312800.0,691200.0,1629.4,1662.0,1618.0,-1.517,2026-02-02 23:54,14261
INFY,2026-02-24,1580.0,66.45,174800.0,138800.0,16.05,692800.0,672800.0,1629.4,1662.0,1618.0,-1.517,2026-02-02 23:54,7289
INFY,2026-02-24,1600.0,52.0,522400.0,767200.0,21.65,729200.0,1957200.0,1629.4,1662.0,1618.0,-1.517,2026-02-02 23:54,2033
INFY,2026-02-24,1620.0,39.2,568800.0,2126400.0,29.05,461600.0,2108000.0,1629.4,1662.0,1618.0,-1.517,2026-02-02 23:54,368
INFY,2026-02-24,1640.0,28.25,959200.0,3639200.0,38.75,406400.0,1641600.0,1629.4,1662.0,1618.0,-1.517,2026-02-02 23:54,515
INFY,2026-02-24,1660.0,19.8,1488800.0,3824400.0,49.05,409200.0,684800.0,1629.4,1662.0,1618.0,-1.517,2026-02-02 23:54,3640
INFY,2026-02-24,1680.0,13.45,1382800.0,3333200.0,63.5,326400.0,212000.0,1629.4,1662.0,1618.0,-1.517,2026-02-02 23:54,10366
INFY,2026-02-24,1700.0,9.05,2742000.0,5924800.0,79.0,389600.0,196800.0,1629.4,1662.0,1618.0,-1.517,2026-02-02 23:54,19357
INFY,2026-02-24,1720.0,6.0,911200.0,2054000.0,100.3,131200.0,29200.0,1629.4,1662.0,1618.0,-1.517,2026-02-02 23:54,34228
INFY,2026-02-24,1740.0,4.15,850800.0,1953600.0,118.0,52000.0,10400.0,1629.4,1662.0,1618.0,-1.517,2026-02-02 23:54,51011
INFY,2026-02-24,1760.0,2.95,463200.0,1081600.0,99.6,37600.0,0.0,1629.4,1662.0,1618.0,-1.517,2026-02-02 23:54,70108
INFY,2026-02-24,1780.0,2.1,344000.0,730000.0,95.1,2800.0,0.0,1629.4,1662.0,1618.0,-1.517,2026-02-02 23:54,90229
INFY,2026-02-24,1800.0,1.75,1192000.0,962400.0,177.1,115200.0,7200.0,1629.4,1662.0,1618.0,-1.517,2026-02-02 23:54,111328
INFY,2026-02-24,1820.0,1.2,446000.0,277600.0,205.0,1200.0,0.0,1629.4,1662.0,1618.0,-1.517,2026-02-02 23:54,133163
INFY,2026-02-24,1840.0,1.0,289600.0,137600.0,216.0,26000.0,400.0,1629.4,1662.0,1618.0,-1.517,2026-02-02 23:54,157754
INFY,2026-02-24,1860.0,0.75,356000.0,102400.0,0.0,0.0,0.0,1629.4,1662.0,1618.0,-1.517,2026-02-02 23:54,182414
INFY,2026-02-24,1880.0,0.75,67200.0,77200.0,235.0,15200.0,1600.0,1629.4,1662.0,1618.0,-1.517,2026-02-02 23:54,208346
INFY,2026-02-24,1900.0,0.6,234800.0,198400.0,218.0,800.0,0.0,1629.4,1662.0,1618.0,-1.517,2026-02-02 23:54,234063
INFY,2026-02-24,1920.0,0.6,180800.0,84400.0,260.9,4400.0,0.0,1629.4,1662.0,1618.0,-1.517,2026-02-02 23:54,260600
INOXWIND,2026-02-24,85.0,0.0,0.0,0.0,0.78,403975.0,600600.0,104.43,105.18,101.26,0.125,2026-02-02 23:54,35994
INOXWIND,2026-02-24,90.0,16.13,50050.0,0.0,1.12,1279850.0,607750.0,104.43,105.18,101.26,0.125,2026-02-02 23:54,28289
INOXWIND,2026-02-24,92.5,0.0,0.0,0.0,1.35,250250.0,378950.0,104.43,105.18,101.26,0.125,2026-02-02 23:54,24722
INOXWIND,2026-02-24,95.0,0.0,0.0,0.0,1.5,661375.0,782925.0,104.43,105.18,101.26,0.125,2026-02-02 23:54,21246
INOXWIND,2026-02-24,97.5,10.17,82225.0,114400.0,2.12,479050.0,693550.0,104.43,105.18,101.26,0.125,2026-02-02 23:54,17870
INOXWIND,2026-02-24,100.0,8.3,539825.0,586300.0,2.82,1508650.0,1033175.0,104.43,105.18,101.26,0.125,2026-02-02 23:54,14716
INOXWIND,2026-02-24,102.5,6.64,339625.0,843700.0,3.6,353925.0,586300.0,104.43,105.18,101.26,0.125,2026-02-02 23:54,12115
INOXWIND,2026-02-24,105.0,5.21,2767050.0,4079075.0,4.71,2145000.0,1412125.0,104.43,105.18,101.26,0.125,2026-02-02 23:54,9762
INOXWIND,2026-02-24,107.5,3.88,1630200.0,775775.0,5.99,1337050.0,507650.0,104.43,105.18,101.26,0.125,2026-02-02 23:54,8971
INOXWIND,2026-02-24,110.0,3.0,6202625.0,13717275.0,7.8,1898325.0,89375.0,104.43,105.18,101.26,0.125,2026-02-02 23:54,8322
INOXWIND,2026-02-24,112.5,2.31,664950.0,843700.0,10.39,371800.0,3575.0,104.43,105.18,101.26,0.125,2026-02-02 23:54,10246
INOXWIND,2026-02-24,115.0,1.8,1319175.0,1941225.0,11.38,668525.0,117975.0,104.43,105.18,101.26,0.125,2026-02-02 23:54,11817
INOXWIND,2026-02-24,117.5,1.39,275275.0,314600.0,14.18,125125.0,32175.0,104.43,105.18,101.26,0.125,2026-02-02 23:54,13594
INOXWIND,2026-02-24,120.0,1.1,1930500.0,1716000.0,15.49,800800.0,42900.0,104.43,105.18,101.26,0.125,2026-02-02 23:54,15856
INOXWIND,2026-02-24,122.5,0.87,125125.0,286000.0,18.21,64350.0,0.0,104.43,105.18,101.26,0.125,2026-02-02 23:54,17911
INOXWIND,2026-02-24,125.0,0.69,986700.0,1097525.0,20.11,421850.0,85800.0,104.43,105.18,101.26,0.125,2026-02-02 23:54,20936
INOXWIND,2026-02-24,127.5,0.66,35750.0,0.0,23.14,28600.0,0.0,104.43,105.18,101.26,0.125,2026-02-02 23:54,23638
INOXWIND,2026-02-24,130.0,0.49,2009150.0,840125.0,28.16,418275.0,17875.0,104.43,105.18,101.26,0.125,2026-02-02 23:54,27073
INOXWIND,2026-02-24,132.5,0.0,0.0,0.0,27.91,14300.0,0.0,104.43,105.18,101.26,0.125,2026-02-02 23:54,30100
INOXWIND,2026-02-24,135.0,0.35,39325.0,39325.0,30.5,429000.0,0.0,104.43,105.18,101.26,0.125,2026-02-02 23:54,34169
INOXWIND,2026-02-24,137.5,0.1,32175.0,0.0,32.78,3575.0,0.0,104.43,105.18,101.26,0.125,2026-02-02 23:54,37089
INOXWIND,2026-02-24,140.0,0.29,479050.0,157300.0,35.38,1326325.0,14300.0,104.43,105.18,101.26,0.125,2026-02-02 23:54,41313
INOXWIND,2026-02-24,145.0,0.23,85800.0,82225.0,37.93,92950.0,0.0,104.43,105.18,101.26,0.125,2026-02-02 23:54,46008
INOXWIND,2026-02-24,150.0,0.19,403975.0,289575.0,45.0,668525.0,3575.0,104.43,105.18,101.26,0.125,2026-02-02 23:54,55120
IOC,2026-02-24,135.0,0.0,0.0,0.0,0.15,1077375.0,663000.0,164.61,165.4,159.05,3.081,2026-02-02 23:54,41332
IOC,2026-02-24,136.0,0.0,0.0,0.0,0.32,9750.0,0.0,164.61,165.4,159.05,3.081,2026-02-02 23:54,38920
IOC,2026-02-24,138.0,20.8,277875.0,0.0,0.49,4875.0,0.0,164.61,165.4,159.05,3.081,2026-02-02 23:54,34128
IOC,2026-02-24,140.0,24.0,24375.0,39000.0,0.24,1077375.0,975000.0,164.61,165.4,159.05,3.081,2026-02-02 23:54,29971
IOC,2026-02-24,142.0,0.0,0.0,0.0,0.3,170625.0,9750.0,164.61,165.4,159.05,3.081,2026-02-02 23:54,25490
IOC,2026-02-24,143.0,0.0,0.0,0.0,0.3,429000.0,268125.0,164.61,165.4,159.05,3.081,2026-02-02 23:54,23245
IOC,2026-02-24,144.0,0.0,0.0,0.0,0.51,14625.0,0.0,164.61,165.4,159.05,3.081,2026-02-02 23:54,21035
IOC,2026-02-24,145.0,14.4,204750.0,0.0,0.37,970125.0,931125.0,164.61,165.4,159.05,3.081,2026-02-02 23:54,18838
IOC,2026-02-24,146.0,0.0,0.0,0.0,1.25,39000.0,0.0,164.61,165.4,159.05,3.081,2026-02-02 23:54,17019
IOC,2026-02-24,147.0,0.0,0.0,0.0,1.25,4875.0,0.0,164.61,165.4,159.05,3.081,2026-02-02 23:54,14940
IOC,2026-02-24,148.0,0.0,0.0,0.0,0.49,565500.0,156000.0,164.61,165.4,159.05,3.081,2026-02-02 23:54,12865
IOC,2026-02-24,149.0,0.0,0.0,0.0,1.21,146250.0,0.0,164.61,165.4,159.05,3.081,2026-02-02 23:54,10820
IOC,2026-02-24,150.0,14.53,302250.0,0.0,0.62,1677000.0,2471625.0,164.61,165.4,159.05,3.081,2026-02-02 23:54,8800
IOC,2026-02-24,151.0,10.0,4875.0,0.0,0.69,234000.0,341250.0,164.61,165.4,159.05,3.081,2026-02-02 23:54,7330
IOC,2026-02-24,152.0,8.75,4875.0,0.0,0.77,292500.0,224250.0,164.61,165.4,159.05,3.081,2026-02-02 23:54,5538
IOC,2026-02-24,153.0,9.0,14625.0,0.0,0.86,341250.0,160875.0,164.61,165.4,159.05,3.081,2026-02-02 23:54,3769
IOC,2026-02-24,154.0,0.0,0.0,0.0,0.99,536250.0,585000.0,164.61,165.4,159.05,3.081,2026-02-02 23:54,2037
IOC,2026-02-24,155.0,11.85,970125.0,175500.0,1.09,2101125.0,2544750.0,164.61,165.4,159.05,3.081,2026-02-02 23:54,322
IOC,2026-02-24,156.0,7.91,24375.0,0.0,1.21,443625.0,429000.0,164.61,165.4,159.05,3.081,2026-02-02 23:54,-111
IOC,2026-02-24,157.0,10.17,336375.0,0.0,1.4,565500.0,477750.0,164.61,165.4,159.05,3.081,2026-02-02 23:54,-1453
IOC,2026-02-24,158.0,9.34,273000.0,102375.0,1.61,1028625.0,585000.0,164.61,165.4,159.05,3.081,2026-02-02 23:54,-2408
IOC,2026-02-24,159.0,8.58,463125.0,112125.0,1.75,804375.0,463125.0,164.61,165.4,159.05,3.081,2026-02-02 23:54,-3406
IOC,2026-02-24,160.0,7.78,5206500.0,3378375.0,2.05,4187625.0,5577000.0,164.61,165.4,159.05,3.081,2026-02-02 23:54,-4111
IOC,2026-02-24,161.0,7.0,277875.0,1096875.0,2.37,516750.0,1160250.0,164.61,165.4,159.05,3.081,2026-02-02 23:54,-940
IOC,2026-02-24,162.0,6.4,848250.0,3271125.0,2.64,955500.0,1316250.0,164.61,165.4,159.05,3.081,2026-02-02 23:54,-810
IOC,2026-02-24,163.0,5.65,867750.0,1794000.0,2.88,931125.0,892125.0,164.61,165.4,159.05,3.081,2026-02-02 23:54,-281
IOC,2026-02-24,164.0,5.18,1199250.0,1428375.0,3.37,648375.0,628875.0,164.61,165.4,159.05,3.081,2026-02-02 23:54,359
IOC,2026-02-24,165.0,4.5,5723250.0,19997250.0,3.79,1784250.0,1287000.0,164.61,165.4,159.05,3.081,2026-02-02 23:54,1364
IOC,2026-02-24,166.0,4.03,550875.0,897000.0,4.28,68250.0,73125.0,164.61,165.4,159.05,3.081,2026-02-02 23:54,4617
IOC,2026-02-24,167.0,3.71,653250.0,1023750.0,9.01,63375.0,0.0,164.61,165.4,159.05,3.081,2026-02-02 23:54,6226
IOC,2026-02-24,168.0,3.21,692250.0,945750.0,10.11,48750.0,0.0,164.61,165.4,159.05,3.081,2026-02-02 23:54,7898
IOC,2026-02-24,169.0,2.88,253500.0,316875.0,7.87,43875.0,78000.0,164.61,165.4,159.05,3.081,2026-02-02 23:54,9633
IOC,2026-02-24,170.0,2.41,5050500.0,10032750.0,6.43,965250.0,511875.0,164.61,165.4,159.05,3.081,2026-02-02 23:54,11262
IOC,2026-02-24,171.0,2.2,312000.0,199875.0,0.0,0.0,0.0,164.61,165.4,159.05,3.081,2026-02-02 23:54,14052
IOC,2026-02-24,172.0,1.91,887250.0,809250.0,8.0,9750.0,0.0,164.61,165.4,159.05,3.081,2026-02-02 23:54,16344
IOC,2026-02-24,173.0,1.69,263250.0,365625.0,0.0,0.0,0.0,164.61,165.4,159.05,3.081,2026-02-02 23:54,18820
IOC,2026-02-24,174.0,1.44,190125.0,277875.0,0.0,0.0,0.0,164.61,165.4,159.05,3.081,2026-02-02 23:54,21204
IOC,2026-02-24,175.0,1.25,2496000.0,3948750.0,10.19,2057250.0,97500.0,164.61,165.4,159.05,3.081,2026-02-02 23:54,23591
IOC,2026-02-24,176.0,1.14,263250.0,219375.0,15.0,4875.0,4875.0,164.61,165.4,159.05,3.081,2026-02-02 23:54,24621
IOC,2026-02-24,177.0,0.98,160875.0,107250.0,18.0,34125.0,0.0,164.61,165.4,159.05,3.081,2026-02-02 23:54,27484
IOC,2026-02-24,178.0,0.86,195000.0,165750.0,0.0,0.0,0.0,164.61,165.4,159.05,3.081,2026-02-02 23:54,30299
IOC,2026-02-24,179.0,0.1,4875.0,0.0,0.0,0.0,0.0,164.61,165.4,159.05,3.081,2026-02-02 23:54,33196
IOC,2026-02-24,180.0,0.66,2832375.0,2232750.0,14.8,151125.0,48750.0,164.61,165.4,159.05,3.081,2026-02-02 23:54,36077
IOC,2026-02-24,182.0,0.54,326625.0,448500.0,0.0,0.0,0.0,164.61,165.4,159.05,3.081,2026-02-02 23:54,42398
IOC,2026-02-24,184.0,0.43,229125.0,414375.0,0.0,0.0,0.0,164.61,165.4,159.05,3.081,2026-02-02 23:54,48839
IOC,2026-02-24,186.0,0.36,536250.0,131625.0,0.0,0.0,0.0,164.61,165.4,159.05,3.081,2026-02-02 23:54,55318
IOC,2026-02-24,188.0,0.88,141375.0,0.0,0.0,0.0,0.0,164.61,165.4,159.05,3.081,2026-02-02 23:54,61914
IOC,2026-02-24,190.0,0.23,2486250.0,1638000.0,27.0,39000.0,0.0,164.61,165.4,159.05,3.081,2026-02-02 23:54,68531
IRCTC,2026-02-24,510.0,0.0,0.0,0.0,0.55,166250.0,151375.0,610.3,612.9,596.0,0.651,2026-02-02 23:54,83670
IRCTC,2026-02-24,520.0,0.0,0.0,0.0,1.05,34125.0,35000.0,610.3,612.9,596.0,0.651,2026-02-02 23:54,74962
IRCTC,2026-02-24,530.0,0.0,0.0,0.0,1.4,87500.0,23625.0,610.3,612.9,596.0,0.651,2026-02-02 23:54,66293
IRCTC,2026-02-24,540.0,66.3,3500.0,875.0,2.2,119875.0,225750.0,610.3,612.9,596.0,0.651,2026-02-02 23:54,57703
IRCTC,2026-02-24,545.0,0.0,0.0,0.0,0.0,0.0,0.0,610.3,612.9,596.0,0.651,2026-02-02 23:54,53473
IRCTC,2026-02-24,550.0,62.0,14875.0,4375.0,2.55,321125.0,609875.0,610.3,612.9,596.0,0.651,2026-02-02 23:54,49246
IRCTC,2026-02-24,555.0,53.3,875.0,875.0,3.0,28000.0,15750.0,610.3,612.9,596.0,0.651,2026-02-02 23:54,45197
IRCTC,2026-02-24,560.0,53.6,2625.0,6125.0,3.65,366625.0,162750.0,610.3,612.9,596.0,0.651,2026-02-02 23:54,41149
IRCTC,2026-02-24,565.0,42.35,875.0,2625.0,4.3,14000.0,18375.0,610.3,612.9,596.0,0.651,2026-02-02 23:54,37169
IRCTC,2026-02-24,570.0,39.35,11375.0,13125.0,5.05,277375.0,132125.0,610.3,612.9,596.0,0.651,2026-02-02 23:54,33314
IRCTC,2026-02-24,575.0,36.15,11375.0,13125.0,6.35,131250.0,88375.0,610.3,612.9,596.0,0.651,2026-02-02 23:54,29510
IRCTC,2026-02-24,580.0,36.5,114625.0,97125.0,7.15,476875.0,413000.0,610.3,612.9,596.0,0.651,2026-02-02 23:54,25831
IRCTC,2026-02-24,585.0,28.9,7875.0,13125.0,8.65,145250.0,84000.0,610.3,612.9,596.0,0.651,2026-02-02 23:54,22568
IRCTC,2026-02-24,590.0,28.8,71750.0,109375.0,10.15,341250.0,202125.0,610.3,612.9,596.0,0.651,2026-02-02 23:54,19200
IRCTC,2026-02-24,595.0,26.05,76125.0,162750.0,12.45,155750.0,145250.0,610.3,612.9,596.0,0.651,2026-02-02 23:54,16002
IRCTC,2026-02-24,600.0,23.35,592375.0,1229375.0,13.9,1269625.0,1316000.0,610.3,612.9,596.0,0.651,2026-02-02 23:54,13064
IRCTC,2026-02-24,605.0,20.55,349125.0,977375.0,16.05,342125.0,601125.0,610.3,612.9,596.0,0.651,2026-02-02 23:54,10672
IRCTC,2026-02-24,610.0,18.0,409500.0,916125.0,18.1,405125.0,239750.0,610.3,612.9,596.0,0.651,2026-02-02 23:54,9174
IRCTC,2026-02-24,615.0,15.85,258125.0,263375.0,21.05,424375.0,228375.0,610.3,612.9,596.0,0.651,2026-02-02 23:54,7920
IRCTC,2026-02-24,620.0,13.5,902125.0,1067500.0,24.1,661500.0,166250.0,610.3,612.9,596.0,0.651,2026-02-02 23:54,6519
IRCTC,2026-02-24,625.0,12.0,315000.0,354375.0,26.85,187250.0,49875.0,610.3,612.9,596.0,0.651,2026-02-02 23:54,6007
IRCTC,2026-02-24,630.0,10.4,1392125.0,1347500.0,30.5,691250.0,153125.0,610.3,612.9,596.0,0.651,2026-02-02 23:54,5998
IRCTC,2026-02-24,635.0,9.0,252875.0,570500.0,35.5,83125.0,30625.0,610.3,612.9,596.0,0.651,2026-02-02 23:54,6496
IRCTC,2026-02-24,640.0,7.8,1143625.0,1060500.0,43.0,364000.0,30625.0,610.3,612.9,596.0,0.651,2026-02-02 23:54,7754
IRCTC,2026-02-24,645.0,6.95,204750.0,287000.0,42.8,6125.0,0.0,610.3,612.9,596.0,0.651,2026-02-02 23:54,9160
IRCTC,2026-02-24,650.0,5.9,1117375.0,917875.0,47.9,518875.0,22750.0,610.3,612.9,596.0,0.651,2026-02-02 23:54,11461
IRCTC,2026-02-24,655.0,5.1,202125.0,189875.0,50.05,11375.0,0.0,610.3,612.9,596.0,0.651,2026-02-02 23:54,12638
IRCTC,2026-02-24,660.0,4.5,403375.0,548625.0,63.4,184625.0,1750.0,610.3,612.9,596.0,0.651,2026-02-02 23:54,15794
IRCTC,2026-02-24,665.0,4.05,114625.0,157500.0,61.0,22750.0,2625.0,610.3,612.9,596.0,0.651,2026-02-02 23:54,18208
IRCTC,2026-02-24,670.0,3.3,606375.0,309750.0,71.55,58625.0,8750.0,610.3,612.9,596.0,0.651,2026-02-02 23:54,21588
IRCTC,2026-02-24,675.0,2.95,152250.0,195125.0,0.0,0.0,0.0,610.3,612.9,596.0,0.651,2026-02-02 23:54,25174
IRCTC,2026-02-24,680.0,2.8,349125.0,225750.0,72.0,97125.0,6125.0,610.3,612.9,596.0,0.651,2026-02-02 23:54,29100
IRCTC,2026-02-24,685.0,2.4,85750.0,28875.0,0.0,0.0,0.0,610.3,612.9,596.0,0.651,2026-02-02 23:54,32603
IRCTC,2026-02-24,690.0,2.1,216125.0,47250.0,81.5,26250.0,0.0,610.3,612.9,596.0,0.651,2026-02-02 23:54,36770
IRCTC,2026-02-24,695.0,1.65,135625.0,40250.0,0.0,0.0,0.0,610.3,612.9,596.0,0.651,2026-02-02 23:54,40870
IRCTC,2026-02-24,700.0,1.75,1461250.0,515375.0,92.75,460250.0,94500.0,610.3,612.9,596.0,0.651,2026-02-02 23:54,45228
IRCTC,2026-02-24,705.0,1.8,47250.0,3500.0,0.0,0.0,0.0,610.3,612.9,596.0,0.651,2026-02-02 23:54,46512
IRCTC,2026-02-24,710.0,1.4,133875.0,48125.0,103.0,24500.0,0.0,610.3,612.9,596.0,0.651,2026-02-02 23:54,51841
IRCTC,2026-02-24,720.0,1.1,422625.0,56000.0,105.0,29750.0,0.0,610.3,612.9,596.0,0.651,2026-02-02 23:54,62407
IRCTC,2026-02-24,725.0,0.65,15750.0,20125.0,116.1,3500.0,0.0,610.3,612.9,596.0,0.651,2026-02-02 23:54,67767
IRCTC,2026-02-24,730.0,0.85,49875.0,32375.0,106.9,23625.0,0.0,610.3,612.9,596.0,0.651,2026-02-02 23:54,73362
IRCTC,2026-02-24,735.0,0.0,0.0,0.0,126.0,875.0,0.0,610.3,612.9,596.0,0.651,2026-02-02 23:54,78786
IRCTC,2026-02-24,740.0,0.55,49875.0,11375.0,140.1,25375.0,0.0,610.3,612.9,596.0,0.651,2026-02-02 23:54,84448
IRCTC,2026-02-24,750.0,0.4,673750.0,259875.0,134.0,36750.0,0.0,610.3,612.9,596.0,0.651,2026-02-02 23:54,95516
IRCTC,2026-02-24,760.0,0.4,14875.0,13125.0,153.0,23625.0,0.0,610.3,612.9,596.0,0.651,2026-02-02 23:54,107181
IRCTC,2026-02-24,770.0,0.0,0.0,0.0,165.0,4375.0,0.0,610.3,612.9,596.0,0.651,2026-02-02 23:54,118990
IRCTC,2026-02-24,780.0,0.25,35000.0,2625.0,166.0,6125.0,0.0,610.3,612.9,596.0,0.651,2026-02-02 23:54,131092
IRCTC,2026-02-24,790.0,1.6,875.0,0.0,187.5,3500.0,0.0,610.3,612.9,596.0,0.651,2026-02-02 23:54,143206
IRCTC,2026-02-24,800.0,0.3,96250.0,50750.0,190.0,203875.0,19250.0,610.3,612.9,596.0,0.651,2026-02-02 23:54,155360
IREDA,2026-02-24,106.0,0.0,0.0,0.0,0.53,300150.0,821100.0,127.44,128.6,124.25,-0.624,2026-02-02 23:54,36785
IREDA,2026-02-24,107.0,0.0,0.0,0.0,0.0,0.0,0.0,127.44,128.6,124.25,-0.624,2026-02-02 23:54,34895
IREDA,2026-02-24,108.0,0.0,0.0,0.0,0.7,472650.0,124200.0,127.44,128.6,124.25,-0.624,2026-02-02 23:54,33021
IREDA,2026-02-24,109.0,0.0,0.0,0.0,0.0,0.0,0.0,127.44,128.6,124.25,-0.624,2026-02-02 23:54,31161
IREDA,2026-02-24,110.0,16.75,3450.0,0.0,0.78,869400.0,721050.0,127.44,128.6,124.25,-0.624,2026-02-02 23:54,29334
IREDA,2026-02-24,111.0,0.0,0.0,0.0,0.0,0.0,0.0,127.44,128.6,124.25,-0.624,2026-02-02 23:54,27533
IREDA,2026-02-24,112.0,11.89,3450.0,3450.0,1.0,34500.0,106950.0,127.44,128.6,124.25,-0.624,2026-02-02 23:54,25793
IREDA,2026-02-24,113.0,0.0,0.0,0.0,0.0,0.0,0.0,127.44,128.6,124.25,-0.624,2026-02-02 23:54,24058
IREDA,2026-02-24,114.0,10.27,3450.0,3450.0,1.05,62100.0,96600.0,127.44,128.6,124.25,-0.624,2026-02-02 23:54,22322
IREDA,2026-02-24,115.0,9.51,13800.0,6900.0,1.25,1066050.0,1307550.0,127.44,128.6,124.25,-0.624,2026-02-02 23:54,20590
IREDA,2026-02-24,116.0,8.51,0.0,3450.0,1.46,203550.0,117300.0,127.44,128.6,124.25,-0.624,2026-02-02 23:54,18849
IREDA,2026-02-24,117.0,0.0,0.0,0.0,1.55,34500.0,75900.0,127.44,128.6,124.25,-0.624,2026-02-02 23:54,17218
IREDA,2026-02-24,118.0,8.84,10350.0,41400.0,1.69,207000.0,282900.0,127.44,128.6,124.25,-0.624,2026-02-02 23:54,15616
IREDA,2026-02-24,119.0,0.0,0.0,0.0,0.0,0.0,0.0,127.44,128.6,124.25,-0.624,2026-02-02 23:54,14014
IREDA,2026-02-24,120.0,9.92,317400.0,548550.0,2.17,1624950.0,1138500.0,127.44,128.6,124.25,-0.624,2026-02-02 23:54,12439
IREDA,2026-02-24,121.0,9.23,3450.0,0.0,2.45,113850.0,93150.0,127.44,128.6,124.25,-0.624,2026-02-02 23:54,11019
IREDA,2026-02-24,122.0,8.42,75900.0,262200.0,2.73,334650.0,131100.0,127.44,128.6,124.25,-0.624,2026-02-02 23:54,9625
IREDA,2026-02-24,123.0,7.46,3450.0,13800.0,3.16,65550.0,106950.0,127.44,128.6,124.25,-0.624,2026-02-02 23:54,8269
IREDA,2026-02-24,124.0,7.12,683100.0,1676700.0,3.23,355350.0,293250.0,127.44,128.6,124.25,-0.624,2026-02-02 23:54,6929
IREDA,2026-02-24,125.0,6.35,769350.0,3805350.0,3.63,1652550.0,1742250.0,127.44,128.6,124.25,-0.624,2026-02-02 23:54,6083
IREDA,2026-02-24,126.0,5.92,138000.0,779700.0,4.14,310500.0,262200.0,127.44,128.6,124.25,-0.624,2026-02-02 23:54,4996
IREDA,2026-02-24,127.0,5.0,783150.0,1562850.0,4.65,410550.0,510600.0,127.44,128.6,124.25,-0.624,2026-02-02 23:54,4018
IREDA,2026-02-24,128.0,4.64,741750.0,852150.0,5.03,524400.0,162150.0,127.44,128.6,124.25,-0.624,2026-02-02 23:54,3408
IREDA,2026-02-24,129.0,3.59,562350.0,369150.0,5.53,431250.0,113850.0,127.44,128.6,124.25,-0.624,2026-02-02 23:54,2803
IREDA,2026-02-24,130.0,3.81,5730450.0,8904450.0,6.14,3701850.0,755550.0,127.44,128.6,124.25,-0.624,2026-02-02 23:54,2181
IREDA,2026-02-24,131.0,3.61,865950.0,293250.0,7.79,493350.0,151800.0,127.44,128.6,124.25,-0.624,2026-02-02 23:54,2449
IREDA,2026-02-24,132.0,3.15,828000.0,1476600.0,11.24,296700.0,58650.0,127.44,128.6,124.25,-0.624,2026-02-02 23:54,2871
IREDA,2026-02-24,133.0,2.7,434700.0,631350.0,8.05,148350.0,110400.0,127.44,128.6,124.25,-0.624,2026-02-02 23:54,3405
IREDA,2026-02-24,134.0,2.21,379500.0,552000.0,8.8,93150.0,34500.0,127.44,128.6,124.25,-0.624,2026-02-02 23:54,4067
IREDA,2026-02-24,135.0,2.26,4022700.0,4836900.0,9.5,779700.0,196650.0,127.44,128.6,124.25,-0.624,2026-02-02 23:54,4781
IREDA,2026-02-24,136.0,2.2,572700.0,303600.0,10.29,17250.0,37950.0,127.44,128.6,124.25,-0.624,2026-02-02 23:54,6141
IREDA,2026-02-24,137.0,1.98,338100.0,310500.0,11.07,79350.0,31050.0,127.44,128.6,124.25,-0.624,2026-02-02 23:54,7500
IREDA,2026-02-24,138.0,1.9,769350.0,683100.0,16.52,20700.0,13800.0,127.44,128.6,124.25,-0.624,2026-02-02 23:54,8772
IREDA,2026-02-24,139.0,1.67,220800.0,169050.0,17.44,10350.0,10350.0,127.44,128.6,124.25,-0.624,2026-02-02 23:54,10256
IREDA,2026-02-24,140.0,1.48,5892600.0,6834450.0,13.56,1069500.0,82800.0,127.44,128.6,124.25,-0.624,2026-02-02 23:54,11669
IREDA,2026-02-24,141.0,1.4,48300.0,93150.0,0.0,0.0,0.0,127.44,128.6,124.25,-0.624,2026-02-02 23:54,13182
IREDA,2026-02-24,142.0,1.29,313950.0,182850.0,13.8,3450.0,0.0,127.44,128.6,124.25,-0.624,2026-02-02 23:54,15285
IREDA,2026-02-24,143.0,0.61,82800.0,72450.0,14.04,13800.0,0.0,127.44,128.6,124.25,-0.624,2026-02-02 23:54,17448
IREDA,2026-02-24,144.0,1.09,117300.0,138000.0,16.95,10350.0,0.0,127.44,128.6,124.25,-0.624,2026-02-02 23:54,19571
IREDA,2026-02-24,145.0,0.96,2176950.0,1480050.0,17.98,1552500.0,10350.0,127.44,128.6,124.25,-0.624,2026-02-02 23:54,21717
IREDA,2026-02-24,146.0,0.57,155250.0,10350.0,23.0,0.0,0.0,127.44,128.6,124.25,-0.624,2026-02-02 23:54,21657
IREDA,2026-02-24,147.0,0.89,207000.0,165600.0,23.76,6900.0,0.0,127.44,128.6,124.25,-0.624,2026-02-02 23:54,24205
IREDA,2026-02-24,148.0,1.62,13800.0,0.0,0.0,0.0,0.0,127.44,128.6,124.25,-0.624,2026-02-02 23:54,26766
IREDA,2026-02-24,149.0,0.46,162150.0,10350.0,15.82,13800.0,0.0,127.44,128.6,124.25,-0.624,2026-02-02 23:54,29330
IREDA,2026-02-24,150.0,0.7,4474650.0,2960100.0,25.0,614100.0,0.0,127.44,128.6,124.25,-0.624,2026-02-02 23:54,31895
IREDA,2026-02-24,152.0,0.61,144900.0,169050.0,26.65,10350.0,0.0,127.44,128.6,124.25,-0.624,2026-02-02 23:54,36848
IREDA,2026-02-24,153.0,0.0,0.0,0.0,23.75,10350.0,0.0,127.44,128.6,124.25,-0.624,2026-02-02 23:54,39933
IREDA,2026-02-24,154.0,0.91,37950.0,0.0,0.0,0.0,0.0,127.44,128.6,124.25,-0.624,2026-02-02 23:54,43012
IREDA,2026-02-24,155.0,0.49,765900.0,752100.0,27.47,193200.0,13800.0,127.44,128.6,124.25,-0.624,2026-02-02 23:54,46124
IREDA,2026-02-24,156.0,1.3,3450.0,0.0,0.0,0.0,0.0,127.44,128.6,124.25,-0.624,2026-02-02 23:54,48835
IREDA,2026-02-24,160.0,0.38,1938900.0,465750.0,32.94,324300.0,0.0,127.44,128.6,124.25,-0.624,2026-02-02 23:54,61653
IREDA,2026-02-24,165.0,0.25,393300.0,51750.0,39.4,248400.0,0.0,127.44,128.6,124.25,-0.624,2026-02-02 23:54,77811
IREDA,2026-02-24,166.0,0.0,0.0,0.0,40.5,3450.0,0.0,127.44,128.6,124.25,-0.624,2026-02-02 23:54,80337
IREDA,2026-02-24,167.0,0.0,0.0,0.0,42.0,251850.0,0.0,127.44,128.6,124.25,-0.624,2026-02-02 23:54,83819
IRFC,2026-02-24,96.0,0.0,0.0,0.0,0.35,1364250.0,3187500.0,114.93,115.8,111.53,1.224,2026-02-02 23:54,48713
IRFC,2026-02-24,97.0,0.0,0.0,0.0,0.0,0.0,0.0,114.93,115.8,111.53,1.224,2026-02-02 23:54,45057
IRFC,2026-02-24,98.0,15.99,21250.0,4250.0,0.0,0.0,0.0,114.93,115.8,111.53,1.224,2026-02-02 23:54,41448
IRFC,2026-02-24,99.0,0.0,0.0,0.0,0.0,0.0,0.0,114.93,115.8,111.53,1.224,2026-02-02 23:54,37875
IRFC,2026-02-24,100.0,15.97,225250.0,21250.0,0.54,2137750.0,6026500.0,114.93,115.8,111.53,1.224,2026-02-02 23:54,34269
IRFC,2026-02-24,101.0,0.0,0.0,0.0,0.0,0.0,0.0,114.93,115.8,111.53,1.224,2026-02-02 23:54,31143
IRFC,2026-02-24,102.0,10.0,0.0,4250.0,0.0,0.0,0.0,114.93,115.8,111.53,1.224,2026-02-02 23:54,27773
IRFC,2026-02-24,103.0,0.0,0.0,0.0,0.74,344250.0,986000.0,114.93,115.8,111.53,1.224,2026-02-02 23:54,24402
IRFC,2026-02-24,104.0,0.0,0.0,0.0,0.85,420750.0,416500.0,114.93,115.8,111.53,1.224,2026-02-02 23:54,21041
IRFC,2026-02-24,105.0,11.18,12750.0,29750.0,0.95,4755750.0,4594250.0,114.93,115.8,111.53,1.224,2026-02-02 23:54,17712
IRFC,2026-02-24,106.0,9.37,25500.0,34000.0,1.07,850000.0,527000.0,114.93,115.8,111.53,1.224,2026-02-02 23:54,14457
IRFC,2026-02-24,107.0,9.79,29750.0,55250.0,1.27,412250.0,867000.0,114.93,115.8,111.53,1.224,2026-02-02 23:54,11661
IRFC,2026-02-24,108.0,8.75,34000.0,46750.0,1.43,1406750.0,1202750.0,114.93,115.8,111.53,1.224,2026-02-02 23:54,8952
IRFC,2026-02-24,109.0,7.2,21250.0,80750.0,1.71,476000.0,1151750.0,114.93,115.8,111.53,1.224,2026-02-02 23:54,6240
IRFC,2026-02-24,110.0,7.5,607750.0,1729750.0,1.98,3353250.0,5716250.0,114.93,115.8,111.53,1.224,2026-02-02 23:54,3682
IRFC,2026-02-24,111.0,6.64,195500.0,650250.0,2.3,858500.0,1134750.0,114.93,115.8,111.53,1.224,2026-02-02 23:54,1379
IRFC,2026-02-24,112.0,6.24,658750.0,3234250.0,2.61,1423750.0,2643500.0,114.93,115.8,111.53,1.224,2026-02-02 23:54,-678
IRFC,2026-02-24,113.0,5.47,2078250.0,6834000.0,2.97,1432250.0,2983500.0,114.93,115.8,111.53,1.224,2026-02-02 23:54,-2420
IRFC,2026-02-24,114.0,4.92,1275000.0,5690750.0,3.43,1241000.0,2065500.0,114.93,115.8,111.53,1.224,2026-02-02 23:54,-3139
IRFC,2026-02-24,115.0,4.38,4513500.0,17527000.0,3.85,2592500.0,2673250.0,114.93,115.8,111.53,1.224,2026-02-02 23:54,-4116
IRFC,2026-02-24,116.0,4.04,1942250.0,4407250.0,4.43,1062500.0,735250.0,114.93,115.8,111.53,1.224,2026-02-02 23:54,-3606
IRFC,2026-02-24,117.0,3.65,1198500.0,2805000.0,5.0,816000.0,412250.0,114.93,115.8,111.53,1.224,2026-02-02 23:54,-3460
IRFC,2026-02-24,118.0,3.24,1576750.0,5435750.0,5.53,977500.0,633250.0,114.93,115.8,111.53,1.224,2026-02-02 23:54,-3397
IRFC,2026-02-24,119.0,2.94,1372750.0,1627750.0,6.2,811750.0,246500.0,114.93,115.8,111.53,1.224,2026-02-02 23:54,-3137
IRFC,2026-02-24,120.0,2.64,9554000.0,16468750.0,6.93,3221500.0,1394000.0,114.93,115.8,111.53,1.224,2026-02-02 23:54,-2729
IRFC,2026-02-24,121.0,2.33,3017500.0,2975000.0,7.84,1134750.0,106250.0,114.93,115.8,111.53,1.224,2026-02-02 23:54,-655
IRFC,2026-02-24,122.0,2.18,2456500.0,2966500.0,8.89,1313250.0,216750.0,114.93,115.8,111.53,1.224,2026-02-02 23:54,1358
IRFC,2026-02-24,123.0,1.92,2558500.0,6145500.0,9.8,544000.0,446250.0,114.93,115.8,111.53,1.224,2026-02-02 23:54,3303
IRFC,2026-02-24,124.0,1.82,3621000.0,2664750.0,12.11,259250.0,4250.0,114.93,115.8,111.53,1.224,2026-02-02 23:54,6149
IRFC,2026-02-24,125.0,1.61,10535750.0,11407000.0,11.0,1054000.0,178500.0,114.93,115.8,111.53,1.224,2026-02-02 23:54,9769
IRFC,2026-02-24,126.0,1.49,1457750.0,1853000.0,13.83,8500.0,4250.0,114.93,115.8,111.53,1.224,2026-02-02 23:54,14741
IRFC,2026-02-24,127.0,1.32,1215500.0,1483250.0,14.8,42500.0,17000.0,114.93,115.8,111.53,1.224,2026-02-02 23:54,19527
IRFC,2026-02-24,128.0,1.24,1143250.0,527000.0,9.74,34000.0,0.0,114.93,115.8,111.53,1.224,2026-02-02 23:54,24332
IRFC,2026-02-24,129.0,1.13,807500.0,981750.0,11.04,12750.0,0.0,114.93,115.8,111.53,1.224,2026-02-02 23:54,29265
IRFC,2026-02-24,130.0,1.02,14509500.0,11827750.0,15.52,1972000.0,233750.0,114.93,115.8,111.53,1.224,2026-02-02 23:54,34249
IRFC,2026-02-24,131.0,0.9,374000.0,463250.0,12.13,8500.0,0.0,114.93,115.8,111.53,1.224,2026-02-02 23:54,39223
IRFC,2026-02-24,132.0,0.87,990250.0,1075250.0,17.9,8500.0,0.0,114.93,115.8,111.53,1.224,2026-02-02 23:54,45839
IRFC,2026-02-24,133.0,0.8,471750.0,811750.0,20.0,12750.0,0.0,114.93,115.8,111.53,1.224,2026-02-02 23:54,52603
IRFC,2026-02-24,134.0,0.75,1181500.0,1003000.0,21.22,17000.0,29750.0,114.93,115.8,111.53,1.224,2026-02-02 23:54,59357
IRFC,2026-02-24,135.0,0.67,3629500.0,3340500.0,20.2,153000.0,12750.0,114.93,115.8,111.53,1.224,2026-02-02 23:54,66270
IRFC,2026-02-24,136.0,0.65,1143250.0,1406750.0,16.71,21250.0,0.0,114.93,115.8,111.53,1.224,2026-02-02 23:54,73444
IRFC,2026-02-24,137.0,0.72,216750.0,0.0,0.0,0.0,0.0,114.93,115.8,111.53,1.224,2026-02-02 23:54,80839
IRFC,2026-02-24,138.0,0.58,2167500.0,2545750.0,0.0,0.0,0.0,114.93,115.8,111.53,1.224,2026-02-02 23:54,88232
IRFC,2026-02-24,139.0,0.52,267750.0,0.0,0.0,0.0,0.0,114.93,115.8,111.53,1.224,2026-02-02 23:54,95952
IRFC,2026-02-24,140.0,0.43,8614750.0,7696750.0,25.75,837250.0,0.0,114.93,115.8,111.53,1.224,2026-02-02 23:54,103587
IRFC,2026-02-24,142.0,0.42,429250.0,357000.0,23.3,8500.0,0.0,114.93,115.8,111.53,1.224,2026-02-02 23:54,118934
IRFC,2026-02-24,144.0,0.36,1725500.0,1870000.0,24.6,51000.0,0.0,114.93,115.8,111.53,1.224,2026-02-02 23:54,136152
IRFC,2026-02-24,150.0,0.25,4590000.0,1959250.0,0.0,0.0,0.0,114.93,115.8,111.53,1.224,2026-02-02 23:54,188815
IRFC,2026-02-24,152.0,0.25,1071000.0,714000.0,0.0,0.0,0.0,114.93,115.8,111.53,1.224,2026-02-02 23:54,207424
ITC,2026-02-24,250.0,0.0,0.0,0.0,0.3,313600.0,1027200.0,314.7,315.4,302.0,1.697,2026-02-02 23:54,511706
ITC,2026-02-24,255.0,0.0,0.0,0.0,0.4,62400.0,192000.0,314.7,315.4,302.0,1.697,2026-02-02 23:54,473048
ITC,2026-02-24,260.0,61.8,16000.0,0.0,0.4,2225600.0,4049600.0,314.7,315.4,302.0,1.697,2026-02-02 23:54,434429
ITC,2026-02-24,265.0,0.0,0.0,0.0,0.45,1051200.0,2270400.0,314.7,315.4,302.0,1.697,2026-02-02 23:54,396943
ITC,2026-02-24,270.0,53.75,3200.0,0.0,0.55,1665600.0,3564800.0,314.7,315.4,302.0,1.697,2026-02-02 23:54,359925
ITC,2026-02-24,275.0,0.0,0.0,0.0,0.65,860800.0,1963200.0,314.7,315.4,302.0,1.697,2026-02-02 23:54,323715
ITC,2026-02-24,280.0,36.0,222400.0,299200.0,0.8,2142400.0,5590400.0,314.7,315.4,302.0,1.697,2026-02-02 23:54,287953
ITC,2026-02-24,282.5,0.0,0.0,0.0,0.9,105600.0,496000.0,314.7,315.4,302.0,1.697,2026-02-02 23:54,271321
ITC,2026-02-24,285.0,31.6,9600.0,9600.0,1.0,792000.0,4060800.0,314.7,315.4,302.0,1.697,2026-02-02 23:54,254076
ITC,2026-02-24,287.5,0.0,0.0,0.0,1.15,248000.0,667200.0,314.7,315.4,302.0,1.697,2026-02-02 23:54,236993
ITC,2026-02-24,290.0,27.25,236800.0,217600.0,1.3,3132800.0,9355200.0,314.7,315.4,302.0,1.697,2026-02-02 23:54,219991
ITC,2026-02-24,292.5,21.1,17600.0,25600.0,1.45,214400.0,1377600.0,314.7,315.4,302.0,1.697,2026-02-02 23:54,204099
ITC,2026-02-24,295.0,21.4,56000.0,147200.0,1.65,1273600.0,4633600.0,314.7,315.4,302.0,1.697,2026-02-02 23:54,188033
ITC,2026-02-24,297.5,18.8,88000.0,99200.0,1.9,635200.0,2297600.0,314.7,315.4,302.0,1.697,2026-02-02 23:54,172202
ITC,2026-02-24,300.0,18.1,2446400.0,7099200.0,2.2,7470400.0,24692800.0,314.7,315.4,302.0,1.697,2026-02-02 23:54,156688
ITC,2026-02-24,302.5,16.0,572800.0,1899200.0,2.5,2580800.0,6985600.0,314.7,315.4,302.0,1.697,2026-02-02 23:54,146392
ITC,2026-02-24,305.0,13.6,1561600.0,12612800.0,2.95,3086400.0,16689600.0,314.7,315.4,302.0,1.697,2026-02-02 23:54,134372
ITC,2026-02-24,307.5,12.0,537600.0,5633600.0,3.45,1017600.0,5115200.0,314.7,315.4,302.0,1.697,2026-02-02 23:54,124456
ITC,2026-02-24,310.0,10.05,3230400.0,29905600.0,4.1,4808000.0,16707200.0,314.7,315.4,302.0,1.697,2026-02-02 23:54,114009
ITC,2026-02-24,312.5,8.45,811200.0,7164800.0,4.9,1432000.0,4748800.0,314.7,315.4,302.0,1.697,2026-02-02 23:54,106553
ITC,2026-02-24,315.0,6.95,5600000.0,28089600.0,5.85,3283200.0,6203200.0,314.7,315.4,302.0,1.697,2026-02-02 23:54,98366
ITC,2026-02-24,317.5,5.65,1412800.0,8444800.0,7.2,1174400.0,1545600.0,314.7,315.4,302.0,1.697,2026-02-02 23:54,94388
ITC,2026-02-24,320.0,4.6,12761600.0,48580800.0,8.55,5608000.0,4612800.0,314.7,315.4,302.0,1.697,2026-02-02 23:54,89038
ITC,2026-02-24,322.5,3.75,3177600.0,6347200.0,10.5,2227200.0,497600.0,314.7,315.4,302.0,1.697,2026-02-02 23:54,89403
ITC,2026-02-24,325.0,3.05,12731200.0,17656000.0,12.0,5536000.0,2020800.0,314.7,315.4,302.0,1.697,2026-02-02 23:54,88897
ITC,2026-02-24,327.5,2.55,2232000.0,4665600.0,14.5,1083200.0,406400.0,314.7,315.4,302.0,1.697,2026-02-02 23:54,91344
ITC,2026-02-24,330.0,2.15,21747200.0,50008000.0,16.0,4177600.0,1057600.0,314.7,315.4,302.0,1.697,2026-02-02 23:54,96379
ITC,2026-02-24,332.5,1.8,1219200.0,2956800.0,18.4,145600.0,62400.0,314.7,315.4,302.0,1.697,2026-02-02 23:54,106888
ITC,2026-02-24,335.0,1.5,5596800.0,10944000.0,20.75,964800.0,81600.0,314.7,315.4,302.0,1.697,2026-02-02 23:54,119699
ITC,2026-02-24,337.5,1.3,678400.0,1630400.0,30.0,104000.0,6400.0,314.7,315.4,302.0,1.697,2026-02-02 23:54,133035
ITC,2026-02-24,340.0,1.15,12388800.0,23582400.0,24.75,2625600.0,244800.0,314.7,315.4,302.0,1.697,2026-02-02 23:54,147506
ITC,2026-02-24,342.5,1.0,384000.0,769600.0,31.95,86400.0,0.0,314.7,315.4,302.0,1.697,2026-02-02 23:54,160881
ITC,2026-02-24,345.0,0.85,2126400.0,6254400.0,29.95,688000.0,64000.0,314.7,315.4,302.0,1.697,2026-02-02 23:54,179209
ITC,2026-02-24,347.5,0.8,678400.0,1251200.0,27.7,27200.0,0.0,314.7,315.4,302.0,1.697,2026-02-02 23:54,196599
ITC,2026-02-24,350.0,0.7,17923200.0,51611200.0,34.95,3956800.0,822400.0,314.7,315.4,302.0,1.697,2026-02-02 23:54,216024
ITC,2026-02-24,352.5,0.65,1089600.0,796800.0,32.85,153600.0,0.0,314.7,315.4,302.0,1.697,2026-02-02 23:54,228366
ITC,2026-02-24,355.0,0.55,1211200.0,3344000.0,39.55,324800.0,59200.0,314.7,315.4,302.0,1.697,2026-02-02 23:54,253159
ITC,2026-02-24,357.5,0.5,516800.0,552000.0,38.0,6400.0,0.0,314.7,315.4,302.0,1.697,2026-02-02 23:54,277552
ITC,2026-02-24,360.0,0.45,8265600.0,18940800.0,43.95,1436800.0,195200.0,314.7,315.4,302.0,1.697,2026-02-02 23:54,303295
ITC,2026-02-24,362.5,0.4,126400.0,232000.0,0.0,0.0,0.0,314.7,315.4,302.0,1.697,2026-02-02 23:54,325519
ITC,2026-02-24,365.0,0.35,1009600.0,1971200.0,51.5,227200.0,0.0,314.7,315.4,302.0,1.697,2026-02-02 23:54,353723
ITC,2026-02-24,367.5,0.35,204800.0,291200.0,0.0,0.0,0.0,314.7,315.4,302.0,1.697,2026-02-02 23:54,381096
ITC,2026-02-24,370.0,0.35,3532800.0,4129600.0,54.5,1574400.0,84800.0,314.7,315.4,302.0,1.697,2026-02-02 23:54,409663
ITC,2026-02-24,372.5,0.3,132800.0,116800.0,0.0,0.0,0.0,314.7,315.4,302.0,1.697,2026-02-02 23:54,431042
ITC,2026-02-24,375.0,0.3,1606400.0,1598400.0,64.0,278400.0,33600.0,314.7,315.4,302.0,1.697,2026-02-02 23:54,460915
ITC,2026-02-24,377.5,0.25,126400.0,171200.0,0.0,0.0,0.0,314.7,315.4,302.0,1.697,2026-02-02 23:54,489522
ITC,2026-02-24,380.0,0.2,4318400.0,3070400.0,63.6,1361600.0,78400.0,314.7,315.4,302.0,1.697,2026-02-02 23:54,519897
ITC,2026-02-24,382.5,0.2,240000.0,353600.0,60.0,1600.0,0.0,314.7,315.4,302.0,1.697,2026-02-02 23:54,543116
ITC,2026-02-24,385.0,0.2,382400.0,464000.0,63.6,83200.0,0.0,314.7,315.4,302.0,1.697,2026-02-02 23:54,574963
ITC,2026-02-24,387.5,0.2,126400.0,342400.0,0.0,0.0,0.0,314.7,315.4,302.0,1.697,2026-02-02 23:54,606411
ITC,2026-02-24,390.0,0.2,1348800.0,2041600.0,73.9,713600.0,176000.0,314.7,315.4,302.0,1.697,2026-02-02 23:54,638413
ITC,2026-02-24,392.5,0.15,124800.0,148800.0,67.9,1600.0,0.0,314.7,315.4,302.0,1.697,2026-02-02 23:54,665683
ITC,2026-02-24,395.0,0.15,172800.0,342400.0,72.85,32000.0,0.0,314.7,315.4,302.0,1.697,2026-02-02 23:54,698222
ITC,2026-02-24,397.5,0.15,80000.0,284800.0,71.0,1600.0,0.0,314.7,315.4,302.0,1.697,2026-02-02 23:54,730590
ITC,2026-02-24,400.0,0.1,8494400.0,1196800.0,83.5,3043200.0,344000.0,314.7,315.4,302.0,1.697,2026-02-02 23:54,763199
ITC,2026-02-24,402.5,0.0,0.0,0.0,77.0,11200.0,0.0,314.7,315.4,302.0,1.697,2026-02-02 23:54,773377
ITC,2026-02-24,405.0,0.1,340800.0,206400.0,76.0,27200.0,0.0,314.7,315.4,302.0,1.697,2026-02-02 23:54,808797
ITC,2026-02-24,407.5,0.0,0.0,0.0,81.0,11200.0,0.0,314.7,315.4,302.0,1.697,2026-02-02 23:54,844192
ITC,2026-02-24,410.0,0.15,1016000.0,684800.0,87.7,358400.0,0.0,314.7,315.4,302.0,1.697,2026-02-02 23:54,879702
ITC,2026-02-24,412.5,0.0,0.0,0.0,87.0,16000.0,0.0,314.7,315.4,302.0,1.697,2026-02-02 23:54,912519
ITC,2026-02-24,415.0,0.1,17600.0,52800.0,90.7,24000.0,0.0,314.7,315.4,302.0,1.697,2026-02-02 23:54,948329
ITC,2026-02-24,420.0,0.15,459200.0,456000.0,104.0,318400.0,0.0,314.7,315.4,302.0,1.697,2026-02-02 23:54,1020030
ITC,2026-02-24,425.0,0.1,6400.0,4800.0,100.0,12800.0,0.0,314.7,315.4,302.0,1.697,2026-02-02 23:54,1089032
ITC,2026-02-24,430.0,0.1,156800.0,64000.0,108.0,104000.0,0.0,314.7,315.4,302.0,1.697,2026-02-02 23:54,1161221
ITC,2026-02-24,435.0,0.1,9600.0,3200.0,113.0,27200.0,0.0,314.7,315.4,302.0,1.697,2026-02-02 23:54,1232547
ITC,2026-02-24,440.0,0.1,81600.0,19200.0,115.45,97600.0,0.0,314.7,315.4,302.0,1.697,2026-02-02 23:54,1304705
ITC,2026-02-24,445.0,0.0,0.0,0.0,79.25,3200.0,0.0,314.7,315.4,302.0,1.697,2026-02-02 23:54,1376134
ITC,2026-02-24,450.0,0.05,593600.0,155200.0,133.0,486400.0,1600.0,314.7,315.4,302.0,1.697,2026-02-02 23:54,1448666
ITC,2026-02-24,460.0,0.1,44800.0,6400.0,136.0,59200.0,0.0,314.7,315.4,302.0,1.697,2026-02-02 23:54,1588393
ITC,2026-02-24,465.0,0.0,0.0,0.0,141.0,4800.0,0.0,314.7,315.4,302.0,1.697,2026-02-02 23:54,1660738
ITC,2026-02-24,470.0,0.05,19200.0,0.0,66.5,1600.0,0.0,314.7,315.4,302.0,1.697,2026-02-02 23:54,1733821
JINDALSTEL,2026-02-24,860.0,0.0,0.0,0.0,0.1,15000.0,0.0,1125.1,1133.0,1082.7,2.096,2026-02-02 23:54,49964
JINDALSTEL,2026-02-24,870.0,0.0,0.0,0.0,1.65,625.0,0.0,1125.1,1133.0,1082.7,2.096,2026-02-02 23:54,46862
JINDALSTEL,2026-02-24,890.0,0.0,0.0,0.0,0.2,10625.0,0.0,1125.1,1133.0,1082.7,2.096,2026-02-02 23:54,40660
JINDALSTEL,2026-02-24,900.0,205.7,3125.0,0.0,0.9,63750.0,23125.0,1125.1,1133.0,1082.7,2.096,2026-02-02 23:54,37569
JINDALSTEL,2026-02-24,910.0,0.0,0.0,0.0,0.45,54375.0,0.0,1125.1,1133.0,1082.7,2.096,2026-02-02 23:54,34604
JINDALSTEL,2026-02-24,920.0,0.0,0.0,0.0,1.65,71250.0,3750.0,1125.1,1133.0,1082.7,2.096,2026-02-02 23:54,31632
JINDALSTEL,2026-02-24,940.0,0.0,0.0,0.0,1.35,36875.0,27500.0,1125.1,1133.0,1082.7,2.096,2026-02-02 23:54,25824
JINDALSTEL,2026-02-24,950.0,0.0,0.0,0.0,1.55,148125.0,71250.0,1125.1,1133.0,1082.7,2.096,2026-02-02 23:54,22958
JINDALSTEL,2026-02-24,960.0,151.65,625.0,0.0,1.8,23750.0,43750.0,1125.1,1133.0,1082.7,2.096,2026-02-02 23:54,20222
JINDALSTEL,2026-02-24,970.0,0.0,0.0,0.0,2.4,13125.0,14375.0,1125.1,1133.0,1082.7,2.096,2026-02-02 23:54,17538
JINDALSTEL,2026-02-24,980.0,129.35,0.0,0.0,2.85,227500.0,65625.0,1125.1,1133.0,1082.7,2.096,2026-02-02 23:54,14859
JINDALSTEL,2026-02-24,990.0,0.0,0.0,0.0,3.55,10000.0,3125.0,1125.1,1133.0,1082.7,2.096,2026-02-02 23:54,12346
JINDALSTEL,2026-02-24,1000.0,111.7,13125.0,0.0,3.85,331875.0,466875.0,1125.1,1133.0,1082.7,2.096,2026-02-02 23:54,9905
JINDALSTEL,2026-02-24,1010.0,96.8,1875.0,3750.0,4.75,5625.0,16875.0,1125.1,1133.0,1082.7,2.096,2026-02-02 23:54,7830
JINDALSTEL,2026-02-24,1020.0,95.05,9375.0,0.0,5.95,105625.0,35625.0,1125.1,1133.0,1082.7,2.096,2026-02-02 23:54,5760
JINDALSTEL,2026-02-24,1030.0,87.15,625.0,0.0,7.3,25625.0,31875.0,1125.1,1133.0,1082.7,2.096,2026-02-02 23:54,3816
JINDALSTEL,2026-02-24,1040.0,82.0,11250.0,0.0,7.95,88750.0,88750.0,1125.1,1133.0,1082.7,2.096,2026-02-02 23:54,1858
JINDALSTEL,2026-02-24,1050.0,88.65,24375.0,17500.0,9.75,180625.0,275000.0,1125.1,1133.0,1082.7,2.096,2026-02-02 23:54,35
JINDALSTEL,2026-02-24,1060.0,65.5,101875.0,0.0,11.0,180000.0,191875.0,1125.1,1133.0,1082.7,2.096,2026-02-02 23:54,-1563
JINDALSTEL,2026-02-24,1070.0,65.85,28125.0,0.0,13.65,65625.0,53750.0,1125.1,1133.0,1082.7,2.096,2026-02-02 23:54,-2451
JINDALSTEL,2026-02-24,1080.0,63.4,131875.0,13750.0,16.5,217500.0,224375.0,1125.1,1133.0,1082.7,2.096,2026-02-02 23:54,-3619
JINDALSTEL,2026-02-24,1090.0,60.0,53750.0,53125.0,19.1,71250.0,121250.0,1125.1,1133.0,1082.7,2.096,2026-02-02 23:54,-4056
JINDALSTEL,2026-02-24,1100.0,54.35,243125.0,563125.0,22.0,421875.0,681250.0,1125.1,1133.0,1082.7,2.096,2026-02-02 23:54,-4659
JINDALSTEL,2026-02-24,1110.0,47.0,61875.0,140625.0,26.4,56250.0,70625.0,1125.1,1133.0,1082.7,2.096,2026-02-02 23:54,-4391
JINDALSTEL,2026-02-24,1120.0,41.0,360625.0,1096875.0,31.2,81250.0,190625.0,1125.1,1133.0,1082.7,2.096,2026-02-02 23:54,-4254
JINDALSTEL,2026-02-24,1130.0,36.3,180625.0,241875.0,34.9,115625.0,86875.0,1125.1,1133.0,1082.7,2.096,2026-02-02 23:54,-2594
JINDALSTEL,2026-02-24,1140.0,31.75,216250.0,443750.0,40.2,170000.0,68750.0,1125.1,1133.0,1082.7,2.096,2026-02-02 23:54,-1610
JINDALSTEL,2026-02-24,1150.0,27.9,395625.0,453750.0,46.6,165000.0,88125.0,1125.1,1133.0,1082.7,2.096,2026-02-02 23:54,-488
JINDALSTEL,2026-02-24,1160.0,23.0,265000.0,161875.0,56.35,63750.0,21875.0,1125.1,1133.0,1082.7,2.096,2026-02-02 23:54,1524
JINDALSTEL,2026-02-24,1170.0,19.65,199375.0,97500.0,61.7,37500.0,10000.0,1125.1,1133.0,1082.7,2.096,2026-02-02 23:54,3782
JINDALSTEL,2026-02-24,1180.0,16.95,84375.0,113125.0,68.8,13750.0,4375.0,1125.1,1133.0,1082.7,2.096,2026-02-02 23:54,6187
JINDALSTEL,2026-02-24,1190.0,12.65,23750.0,28750.0,0.0,0.0,0.0,1125.1,1133.0,1082.7,2.096,2026-02-02 23:54,8578
JINDALSTEL,2026-02-24,1200.0,11.9,663750.0,510000.0,81.8,37500.0,46875.0,1125.1,1133.0,1082.7,2.096,2026-02-02 23:54,10974
JINDALSTEL,2026-02-24,1210.0,10.0,27500.0,43125.0,0.0,0.0,0.0,1125.1,1133.0,1082.7,2.096,2026-02-02 23:54,14525
JINDALSTEL,2026-02-24,1220.0,8.8,105000.0,178750.0,120.4,4375.0,0.0,1125.1,1133.0,1082.7,2.096,2026-02-02 23:54,17647
JINDALSTEL,2026-02-24,1230.0,6.6,3750.0,5000.0,0.0,0.0,0.0,1125.1,1133.0,1082.7,2.096,2026-02-02 23:54,20891
JINDALSTEL,2026-02-24,1240.0,6.1,154375.0,165000.0,118.0,2500.0,625.0,1125.1,1133.0,1082.7,2.096,2026-02-02 23:54,24102
JINDALSTEL,2026-02-24,1250.0,5.1,38125.0,60000.0,0.0,0.0,0.0,1125.1,1133.0,1082.7,2.096,2026-02-02 23:54,27531
JINDALSTEL,2026-02-24,1260.0,4.25,64375.0,65000.0,0.0,0.0,0.0,1125.1,1133.0,1082.7,2.096,2026-02-02 23:54,30954
JINDALSTEL,2026-02-24,1280.0,3.0,181250.0,76250.0,0.0,0.0,0.0,1125.1,1133.0,1082.7,2.096,2026-02-02 23:54,37916
JINDALSTEL,2026-02-24,1300.0,2.35,175625.0,88125.0,0.0,0.0,0.0,1125.1,1133.0,1082.7,2.096,2026-02-02 23:54,45268
JINDALSTEL,2026-02-24,1320.0,1.25,161250.0,35625.0,0.0,0.0,0.0,1125.1,1133.0,1082.7,2.096,2026-02-02 23:54,52958
JIOFIN,2026-02-24,195.0,0.0,0.0,0.0,0.0,0.0,0.0,244.1,245.3,237.0,0.743,2026-02-02 23:54,289831
JIOFIN,2026-02-24,200.0,44.5,9400.0,16450.0,0.35,4700.0,30550.0,244.1,245.3,237.0,0.743,2026-02-02 23:54,267608
JIOFIN,2026-02-24,205.0,0.0,0.0,0.0,0.0,0.0,0.0,244.1,245.3,237.0,0.743,2026-02-02 23:54,245434
JIOFIN,2026-02-24,207.5,0.0,0.0,0.0,0.0,0.0,0.0,244.1,245.3,237.0,0.743,2026-02-02 23:54,234326
JIOFIN,2026-02-24,210.0,36.3,28200.0,0.0,0.6,1414700.0,3205400.0,244.1,245.3,237.0,0.743,2026-02-02 23:54,223218
JIOFIN,2026-02-24,212.5,0.0,0.0,0.0,0.0,0.0,0.0,244.1,245.3,237.0,0.743,2026-02-02 23:54,212489
JIOFIN,2026-02-24,215.0,0.0,0.0,0.0,0.75,32900.0,126900.0,244.1,245.3,237.0,0.743,2026-02-02 23:54,201742
JIOFIN,2026-02-24,217.5,0.0,0.0,0.0,0.85,89300.0,239700.0,244.1,245.3,237.0,0.743,2026-02-02 23:54,191000
JIOFIN,2026-02-24,220.0,35.3,14100.0,2350.0,1.05,1647350.0,2794150.0,244.1,245.3,237.0,0.743,2026-02-02 23:54,180276
JIOFIN,2026-02-24,222.5,0.0,0.0,0.0,1.3,89300.0,206800.0,244.1,245.3,237.0,0.743,2026-02-02 23:54,169852
JIOFIN,2026-02-24,225.0,22.25,96350.0,86950.0,1.5,754350.0,2018650.0,244.1,245.3,237.0,0.743,2026-02-02 23:54,159561
JIOFIN,2026-02-24,227.5,17.55,30550.0,39950.0,1.8,573400.0,968200.0,244.1,245.3,237.0,0.743,2026-02-02 23:54,149596
JIOFIN,2026-02-24,230.0,17.45,225600.0,223250.0,2.2,2542700.0,4857450.0,244.1,245.3,237.0,0.743,2026-02-02 23:54,139631
JIOFIN,2026-02-24,232.5,14.9,86950.0,115150.0,2.6,361900.0,947050.0,244.1,245.3,237.0,0.743,2026-02-02 23:54,130242
JIOFIN,2026-02-24,235.0,14.05,256150.0,493500.0,3.1,1172650.0,4507300.0,244.1,245.3,237.0,0.743,2026-02-02 23:54,121167
JIOFIN,2026-02-24,237.5,12.2,298450.0,829550.0,3.8,455900.0,1177350.0,244.1,245.3,237.0,0.743,2026-02-02 23:54,112410
JIOFIN,2026-02-24,240.0,10.5,1797750.0,9127400.0,4.5,3482700.0,7468300.0,244.1,245.3,237.0,0.743,2026-02-02 23:54,104035
JIOFIN,2026-02-24,242.5,8.95,768450.0,4319300.0,5.6,524050.0,3266500.0,244.1,245.3,237.0,0.743,2026-02-02 23:54,97111
JIOFIN,2026-02-24,245.0,7.5,1379450.0,8476450.0,6.5,1464050.0,2730700.0,244.1,245.3,237.0,0.743,2026-02-02 23:54,90583
JIOFIN,2026-02-24,247.5,6.25,564000.0,2855250.0,7.85,566350.0,556950.0,244.1,245.3,237.0,0.743,2026-02-02 23:54,84455
JIOFIN,2026-02-24,250.0,5.3,6039500.0,17639100.0,9.2,4312250.0,2063300.0,244.1,245.3,237.0,0.743,2026-02-02 23:54,78434
JIOFIN,2026-02-24,252.5,4.35,1062200.0,3203050.0,10.8,791950.0,126900.0,244.1,245.3,237.0,0.743,2026-02-02 23:54,74327
JIOFIN,2026-02-24,255.0,3.5,5440250.0,8847750.0,12.55,2180800.0,733200.0,244.1,245.3,237.0,0.743,2026-02-02 23:54,71057
JIOFIN,2026-02-24,257.5,2.85,1283100.0,1868250.0,14.85,777850.0,192700.0,244.1,245.3,237.0,0.743,2026-02-02 23:54,69253
JIOFIN,2026-02-24,260.0,2.4,7799650.0,13178800.0,16.3,2803550.0,1041050.0,244.1,245.3,237.0,0.743,2026-02-02 23:54,68007
JIOFIN,2026-02-24,262.5,1.95,982300.0,1217300.0,18.55,806050.0,91650.0,244.1,245.3,237.0,0.743,2026-02-02 23:54,67503
JIOFIN,2026-02-24,265.0,1.6,4072550.0,5588300.0,21.2,1233750.0,162150.0,244.1,245.3,237.0,0.743,2026-02-02 23:54,68841
JIOFIN,2026-02-24,267.5,1.35,890650.0,1205550.0,26.0,336050.0,2350.0,244.1,245.3,237.0,0.743,2026-02-02 23:54,70845
JIOFIN,2026-02-24,270.0,1.1,8417700.0,10525650.0,25.3,1482850.0,448850.0,244.1,245.3,237.0,0.743,2026-02-02 23:54,74366
JIOFIN,2026-02-24,272.5,1.0,385400.0,272600.0,30.1,44650.0,0.0,244.1,245.3,237.0,0.743,2026-02-02 23:54,78290
JIOFIN,2026-02-24,275.0,0.85,2124400.0,3809350.0,30.6,803700.0,28200.0,244.1,245.3,237.0,0.743,2026-02-02 23:54,85052
JIOFIN,2026-02-24,277.5,0.75,298450.0,150400.0,34.75,18800.0,0.0,244.1,245.3,237.0,0.743,2026-02-02 23:54,90362
JIOFIN,2026-02-24,280.0,0.7,6631700.0,7978250.0,34.5,1924650.0,112800.0,244.1,245.3,237.0,0.743,2026-02-02 23:54,97988
JIOFIN,2026-02-24,282.5,0.6,183300.0,129250.0,39.5,23500.0,0.0,244.1,245.3,237.0,0.743,2026-02-02 23:54,101620
JIOFIN,2026-02-24,285.0,0.55,1405300.0,1348900.0,42.0,822500.0,44650.0,244.1,245.3,237.0,0.743,2026-02-02 23:54,111397
JIOFIN,2026-02-24,287.5,0.45,126900.0,112800.0,44.35,23500.0,0.0,244.1,245.3,237.0,0.743,2026-02-02 23:54,118437
JIOFIN,2026-02-24,290.0,0.4,4526100.0,4429750.0,45.0,1924650.0,23500.0,244.1,245.3,237.0,0.743,2026-02-02 23:54,128792
JIOFIN,2026-02-24,292.5,0.45,162150.0,0.0,49.25,16450.0,0.0,244.1,245.3,237.0,0.743,2026-02-02 23:54,132379
JIOFIN,2026-02-24,295.0,0.35,1203200.0,526400.0,53.1,394800.0,2350.0,244.1,245.3,237.0,0.743,2026-02-02 23:54,144416
JIOFIN,2026-02-24,297.5,0.35,136300.0,25850.0,54.15,7050.0,0.0,244.1,245.3,237.0,0.743,2026-02-02 23:54,154873
JIOFIN,2026-02-24,300.0,0.3,18388750.0,5802150.0,55.0,3000950.0,124550.0,244.1,245.3,237.0,0.743,2026-02-02 23:54,167386
JIOFIN,2026-02-24,302.5,0.3,86950.0,91650.0,0.0,0.0,0.0,244.1,245.3,237.0,0.743,2026-02-02 23:54,169327
JIOFIN,2026-02-24,305.0,0.25,909450.0,336050.0,72.85,115150.0,2350.0,244.1,245.3,237.0,0.743,2026-02-02 23:54,187245
JIOFIN,2026-02-24,307.5,0.25,35250.0,14100.0,0.0,0.0,0.0,244.1,245.3,237.0,0.743,2026-02-02 23:54,204601
JIOFIN,2026-02-24,310.0,0.25,1590950.0,1203200.0,68.0,742600.0,2350.0,244.1,245.3,237.0,0.743,2026-02-02 23:54,222783
JIOFIN,2026-02-24,312.5,1.7,18800.0,0.0,0.0,0.0,0.0,244.1,245.3,237.0,0.743,2026-02-02 23:54,236537
JIOFIN,2026-02-24,315.0,0.15,618050.0,145700.0,71.55,178600.0,0.0,244.1,245.3,237.0,0.743,2026-02-02 23:54,255309
JIOFIN,2026-02-24,317.5,0.15,2350.0,0.0,74.05,2350.0,0.0,244.1,245.3,237.0,0.743,2026-02-02 23:54,273008
JIOFIN,2026-02-24,320.0,0.2,1788350.0,672100.0,76.9,824850.0,117500.0,244.1,245.3,237.0,0.743,2026-02-02 23:54,291960
JIOFIN,2026-02-24,322.5,0.05,14100.0,0.0,79.0,4700.0,0.0,244.1,245.3,237.0,0.743,2026-02-02 23:54,305275
JIOFIN,2026-02-24,325.0,0.1,253800.0,11750.0,81.5,7050.0,0.0,244.1,245.3,237.0,0.743,2026-02-02 23:54,324866
JIOFIN,2026-02-24,327.5,0.05,14100.0,0.0,0.0,0.0,0.0,244.1,245.3,237.0,0.743,2026-02-02 23:54,344503
JIOFIN,2026-02-24,330.0,0.1,2185500.0,72850.0,86.25,2422850.0,1619150.0,244.1,245.3,237.0,0.743,2026-02-02 23:54,364199
JIOFIN,2026-02-24,335.0,0.1,9400.0,0.0,0.0,0.0,0.0,244.1,245.3,237.0,0.743,2026-02-02 23:54,385020
JIOFIN,2026-02-24,340.0,0.1,681500.0,126900.0,82.0,834250.0,0.0,244.1,245.3,237.0,0.743,2026-02-02 23:54,426721
JIOFIN,2026-02-24,345.0,0.05,11750.0,0.0,0.0,0.0,0.0,244.1,245.3,237.0,0.743,2026-02-02 23:54,462345
JIOFIN,2026-02-24,350.0,0.15,343100.0,47000.0,100.65,406550.0,199750.0,244.1,245.3,237.0,0.743,2026-02-02 23:54,504810
JSWENERGY,2026-02-24,365.0,0.0,0.0,0.0,1.15,5000.0,0.0,451.5,453.6,440.05,2.427,2026-02-02 23:54,56463
JSWENERGY,2026-02-24,370.0,0.0,0.0,0.0,0.0,0.0,0.0,451.5,453.6,440.05,2.427,2026-02-02 23:54,53513
JSWENERGY,2026-02-24,380.0,0.0,0.0,0.0,1.7,24000.0,0.0,451.5,453.6,440.05,2.427,2026-02-02 23:54,47615
JSWENERGY,2026-02-24,385.0,0.0,0.0,0.0,1.0,23000.0,1000.0,451.5,453.6,440.05,2.427,2026-02-02 23:54,44674
JSWENERGY,2026-02-24,390.0,0.0,0.0,0.0,1.7,70000.0,0.0,451.5,453.6,440.05,2.427,2026-02-02 23:54,41746
JSWENERGY,2026-02-24,395.0,0.0,0.0,0.0,2.5,2000.0,0.0,451.5,453.6,440.05,2.427,2026-02-02 23:54,38844
JSWENERGY,2026-02-24,400.0,48.0,6000.0,2000.0,1.7,372000.0,315000.0,451.5,453.6,440.05,2.427,2026-02-02 23:54,35954
JSWENERGY,2026-02-24,405.0,0.0,0.0,0.0,2.05,48000.0,75000.0,451.5,453.6,440.05,2.427,2026-02-02 23:54,33219
JSWENERGY,2026-02-24,410.0,38.85,34000.0,4000.0,2.55,58000.0,75000.0,451.5,453.6,440.05,2.427,2026-02-02 23:54,30532
JSWENERGY,2026-02-24,415.0,0.0,0.0,0.0,3.15,72000.0,69000.0,451.5,453.6,440.05,2.427,2026-02-02 23:54,28019
JSWENERGY,2026-02-24,420.0,34.5,13000.0,0.0,3.65,214000.0,172000.0,451.5,453.6,440.05,2.427,2026-02-02 23:54,25402
JSWENERGY,2026-02-24,425.0,30.35,3000.0,0.0,4.45,59000.0,73000.0,451.5,453.6,440.05,2.427,2026-02-02 23:54,22888
JSWENERGY,2026-02-24,430.0,27.85,104000.0,49000.0,5.35,220000.0,137000.0,451.5,453.6,440.05,2.427,2026-02-02 23:54,20421
JSWENERGY,2026-02-24,435.0,25.5,45000.0,10000.0,6.5,108000.0,72000.0,451.5,453.6,440.05,2.427,2026-02-02 23:54,18305
JSWENERGY,2026-02-24,440.0,22.0,494000.0,121000.0,8.0,618000.0,265000.0,451.5,453.6,440.05,2.427,2026-02-02 23:54,16138
JSWENERGY,2026-02-24,445.0,18.5,162000.0,282000.0,9.8,207000.0,208000.0,451.5,453.6,440.05,2.427,2026-02-02 23:54,15075
JSWENERGY,2026-02-24,450.0,15.2,635000.0,730000.0,12.15,603000.0,229000.0,451.5,453.6,440.05,2.427,2026-02-02 23:54,13700
JSWENERGY,2026-02-24,455.0,12.65,220000.0,312000.0,14.55,73000.0,37000.0,451.5,453.6,440.05,2.427,2026-02-02 23:54,13081
JSWENERGY,2026-02-24,460.0,10.7,641000.0,728000.0,17.45,204000.0,28000.0,451.5,453.6,440.05,2.427,2026-02-02 23:54,12548
JSWENERGY,2026-02-24,465.0,8.8,195000.0,156000.0,20.25,26000.0,17000.0,451.5,453.6,440.05,2.427,2026-02-02 23:54,12594
JSWENERGY,2026-02-24,470.0,7.25,487000.0,528000.0,23.0,553000.0,13000.0,451.5,453.6,440.05,2.427,2026-02-02 23:54,12541
JSWENERGY,2026-02-24,475.0,5.7,92000.0,210000.0,31.5,14000.0,0.0,451.5,453.6,440.05,2.427,2026-02-02 23:54,11970
JSWENERGY,2026-02-24,480.0,4.7,681000.0,660000.0,31.1,198000.0,21000.0,451.5,453.6,440.05,2.427,2026-02-02 23:54,12378
JSWENERGY,2026-02-24,485.0,3.85,85000.0,127000.0,33.6,15000.0,0.0,451.5,453.6,440.05,2.427,2026-02-02 23:54,12923
JSWENERGY,2026-02-24,490.0,3.1,427000.0,351000.0,41.85,335000.0,25000.0,451.5,453.6,440.05,2.427,2026-02-02 23:54,13795
JSWENERGY,2026-02-24,495.0,2.6,75000.0,62000.0,0.0,0.0,0.0,451.5,453.6,440.05,2.427,2026-02-02 23:54,13796
JSWENERGY,2026-02-24,500.0,2.1,1225000.0,573000.0,55.4,181000.0,6000.0,451.5,453.6,440.05,2.427,2026-02-02 23:54,15124
JSWENERGY,2026-02-24,505.0,1.75,95000.0,117000.0,59.3,1000.0,0.0,451.5,453.6,440.05,2.427,2026-02-02 23:54,16390
JSWENERGY,2026-02-24,510.0,1.3,317000.0,168000.0,58.0,80000.0,0.0,451.5,453.6,440.05,2.427,2026-02-02 23:54,18461
JSWENERGY,2026-02-24,515.0,1.2,19000.0,2000.0,32.0,1000.0,0.0,451.5,453.6,440.05,2.427,2026-02-02 23:54,20296
JSWENERGY,2026-02-24,520.0,0.9,300000.0,37000.0,75.95,259000.0,0.0,451.5,453.6,440.05,2.427,2026-02-02 23:54,22563
JSWENERGY,2026-02-24,530.0,0.55,446000.0,26000.0,85.55,928000.0,0.0,451.5,453.6,440.05,2.427,2026-02-02 23:54,25718
JSWENERGY,2026-02-24,540.0,0.6,206000.0,22000.0,97.2,262000.0,0.0,451.5,453.6,440.05,2.427,2026-02-02 23:54,24272
JSWENERGY,2026-02-24,550.0,0.4,67000.0,8000.0,110.0,21000.0,0.0,451.5,453.6,440.05,2.427,2026-02-02 23:54,28675
JSWENERGY,2026-02-24,560.0,0.45,26000.0,0.0,116.7,45000.0,0.0,451.5,453.6,440.05,2.427,2026-02-02 23:54,35472
JSWENERGY,2026-02-24,570.0,3.0,4000.0,0.0,0.0,0.0,0.0,451.5,453.6,440.05,2.427,2026-02-02 23:54,42044
JSWENERGY,2026-02-24,580.0,0.35,34000.0,0.0,137.95,4000.0,0.0,451.5,453.6,440.05,2.427,2026-02-02 23:54,49145
JSWSTEEL,2026-02-24,980.0,0.0,0.0,0.0,0.05,1350.0,0.0,1199.2,1203.8,1174.0,0.646,2026-02-02 23:54,59975
JSWSTEEL,2026-02-24,1000.0,212.8,62775.0,0.0,0.6,99900.0,23625.0,1199.2,1203.8,1174.0,0.646,2026-02-02 23:54,51637
JSWSTEEL,2026-02-24,1040.0,143.2,675.0,0.0,1.35,153225.0,47250.0,1199.2,1203.8,1174.0,0.646,2026-02-02 23:54,36943
JSWSTEEL,2026-02-24,1050.0,164.0,8775.0,0.0,1.55,265950.0,142425.0,1199.2,1203.8,1174.0,0.646,2026-02-02 23:54,33080
JSWSTEEL,2026-02-24,1060.0,65.0,675.0,0.0,1.65,45900.0,20925.0,1199.2,1203.8,1174.0,0.646,2026-02-02 23:54,29605
JSWSTEEL,2026-02-24,1070.0,0.0,0.0,0.0,3.0,46575.0,3375.0,1199.2,1203.8,1174.0,0.646,2026-02-02 23:54,26071
JSWSTEEL,2026-02-24,1080.0,0.0,0.0,0.0,3.2,62100.0,65475.0,1199.2,1203.8,1174.0,0.646,2026-02-02 23:54,22572
JSWSTEEL,2026-02-24,1090.0,0.0,0.0,0.0,3.8,14850.0,28350.0,1199.2,1203.8,1174.0,0.646,2026-02-02 23:54,19130
JSWSTEEL,2026-02-24,1100.0,103.0,68175.0,1350.0,4.5,663525.0,461025.0,1199.2,1203.8,1174.0,0.646,2026-02-02 23:54,15717
JSWSTEEL,2026-02-24,1110.0,0.0,0.0,0.0,6.0,19575.0,16200.0,1199.2,1203.8,1174.0,0.646,2026-02-02 23:54,13445
JSWSTEEL,2026-02-24,1120.0,80.1,2025.0,1350.0,6.8,113400.0,71550.0,1199.2,1203.8,1174.0,0.646,2026-02-02 23:54,10777
JSWSTEEL,2026-02-24,1130.0,71.85,3375.0,4050.0,8.3,144450.0,67500.0,1199.2,1203.8,1174.0,0.646,2026-02-02 23:54,8176
JSWSTEEL,2026-02-24,1140.0,72.45,3375.0,0.0,10.0,400950.0,132300.0,1199.2,1203.8,1174.0,0.646,2026-02-02 23:54,5687
JSWSTEEL,2026-02-24,1150.0,65.2,44550.0,0.0,12.3,294975.0,274050.0,1199.2,1203.8,1174.0,0.646,2026-02-02 23:54,3322
JSWSTEEL,2026-02-24,1160.0,58.3,26325.0,10800.0,14.75,163350.0,209250.0,1199.2,1203.8,1174.0,0.646,2026-02-02 23:54,1601
JSWSTEEL,2026-02-24,1170.0,51.4,54000.0,50625.0,17.75,181575.0,656775.0,1199.2,1203.8,1174.0,0.646,2026-02-02 23:54,54
JSWSTEEL,2026-02-24,1180.0,46.1,116775.0,103275.0,21.0,201825.0,552825.0,1199.2,1203.8,1174.0,0.646,2026-02-02 23:54,-1214
JSWSTEEL,2026-02-24,1190.0,39.0,130275.0,170775.0,24.8,135000.0,365850.0,1199.2,1203.8,1174.0,0.646,2026-02-02 23:54,-2004
JSWSTEEL,2026-02-24,1200.0,33.65,539325.0,1348650.0,28.95,350325.0,590625.0,1199.2,1203.8,1174.0,0.646,2026-02-02 23:54,-2471
JSWSTEEL,2026-02-24,1210.0,28.95,93150.0,312525.0,32.65,104625.0,201150.0,1199.2,1203.8,1174.0,0.646,2026-02-02 23:54,-1421
JSWSTEEL,2026-02-24,1220.0,24.45,293625.0,551475.0,39.45,115425.0,195750.0,1199.2,1203.8,1174.0,0.646,2026-02-02 23:54,-1045
JSWSTEEL,2026-02-24,1230.0,21.35,290250.0,490050.0,45.8,162000.0,18225.0,1199.2,1203.8,1174.0,0.646,2026-02-02 23:54,73
JSWSTEEL,2026-02-24,1240.0,16.8,568350.0,488025.0,51.85,149850.0,8100.0,1199.2,1203.8,1174.0,0.646,2026-02-02 23:54,1260
JSWSTEEL,2026-02-24,1250.0,13.6,472500.0,796500.0,57.5,120150.0,10800.0,1199.2,1203.8,1174.0,0.646,2026-02-02 23:54,3465
JSWSTEEL,2026-02-24,1260.0,12.0,170100.0,319950.0,65.0,76275.0,37125.0,1199.2,1203.8,1174.0,0.646,2026-02-02 23:54,6036
JSWSTEEL,2026-02-24,1270.0,9.35,68175.0,122850.0,83.85,8775.0,2025.0,1199.2,1203.8,1174.0,0.646,2026-02-02 23:54,8610
JSWSTEEL,2026-02-24,1280.0,8.1,180225.0,139050.0,81.0,31725.0,10125.0,1199.2,1203.8,1174.0,0.646,2026-02-02 23:54,11544
JSWSTEEL,2026-02-24,1290.0,6.1,83700.0,84375.0,64.95,4050.0,0.0,1199.2,1203.8,1174.0,0.646,2026-02-02 23:54,14588
JSWSTEEL,2026-02-24,1300.0,5.0,623025.0,288225.0,103.0,37800.0,13500.0,1199.2,1203.8,1174.0,0.646,2026-02-02 23:54,17855
JSWSTEEL,2026-02-24,1310.0,3.8,55350.0,30375.0,0.0,0.0,0.0,1199.2,1203.8,1174.0,0.646,2026-02-02 23:54,21681
JSWSTEEL,2026-02-24,1320.0,3.05,135000.0,55350.0,96.0,0.0,0.0,1199.2,1203.8,1174.0,0.646,2026-02-02 23:54,25661
JSWSTEEL,2026-02-24,1330.0,1.9,87075.0,14175.0,0.0,0.0,0.0,1199.2,1203.8,1174.0,0.646,2026-02-02 23:54,29796
JSWSTEEL,2026-02-24,1340.0,1.85,174150.0,162000.0,0.0,0.0,0.0,1199.2,1203.8,1174.0,0.646,2026-02-02 23:54,33993
JSWSTEEL,2026-02-24,1350.0,1.6,94500.0,85725.0,152.2,0.0,0.0,1199.2,1203.8,1174.0,0.646,2026-02-02 23:54,38380
JSWSTEEL,2026-02-24,1360.0,1.15,53325.0,28350.0,0.0,0.0,0.0,1199.2,1203.8,1174.0,0.646,2026-02-02 23:54,42845
JSWSTEEL,2026-02-24,1370.0,0.95,128925.0,12150.0,0.0,0.0,0.0,1199.2,1203.8,1174.0,0.646,2026-02-02 23:54,47354
JSWSTEEL,2026-02-24,1380.0,0.7,265275.0,46575.0,0.0,0.0,0.0,1199.2,1203.8,1174.0,0.646,2026-02-02 23:54,51998
JSWSTEEL,2026-02-24,1400.0,0.4,751275.0,357075.0,173.0,675.0,0.0,1199.2,1203.8,1174.0,0.646,2026-02-02 23:54,61811
JUBLFOOD,2026-02-24,400.0,0.0,0.0,0.0,0.6,388750.0,7500.0,496.45,497.8,488.45,0.843,2026-02-02 23:54,30619
JUBLFOOD,2026-02-24,410.0,0.0,0.0,0.0,0.0,0.0,0.0,496.45,497.8,488.45,0.843,2026-02-02 23:54,27311
JUBLFOOD,2026-02-24,420.0,0.0,0.0,0.0,1.1,102500.0,245000.0,496.45,497.8,488.45,0.843,2026-02-02 23:54,24026
JUBLFOOD,2026-02-24,430.0,0.0,0.0,0.0,1.5,118750.0,71250.0,496.45,497.8,488.45,0.843,2026-02-02 23:54,20832
JUBLFOOD,2026-02-24,435.0,0.0,0.0,0.0,0.0,0.0,0.0,496.45,497.8,488.45,0.843,2026-02-02 23:54,19282
JUBLFOOD,2026-02-24,440.0,58.0,2500.0,0.0,2.25,83750.0,88750.0,496.45,497.8,488.45,0.843,2026-02-02 23:54,17751
JUBLFOOD,2026-02-24,445.0,0.0,0.0,0.0,1.8,2500.0,0.0,496.45,497.8,488.45,0.843,2026-02-02 23:54,16257
JUBLFOOD,2026-02-24,450.0,50.0,7500.0,1250.0,3.3,183750.0,125000.0,496.45,497.8,488.45,0.843,2026-02-02 23:54,14769
JUBLFOOD,2026-02-24,455.0,0.0,0.0,0.0,4.65,11250.0,11250.0,496.45,497.8,488.45,0.843,2026-02-02 23:54,13354
JUBLFOOD,2026-02-24,460.0,44.6,12500.0,0.0,4.5,137500.0,72500.0,496.45,497.8,488.45,0.843,2026-02-02 23:54,11963
JUBLFOOD,2026-02-24,465.0,33.75,3750.0,11250.0,5.2,3750.0,0.0,496.45,497.8,488.45,0.843,2026-02-02 23:54,10646
JUBLFOOD,2026-02-24,470.0,30.55,3750.0,0.0,6.55,212500.0,217500.0,496.45,497.8,488.45,0.843,2026-02-02 23:54,9349
JUBLFOOD,2026-02-24,475.0,29.7,51250.0,0.0,8.35,75000.0,25000.0,496.45,497.8,488.45,0.843,2026-02-02 23:54,8022
JUBLFOOD,2026-02-24,480.0,26.3,85000.0,11250.0,9.7,330000.0,213750.0,496.45,497.8,488.45,0.843,2026-02-02 23:54,6975
JUBLFOOD,2026-02-24,485.0,23.8,56250.0,15000.0,11.05,97500.0,92500.0,496.45,497.8,488.45,0.843,2026-02-02 23:54,5950
JUBLFOOD,2026-02-24,490.0,19.45,317500.0,225000.0,13.15,328750.0,358750.0,496.45,497.8,488.45,0.843,2026-02-02 23:54,5124
JUBLFOOD,2026-02-24,495.0,17.15,125000.0,185000.0,15.1,110000.0,91250.0,496.45,497.8,488.45,0.843,2026-02-02 23:54,4780
JUBLFOOD,2026-02-24,500.0,14.0,588750.0,603750.0,18.6,505000.0,216250.0,496.45,497.8,488.45,0.843,2026-02-02 23:54,4418
JUBLFOOD,2026-02-24,505.0,12.65,101250.0,78750.0,21.45,12500.0,0.0,496.45,497.8,488.45,0.843,2026-02-02 23:54,4438
JUBLFOOD,2026-02-24,510.0,10.4,387500.0,381250.0,23.65,91250.0,18750.0,496.45,497.8,488.45,0.843,2026-02-02 23:54,4732
JUBLFOOD,2026-02-24,515.0,9.5,35000.0,18750.0,28.8,3750.0,0.0,496.45,497.8,488.45,0.843,2026-02-02 23:54,5351
JUBLFOOD,2026-02-24,520.0,7.7,293750.0,305000.0,30.95,70000.0,13750.0,496.45,497.8,488.45,0.843,2026-02-02 23:54,5825
JUBLFOOD,2026-02-24,525.0,5.55,31250.0,0.0,36.25,11250.0,0.0,496.45,497.8,488.45,0.843,2026-02-02 23:54,6467
JUBLFOOD,2026-02-24,530.0,5.0,307500.0,200000.0,39.6,46250.0,0.0,496.45,497.8,488.45,0.843,2026-02-02 23:54,7098
JUBLFOOD,2026-02-24,535.0,0.0,0.0,0.0,0.0,0.0,0.0,496.45,497.8,488.45,0.843,2026-02-02 23:54,7900
JUBLFOOD,2026-02-24,540.0,3.5,307500.0,145000.0,54.7,133750.0,0.0,496.45,497.8,488.45,0.843,2026-02-02 23:54,8731
JUBLFOOD,2026-02-24,545.0,2.4,6250.0,0.0,0.0,0.0,0.0,496.45,497.8,488.45,0.843,2026-02-02 23:54,9159
JUBLFOOD,2026-02-24,550.0,2.55,338750.0,175000.0,53.8,87500.0,0.0,496.45,497.8,488.45,0.843,2026-02-02 23:54,10216
JUBLFOOD,2026-02-24,555.0,0.0,0.0,0.0,62.1,2500.0,0.0,496.45,497.8,488.45,0.843,2026-02-02 23:54,11099
JUBLFOOD,2026-02-24,560.0,1.75,232500.0,62500.0,68.0,75000.0,0.0,496.45,497.8,488.45,0.843,2026-02-02 23:54,12353
JUBLFOOD,2026-02-24,570.0,1.3,160000.0,142500.0,76.25,17500.0,0.0,496.45,497.8,488.45,0.843,2026-02-02 23:54,14730
JUBLFOOD,2026-02-24,575.0,0.55,1250.0,0.0,81.1,3750.0,0.0,496.45,497.8,488.45,0.843,2026-02-02 23:54,16129
JUBLFOOD,2026-02-24,580.0,0.85,150000.0,17500.0,74.05,32500.0,0.0,496.45,497.8,488.45,0.843,2026-02-02 23:54,17614
JUBLFOOD,2026-02-24,585.0,0.0,0.0,0.0,90.85,2500.0,0.0,496.45,497.8,488.45,0.843,2026-02-02 23:54,18991
JUBLFOOD,2026-02-24,590.0,0.0,0.0,0.0,84.9,23750.0,0.0,496.45,497.8,488.45,0.843,2026-02-02 23:54,20575
JUBLFOOD,2026-02-24,595.0,0.0,0.0,0.0,100.65,7500.0,0.0,496.45,497.8,488.45,0.843,2026-02-02 23:54,21993
JUBLFOOD,2026-02-24,600.0,0.7,1332500.0,60000.0,108.0,146250.0,3750.0,496.45,497.8,488.45,0.843,2026-02-02 23:54,23540
JUBLFOOD,2026-02-24,610.0,0.1,18750.0,0.0,111.15,23750.0,0.0,496.45,497.8,488.45,0.843,2026-02-02 23:54,26777
JUBLFOOD,2026-02-24,615.0,0.35,220000.0,17500.0,0.0,0.0,0.0,496.45,497.8,488.45,0.843,2026-02-02 23:54,28896
JUBLFOOD,2026-02-24,620.0,0.2,146250.0,61250.0,129.5,35000.0,0.0,496.45,497.8,488.45,0.843,2026-02-02 23:54,31397
JUBLFOOD,2026-02-24,630.0,0.3,32500.0,15000.0,135.35,6250.0,0.0,496.45,497.8,488.45,0.843,2026-02-02 23:54,36114
JUBLFOOD,2026-02-24,640.0,0.55,7500.0,0.0,151.9,31250.0,0.0,496.45,497.8,488.45,0.843,2026-02-02 23:54,41237
JUBLFOOD,2026-02-24,650.0,0.05,2500.0,0.0,155.3,81250.0,0.0,496.45,497.8,488.45,0.843,2026-02-02 23:54,46008
JUBLFOOD,2026-02-24,680.0,0.2,6250.0,0.0,192.0,37500.0,0.0,496.45,497.8,488.45,0.843,2026-02-02 23:54,60732
KALYANKJIL,2026-02-24,290.0,0.0,0.0,0.0,0.0,0.0,0.0,365.5,369.85,355.85,-0.922,2026-02-02 23:54,71378
KALYANKJIL,2026-02-24,300.0,60.0,28200.0,4700.0,1.5,988175.0,607475.0,365.5,369.85,355.85,-0.922,2026-02-02 23:54,60141
KALYANKJIL,2026-02-24,310.0,0.0,0.0,0.0,2.1,98700.0,157450.0,365.5,369.85,355.85,-0.922,2026-02-02 23:54,49942
KALYANKJIL,2026-02-24,315.0,52.7,8225.0,3525.0,2.85,95175.0,2350.0,365.5,369.85,355.85,-0.922,2026-02-02 23:54,44861
KALYANKJIL,2026-02-24,320.0,54.0,124550.0,0.0,2.95,320775.0,334875.0,365.5,369.85,355.85,-0.922,2026-02-02 23:54,39868
KALYANKJIL,2026-02-24,325.0,0.0,0.0,0.0,7.1,3525.0,0.0,365.5,369.85,355.85,-0.922,2026-02-02 23:54,35659
KALYANKJIL,2026-02-24,330.0,37.95,5875.0,0.0,4.35,314900.0,244400.0,365.5,369.85,355.85,-0.922,2026-02-02 23:54,30872
KALYANKJIL,2026-02-24,335.0,32.25,10575.0,5875.0,5.0,105750.0,250275.0,365.5,369.85,355.85,-0.922,2026-02-02 23:54,26133
KALYANKJIL,2026-02-24,340.0,43.95,42300.0,0.0,5.95,759050.0,411250.0,365.5,369.85,355.85,-0.922,2026-02-02 23:54,21548
KALYANKJIL,2026-02-24,345.0,29.85,21150.0,24675.0,7.5,304325.0,195050.0,365.5,369.85,355.85,-0.922,2026-02-02 23:54,17117
KALYANKJIL,2026-02-24,350.0,29.1,150400.0,223250.0,8.85,600425.0,970550.0,365.5,369.85,355.85,-0.922,2026-02-02 23:54,12950
KALYANKJIL,2026-02-24,355.0,24.75,74025.0,226775.0,10.05,347800.0,666225.0,365.5,369.85,355.85,-0.922,2026-02-02 23:54,9229
KALYANKJIL,2026-02-24,360.0,21.9,445325.0,1986925.0,12.75,920025.0,1625025.0,365.5,369.85,355.85,-0.922,2026-02-02 23:54,5646
KALYANKJIL,2026-02-24,365.0,18.6,253800.0,983475.0,14.65,324300.0,471175.0,365.5,369.85,355.85,-0.922,2026-02-02 23:54,2715
KALYANKJIL,2026-02-24,370.0,16.15,1307775.0,2100900.0,18.1,2724825.0,1179700.0,365.5,369.85,355.85,-0.922,2026-02-02 23:54,267
KALYANKJIL,2026-02-24,375.0,14.05,442975.0,844825.0,20.35,289050.0,423000.0,365.5,369.85,355.85,-0.922,2026-02-02 23:54,-2980
KALYANKJIL,2026-02-24,380.0,12.1,3107875.0,2774175.0,23.55,1468750.0,303150.0,365.5,369.85,355.85,-0.922,2026-02-02 23:54,-3008
KALYANKJIL,2026-02-24,385.0,10.55,312550.0,393625.0,26.85,96350.0,25850.0,365.5,369.85,355.85,-0.922,2026-02-02 23:54,-481
KALYANKJIL,2026-02-24,390.0,10.0,485275.0,593375.0,31.7,95175.0,0.0,365.5,369.85,355.85,-0.922,2026-02-02 23:54,2020
KALYANKJIL,2026-02-24,395.0,7.9,176250.0,86950.0,35.1,49350.0,4700.0,365.5,369.85,355.85,-0.922,2026-02-02 23:54,4924
KALYANKJIL,2026-02-24,400.0,6.75,2757725.0,2789450.0,39.4,414775.0,57575.0,365.5,369.85,355.85,-0.922,2026-02-02 23:54,7724
KALYANKJIL,2026-02-24,405.0,6.25,145700.0,79900.0,39.2,37600.0,0.0,365.5,369.85,355.85,-0.922,2026-02-02 23:54,12371
KALYANKJIL,2026-02-24,410.0,5.05,286700.0,226775.0,47.65,35250.0,0.0,365.5,369.85,355.85,-0.922,2026-02-02 23:54,16826
KALYANKJIL,2026-02-24,415.0,4.5,110450.0,65800.0,58.85,21150.0,1175.0,365.5,369.85,355.85,-0.922,2026-02-02 23:54,21475
KALYANKJIL,2026-02-24,420.0,3.7,565175.0,606300.0,57.75,54050.0,0.0,365.5,369.85,355.85,-0.922,2026-02-02 23:54,26138
KALYANKJIL,2026-02-24,425.0,3.3,74025.0,103400.0,60.7,24675.0,0.0,365.5,369.85,355.85,-0.922,2026-02-02 23:54,31083
KALYANKJIL,2026-02-24,430.0,2.8,289050.0,293750.0,70.85,70500.0,5875.0,365.5,369.85,355.85,-0.922,2026-02-02 23:54,36055
KALYANKJIL,2026-02-24,435.0,3.45,11750.0,0.0,71.95,2350.0,0.0,365.5,369.85,355.85,-0.922,2026-02-02 23:54,40913
KALYANKJIL,2026-02-24,440.0,2.2,633325.0,224425.0,80.8,61100.0,0.0,365.5,369.85,355.85,-0.922,2026-02-02 23:54,46185
KALYANKJIL,2026-02-24,445.0,2.05,58750.0,24675.0,55.4,12925.0,0.0,365.5,369.85,355.85,-0.922,2026-02-02 23:54,51461
KALYANKJIL,2026-02-24,450.0,1.8,817800.0,393625.0,82.0,109275.0,10575.0,365.5,369.85,355.85,-0.922,2026-02-02 23:54,57069
KALYANKJIL,2026-02-24,455.0,1.6,8225.0,1175.0,0.0,0.0,0.0,365.5,369.85,355.85,-0.922,2026-02-02 23:54,62451
KALYANKJIL,2026-02-24,460.0,1.2,316075.0,65800.0,93.55,44650.0,5875.0,365.5,369.85,355.85,-0.922,2026-02-02 23:54,68587
KALYANKJIL,2026-02-24,465.0,1.85,56400.0,0.0,23.15,11750.0,0.0,365.5,369.85,355.85,-0.922,2026-02-02 23:54,74522
KALYANKJIL,2026-02-24,470.0,1.15,155100.0,28200.0,96.65,14100.0,0.0,365.5,369.85,355.85,-0.922,2026-02-02 23:54,80854
KALYANKJIL,2026-02-24,475.0,1.0,10575.0,1175.0,108.3,5875.0,0.0,365.5,369.85,355.85,-0.922,2026-02-02 23:54,87169
KALYANKJIL,2026-02-24,480.0,0.95,352500.0,43475.0,108.8,55225.0,0.0,365.5,369.85,355.85,-0.922,2026-02-02 23:54,93549
KALYANKJIL,2026-02-24,485.0,1.2,19975.0,0.0,0.0,0.0,0.0,365.5,369.85,355.85,-0.922,2026-02-02 23:54,99627
KALYANKJIL,2026-02-24,490.0,0.85,98700.0,47000.0,126.0,16450.0,0.0,365.5,369.85,355.85,-0.922,2026-02-02 23:54,106285
KALYANKJIL,2026-02-24,495.0,1.5,12925.0,0.0,0.0,0.0,0.0,365.5,369.85,355.85,-0.922,2026-02-02 23:54,112800
KALYANKJIL,2026-02-24,500.0,0.75,1062200.0,301975.0,139.0,166850.0,11750.0,365.5,369.85,355.85,-0.922,2026-02-02 23:54,119522
KALYANKJIL,2026-02-24,505.0,4.45,1175.0,0.0,0.0,0.0,0.0,365.5,369.85,355.85,-0.922,2026-02-02 23:54,124616
KALYANKJIL,2026-02-24,510.0,0.8,1175.0,0.0,61.6,19975.0,0.0,365.5,369.85,355.85,-0.922,2026-02-02 23:54,131952
KALYANKJIL,2026-02-24,520.0,0.55,266725.0,1175.0,152.0,85775.0,0.0,365.5,369.85,355.85,-0.922,2026-02-02 23:54,146520
KALYANKJIL,2026-02-24,525.0,0.0,0.0,0.0,67.0,4700.0,0.0,365.5,369.85,355.85,-0.922,2026-02-02 23:54,152753
KALYANKJIL,2026-02-24,530.0,0.5,9400.0,0.0,75.5,7050.0,0.0,365.5,369.85,355.85,-0.922,2026-02-02 23:54,160245
KALYANKJIL,2026-02-24,540.0,0.4,66975.0,2350.0,171.0,47000.0,0.0,365.5,369.85,355.85,-0.922,2026-02-02 23:54,175257
KALYANKJIL,2026-02-24,545.0,1.0,1175.0,0.0,0.0,0.0,0.0,365.5,369.85,355.85,-0.922,2026-02-02 23:54,182045
KALYANKJIL,2026-02-24,550.0,0.45,236175.0,0.0,0.0,0.0,0.0,365.5,369.85,355.85,-0.922,2026-02-02 23:54,189635
KALYANKJIL,2026-02-24,560.0,0.3,15275.0,11750.0,0.0,0.0,0.0,365.5,369.85,355.85,-0.922,2026-02-02 23:54,205062
KALYANKJIL,2026-02-24,575.0,2.2,1175.0,0.0,0.0,0.0,0.0,365.5,369.85,355.85,-0.922,2026-02-02 23:54,228209
KALYANKJIL,2026-02-24,580.0,0.25,8225.0,0.0,213.65,7050.0,0.0,365.5,369.85,355.85,-0.922,2026-02-02 23:54,235926
KALYANKJIL,2026-02-24,600.0,0.25,324300.0,12925.0,0.0,0.0,0.0,365.5,369.85,355.85,-0.922,2026-02-02 23:54,266671
KAYNES,2026-02-24,2800.0,700.0,900.0,0.0,17.95,53300.0,79100.0,3471.1,3578.7,3356.5,-2.5,2026-02-02 23:54,63683
KAYNES,2026-02-24,2900.0,690.05,600.0,0.0,24.05,55800.0,25100.0,3471.1,3578.7,3356.5,-2.5,2026-02-02 23:54,52095
KAYNES,2026-02-24,3000.0,519.0,10100.0,10400.0,31.95,122400.0,214100.0,3471.1,3578.7,3356.5,-2.5,2026-02-02 23:54,41011
KAYNES,2026-02-24,3050.0,560.15,200.0,0.0,0.0,0.0,0.0,3471.1,3578.7,3356.5,-2.5,2026-02-02 23:54,36311
KAYNES,2026-02-24,3100.0,0.0,0.0,0.0,46.0,18500.0,84200.0,3471.1,3578.7,3356.5,-2.5,2026-02-02 23:54,31491
KAYNES,2026-02-24,3150.0,390.0,400.0,600.0,55.6,4600.0,20300.0,3471.1,3578.7,3356.5,-2.5,2026-02-02 23:54,26666
KAYNES,2026-02-24,3200.0,350.0,2700.0,1000.0,64.25,77900.0,196800.0,3471.1,3578.7,3356.5,-2.5,2026-02-02 23:54,21942
KAYNES,2026-02-24,3250.0,325.0,4600.0,2300.0,78.15,11700.0,31100.0,3471.1,3578.7,3356.5,-2.5,2026-02-02 23:54,17224
KAYNES,2026-02-24,3300.0,285.0,23000.0,15400.0,91.3,65900.0,174500.0,3471.1,3578.7,3356.5,-2.5,2026-02-02 23:54,13052
KAYNES,2026-02-24,3350.0,259.2,14200.0,19700.0,109.7,38000.0,128600.0,3471.1,3578.7,3356.5,-2.5,2026-02-02 23:54,9320
KAYNES,2026-02-24,3400.0,225.0,66600.0,325200.0,128.05,117900.0,484400.0,3471.1,3578.7,3356.5,-2.5,2026-02-02 23:54,5747
KAYNES,2026-02-24,3450.0,198.9,18200.0,102400.0,150.65,20800.0,126300.0,3471.1,3578.7,3356.5,-2.5,2026-02-02 23:54,3134
KAYNES,2026-02-24,3500.0,171.0,216700.0,480600.0,174.4,281500.0,253100.0,3471.1,3578.7,3356.5,-2.5,2026-02-02 23:54,776
KAYNES,2026-02-24,3550.0,149.6,32000.0,206700.0,206.6,104700.0,97800.0,3471.1,3578.7,3356.5,-2.5,2026-02-02 23:54,-343
KAYNES,2026-02-24,3600.0,131.0,104300.0,351700.0,236.15,70900.0,35700.0,3471.1,3578.7,3356.5,-2.5,2026-02-02 23:54,-1260
KAYNES,2026-02-24,3650.0,113.0,30900.0,58600.0,268.5,11300.0,4900.0,3471.1,3578.7,3356.5,-2.5,2026-02-02 23:54,74
KAYNES,2026-02-24,3700.0,98.95,89600.0,208200.0,302.0,24800.0,2600.0,3471.1,3578.7,3356.5,-2.5,2026-02-02 23:54,1975
KAYNES,2026-02-24,3750.0,87.0,13800.0,39800.0,393.9,1200.0,700.0,3471.1,3578.7,3356.5,-2.5,2026-02-02 23:54,4539
KAYNES,2026-02-24,3800.0,75.8,119000.0,256900.0,398.0,23700.0,6200.0,3471.1,3578.7,3356.5,-2.5,2026-02-02 23:54,7113
KAYNES,2026-02-24,3850.0,66.6,18800.0,44400.0,388.2,200.0,0.0,3471.1,3578.7,3356.5,-2.5,2026-02-02 23:54,10287
KAYNES,2026-02-24,3900.0,57.6,36600.0,80000.0,472.0,7200.0,400.0,3471.1,3578.7,3356.5,-2.5,2026-02-02 23:54,13714
KAYNES,2026-02-24,3950.0,51.8,14200.0,7400.0,462.35,900.0,0.0,3471.1,3578.7,3356.5,-2.5,2026-02-02 23:54,17114
KAYNES,2026-02-24,4000.0,44.0,236100.0,414900.0,599.0,30900.0,1300.0,3471.1,3578.7,3356.5,-2.5,2026-02-02 23:54,20751
KAYNES,2026-02-24,4050.0,37.5,3200.0,3700.0,541.25,200.0,0.0,3471.1,3578.7,3356.5,-2.5,2026-02-02 23:54,24878
KAYNES,2026-02-24,4100.0,32.7,15600.0,29400.0,525.0,4700.0,0.0,3471.1,3578.7,3356.5,-2.5,2026-02-02 23:54,29836
KAYNES,2026-02-24,4150.0,21.65,2800.0,900.0,624.5,500.0,0.0,3471.1,3578.7,3356.5,-2.5,2026-02-02 23:54,34698
KAYNES,2026-02-24,4200.0,27.4,35100.0,60900.0,725.0,6700.0,300.0,3471.1,3578.7,3356.5,-2.5,2026-02-02 23:54,39747
KAYNES,2026-02-24,4250.0,34.1,800.0,0.0,0.0,0.0,0.0,3471.1,3578.7,3356.5,-2.5,2026-02-02 23:54,44641
KAYNES,2026-02-24,4300.0,27.0,11600.0,11800.0,756.0,400.0,0.0,3471.1,3578.7,3356.5,-2.5,2026-02-02 23:54,49932
KAYNES,2026-02-24,4350.0,20.6,500.0,900.0,0.0,0.0,0.0,3471.1,3578.7,3356.5,-2.5,2026-02-02 23:54,55280
KAYNES,2026-02-24,4400.0,19.7,17000.0,4700.0,900.0,7400.0,0.0,3471.1,3578.7,3356.5,-2.5,2026-02-02 23:54,60631
KAYNES,2026-02-24,4500.0,14.0,46400.0,109200.0,980.0,8700.0,0.0,3471.1,3578.7,3356.5,-2.5,2026-02-02 23:54,70943
KAYNES,2026-02-24,4600.0,12.8,21300.0,16300.0,1266.7,1500.0,0.0,3471.1,3578.7,3356.5,-2.5,2026-02-02 23:54,81650
KAYNES,2026-02-24,4800.0,7.0,2300.0,1000.0,1379.3,3800.0,0.0,3471.1,3578.7,3356.5,-2.5,2026-02-02 23:54,104933
KAYNES,2026-02-24,5000.0,7.45,26800.0,64500.0,1393.0,31700.0,0.0,3471.1,3578.7,3356.5,-2.5,2026-02-02 23:54,127979
KAYNES,2026-02-24,5200.0,4.0,400.0,0.0,0.0,0.0,0.0,3471.1,3578.7,3356.5,-2.5,2026-02-02 23:54,148321
KAYNES,2026-02-24,5400.0,5.0,1100.0,0.0,0.0,0.0,0.0,3471.1,3578.7,3356.5,-2.5,2026-02-02 23:54,173067
KAYNES,2026-02-24,5600.0,10.0,500.0,0.0,0.0,0.0,0.0,3471.1,3578.7,3356.5,-2.5,2026-02-02 23:54,197836
KAYNES,2026-02-24,6200.0,3.05,6800.0,8800.0,0.0,0.0,0.0,3471.1,3578.7,3356.5,-2.5,2026-02-02 23:54,272170
KEI,2026-02-24,3200.0,559.1,175.0,0.0,0.0,0.0,0.0,4079.8,4101.8,3928.4,2.652,2026-02-02 23:54,10827
KEI,2026-02-24,3250.0,0.0,0.0,0.0,0.0,0.0,0.0,4079.8,4101.8,3928.4,2.652,2026-02-02 23:54,9678
KEI,2026-02-24,3300.0,698.15,2450.0,2625.0,7.3,4375.0,2625.0,4079.8,4101.8,3928.4,2.652,2026-02-02 23:54,8520
KEI,2026-02-24,3350.0,684.15,700.0,1575.0,10.0,0.0,175.0,4079.8,4101.8,3928.4,2.652,2026-02-02 23:54,7563
KEI,2026-02-24,3400.0,407.65,525.0,0.0,15.05,2450.0,0.0,4079.8,4101.8,3928.4,2.652,2026-02-02 23:54,6490
KEI,2026-02-24,3450.0,587.25,0.0,525.0,11.0,11375.0,175.0,4079.8,4101.8,3928.4,2.652,2026-02-02 23:54,5402
KEI,2026-02-24,3500.0,314.95,350.0,0.0,12.2,12775.0,20825.0,4079.8,4101.8,3928.4,2.652,2026-02-02 23:54,4340
KEI,2026-02-24,3550.0,469.4,350.0,0.0,31.6,4200.0,0.0,4079.8,4101.8,3928.4,2.652,2026-02-02 23:54,3352
KEI,2026-02-24,3600.0,380.0,700.0,0.0,17.0,11550.0,13825.0,4079.8,4101.8,3928.4,2.652,2026-02-02 23:54,2395
KEI,2026-02-24,3650.0,399.8,1400.0,875.0,23.35,2975.0,7350.0,4079.8,4101.8,3928.4,2.652,2026-02-02 23:54,1502
KEI,2026-02-24,3700.0,357.1,2975.0,350.0,27.45,21175.0,8225.0,4079.8,4101.8,3928.4,2.652,2026-02-02 23:54,674
KEI,2026-02-24,3750.0,308.0,2100.0,1400.0,31.5,5250.0,5075.0,4079.8,4101.8,3928.4,2.652,2026-02-02 23:54,-34
KEI,2026-02-24,3800.0,301.3,18200.0,16100.0,40.15,38500.0,100625.0,4079.8,4101.8,3928.4,2.652,2026-02-02 23:54,-706
KEI,2026-02-24,3850.0,249.3,4200.0,5075.0,54.0,14175.0,5950.0,4079.8,4101.8,3928.4,2.652,2026-02-02 23:54,-749
KEI,2026-02-24,3900.0,213.65,14525.0,17500.0,65.15,24150.0,21350.0,4079.8,4101.8,3928.4,2.652,2026-02-02 23:54,-1065
KEI,2026-02-24,3950.0,189.8,38325.0,42700.0,106.5,20825.0,3850.0,4079.8,4101.8,3928.4,2.652,2026-02-02 23:54,-1064
KEI,2026-02-24,4000.0,157.6,49525.0,355075.0,96.05,33600.0,33775.0,4079.8,4101.8,3928.4,2.652,2026-02-02 23:54,-414
KEI,2026-02-24,4050.0,130.45,16800.0,18725.0,127.3,2275.0,5075.0,4079.8,4101.8,3928.4,2.652,2026-02-02 23:54,603
KEI,2026-02-24,4100.0,97.05,32550.0,102375.0,145.0,2625.0,4900.0,4079.8,4101.8,3928.4,2.652,2026-02-02 23:54,1448
KEI,2026-02-24,4150.0,84.0,3150.0,2800.0,270.9,1750.0,0.0,4079.8,4101.8,3928.4,2.652,2026-02-02 23:54,2558
KEI,2026-02-24,4200.0,68.25,1750.0,2800.0,357.2,5600.0,0.0,4079.8,4101.8,3928.4,2.652,2026-02-02 23:54,3392
KEI,2026-02-24,4250.0,52.0,3850.0,4375.0,340.35,875.0,0.0,4079.8,4101.8,3928.4,2.652,2026-02-02 23:54,4097
KEI,2026-02-24,4300.0,37.6,30800.0,59675.0,473.7,2625.0,0.0,4079.8,4101.8,3928.4,2.652,2026-02-02 23:54,5003
KEI,2026-02-24,4350.0,31.3,15400.0,18900.0,416.85,2275.0,0.0,4079.8,4101.8,3928.4,2.652,2026-02-02 23:54,6078
KEI,2026-02-24,4400.0,26.1,7175.0,4900.0,645.0,2800.0,0.0,4079.8,4101.8,3928.4,2.652,2026-02-02 23:54,7203
KEI,2026-02-24,4450.0,17.55,3850.0,1400.0,499.05,700.0,0.0,4079.8,4101.8,3928.4,2.652,2026-02-02 23:54,8262
KEI,2026-02-24,4500.0,16.7,22050.0,38325.0,585.8,875.0,1400.0,4079.8,4101.8,3928.4,2.652,2026-02-02 23:54,9479
KEI,2026-02-24,4550.0,27.5,1050.0,0.0,585.95,1225.0,0.0,4079.8,4101.8,3928.4,2.652,2026-02-02 23:54,10823
KEI,2026-02-24,4600.0,17.4,700.0,0.0,0.0,0.0,0.0,4079.8,4101.8,3928.4,2.652,2026-02-02 23:54,12124
KEI,2026-02-24,4650.0,18.4,3850.0,0.0,0.0,0.0,0.0,4079.8,4101.8,3928.4,2.652,2026-02-02 23:54,13499
KEI,2026-02-24,4700.0,11.2,875.0,0.0,0.0,0.0,0.0,4079.8,4101.8,3928.4,2.652,2026-02-02 23:54,14899
KEI,2026-02-24,4800.0,0.0,0.0,0.0,936.8,875.0,0.0,4079.8,4101.8,3928.4,2.652,2026-02-02 23:54,17695
KEI,2026-02-24,4900.0,4.35,1050.0,0.0,0.0,0.0,0.0,4079.8,4101.8,3928.4,2.652,2026-02-02 23:54,20417
KEI,2026-02-24,4950.0,4.9,175.0,0.0,0.0,0.0,0.0,4079.8,4101.8,3928.4,2.652,2026-02-02 23:54,21824
KEI,2026-02-24,5000.0,5.95,1225.0,0.0,0.0,0.0,0.0,4079.8,4101.8,3928.4,2.652,2026-02-02 23:54,23232
KFINTECH,2026-02-24,840.0,0.0,0.0,0.0,4.35,43500.0,147500.0,1000.0,1002.9,958.0,1.667,2026-02-02 23:54,7641
KFINTECH,2026-02-24,880.0,90.5,6500.0,4500.0,7.45,27500.0,47500.0,1000.0,1002.9,958.0,1.667,2026-02-02 23:54,5158
KFINTECH,2026-02-24,900.0,80.75,18000.0,24000.0,10.5,102500.0,309000.0,1000.0,1002.9,958.0,1.667,2026-02-02 23:54,4032
KFINTECH,2026-02-24,920.0,65.5,10500.0,1000.0,15.05,38500.0,38500.0,1000.0,1002.9,958.0,1.667,2026-02-02 23:54,3147
KFINTECH,2026-02-24,940.0,55.4,16000.0,36500.0,20.5,30000.0,55500.0,1000.0,1002.9,958.0,1.667,2026-02-02 23:54,2333
KFINTECH,2026-02-24,960.0,43.7,104000.0,171000.0,28.1,103500.0,279500.0,1000.0,1002.9,958.0,1.667,2026-02-02 23:54,1627
KFINTECH,2026-02-24,980.0,34.35,27000.0,65000.0,37.55,26000.0,36000.0,1000.0,1002.9,958.0,1.667,2026-02-02 23:54,1473
KFINTECH,2026-02-24,1000.0,26.0,176000.0,287500.0,48.5,74500.0,45500.0,1000.0,1002.9,958.0,1.667,2026-02-02 23:54,1256
KFINTECH,2026-02-24,1020.0,19.4,132000.0,245000.0,62.95,60500.0,9000.0,1000.0,1002.9,958.0,1.667,2026-02-02 23:54,1641
KFINTECH,2026-02-24,1040.0,15.1,77500.0,111000.0,76.5,33000.0,31000.0,1000.0,1002.9,958.0,1.667,2026-02-02 23:54,2190
KFINTECH,2026-02-24,1060.0,12.0,52000.0,80000.0,95.85,7500.0,0.0,1000.0,1002.9,958.0,1.667,2026-02-02 23:54,2950
KFINTECH,2026-02-24,1080.0,5.35,13500.0,7000.0,115.0,11500.0,500.0,1000.0,1002.9,958.0,1.667,2026-02-02 23:54,3955
KFINTECH,2026-02-24,1100.0,7.3,141000.0,133500.0,157.5,30000.0,1000.0,1000.0,1002.9,958.0,1.667,2026-02-02 23:54,4893
KFINTECH,2026-02-24,1120.0,5.7,7000.0,9000.0,153.8,17500.0,0.0,1000.0,1002.9,958.0,1.667,2026-02-02 23:54,5930
KFINTECH,2026-02-24,1140.0,4.3,14500.0,7500.0,165.0,8000.0,0.0,1000.0,1002.9,958.0,1.667,2026-02-02 23:54,7120
KFINTECH,2026-02-24,1160.0,2.55,14500.0,0.0,165.05,1500.0,0.0,1000.0,1002.9,958.0,1.667,2026-02-02 23:54,8494
KFINTECH,2026-02-24,1200.0,2.65,31500.0,31500.0,230.0,14000.0,0.0,1000.0,1002.9,958.0,1.667,2026-02-02 23:54,11537
KFINTECH,2026-02-24,1240.0,1.9,37500.0,500.0,245.0,30000.0,0.0,1000.0,1002.9,958.0,1.667,2026-02-02 23:54,14469
KOTAKBANK,2026-02-24,345.0,0.0,0.0,0.0,0.0,0.0,0.0,408.2,410.85,405.1,0.233,2026-02-02 23:54,112899
KOTAKBANK,2026-02-24,350.0,0.0,0.0,0.0,0.3,1076000.0,230000.0,408.2,410.85,405.1,0.233,2026-02-02 23:54,101537
KOTAKBANK,2026-02-24,355.0,0.0,0.0,0.0,0.0,0.0,0.0,408.2,410.85,405.1,0.233,2026-02-02 23:54,90681
KOTAKBANK,2026-02-24,360.0,49.55,12000.0,0.0,0.4,1534000.0,432000.0,408.2,410.85,405.1,0.233,2026-02-02 23:54,79857
KOTAKBANK,2026-02-24,365.0,0.0,0.0,0.0,0.55,428000.0,110000.0,408.2,410.85,405.1,0.233,2026-02-02 23:54,69804
KOTAKBANK,2026-02-24,368.0,0.0,0.0,0.0,0.4,152000.0,2000.0,408.2,410.85,405.1,0.233,2026-02-02 23:54,63878
KOTAKBANK,2026-02-24,370.0,0.0,0.0,0.0,0.65,1184000.0,182000.0,408.2,410.85,405.1,0.233,2026-02-02 23:54,59968
KOTAKBANK,2026-02-24,375.0,44.45,2000.0,0.0,0.9,128000.0,100000.0,408.2,410.85,405.1,0.233,2026-02-02 23:54,50722
KOTAKBANK,2026-02-24,376.0,269.0,2000.0,0.0,1.15,508000.0,0.0,408.2,410.85,405.1,0.233,2026-02-02 23:54,48898
KOTAKBANK,2026-02-24,377.5,0.0,0.0,0.0,0.0,0.0,0.0,408.2,410.85,405.1,0.233,2026-02-02 23:54,46239
KOTAKBANK,2026-02-24,380.0,30.0,30000.0,0.0,1.25,868000.0,830000.0,408.2,410.85,405.1,0.233,2026-02-02 23:54,41814
KOTAKBANK,2026-02-24,382.5,0.0,0.0,0.0,1.55,98000.0,92000.0,408.2,410.85,405.1,0.233,2026-02-02 23:54,37596
KOTAKBANK,2026-02-24,384.0,44.7,12000.0,0.0,2.3,92000.0,0.0,408.2,410.85,405.1,0.233,2026-02-02 23:54,35075
KOTAKBANK,2026-02-24,385.0,0.0,0.0,0.0,1.75,1282000.0,344000.0,408.2,410.85,405.1,0.233,2026-02-02 23:54,33448
KOTAKBANK,2026-02-24,387.5,40.5,14000.0,0.0,2.05,68000.0,74000.0,408.2,410.85,405.1,0.233,2026-02-02 23:54,29395
KOTAKBANK,2026-02-24,388.0,209.0,2000.0,0.0,2.05,146000.0,178000.0,408.2,410.85,405.1,0.233,2026-02-02 23:54,28676
KOTAKBANK,2026-02-24,390.0,25.85,6000.0,0.0,2.3,594000.0,982000.0,408.2,410.85,405.1,0.233,2026-02-02 23:54,25670
KOTAKBANK,2026-02-24,392.0,19.55,14000.0,0.0,2.6,164000.0,194000.0,408.2,410.85,405.1,0.233,2026-02-02 23:54,22652
KOTAKBANK,2026-02-24,392.5,21.35,4000.0,0.0,2.8,256000.0,346000.0,408.2,410.85,405.1,0.233,2026-02-02 23:54,21921
KOTAKBANK,2026-02-24,395.0,0.0,0.0,0.0,3.25,378000.0,1074000.0,408.2,410.85,405.1,0.233,2026-02-02 23:54,18346
KOTAKBANK,2026-02-24,396.0,0.0,0.0,0.0,5.0,44000.0,0.0,408.2,410.85,405.1,0.233,2026-02-02 23:54,16856
KOTAKBANK,2026-02-24,397.5,0.0,0.0,0.0,3.7,142000.0,78000.0,408.2,410.85,405.1,0.233,2026-02-02 23:54,14791
KOTAKBANK,2026-02-24,400.0,14.0,1086000.0,1882000.0,4.3,2596000.0,1678000.0,408.2,410.85,405.1,0.233,2026-02-02 23:54,11367
KOTAKBANK,2026-02-24,402.5,12.75,66000.0,0.0,4.95,182000.0,288000.0,408.2,410.85,405.1,0.233,2026-02-02 23:54,9321
KOTAKBANK,2026-02-24,404.0,11.6,60000.0,82000.0,5.5,120000.0,150000.0,408.2,410.85,405.1,0.233,2026-02-02 23:54,7882
KOTAKBANK,2026-02-24,405.0,10.25,414000.0,802000.0,6.0,632000.0,1904000.0,408.2,410.85,405.1,0.233,2026-02-02 23:54,6948
KOTAKBANK,2026-02-24,407.5,9.15,334000.0,798000.0,6.9,388000.0,354000.0,408.2,410.85,405.1,0.233,2026-02-02 23:54,4911
KOTAKBANK,2026-02-24,408.0,8.8,454000.0,866000.0,7.05,488000.0,570000.0,408.2,410.85,405.1,0.233,2026-02-02 23:54,4568
KOTAKBANK,2026-02-24,410.0,7.65,2364000.0,5862000.0,8.05,2250000.0,4684000.0,408.2,410.85,405.1,0.233,2026-02-02 23:54,3291
KOTAKBANK,2026-02-24,412.0,6.7,430000.0,740000.0,9.05,314000.0,304000.0,408.2,410.85,405.1,0.233,2026-02-02 23:54,2878
KOTAKBANK,2026-02-24,412.5,6.7,290000.0,222000.0,9.2,234000.0,228000.0,408.2,410.85,405.1,0.233,2026-02-02 23:54,2817
KOTAKBANK,2026-02-24,415.0,5.4,1050000.0,964000.0,10.65,692000.0,132000.0,408.2,410.85,405.1,0.233,2026-02-02 23:54,2601
KOTAKBANK,2026-02-24,416.0,5.2,178000.0,134000.0,13.45,96000.0,0.0,408.2,410.85,405.1,0.233,2026-02-02 23:54,2527
KOTAKBANK,2026-02-24,417.5,4.75,242000.0,198000.0,13.25,130000.0,0.0,408.2,410.85,405.1,0.233,2026-02-02 23:54,2675
KOTAKBANK,2026-02-24,420.0,3.75,2932000.0,4920000.0,13.9,1910000.0,94000.0,408.2,410.85,405.1,0.233,2026-02-02 23:54,3019
KOTAKBANK,2026-02-24,422.5,3.05,330000.0,290000.0,16.4,38000.0,0.0,408.2,410.85,405.1,0.233,2026-02-02 23:54,3076
KOTAKBANK,2026-02-24,424.0,2.75,354000.0,160000.0,16.95,344000.0,0.0,408.2,410.85,405.1,0.233,2026-02-02 23:54,4137
KOTAKBANK,2026-02-24,425.0,2.55,520000.0,896000.0,17.75,432000.0,48000.0,408.2,410.85,405.1,0.233,2026-02-02 23:54,4402
KOTAKBANK,2026-02-24,427.5,2.25,154000.0,138000.0,26.0,36000.0,0.0,408.2,410.85,405.1,0.233,2026-02-02 23:54,5885
KOTAKBANK,2026-02-24,428.0,2.05,266000.0,322000.0,18.8,552000.0,0.0,408.2,410.85,405.1,0.233,2026-02-02 23:54,6258
KOTAKBANK,2026-02-24,430.0,1.75,1934000.0,1564000.0,22.1,892000.0,180000.0,408.2,410.85,405.1,0.233,2026-02-02 23:54,7170
KOTAKBANK,2026-02-24,432.0,1.55,188000.0,198000.0,23.65,196000.0,0.0,408.2,410.85,405.1,0.233,2026-02-02 23:54,7997
KOTAKBANK,2026-02-24,432.5,1.5,224000.0,90000.0,18.9,6000.0,0.0,408.2,410.85,405.1,0.233,2026-02-02 23:54,8197
KOTAKBANK,2026-02-24,435.0,1.3,298000.0,252000.0,26.65,58000.0,0.0,408.2,410.85,405.1,0.233,2026-02-02 23:54,11448
KOTAKBANK,2026-02-24,436.0,1.2,152000.0,86000.0,28.8,4000.0,0.0,408.2,410.85,405.1,0.233,2026-02-02 23:54,12659
KOTAKBANK,2026-02-24,437.5,1.1,70000.0,44000.0,0.0,0.0,0.0,408.2,410.85,405.1,0.233,2026-02-02 23:54,14679
KOTAKBANK,2026-02-24,440.0,0.9,1806000.0,1356000.0,31.1,752000.0,62000.0,408.2,410.85,405.1,0.233,2026-02-02 23:54,18061
KOTAKBANK,2026-02-24,442.5,0.9,128000.0,38000.0,0.0,0.0,0.0,408.2,410.85,405.1,0.233,2026-02-02 23:54,19899
KOTAKBANK,2026-02-24,444.0,1.35,140000.0,0.0,0.0,0.0,0.0,408.2,410.85,405.1,0.233,2026-02-02 23:54,22337
KOTAKBANK,2026-02-24,445.0,0.75,388000.0,196000.0,0.0,0.0,0.0,408.2,410.85,405.1,0.233,2026-02-02 23:54,23988
KOTAKBANK,2026-02-24,447.5,0.95,78000.0,0.0,0.0,0.0,0.0,408.2,410.85,405.1,0.233,2026-02-02 23:54,28195
KOTAKBANK,2026-02-24,448.0,0.7,124000.0,18000.0,39.1,4000.0,0.0,408.2,410.85,405.1,0.233,2026-02-02 23:54,29042
KOTAKBANK,2026-02-24,450.0,0.6,3108000.0,886000.0,38.25,68000.0,0.0,408.2,410.85,405.1,0.233,2026-02-02 23:54,32418
KOTAKBANK,2026-02-24,452.0,0.55,294000.0,98000.0,0.0,0.0,0.0,408.2,410.85,405.1,0.233,2026-02-02 23:54,36363
KOTAKBANK,2026-02-24,452.5,0.55,60000.0,2000.0,0.0,0.0,0.0,408.2,410.85,405.1,0.233,2026-02-02 23:54,37398
KOTAKBANK,2026-02-24,455.0,0.5,184000.0,82000.0,44.85,0.0,0.0,408.2,410.85,405.1,0.233,2026-02-02 23:54,42513
KOTAKBANK,2026-02-24,456.0,0.55,138000.0,0.0,46.5,2000.0,0.0,408.2,410.85,405.1,0.233,2026-02-02 23:54,44585
KOTAKBANK,2026-02-24,457.5,0.45,138000.0,18000.0,0.0,0.0,0.0,408.2,410.85,405.1,0.233,2026-02-02 23:54,47699
KOTAKBANK,2026-02-24,460.0,0.35,2058000.0,160000.0,50.85,156000.0,0.0,408.2,410.85,405.1,0.233,2026-02-02 23:54,52932
KOTAKBANK,2026-02-24,464.0,0.35,686000.0,0.0,0.0,0.0,0.0,408.2,410.85,405.1,0.233,2026-02-02 23:54,61460
KOTAKBANK,2026-02-24,465.0,0.25,1162000.0,20000.0,0.0,0.0,0.0,408.2,410.85,405.1,0.233,2026-02-02 23:54,63865
KOTAKBANK,2026-02-24,468.0,0.35,390000.0,2000.0,0.0,0.0,0.0,408.2,410.85,405.1,0.233,2026-02-02 23:54,71385
KOTAKBANK,2026-02-24,470.0,0.3,752000.0,10000.0,0.0,0.0,0.0,408.2,410.85,405.1,0.233,2026-02-02 23:54,76470
KOTAKBANK,2026-02-24,475.0,0.45,4000.0,0.0,0.0,0.0,0.0,408.2,410.85,405.1,0.233,2026-02-02 23:54,89549
KOTAKBANK,2026-02-24,476.0,0.3,22000.0,0.0,0.0,0.0,0.0,408.2,410.85,405.1,0.233,2026-02-02 23:54,92161
KOTAKBANK,2026-02-24,480.0,0.25,264000.0,56000.0,70.0,10000.0,0.0,408.2,410.85,405.1,0.233,2026-02-02 23:54,102617
KOTAKBANK,2026-02-24,484.0,0.4,12000.0,0.0,0.0,0.0,0.0,408.2,410.85,405.1,0.233,2026-02-02 23:54,113118
KOTAKBANK,2026-02-24,485.0,0.25,42000.0,0.0,0.0,0.0,0.0,408.2,410.85,405.1,0.233,2026-02-02 23:54,115761
KOTAKBANK,2026-02-24,488.0,0.7,54000.0,0.0,0.0,0.0,0.0,408.2,410.85,405.1,0.233,2026-02-02 23:54,123702
KOTAKBANK,2026-02-24,496.0,0.2,114000.0,36000.0,0.0,0.0,0.0,408.2,410.85,405.1,0.233,2026-02-02 23:54,144922
KPITTECH,2026-02-24,820.0,0.0,0.0,0.0,0.0,0.0,0.0,998.5,1011.3,984.6,0.747,2026-02-02 23:54,39266
KPITTECH,2026-02-24,840.0,0.0,0.0,0.0,0.0,0.0,0.0,998.5,1011.3,984.6,0.747,2026-02-02 23:54,35245
KPITTECH,2026-02-24,850.0,0.0,0.0,0.0,0.0,0.0,0.0,998.5,1011.3,984.6,0.747,2026-02-02 23:54,33234
KPITTECH,2026-02-24,860.0,136.55,1275.0,0.0,2.05,32300.0,26775.0,998.5,1011.3,984.6,0.747,2026-02-02 23:54,31223
KPITTECH,2026-02-24,870.0,0.0,0.0,0.0,0.0,0.0,0.0,998.5,1011.3,984.6,0.747,2026-02-02 23:54,29257
KPITTECH,2026-02-24,880.0,0.0,0.0,0.0,0.0,0.0,0.0,998.5,1011.3,984.6,0.747,2026-02-02 23:54,27280
KPITTECH,2026-02-24,890.0,0.0,0.0,0.0,0.0,0.0,0.0,998.5,1011.3,984.6,0.747,2026-02-02 23:54,25303
KPITTECH,2026-02-24,900.0,97.0,1700.0,0.0,4.25,108800.0,147900.0,998.5,1011.3,984.6,0.747,2026-02-02 23:54,23326
KPITTECH,2026-02-24,910.0,0.0,0.0,0.0,0.0,0.0,0.0,998.5,1011.3,984.6,0.747,2026-02-02 23:54,21429
KPITTECH,2026-02-24,920.0,0.0,0.0,0.0,6.3,72250.0,39525.0,998.5,1011.3,984.6,0.747,2026-02-02 23:54,19563
KPITTECH,2026-02-24,930.0,0.0,0.0,0.0,10.5,1700.0,4250.0,998.5,1011.3,984.6,0.747,2026-02-02 23:54,17723
KPITTECH,2026-02-24,940.0,0.0,0.0,0.0,9.15,71825.0,121975.0,998.5,1011.3,984.6,0.747,2026-02-02 23:54,15928
KPITTECH,2026-02-24,950.0,68.4,4675.0,4675.0,11.8,56950.0,140675.0,998.5,1011.3,984.6,0.747,2026-02-02 23:54,14142
KPITTECH,2026-02-24,960.0,87.5,425.0,0.0,13.4,68000.0,56950.0,998.5,1011.3,984.6,0.747,2026-02-02 23:54,12447
KPITTECH,2026-02-24,970.0,53.85,6800.0,14025.0,16.2,31025.0,62050.0,998.5,1011.3,984.6,0.747,2026-02-02 23:54,10769
KPITTECH,2026-02-24,980.0,44.25,21250.0,53975.0,20.05,40800.0,79900.0,998.5,1011.3,984.6,0.747,2026-02-02 23:54,9203
KPITTECH,2026-02-24,990.0,40.95,53550.0,170000.0,24.5,32725.0,76925.0,998.5,1011.3,984.6,0.747,2026-02-02 23:54,7724
KPITTECH,2026-02-24,1000.0,34.1,173400.0,721225.0,29.0,399500.0,300050.0,998.5,1011.3,984.6,0.747,2026-02-02 23:54,6459
KPITTECH,2026-02-24,1010.0,29.85,34425.0,82025.0,32.6,23800.0,20825.0,998.5,1011.3,984.6,0.747,2026-02-02 23:54,5060
KPITTECH,2026-02-24,1020.0,24.1,56525.0,185300.0,38.65,120700.0,64600.0,998.5,1011.3,984.6,0.747,2026-02-02 23:54,4311
KPITTECH,2026-02-24,1030.0,20.6,40800.0,54400.0,44.05,53550.0,8075.0,998.5,1011.3,984.6,0.747,2026-02-02 23:54,3385
KPITTECH,2026-02-24,1040.0,17.8,100300.0,109650.0,52.9,123250.0,19550.0,998.5,1011.3,984.6,0.747,2026-02-02 23:54,2731
KPITTECH,2026-02-24,1050.0,15.0,115175.0,238850.0,61.2,121975.0,8925.0,998.5,1011.3,984.6,0.747,2026-02-02 23:54,1979
KPITTECH,2026-02-24,1060.0,11.8,101575.0,102850.0,65.1,38250.0,6800.0,998.5,1011.3,984.6,0.747,2026-02-02 23:54,1364
KPITTECH,2026-02-24,1070.0,10.85,104125.0,70125.0,75.85,90100.0,29325.0,998.5,1011.3,984.6,0.747,2026-02-02 23:54,1334
KPITTECH,2026-02-24,1080.0,9.35,210375.0,136425.0,83.55,132175.0,48875.0,998.5,1011.3,984.6,0.747,2026-02-02 23:54,1056
KPITTECH,2026-02-24,1090.0,7.8,75225.0,34000.0,100.25,28475.0,2975.0,998.5,1011.3,984.6,0.747,2026-02-02 23:54,784
KPITTECH,2026-02-24,1100.0,6.75,639625.0,399075.0,110.4,133450.0,1700.0,998.5,1011.3,984.6,0.747,2026-02-02 23:54,1296
KPITTECH,2026-02-24,1110.0,5.6,95200.0,16150.0,107.85,25925.0,2125.0,998.5,1011.3,984.6,0.747,2026-02-02 23:54,1767
KPITTECH,2026-02-24,1120.0,4.95,104550.0,31450.0,128.75,17850.0,850.0,998.5,1011.3,984.6,0.747,2026-02-02 23:54,3174
KPITTECH,2026-02-24,1130.0,4.25,73525.0,36975.0,116.75,9350.0,0.0,998.5,1011.3,984.6,0.747,2026-02-02 23:54,4751
KPITTECH,2026-02-24,1140.0,3.85,62050.0,22950.0,99.5,8075.0,0.0,998.5,1011.3,984.6,0.747,2026-02-02 23:54,6512
KPITTECH,2026-02-24,1150.0,3.35,209100.0,42075.0,170.3,5950.0,0.0,998.5,1011.3,984.6,0.747,2026-02-02 23:54,8364
KPITTECH,2026-02-24,1160.0,2.6,43350.0,4250.0,124.0,5525.0,0.0,998.5,1011.3,984.6,0.747,2026-02-02 23:54,10456
KPITTECH,2026-02-24,1170.0,5.25,2975.0,0.0,88.65,23800.0,0.0,998.5,1011.3,984.6,0.747,2026-02-02 23:54,12572
KPITTECH,2026-02-24,1180.0,2.4,52700.0,22950.0,88.0,2125.0,0.0,998.5,1011.3,984.6,0.747,2026-02-02 23:54,14562
KPITTECH,2026-02-24,1190.0,0.75,1275.0,0.0,0.0,0.0,0.0,998.5,1011.3,984.6,0.747,2026-02-02 23:54,16810
KPITTECH,2026-02-24,1200.0,1.85,291125.0,59075.0,201.6,86700.0,1275.0,998.5,1011.3,984.6,0.747,2026-02-02 23:54,19066
KPITTECH,2026-02-24,1210.0,3.75,8925.0,0.0,0.0,0.0,0.0,998.5,1011.3,984.6,0.747,2026-02-02 23:54,20005
KPITTECH,2026-02-24,1220.0,1.65,23375.0,9775.0,125.4,425.0,0.0,998.5,1011.3,984.6,0.747,2026-02-02 23:54,22650
KPITTECH,2026-02-24,1230.0,4.5,425.0,0.0,0.0,0.0,0.0,998.5,1011.3,984.6,0.747,2026-02-02 23:54,25315
KPITTECH,2026-02-24,1240.0,1.35,62050.0,18700.0,143.0,12750.0,0.0,998.5,1011.3,984.6,0.747,2026-02-02 23:54,27982
KPITTECH,2026-02-24,1250.0,1.1,38250.0,3825.0,0.0,0.0,0.0,998.5,1011.3,984.6,0.747,2026-02-02 23:54,30549
KPITTECH,2026-02-24,1260.0,1.15,34425.0,12750.0,148.0,2550.0,0.0,998.5,1011.3,984.6,0.747,2026-02-02 23:54,33333
KPITTECH,2026-02-24,1280.0,1.5,0.0,0.0,165.0,2125.0,0.0,998.5,1011.3,984.6,0.747,2026-02-02 23:54,38932
KPITTECH,2026-02-24,1290.0,5.2,13175.0,0.0,0.0,0.0,0.0,998.5,1011.3,984.6,0.747,2026-02-02 23:54,41715
KPITTECH,2026-02-24,1300.0,0.75,138125.0,68425.0,248.0,14025.0,0.0,998.5,1011.3,984.6,0.747,2026-02-02 23:54,44554
KPITTECH,2026-02-24,1310.0,6.9,14450.0,0.0,0.0,0.0,0.0,998.5,1011.3,984.6,0.747,2026-02-02 23:54,47200
KPITTECH,2026-02-24,1320.0,0.85,8925.0,0.0,222.0,10200.0,0.0,998.5,1011.3,984.6,0.747,2026-02-02 23:54,50209
KPITTECH,2026-02-24,1330.0,2.0,16575.0,0.0,0.0,0.0,0.0,998.5,1011.3,984.6,0.747,2026-02-02 23:54,53001
KPITTECH,2026-02-24,1340.0,1.1,28475.0,0.0,0.0,0.0,0.0,998.5,1011.3,984.6,0.747,2026-02-02 23:54,56038
KPITTECH,2026-02-24,1350.0,0.75,55675.0,46325.0,0.0,0.0,0.0,998.5,1011.3,984.6,0.747,2026-02-02 23:54,59104
KPITTECH,2026-02-24,1360.0,0.65,850.0,3825.0,0.0,0.0,0.0,998.5,1011.3,984.6,0.747,2026-02-02 23:54,62226
KPITTECH,2026-02-24,1380.0,0.8,6800.0,0.0,245.0,1700.0,0.0,998.5,1011.3,984.6,0.747,2026-02-02 23:54,68464
KPITTECH,2026-02-24,1440.0,2.0,5100.0,0.0,0.0,0.0,0.0,998.5,1011.3,984.6,0.747,2026-02-02 23:54,87189
LAURUSLABS,2026-02-24,780.0,0.0,0.0,0.0,0.0,0.0,0.0,953.95,958.0,917.95,2.553,2026-02-02 23:54,78910
LAURUSLABS,2026-02-24,800.0,144.95,1700.0,0.0,0.0,0.0,0.0,953.95,958.0,917.95,2.553,2026-02-02 23:54,69315
LAURUSLABS,2026-02-24,820.0,195.0,1700.0,0.0,2.2,193800.0,116450.0,953.95,958.0,917.95,2.553,2026-02-02 23:54,59748
LAURUSLABS,2026-02-24,830.0,0.0,0.0,0.0,3.2,2550.0,0.0,953.95,958.0,917.95,2.553,2026-02-02 23:54,55139
LAURUSLABS,2026-02-24,840.0,165.0,4250.0,0.0,3.0,2550.0,0.0,953.95,958.0,917.95,2.553,2026-02-02 23:54,50540
LAURUSLABS,2026-02-24,850.0,88.0,2550.0,0.0,3.65,350200.0,170850.0,953.95,958.0,917.95,2.553,2026-02-02 23:54,46019
LAURUSLABS,2026-02-24,860.0,115.0,850.0,0.0,8.8,10200.0,0.0,953.95,958.0,917.95,2.553,2026-02-02 23:54,41675
LAURUSLABS,2026-02-24,870.0,153.55,850.0,0.0,5.15,28050.0,45900.0,953.95,958.0,917.95,2.553,2026-02-02 23:54,37449
LAURUSLABS,2026-02-24,880.0,127.25,4250.0,0.0,6.45,143650.0,234600.0,953.95,958.0,917.95,2.553,2026-02-02 23:54,33250
LAURUSLABS,2026-02-24,890.0,78.25,14450.0,25500.0,7.35,34850.0,54400.0,953.95,958.0,917.95,2.553,2026-02-02 23:54,29161
LAURUSLABS,2026-02-24,900.0,66.5,103700.0,47600.0,9.1,491300.0,512550.0,953.95,958.0,917.95,2.553,2026-02-02 23:54,25247
LAURUSLABS,2026-02-24,910.0,61.6,11050.0,30600.0,11.05,98600.0,121550.0,953.95,958.0,917.95,2.553,2026-02-02 23:54,22084
LAURUSLABS,2026-02-24,920.0,51.3,60350.0,141950.0,13.8,191250.0,294100.0,953.95,958.0,917.95,2.553,2026-02-02 23:54,18747
LAURUSLABS,2026-02-24,930.0,47.05,91800.0,277950.0,16.15,140250.0,336600.0,953.95,958.0,917.95,2.553,2026-02-02 23:54,15748
LAURUSLABS,2026-02-24,940.0,38.05,170850.0,370600.0,19.45,225250.0,222700.0,953.95,958.0,917.95,2.553,2026-02-02 23:54,13140
LAURUSLABS,2026-02-24,950.0,32.75,261800.0,680850.0,23.25,305150.0,253300.0,953.95,958.0,917.95,2.553,2026-02-02 23:54,10936
LAURUSLABS,2026-02-24,960.0,28.6,185300.0,355300.0,28.5,197200.0,62900.0,953.95,958.0,917.95,2.553,2026-02-02 23:54,9234
LAURUSLABS,2026-02-24,970.0,24.0,207400.0,285600.0,34.0,138550.0,35700.0,953.95,958.0,917.95,2.553,2026-02-02 23:54,7735
LAURUSLABS,2026-02-24,980.0,19.55,343400.0,369750.0,39.3,239700.0,18700.0,953.95,958.0,917.95,2.553,2026-02-02 23:54,6640
LAURUSLABS,2026-02-24,990.0,16.8,148750.0,154700.0,48.5,103700.0,22100.0,953.95,958.0,917.95,2.553,2026-02-02 23:54,5832
LAURUSLABS,2026-02-24,1000.0,14.0,1164500.0,1796050.0,53.25,532950.0,255850.0,953.95,958.0,917.95,2.553,2026-02-02 23:54,5293
LAURUSLABS,2026-02-24,1010.0,11.75,212500.0,110500.0,64.2,110500.0,9350.0,953.95,958.0,917.95,2.553,2026-02-02 23:54,5497
LAURUSLABS,2026-02-24,1020.0,10.0,617100.0,678300.0,71.75,170000.0,25500.0,953.95,958.0,917.95,2.553,2026-02-02 23:54,6772
LAURUSLABS,2026-02-24,1030.0,8.4,335750.0,195500.0,98.55,119000.0,0.0,953.95,958.0,917.95,2.553,2026-02-02 23:54,8692
LAURUSLABS,2026-02-24,1040.0,6.85,435200.0,345100.0,108.0,104550.0,850.0,953.95,958.0,917.95,2.553,2026-02-02 23:54,10778
LAURUSLABS,2026-02-24,1050.0,6.15,785400.0,716550.0,98.0,402900.0,11050.0,953.95,958.0,917.95,2.553,2026-02-02 23:54,13463
LAURUSLABS,2026-02-24,1060.0,5.3,222700.0,216750.0,128.0,75650.0,850.0,953.95,958.0,917.95,2.553,2026-02-02 23:54,14702
LAURUSLABS,2026-02-24,1070.0,4.65,123250.0,38250.0,77.5,32300.0,0.0,953.95,958.0,917.95,2.553,2026-02-02 23:54,18855
LAURUSLABS,2026-02-24,1080.0,4.15,210800.0,165750.0,137.5,28050.0,2550.0,953.95,958.0,917.95,2.553,2026-02-02 23:54,23821
LAURUSLABS,2026-02-24,1090.0,3.4,122400.0,5100.0,140.5,2550.0,850.0,953.95,958.0,917.95,2.553,2026-02-02 23:54,28920
LAURUSLABS,2026-02-24,1100.0,3.3,1744200.0,1777350.0,140.0,232050.0,20400.0,953.95,958.0,917.95,2.553,2026-02-02 23:54,34448
LAURUSLABS,2026-02-24,1110.0,2.45,96900.0,38250.0,90.7,1700.0,0.0,953.95,958.0,917.95,2.553,2026-02-02 23:54,39274
LAURUSLABS,2026-02-24,1120.0,2.5,119850.0,134300.0,114.65,8500.0,0.0,953.95,958.0,917.95,2.553,2026-02-02 23:54,46880
LAURUSLABS,2026-02-24,1130.0,2.2,106250.0,45900.0,130.0,1700.0,0.0,953.95,958.0,917.95,2.553,2026-02-02 23:54,54538
LAURUSLABS,2026-02-24,1140.0,2.05,265200.0,105400.0,162.0,20400.0,0.0,953.95,958.0,917.95,2.553,2026-02-02 23:54,62373
LAURUSLABS,2026-02-24,1150.0,1.7,685950.0,494700.0,142.0,36550.0,0.0,953.95,958.0,917.95,2.553,2026-02-02 23:54,70216
LAURUSLABS,2026-02-24,1160.0,1.75,113900.0,107950.0,0.0,0.0,0.0,953.95,958.0,917.95,2.553,2026-02-02 23:54,78655
LAURUSLABS,2026-02-24,1170.0,1.55,30600.0,38250.0,0.0,0.0,0.0,953.95,958.0,917.95,2.553,2026-02-02 23:54,87631
LAURUSLABS,2026-02-24,1180.0,1.45,54400.0,102850.0,170.0,5950.0,0.0,953.95,958.0,917.95,2.553,2026-02-02 23:54,96622
LAURUSLABS,2026-02-24,1190.0,11.0,850.0,0.0,0.0,0.0,0.0,953.95,958.0,917.95,2.553,2026-02-02 23:54,105575
LAURUSLABS,2026-02-24,1200.0,1.1,867000.0,277950.0,198.0,9350.0,0.0,953.95,958.0,917.95,2.553,2026-02-02 23:54,114623
LAURUSLABS,2026-02-24,1220.0,0.0,0.0,0.0,131.0,3400.0,0.0,953.95,958.0,917.95,2.553,2026-02-02 23:54,134381
LAURUSLABS,2026-02-24,1230.0,4.5,850.0,0.0,0.0,0.0,0.0,953.95,958.0,917.95,2.553,2026-02-02 23:54,144264
LAURUSLABS,2026-02-24,1240.0,0.85,30600.0,0.0,149.0,850.0,0.0,953.95,958.0,917.95,2.553,2026-02-02 23:54,154192
LAURUSLABS,2026-02-24,1260.0,3.0,1700.0,0.0,0.0,0.0,0.0,953.95,958.0,917.95,2.553,2026-02-02 23:54,174101
LAURUSLABS,2026-02-24,1280.0,0.5,2550.0,0.0,170.0,1700.0,0.0,953.95,958.0,917.95,2.553,2026-02-02 23:54,194024
LICI,2026-02-24,680.0,0.0,0.0,0.0,0.0,0.0,0.0,802.15,807.0,788.45,0.394,2026-02-02 23:54,32732
LICI,2026-02-24,690.0,0.0,0.0,0.0,1.5,7000.0,0.0,802.15,807.0,788.45,0.394,2026-02-02 23:54,29754
LICI,2026-02-24,700.0,109.7,1400.0,0.0,1.2,151200.0,67900.0,802.15,807.0,788.45,0.394,2026-02-02 23:54,26783
LICI,2026-02-24,710.0,0.0,0.0,0.0,0.0,0.0,0.0,802.15,807.0,788.45,0.394,2026-02-02 23:54,23962
LICI,2026-02-24,720.0,0.0,0.0,0.0,2.0,0.0,700.0,802.15,807.0,788.45,0.394,2026-02-02 23:54,21143
LICI,2026-02-24,730.0,100.0,700.0,0.0,2.5,32200.0,37100.0,802.15,807.0,788.45,0.394,2026-02-02 23:54,18325
LICI,2026-02-24,740.0,68.5,2100.0,0.0,3.35,204400.0,76300.0,802.15,807.0,788.45,0.394,2026-02-02 23:54,15539
LICI,2026-02-24,745.0,0.0,0.0,0.0,0.0,0.0,0.0,802.15,807.0,788.45,0.394,2026-02-02 23:54,14195
LICI,2026-02-24,750.0,0.0,0.0,0.0,4.35,114100.0,140000.0,802.15,807.0,788.45,0.394,2026-02-02 23:54,12906
LICI,2026-02-24,755.0,0.0,0.0,0.0,0.0,0.0,0.0,802.15,807.0,788.45,0.394,2026-02-02 23:54,11624
LICI,2026-02-24,760.0,53.2,9100.0,14700.0,6.0,116200.0,143500.0,802.15,807.0,788.45,0.394,2026-02-02 23:54,10392
LICI,2026-02-24,765.0,45.4,1400.0,0.0,9.95,4900.0,0.0,802.15,807.0,788.45,0.394,2026-02-02 23:54,9201
LICI,2026-02-24,770.0,41.75,2100.0,0.0,7.8,172200.0,44100.0,802.15,807.0,788.45,0.394,2026-02-02 23:54,8036
LICI,2026-02-24,775.0,38.35,2100.0,0.0,9.6,7000.0,4200.0,802.15,807.0,788.45,0.394,2026-02-02 23:54,6831
LICI,2026-02-24,780.0,38.25,21000.0,52500.0,10.9,308700.0,179900.0,802.15,807.0,788.45,0.394,2026-02-02 23:54,5757
LICI,2026-02-24,785.0,31.8,2800.0,0.0,12.3,14700.0,9100.0,802.15,807.0,788.45,0.394,2026-02-02 23:54,4591
LICI,2026-02-24,790.0,31.0,42700.0,104300.0,13.45,125300.0,180600.0,802.15,807.0,788.45,0.394,2026-02-02 23:54,3680
LICI,2026-02-24,795.0,28.0,3500.0,12600.0,15.35,53900.0,30800.0,802.15,807.0,788.45,0.394,2026-02-02 23:54,2827
LICI,2026-02-24,800.0,24.6,257600.0,479500.0,18.1,371700.0,376600.0,802.15,807.0,788.45,0.394,2026-02-02 23:54,1966
LICI,2026-02-24,805.0,21.2,29400.0,49700.0,20.4,32200.0,11200.0,802.15,807.0,788.45,0.394,2026-02-02 23:54,1453
LICI,2026-02-24,810.0,19.5,113400.0,164500.0,22.25,107800.0,51100.0,802.15,807.0,788.45,0.394,2026-02-02 23:54,1006
LICI,2026-02-24,815.0,17.75,74900.0,11200.0,33.85,79800.0,4200.0,802.15,807.0,788.45,0.394,2026-02-02 23:54,655
LICI,2026-02-24,820.0,15.5,327600.0,305200.0,27.8,273000.0,42700.0,802.15,807.0,788.45,0.394,2026-02-02 23:54,263
LICI,2026-02-24,825.0,13.45,77000.0,73500.0,31.2,65100.0,16100.0,802.15,807.0,788.45,0.394,2026-02-02 23:54,57
LICI,2026-02-24,830.0,11.6,281400.0,216300.0,33.55,133700.0,7000.0,802.15,807.0,788.45,0.394,2026-02-02 23:54,73
LICI,2026-02-24,835.0,10.15,43400.0,14700.0,44.25,7700.0,0.0,802.15,807.0,788.45,0.394,2026-02-02 23:54,275
LICI,2026-02-24,840.0,8.4,130900.0,119000.0,42.25,75600.0,8400.0,802.15,807.0,788.45,0.394,2026-02-02 23:54,634
LICI,2026-02-24,845.0,7.5,27300.0,700.0,50.65,5600.0,0.0,802.15,807.0,788.45,0.394,2026-02-02 23:54,877
LICI,2026-02-24,850.0,6.65,399000.0,349300.0,48.45,149100.0,16100.0,802.15,807.0,788.45,0.394,2026-02-02 23:54,1338
LICI,2026-02-24,855.0,5.25,36400.0,46900.0,43.7,700.0,0.0,802.15,807.0,788.45,0.394,2026-02-02 23:54,1624
LICI,2026-02-24,860.0,4.75,252700.0,188300.0,64.05,79800.0,0.0,802.15,807.0,788.45,0.394,2026-02-02 23:54,2402
LICI,2026-02-24,865.0,0.0,0.0,0.0,0.0,0.0,0.0,802.15,807.0,788.45,0.394,2026-02-02 23:54,2939
LICI,2026-02-24,870.0,3.45,182000.0,94500.0,76.05,50400.0,2800.0,802.15,807.0,788.45,0.394,2026-02-02 23:54,3867
LICI,2026-02-24,875.0,6.15,1400.0,0.0,0.0,0.0,0.0,802.15,807.0,788.45,0.394,2026-02-02 23:54,4590
LICI,2026-02-24,880.0,2.8,186900.0,224000.0,61.6,61600.0,0.0,802.15,807.0,788.45,0.394,2026-02-02 23:54,5636
LICI,2026-02-24,885.0,2.7,1400.0,0.0,0.0,0.0,0.0,802.15,807.0,788.45,0.394,2026-02-02 23:54,6478
LICI,2026-02-24,890.0,2.15,73500.0,96600.0,77.5,5600.0,0.0,802.15,807.0,788.45,0.394,2026-02-02 23:54,7648
LICI,2026-02-24,895.0,4.5,700.0,0.0,0.0,0.0,0.0,802.15,807.0,788.45,0.394,2026-02-02 23:54,8829
LICI,2026-02-24,900.0,1.8,898800.0,268800.0,97.0,126700.0,2100.0,802.15,807.0,788.45,0.394,2026-02-02 23:54,10039
LICI,2026-02-24,905.0,3.3,18200.0,0.0,0.0,0.0,0.0,802.15,807.0,788.45,0.394,2026-02-02 23:54,10694
LICI,2026-02-24,910.0,3.1,18200.0,0.0,85.0,700.0,0.0,802.15,807.0,788.45,0.394,2026-02-02 23:54,12432
LICI,2026-02-24,920.0,0.95,88200.0,14700.0,96.0,21700.0,0.0,802.15,807.0,788.45,0.394,2026-02-02 23:54,15913
LICI,2026-02-24,930.0,0.0,0.0,0.0,0.0,0.0,0.0,802.15,807.0,788.45,0.394,2026-02-02 23:54,19305
LICI,2026-02-24,940.0,1.65,50400.0,700.0,0.0,0.0,0.0,802.15,807.0,788.45,0.394,2026-02-02 23:54,22897
LICI,2026-02-24,950.0,0.8,39200.0,700.0,168.8,7000.0,700.0,802.15,807.0,788.45,0.394,2026-02-02 23:54,26547
LICI,2026-02-24,960.0,0.7,14000.0,0.0,136.0,4200.0,0.0,802.15,807.0,788.45,0.394,2026-02-02 23:54,30121
LICI,2026-02-24,970.0,0.0,0.0,0.0,161.0,1400.0,0.0,802.15,807.0,788.45,0.394,2026-02-02 23:54,33771
LICI,2026-02-24,980.0,0.0,0.0,0.0,170.0,4900.0,0.0,802.15,807.0,788.45,0.394,2026-02-02 23:54,37456
LICHSGFIN,2026-02-24,430.0,0.0,0.0,0.0,0.0,0.0,0.0,496.35,508.0,488.1,-2.216,2026-02-02 23:54,59394
LICHSGFIN,2026-02-24,440.0,0.0,0.0,0.0,1.15,89000.0,162000.0,496.35,508.0,488.1,-2.216,2026-02-02 23:54,52343
LICHSGFIN,2026-02-24,450.0,0.0,0.0,0.0,1.8,87000.0,188000.0,496.35,508.0,488.1,-2.216,2026-02-02 23:54,45371
LICHSGFIN,2026-02-24,455.0,0.0,0.0,0.0,2.0,1000.0,3000.0,496.35,508.0,488.1,-2.216,2026-02-02 23:54,41918
LICHSGFIN,2026-02-24,460.0,0.0,0.0,0.0,2.65,166000.0,325000.0,496.35,508.0,488.1,-2.216,2026-02-02 23:54,38481
LICHSGFIN,2026-02-24,465.0,0.0,0.0,0.0,0.0,0.0,0.0,496.35,508.0,488.1,-2.216,2026-02-02 23:54,35083
LICHSGFIN,2026-02-24,470.0,0.0,0.0,0.0,3.9,318000.0,611000.0,496.35,508.0,488.1,-2.216,2026-02-02 23:54,31729
LICHSGFIN,2026-02-24,475.0,29.5,12000.0,25000.0,5.0,46000.0,269000.0,496.35,508.0,488.1,-2.216,2026-02-02 23:54,28410
LICHSGFIN,2026-02-24,480.0,25.2,69000.0,145000.0,5.95,400000.0,1371000.0,496.35,508.0,488.1,-2.216,2026-02-02 23:54,25256
LICHSGFIN,2026-02-24,485.0,33.15,1000.0,0.0,7.6,60000.0,416000.0,496.35,508.0,488.1,-2.216,2026-02-02 23:54,22260
LICHSGFIN,2026-02-24,490.0,18.2,131000.0,625000.0,9.3,414000.0,1198000.0,496.35,508.0,488.1,-2.216,2026-02-02 23:54,19317
LICHSGFIN,2026-02-24,495.0,15.6,109000.0,776000.0,11.65,119000.0,443000.0,496.35,508.0,488.1,-2.216,2026-02-02 23:54,16542
LICHSGFIN,2026-02-24,500.0,12.5,801000.0,3451000.0,13.55,1073000.0,2178000.0,496.35,508.0,488.1,-2.216,2026-02-02 23:54,14059
LICHSGFIN,2026-02-24,505.0,10.6,243000.0,1774000.0,16.3,311000.0,1203000.0,496.35,508.0,488.1,-2.216,2026-02-02 23:54,12029
LICHSGFIN,2026-02-24,510.0,8.2,626000.0,2438000.0,20.0,425000.0,587000.0,496.35,508.0,488.1,-2.216,2026-02-02 23:54,10479
LICHSGFIN,2026-02-24,515.0,6.95,352000.0,1216000.0,22.05,225000.0,248000.0,496.35,508.0,488.1,-2.216,2026-02-02 23:54,9367
LICHSGFIN,2026-02-24,520.0,5.45,1702000.0,3742000.0,26.25,555000.0,320000.0,496.35,508.0,488.1,-2.216,2026-02-02 23:54,8629
LICHSGFIN,2026-02-24,525.0,4.5,214000.0,872000.0,29.3,237000.0,103000.0,496.35,508.0,488.1,-2.216,2026-02-02 23:54,8742
LICHSGFIN,2026-02-24,530.0,3.65,859000.0,1458000.0,34.3,446000.0,97000.0,496.35,508.0,488.1,-2.216,2026-02-02 23:54,9011
LICHSGFIN,2026-02-24,535.0,2.95,182000.0,427000.0,39.0,127000.0,11000.0,496.35,508.0,488.1,-2.216,2026-02-02 23:54,9315
LICHSGFIN,2026-02-24,540.0,2.3,505000.0,1255000.0,42.65,272000.0,56000.0,496.35,508.0,488.1,-2.216,2026-02-02 23:54,10548
LICHSGFIN,2026-02-24,545.0,1.9,58000.0,356000.0,43.5,8000.0,0.0,496.35,508.0,488.1,-2.216,2026-02-02 23:54,11567
LICHSGFIN,2026-02-24,550.0,1.65,913000.0,1375000.0,58.45,629000.0,8000.0,496.35,508.0,488.1,-2.216,2026-02-02 23:54,13639
LICHSGFIN,2026-02-24,555.0,1.3,65000.0,109000.0,51.3,7000.0,0.0,496.35,508.0,488.1,-2.216,2026-02-02 23:54,12980
LICHSGFIN,2026-02-24,560.0,1.15,513000.0,465000.0,63.7,229000.0,5000.0,496.35,508.0,488.1,-2.216,2026-02-02 23:54,15856
LICHSGFIN,2026-02-24,565.0,1.1,2000.0,0.0,60.2,4000.0,0.0,496.35,508.0,488.1,-2.216,2026-02-02 23:54,17730
LICHSGFIN,2026-02-24,570.0,0.85,444000.0,337000.0,50.25,124000.0,0.0,496.35,508.0,488.1,-2.216,2026-02-02 23:54,20983
LICHSGFIN,2026-02-24,575.0,0.65,14000.0,11000.0,0.0,0.0,0.0,496.35,508.0,488.1,-2.216,2026-02-02 23:54,23959
LICHSGFIN,2026-02-24,580.0,0.65,208000.0,34000.0,55.2,131000.0,0.0,496.35,508.0,488.1,-2.216,2026-02-02 23:54,27528
LICHSGFIN,2026-02-24,585.0,0.85,73000.0,0.0,58.55,1000.0,0.0,496.35,508.0,488.1,-2.216,2026-02-02 23:54,30556
LICHSGFIN,2026-02-24,590.0,0.4,93000.0,18000.0,74.0,15000.0,0.0,496.35,508.0,488.1,-2.216,2026-02-02 23:54,34331
LICHSGFIN,2026-02-24,595.0,0.65,0.0,0.0,0.0,0.0,0.0,496.35,508.0,488.1,-2.216,2026-02-02 23:54,38052
LICHSGFIN,2026-02-24,600.0,0.45,476000.0,295000.0,108.0,244000.0,13000.0,496.35,508.0,488.1,-2.216,2026-02-02 23:54,41880
LICHSGFIN,2026-02-24,610.0,0.0,0.0,0.0,99.5,11000.0,0.0,496.35,508.0,488.1,-2.216,2026-02-02 23:54,47644
LICHSGFIN,2026-02-24,620.0,0.25,7000.0,36000.0,109.95,17000.0,1000.0,496.35,508.0,488.1,-2.216,2026-02-02 23:54,55922
LICHSGFIN,2026-02-24,630.0,0.0,0.0,0.0,121.5,7000.0,0.0,496.35,508.0,488.1,-2.216,2026-02-02 23:54,64147
LICHSGFIN,2026-02-24,640.0,0.15,143000.0,54000.0,114.0,253000.0,0.0,496.35,508.0,488.1,-2.216,2026-02-02 23:54,72481
LODHA,2026-02-24,760.0,182.35,1350.0,0.0,1.95,54900.0,48150.0,961.45,965.8,918.0,4.767,2026-02-02 23:54,30427
LODHA,2026-02-24,770.0,0.0,0.0,0.0,2.15,1350.0,0.0,961.45,965.8,918.0,4.767,2026-02-02 23:54,28281
LODHA,2026-02-24,780.0,0.0,0.0,0.0,2.65,55350.0,13950.0,961.45,965.8,918.0,4.767,2026-02-02 23:54,26121
LODHA,2026-02-24,790.0,0.0,0.0,0.0,0.0,0.0,0.0,961.45,965.8,918.0,4.767,2026-02-02 23:54,24003
LODHA,2026-02-24,800.0,0.0,0.0,0.0,2.95,113400.0,135450.0,961.45,965.8,918.0,4.767,2026-02-02 23:54,21899
LODHA,2026-02-24,810.0,0.0,0.0,0.0,0.0,0.0,0.0,961.45,965.8,918.0,4.767,2026-02-02 23:54,19875
LODHA,2026-02-24,820.0,154.05,450.0,0.0,3.65,27900.0,11700.0,961.45,965.8,918.0,4.767,2026-02-02 23:54,17885
LODHA,2026-02-24,830.0,125.85,900.0,900.0,4.2,19350.0,14400.0,961.45,965.8,918.0,4.767,2026-02-02 23:54,15920
LODHA,2026-02-24,840.0,67.1,450.0,0.0,4.65,93150.0,94950.0,961.45,965.8,918.0,4.767,2026-02-02 23:54,13981
LODHA,2026-02-24,850.0,108.0,4500.0,900.0,5.5,95400.0,90450.0,961.45,965.8,918.0,4.767,2026-02-02 23:54,12093
LODHA,2026-02-24,860.0,96.8,5400.0,900.0,6.1,46350.0,25200.0,961.45,965.8,918.0,4.767,2026-02-02 23:54,10341
LODHA,2026-02-24,870.0,73.15,14850.0,0.0,7.2,63450.0,44100.0,961.45,965.8,918.0,4.767,2026-02-02 23:54,8668
LODHA,2026-02-24,880.0,63.25,23850.0,0.0,8.45,118350.0,191700.0,961.45,965.8,918.0,4.767,2026-02-02 23:54,7113
LODHA,2026-02-24,890.0,85.65,30600.0,12150.0,9.9,96300.0,74700.0,961.45,965.8,918.0,4.767,2026-02-02 23:54,5688
LODHA,2026-02-24,900.0,77.3,50850.0,83250.0,11.35,239400.0,501300.0,961.45,965.8,918.0,4.767,2026-02-02 23:54,4505
LODHA,2026-02-24,910.0,69.15,27900.0,17550.0,13.55,54000.0,105750.0,961.45,965.8,918.0,4.767,2026-02-02 23:54,3568
LODHA,2026-02-24,920.0,57.6,83700.0,96300.0,15.8,96300.0,122400.0,961.45,965.8,918.0,4.767,2026-02-02 23:54,2711
LODHA,2026-02-24,930.0,54.5,82800.0,187200.0,18.9,129600.0,275400.0,961.45,965.8,918.0,4.767,2026-02-02 23:54,2244
LODHA,2026-02-24,940.0,48.5,84150.0,401400.0,21.5,108450.0,303750.0,961.45,965.8,918.0,4.767,2026-02-02 23:54,1865
LODHA,2026-02-24,950.0,41.4,158400.0,1246950.0,25.1,166050.0,333450.0,961.45,965.8,918.0,4.767,2026-02-02 23:54,1648
LODHA,2026-02-24,960.0,35.6,203850.0,895500.0,29.0,137700.0,249750.0,961.45,965.8,918.0,4.767,2026-02-02 23:54,1820
LODHA,2026-02-24,970.0,30.3,169200.0,311850.0,34.45,49950.0,51300.0,961.45,965.8,918.0,4.767,2026-02-02 23:54,2420
LODHA,2026-02-24,980.0,25.25,75600.0,274050.0,38.5,17550.0,9000.0,961.45,965.8,918.0,4.767,2026-02-02 23:54,3254
LODHA,2026-02-24,990.0,20.6,27000.0,87750.0,50.6,95400.0,7650.0,961.45,965.8,918.0,4.767,2026-02-02 23:54,3964
LODHA,2026-02-24,1000.0,17.95,309600.0,855900.0,51.5,121500.0,8550.0,961.45,965.8,918.0,4.767,2026-02-02 23:54,4246
LODHA,2026-02-24,1010.0,14.9,24300.0,63000.0,0.0,0.0,0.0,961.45,965.8,918.0,4.767,2026-02-02 23:54,5315
LODHA,2026-02-24,1020.0,12.0,190800.0,273600.0,108.95,4050.0,0.0,961.45,965.8,918.0,4.767,2026-02-02 23:54,6516
LODHA,2026-02-24,1030.0,9.9,22500.0,21600.0,117.4,4500.0,0.0,961.45,965.8,918.0,4.767,2026-02-02 23:54,8060
LODHA,2026-02-24,1040.0,8.2,80550.0,87300.0,82.8,15750.0,0.0,961.45,965.8,918.0,4.767,2026-02-02 23:54,9415
LODHA,2026-02-24,1050.0,7.0,144900.0,255150.0,90.1,16650.0,900.0,961.45,965.8,918.0,4.767,2026-02-02 23:54,10833
LODHA,2026-02-24,1060.0,5.65,31950.0,44100.0,99.3,11700.0,450.0,961.45,965.8,918.0,4.767,2026-02-02 23:54,12428
LODHA,2026-02-24,1070.0,4.85,900.0,0.0,152.85,450.0,0.0,961.45,965.8,918.0,4.767,2026-02-02 23:54,14018
LODHA,2026-02-24,1080.0,4.3,14850.0,19800.0,114.95,21150.0,0.0,961.45,965.8,918.0,4.767,2026-02-02 23:54,15700
LODHA,2026-02-24,1100.0,3.35,252900.0,139950.0,141.0,68400.0,1800.0,961.45,965.8,918.0,4.767,2026-02-02 23:54,18913
LODHA,2026-02-24,1110.0,2.55,1800.0,450.0,0.0,0.0,0.0,961.45,965.8,918.0,4.767,2026-02-02 23:54,20079
LODHA,2026-02-24,1120.0,2.6,22500.0,13950.0,209.0,2250.0,0.0,961.45,965.8,918.0,4.767,2026-02-02 23:54,22128
LODHA,2026-02-24,1130.0,1.5,4950.0,0.0,0.0,0.0,0.0,961.45,965.8,918.0,4.767,2026-02-02 23:54,24159
LODHA,2026-02-24,1140.0,0.0,0.0,0.0,192.0,7200.0,450.0,961.45,965.8,918.0,4.767,2026-02-02 23:54,26238
LODHA,2026-02-24,1150.0,1.85,14850.0,18900.0,0.0,0.0,0.0,961.45,965.8,918.0,4.767,2026-02-02 23:54,28184
LODHA,2026-02-24,1160.0,0.0,0.0,0.0,237.0,4050.0,0.0,961.45,965.8,918.0,4.767,2026-02-02 23:54,30287
LODHA,2026-02-24,1180.0,0.55,2700.0,0.0,258.4,4500.0,0.0,961.45,965.8,918.0,4.767,2026-02-02 23:54,34398
LODHA,2026-02-24,1190.0,0.45,2250.0,0.0,0.0,0.0,0.0,961.45,965.8,918.0,4.767,2026-02-02 23:54,36393
LODHA,2026-02-24,1200.0,0.85,81000.0,2250.0,227.3,48150.0,0.0,961.45,965.8,918.0,4.767,2026-02-02 23:54,38506
LODHA,2026-02-24,1220.0,1.1,2250.0,450.0,297.95,900.0,0.0,961.45,965.8,918.0,4.767,2026-02-02 23:54,41904
LODHA,2026-02-24,1230.0,0.2,450.0,0.0,0.0,0.0,0.0,961.45,965.8,918.0,4.767,2026-02-02 23:54,44122
LODHA,2026-02-24,1240.0,0.65,3600.0,0.0,340.0,900.0,0.0,961.45,965.8,918.0,4.767,2026-02-02 23:54,46368
LODHA,2026-02-24,1280.0,0.0,0.0,0.0,384.0,4950.0,0.0,961.45,965.8,918.0,4.767,2026-02-02 23:54,55340
LT,2026-02-24,3280.0,0.0,0.0,0.0,1.95,47250.0,22575.0,3921.3,3934.8,3825.0,2.813,2026-02-02 23:54,179850
LT,2026-02-24,3320.0,629.5,350.0,0.0,2.3,35000.0,11725.0,3921.3,3934.8,3825.0,2.813,2026-02-02 23:54,163280
LT,2026-02-24,3360.0,0.0,0.0,0.0,2.85,8750.0,5250.0,3921.3,3934.8,3825.0,2.813,2026-02-02 23:54,146874
LT,2026-02-24,3400.0,375.0,175.0,0.0,2.95,177450.0,47250.0,3921.3,3934.8,3825.0,2.813,2026-02-02 23:54,130486
LT,2026-02-24,3440.0,0.0,0.0,0.0,3.45,115150.0,16100.0,3921.3,3934.8,3825.0,2.813,2026-02-02 23:54,114766
LT,2026-02-24,3480.0,309.95,2450.0,0.0,4.45,18025.0,1225.0,3921.3,3934.8,3825.0,2.813,2026-02-02 23:54,99513
LT,2026-02-24,3500.0,428.2,5250.0,4550.0,4.8,197575.0,224875.0,3921.3,3934.8,3825.0,2.813,2026-02-02 23:54,92015
LT,2026-02-24,3520.0,330.0,11550.0,0.0,5.5,137900.0,11550.0,3921.3,3934.8,3825.0,2.813,2026-02-02 23:54,84984
LT,2026-02-24,3540.0,0.0,0.0,0.0,6.0,25550.0,4200.0,3921.3,3934.8,3825.0,2.813,2026-02-02 23:54,78428
LT,2026-02-24,3560.0,349.6,0.0,175.0,7.0,0.0,175.0,3921.3,3934.8,3825.0,2.813,2026-02-02 23:54,71602
LT,2026-02-24,3580.0,345.1,350.0,350.0,8.5,14175.0,10150.0,3921.3,3934.8,3825.0,2.813,2026-02-02 23:54,64792
LT,2026-02-24,3600.0,335.7,9100.0,4200.0,9.2,313775.0,257950.0,3921.3,3934.8,3825.0,2.813,2026-02-02 23:54,58011
LT,2026-02-24,3620.0,0.0,0.0,0.0,10.05,14175.0,15050.0,3921.3,3934.8,3825.0,2.813,2026-02-02 23:54,51892
LT,2026-02-24,3640.0,214.9,25200.0,0.0,11.45,32900.0,30975.0,3921.3,3934.8,3825.0,2.813,2026-02-02 23:54,45771
LT,2026-02-24,3660.0,220.25,350.0,0.0,12.95,34300.0,34475.0,3921.3,3934.8,3825.0,2.813,2026-02-02 23:54,40284
LT,2026-02-24,3680.0,192.05,875.0,0.0,14.4,25025.0,24150.0,3921.3,3934.8,3825.0,2.813,2026-02-02 23:54,34325
LT,2026-02-24,3700.0,241.0,52325.0,19600.0,17.05,339500.0,562975.0,3921.3,3934.8,3825.0,2.813,2026-02-02 23:54,28436
LT,2026-02-24,3720.0,200.0,11725.0,0.0,18.85,37100.0,49875.0,3921.3,3934.8,3825.0,2.813,2026-02-02 23:54,24032
LT,2026-02-24,3740.0,205.95,10325.0,5600.0,21.75,193025.0,372225.0,3921.3,3934.8,3825.0,2.813,2026-02-02 23:54,19208
LT,2026-02-24,3760.0,193.35,67550.0,8050.0,24.35,102375.0,93275.0,3921.3,3934.8,3825.0,2.813,2026-02-02 23:54,14419
LT,2026-02-24,3780.0,172.9,76475.0,15050.0,27.7,97125.0,42700.0,3921.3,3934.8,3825.0,2.813,2026-02-02 23:54,11234
LT,2026-02-24,3800.0,153.75,290325.0,328300.0,31.95,474425.0,1033200.0,3921.3,3934.8,3825.0,2.813,2026-02-02 23:54,8393
LT,2026-02-24,3820.0,140.95,52850.0,84175.0,36.6,74375.0,278425.0,3921.3,3934.8,3825.0,2.813,2026-02-02 23:54,8975
LT,2026-02-24,3840.0,125.2,261625.0,220850.0,40.95,72800.0,305200.0,3921.3,3934.8,3825.0,2.813,2026-02-02 23:54,7337
LT,2026-02-24,3860.0,110.65,37100.0,282275.0,46.95,64225.0,302575.0,3921.3,3934.8,3825.0,2.813,2026-02-02 23:54,8873
LT,2026-02-24,3880.0,95.85,39200.0,462525.0,54.4,59150.0,398825.0,3921.3,3934.8,3825.0,2.813,2026-02-02 23:54,7742
LT,2026-02-24,3900.0,84.2,410200.0,3305925.0,63.0,382375.0,1400525.0,3921.3,3934.8,3825.0,2.813,2026-02-02 23:54,6753
LT,2026-02-24,3920.0,72.35,126350.0,1255100.0,70.3,81025.0,379575.0,3921.3,3934.8,3825.0,2.813,2026-02-02 23:54,8341
LT,2026-02-24,3940.0,63.0,279825.0,1405075.0,79.85,59325.0,249725.0,3921.3,3934.8,3825.0,2.813,2026-02-02 23:54,9643
LT,2026-02-24,3960.0,53.2,177100.0,687400.0,89.4,44800.0,159950.0,3921.3,3934.8,3825.0,2.813,2026-02-02 23:54,12567
LT,2026-02-24,3980.0,45.4,226275.0,694575.0,101.9,37625.0,15925.0,3921.3,3934.8,3825.0,2.813,2026-02-02 23:54,15188
LT,2026-02-24,4000.0,38.75,976325.0,3454675.0,114.05,431900.0,176575.0,3921.3,3934.8,3825.0,2.813,2026-02-02 23:54,18439
LT,2026-02-24,4020.0,32.6,126875.0,545125.0,128.65,49875.0,12775.0,3921.3,3934.8,3825.0,2.813,2026-02-02 23:54,22720
LT,2026-02-24,4040.0,27.65,118475.0,809200.0,143.7,9100.0,1575.0,3921.3,3934.8,3825.0,2.813,2026-02-02 23:54,28270
LT,2026-02-24,4060.0,22.95,51100.0,245175.0,158.3,11025.0,1225.0,3921.3,3934.8,3825.0,2.813,2026-02-02 23:54,34499
LT,2026-02-24,4080.0,19.35,33250.0,140525.0,173.7,12775.0,61075.0,3921.3,3934.8,3825.0,2.813,2026-02-02 23:54,40598
LT,2026-02-24,4100.0,16.5,450625.0,1186675.0,190.25,200025.0,50925.0,3921.3,3934.8,3825.0,2.813,2026-02-02 23:54,46689
LT,2026-02-24,4120.0,14.0,48125.0,119525.0,300.0,1925.0,0.0,3921.3,3934.8,3825.0,2.813,2026-02-02 23:54,51177
LT,2026-02-24,4140.0,12.15,108675.0,118125.0,319.95,350.0,0.0,3921.3,3934.8,3825.0,2.813,2026-02-02 23:54,58836
LT,2026-02-24,4160.0,11.0,42000.0,84700.0,0.0,0.0,0.0,3921.3,3934.8,3825.0,2.813,2026-02-02 23:54,66825
LT,2026-02-24,4180.0,9.45,38850.0,53025.0,399.0,875.0,0.0,3921.3,3934.8,3825.0,2.813,2026-02-02 23:54,74823
LT,2026-02-24,4200.0,8.3,633500.0,821800.0,281.85,98700.0,8050.0,3921.3,3934.8,3825.0,2.813,2026-02-02 23:54,82857
LT,2026-02-24,4220.0,6.1,24325.0,53725.0,0.0,0.0,0.0,3921.3,3934.8,3825.0,2.813,2026-02-02 23:54,90096
LT,2026-02-24,4240.0,5.95,33775.0,86800.0,0.0,0.0,0.0,3921.3,3934.8,3825.0,2.813,2026-02-02 23:54,99656
LT,2026-02-24,4280.0,4.7,30450.0,63700.0,332.15,175.0,0.0,3921.3,3934.8,3825.0,2.813,2026-02-02 23:54,118900
LT,2026-02-24,4300.0,4.15,262500.0,401100.0,390.0,13125.0,525.0,3921.3,3934.8,3825.0,2.813,2026-02-02 23:54,128582
LT,2026-02-24,4320.0,3.75,78575.0,69650.0,0.0,0.0,0.0,3921.3,3934.8,3825.0,2.813,2026-02-02 23:54,138403
LT,2026-02-24,4360.0,2.75,85050.0,16975.0,446.4,350.0,525.0,3921.3,3934.8,3825.0,2.813,2026-02-02 23:54,159196
LT,2026-02-24,4380.0,2.35,19600.0,5775.0,0.0,0.0,0.0,3921.3,3934.8,3825.0,2.813,2026-02-02 23:54,169756
LT,2026-02-24,4400.0,2.25,407925.0,425250.0,485.2,30625.0,12775.0,3921.3,3934.8,3825.0,2.813,2026-02-02 23:54,180353
LT,2026-02-24,4440.0,0.0,0.0,0.0,530.0,0.0,0.0,3921.3,3934.8,3825.0,2.813,2026-02-02 23:54,201896
LT,2026-02-24,4480.0,1.85,37450.0,34825.0,0.0,0.0,0.0,3921.3,3934.8,3825.0,2.813,2026-02-02 23:54,224834
LT,2026-02-24,4520.0,0.0,0.0,0.0,720.0,175.0,0.0,3921.3,3934.8,3825.0,2.813,2026-02-02 23:54,247928
LT,2026-02-24,4640.0,1.4,42700.0,19600.0,700.0,10325.0,0.0,3921.3,3934.8,3825.0,2.813,2026-02-02 23:54,317180
LTF,2026-02-24,230.0,0.0,0.0,0.0,0.0,0.0,0.0,277.55,279.15,269.0,-0.555,2026-02-02 23:54,74375
LTF,2026-02-24,235.0,0.0,0.0,0.0,0.4,207000.0,308250.0,277.55,279.15,269.0,-0.555,2026-02-02 23:54,66013
LTF,2026-02-24,240.0,64.35,20250.0,0.0,0.55,690750.0,2425500.0,277.55,279.15,269.0,-0.555,2026-02-02 23:54,57746
LTF,2026-02-24,245.0,0.0,0.0,0.0,0.8,186750.0,243000.0,277.55,279.15,269.0,-0.555,2026-02-02 23:54,49935
LTF,2026-02-24,250.0,26.75,60750.0,36000.0,1.05,657000.0,1395000.0,277.55,279.15,269.0,-0.555,2026-02-02 23:54,42110
LTF,2026-02-24,255.0,0.0,0.0,0.0,1.6,360000.0,571500.0,277.55,279.15,269.0,-0.555,2026-02-02 23:54,34753
LTF,2026-02-24,260.0,21.4,200250.0,225000.0,2.35,1656000.0,5148000.0,277.55,279.15,269.0,-0.555,2026-02-02 23:54,27424
LTF,2026-02-24,265.0,18.4,213750.0,209250.0,3.4,801000.0,1109250.0,277.55,279.15,269.0,-0.555,2026-02-02 23:54,21121
LTF,2026-02-24,270.0,14.3,722250.0,1937250.0,4.75,1199250.0,8174250.0,277.55,279.15,269.0,-0.555,2026-02-02 23:54,15407
LTF,2026-02-24,275.0,11.5,535500.0,2112750.0,6.55,1307250.0,2128500.0,277.55,279.15,269.0,-0.555,2026-02-02 23:54,10995
LTF,2026-02-24,280.0,8.7,1714500.0,4034250.0,9.0,1442250.0,1361250.0,277.55,279.15,269.0,-0.555,2026-02-02 23:54,6801
LTF,2026-02-24,285.0,6.5,1836000.0,3019500.0,12.1,1050750.0,420750.0,277.55,279.15,269.0,-0.555,2026-02-02 23:54,4620
LTF,2026-02-24,290.0,4.9,3120750.0,7094250.0,15.45,2119500.0,447750.0,277.55,279.15,269.0,-0.555,2026-02-02 23:54,3611
LTF,2026-02-24,295.0,3.7,1698750.0,2722500.0,19.15,612000.0,72000.0,277.55,279.15,269.0,-0.555,2026-02-02 23:54,3554
LTF,2026-02-24,300.0,2.65,3755250.0,6459750.0,22.7,3604500.0,378000.0,277.55,279.15,269.0,-0.555,2026-02-02 23:54,5854
LTF,2026-02-24,305.0,1.95,1183500.0,2502000.0,33.05,110250.0,38250.0,277.55,279.15,269.0,-0.555,2026-02-02 23:54,5191
LTF,2026-02-24,310.0,1.5,1905750.0,2112750.0,39.15,297000.0,9000.0,277.55,279.15,269.0,-0.555,2026-02-02 23:54,12228
LTF,2026-02-24,315.0,1.1,951750.0,1188000.0,31.4,96750.0,0.0,277.55,279.15,269.0,-0.555,2026-02-02 23:54,19624
LTF,2026-02-24,320.0,0.85,1174500.0,1410750.0,47.35,168750.0,2250.0,277.55,279.15,269.0,-0.555,2026-02-02 23:54,28221
LTF,2026-02-24,325.0,0.6,294750.0,171000.0,40.0,78750.0,0.0,277.55,279.15,269.0,-0.555,2026-02-02 23:54,36990
LTF,2026-02-24,330.0,0.55,1138500.0,373500.0,43.5,27000.0,0.0,277.55,279.15,269.0,-0.555,2026-02-02 23:54,46347
LTF,2026-02-24,335.0,0.45,234000.0,15750.0,20.6,13500.0,0.0,277.55,279.15,269.0,-0.555,2026-02-02 23:54,56530
LTF,2026-02-24,340.0,0.3,573750.0,360000.0,48.5,18000.0,0.0,277.55,279.15,269.0,-0.555,2026-02-02 23:54,66874
LTF,2026-02-24,350.0,0.25,821250.0,355500.0,55.0,4500.0,0.0,277.55,279.15,269.0,-0.555,2026-02-02 23:54,88118
LTF,2026-02-24,360.0,0.15,99000.0,6750.0,66.05,2250.0,0.0,277.55,279.15,269.0,-0.555,2026-02-02 23:54,110254
LTF,2026-02-24,370.0,0.25,114750.0,0.0,81.8,13500.0,0.0,277.55,279.15,269.0,-0.555,2026-02-02 23:54,132482
LTIM,2026-02-24,5000.0,0.0,0.0,0.0,4.3,45600.0,1200.0,5986.0,6068.5,5929.0,-1.392,2026-02-02 23:54,29497
LTIM,2026-02-24,5100.0,830.0,300.0,0.0,5.95,22950.0,6750.0,5986.0,6068.5,5929.0,-1.392,2026-02-02 23:54,24899
LTIM,2026-02-24,5200.0,764.95,2100.0,0.0,9.9,20250.0,3750.0,5986.0,6068.5,5929.0,-1.392,2026-02-02 23:54,20565
LTIM,2026-02-24,5300.0,555.0,300.0,0.0,13.9,11700.0,15750.0,5986.0,6068.5,5929.0,-1.392,2026-02-02 23:54,16584
LTIM,2026-02-24,5350.0,0.0,0.0,0.0,29.05,150.0,0.0,5986.0,6068.5,5929.0,-1.392,2026-02-02 23:54,14583
LTIM,2026-02-24,5400.0,0.0,0.0,0.0,19.0,23100.0,7350.0,5986.0,6068.5,5929.0,-1.392,2026-02-02 23:54,12582
LTIM,2026-02-24,5450.0,0.0,0.0,0.0,22.45,6900.0,0.0,5986.0,6068.5,5929.0,-1.392,2026-02-02 23:54,10654
LTIM,2026-02-24,5500.0,510.15,600.0,0.0,28.45,54900.0,25950.0,5986.0,6068.5,5929.0,-1.392,2026-02-02 23:54,8788
LTIM,2026-02-24,5550.0,0.0,0.0,0.0,34.0,3900.0,0.0,5986.0,6068.5,5929.0,-1.392,2026-02-02 23:54,7090
LTIM,2026-02-24,5600.0,536.25,2700.0,0.0,39.25,19050.0,16650.0,5986.0,6068.5,5929.0,-1.392,2026-02-02 23:54,5523
LTIM,2026-02-24,5650.0,0.0,0.0,0.0,68.5,900.0,0.0,5986.0,6068.5,5929.0,-1.392,2026-02-02 23:54,4149
LTIM,2026-02-24,5700.0,428.95,2550.0,0.0,60.75,15000.0,17700.0,5986.0,6068.5,5929.0,-1.392,2026-02-02 23:54,2702
LTIM,2026-02-24,5750.0,298.25,2550.0,0.0,84.6,5850.0,0.0,5986.0,6068.5,5929.0,-1.392,2026-02-02 23:54,1368
LTIM,2026-02-24,5800.0,276.0,8400.0,1500.0,78.4,19650.0,33150.0,5986.0,6068.5,5929.0,-1.392,2026-02-02 23:54,85
LTIM,2026-02-24,5850.0,260.6,4500.0,0.0,95.85,10200.0,450.0,5986.0,6068.5,5929.0,-1.392,2026-02-02 23:54,-1007
LTIM,2026-02-24,5900.0,213.0,13200.0,17700.0,110.7,57900.0,112950.0,5986.0,6068.5,5929.0,-1.392,2026-02-02 23:54,-2084
LTIM,2026-02-24,5950.0,185.0,17550.0,12750.0,130.95,24750.0,13800.0,5986.0,6068.5,5929.0,-1.392,2026-02-02 23:54,-3184
LTIM,2026-02-24,6000.0,155.0,134400.0,224100.0,157.3,89550.0,144300.0,5986.0,6068.5,5929.0,-1.392,2026-02-02 23:54,-3713
LTIM,2026-02-24,6050.0,130.0,14700.0,18750.0,189.55,21750.0,14100.0,5986.0,6068.5,5929.0,-1.392,2026-02-02 23:54,-2448
LTIM,2026-02-24,6100.0,111.0,56700.0,88950.0,209.2,19200.0,17550.0,5986.0,6068.5,5929.0,-1.392,2026-02-02 23:54,-1897
LTIM,2026-02-24,6150.0,90.5,15150.0,18000.0,261.8,6600.0,3450.0,5986.0,6068.5,5929.0,-1.392,2026-02-02 23:54,-517
LTIM,2026-02-24,6200.0,76.1,47700.0,69750.0,283.6,5850.0,7200.0,5986.0,6068.5,5929.0,-1.392,2026-02-02 23:54,707
LTIM,2026-02-24,6250.0,63.7,5400.0,5550.0,313.7,6600.0,3600.0,5986.0,6068.5,5929.0,-1.392,2026-02-02 23:54,2432
LTIM,2026-02-24,6300.0,49.35,35400.0,45600.0,307.1,6900.0,0.0,5986.0,6068.5,5929.0,-1.392,2026-02-02 23:54,3848
LTIM,2026-02-24,6350.0,89.25,5550.0,0.0,437.85,450.0,0.0,5986.0,6068.5,5929.0,-1.392,2026-02-02 23:54,5611
LTIM,2026-02-24,6400.0,33.85,38250.0,51600.0,460.15,1650.0,1350.0,5986.0,6068.5,5929.0,-1.392,2026-02-02 23:54,7471
LTIM,2026-02-24,6450.0,27.55,6750.0,2700.0,0.0,0.0,0.0,5986.0,6068.5,5929.0,-1.392,2026-02-02 23:54,9554
LTIM,2026-02-24,6500.0,22.0,67950.0,83850.0,506.3,300.0,0.0,5986.0,6068.5,5929.0,-1.392,2026-02-02 23:54,11636
LTIM,2026-02-24,6550.0,17.7,9450.0,3750.0,0.0,0.0,0.0,5986.0,6068.5,5929.0,-1.392,2026-02-02 23:54,14174
LTIM,2026-02-24,6600.0,14.8,18000.0,13200.0,640.75,150.0,0.0,5986.0,6068.5,5929.0,-1.392,2026-02-02 23:54,16643
LTIM,2026-02-24,6650.0,13.0,1800.0,1500.0,0.0,0.0,0.0,5986.0,6068.5,5929.0,-1.392,2026-02-02 23:54,19202
LTIM,2026-02-24,6700.0,10.55,12150.0,7500.0,436.0,1050.0,0.0,5986.0,6068.5,5929.0,-1.392,2026-02-02 23:54,21756
LTIM,2026-02-24,6750.0,0.0,0.0,0.0,443.0,600.0,0.0,5986.0,6068.5,5929.0,-1.392,2026-02-02 23:54,24341
LTIM,2026-02-24,6800.0,3.6,4650.0,0.0,0.0,0.0,0.0,5986.0,6068.5,5929.0,-1.392,2026-02-02 23:54,26935
LTIM,2026-02-24,6850.0,6.15,300.0,0.0,0.0,0.0,0.0,5986.0,6068.5,5929.0,-1.392,2026-02-02 23:54,29580
LTIM,2026-02-24,6900.0,5.0,1200.0,150.0,0.0,0.0,0.0,5986.0,6068.5,5929.0,-1.392,2026-02-02 23:54,32226
LTIM,2026-02-24,6950.0,6.0,600.0,0.0,0.0,0.0,0.0,5986.0,6068.5,5929.0,-1.392,2026-02-02 23:54,34877
LTIM,2026-02-24,7000.0,4.15,38100.0,17700.0,0.0,0.0,0.0,5986.0,6068.5,5929.0,-1.392,2026-02-02 23:54,37532
LTIM,2026-02-24,7100.0,6.0,900.0,0.0,0.0,0.0,0.0,5986.0,6068.5,5929.0,-1.392,2026-02-02 23:54,43237
LTIM,2026-02-24,7200.0,3.95,2400.0,0.0,0.0,0.0,0.0,5986.0,6068.5,5929.0,-1.392,2026-02-02 23:54,48936
LTIM,2026-02-24,7300.0,6.05,600.0,0.0,0.0,0.0,0.0,5986.0,6068.5,5929.0,-1.392,2026-02-02 23:54,54660
LUPIN,2026-02-24,1800.0,0.0,0.0,0.0,2.0,73525.0,4675.0,2129.4,2148.0,2078.2,-0.272,2026-02-02 23:54,22503
LUPIN,2026-02-24,1840.0,0.0,0.0,0.0,2.4,36125.0,850.0,2129.4,2148.0,2078.2,-0.272,2026-02-02 23:54,18547
LUPIN,2026-02-24,1880.0,0.0,0.0,0.0,3.25,18700.0,0.0,2129.4,2148.0,2078.2,-0.272,2026-02-02 23:54,14743
LUPIN,2026-02-24,1900.0,309.0,850.0,0.0,5.85,51850.0,31025.0,2129.4,2148.0,2078.2,-0.272,2026-02-02 23:54,12876
LUPIN,2026-02-24,1920.0,0.0,0.0,0.0,7.2,10200.0,14450.0,2129.4,2148.0,2078.2,-0.272,2026-02-02 23:54,11117
LUPIN,2026-02-24,1940.0,0.0,0.0,0.0,0.0,0.0,0.0,2129.4,2148.0,2078.2,-0.272,2026-02-02 23:54,9374
LUPIN,2026-02-24,1960.0,0.0,0.0,0.0,11.15,23375.0,19125.0,2129.4,2148.0,2078.2,-0.272,2026-02-02 23:54,7640
LUPIN,2026-02-24,1980.0,134.35,425.0,850.0,14.15,8925.0,15725.0,2129.4,2148.0,2078.2,-0.272,2026-02-02 23:54,5925
LUPIN,2026-02-24,2000.0,136.0,8500.0,4250.0,17.35,154700.0,153000.0,2129.4,2148.0,2078.2,-0.272,2026-02-02 23:54,4249
LUPIN,2026-02-24,2020.0,128.45,4250.0,7650.0,20.1,12750.0,23800.0,2129.4,2148.0,2078.2,-0.272,2026-02-02 23:54,2753
LUPIN,2026-02-24,2040.0,111.4,4250.0,0.0,25.65,28475.0,38250.0,2129.4,2148.0,2078.2,-0.272,2026-02-02 23:54,1473
LUPIN,2026-02-24,2060.0,102.0,850.0,0.0,30.45,35700.0,22100.0,2129.4,2148.0,2078.2,-0.272,2026-02-02 23:54,204
LUPIN,2026-02-24,2080.0,85.85,15300.0,65875.0,36.7,57800.0,175950.0,2129.4,2148.0,2078.2,-0.272,2026-02-02 23:54,-1065
LUPIN,2026-02-24,2100.0,73.65,53550.0,213350.0,45.0,136850.0,190400.0,2129.4,2148.0,2078.2,-0.272,2026-02-02 23:54,-2170
LUPIN,2026-02-24,2120.0,63.0,107525.0,298775.0,52.25,93500.0,170425.0,2129.4,2148.0,2078.2,-0.272,2026-02-02 23:54,-3035
LUPIN,2026-02-24,2140.0,53.25,102850.0,165750.0,64.0,55250.0,39525.0,2129.4,2148.0,2078.2,-0.272,2026-02-02 23:54,-3088
LUPIN,2026-02-24,2160.0,44.45,165325.0,150875.0,74.3,85850.0,0.0,2129.4,2148.0,2078.2,-0.272,2026-02-02 23:54,-2819
LUPIN,2026-02-24,2180.0,36.7,83725.0,54400.0,91.0,36550.0,4250.0,2129.4,2148.0,2078.2,-0.272,2026-02-02 23:54,-2145
LUPIN,2026-02-24,2200.0,30.0,379525.0,475150.0,113.2,106675.0,9775.0,2129.4,2148.0,2078.2,-0.272,2026-02-02 23:54,-1352
LUPIN,2026-02-24,2220.0,25.2,44625.0,26775.0,0.0,0.0,0.0,2129.4,2148.0,2078.2,-0.272,2026-02-02 23:54,368
LUPIN,2026-02-24,2240.0,20.65,65025.0,53975.0,135.95,2550.0,0.0,2129.4,2148.0,2078.2,-0.272,2026-02-02 23:54,2359
LUPIN,2026-02-24,2260.0,16.5,70125.0,58650.0,166.2,2550.0,0.0,2129.4,2148.0,2078.2,-0.272,2026-02-02 23:54,4474
LUPIN,2026-02-24,2280.0,13.5,23800.0,19550.0,0.0,0.0,0.0,2129.4,2148.0,2078.2,-0.272,2026-02-02 23:54,6707
LUPIN,2026-02-24,2300.0,11.15,164900.0,233325.0,179.45,15300.0,1700.0,2129.4,2148.0,2078.2,-0.272,2026-02-02 23:54,8946
LUPIN,2026-02-24,2320.0,7.25,26775.0,11475.0,185.0,10200.0,0.0,2129.4,2148.0,2078.2,-0.272,2026-02-02 23:54,11423
LUPIN,2026-02-24,2340.0,7.1,5100.0,8075.0,0.0,0.0,0.0,2129.4,2148.0,2078.2,-0.272,2026-02-02 23:54,13896
LUPIN,2026-02-24,2360.0,5.75,30175.0,100725.0,0.0,0.0,0.0,2129.4,2148.0,2078.2,-0.272,2026-02-02 23:54,16552
LUPIN,2026-02-24,2380.0,0.0,0.0,0.0,0.0,0.0,0.0,2129.4,2148.0,2078.2,-0.272,2026-02-02 23:54,19281
LUPIN,2026-02-24,2400.0,3.75,61625.0,121975.0,216.75,1275.0,0.0,2129.4,2148.0,2078.2,-0.272,2026-02-02 23:54,21994
LUPIN,2026-02-24,2440.0,2.3,184025.0,75650.0,0.0,0.0,0.0,2129.4,2148.0,2078.2,-0.272,2026-02-02 23:54,27665
LUPIN,2026-02-24,2480.0,1.8,114750.0,8500.0,0.0,0.0,0.0,2129.4,2148.0,2078.2,-0.272,2026-02-02 23:54,34120
LUPIN,2026-02-24,2520.0,1.35,850.0,850.0,0.0,0.0,0.0,2129.4,2148.0,2078.2,-0.272,2026-02-02 23:54,41012
M&M,2026-02-24,2850.0,0.0,0.0,0.0,2.7,143600.0,18600.0,3463.2,3472.1,3343.7,2.955,2026-02-02 23:54,112734
M&M,2026-02-24,2900.0,0.0,0.0,0.0,4.45,72600.0,33000.0,3463.2,3472.1,3343.7,2.955,2026-02-02 23:54,99819
M&M,2026-02-24,3000.0,460.0,2600.0,3800.0,6.5,170000.0,255000.0,3463.2,3472.1,3343.7,2.955,2026-02-02 23:54,74758
M&M,2026-02-24,3050.0,0.0,0.0,0.0,8.0,1800.0,2600.0,3463.2,3472.1,3343.7,2.955,2026-02-02 23:54,63116
M&M,2026-02-24,3100.0,340.55,35200.0,600.0,11.2,118400.0,172400.0,3463.2,3472.1,3343.7,2.955,2026-02-02 23:54,51473
M&M,2026-02-24,3150.0,0.0,0.0,0.0,14.85,37000.0,104200.0,3463.2,3472.1,3343.7,2.955,2026-02-02 23:54,41665
M&M,2026-02-24,3200.0,253.15,22800.0,3800.0,20.0,360400.0,443800.0,3463.2,3472.1,3343.7,2.955,2026-02-02 23:54,30921
M&M,2026-02-24,3250.0,237.65,11000.0,2200.0,27.7,64400.0,240800.0,3463.2,3472.1,3343.7,2.955,2026-02-02 23:54,22005
M&M,2026-02-24,3300.0,197.15,72800.0,107600.0,37.4,224600.0,381200.0,3463.2,3472.1,3343.7,2.955,2026-02-02 23:54,13692
M&M,2026-02-24,3350.0,163.0,86000.0,229800.0,50.6,229600.0,340600.0,3463.2,3472.1,3343.7,2.955,2026-02-02 23:54,7378
M&M,2026-02-24,3400.0,130.0,386000.0,1211400.0,68.2,279800.0,497200.0,3463.2,3472.1,3343.7,2.955,2026-02-02 23:54,2287
M&M,2026-02-24,3450.0,101.45,264200.0,788600.0,89.7,173400.0,232600.0,3463.2,3472.1,3343.7,2.955,2026-02-02 23:54,3395
M&M,2026-02-24,3500.0,78.0,469600.0,1517400.0,113.15,285800.0,122000.0,3463.2,3472.1,3343.7,2.955,2026-02-02 23:54,4706
M&M,2026-02-24,3550.0,58.2,139000.0,400400.0,141.45,68400.0,16800.0,3463.2,3472.1,3343.7,2.955,2026-02-02 23:54,9098
M&M,2026-02-24,3600.0,42.7,361600.0,830800.0,178.0,200200.0,25400.0,3463.2,3472.1,3343.7,2.955,2026-02-02 23:54,13939
M&M,2026-02-24,3650.0,30.6,319800.0,436600.0,215.0,18400.0,2200.0,3463.2,3472.1,3343.7,2.955,2026-02-02 23:54,19729
M&M,2026-02-24,3700.0,22.45,310400.0,377400.0,255.0,182400.0,40000.0,3463.2,3472.1,3343.7,2.955,2026-02-02 23:54,29812
M&M,2026-02-24,3750.0,16.0,107000.0,139600.0,361.8,2000.0,0.0,3463.2,3472.1,3343.7,2.955,2026-02-02 23:54,37821
M&M,2026-02-24,3800.0,11.55,287400.0,237000.0,350.0,57400.0,400.0,3463.2,3472.1,3343.7,2.955,2026-02-02 23:54,50429
M&M,2026-02-24,3850.0,8.6,50400.0,44800.0,477.35,2200.0,0.0,3463.2,3472.1,3343.7,2.955,2026-02-02 23:54,62985
M&M,2026-02-24,3900.0,5.85,163400.0,130400.0,460.0,10400.0,0.0,3463.2,3472.1,3343.7,2.955,2026-02-02 23:54,77419
M&M,2026-02-24,3950.0,4.0,30800.0,6600.0,573.85,1600.0,0.0,3463.2,3472.1,3343.7,2.955,2026-02-02 23:54,92402
M&M,2026-02-24,4000.0,3.7,255800.0,138800.0,585.0,9600.0,400.0,3463.2,3472.1,3343.7,2.955,2026-02-02 23:54,107849
M&M,2026-02-24,4050.0,2.0,600.0,200.0,0.0,0.0,0.0,3463.2,3472.1,3343.7,2.955,2026-02-02 23:54,124236
M&M,2026-02-24,4100.0,1.55,54600.0,18600.0,700.0,400.0,0.0,3463.2,3472.1,3343.7,2.955,2026-02-02 23:54,141093
M&M,2026-02-24,4150.0,0.4,3400.0,0.0,0.0,0.0,0.0,3463.2,3472.1,3343.7,2.955,2026-02-02 23:54,158206
M&M,2026-02-24,4200.0,1.65,42800.0,4600.0,0.0,0.0,0.0,3463.2,3472.1,3343.7,2.955,2026-02-02 23:54,175355
M&M,2026-02-24,4300.0,1.5,1400.0,200.0,891.0,4600.0,0.0,3463.2,3472.1,3343.7,2.955,2026-02-02 23:54,210088
M&M,2026-02-24,4400.0,1.0,33800.0,2600.0,0.0,0.0,0.0,3463.2,3472.1,3343.7,2.955,2026-02-02 23:54,244464
MANAPPURAM,2026-02-24,225.0,0.0,0.0,0.0,0.75,36000.0,42000.0,279.4,283.5,260.7,3.52,2026-02-02 23:54,51828
MANAPPURAM,2026-02-24,230.0,0.0,0.0,0.0,1.1,432000.0,1215000.0,279.4,283.5,260.7,3.52,2026-02-02 23:54,44400
MANAPPURAM,2026-02-24,232.5,0.0,0.0,0.0,0.0,0.0,0.0,279.4,283.5,260.7,3.52,2026-02-02 23:54,40748
MANAPPURAM,2026-02-24,235.0,0.0,0.0,0.0,2.5,3000.0,6000.0,279.4,283.5,260.7,3.52,2026-02-02 23:54,37144
MANAPPURAM,2026-02-24,237.5,0.0,0.0,0.0,0.0,0.0,0.0,279.4,283.5,260.7,3.52,2026-02-02 23:54,33539
MANAPPURAM,2026-02-24,240.0,57.45,6000.0,0.0,1.75,693000.0,1989000.0,279.4,283.5,260.7,3.52,2026-02-02 23:54,29936
MANAPPURAM,2026-02-24,242.5,0.0,0.0,0.0,0.0,0.0,0.0,279.4,283.5,260.7,3.52,2026-02-02 23:54,26420
MANAPPURAM,2026-02-24,245.0,0.0,0.0,0.0,2.4,156000.0,351000.0,279.4,283.5,260.7,3.52,2026-02-02 23:54,22991
MANAPPURAM,2026-02-24,247.5,0.0,0.0,0.0,2.85,126000.0,261000.0,279.4,283.5,260.7,3.52,2026-02-02 23:54,19563
MANAPPURAM,2026-02-24,250.0,43.9,3000.0,0.0,2.9,1404000.0,3435000.0,279.4,283.5,260.7,3.52,2026-02-02 23:54,16169
MANAPPURAM,2026-02-24,252.5,0.0,0.0,0.0,0.0,0.0,0.0,279.4,283.5,260.7,3.52,2026-02-02 23:54,12768
MANAPPURAM,2026-02-24,255.0,0.0,0.0,0.0,3.7,198000.0,420000.0,279.4,283.5,260.7,3.52,2026-02-02 23:54,9761
MANAPPURAM,2026-02-24,257.5,0.0,0.0,0.0,5.35,6000.0,12000.0,279.4,283.5,260.7,3.52,2026-02-02 23:54,6731
MANAPPURAM,2026-02-24,260.0,27.0,219000.0,834000.0,5.0,2685000.0,4485000.0,279.4,283.5,260.7,3.52,2026-02-02 23:54,3772
MANAPPURAM,2026-02-24,262.5,24.85,87000.0,231000.0,5.7,168000.0,912000.0,279.4,283.5,260.7,3.52,2026-02-02 23:54,791
MANAPPURAM,2026-02-24,265.0,21.95,111000.0,921000.0,6.75,606000.0,1953000.0,279.4,283.5,260.7,3.52,2026-02-02 23:54,-1254
MANAPPURAM,2026-02-24,267.5,21.35,75000.0,624000.0,7.1,117000.0,858000.0,279.4,283.5,260.7,3.52,2026-02-02 23:54,-3406
MANAPPURAM,2026-02-24,270.0,20.4,900000.0,5493000.0,7.5,1473000.0,3972000.0,279.4,283.5,260.7,3.52,2026-02-02 23:54,-5267
MANAPPURAM,2026-02-24,272.5,18.1,177000.0,978000.0,9.0,129000.0,486000.0,279.4,283.5,260.7,3.52,2026-02-02 23:54,-5882
MANAPPURAM,2026-02-24,275.0,17.25,435000.0,2490000.0,10.4,333000.0,945000.0,279.4,283.5,260.7,3.52,2026-02-02 23:54,-6946
MANAPPURAM,2026-02-24,277.5,15.0,126000.0,741000.0,11.55,204000.0,441000.0,279.4,283.5,260.7,3.52,2026-02-02 23:54,-7619
MANAPPURAM,2026-02-24,280.0,14.5,2754000.0,7065000.0,11.3,840000.0,678000.0,279.4,283.5,260.7,3.52,2026-02-02 23:54,-8660
MANAPPURAM,2026-02-24,282.5,13.0,129000.0,588000.0,13.7,138000.0,201000.0,279.4,283.5,260.7,3.52,2026-02-02 23:54,-5712
MANAPPURAM,2026-02-24,285.0,12.0,420000.0,1191000.0,14.9,357000.0,252000.0,279.4,283.5,260.7,3.52,2026-02-02 23:54,-5763
MANAPPURAM,2026-02-24,287.5,10.65,177000.0,372000.0,16.8,198000.0,249000.0,279.4,283.5,260.7,3.52,2026-02-02 23:54,-5626
MANAPPURAM,2026-02-24,290.0,9.3,3150000.0,5340000.0,17.85,1449000.0,789000.0,279.4,283.5,260.7,3.52,2026-02-02 23:54,-5511
MANAPPURAM,2026-02-24,292.5,8.85,300000.0,504000.0,19.55,315000.0,96000.0,279.4,283.5,260.7,3.52,2026-02-02 23:54,-3760
MANAPPURAM,2026-02-24,295.0,7.85,534000.0,927000.0,20.0,423000.0,99000.0,279.4,283.5,260.7,3.52,2026-02-02 23:54,-2548
MANAPPURAM,2026-02-24,297.5,7.45,474000.0,411000.0,22.7,330000.0,105000.0,279.4,283.5,260.7,3.52,2026-02-02 23:54,-1173
MANAPPURAM,2026-02-24,300.0,6.45,5751000.0,5832000.0,24.3,1293000.0,114000.0,279.4,283.5,260.7,3.52,2026-02-02 23:54,432
MANAPPURAM,2026-02-24,302.5,5.3,411000.0,177000.0,23.55,75000.0,0.0,279.4,283.5,260.7,3.52,2026-02-02 23:54,4763
MANAPPURAM,2026-02-24,305.0,5.25,570000.0,963000.0,24.7,87000.0,0.0,279.4,283.5,260.7,3.52,2026-02-02 23:54,8690
MANAPPURAM,2026-02-24,307.5,4.9,210000.0,141000.0,23.1,84000.0,0.0,279.4,283.5,260.7,3.52,2026-02-02 23:54,12823
MANAPPURAM,2026-02-24,310.0,4.35,1122000.0,1722000.0,34.8,276000.0,12000.0,279.4,283.5,260.7,3.52,2026-02-02 23:54,16855
MANAPPURAM,2026-02-24,312.5,3.8,156000.0,6000.0,22.5,57000.0,0.0,279.4,283.5,260.7,3.52,2026-02-02 23:54,20855
MANAPPURAM,2026-02-24,315.0,3.6,336000.0,366000.0,29.35,90000.0,0.0,279.4,283.5,260.7,3.52,2026-02-02 23:54,25311
MANAPPURAM,2026-02-24,317.5,3.15,84000.0,60000.0,0.0,0.0,0.0,279.4,283.5,260.7,3.52,2026-02-02 23:54,29800
MANAPPURAM,2026-02-24,320.0,3.0,1503000.0,1512000.0,33.3,30000.0,0.0,279.4,283.5,260.7,3.52,2026-02-02 23:54,34479
MANAPPURAM,2026-02-24,322.5,2.15,264000.0,78000.0,0.0,0.0,0.0,279.4,283.5,260.7,3.52,2026-02-02 23:54,39867
MANAPPURAM,2026-02-24,325.0,2.5,81000.0,168000.0,0.0,0.0,0.0,279.4,283.5,260.7,3.52,2026-02-02 23:54,45026
MANAPPURAM,2026-02-24,327.5,2.4,72000.0,60000.0,0.0,0.0,0.0,279.4,283.5,260.7,3.52,2026-02-02 23:54,50168
MANAPPURAM,2026-02-24,330.0,1.6,873000.0,696000.0,36.55,27000.0,0.0,279.4,283.5,260.7,3.52,2026-02-02 23:54,55326
MANAPPURAM,2026-02-24,332.5,2.0,132000.0,6000.0,0.0,0.0,0.0,279.4,283.5,260.7,3.52,2026-02-02 23:54,60733
MANAPPURAM,2026-02-24,335.0,1.7,279000.0,327000.0,0.0,0.0,0.0,279.4,283.5,260.7,3.52,2026-02-02 23:54,66158
MANAPPURAM,2026-02-24,337.5,1.25,66000.0,3000.0,0.0,0.0,0.0,279.4,283.5,260.7,3.52,2026-02-02 23:54,71673
MANAPPURAM,2026-02-24,340.0,1.5,420000.0,306000.0,45.25,48000.0,0.0,279.4,283.5,260.7,3.52,2026-02-02 23:54,77166
MANAPPURAM,2026-02-24,345.0,1.25,48000.0,48000.0,0.0,0.0,0.0,279.4,283.5,260.7,3.52,2026-02-02 23:54,88216
MANAPPURAM,2026-02-24,347.5,1.05,102000.0,132000.0,0.0,0.0,0.0,279.4,283.5,260.7,3.52,2026-02-02 23:54,93835
MANAPPURAM,2026-02-24,350.0,1.05,780000.0,525000.0,0.0,0.0,0.0,279.4,283.5,260.7,3.52,2026-02-02 23:54,99485
MANAPPURAM,2026-02-24,360.0,0.75,588000.0,843000.0,0.0,0.0,0.0,279.4,283.5,260.7,3.52,2026-02-02 23:54,122904
MANAPPURAM,2026-02-24,365.0,0.75,492000.0,579000.0,0.0,0.0,0.0,279.4,283.5,260.7,3.52,2026-02-02 23:54,134911
MANKIND,2026-02-24,1760.0,0.0,0.0,0.0,0.0,0.0,0.0,2063.8,2120.0,2046.8,-1.438,2026-02-02 23:54,8871
MANKIND,2026-02-24,1800.0,265.6,450.0,450.0,6.15,1125.0,1350.0,2063.8,2120.0,2046.8,-1.438,2026-02-02 23:54,7623
MANKIND,2026-02-24,1840.0,0.0,0.0,0.0,0.0,0.0,0.0,2063.8,2120.0,2046.8,-1.438,2026-02-02 23:54,6392
MANKIND,2026-02-24,1880.0,239.6,225.0,0.0,9.6,450.0,450.0,2063.8,2120.0,2046.8,-1.438,2026-02-02 23:54,5150
MANKIND,2026-02-24,1900.0,0.0,0.0,0.0,15.7,11475.0,15750.0,2063.8,2120.0,2046.8,-1.438,2026-02-02 23:54,4536
MANKIND,2026-02-24,1920.0,201.65,450.0,0.0,19.0,3375.0,4725.0,2063.8,2120.0,2046.8,-1.438,2026-02-02 23:54,3921
MANKIND,2026-02-24,1940.0,183.65,900.0,0.0,28.45,2925.0,3600.0,2063.8,2120.0,2046.8,-1.438,2026-02-02 23:54,3335
MANKIND,2026-02-24,1960.0,155.0,225.0,0.0,26.0,3150.0,2475.0,2063.8,2120.0,2046.8,-1.438,2026-02-02 23:54,2761
MANKIND,2026-02-24,1980.0,139.0,225.0,0.0,20.0,2925.0,0.0,2063.8,2120.0,2046.8,-1.438,2026-02-02 23:54,2182
MANKIND,2026-02-24,2000.0,108.8,4275.0,2925.0,36.05,69750.0,71100.0,2063.8,2120.0,2046.8,-1.438,2026-02-02 23:54,1611
MANKIND,2026-02-24,2020.0,112.65,1125.0,0.0,43.0,14400.0,6750.0,2063.8,2120.0,2046.8,-1.438,2026-02-02 23:54,986
MANKIND,2026-02-24,2040.0,126.2,225.0,0.0,53.9,6525.0,5175.0,2063.8,2120.0,2046.8,-1.438,2026-02-02 23:54,547
MANKIND,2026-02-24,2060.0,87.6,4950.0,10575.0,58.25,18675.0,20475.0,2063.8,2120.0,2046.8,-1.438,2026-02-02 23:54,139
MANKIND,2026-02-24,2080.0,73.25,5400.0,14625.0,73.5,12375.0,3600.0,2063.8,2120.0,2046.8,-1.438,2026-02-02 23:54,-254
MANKIND,2026-02-24,2100.0,62.9,64125.0,72675.0,78.4,65025.0,48375.0,2063.8,2120.0,2046.8,-1.438,2026-02-02 23:54,-598
MANKIND,2026-02-24,2120.0,53.25,18675.0,9000.0,104.0,14175.0,225.0,2063.8,2120.0,2046.8,-1.438,2026-02-02 23:54,-739
MANKIND,2026-02-24,2140.0,46.15,62775.0,16650.0,113.25,32625.0,2925.0,2063.8,2120.0,2046.8,-1.438,2026-02-02 23:54,-756
MANKIND,2026-02-24,2160.0,38.2,11475.0,5850.0,90.3,3375.0,0.0,2063.8,2120.0,2046.8,-1.438,2026-02-02 23:54,-614
MANKIND,2026-02-24,2180.0,32.3,10125.0,13500.0,109.45,675.0,0.0,2063.8,2120.0,2046.8,-1.438,2026-02-02 23:54,-349
MANKIND,2026-02-24,2200.0,28.65,119700.0,173475.0,158.8,14175.0,7200.0,2063.8,2120.0,2046.8,-1.438,2026-02-02 23:54,-51
MANKIND,2026-02-24,2220.0,32.0,225.0,0.0,131.7,675.0,0.0,2063.8,2120.0,2046.8,-1.438,2026-02-02 23:54,607
MANKIND,2026-02-24,2240.0,20.0,24075.0,35775.0,156.45,2475.0,0.0,2063.8,2120.0,2046.8,-1.438,2026-02-02 23:54,1142
MANKIND,2026-02-24,2260.0,16.9,4500.0,3375.0,178.35,450.0,0.0,2063.8,2120.0,2046.8,-1.438,2026-02-02 23:54,1747
MANKIND,2026-02-24,2280.0,0.0,0.0,0.0,0.0,0.0,0.0,2063.8,2120.0,2046.8,-1.438,2026-02-02 23:54,2352
MANKIND,2026-02-24,2300.0,12.05,64350.0,86400.0,255.0,12375.0,225.0,2063.8,2120.0,2046.8,-1.438,2026-02-02 23:54,2958
MANKIND,2026-02-24,2320.0,10.25,24975.0,29250.0,0.0,0.0,0.0,2063.8,2120.0,2046.8,-1.438,2026-02-02 23:54,3479
MANKIND,2026-02-24,2340.0,16.2,4950.0,0.0,242.95,2475.0,0.0,2063.8,2120.0,2046.8,-1.438,2026-02-02 23:54,4314
MANKIND,2026-02-24,2360.0,23.05,225.0,0.0,245.0,225.0,0.0,2063.8,2120.0,2046.8,-1.438,2026-02-02 23:54,5085
MANKIND,2026-02-24,2400.0,5.4,24300.0,24975.0,289.1,6300.0,0.0,2063.8,2120.0,2046.8,-1.438,2026-02-02 23:54,6730
MANKIND,2026-02-24,2420.0,6.3,900.0,0.0,325.25,900.0,0.0,2063.8,2120.0,2046.8,-1.438,2026-02-02 23:54,7447
MANKIND,2026-02-24,2440.0,5.55,450.0,0.0,305.0,450.0,0.0,2063.8,2120.0,2046.8,-1.438,2026-02-02 23:54,8308
MANKIND,2026-02-24,2460.0,4.8,675.0,0.0,315.0,2475.0,0.0,2063.8,2120.0,2046.8,-1.438,2026-02-02 23:54,9186
MANKIND,2026-02-24,2500.0,4.05,3600.0,0.0,398.0,4725.0,0.0,2063.8,2120.0,2046.8,-1.438,2026-02-02 23:54,10904
MANKIND,2026-02-24,2520.0,3.7,675.0,0.0,419.4,675.0,0.0,2063.8,2120.0,2046.8,-1.438,2026-02-02 23:54,11632
MANKIND,2026-02-24,2600.0,0.0,0.0,0.0,485.0,450.0,0.0,2063.8,2120.0,2046.8,-1.438,2026-02-02 23:54,15272
MANKIND,2026-02-24,2640.0,0.0,0.0,0.0,510.0,225.0,0.0,2063.8,2120.0,2046.8,-1.438,2026-02-02 23:54,17086
MARICO,2026-02-24,610.0,0.0,0.0,0.0,0.0,0.0,0.0,722.4,726.35,708.3,0.243,2026-02-02 23:54,22814
MARICO,2026-02-24,620.0,0.0,0.0,0.0,0.6,2400.0,4800.0,722.4,726.35,708.3,0.243,2026-02-02 23:54,20507
MARICO,2026-02-24,630.0,94.8,0.0,9600.0,0.75,1200.0,0.0,722.4,726.35,708.3,0.243,2026-02-02 23:54,18203
MARICO,2026-02-24,640.0,0.0,0.0,0.0,0.85,54000.0,7200.0,722.4,726.35,708.3,0.243,2026-02-02 23:54,15900
MARICO,2026-02-24,650.0,98.0,1200.0,0.0,1.9,103200.0,12000.0,722.4,726.35,708.3,0.243,2026-02-02 23:54,13647
MARICO,2026-02-24,660.0,66.1,0.0,13200.0,1.65,56400.0,24000.0,722.4,726.35,708.3,0.243,2026-02-02 23:54,11495
MARICO,2026-02-24,665.0,0.0,0.0,0.0,0.0,0.0,0.0,722.4,726.35,708.3,0.243,2026-02-02 23:54,10441
MARICO,2026-02-24,670.0,0.0,0.0,0.0,2.0,73200.0,130800.0,722.4,726.35,708.3,0.243,2026-02-02 23:54,9397
MARICO,2026-02-24,675.0,0.0,0.0,0.0,0.0,0.0,0.0,722.4,726.35,708.3,0.243,2026-02-02 23:54,8375
MARICO,2026-02-24,680.0,0.0,0.0,0.0,2.8,69600.0,103200.0,722.4,726.35,708.3,0.243,2026-02-02 23:54,7368
MARICO,2026-02-24,685.0,0.0,0.0,0.0,0.0,0.0,0.0,722.4,726.35,708.3,0.243,2026-02-02 23:54,6376
MARICO,2026-02-24,690.0,35.7,0.0,1200.0,4.0,78000.0,135600.0,722.4,726.35,708.3,0.243,2026-02-02 23:54,5403
MARICO,2026-02-24,695.0,0.0,0.0,0.0,5.35,10800.0,0.0,722.4,726.35,708.3,0.243,2026-02-02 23:54,4439
MARICO,2026-02-24,700.0,32.5,43200.0,37200.0,6.0,249600.0,230400.0,722.4,726.35,708.3,0.243,2026-02-02 23:54,3505
MARICO,2026-02-24,705.0,26.15,2400.0,2400.0,7.35,30000.0,26400.0,722.4,726.35,708.3,0.243,2026-02-02 23:54,2713
MARICO,2026-02-24,710.0,19.8,10800.0,8400.0,8.85,168000.0,265200.0,722.4,726.35,708.3,0.243,2026-02-02 23:54,1932
MARICO,2026-02-24,715.0,19.8,4800.0,2400.0,10.45,39600.0,19200.0,722.4,726.35,708.3,0.243,2026-02-02 23:54,1128
MARICO,2026-02-24,720.0,17.5,206400.0,499200.0,12.45,218400.0,1004400.0,722.4,726.35,708.3,0.243,2026-02-02 23:54,443
MARICO,2026-02-24,725.0,15.6,72000.0,79200.0,15.05,88800.0,126000.0,722.4,726.35,708.3,0.243,2026-02-02 23:54,90
MARICO,2026-02-24,730.0,13.35,246000.0,453600.0,17.3,138000.0,94800.0,722.4,726.35,708.3,0.243,2026-02-02 23:54,-291
MARICO,2026-02-24,735.0,11.15,112800.0,48000.0,19.75,121200.0,7200.0,722.4,726.35,708.3,0.243,2026-02-02 23:54,-371
MARICO,2026-02-24,740.0,9.25,310800.0,472800.0,21.4,200400.0,46800.0,722.4,726.35,708.3,0.243,2026-02-02 23:54,-537
MARICO,2026-02-24,745.0,8.4,112800.0,121200.0,27.05,186000.0,6000.0,722.4,726.35,708.3,0.243,2026-02-02 23:54,-475
MARICO,2026-02-24,750.0,6.35,501600.0,409200.0,30.4,244800.0,9600.0,722.4,726.35,708.3,0.243,2026-02-02 23:54,-530
MARICO,2026-02-24,755.0,5.75,73200.0,38400.0,31.3,8400.0,0.0,722.4,726.35,708.3,0.243,2026-02-02 23:54,-230
MARICO,2026-02-24,760.0,4.35,321600.0,211200.0,39.0,43200.0,9600.0,722.4,726.35,708.3,0.243,2026-02-02 23:54,552
MARICO,2026-02-24,765.0,3.85,87600.0,86400.0,40.5,3600.0,0.0,722.4,726.35,708.3,0.243,2026-02-02 23:54,1472
MARICO,2026-02-24,770.0,3.0,175200.0,142800.0,52.0,66000.0,0.0,722.4,726.35,708.3,0.243,2026-02-02 23:54,2486
MARICO,2026-02-24,775.0,2.8,92400.0,27600.0,43.6,3600.0,0.0,722.4,726.35,708.3,0.243,2026-02-02 23:54,3311
MARICO,2026-02-24,780.0,2.15,240000.0,312000.0,50.0,2400.0,0.0,722.4,726.35,708.3,0.243,2026-02-02 23:54,4485
MARICO,2026-02-24,785.0,1.9,27600.0,7200.0,0.0,0.0,0.0,722.4,726.35,708.3,0.243,2026-02-02 23:54,5809
MARICO,2026-02-24,790.0,1.5,72000.0,10800.0,0.0,0.0,0.0,722.4,726.35,708.3,0.243,2026-02-02 23:54,7113
MARICO,2026-02-24,795.0,2.5,40800.0,0.0,0.0,0.0,0.0,722.4,726.35,708.3,0.243,2026-02-02 23:54,8458
MARICO,2026-02-24,800.0,1.2,548400.0,270000.0,66.95,38400.0,0.0,722.4,726.35,708.3,0.243,2026-02-02 23:54,9823
MARICO,2026-02-24,805.0,7.25,4800.0,0.0,46.6,7200.0,0.0,722.4,726.35,708.3,0.243,2026-02-02 23:54,11280
MARICO,2026-02-24,810.0,1.05,14400.0,0.0,0.0,0.0,0.0,722.4,726.35,708.3,0.243,2026-02-02 23:54,12904
MARICO,2026-02-24,815.0,7.4,9600.0,0.0,0.0,0.0,0.0,722.4,726.35,708.3,0.243,2026-02-02 23:54,14567
MARICO,2026-02-24,820.0,0.7,214800.0,13200.0,0.0,0.0,0.0,722.4,726.35,708.3,0.243,2026-02-02 23:54,16240
MARICO,2026-02-24,825.0,1.0,15600.0,0.0,0.0,0.0,0.0,722.4,726.35,708.3,0.243,2026-02-02 23:54,18029
MARICO,2026-02-24,830.0,0.65,128400.0,26400.0,0.0,0.0,0.0,722.4,726.35,708.3,0.243,2026-02-02 23:54,19812
MARICO,2026-02-24,835.0,0.7,8400.0,0.0,0.0,0.0,0.0,722.4,726.35,708.3,0.243,2026-02-02 23:54,21666
MARICO,2026-02-24,840.0,0.5,96000.0,21600.0,0.0,0.0,0.0,722.4,726.35,708.3,0.243,2026-02-02 23:54,23516
MARICO,2026-02-24,850.0,0.3,122400.0,33600.0,0.0,0.0,0.0,722.4,726.35,708.3,0.243,2026-02-02 23:54,27316
MARICO,2026-02-24,860.0,0.35,50400.0,39600.0,0.0,0.0,0.0,722.4,726.35,708.3,0.243,2026-02-02 23:54,31238
MARICO,2026-02-24,870.0,0.25,25200.0,4800.0,0.0,0.0,0.0,722.4,726.35,708.3,0.243,2026-02-02 23:54,35208
MARICO,2026-02-24,880.0,0.35,39600.0,0.0,0.0,0.0,0.0,722.4,726.35,708.3,0.243,2026-02-02 23:54,39202
MARICO,2026-02-24,890.0,0.2,51600.0,0.0,0.0,0.0,0.0,722.4,726.35,708.3,0.243,2026-02-02 23:54,43237
MARUTI,2026-02-24,11800.0,0.0,0.0,0.0,0.0,0.0,0.0,14384.0,14446.0,14058.0,1.303,2026-02-02 23:54,300801
MARUTI,2026-02-24,12000.0,0.0,0.0,0.0,11.5,11900.0,16950.0,14384.0,14446.0,14058.0,1.303,2026-02-02 23:54,272107
MARUTI,2026-02-24,12200.0,2047.9,50.0,150.0,12.85,29750.0,93400.0,14384.0,14446.0,14058.0,1.303,2026-02-02 23:54,243637
MARUTI,2026-02-24,12400.0,0.0,0.0,0.0,18.85,17450.0,15400.0,14384.0,14446.0,14058.0,1.303,2026-02-02 23:54,215749
MARUTI,2026-02-24,12500.0,0.0,0.0,0.0,17.65,51950.0,123250.0,14384.0,14446.0,14058.0,1.303,2026-02-02 23:54,201961
MARUTI,2026-02-24,12600.0,0.0,0.0,0.0,22.0,400.0,1200.0,14384.0,14446.0,14058.0,1.303,2026-02-02 23:54,188633
MARUTI,2026-02-24,12800.0,0.0,0.0,0.0,25.5,55500.0,64800.0,14384.0,14446.0,14058.0,1.303,2026-02-02 23:54,162168
MARUTI,2026-02-24,13000.0,1350.0,0.0,50.0,31.8,143450.0,258900.0,14384.0,14446.0,14058.0,1.303,2026-02-02 23:54,136673
MARUTI,2026-02-24,13100.0,0.0,0.0,0.0,34.2,550.0,2350.0,14384.0,14446.0,14058.0,1.303,2026-02-02 23:54,124974
MARUTI,2026-02-24,13200.0,0.0,0.0,0.0,38.55,64850.0,120100.0,14384.0,14446.0,14058.0,1.303,2026-02-02 23:54,113735
MARUTI,2026-02-24,13300.0,0.0,0.0,0.0,42.2,4850.0,11750.0,14384.0,14446.0,14058.0,1.303,2026-02-02 23:54,102897
MARUTI,2026-02-24,13400.0,867.4,100.0,150.0,49.15,22650.0,65450.0,14384.0,14446.0,14058.0,1.303,2026-02-02 23:54,92336
MARUTI,2026-02-24,13500.0,1012.2,900.0,2350.0,58.5,80600.0,289850.0,14384.0,14446.0,14058.0,1.303,2026-02-02 23:54,81921
MARUTI,2026-02-24,13600.0,731.35,100.0,300.0,66.7,31250.0,72550.0,14384.0,14446.0,14058.0,1.303,2026-02-02 23:54,72043
MARUTI,2026-02-24,13700.0,690.7,200.0,300.0,76.5,16400.0,76700.0,14384.0,14446.0,14058.0,1.303,2026-02-02 23:54,62658
MARUTI,2026-02-24,13800.0,736.1,6200.0,7350.0,91.4,37000.0,117500.0,14384.0,14446.0,14058.0,1.303,2026-02-02 23:54,53528
MARUTI,2026-02-24,13900.0,623.5,300.0,600.0,111.25,11650.0,58600.0,14384.0,14446.0,14058.0,1.303,2026-02-02 23:54,45061
MARUTI,2026-02-24,14000.0,559.3,24700.0,87200.0,130.85,117250.0,368350.0,14384.0,14446.0,14058.0,1.303,2026-02-02 23:54,36483
MARUTI,2026-02-24,14100.0,495.0,20600.0,105250.0,156.2,23950.0,134150.0,14384.0,14446.0,14058.0,1.303,2026-02-02 23:54,29283
MARUTI,2026-02-24,14200.0,424.0,32100.0,331900.0,186.45,80350.0,267950.0,14384.0,14446.0,14058.0,1.303,2026-02-02 23:54,23328
MARUTI,2026-02-24,14300.0,355.35,131500.0,418050.0,225.55,41950.0,118100.0,14384.0,14446.0,14058.0,1.303,2026-02-02 23:54,17713
MARUTI,2026-02-24,14400.0,303.0,60450.0,170800.0,269.6,50600.0,43900.0,14384.0,14446.0,14058.0,1.303,2026-02-02 23:54,17698
MARUTI,2026-02-24,14500.0,255.0,143050.0,551000.0,323.55,95750.0,73250.0,14384.0,14446.0,14058.0,1.303,2026-02-02 23:54,15533
MARUTI,2026-02-24,14600.0,211.5,64800.0,195950.0,379.0,49500.0,25350.0,14384.0,14446.0,14058.0,1.303,2026-02-02 23:54,15839
MARUTI,2026-02-24,14700.0,176.0,90400.0,209500.0,440.0,19600.0,4700.0,14384.0,14446.0,14058.0,1.303,2026-02-02 23:54,16232
MARUTI,2026-02-24,14800.0,145.0,99250.0,222400.0,505.0,26500.0,4300.0,14384.0,14446.0,14058.0,1.303,2026-02-02 23:54,18960
MARUTI,2026-02-24,14900.0,117.15,190000.0,156050.0,565.6,20250.0,550.0,14384.0,14446.0,14058.0,1.303,2026-02-02 23:54,22317
MARUTI,2026-02-24,15000.0,99.0,331950.0,799150.0,646.25,87100.0,32150.0,14384.0,14446.0,14058.0,1.303,2026-02-02 23:54,28757
MARUTI,2026-02-24,15100.0,83.0,71750.0,147150.0,727.8,15450.0,2000.0,14384.0,14446.0,14058.0,1.303,2026-02-02 23:54,35964
MARUTI,2026-02-24,15200.0,69.2,108800.0,185500.0,814.85,27650.0,1800.0,14384.0,14446.0,14058.0,1.303,2026-02-02 23:54,45856
MARUTI,2026-02-24,15300.0,57.85,83250.0,173300.0,1089.1,22300.0,1350.0,14384.0,14446.0,14058.0,1.303,2026-02-02 23:54,56142
MARUTI,2026-02-24,15400.0,52.2,71600.0,119800.0,1105.2,14950.0,200.0,14384.0,14446.0,14058.0,1.303,2026-02-02 23:54,67037
MARUTI,2026-02-24,15500.0,44.6,362600.0,472550.0,1080.0,36650.0,1150.0,14384.0,14446.0,14058.0,1.303,2026-02-02 23:54,79465
MARUTI,2026-02-24,15600.0,38.7,68300.0,154950.0,1250.0,11700.0,50.0,14384.0,14446.0,14058.0,1.303,2026-02-02 23:54,94824
MARUTI,2026-02-24,15700.0,35.5,69400.0,72400.0,1418.55,13700.0,100.0,14384.0,14446.0,14058.0,1.303,2026-02-02 23:54,112125
MARUTI,2026-02-24,15800.0,30.4,82550.0,96050.0,1512.75,11500.0,800.0,14384.0,14446.0,14058.0,1.303,2026-02-02 23:54,129758
MARUTI,2026-02-24,15900.0,25.8,35900.0,40500.0,1664.0,2450.0,100.0,14384.0,14446.0,14058.0,1.303,2026-02-02 23:54,148541
MARUTI,2026-02-24,16000.0,26.9,408150.0,403550.0,1610.15,32800.0,5400.0,14384.0,14446.0,14058.0,1.303,2026-02-02 23:54,168880
MARUTI,2026-02-24,16100.0,22.25,25500.0,48200.0,1850.0,5800.0,50.0,14384.0,14446.0,14058.0,1.303,2026-02-02 23:54,189761
MARUTI,2026-02-24,16200.0,20.0,74400.0,88600.0,1740.0,4850.0,0.0,14384.0,14446.0,14058.0,1.303,2026-02-02 23:54,214122
MARUTI,2026-02-24,16300.0,18.05,29950.0,32050.0,1900.0,2300.0,50.0,14384.0,14446.0,14058.0,1.303,2026-02-02 23:54,239596
MARUTI,2026-02-24,16400.0,13.05,24300.0,44450.0,1975.0,1250.0,0.0,14384.0,14446.0,14058.0,1.303,2026-02-02 23:54,265705
MARUTI,2026-02-24,16500.0,14.2,244150.0,127800.0,2082.05,21150.0,500.0,14384.0,14446.0,14058.0,1.303,2026-02-02 23:54,292237
MARUTI,2026-02-24,16600.0,14.4,47350.0,9350.0,1925.0,1100.0,0.0,14384.0,14446.0,14058.0,1.303,2026-02-02 23:54,317581
MARUTI,2026-02-24,16700.0,13.0,34200.0,20150.0,1200.0,1150.0,0.0,14384.0,14446.0,14058.0,1.303,2026-02-02 23:54,347322
MARUTI,2026-02-24,16800.0,12.5,23400.0,70100.0,2164.0,1600.0,0.0,14384.0,14446.0,14058.0,1.303,2026-02-02 23:54,377467
MARUTI,2026-02-24,16900.0,12.2,17200.0,4950.0,1999.0,250.0,0.0,14384.0,14446.0,14058.0,1.303,2026-02-02 23:54,407639
MARUTI,2026-02-24,17000.0,10.95,173550.0,112750.0,2620.0,10750.0,250.0,14384.0,14446.0,14058.0,1.303,2026-02-02 23:54,438273
MARUTI,2026-02-24,17100.0,9.7,6700.0,3800.0,2165.7,300.0,0.0,14384.0,14446.0,14058.0,1.303,2026-02-02 23:54,468152
MARUTI,2026-02-24,17200.0,9.5,19700.0,13900.0,1950.0,250.0,0.0,14384.0,14446.0,14058.0,1.303,2026-02-02 23:54,500670
MARUTI,2026-02-24,17300.0,8.9,9450.0,14350.0,1566.0,300.0,0.0,14384.0,14446.0,14058.0,1.303,2026-02-02 23:54,533415
MARUTI,2026-02-24,17400.0,8.45,4500.0,1000.0,0.0,0.0,0.0,14384.0,14446.0,14058.0,1.303,2026-02-02 23:54,566250
MARUTI,2026-02-24,17500.0,6.55,35800.0,32600.0,2387.9,500.0,0.0,14384.0,14446.0,14058.0,1.303,2026-02-02 23:54,599172
MARUTI,2026-02-24,17600.0,6.9,2000.0,1600.0,0.0,0.0,0.0,14384.0,14446.0,14058.0,1.303,2026-02-02 23:54,632357
MARUTI,2026-02-24,17700.0,11.4,2550.0,1300.0,0.0,0.0,0.0,14384.0,14446.0,14058.0,1.303,2026-02-02 23:54,665659
MARUTI,2026-02-24,17800.0,6.0,2750.0,1550.0,0.0,0.0,0.0,14384.0,14446.0,14058.0,1.303,2026-02-02 23:54,698989
MARUTI,2026-02-24,17900.0,4.05,1650.0,700.0,0.0,0.0,0.0,14384.0,14446.0,14058.0,1.303,2026-02-02 23:54,732344
MARUTI,2026-02-24,18000.0,4.55,45550.0,35450.0,0.0,0.0,0.0,14384.0,14446.0,14058.0,1.303,2026-02-02 23:54,765715
MARUTI,2026-02-24,18100.0,6.45,700.0,0.0,0.0,0.0,0.0,14384.0,14446.0,14058.0,1.303,2026-02-02 23:54,799562
MARUTI,2026-02-24,18200.0,4.85,1900.0,0.0,0.0,0.0,0.0,14384.0,14446.0,14058.0,1.303,2026-02-02 23:54,833395
MARUTI,2026-02-24,18300.0,54.4,250.0,0.0,0.0,0.0,0.0,14384.0,14446.0,14058.0,1.303,2026-02-02 23:54,867248
MARUTI,2026-02-24,18400.0,4.0,600.0,50.0,0.0,0.0,0.0,14384.0,14446.0,14058.0,1.303,2026-02-02 23:54,901104
MARUTI,2026-02-24,18500.0,4.0,6900.0,3000.0,0.0,0.0,0.0,14384.0,14446.0,14058.0,1.303,2026-02-02 23:54,934965
MARUTI,2026-02-24,19000.0,3.0,3300.0,8800.0,3985.0,1000.0,0.0,14384.0,14446.0,14058.0,1.303,2026-02-02 23:54,1104615
MARUTI,2026-02-24,19600.0,1.15,250.0,100.0,0.0,0.0,0.0,14384.0,14446.0,14058.0,1.303,2026-02-02 23:54,1308053
MAXHEALTH,2026-02-24,800.0,145.0,0.0,525.0,1.2,12600.0,34125.0,958.1,980.0,933.8,-1.904,2026-02-02 23:54,36353
MAXHEALTH,2026-02-24,820.0,0.0,0.0,0.0,1.75,17850.0,32550.0,958.1,980.0,933.8,-1.904,2026-02-02 23:54,31795
MAXHEALTH,2026-02-24,840.0,147.0,525.0,0.0,2.55,36225.0,16275.0,958.1,980.0,933.8,-1.904,2026-02-02 23:54,27270
MAXHEALTH,2026-02-24,850.0,0.0,0.0,0.0,3.05,23625.0,57225.0,958.1,980.0,933.8,-1.904,2026-02-02 23:54,25045
MAXHEALTH,2026-02-24,860.0,0.0,0.0,0.0,3.75,46200.0,80325.0,958.1,980.0,933.8,-1.904,2026-02-02 23:54,22837
MAXHEALTH,2026-02-24,870.0,0.0,0.0,0.0,5.3,7875.0,28350.0,958.1,980.0,933.8,-1.904,2026-02-02 23:54,20666
MAXHEALTH,2026-02-24,880.0,0.0,0.0,0.0,5.6,124425.0,118125.0,958.1,980.0,933.8,-1.904,2026-02-02 23:54,18516
MAXHEALTH,2026-02-24,890.0,0.0,0.0,0.0,7.0,68775.0,112350.0,958.1,980.0,933.8,-1.904,2026-02-02 23:54,16424
MAXHEALTH,2026-02-24,900.0,72.65,1050.0,0.0,8.85,129675.0,628950.0,958.1,980.0,933.8,-1.904,2026-02-02 23:54,14423
MAXHEALTH,2026-02-24,910.0,0.0,0.0,0.0,10.55,39375.0,150675.0,958.1,980.0,933.8,-1.904,2026-02-02 23:54,12494
MAXHEALTH,2026-02-24,920.0,53.4,26250.0,44100.0,13.1,87150.0,833700.0,958.1,980.0,933.8,-1.904,2026-02-02 23:54,10669
MAXHEALTH,2026-02-24,930.0,46.75,26250.0,74025.0,16.3,117600.0,412650.0,958.1,980.0,933.8,-1.904,2026-02-02 23:54,9026
MAXHEALTH,2026-02-24,940.0,40.75,93975.0,262500.0,19.25,142275.0,647325.0,958.1,980.0,933.8,-1.904,2026-02-02 23:54,7431
MAXHEALTH,2026-02-24,950.0,34.65,91875.0,599550.0,23.25,164325.0,763875.0,958.1,980.0,933.8,-1.904,2026-02-02 23:54,6251
MAXHEALTH,2026-02-24,960.0,29.5,231525.0,1303050.0,28.0,287175.0,813225.0,958.1,980.0,933.8,-1.904,2026-02-02 23:54,5154
MAXHEALTH,2026-02-24,970.0,24.75,93975.0,456750.0,33.2,98175.0,252525.0,958.1,980.0,933.8,-1.904,2026-02-02 23:54,4518
MAXHEALTH,2026-02-24,980.0,20.6,258300.0,652050.0,39.15,171150.0,172725.0,958.1,980.0,933.8,-1.904,2026-02-02 23:54,4103
MAXHEALTH,2026-02-24,990.0,16.95,115500.0,339150.0,46.1,61950.0,52500.0,958.1,980.0,933.8,-1.904,2026-02-02 23:54,4072
MAXHEALTH,2026-02-24,1000.0,13.75,558600.0,968625.0,53.3,223125.0,18900.0,958.1,980.0,933.8,-1.904,2026-02-02 23:54,4266
MAXHEALTH,2026-02-24,1010.0,11.25,89250.0,203700.0,64.0,11550.0,3675.0,958.1,980.0,933.8,-1.904,2026-02-02 23:54,4912
MAXHEALTH,2026-02-24,1020.0,9.45,165900.0,258300.0,86.05,22050.0,6300.0,958.1,980.0,933.8,-1.904,2026-02-02 23:54,6105
MAXHEALTH,2026-02-24,1030.0,7.5,35700.0,159600.0,66.35,7350.0,0.0,958.1,980.0,933.8,-1.904,2026-02-02 23:54,7427
MAXHEALTH,2026-02-24,1040.0,6.05,221025.0,261975.0,91.7,24150.0,1575.0,958.1,980.0,933.8,-1.904,2026-02-02 23:54,8803
MAXHEALTH,2026-02-24,1050.0,5.15,138600.0,180600.0,77.1,6300.0,0.0,958.1,980.0,933.8,-1.904,2026-02-02 23:54,10359
MAXHEALTH,2026-02-24,1060.0,4.35,32550.0,76650.0,114.55,23625.0,2625.0,958.1,980.0,933.8,-1.904,2026-02-02 23:54,12170
MAXHEALTH,2026-02-24,1070.0,7.1,14175.0,0.0,0.0,0.0,0.0,958.1,980.0,933.8,-1.904,2026-02-02 23:54,13758
MAXHEALTH,2026-02-24,1080.0,3.1,78750.0,162225.0,98.0,3150.0,0.0,958.1,980.0,933.8,-1.904,2026-02-02 23:54,15626
MAXHEALTH,2026-02-24,1090.0,0.0,0.0,0.0,116.45,11025.0,0.0,958.1,980.0,933.8,-1.904,2026-02-02 23:54,17560
MAXHEALTH,2026-02-24,1100.0,2.15,194775.0,177975.0,141.0,109725.0,2100.0,958.1,980.0,933.8,-1.904,2026-02-02 23:54,19383
MAXHEALTH,2026-02-24,1110.0,1.65,11025.0,9975.0,0.0,0.0,0.0,958.1,980.0,933.8,-1.904,2026-02-02 23:54,20134
MAXHEALTH,2026-02-24,1120.0,1.6,64050.0,32025.0,141.0,3675.0,0.0,958.1,980.0,933.8,-1.904,2026-02-02 23:54,22403
MAXHEALTH,2026-02-24,1130.0,1.5,7875.0,0.0,125.0,525.0,0.0,958.1,980.0,933.8,-1.904,2026-02-02 23:54,24696
MAXHEALTH,2026-02-24,1140.0,2.75,13650.0,0.0,140.0,525.0,0.0,958.1,980.0,933.8,-1.904,2026-02-02 23:54,27033
MAXHEALTH,2026-02-24,1150.0,16.65,1050.0,0.0,0.0,0.0,0.0,958.1,980.0,933.8,-1.904,2026-02-02 23:54,29387
MAXHEALTH,2026-02-24,1160.0,1.1,50925.0,10500.0,187.0,12600.0,0.0,958.1,980.0,933.8,-1.904,2026-02-02 23:54,31747
MAXHEALTH,2026-02-24,1180.0,0.0,0.0,0.0,178.5,5250.0,0.0,958.1,980.0,933.8,-1.904,2026-02-02 23:54,36361
MAXHEALTH,2026-02-24,1200.0,0.5,11025.0,4200.0,240.0,188475.0,1050.0,958.1,980.0,933.8,-1.904,2026-02-02 23:54,41121
MAXHEALTH,2026-02-24,1220.0,0.0,0.0,0.0,215.0,1575.0,0.0,958.1,980.0,933.8,-1.904,2026-02-02 23:54,41851
MAXHEALTH,2026-02-24,1240.0,1.2,525.0,0.0,0.0,0.0,0.0,958.1,980.0,933.8,-1.904,2026-02-02 23:54,47074
MCX,2026-02-24,1680.0,0.0,0.0,0.0,3.55,223125.0,465625.0,2321.8,2350.0,2125.5,3.963,2026-02-02 23:54,376119
MCX,2026-02-24,1800.0,0.0,0.0,0.0,7.2,253750.0,738125.0,2321.8,2350.0,2125.5,3.963,2026-02-02 23:54,275885
MCX,2026-02-24,1840.0,0.0,0.0,0.0,12.75,18750.0,50625.0,2321.8,2350.0,2125.5,3.963,2026-02-02 23:54,243332
MCX,2026-02-24,1860.0,0.0,0.0,0.0,12.1,25000.0,28750.0,2321.8,2350.0,2125.5,3.963,2026-02-02 23:54,227161
MCX,2026-02-24,1880.0,395.2,20625.0,0.0,11.0,180625.0,251250.0,2321.8,2350.0,2125.5,3.963,2026-02-02 23:54,211033
MCX,2026-02-24,1900.0,0.0,0.0,0.0,13.25,195000.0,1078750.0,2321.8,2350.0,2125.5,3.963,2026-02-02 23:54,195955
MCX,2026-02-24,1920.0,410.0,2500.0,0.0,13.45,171875.0,205000.0,2321.8,2350.0,2125.5,3.963,2026-02-02 23:54,180391
MCX,2026-02-24,1940.0,270.55,625.0,0.0,15.0,17500.0,80625.0,2321.8,2350.0,2125.5,3.963,2026-02-02 23:54,165306
MCX,2026-02-24,1960.0,445.0,5000.0,0.0,19.05,127500.0,275000.0,2321.8,2350.0,2125.5,3.963,2026-02-02 23:54,150377
MCX,2026-02-24,1980.0,300.0,1250.0,0.0,20.15,54375.0,153125.0,2321.8,2350.0,2125.5,3.963,2026-02-02 23:54,135702
MCX,2026-02-24,2000.0,375.0,74375.0,73125.0,23.0,846250.0,3362500.0,2321.8,2350.0,2125.5,3.963,2026-02-02 23:54,121086
MCX,2026-02-24,2020.0,401.05,1250.0,0.0,25.0,41250.0,66875.0,2321.8,2350.0,2125.5,3.963,2026-02-02 23:54,109226
MCX,2026-02-24,2040.0,269.0,3750.0,0.0,28.9,56250.0,208125.0,2321.8,2350.0,2125.5,3.963,2026-02-02 23:54,96555
MCX,2026-02-24,2060.0,338.0,1250.0,0.0,28.05,79375.0,98750.0,2321.8,2350.0,2125.5,3.963,2026-02-02 23:54,83996
MCX,2026-02-24,2080.0,246.55,15000.0,18750.0,33.1,63750.0,116250.0,2321.8,2350.0,2125.5,3.963,2026-02-02 23:54,71480
MCX,2026-02-24,2100.0,293.7,130625.0,142500.0,36.8,630000.0,2380625.0,2321.8,2350.0,2125.5,3.963,2026-02-02 23:54,59460
MCX,2026-02-24,2120.0,250.0,24375.0,8125.0,40.15,80625.0,165000.0,2321.8,2350.0,2125.5,3.963,2026-02-02 23:54,50320
MCX,2026-02-24,2140.0,248.8,20625.0,14375.0,45.2,116250.0,194375.0,2321.8,2350.0,2125.5,3.963,2026-02-02 23:54,40158
MCX,2026-02-24,2160.0,235.0,130625.0,206250.0,51.7,100000.0,224375.0,2321.8,2350.0,2125.5,3.963,2026-02-02 23:54,29972
MCX,2026-02-24,2180.0,221.8,71250.0,210000.0,56.25,128750.0,570000.0,2321.8,2350.0,2125.5,3.963,2026-02-02 23:54,22813
MCX,2026-02-24,2200.0,204.15,815000.0,4340000.0,63.9,1025000.0,3828125.0,2321.8,2350.0,2125.5,3.963,2026-02-02 23:54,14356
MCX,2026-02-24,2220.0,198.75,82500.0,813125.0,68.1,146250.0,855625.0,2321.8,2350.0,2125.5,3.963,2026-02-02 23:54,18812
MCX,2026-02-24,2240.0,185.55,227500.0,1866250.0,74.85,210000.0,991250.0,2321.8,2350.0,2125.5,3.963,2026-02-02 23:54,14281
MCX,2026-02-24,2260.0,170.2,166250.0,1203125.0,80.85,90000.0,335625.0,2321.8,2350.0,2125.5,3.963,2026-02-02 23:54,12630
MCX,2026-02-24,2280.0,159.0,139375.0,925625.0,89.65,142500.0,519375.0,2321.8,2350.0,2125.5,3.963,2026-02-02 23:54,10945
MCX,2026-02-24,2300.0,149.0,818125.0,5532500.0,95.6,511875.0,1016250.0,2321.8,2350.0,2125.5,3.963,2026-02-02 23:54,8659
MCX,2026-02-24,2320.0,135.9,98125.0,448750.0,105.45,43750.0,110000.0,2321.8,2350.0,2125.5,3.963,2026-02-02 23:54,15392
MCX,2026-02-24,2340.0,122.1,114375.0,615000.0,123.9,83750.0,81875.0,2321.8,2350.0,2125.5,3.963,2026-02-02 23:54,15984
MCX,2026-02-24,2360.0,118.0,103125.0,392500.0,125.75,53125.0,66250.0,2321.8,2350.0,2125.5,3.963,2026-02-02 23:54,16460
MCX,2026-02-24,2380.0,110.05,84375.0,154375.0,139.55,99375.0,18750.0,2321.8,2350.0,2125.5,3.963,2026-02-02 23:54,17437
MCX,2026-02-24,2400.0,99.05,1118750.0,5289375.0,145.05,763125.0,273125.0,2321.8,2350.0,2125.5,3.963,2026-02-02 23:54,17775
MCX,2026-02-24,2420.0,92.45,70625.0,145625.0,154.3,43750.0,5625.0,2321.8,2350.0,2125.5,3.963,2026-02-02 23:54,22347
MCX,2026-02-24,2440.0,84.95,123750.0,245625.0,208.0,54375.0,6875.0,2321.8,2350.0,2125.5,3.963,2026-02-02 23:54,27114
MCX,2026-02-24,2460.0,76.4,123125.0,366250.0,247.35,85625.0,7500.0,2321.8,2350.0,2125.5,3.963,2026-02-02 23:54,32179
MCX,2026-02-24,2480.0,69.5,68750.0,131875.0,200.1,73750.0,8750.0,2321.8,2350.0,2125.5,3.963,2026-02-02 23:54,36564
MCX,2026-02-24,2500.0,60.15,1389375.0,4806250.0,210.0,395625.0,55625.0,2321.8,2350.0,2125.5,3.963,2026-02-02 23:54,41414
MCX,2026-02-24,2520.0,57.0,81250.0,185000.0,345.4,123750.0,13125.0,2321.8,2350.0,2125.5,3.963,2026-02-02 23:54,50880
MCX,2026-02-24,2540.0,48.8,90000.0,335000.0,256.6,136250.0,23750.0,2321.8,2350.0,2125.5,3.963,2026-02-02 23:54,56897
MCX,2026-02-24,2560.0,47.0,118125.0,76875.0,350.9,78750.0,2500.0,2321.8,2350.0,2125.5,3.963,2026-02-02 23:54,64120
MCX,2026-02-24,2580.0,42.3,140000.0,116250.0,278.0,51875.0,10000.0,2321.8,2350.0,2125.5,3.963,2026-02-02 23:54,72585
MCX,2026-02-24,2600.0,39.0,1580625.0,3201875.0,284.9,415625.0,93125.0,2321.8,2350.0,2125.5,3.963,2026-02-02 23:54,82793
MCX,2026-02-24,2620.0,31.2,162500.0,132500.0,308.3,54375.0,6250.0,2321.8,2350.0,2125.5,3.963,2026-02-02 23:54,92166
MCX,2026-02-24,2640.0,33.0,181875.0,225000.0,499.85,95625.0,0.0,2321.8,2350.0,2125.5,3.963,2026-02-02 23:54,106481
MCX,2026-02-24,2660.0,29.1,156875.0,115000.0,345.0,48750.0,2500.0,2321.8,2350.0,2125.5,3.963,2026-02-02 23:54,118340
MCX,2026-02-24,2680.0,26.6,155625.0,71875.0,431.25,90625.0,6250.0,2321.8,2350.0,2125.5,3.963,2026-02-02 23:54,133564
MCX,2026-02-24,2700.0,24.0,1090625.0,1886875.0,366.0,168125.0,29375.0,2321.8,2350.0,2125.5,3.963,2026-02-02 23:54,147013
MCX,2026-02-24,2720.0,23.0,150625.0,90625.0,505.4,22500.0,6250.0,2321.8,2350.0,2125.5,3.963,2026-02-02 23:54,162937
MCX,2026-02-24,2740.0,21.75,85625.0,67500.0,515.5,8125.0,0.0,2321.8,2350.0,2125.5,3.963,2026-02-02 23:54,181952
MCX,2026-02-24,2760.0,18.4,190000.0,211875.0,216.0,11250.0,0.0,2321.8,2350.0,2125.5,3.963,2026-02-02 23:54,201713
MCX,2026-02-24,2780.0,17.75,49375.0,24375.0,164.55,9375.0,0.0,2321.8,2350.0,2125.5,3.963,2026-02-02 23:54,222216
MCX,2026-02-24,2800.0,15.05,918125.0,1240625.0,568.0,22500.0,0.0,2321.8,2350.0,2125.5,3.963,2026-02-02 23:54,242663
MCX,2026-02-24,2820.0,11.4,23750.0,20000.0,0.0,0.0,0.0,2321.8,2350.0,2125.5,3.963,2026-02-02 23:54,265162
MCX,2026-02-24,2840.0,13.0,91250.0,26875.0,0.0,0.0,0.0,2321.8,2350.0,2125.5,3.963,2026-02-02 23:54,287632
MCX,2026-02-24,2860.0,12.0,45000.0,16875.0,0.0,0.0,0.0,2321.8,2350.0,2125.5,3.963,2026-02-02 23:54,310375
MCX,2026-02-24,2880.0,11.0,15625.0,17500.0,0.0,0.0,0.0,2321.8,2350.0,2125.5,3.963,2026-02-02 23:54,333144
MCX,2026-02-24,2900.0,9.85,515625.0,767500.0,0.0,0.0,0.0,2321.8,2350.0,2125.5,3.963,2026-02-02 23:54,355908
MCX,2026-02-24,2920.0,9.6,223125.0,128750.0,0.0,0.0,0.0,2321.8,2350.0,2125.5,3.963,2026-02-02 23:54,380193
MCX,2026-02-24,2960.0,8.5,46875.0,28750.0,0.0,0.0,0.0,2321.8,2350.0,2125.5,3.963,2026-02-02 23:54,428855
MCX,2026-02-24,3000.0,7.0,642500.0,725625.0,0.0,0.0,0.0,2321.8,2350.0,2125.5,3.963,2026-02-02 23:54,477530
MFSL,2026-02-24,1360.0,268.2,3200.0,0.0,0.0,0.0,0.0,1641.6,1653.4,1601.9,1.333,2026-02-02 23:54,9091
MFSL,2026-02-24,1400.0,0.0,0.0,0.0,4.9,29600.0,0.0,1641.6,1653.4,1601.9,1.333,2026-02-02 23:54,6554
MFSL,2026-02-24,1420.0,0.0,0.0,0.0,0.0,0.0,0.0,1641.6,1653.4,1601.9,1.333,2026-02-02 23:54,5288
MFSL,2026-02-24,1440.0,0.0,0.0,0.0,7.8,7200.0,0.0,1641.6,1653.4,1601.9,1.333,2026-02-02 23:54,4036
MFSL,2026-02-24,1460.0,0.0,0.0,0.0,4.2,49600.0,56000.0,1641.6,1653.4,1601.9,1.333,2026-02-02 23:54,2793
MFSL,2026-02-24,1480.0,0.0,0.0,0.0,8.45,6000.0,0.0,1641.6,1653.4,1601.9,1.333,2026-02-02 23:54,1633
MFSL,2026-02-24,1500.0,160.1,2800.0,1600.0,7.55,51600.0,118000.0,1641.6,1653.4,1601.9,1.333,2026-02-02 23:54,502
MFSL,2026-02-24,1520.0,117.0,800.0,0.0,10.0,6400.0,6800.0,1641.6,1653.4,1601.9,1.333,2026-02-02 23:54,-509
MFSL,2026-02-24,1540.0,107.1,3200.0,0.0,13.0,225200.0,8000.0,1641.6,1653.4,1601.9,1.333,2026-02-02 23:54,-1509
MFSL,2026-02-24,1560.0,104.05,7600.0,8000.0,17.55,24000.0,80800.0,1641.6,1653.4,1601.9,1.333,2026-02-02 23:54,-2314
MFSL,2026-02-24,1580.0,89.25,8800.0,2400.0,22.0,13200.0,7600.0,1641.6,1653.4,1601.9,1.333,2026-02-02 23:54,-2760
MFSL,2026-02-24,1600.0,80.1,213600.0,46800.0,29.2,134000.0,201200.0,1641.6,1653.4,1601.9,1.333,2026-02-02 23:54,-3150
MFSL,2026-02-24,1620.0,66.5,16800.0,67200.0,38.0,26400.0,9200.0,1641.6,1653.4,1601.9,1.333,2026-02-02 23:54,-1574
MFSL,2026-02-24,1640.0,55.2,106400.0,447600.0,43.6,43200.0,61600.0,1641.6,1653.4,1601.9,1.333,2026-02-02 23:54,-1221
MFSL,2026-02-24,1660.0,44.8,13600.0,34800.0,84.05,9600.0,0.0,1641.6,1653.4,1601.9,1.333,2026-02-02 23:54,-180
MFSL,2026-02-24,1680.0,35.0,15600.0,27600.0,65.15,7200.0,2800.0,1641.6,1653.4,1601.9,1.333,2026-02-02 23:54,487
MFSL,2026-02-24,1700.0,28.0,275200.0,642400.0,81.95,15200.0,6000.0,1641.6,1653.4,1601.9,1.333,2026-02-02 23:54,1229
MFSL,2026-02-24,1720.0,22.0,4400.0,10000.0,95.2,6400.0,6800.0,1641.6,1653.4,1601.9,1.333,2026-02-02 23:54,3189
MFSL,2026-02-24,1740.0,17.05,49600.0,66000.0,110.4,1200.0,4400.0,1641.6,1653.4,1601.9,1.333,2026-02-02 23:54,4474
MFSL,2026-02-24,1760.0,13.3,14800.0,20000.0,142.35,2000.0,0.0,1641.6,1653.4,1601.9,1.333,2026-02-02 23:54,5983
MFSL,2026-02-24,1780.0,10.2,28000.0,4000.0,0.0,0.0,0.0,1641.6,1653.4,1601.9,1.333,2026-02-02 23:54,7445
MFSL,2026-02-24,1800.0,7.95,66800.0,65200.0,0.0,0.0,0.0,1641.6,1653.4,1601.9,1.333,2026-02-02 23:54,9001
MFSL,2026-02-24,1820.0,3.5,400.0,0.0,0.0,0.0,0.0,1641.6,1653.4,1601.9,1.333,2026-02-02 23:54,10715
MFSL,2026-02-24,1840.0,3.85,42000.0,10400.0,215.55,800.0,0.0,1641.6,1653.4,1601.9,1.333,2026-02-02 23:54,12376
MFSL,2026-02-24,1860.0,1.75,800.0,0.0,0.0,0.0,0.0,1641.6,1653.4,1601.9,1.333,2026-02-02 23:54,14123
MFSL,2026-02-24,1880.0,1.2,12800.0,0.0,0.0,0.0,0.0,1641.6,1653.4,1601.9,1.333,2026-02-02 23:54,15872
MFSL,2026-02-24,1900.0,0.8,400.0,0.0,0.0,0.0,0.0,1641.6,1653.4,1601.9,1.333,2026-02-02 23:54,17647
MFSL,2026-02-24,1920.0,4.6,3200.0,800.0,0.0,0.0,0.0,1641.6,1653.4,1601.9,1.333,2026-02-02 23:54,19423
MFSL,2026-02-24,1960.0,0.25,800.0,0.0,0.0,0.0,0.0,1641.6,1653.4,1601.9,1.333,2026-02-02 23:54,22987
MPHASIS,2026-02-24,2400.0,383.45,2200.0,0.0,3.0,60500.0,7975.0,2761.4,2798.0,2718.0,-0.307,2026-02-02 23:54,7527
MPHASIS,2026-02-24,2450.0,0.0,0.0,0.0,2.7,275.0,0.0,2761.4,2798.0,2718.0,-0.307,2026-02-02 23:54,5841
MPHASIS,2026-02-24,2500.0,0.0,0.0,0.0,8.25,45650.0,102300.0,2761.4,2798.0,2718.0,-0.307,2026-02-02 23:54,4091
MPHASIS,2026-02-24,2550.0,0.0,0.0,0.0,13.55,29150.0,30525.0,2761.4,2798.0,2718.0,-0.307,2026-02-02 23:54,2531
MPHASIS,2026-02-24,2600.0,210.1,2750.0,0.0,21.5,50325.0,31350.0,2761.4,2798.0,2718.0,-0.307,2026-02-02 23:54,1115
MPHASIS,2026-02-24,2650.0,151.0,5225.0,5500.0,32.45,28600.0,24475.0,2761.4,2798.0,2718.0,-0.307,2026-02-02 23:54,-45
MPHASIS,2026-02-24,2700.0,119.85,52525.0,30800.0,46.0,57475.0,50875.0,2761.4,2798.0,2718.0,-0.307,2026-02-02 23:54,-1001
MPHASIS,2026-02-24,2750.0,88.3,29425.0,48400.0,65.65,41250.0,23925.0,2761.4,2798.0,2718.0,-0.307,2026-02-02 23:54,-1028
MPHASIS,2026-02-24,2800.0,62.15,146575.0,397925.0,94.15,53625.0,32725.0,2761.4,2798.0,2718.0,-0.307,2026-02-02 23:54,-1077
MPHASIS,2026-02-24,2850.0,43.6,65450.0,50325.0,126.1,16225.0,1100.0,2761.4,2798.0,2718.0,-0.307,2026-02-02 23:54,290
MPHASIS,2026-02-24,2900.0,30.15,65725.0,115225.0,161.55,16775.0,12100.0,2761.4,2798.0,2718.0,-0.307,2026-02-02 23:54,1742
MPHASIS,2026-02-24,2950.0,21.8,35475.0,47575.0,144.9,2750.0,0.0,2761.4,2798.0,2718.0,-0.307,2026-02-02 23:54,3453
MPHASIS,2026-02-24,3000.0,14.2,106425.0,348975.0,245.05,7150.0,1650.0,2761.4,2798.0,2718.0,-0.307,2026-02-02 23:54,5465
MPHASIS,2026-02-24,3050.0,7.5,20350.0,20625.0,0.0,0.0,0.0,2761.4,2798.0,2718.0,-0.307,2026-02-02 23:54,7983
MPHASIS,2026-02-24,3100.0,6.75,42350.0,69300.0,331.9,1650.0,0.0,2761.4,2798.0,2718.0,-0.307,2026-02-02 23:54,10642
MPHASIS,2026-02-24,3150.0,10.0,1650.0,0.0,0.0,0.0,0.0,2761.4,2798.0,2718.0,-0.307,2026-02-02 23:54,13480
MPHASIS,2026-02-24,3200.0,3.3,77550.0,35475.0,0.0,0.0,0.0,2761.4,2798.0,2718.0,-0.307,2026-02-02 23:54,16354
MPHASIS,2026-02-24,3250.0,2.65,27225.0,1375.0,0.0,0.0,0.0,2761.4,2798.0,2718.0,-0.307,2026-02-02 23:54,19640
MPHASIS,2026-02-24,3300.0,5.0,2750.0,0.0,520.3,1650.0,0.0,2761.4,2798.0,2718.0,-0.307,2026-02-02 23:54,23043
MPHASIS,2026-02-24,3400.0,2.0,11825.0,550.0,0.0,0.0,0.0,2761.4,2798.0,2718.0,-0.307,2026-02-02 23:54,29795
MOTHERSON,2026-02-24,90.0,0.0,0.0,0.0,0.11,793350.0,147600.0,114.09,115.0,109.62,1.975,2026-02-02 23:54,37679
MOTHERSON,2026-02-24,92.0,0.0,0.0,0.0,0.54,190650.0,0.0,114.09,115.0,109.62,1.975,2026-02-02 23:54,32290
MOTHERSON,2026-02-24,94.0,0.0,0.0,0.0,0.32,436650.0,92250.0,114.09,115.0,109.62,1.975,2026-02-02 23:54,26938
MOTHERSON,2026-02-24,96.0,14.0,6150.0,0.0,0.26,1137750.0,528900.0,114.09,115.0,109.62,1.975,2026-02-02 23:54,21669
MOTHERSON,2026-02-24,97.0,0.0,0.0,0.0,0.94,190650.0,0.0,114.09,115.0,109.62,1.975,2026-02-02 23:54,19135
MOTHERSON,2026-02-24,98.0,0.0,0.0,0.0,1.28,18450.0,0.0,114.09,115.0,109.62,1.975,2026-02-02 23:54,16624
MOTHERSON,2026-02-24,99.0,0.0,0.0,0.0,0.84,30750.0,6150.0,114.09,115.0,109.62,1.975,2026-02-02 23:54,14129
MOTHERSON,2026-02-24,100.0,15.38,227550.0,116850.0,0.49,1845000.0,1697400.0,114.09,115.0,109.62,1.975,2026-02-02 23:54,11638
MOTHERSON,2026-02-24,101.0,0.0,0.0,0.0,0.87,129150.0,129150.0,114.09,115.0,109.62,1.975,2026-02-02 23:54,9616
MOTHERSON,2026-02-24,102.0,0.0,0.0,0.0,0.65,1654350.0,405900.0,114.09,115.0,109.62,1.975,2026-02-02 23:54,7336
MOTHERSON,2026-02-24,103.0,0.0,0.0,0.0,0.79,1266900.0,221400.0,114.09,115.0,109.62,1.975,2026-02-02 23:54,5125
MOTHERSON,2026-02-24,104.0,0.0,0.0,0.0,0.88,215250.0,276750.0,114.09,115.0,109.62,1.975,2026-02-02 23:54,3048
MOTHERSON,2026-02-24,105.0,11.2,369000.0,190650.0,1.03,3437850.0,1746600.0,114.09,115.0,109.62,1.975,2026-02-02 23:54,1074
MOTHERSON,2026-02-24,106.0,10.62,98400.0,110700.0,1.18,984000.0,1180800.0,114.09,115.0,109.62,1.975,2026-02-02 23:54,-440
MOTHERSON,2026-02-24,107.0,9.6,73800.0,159900.0,1.39,362850.0,307500.0,114.09,115.0,109.62,1.975,2026-02-02 23:54,-1918
MOTHERSON,2026-02-24,108.0,8.97,473550.0,98400.0,1.58,811800.0,282900.0,114.09,115.0,109.62,1.975,2026-02-02 23:54,-3320
MOTHERSON,2026-02-24,109.0,7.92,848700.0,147600.0,1.8,799500.0,885600.0,114.09,115.0,109.62,1.975,2026-02-02 23:54,-4317
MOTHERSON,2026-02-24,110.0,7.1,2343150.0,2884350.0,2.11,6340650.0,2416950.0,114.09,115.0,109.62,1.975,2026-02-02 23:54,-4918
MOTHERSON,2026-02-24,111.0,6.43,787200.0,1131600.0,2.43,817950.0,1273050.0,114.09,115.0,109.62,1.975,2026-02-02 23:54,-4853
MOTHERSON,2026-02-24,112.0,5.85,1008600.0,2115600.0,2.76,1014750.0,1328400.0,114.09,115.0,109.62,1.975,2026-02-02 23:54,-4646
MOTHERSON,2026-02-24,113.0,5.16,1512900.0,3234900.0,3.09,1211550.0,799500.0,114.09,115.0,109.62,1.975,2026-02-02 23:54,-4234
MOTHERSON,2026-02-24,114.0,4.6,1174650.0,1808100.0,3.6,547350.0,516600.0,114.09,115.0,109.62,1.975,2026-02-02 23:54,-3453
MOTHERSON,2026-02-24,115.0,4.08,4305000.0,8462400.0,4.01,1070100.0,369000.0,114.09,115.0,109.62,1.975,2026-02-02 23:54,-2563
MOTHERSON,2026-02-24,116.0,3.69,571950.0,584250.0,4.49,239850.0,178350.0,114.09,115.0,109.62,1.975,2026-02-02 23:54,-152
MOTHERSON,2026-02-24,117.0,3.32,541200.0,319800.0,7.07,67650.0,0.0,114.09,115.0,109.62,1.975,2026-02-02 23:54,1116
MOTHERSON,2026-02-24,118.0,2.79,725700.0,713400.0,5.67,147600.0,79950.0,114.09,115.0,109.62,1.975,2026-02-02 23:54,2474
MOTHERSON,2026-02-24,119.0,2.52,381300.0,246000.0,6.31,86100.0,116850.0,114.09,115.0,109.62,1.975,2026-02-02 23:54,3907
MOTHERSON,2026-02-24,120.0,2.11,6014700.0,5707200.0,6.93,1273050.0,190650.0,114.09,115.0,109.62,1.975,2026-02-02 23:54,5309
MOTHERSON,2026-02-24,121.0,1.88,98400.0,135300.0,0.0,0.0,0.0,114.09,115.0,109.62,1.975,2026-02-02 23:54,7785
MOTHERSON,2026-02-24,122.0,1.6,861000.0,658050.0,13.5,116850.0,0.0,114.09,115.0,109.62,1.975,2026-02-02 23:54,9902
MOTHERSON,2026-02-24,123.0,0.86,18450.0,6150.0,0.0,0.0,0.0,114.09,115.0,109.62,1.975,2026-02-02 23:54,12079
MOTHERSON,2026-02-24,124.0,1.2,485850.0,369000.0,15.4,24600.0,0.0,114.09,115.0,109.62,1.975,2026-02-02 23:54,14279
MOTHERSON,2026-02-24,125.0,1.0,4501800.0,4335750.0,11.11,147600.0,18450.0,114.09,115.0,109.62,1.975,2026-02-02 23:54,16549
MOTHERSON,2026-02-24,126.0,0.79,36900.0,6150.0,0.0,0.0,0.0,114.09,115.0,109.62,1.975,2026-02-02 23:54,19550
MOTHERSON,2026-02-24,128.0,0.65,104550.0,196800.0,0.0,0.0,0.0,114.09,115.0,109.62,1.975,2026-02-02 23:54,24990
MOTHERSON,2026-02-24,129.0,2.1,6150.0,0.0,0.0,0.0,0.0,114.09,115.0,109.62,1.975,2026-02-02 23:54,27725
MOTHERSON,2026-02-24,130.0,0.48,1156200.0,1691250.0,15.15,110700.0,24600.0,114.09,115.0,109.62,1.975,2026-02-02 23:54,30456
MOTHERSON,2026-02-24,132.0,0.48,30750.0,0.0,0.0,0.0,0.0,114.09,115.0,109.62,1.975,2026-02-02 23:54,36056
MOTHERSON,2026-02-24,134.0,0.48,67650.0,0.0,0.0,0.0,0.0,114.09,115.0,109.62,1.975,2026-02-02 23:54,41776
MOTHERSON,2026-02-24,135.0,0.23,633450.0,276750.0,25.75,12300.0,0.0,114.09,115.0,109.62,1.975,2026-02-02 23:54,44645
MOTHERSON,2026-02-24,136.0,0.21,116850.0,6150.0,0.0,0.0,0.0,114.09,115.0,109.62,1.975,2026-02-02 23:54,47558
MOTHERSON,2026-02-24,138.0,0.15,221400.0,0.0,0.0,0.0,0.0,114.09,115.0,109.62,1.975,2026-02-02 23:54,53445
MOTHERSON,2026-02-24,140.0,0.1,1051650.0,461250.0,26.1,159900.0,0.0,114.09,115.0,109.62,1.975,2026-02-02 23:54,59377
MUTHOOTFIN,2026-02-24,2900.0,0.0,0.0,0.0,10.65,5500.0,14025.0,3535.1,3584.0,3410.5,1.202,2026-02-02 23:54,97902
MUTHOOTFIN,2026-02-24,3000.0,0.0,0.0,0.0,15.15,51150.0,200200.0,3535.1,3584.0,3410.5,1.202,2026-02-02 23:54,81327
MUTHOOTFIN,2026-02-24,3050.0,0.0,0.0,0.0,17.3,14300.0,54175.0,3535.1,3584.0,3410.5,1.202,2026-02-02 23:54,73221
MUTHOOTFIN,2026-02-24,3100.0,0.0,0.0,0.0,22.45,21725.0,75075.0,3535.1,3584.0,3410.5,1.202,2026-02-02 23:54,65239
MUTHOOTFIN,2026-02-24,3150.0,0.0,0.0,0.0,0.0,0.0,0.0,3535.1,3584.0,3410.5,1.202,2026-02-02 23:54,57342
MUTHOOTFIN,2026-02-24,3200.0,334.65,20625.0,2750.0,33.9,121275.0,480425.0,3535.1,3584.0,3410.5,1.202,2026-02-02 23:54,49493
MUTHOOTFIN,2026-02-24,3250.0,0.0,0.0,0.0,41.85,11825.0,25025.0,3535.1,3584.0,3410.5,1.202,2026-02-02 23:54,42633
MUTHOOTFIN,2026-02-24,3300.0,333.4,3850.0,3575.0,51.0,104225.0,361075.0,3535.1,3584.0,3410.5,1.202,2026-02-02 23:54,35504
MUTHOOTFIN,2026-02-24,3350.0,0.0,0.0,0.0,62.2,14575.0,44275.0,3535.1,3584.0,3410.5,1.202,2026-02-02 23:54,28561
MUTHOOTFIN,2026-02-24,3400.0,261.55,93500.0,290400.0,76.3,114675.0,655600.0,3535.1,3584.0,3410.5,1.202,2026-02-02 23:54,22004
MUTHOOTFIN,2026-02-24,3450.0,228.95,26400.0,99550.0,92.6,117975.0,207625.0,3535.1,3584.0,3410.5,1.202,2026-02-02 23:54,18149
MUTHOOTFIN,2026-02-24,3500.0,194.2,99275.0,575300.0,111.85,150425.0,579150.0,3535.1,3584.0,3410.5,1.202,2026-02-02 23:54,12957
MUTHOOTFIN,2026-02-24,3550.0,170.45,37400.0,146025.0,138.3,63525.0,134750.0,3535.1,3584.0,3410.5,1.202,2026-02-02 23:54,9747
MUTHOOTFIN,2026-02-24,3600.0,145.0,109175.0,399025.0,157.0,166650.0,129250.0,3535.1,3584.0,3410.5,1.202,2026-02-02 23:54,6555
MUTHOOTFIN,2026-02-24,3650.0,121.7,15125.0,16500.0,185.95,21725.0,3300.0,3535.1,3584.0,3410.5,1.202,2026-02-02 23:54,3950
MUTHOOTFIN,2026-02-24,3700.0,102.85,135025.0,390775.0,215.2,159500.0,23925.0,3535.1,3584.0,3410.5,1.202,2026-02-02 23:54,2343
MUTHOOTFIN,2026-02-24,3750.0,85.85,22825.0,31075.0,299.3,17325.0,7700.0,3535.1,3584.0,3410.5,1.202,2026-02-02 23:54,384
MUTHOOTFIN,2026-02-24,3800.0,72.5,279125.0,725175.0,284.25,171050.0,18700.0,3535.1,3584.0,3410.5,1.202,2026-02-02 23:54,348
MUTHOOTFIN,2026-02-24,3850.0,59.7,146025.0,86350.0,340.0,35750.0,9350.0,3535.1,3584.0,3410.5,1.202,2026-02-02 23:54,46
MUTHOOTFIN,2026-02-24,3900.0,51.4,307175.0,423775.0,364.0,80850.0,20075.0,3535.1,3584.0,3410.5,1.202,2026-02-02 23:54,3148
MUTHOOTFIN,2026-02-24,3950.0,43.95,53350.0,123200.0,507.25,17050.0,1650.0,3535.1,3584.0,3410.5,1.202,2026-02-02 23:54,7170
MUTHOOTFIN,2026-02-24,4000.0,35.75,361900.0,1103575.0,461.0,90200.0,7975.0,3535.1,3584.0,3410.5,1.202,2026-02-02 23:54,12277
MUTHOOTFIN,2026-02-24,4050.0,30.25,73150.0,198550.0,581.85,15675.0,825.0,3535.1,3584.0,3410.5,1.202,2026-02-02 23:54,17411
MUTHOOTFIN,2026-02-24,4100.0,25.15,174075.0,227150.0,638.8,67650.0,8800.0,3535.1,3584.0,3410.5,1.202,2026-02-02 23:54,25163
MUTHOOTFIN,2026-02-24,4150.0,21.5,19250.0,22275.0,191.3,1375.0,0.0,3535.1,3584.0,3410.5,1.202,2026-02-02 23:54,30931
MUTHOOTFIN,2026-02-24,4200.0,18.0,153450.0,218075.0,694.75,17875.0,0.0,3535.1,3584.0,3410.5,1.202,2026-02-02 23:54,40700
MUTHOOTFIN,2026-02-24,4250.0,17.15,12650.0,7975.0,249.0,1375.0,0.0,3535.1,3584.0,3410.5,1.202,2026-02-02 23:54,50345
MUTHOOTFIN,2026-02-24,4300.0,13.45,148225.0,162525.0,0.0,0.0,0.0,3535.1,3584.0,3410.5,1.202,2026-02-02 23:54,61014
MUTHOOTFIN,2026-02-24,4350.0,11.8,9350.0,3850.0,0.0,0.0,0.0,3535.1,3584.0,3410.5,1.202,2026-02-02 23:54,72635
MUTHOOTFIN,2026-02-24,4400.0,9.3,102850.0,137500.0,572.45,7150.0,0.0,3535.1,3584.0,3410.5,1.202,2026-02-02 23:54,84115
MUTHOOTFIN,2026-02-24,4450.0,6.25,6325.0,0.0,0.0,0.0,0.0,3535.1,3584.0,3410.5,1.202,2026-02-02 23:54,95820
MUTHOOTFIN,2026-02-24,4500.0,7.3,204325.0,159500.0,0.0,0.0,0.0,3535.1,3584.0,3410.5,1.202,2026-02-02 23:54,107875
MUTHOOTFIN,2026-02-24,4600.0,5.4,77275.0,75075.0,0.0,0.0,0.0,3535.1,3584.0,3410.5,1.202,2026-02-02 23:54,134168
MUTHOOTFIN,2026-02-24,4700.0,3.6,41250.0,15675.0,0.0,0.0,0.0,3535.1,3584.0,3410.5,1.202,2026-02-02 23:54,161127
NAUKRI,2026-02-24,1040.0,0.0,0.0,0.0,0.0,0.0,0.0,1237.3,1257.8,1211.0,-1.387,2026-02-02 23:54,23254
NAUKRI,2026-02-24,1080.0,0.0,0.0,0.0,4.65,66375.0,133500.0,1237.3,1257.8,1211.0,-1.387,2026-02-02 23:54,17717
NAUKRI,2026-02-24,1100.0,0.0,0.0,0.0,6.55,22875.0,38625.0,1237.3,1257.8,1211.0,-1.387,2026-02-02 23:54,15051
NAUKRI,2026-02-24,1120.0,132.85,3750.0,4875.0,8.3,51750.0,67125.0,1237.3,1257.8,1211.0,-1.387,2026-02-02 23:54,12446
NAUKRI,2026-02-24,1140.0,0.0,0.0,0.0,0.0,0.0,0.0,1237.3,1257.8,1211.0,-1.387,2026-02-02 23:54,9974
NAUKRI,2026-02-24,1160.0,149.55,1500.0,0.0,14.25,106500.0,87750.0,1237.3,1257.8,1211.0,-1.387,2026-02-02 23:54,7496
NAUKRI,2026-02-24,1180.0,0.0,0.0,0.0,18.6,103500.0,320250.0,1237.3,1257.8,1211.0,-1.387,2026-02-02 23:54,5104
NAUKRI,2026-02-24,1200.0,68.3,48375.0,737250.0,23.95,398625.0,432375.0,1237.3,1257.8,1211.0,-1.387,2026-02-02 23:54,2855
NAUKRI,2026-02-24,1220.0,55.8,25875.0,426000.0,30.55,46125.0,439500.0,1237.3,1257.8,1211.0,-1.387,2026-02-02 23:54,1069
NAUKRI,2026-02-24,1240.0,43.55,38250.0,792375.0,39.05,67500.0,938250.0,1237.3,1257.8,1211.0,-1.387,2026-02-02 23:54,55
NAUKRI,2026-02-24,1260.0,34.3,203625.0,2620875.0,48.8,167625.0,2576625.0,1237.3,1257.8,1211.0,-1.387,2026-02-02 23:54,-847
NAUKRI,2026-02-24,1280.0,25.5,80625.0,460875.0,59.9,79125.0,406875.0,1237.3,1257.8,1211.0,-1.387,2026-02-02 23:54,-1031
NAUKRI,2026-02-24,1300.0,18.9,177000.0,719625.0,73.85,133125.0,401625.0,1237.3,1257.8,1211.0,-1.387,2026-02-02 23:54,-1043
NAUKRI,2026-02-24,1320.0,14.0,430125.0,365250.0,91.1,37500.0,20625.0,1237.3,1257.8,1211.0,-1.387,2026-02-02 23:54,-816
NAUKRI,2026-02-24,1340.0,10.4,70875.0,98250.0,127.7,22125.0,29625.0,1237.3,1257.8,1211.0,-1.387,2026-02-02 23:54,1255
NAUKRI,2026-02-24,1360.0,7.75,93375.0,153000.0,93.4,12000.0,0.0,1237.3,1257.8,1211.0,-1.387,2026-02-02 23:54,3043
NAUKRI,2026-02-24,1380.0,5.9,162375.0,130125.0,117.25,6375.0,0.0,1237.3,1257.8,1211.0,-1.387,2026-02-02 23:54,5212
NAUKRI,2026-02-24,1400.0,4.6,199500.0,226125.0,146.0,29625.0,0.0,1237.3,1257.8,1211.0,-1.387,2026-02-02 23:54,7778
NAUKRI,2026-02-24,1420.0,3.6,53625.0,28125.0,0.0,0.0,0.0,1237.3,1257.8,1211.0,-1.387,2026-02-02 23:54,10441
NAUKRI,2026-02-24,1440.0,2.8,49500.0,40125.0,0.0,0.0,0.0,1237.3,1257.8,1211.0,-1.387,2026-02-02 23:54,13572
NAUKRI,2026-02-24,1460.0,2.35,27375.0,9375.0,153.7,1500.0,0.0,1237.3,1257.8,1211.0,-1.387,2026-02-02 23:54,16795
NAUKRI,2026-02-24,1480.0,2.4,1125.0,0.0,186.9,1500.0,0.0,1237.3,1257.8,1211.0,-1.387,2026-02-02 23:54,20047
NAUKRI,2026-02-24,1500.0,1.6,79125.0,5250.0,220.0,4875.0,0.0,1237.3,1257.8,1211.0,-1.387,2026-02-02 23:54,23292
NAUKRI,2026-02-24,1520.0,1.5,84375.0,0.0,0.0,0.0,0.0,1237.3,1257.8,1211.0,-1.387,2026-02-02 23:54,26638
NAUKRI,2026-02-24,1560.0,3.7,2625.0,0.0,291.0,25500.0,0.0,1237.3,1257.8,1211.0,-1.387,2026-02-02 23:54,33870
NAUKRI,2026-02-24,1600.0,1.0,16500.0,0.0,0.0,0.0,0.0,1237.3,1257.8,1211.0,-1.387,2026-02-02 23:54,40461
NATIONALUM,2026-02-24,230.0,0.0,0.0,0.0,0.4,262500.0,345000.0,369.7,371.8,342.0,4.376,2026-02-02 23:54,405160
NATIONALUM,2026-02-24,275.0,105.0,7500.0,0.0,0.9,337500.0,588750.0,369.7,371.8,342.0,4.376,2026-02-02 23:54,245157
NATIONALUM,2026-02-24,280.0,96.0,41250.0,0.0,0.95,1031250.0,1503750.0,369.7,371.8,342.0,4.376,2026-02-02 23:54,227601
NATIONALUM,2026-02-24,282.5,0.0,0.0,0.0,1.4,67500.0,0.0,369.7,371.8,342.0,4.376,2026-02-02 23:54,219365
NATIONALUM,2026-02-24,285.0,64.0,41250.0,0.0,1.15,517500.0,405000.0,369.7,371.8,342.0,4.376,2026-02-02 23:54,210838
NATIONALUM,2026-02-24,290.0,97.0,41250.0,0.0,1.3,285000.0,738750.0,369.7,371.8,342.0,4.376,2026-02-02 23:54,194288
NATIONALUM,2026-02-24,292.5,0.0,0.0,0.0,2.6,30000.0,0.0,369.7,371.8,342.0,4.376,2026-02-02 23:54,186355
NATIONALUM,2026-02-24,295.0,82.25,3750.0,0.0,1.55,116250.0,183750.0,369.7,371.8,342.0,4.376,2026-02-02 23:54,178059
NATIONALUM,2026-02-24,300.0,65.0,330000.0,33750.0,1.75,1931250.0,3562500.0,369.7,371.8,342.0,4.376,2026-02-02 23:54,161555
NATIONALUM,2026-02-24,302.5,0.0,0.0,0.0,0.0,0.0,0.0,369.7,371.8,342.0,4.376,2026-02-02 23:54,155669
NATIONALUM,2026-02-24,305.0,0.0,0.0,0.0,2.1,172500.0,60000.0,369.7,371.8,342.0,4.376,2026-02-02 23:54,147976
NATIONALUM,2026-02-24,307.5,0.0,0.0,0.0,2.25,48750.0,161250.0,369.7,371.8,342.0,4.376,2026-02-02 23:54,140289
NATIONALUM,2026-02-24,310.0,42.5,33750.0,0.0,2.45,847500.0,2291250.0,369.7,371.8,342.0,4.376,2026-02-02 23:54,132641
NATIONALUM,2026-02-24,312.5,0.0,0.0,0.0,2.75,67500.0,131250.0,369.7,371.8,342.0,4.376,2026-02-02 23:54,125159
NATIONALUM,2026-02-24,315.0,41.25,3750.0,0.0,2.9,153750.0,221250.0,369.7,371.8,342.0,4.376,2026-02-02 23:54,117740
NATIONALUM,2026-02-24,317.5,32.0,11250.0,0.0,3.1,71250.0,90000.0,369.7,371.8,342.0,4.376,2026-02-02 23:54,110349
NATIONALUM,2026-02-24,320.0,41.0,71250.0,18750.0,3.4,1811250.0,3903750.0,369.7,371.8,342.0,4.376,2026-02-02 23:54,103023
NATIONALUM,2026-02-24,322.5,26.05,7500.0,0.0,3.75,78750.0,67500.0,369.7,371.8,342.0,4.376,2026-02-02 23:54,95829
NATIONALUM,2026-02-24,325.0,32.6,18750.0,0.0,4.15,281250.0,228750.0,369.7,371.8,342.0,4.376,2026-02-02 23:54,88971
NATIONALUM,2026-02-24,327.5,43.6,22500.0,11250.0,6.95,86250.0,56250.0,369.7,371.8,342.0,4.376,2026-02-02 23:54,82141
NATIONALUM,2026-02-24,330.0,38.0,180000.0,45000.0,4.75,1132500.0,2913750.0,369.7,371.8,342.0,4.376,2026-02-02 23:54,75433
NATIONALUM,2026-02-24,332.5,39.25,221250.0,311250.0,5.3,131250.0,63750.0,369.7,371.8,342.0,4.376,2026-02-02 23:54,69161
NATIONALUM,2026-02-24,335.0,32.25,41250.0,18750.0,5.8,405000.0,648750.0,369.7,371.8,342.0,4.376,2026-02-02 23:54,63630
NATIONALUM,2026-02-24,337.5,32.1,30000.0,22500.0,11.15,71250.0,0.0,369.7,371.8,342.0,4.376,2026-02-02 23:54,57310
NATIONALUM,2026-02-24,340.0,35.0,611250.0,577500.0,6.75,1852500.0,5178750.0,369.7,371.8,342.0,4.376,2026-02-02 23:54,51134
NATIONALUM,2026-02-24,342.5,32.0,86250.0,37500.0,7.4,393750.0,318750.0,369.7,371.8,342.0,4.376,2026-02-02 23:54,46445
NATIONALUM,2026-02-24,345.0,30.95,262500.0,630000.0,8.2,772500.0,1845000.0,369.7,371.8,342.0,4.376,2026-02-02 23:54,40973
NATIONALUM,2026-02-24,347.5,28.8,93750.0,206250.0,8.95,348750.0,952500.0,369.7,371.8,342.0,4.376,2026-02-02 23:54,35953
NATIONALUM,2026-02-24,350.0,27.45,1845000.0,4620000.0,9.55,3393750.0,10811250.0,369.7,371.8,342.0,4.376,2026-02-02 23:54,30823
NATIONALUM,2026-02-24,352.5,25.5,135000.0,753750.0,10.45,453750.0,798750.0,369.7,371.8,342.0,4.376,2026-02-02 23:54,28869
NATIONALUM,2026-02-24,355.0,24.35,453750.0,2186250.0,11.45,1076250.0,2876250.0,369.7,371.8,342.0,4.376,2026-02-02 23:54,25108
NATIONALUM,2026-02-24,357.5,22.45,153750.0,1657500.0,12.3,341250.0,1080000.0,369.7,371.8,342.0,4.376,2026-02-02 23:54,21732
NATIONALUM,2026-02-24,360.0,21.45,1950000.0,12228750.0,13.4,2538750.0,8677500.0,369.7,371.8,342.0,4.376,2026-02-02 23:54,18533
NATIONALUM,2026-02-24,362.5,19.8,176250.0,2445000.0,14.5,225000.0,1230000.0,369.7,371.8,342.0,4.376,2026-02-02 23:54,17311
NATIONALUM,2026-02-24,365.0,18.45,577500.0,7852500.0,15.45,536250.0,1503750.0,369.7,371.8,342.0,4.376,2026-02-02 23:54,15432
NATIONALUM,2026-02-24,367.5,17.25,277500.0,2107500.0,16.95,228750.0,521250.0,369.7,371.8,342.0,4.376,2026-02-02 23:54,14045
NATIONALUM,2026-02-24,370.0,16.3,2340000.0,15236250.0,18.0,1927500.0,2310000.0,369.7,371.8,342.0,4.376,2026-02-02 23:54,12639
NATIONALUM,2026-02-24,372.5,15.0,165000.0,720000.0,19.45,225000.0,176250.0,369.7,371.8,342.0,4.376,2026-02-02 23:54,12553
NATIONALUM,2026-02-24,375.0,13.85,521250.0,2505000.0,21.0,592500.0,225000.0,369.7,371.8,342.0,4.376,2026-02-02 23:54,12030
NATIONALUM,2026-02-24,377.5,13.0,153750.0,315000.0,23.8,127500.0,71250.0,369.7,371.8,342.0,4.376,2026-02-02 23:54,11453
NATIONALUM,2026-02-24,380.0,12.0,2512500.0,16035000.0,24.25,1380000.0,622500.0,369.7,371.8,342.0,4.376,2026-02-02 23:54,11366
NATIONALUM,2026-02-24,382.5,11.25,172500.0,255000.0,28.5,146250.0,45000.0,369.7,371.8,342.0,4.376,2026-02-02 23:54,12023
NATIONALUM,2026-02-24,385.0,10.2,682500.0,1421250.0,32.1,495000.0,71250.0,369.7,371.8,342.0,4.376,2026-02-02 23:54,12869
NATIONALUM,2026-02-24,387.5,9.55,450000.0,206250.0,28.7,678750.0,551250.0,369.7,371.8,342.0,4.376,2026-02-02 23:54,13340
NATIONALUM,2026-02-24,390.0,9.0,2122500.0,5722500.0,30.7,1170000.0,206250.0,369.7,371.8,342.0,4.376,2026-02-02 23:54,13467
NATIONALUM,2026-02-24,392.5,8.2,195000.0,217500.0,34.15,172500.0,60000.0,369.7,371.8,342.0,4.376,2026-02-02 23:54,14253
NATIONALUM,2026-02-24,395.0,7.35,918750.0,1466250.0,37.9,480000.0,468750.0,369.7,371.8,342.0,4.376,2026-02-02 23:54,16385
NATIONALUM,2026-02-24,397.5,6.95,266250.0,453750.0,43.9,153750.0,33750.0,369.7,371.8,342.0,4.376,2026-02-02 23:54,18151
NATIONALUM,2026-02-24,400.0,6.5,5868750.0,15611250.0,37.9,1916250.0,423750.0,369.7,371.8,342.0,4.376,2026-02-02 23:54,20676
NATIONALUM,2026-02-24,402.5,6.0,157500.0,157500.0,59.0,116250.0,0.0,369.7,371.8,342.0,4.376,2026-02-02 23:54,22189
NATIONALUM,2026-02-24,405.0,5.65,1248750.0,922500.0,46.0,416250.0,15000.0,369.7,371.8,342.0,4.376,2026-02-02 23:54,26627
NATIONALUM,2026-02-24,407.5,4.95,180000.0,206250.0,38.5,93750.0,0.0,369.7,371.8,342.0,4.376,2026-02-02 23:54,30864
NATIONALUM,2026-02-24,410.0,4.8,1875000.0,3701250.0,46.0,521250.0,82500.0,369.7,371.8,342.0,4.376,2026-02-02 23:54,36107
NATIONALUM,2026-02-24,412.5,4.35,168750.0,240000.0,60.1,105000.0,0.0,369.7,371.8,342.0,4.376,2026-02-02 23:54,40722
NATIONALUM,2026-02-24,415.0,4.1,1653750.0,1747500.0,55.2,397500.0,11250.0,369.7,371.8,342.0,4.376,2026-02-02 23:54,46347
NATIONALUM,2026-02-24,417.5,3.85,202500.0,52500.0,83.8,90000.0,0.0,369.7,371.8,342.0,4.376,2026-02-02 23:54,51525
NATIONALUM,2026-02-24,420.0,3.6,3498750.0,5602500.0,56.65,641250.0,168750.0,369.7,371.8,342.0,4.376,2026-02-02 23:54,57617
NATIONALUM,2026-02-24,422.5,3.3,273750.0,135000.0,73.2,101250.0,0.0,369.7,371.8,342.0,4.376,2026-02-02 23:54,63046
NATIONALUM,2026-02-24,425.0,3.0,1698750.0,1620000.0,63.5,153750.0,3750.0,369.7,371.8,342.0,4.376,2026-02-02 23:54,70292
NATIONALUM,2026-02-24,427.5,2.9,472500.0,90000.0,77.85,303750.0,0.0,369.7,371.8,342.0,4.376,2026-02-02 23:54,78185
NATIONALUM,2026-02-24,430.0,2.75,3390000.0,3082500.0,69.75,731250.0,18750.0,369.7,371.8,342.0,4.376,2026-02-02 23:54,84511
NATIONALUM,2026-02-24,432.5,2.5,333750.0,198750.0,78.0,41250.0,30000.0,369.7,371.8,342.0,4.376,2026-02-02 23:54,89927
NATIONALUM,2026-02-24,435.0,2.25,442500.0,427500.0,85.55,41250.0,0.0,369.7,371.8,342.0,4.376,2026-02-02 23:54,99367
NATIONALUM,2026-02-24,437.5,1.4,78750.0,0.0,95.1,11250.0,0.0,369.7,371.8,342.0,4.376,2026-02-02 23:54,108912
NATIONALUM,2026-02-24,440.0,2.1,2010000.0,2156250.0,88.05,457500.0,0.0,369.7,371.8,342.0,4.376,2026-02-02 23:54,118637
NATIONALUM,2026-02-24,442.5,1.6,90000.0,82500.0,0.0,0.0,0.0,369.7,371.8,342.0,4.376,2026-02-02 23:54,125469
NATIONALUM,2026-02-24,445.0,1.8,502500.0,251250.0,34.55,30000.0,0.0,369.7,371.8,342.0,4.376,2026-02-02 23:54,135944
NATIONALUM,2026-02-24,447.5,0.0,0.0,0.0,0.0,0.0,0.0,369.7,371.8,342.0,4.376,2026-02-02 23:54,146525
NATIONALUM,2026-02-24,450.0,1.6,5058750.0,3645000.0,0.0,0.0,0.0,369.7,371.8,342.0,4.376,2026-02-02 23:54,157119
NATIONALUM,2026-02-24,452.5,0.0,0.0,0.0,0.0,0.0,0.0,369.7,371.8,342.0,4.376,2026-02-02 23:54,169786
NATIONALUM,2026-02-24,455.0,0.0,0.0,0.0,0.0,0.0,0.0,369.7,371.8,342.0,4.376,2026-02-02 23:54,181645
NATIONALUM,2026-02-24,457.5,0.0,0.0,0.0,0.0,0.0,0.0,369.7,371.8,342.0,4.376,2026-02-02 23:54,193503
NATIONALUM,2026-02-24,460.0,1.3,3746250.0,1537500.0,0.0,0.0,0.0,369.7,371.8,342.0,4.376,2026-02-02 23:54,205362
NATIONALUM,2026-02-24,462.5,0.0,0.0,0.0,0.0,0.0,0.0,369.7,371.8,342.0,4.376,2026-02-02 23:54,218644
NATIONALUM,2026-02-24,465.0,1.1,52500.0,67500.0,0.0,0.0,0.0,369.7,371.8,342.0,4.376,2026-02-02 23:54,231439
NATIONALUM,2026-02-24,467.5,0.0,0.0,0.0,0.0,0.0,0.0,369.7,371.8,342.0,4.376,2026-02-02 23:54,244253
NATIONALUM,2026-02-24,470.0,0.95,408750.0,296250.0,0.0,0.0,0.0,369.7,371.8,342.0,4.376,2026-02-02 23:54,257061
NATIONALUM,2026-02-24,472.5,1.75,56250.0,0.0,0.0,0.0,0.0,369.7,371.8,342.0,4.376,2026-02-02 23:54,270010
NATIONALUM,2026-02-24,475.0,0.8,247500.0,7500.0,0.0,0.0,0.0,369.7,371.8,342.0,4.376,2026-02-02 23:54,282944
NATIONALUM,2026-02-24,477.5,0.0,0.0,0.0,0.0,0.0,0.0,369.7,371.8,342.0,4.376,2026-02-02 23:54,295950
NATIONALUM,2026-02-24,480.0,0.8,1563750.0,810000.0,0.0,0.0,0.0,369.7,371.8,342.0,4.376,2026-02-02 23:54,308936
NATIONALUM,2026-02-24,482.5,0.0,0.0,0.0,0.0,0.0,0.0,369.7,371.8,342.0,4.376,2026-02-02 23:54,322439
NATIONALUM,2026-02-24,485.0,0.6,326250.0,191250.0,0.0,0.0,0.0,369.7,371.8,342.0,4.376,2026-02-02 23:54,335816
NATIONALUM,2026-02-24,487.5,0.6,465000.0,333750.0,0.0,0.0,0.0,369.7,371.8,342.0,4.376,2026-02-02 23:54,349294
NESTLEIND,2026-02-24,1070.0,0.0,0.0,0.0,0.0,0.0,0.0,1308.3,1311.0,1273.9,2.012,2026-02-02 23:54,32016
NESTLEIND,2026-02-24,1080.0,0.0,0.0,0.0,0.0,0.0,0.0,1308.3,1311.0,1273.9,2.012,2026-02-02 23:54,29693
NESTLEIND,2026-02-24,1090.0,0.0,0.0,0.0,0.0,0.0,0.0,1308.3,1311.0,1273.9,2.012,2026-02-02 23:54,27369
NESTLEIND,2026-02-24,1100.0,186.75,500.0,0.0,0.45,180000.0,33000.0,1308.3,1311.0,1273.9,2.012,2026-02-02 23:54,25046
NESTLEIND,2026-02-24,1110.0,0.0,0.0,0.0,0.0,0.0,0.0,1308.3,1311.0,1273.9,2.012,2026-02-02 23:54,22904
NESTLEIND,2026-02-24,1120.0,0.0,0.0,0.0,0.6,5500.0,2000.0,1308.3,1311.0,1273.9,2.012,2026-02-02 23:54,20761
NESTLEIND,2026-02-24,1130.0,0.0,0.0,0.0,0.0,0.0,0.0,1308.3,1311.0,1273.9,2.012,2026-02-02 23:54,18623
NESTLEIND,2026-02-24,1140.0,0.0,0.0,0.0,1.0,166000.0,22000.0,1308.3,1311.0,1273.9,2.012,2026-02-02 23:54,16486
NESTLEIND,2026-02-24,1150.0,0.0,0.0,0.0,0.0,0.0,0.0,1308.3,1311.0,1273.9,2.012,2026-02-02 23:54,14497
NESTLEIND,2026-02-24,1160.0,0.0,0.0,0.0,1.45,68500.0,65000.0,1308.3,1311.0,1273.9,2.012,2026-02-02 23:54,12526
NESTLEIND,2026-02-24,1170.0,118.45,5000.0,0.0,3.9,500.0,1000.0,1308.3,1311.0,1273.9,2.012,2026-02-02 23:54,10613
NESTLEIND,2026-02-24,1180.0,0.0,0.0,0.0,2.05,76500.0,87000.0,1308.3,1311.0,1273.9,2.012,2026-02-02 23:54,8775
NESTLEIND,2026-02-24,1190.0,0.0,0.0,0.0,3.25,16500.0,18000.0,1308.3,1311.0,1273.9,2.012,2026-02-02 23:54,6938
NESTLEIND,2026-02-24,1200.0,108.85,145500.0,306000.0,3.35,222500.0,350500.0,1308.3,1311.0,1273.9,2.012,2026-02-02 23:54,5128
NESTLEIND,2026-02-24,1210.0,82.5,1500.0,0.0,4.2,34500.0,55500.0,1308.3,1311.0,1273.9,2.012,2026-02-02 23:54,5201
NESTLEIND,2026-02-24,1220.0,74.25,1000.0,0.0,5.0,108500.0,154500.0,1308.3,1311.0,1273.9,2.012,2026-02-02 23:54,3798
NESTLEIND,2026-02-24,1230.0,72.5,1500.0,1500.0,6.1,43000.0,82500.0,1308.3,1311.0,1273.9,2.012,2026-02-02 23:54,2460
NESTLEIND,2026-02-24,1240.0,67.65,7500.0,7000.0,7.8,84500.0,75500.0,1308.3,1311.0,1273.9,2.012,2026-02-02 23:54,1198
NESTLEIND,2026-02-24,1250.0,63.75,17000.0,8500.0,9.2,139000.0,498500.0,1308.3,1311.0,1273.9,2.012,2026-02-02 23:54,29
NESTLEIND,2026-02-24,1260.0,52.25,24000.0,4500.0,11.25,107500.0,312500.0,1308.3,1311.0,1273.9,2.012,2026-02-02 23:54,-988
NESTLEIND,2026-02-24,1270.0,48.75,49000.0,74000.0,13.85,138500.0,299000.0,1308.3,1311.0,1273.9,2.012,2026-02-02 23:54,-1851
NESTLEIND,2026-02-24,1280.0,42.95,103000.0,302000.0,17.15,142000.0,445500.0,1308.3,1311.0,1273.9,2.012,2026-02-02 23:54,-2483
NESTLEIND,2026-02-24,1290.0,35.75,85500.0,268500.0,20.75,100000.0,312500.0,1308.3,1311.0,1273.9,2.012,2026-02-02 23:54,-2719
NESTLEIND,2026-02-24,1300.0,30.9,395500.0,1856500.0,25.25,254000.0,516500.0,1308.3,1311.0,1273.9,2.012,2026-02-02 23:54,-2870
NESTLEIND,2026-02-24,1310.0,25.15,145500.0,518500.0,30.0,117000.0,109000.0,1308.3,1311.0,1273.9,2.012,2026-02-02 23:54,-1888
NESTLEIND,2026-02-24,1320.0,22.0,262500.0,840500.0,35.95,123000.0,86500.0,1308.3,1311.0,1273.9,2.012,2026-02-02 23:54,-1211
NESTLEIND,2026-02-24,1330.0,18.0,252500.0,550500.0,42.25,68500.0,55500.0,1308.3,1311.0,1273.9,2.012,2026-02-02 23:54,-27
NESTLEIND,2026-02-24,1340.0,14.45,510500.0,1025500.0,49.6,62000.0,13500.0,1308.3,1311.0,1273.9,2.012,2026-02-02 23:54,1507
NESTLEIND,2026-02-24,1350.0,12.0,556500.0,689000.0,55.4,26500.0,11500.0,1308.3,1311.0,1273.9,2.012,2026-02-02 23:54,3879
NESTLEIND,2026-02-24,1360.0,9.65,697000.0,870500.0,65.0,11000.0,6000.0,1308.3,1311.0,1273.9,2.012,2026-02-02 23:54,6925
NESTLEIND,2026-02-24,1370.0,7.8,161000.0,202000.0,75.1,1500.0,0.0,1308.3,1311.0,1273.9,2.012,2026-02-02 23:54,10759
NESTLEIND,2026-02-24,1380.0,6.65,109500.0,147000.0,82.3,6000.0,0.0,1308.3,1311.0,1273.9,2.012,2026-02-02 23:54,14269
NESTLEIND,2026-02-24,1390.0,5.35,80000.0,124000.0,88.45,3500.0,0.0,1308.3,1311.0,1273.9,2.012,2026-02-02 23:54,17803
NESTLEIND,2026-02-24,1400.0,4.35,397000.0,399000.0,112.0,12000.0,0.0,1308.3,1311.0,1273.9,2.012,2026-02-02 23:54,21410
NESTLEIND,2026-02-24,1410.0,3.3,52000.0,34000.0,0.0,0.0,0.0,1308.3,1311.0,1273.9,2.012,2026-02-02 23:54,25452
NESTLEIND,2026-02-24,1420.0,2.85,67000.0,100000.0,0.0,0.0,0.0,1308.3,1311.0,1273.9,2.012,2026-02-02 23:54,29524
NESTLEIND,2026-02-24,1430.0,2.0,50000.0,69000.0,0.0,0.0,0.0,1308.3,1311.0,1273.9,2.012,2026-02-02 23:54,33666
NESTLEIND,2026-02-24,1440.0,1.85,231000.0,121500.0,166.0,0.0,1500.0,1308.3,1311.0,1273.9,2.012,2026-02-02 23:54,37848
NESTLEIND,2026-02-24,1450.0,1.55,7000.0,12000.0,0.0,0.0,0.0,1308.3,1311.0,1273.9,2.012,2026-02-02 23:54,42295
NESTLEIND,2026-02-24,1460.0,1.6,44500.0,7000.0,0.0,0.0,0.0,1308.3,1311.0,1273.9,2.012,2026-02-02 23:54,46706
NESTLEIND,2026-02-24,1480.0,0.95,109000.0,33000.0,0.0,0.0,0.0,1308.3,1311.0,1273.9,2.012,2026-02-02 23:54,55623
NESTLEIND,2026-02-24,1500.0,0.7,269500.0,97000.0,212.0,5000.0,0.0,1308.3,1311.0,1273.9,2.012,2026-02-02 23:54,64762
NESTLEIND,2026-02-24,1520.0,0.0,0.0,0.0,0.0,0.0,0.0,1308.3,1311.0,1273.9,2.012,2026-02-02 23:54,74351
NHPC,2026-02-24,64.0,0.0,0.0,0.0,0.14,300800.0,441600.0,77.79,78.24,74.93,1.026,2026-02-02 23:54,18754
NHPC,2026-02-24,66.0,9.62,0.0,19200.0,0.18,908800.0,659200.0,77.79,78.24,74.93,1.026,2026-02-02 23:54,14727
NHPC,2026-02-24,68.0,10.9,6400.0,0.0,0.27,217600.0,921600.0,77.79,78.24,74.93,1.026,2026-02-02 23:54,10869
NHPC,2026-02-24,69.0,0.0,0.0,0.0,0.0,0.0,0.0,77.79,78.24,74.93,1.026,2026-02-02 23:54,8972
NHPC,2026-02-24,70.0,8.8,172800.0,0.0,0.44,2150400.0,1849600.0,77.79,78.24,74.93,1.026,2026-02-02 23:54,7074
NHPC,2026-02-24,71.0,6.41,12800.0,32000.0,0.56,480000.0,390400.0,77.79,78.24,74.93,1.026,2026-02-02 23:54,5465
NHPC,2026-02-24,72.0,6.42,44800.0,115200.0,0.7,2316800.0,1664000.0,77.79,78.24,74.93,1.026,2026-02-02 23:54,3830
NHPC,2026-02-24,73.0,4.64,51200.0,64000.0,0.91,2304000.0,2348800.0,77.79,78.24,74.93,1.026,2026-02-02 23:54,2316
NHPC,2026-02-24,74.0,4.67,313600.0,115200.0,1.13,1203200.0,1113600.0,77.79,78.24,74.93,1.026,2026-02-02 23:54,985
NHPC,2026-02-24,75.0,4.05,1120000.0,1849600.0,1.41,1920000.0,1580800.0,77.79,78.24,74.93,1.026,2026-02-02 23:54,2
NHPC,2026-02-24,76.0,3.41,1356800.0,2835200.0,1.82,934400.0,1273600.0,77.79,78.24,74.93,1.026,2026-02-02 23:54,-503
NHPC,2026-02-24,77.0,2.81,1420800.0,3212800.0,2.25,780800.0,992000.0,77.79,78.24,74.93,1.026,2026-02-02 23:54,-671
NHPC,2026-02-24,78.0,2.4,1785600.0,2636800.0,2.67,1324800.0,281600.0,77.79,78.24,74.93,1.026,2026-02-02 23:54,-687
NHPC,2026-02-24,79.0,1.98,1926400.0,1484800.0,3.44,876800.0,102400.0,77.79,78.24,74.93,1.026,2026-02-02 23:54,-541
NHPC,2026-02-24,80.0,1.61,5363200.0,8812800.0,3.95,2400000.0,614400.0,77.79,78.24,74.93,1.026,2026-02-02 23:54,-110
NHPC,2026-02-24,81.0,1.33,492800.0,979200.0,4.91,134400.0,19200.0,77.79,78.24,74.93,1.026,2026-02-02 23:54,932
NHPC,2026-02-24,82.0,1.09,1446400.0,1363200.0,7.09,121600.0,51200.0,77.79,78.24,74.93,1.026,2026-02-02 23:54,2122
NHPC,2026-02-24,83.0,0.9,1356800.0,1619200.0,6.51,691200.0,51200.0,77.79,78.24,74.93,1.026,2026-02-02 23:54,3541
NHPC,2026-02-24,84.0,0.75,908800.0,883200.0,9.42,96000.0,32000.0,77.79,78.24,74.93,1.026,2026-02-02 23:54,4765
NHPC,2026-02-24,85.0,0.62,2508800.0,2163200.0,8.88,1139200.0,25600.0,77.79,78.24,74.93,1.026,2026-02-02 23:54,6395
NHPC,2026-02-24,86.0,0.52,371200.0,595200.0,9.08,0.0,0.0,77.79,78.24,74.93,1.026,2026-02-02 23:54,7556
NHPC,2026-02-24,87.0,0.45,2092800.0,1286400.0,11.7,32000.0,38400.0,77.79,78.24,74.93,1.026,2026-02-02 23:54,9630
NHPC,2026-02-24,88.0,0.38,1056000.0,684800.0,12.16,0.0,0.0,77.79,78.24,74.93,1.026,2026-02-02 23:54,11954
NHPC,2026-02-24,90.0,0.28,1939200.0,1203200.0,12.25,70400.0,0.0,77.79,78.24,74.93,1.026,2026-02-02 23:54,16739
NHPC,2026-02-24,91.0,0.9,19200.0,0.0,0.0,0.0,0.0,77.79,78.24,74.93,1.026,2026-02-02 23:54,19280
NHPC,2026-02-24,92.0,0.2,403200.0,0.0,17.0,12800.0,0.0,77.79,78.24,74.93,1.026,2026-02-02 23:54,21857
NHPC,2026-02-24,95.0,0.14,1561600.0,1184000.0,0.0,0.0,0.0,77.79,78.24,74.93,1.026,2026-02-02 23:54,29695
NHPC,2026-02-24,96.0,0.11,243200.0,140800.0,0.0,0.0,0.0,77.79,78.24,74.93,1.026,2026-02-02 23:54,32490
NMDC,2026-02-24,64.0,0.0,0.0,0.0,0.17,729000.0,992250.0,81.44,81.9,78.42,1.319,2026-02-02 23:54,37430
NMDC,2026-02-24,66.0,19.26,445500.0,0.0,0.22,2220750.0,830250.0,81.44,81.9,78.42,1.319,2026-02-02 23:54,29252
NMDC,2026-02-24,68.0,10.45,27000.0,0.0,0.27,837000.0,823500.0,81.44,81.9,78.42,1.319,2026-02-02 23:54,22430
NMDC,2026-02-24,69.0,0.0,0.0,0.0,0.31,243000.0,432000.0,81.44,81.9,78.42,1.319,2026-02-02 23:54,18706
NMDC,2026-02-24,70.0,11.62,256500.0,0.0,0.36,6115500.0,2484000.0,81.44,81.9,78.42,1.319,2026-02-02 23:54,14994
NMDC,2026-02-24,71.0,0.0,0.0,0.0,0.41,67500.0,121500.0,81.44,81.9,78.42,1.319,2026-02-02 23:54,12004
NMDC,2026-02-24,72.0,0.0,0.0,0.0,0.48,1444500.0,621000.0,81.44,81.9,78.42,1.319,2026-02-02 23:54,8940
NMDC,2026-02-24,73.0,0.0,0.0,0.0,0.57,607500.0,702000.0,81.44,81.9,78.42,1.319,2026-02-02 23:54,5954
NMDC,2026-02-24,74.0,8.15,108000.0,0.0,0.69,1174500.0,1215000.0,81.44,81.9,78.42,1.319,2026-02-02 23:54,3063
NMDC,2026-02-24,75.0,7.99,1613250.0,1856250.0,0.81,3577500.0,3510000.0,81.44,81.9,78.42,1.319,2026-02-02 23:54,343
NMDC,2026-02-24,76.0,7.22,756000.0,81000.0,0.98,1323000.0,600750.0,81.44,81.9,78.42,1.319,2026-02-02 23:54,-866
NMDC,2026-02-24,77.0,6.36,2079000.0,155250.0,1.19,1080000.0,1910250.0,81.44,81.9,78.42,1.319,2026-02-02 23:54,-2450
NMDC,2026-02-24,78.0,5.66,1599750.0,1093500.0,1.44,2268000.0,2254500.0,81.44,81.9,78.42,1.319,2026-02-02 23:54,-2941
NMDC,2026-02-24,79.0,5.0,742500.0,1370250.0,1.73,1147500.0,1579500.0,81.44,81.9,78.42,1.319,2026-02-02 23:54,-3661
NMDC,2026-02-24,80.0,4.38,6473250.0,11292750.0,2.08,6365250.0,5514750.0,81.44,81.9,78.42,1.319,2026-02-02 23:54,-4597
NMDC,2026-02-24,81.0,3.8,4792500.0,7688250.0,2.47,1120500.0,2160000.0,81.44,81.9,78.42,1.319,2026-02-02 23:54,-2911
NMDC,2026-02-24,82.0,3.21,5130000.0,9585000.0,2.95,2308500.0,1512000.0,81.44,81.9,78.42,1.319,2026-02-02 23:54,-600
NMDC,2026-02-24,83.0,2.78,2308500.0,2868750.0,3.46,1120500.0,425250.0,81.44,81.9,78.42,1.319,2026-02-02 23:54,1874
NMDC,2026-02-24,84.0,2.37,4036500.0,3145500.0,4.1,931500.0,317250.0,81.44,81.9,78.42,1.319,2026-02-02 23:54,3981
NMDC,2026-02-24,85.0,2.02,12933000.0,19332000.0,4.7,2112750.0,904500.0,81.44,81.9,78.42,1.319,2026-02-02 23:54,6906
NMDC,2026-02-24,86.0,1.72,3003750.0,2247750.0,6.38,533250.0,0.0,81.44,81.9,78.42,1.319,2026-02-02 23:54,12380
NMDC,2026-02-24,87.0,1.45,1883250.0,2092500.0,6.1,195750.0,40500.0,81.44,81.9,78.42,1.319,2026-02-02 23:54,16764
NMDC,2026-02-24,88.0,1.23,2592000.0,1890000.0,6.32,148500.0,0.0,81.44,81.9,78.42,1.319,2026-02-02 23:54,21333
NMDC,2026-02-24,89.0,1.03,519750.0,465750.0,8.88,94500.0,20250.0,81.44,81.9,78.42,1.319,2026-02-02 23:54,26248
NMDC,2026-02-24,90.0,0.87,12852000.0,7924500.0,8.55,3246750.0,135000.0,81.44,81.9,78.42,1.319,2026-02-02 23:54,30969
NMDC,2026-02-24,91.0,0.73,2565000.0,1242000.0,10.69,60750.0,0.0,81.44,81.9,78.42,1.319,2026-02-02 23:54,35673
NMDC,2026-02-24,92.0,0.65,1032750.0,1127250.0,12.09,94500.0,0.0,81.44,81.9,78.42,1.319,2026-02-02 23:54,42419
NMDC,2026-02-24,93.0,0.57,276750.0,776250.0,0.0,0.0,0.0,81.44,81.9,78.42,1.319,2026-02-02 23:54,49108
NMDC,2026-02-24,94.0,0.47,897750.0,918000.0,16.1,128250.0,0.0,81.44,81.9,78.42,1.319,2026-02-02 23:54,55888
NMDC,2026-02-24,96.0,0.36,1134000.0,1397250.0,17.92,6750.0,0.0,81.44,81.9,78.42,1.319,2026-02-02 23:54,69457
NMDC,2026-02-24,98.0,0.27,1795500.0,938250.0,18.7,249750.0,0.0,81.44,81.9,78.42,1.319,2026-02-02 23:54,83448
NTPC,2026-02-24,280.0,0.0,0.0,0.0,0.1,256500.0,118500.0,350.35,352.75,337.75,1.624,2026-02-02 23:54,85343
NTPC,2026-02-24,285.0,0.0,0.0,0.0,0.2,165000.0,40500.0,350.35,352.75,337.75,1.624,2026-02-02 23:54,75703
NTPC,2026-02-24,287.5,0.0,0.0,0.0,0.0,0.0,0.0,350.35,352.75,337.75,1.624,2026-02-02 23:54,70922
NTPC,2026-02-24,290.0,55.9,3000.0,0.0,0.25,471000.0,417000.0,350.35,352.75,337.75,1.624,2026-02-02 23:54,66145
NTPC,2026-02-24,292.5,0.0,0.0,0.0,0.0,0.0,0.0,350.35,352.75,337.75,1.624,2026-02-02 23:54,61491
NTPC,2026-02-24,295.0,0.0,0.0,0.0,0.0,0.0,0.0,350.35,352.75,337.75,1.624,2026-02-02 23:54,56832
NTPC,2026-02-24,297.5,0.0,0.0,0.0,0.0,0.0,0.0,350.35,352.75,337.75,1.624,2026-02-02 23:54,52173
NTPC,2026-02-24,300.0,49.2,7500.0,9000.0,0.4,1132500.0,1098000.0,350.35,352.75,337.75,1.624,2026-02-02 23:54,47514
NTPC,2026-02-24,302.5,0.0,0.0,0.0,0.0,0.0,0.0,350.35,352.75,337.75,1.624,2026-02-02 23:54,43131
NTPC,2026-02-24,305.0,0.0,0.0,0.0,0.0,0.0,0.0,350.35,352.75,337.75,1.624,2026-02-02 23:54,38757
NTPC,2026-02-24,307.5,0.0,0.0,0.0,0.6,252000.0,210000.0,350.35,352.75,337.75,1.624,2026-02-02 23:54,34383
NTPC,2026-02-24,310.0,0.0,0.0,0.0,0.65,906000.0,1998000.0,350.35,352.75,337.75,1.624,2026-02-02 23:54,30057
NTPC,2026-02-24,312.5,0.0,0.0,0.0,0.75,231000.0,306000.0,350.35,352.75,337.75,1.624,2026-02-02 23:54,25914
NTPC,2026-02-24,315.0,31.85,0.0,0.0,0.85,358500.0,726000.0,350.35,352.75,337.75,1.624,2026-02-02 23:54,21870
NTPC,2026-02-24,317.5,0.0,0.0,0.0,0.9,181500.0,361500.0,350.35,352.75,337.75,1.624,2026-02-02 23:54,17902
NTPC,2026-02-24,320.0,28.7,52500.0,22500.0,1.0,2862000.0,1771500.0,350.35,352.75,337.75,1.624,2026-02-02 23:54,13994
NTPC,2026-02-24,322.5,22.9,13500.0,10500.0,1.15,361500.0,748500.0,350.35,352.75,337.75,1.624,2026-02-02 23:54,10696
NTPC,2026-02-24,325.0,25.0,39000.0,12000.0,1.35,450000.0,1084500.0,350.35,352.75,337.75,1.624,2026-02-02 23:54,7616
NTPC,2026-02-24,327.5,19.8,42000.0,168000.0,1.5,150000.0,492000.0,350.35,352.75,337.75,1.624,2026-02-02 23:54,4705
NTPC,2026-02-24,330.0,20.8,282000.0,721500.0,1.75,1338000.0,3753000.0,350.35,352.75,337.75,1.624,2026-02-02 23:54,1867
NTPC,2026-02-24,332.5,17.35,42000.0,55500.0,2.05,393000.0,1429500.0,350.35,352.75,337.75,1.624,2026-02-02 23:54,-274
NTPC,2026-02-24,335.0,16.8,262500.0,846000.0,2.35,762000.0,2928000.0,350.35,352.75,337.75,1.624,2026-02-02 23:54,-2667
NTPC,2026-02-24,337.5,13.5,204000.0,1306500.0,2.85,363000.0,1503000.0,350.35,352.75,337.75,1.624,2026-02-02 23:54,-4534
NTPC,2026-02-24,340.0,12.7,793500.0,5212500.0,3.35,1395000.0,4330500.0,350.35,352.75,337.75,1.624,2026-02-02 23:54,-6350
NTPC,2026-02-24,342.5,10.8,262500.0,2044500.0,4.05,579000.0,1357500.0,350.35,352.75,337.75,1.624,2026-02-02 23:54,-7250
NTPC,2026-02-24,345.0,9.05,1479000.0,6457500.0,4.85,679500.0,2982000.0,350.35,352.75,337.75,1.624,2026-02-02 23:54,-8431
NTPC,2026-02-24,347.5,7.35,1039500.0,3397500.0,5.75,379500.0,1555500.0,350.35,352.75,337.75,1.624,2026-02-02 23:54,-8112
NTPC,2026-02-24,350.0,6.2,12892500.0,23226000.0,7.0,1336500.0,3238500.0,350.35,352.75,337.75,1.624,2026-02-02 23:54,-7902
NTPC,2026-02-24,352.5,5.15,900000.0,5737500.0,8.65,267000.0,372000.0,350.35,352.75,337.75,1.624,2026-02-02 23:54,2376
NTPC,2026-02-24,355.0,4.15,3556500.0,8904000.0,10.0,478500.0,595500.0,350.35,352.75,337.75,1.624,2026-02-02 23:54,6122
NTPC,2026-02-24,357.5,3.4,1482000.0,4308000.0,12.35,241500.0,31500.0,350.35,352.75,337.75,1.624,2026-02-02 23:54,11642
NTPC,2026-02-24,360.0,2.9,9126000.0,9972000.0,13.9,772500.0,213000.0,350.35,352.75,337.75,1.624,2026-02-02 23:54,16800
NTPC,2026-02-24,362.5,2.4,496500.0,1450500.0,16.45,121500.0,48000.0,350.35,352.75,337.75,1.624,2026-02-02 23:54,25801
NTPC,2026-02-24,365.0,2.0,10086000.0,2730000.0,20.65,64500.0,24000.0,350.35,352.75,337.75,1.624,2026-02-02 23:54,33302
NTPC,2026-02-24,367.5,1.7,421500.0,859500.0,16.1,66000.0,0.0,350.35,352.75,337.75,1.624,2026-02-02 23:54,45306
NTPC,2026-02-24,370.0,1.55,13107000.0,9885000.0,22.4,181500.0,64500.0,350.35,352.75,337.75,1.624,2026-02-02 23:54,55513
NTPC,2026-02-24,372.5,1.3,436500.0,480000.0,20.95,27000.0,0.0,350.35,352.75,337.75,1.624,2026-02-02 23:54,70702
NTPC,2026-02-24,375.0,1.15,1204500.0,3036000.0,31.45,30000.0,33000.0,350.35,352.75,337.75,1.624,2026-02-02 23:54,84382
NTPC,2026-02-24,377.5,1.0,153000.0,285000.0,0.0,0.0,0.0,350.35,352.75,337.75,1.624,2026-02-02 23:54,98414
NTPC,2026-02-24,380.0,0.9,3712500.0,3652500.0,34.8,2242500.0,84000.0,350.35,352.75,337.75,1.624,2026-02-02 23:54,112456
NTPC,2026-02-24,382.5,0.8,205500.0,384000.0,0.0,0.0,0.0,350.35,352.75,337.75,1.624,2026-02-02 23:54,120501
NTPC,2026-02-24,385.0,0.7,412500.0,918000.0,0.0,0.0,0.0,350.35,352.75,337.75,1.624,2026-02-02 23:54,136084
NTPC,2026-02-24,387.5,0.9,1500.0,0.0,0.0,0.0,0.0,350.35,352.75,337.75,1.624,2026-02-02 23:54,151783
NTPC,2026-02-24,390.0,0.6,1056000.0,2730000.0,44.2,1500.0,0.0,350.35,352.75,337.75,1.624,2026-02-02 23:54,167453
NTPC,2026-02-24,395.0,0.5,195000.0,199500.0,0.0,0.0,0.0,350.35,352.75,337.75,1.624,2026-02-02 23:54,199379
NTPC,2026-02-24,400.0,0.45,3853500.0,2292000.0,53.75,34500.0,0.0,350.35,352.75,337.75,1.624,2026-02-02 23:54,231355
NTPC,2026-02-24,405.0,0.35,144000.0,151500.0,0.0,0.0,0.0,350.35,352.75,337.75,1.624,2026-02-02 23:54,265254
NTPC,2026-02-24,410.0,0.3,861000.0,613500.0,0.0,0.0,0.0,350.35,352.75,337.75,1.624,2026-02-02 23:54,299241
NYKAA,2026-02-24,195.0,0.0,0.0,0.0,0.0,0.0,0.0,237.62,239.99,234.09,-1.128,2026-02-02 23:54,27080
NYKAA,2026-02-24,200.0,0.0,0.0,0.0,0.68,306250.0,221875.0,237.62,239.99,234.09,-1.128,2026-02-02 23:54,23273
NYKAA,2026-02-24,205.0,0.0,0.0,0.0,0.0,0.0,0.0,237.62,239.99,234.09,-1.128,2026-02-02 23:54,19599
NYKAA,2026-02-24,210.0,0.0,0.0,0.0,1.27,234375.0,62500.0,237.62,239.99,234.09,-1.128,2026-02-02 23:54,15946
NYKAA,2026-02-24,212.5,29.27,3125.0,0.0,0.64,3125.0,0.0,237.62,239.99,234.09,-1.128,2026-02-02 23:54,14149
NYKAA,2026-02-24,215.0,0.0,0.0,0.0,1.96,262500.0,25000.0,237.62,239.99,234.09,-1.128,2026-02-02 23:54,12391
NYKAA,2026-02-24,217.5,0.0,0.0,0.0,2.22,115625.0,0.0,237.62,239.99,234.09,-1.128,2026-02-02 23:54,10639
NYKAA,2026-02-24,220.0,22.66,9375.0,0.0,2.39,512500.0,331250.0,237.62,239.99,234.09,-1.128,2026-02-02 23:54,8941
NYKAA,2026-02-24,222.5,0.0,0.0,0.0,0.0,0.0,0.0,237.62,239.99,234.09,-1.128,2026-02-02 23:54,7299
NYKAA,2026-02-24,225.0,15.78,34375.0,31250.0,3.5,478125.0,175000.0,237.62,239.99,234.09,-1.128,2026-02-02 23:54,5757
NYKAA,2026-02-24,227.5,0.0,0.0,0.0,4.21,187500.0,28125.0,237.62,239.99,234.09,-1.128,2026-02-02 23:54,4231
NYKAA,2026-02-24,230.0,13.29,81250.0,81250.0,4.73,593750.0,706250.0,237.62,239.99,234.09,-1.128,2026-02-02 23:54,2786
NYKAA,2026-02-24,232.5,11.79,37500.0,28125.0,5.65,46875.0,43750.0,237.62,239.99,234.09,-1.128,2026-02-02 23:54,1415
NYKAA,2026-02-24,235.0,9.7,556250.0,375000.0,6.7,1818750.0,1581250.0,237.62,239.99,234.09,-1.128,2026-02-02 23:54,256
NYKAA,2026-02-24,237.5,8.09,221875.0,109375.0,8.16,184375.0,162500.0,237.62,239.99,234.09,-1.128,2026-02-02 23:54,-1005
NYKAA,2026-02-24,240.0,7.14,1243750.0,1900000.0,9.5,1640625.0,256250.0,237.62,239.99,234.09,-1.128,2026-02-02 23:54,-1457
NYKAA,2026-02-24,242.5,6.11,209375.0,134375.0,10.64,75000.0,0.0,237.62,239.99,234.09,-1.128,2026-02-02 23:54,-1888
NYKAA,2026-02-24,245.0,5.17,353125.0,184375.0,13.18,278125.0,28125.0,237.62,239.99,234.09,-1.128,2026-02-02 23:54,-1528
NYKAA,2026-02-24,247.5,4.06,18750.0,21875.0,14.92,21875.0,25000.0,237.62,239.99,234.09,-1.128,2026-02-02 23:54,-1244
NYKAA,2026-02-24,250.0,3.72,925000.0,796875.0,17.5,318750.0,131250.0,237.62,239.99,234.09,-1.128,2026-02-02 23:54,-790
NYKAA,2026-02-24,252.5,3.34,34375.0,28125.0,0.0,0.0,0.0,237.62,239.99,234.09,-1.128,2026-02-02 23:54,-214
NYKAA,2026-02-24,255.0,2.85,737500.0,340625.0,0.0,0.0,0.0,237.62,239.99,234.09,-1.128,2026-02-02 23:54,595
NYKAA,2026-02-24,257.5,2.35,165625.0,168750.0,0.0,0.0,0.0,237.62,239.99,234.09,-1.128,2026-02-02 23:54,1788
NYKAA,2026-02-24,260.0,2.02,590625.0,384375.0,21.05,78125.0,0.0,237.62,239.99,234.09,-1.128,2026-02-02 23:54,2851
NYKAA,2026-02-24,262.5,1.74,87500.0,31250.0,0.0,0.0,0.0,237.62,239.99,234.09,-1.128,2026-02-02 23:54,3998
NYKAA,2026-02-24,265.0,1.34,515625.0,462500.0,25.25,18750.0,0.0,237.62,239.99,234.09,-1.128,2026-02-02 23:54,5226
NYKAA,2026-02-24,267.5,1.28,96875.0,0.0,27.44,3125.0,0.0,237.62,239.99,234.09,-1.128,2026-02-02 23:54,6595
NYKAA,2026-02-24,270.0,0.96,856250.0,512500.0,29.68,278125.0,0.0,237.62,239.99,234.09,-1.128,2026-02-02 23:54,7970
NYKAA,2026-02-24,272.5,0.82,50000.0,0.0,0.0,0.0,0.0,237.62,239.99,234.09,-1.128,2026-02-02 23:54,8883
NYKAA,2026-02-24,275.0,0.0,0.0,0.0,34.29,12500.0,0.0,237.62,239.99,234.09,-1.128,2026-02-02 23:54,10555
NYKAA,2026-02-24,277.5,0.0,0.0,0.0,36.64,15625.0,0.0,237.62,239.99,234.09,-1.128,2026-02-02 23:54,12183
NYKAA,2026-02-24,280.0,0.55,806250.0,468750.0,43.75,25000.0,3125.0,237.62,239.99,234.09,-1.128,2026-02-02 23:54,13801
NYKAA,2026-02-24,282.5,0.32,3125.0,0.0,0.0,0.0,0.0,237.62,239.99,234.09,-1.128,2026-02-02 23:54,15618
NYKAA,2026-02-24,290.0,0.16,18750.0,0.0,0.0,0.0,0.0,237.62,239.99,234.09,-1.128,2026-02-02 23:54,21269
NYKAA,2026-02-24,300.0,0.35,240625.0,81250.0,58.59,103125.0,0.0,237.62,239.99,234.09,-1.128,2026-02-02 23:54,28823
OBEROIRLTY,2026-02-24,1200.0,0.0,0.0,0.0,1.75,1050.0,0.0,1474.0,1480.0,1429.0,1.55,2026-02-02 23:54,34703
OBEROIRLTY,2026-02-24,1240.0,0.0,0.0,0.0,3.0,8050.0,0.0,1474.0,1480.0,1429.0,1.55,2026-02-02 23:54,27821
OBEROIRLTY,2026-02-24,1280.0,0.0,0.0,0.0,5.0,350.0,0.0,1474.0,1480.0,1429.0,1.55,2026-02-02 23:54,20970
OBEROIRLTY,2026-02-24,1300.0,0.0,0.0,0.0,3.35,58450.0,89250.0,1474.0,1480.0,1429.0,1.55,2026-02-02 23:54,17546
OBEROIRLTY,2026-02-24,1320.0,0.0,0.0,0.0,4.0,53900.0,38500.0,1474.0,1480.0,1429.0,1.55,2026-02-02 23:54,14220
OBEROIRLTY,2026-02-24,1340.0,0.0,0.0,0.0,5.35,376250.0,106750.0,1474.0,1480.0,1429.0,1.55,2026-02-02 23:54,10999
OBEROIRLTY,2026-02-24,1360.0,155.05,3150.0,0.0,6.95,198100.0,139650.0,1474.0,1480.0,1429.0,1.55,2026-02-02 23:54,8352
OBEROIRLTY,2026-02-24,1380.0,106.95,10500.0,33600.0,10.1,79800.0,119700.0,1474.0,1480.0,1429.0,1.55,2026-02-02 23:54,6219
OBEROIRLTY,2026-02-24,1400.0,94.0,70350.0,807450.0,13.65,174650.0,304150.0,1474.0,1480.0,1429.0,1.55,2026-02-02 23:54,4387
OBEROIRLTY,2026-02-24,1420.0,83.7,22400.0,137900.0,18.25,28350.0,111650.0,1474.0,1480.0,1429.0,1.55,2026-02-02 23:54,3436
OBEROIRLTY,2026-02-24,1440.0,67.8,91700.0,980000.0,24.2,149100.0,1388800.0,1474.0,1480.0,1429.0,1.55,2026-02-02 23:54,2300
OBEROIRLTY,2026-02-24,1460.0,56.75,157500.0,1995700.0,33.85,113400.0,1611750.0,1474.0,1480.0,1429.0,1.55,2026-02-02 23:54,1771
OBEROIRLTY,2026-02-24,1480.0,44.35,89950.0,957950.0,41.0,102200.0,713300.0,1474.0,1480.0,1429.0,1.55,2026-02-02 23:54,2032
OBEROIRLTY,2026-02-24,1500.0,35.3,277550.0,1114050.0,51.2,163100.0,630700.0,1474.0,1480.0,1429.0,1.55,2026-02-02 23:54,2148
OBEROIRLTY,2026-02-24,1520.0,26.65,86450.0,268450.0,63.8,45150.0,32900.0,1474.0,1480.0,1429.0,1.55,2026-02-02 23:54,3310
OBEROIRLTY,2026-02-24,1540.0,21.4,65450.0,210000.0,75.6,29050.0,67200.0,1474.0,1480.0,1429.0,1.55,2026-02-02 23:54,4532
OBEROIRLTY,2026-02-24,1560.0,16.2,32550.0,142800.0,90.35,2800.0,350.0,1474.0,1480.0,1429.0,1.55,2026-02-02 23:54,5922
OBEROIRLTY,2026-02-24,1580.0,12.25,22050.0,31850.0,105.75,0.0,350.0,1474.0,1480.0,1429.0,1.55,2026-02-02 23:54,7490
OBEROIRLTY,2026-02-24,1600.0,9.35,155750.0,263550.0,138.75,51800.0,3500.0,1474.0,1480.0,1429.0,1.55,2026-02-02 23:54,9101
OBEROIRLTY,2026-02-24,1620.0,9.05,350.0,0.0,0.0,0.0,0.0,1474.0,1480.0,1429.0,1.55,2026-02-02 23:54,10527
OBEROIRLTY,2026-02-24,1640.0,5.7,114800.0,94150.0,193.05,700.0,0.0,1474.0,1480.0,1429.0,1.55,2026-02-02 23:54,12527
OBEROIRLTY,2026-02-24,1660.0,4.15,22050.0,7700.0,207.5,12950.0,0.0,1474.0,1480.0,1429.0,1.55,2026-02-02 23:54,14810
OBEROIRLTY,2026-02-24,1680.0,4.0,7350.0,0.0,225.5,1400.0,0.0,1474.0,1480.0,1429.0,1.55,2026-02-02 23:54,16851
OBEROIRLTY,2026-02-24,1700.0,2.75,120050.0,31500.0,240.0,24500.0,1050.0,1474.0,1480.0,1429.0,1.55,2026-02-02 23:54,19141
OBEROIRLTY,2026-02-24,1720.0,0.0,0.0,0.0,0.0,0.0,0.0,1474.0,1480.0,1429.0,1.55,2026-02-02 23:54,21194
OBEROIRLTY,2026-02-24,1740.0,1.6,700.0,0.0,283.55,1400.0,0.0,1474.0,1480.0,1429.0,1.55,2026-02-02 23:54,23801
OBEROIRLTY,2026-02-24,1760.0,1.5,8750.0,0.0,274.2,1050.0,0.0,1474.0,1480.0,1429.0,1.55,2026-02-02 23:54,26373
OBEROIRLTY,2026-02-24,1780.0,0.0,0.0,0.0,322.65,1050.0,0.0,1474.0,1480.0,1429.0,1.55,2026-02-02 23:54,28977
OBEROIRLTY,2026-02-24,1800.0,0.0,0.0,0.0,342.5,11900.0,700.0,1474.0,1480.0,1429.0,1.55,2026-02-02 23:54,31576
OBEROIRLTY,2026-02-24,1820.0,0.0,0.0,0.0,373.95,350.0,350.0,1474.0,1480.0,1429.0,1.55,2026-02-02 23:54,33826
OBEROIRLTY,2026-02-24,1840.0,0.85,8050.0,700.0,321.9,1050.0,0.0,1474.0,1480.0,1429.0,1.55,2026-02-02 23:54,36471
OBEROIRLTY,2026-02-24,1860.0,0.0,0.0,0.0,401.7,1050.0,0.0,1474.0,1480.0,1429.0,1.55,2026-02-02 23:54,39114
OBEROIRLTY,2026-02-24,1880.0,0.5,5250.0,700.0,382.75,4550.0,0.0,1474.0,1480.0,1429.0,1.55,2026-02-02 23:54,41750
OBEROIRLTY,2026-02-24,1900.0,0.1,700.0,0.0,441.45,1050.0,0.0,1474.0,1480.0,1429.0,1.55,2026-02-02 23:54,44274
OBEROIRLTY,2026-02-24,1920.0,0.5,2450.0,1750.0,456.85,1050.0,0.0,1474.0,1480.0,1429.0,1.55,2026-02-02 23:54,46929
OBEROIRLTY,2026-02-24,1960.0,6.0,700.0,0.0,460.75,1750.0,0.0,1474.0,1480.0,1429.0,1.55,2026-02-02 23:54,52298
OBEROIRLTY,2026-02-24,2000.0,0.2,7700.0,0.0,541.3,19950.0,1400.0,1474.0,1480.0,1429.0,1.55,2026-02-02 23:54,57644
OFSS,2026-02-24,6400.0,1355.25,0.0,0.0,7.6,4950.0,0.0,7734.5,7850.5,7637.5,-0.258,2026-02-02 23:54,28476
OFSS,2026-02-24,6600.0,0.0,0.0,0.0,4.4,3375.0,0.0,7734.5,7850.5,7637.5,-0.258,2026-02-02 23:54,23659
OFSS,2026-02-24,6700.0,0.0,0.0,0.0,56.35,600.0,0.0,7734.5,7850.5,7637.5,-0.258,2026-02-02 23:54,21284
OFSS,2026-02-24,6800.0,960.5,450.0,225.0,24.2,1875.0,0.0,7734.5,7850.5,7637.5,-0.258,2026-02-02 23:54,18914
OFSS,2026-02-24,6900.0,1187.35,225.0,0.0,27.4,2025.0,375.0,7734.5,7850.5,7637.5,-0.258,2026-02-02 23:54,16609
OFSS,2026-02-24,7000.0,778.15,75.0,0.0,27.0,22350.0,2625.0,7734.5,7850.5,7637.5,-0.258,2026-02-02 23:54,14309
OFSS,2026-02-24,7100.0,988.7,0.0,0.0,45.8,4050.0,0.0,7734.5,7850.5,7637.5,-0.258,2026-02-02 23:54,12157
OFSS,2026-02-24,7200.0,598.05,300.0,0.0,43.8,13950.0,12975.0,7734.5,7850.5,7637.5,-0.258,2026-02-02 23:54,10082
OFSS,2026-02-24,7300.0,0.0,0.0,0.0,72.1,3975.0,0.0,7734.5,7850.5,7637.5,-0.258,2026-02-02 23:54,8125
OFSS,2026-02-24,7400.0,381.45,225.0,525.0,80.85,6000.0,1875.0,7734.5,7850.5,7637.5,-0.258,2026-02-02 23:54,6222
OFSS,2026-02-24,7500.0,344.0,1425.0,525.0,100.0,20400.0,5625.0,7734.5,7850.5,7637.5,-0.258,2026-02-02 23:54,4370
OFSS,2026-02-24,7600.0,301.4,2250.0,5925.0,134.0,6525.0,5025.0,7734.5,7850.5,7637.5,-0.258,2026-02-02 23:54,2621
OFSS,2026-02-24,7700.0,250.0,23925.0,57375.0,172.85,27900.0,60975.0,7734.5,7850.5,7637.5,-0.258,2026-02-02 23:54,1096
OFSS,2026-02-24,7800.0,194.85,42150.0,100800.0,228.85,28875.0,4650.0,7734.5,7850.5,7637.5,-0.258,2026-02-02 23:54,224
OFSS,2026-02-24,7900.0,152.65,13125.0,5775.0,290.0,9450.0,2400.0,7734.5,7850.5,7637.5,-0.258,2026-02-02 23:54,107
OFSS,2026-02-24,8000.0,120.5,89775.0,89925.0,340.8,48375.0,2550.0,7734.5,7850.5,7637.5,-0.258,2026-02-02 23:54,-18
OFSS,2026-02-24,8100.0,95.15,21525.0,7275.0,469.15,11625.0,0.0,7734.5,7850.5,7637.5,-0.258,2026-02-02 23:54,744
OFSS,2026-02-24,8200.0,74.05,30075.0,21150.0,496.85,6825.0,0.0,7734.5,7850.5,7637.5,-0.258,2026-02-02 23:54,2065
OFSS,2026-02-24,8300.0,56.85,9075.0,4125.0,610.0,2250.0,0.0,7734.5,7850.5,7637.5,-0.258,2026-02-02 23:54,3979
OFSS,2026-02-24,8400.0,45.0,14250.0,5550.0,524.9,1650.0,0.0,7734.5,7850.5,7637.5,-0.258,2026-02-02 23:54,6037
OFSS,2026-02-24,8500.0,36.95,47775.0,34200.0,666.8,4500.0,0.0,7734.5,7850.5,7637.5,-0.258,2026-02-02 23:54,8317
OFSS,2026-02-24,8600.0,32.0,6450.0,1425.0,648.0,1125.0,0.0,7734.5,7850.5,7637.5,-0.258,2026-02-02 23:54,11018
OFSS,2026-02-24,8700.0,29.05,4275.0,0.0,715.0,225.0,0.0,7734.5,7850.5,7637.5,-0.258,2026-02-02 23:54,13867
OFSS,2026-02-24,8800.0,18.4,5775.0,900.0,1106.1,6675.0,450.0,7734.5,7850.5,7637.5,-0.258,2026-02-02 23:54,16809
OFSS,2026-02-24,8900.0,25.7,1500.0,0.0,0.0,0.0,0.0,7734.5,7850.5,7637.5,-0.258,2026-02-02 23:54,19152
OFSS,2026-02-24,9000.0,15.05,24675.0,20850.0,1010.0,6000.0,0.0,7734.5,7850.5,7637.5,-0.258,2026-02-02 23:54,22242
OFSS,2026-02-24,9200.0,4.95,1350.0,0.0,1180.0,75.0,0.0,7734.5,7850.5,7637.5,-0.258,2026-02-02 23:54,28457
OFSS,2026-02-24,9600.0,7.0,1950.0,825.0,0.0,0.0,0.0,7734.5,7850.5,7637.5,-0.258,2026-02-02 23:54,42075
OIL,2026-02-24,350.0,0.0,0.0,0.0,0.6,56000.0,19600.0,483.3,491.35,475.25,-3.687,2026-02-02 23:54,48745
OIL,2026-02-24,360.0,0.0,0.0,0.0,0.4,40600.0,0.0,483.3,491.35,475.25,-3.687,2026-02-02 23:54,43726
OIL,2026-02-24,370.0,109.35,1400.0,1400.0,0.0,0.0,0.0,483.3,491.35,475.25,-3.687,2026-02-02 23:54,38748
OIL,2026-02-24,375.0,0.0,0.0,0.0,0.05,8400.0,0.0,483.3,491.35,475.25,-3.687,2026-02-02 23:54,36277
OIL,2026-02-24,380.0,0.0,0.0,0.0,0.95,39200.0,46200.0,483.3,491.35,475.25,-3.687,2026-02-02 23:54,33794
OIL,2026-02-24,385.0,0.0,0.0,0.0,0.1,11200.0,0.0,483.3,491.35,475.25,-3.687,2026-02-02 23:54,31327
OIL,2026-02-24,390.0,32.0,1400.0,0.0,1.25,44800.0,37800.0,483.3,491.35,475.25,-3.687,2026-02-02 23:54,28869
OIL,2026-02-24,400.0,113.0,12600.0,0.0,1.6,130200.0,382200.0,483.3,491.35,475.25,-3.687,2026-02-02 23:54,23998
OIL,2026-02-24,405.0,98.7,2800.0,0.0,0.85,39200.0,0.0,483.3,491.35,475.25,-3.687,2026-02-02 23:54,21757
OIL,2026-02-24,410.0,0.0,0.0,0.0,2.0,135800.0,1400.0,483.3,491.35,475.25,-3.687,2026-02-02 23:54,19439
OIL,2026-02-24,415.0,89.05,15400.0,0.0,0.7,43400.0,0.0,483.3,491.35,475.25,-3.687,2026-02-02 23:54,17137
OIL,2026-02-24,420.0,85.5,19600.0,0.0,2.95,186200.0,484400.0,483.3,491.35,475.25,-3.687,2026-02-02 23:54,15027
OIL,2026-02-24,425.0,0.0,0.0,0.0,3.5,70000.0,46200.0,483.3,491.35,475.25,-3.687,2026-02-02 23:54,12997
OIL,2026-02-24,430.0,49.6,67200.0,5600.0,4.1,180600.0,344400.0,483.3,491.35,475.25,-3.687,2026-02-02 23:54,10866
OIL,2026-02-24,435.0,70.4,23800.0,0.0,4.85,57400.0,79800.0,483.3,491.35,475.25,-3.687,2026-02-02 23:54,9142
OIL,2026-02-24,440.0,46.4,86800.0,15400.0,5.75,221200.0,522200.0,483.3,491.35,475.25,-3.687,2026-02-02 23:54,7339
OIL,2026-02-24,445.0,36.85,44800.0,5600.0,6.55,77000.0,74200.0,483.3,491.35,475.25,-3.687,2026-02-02 23:54,5826
OIL,2026-02-24,450.0,38.0,219800.0,56000.0,8.0,504000.0,2146200.0,483.3,491.35,475.25,-3.687,2026-02-02 23:54,4213
OIL,2026-02-24,455.0,60.15,1400.0,0.0,9.4,35000.0,91000.0,483.3,491.35,475.25,-3.687,2026-02-02 23:54,3280
OIL,2026-02-24,460.0,31.75,289800.0,40600.0,10.75,410200.0,775600.0,483.3,491.35,475.25,-3.687,2026-02-02 23:54,1908
OIL,2026-02-24,465.0,38.3,50400.0,0.0,12.15,124600.0,112000.0,483.3,491.35,475.25,-3.687,2026-02-02 23:54,1389
OIL,2026-02-24,470.0,25.6,169400.0,42000.0,14.55,250600.0,1349600.0,483.3,491.35,475.25,-3.687,2026-02-02 23:54,521
OIL,2026-02-24,475.0,21.75,337400.0,438200.0,16.4,253400.0,886200.0,483.3,491.35,475.25,-3.687,2026-02-02 23:54,-109
OIL,2026-02-24,480.0,19.0,289800.0,960400.0,19.55,420000.0,2191000.0,483.3,491.35,475.25,-3.687,2026-02-02 23:54,-195
OIL,2026-02-24,485.0,16.85,121800.0,364000.0,21.55,226800.0,565600.0,483.3,491.35,475.25,-3.687,2026-02-02 23:54,-515
OIL,2026-02-24,490.0,15.0,182000.0,478800.0,24.5,266000.0,460600.0,483.3,491.35,475.25,-3.687,2026-02-02 23:54,-674
OIL,2026-02-24,495.0,13.0,147000.0,236600.0,28.75,65800.0,61600.0,483.3,491.35,475.25,-3.687,2026-02-02 23:54,-705
OIL,2026-02-24,500.0,11.5,702800.0,1443400.0,30.75,546000.0,694400.0,483.3,491.35,475.25,-3.687,2026-02-02 23:54,-248
OIL,2026-02-24,505.0,10.7,200200.0,217000.0,34.25,60200.0,53200.0,483.3,491.35,475.25,-3.687,2026-02-02 23:54,-39
OIL,2026-02-24,510.0,9.3,551600.0,925400.0,37.85,226800.0,51800.0,483.3,491.35,475.25,-3.687,2026-02-02 23:54,1178
OIL,2026-02-24,515.0,8.0,415800.0,354200.0,44.4,155400.0,11200.0,483.3,491.35,475.25,-3.687,2026-02-02 23:54,2431
OIL,2026-02-24,520.0,7.25,945000.0,1556800.0,49.0,84000.0,19600.0,483.3,491.35,475.25,-3.687,2026-02-02 23:54,3958
OIL,2026-02-24,525.0,6.0,207200.0,338800.0,55.45,57400.0,5600.0,483.3,491.35,475.25,-3.687,2026-02-02 23:54,6631
OIL,2026-02-24,530.0,5.25,316400.0,582400.0,59.75,32200.0,18200.0,483.3,491.35,475.25,-3.687,2026-02-02 23:54,8968
OIL,2026-02-24,535.0,4.65,357000.0,112000.0,41.85,7000.0,0.0,483.3,491.35,475.25,-3.687,2026-02-02 23:54,11647
OIL,2026-02-24,540.0,4.0,254800.0,400400.0,0.0,0.0,0.0,483.3,491.35,475.25,-3.687,2026-02-02 23:54,14671
OIL,2026-02-24,545.0,0.0,0.0,0.0,0.0,0.0,0.0,483.3,491.35,475.25,-3.687,2026-02-02 23:54,17788
OIL,2026-02-24,550.0,3.2,543200.0,560000.0,61.2,2800.0,0.0,483.3,491.35,475.25,-3.687,2026-02-02 23:54,20803
OIL,2026-02-24,555.0,5.2,58800.0,0.0,0.0,0.0,0.0,483.3,491.35,475.25,-3.687,2026-02-02 23:54,24248
OIL,2026-02-24,560.0,2.5,396200.0,417200.0,0.0,0.0,0.0,483.3,491.35,475.25,-3.687,2026-02-02 23:54,27595
OIL,2026-02-24,565.0,5.0,7000.0,0.0,0.0,0.0,0.0,483.3,491.35,475.25,-3.687,2026-02-02 23:54,31210
OIL,2026-02-24,570.0,1.95,131600.0,64400.0,0.0,0.0,0.0,483.3,491.35,475.25,-3.687,2026-02-02 23:54,34732
OIL,2026-02-24,575.0,1.8,74200.0,1400.0,0.0,0.0,0.0,483.3,491.35,475.25,-3.687,2026-02-02 23:54,38343
OIL,2026-02-24,580.0,1.55,168000.0,282800.0,106.0,2800.0,2800.0,483.3,491.35,475.25,-3.687,2026-02-02 23:54,41978
OIL,2026-02-24,585.0,1.45,89600.0,112000.0,0.0,0.0,0.0,483.3,491.35,475.25,-3.687,2026-02-02 23:54,45681
ONGC,2026-02-24,200.0,0.0,0.0,0.0,0.2,209250.0,112500.0,253.95,257.0,247.6,-0.138,2026-02-02 23:54,119401
ONGC,2026-02-24,208.0,47.15,2250.0,0.0,0.0,0.0,0.0,253.95,257.0,247.6,-0.138,2026-02-02 23:54,95909
ONGC,2026-02-24,210.0,45.15,6750.0,0.0,0.3,396000.0,184500.0,253.95,257.0,247.6,-0.138,2026-02-02 23:54,90048
ONGC,2026-02-24,212.0,0.0,0.0,0.0,0.3,139500.0,112500.0,253.95,257.0,247.6,-0.138,2026-02-02 23:54,84275
ONGC,2026-02-24,214.0,0.0,0.0,0.0,0.35,258750.0,155250.0,253.95,257.0,247.6,-0.138,2026-02-02 23:54,78508
ONGC,2026-02-24,216.0,0.0,0.0,0.0,0.4,162000.0,184500.0,253.95,257.0,247.6,-0.138,2026-02-02 23:54,72788
ONGC,2026-02-24,218.0,0.0,0.0,0.0,0.0,0.0,0.0,253.95,257.0,247.6,-0.138,2026-02-02 23:54,67102
ONGC,2026-02-24,219.0,0.0,0.0,0.0,0.5,146250.0,2250.0,253.95,257.0,247.6,-0.138,2026-02-02 23:54,64263
ONGC,2026-02-24,220.0,36.25,24750.0,2250.0,0.5,922500.0,758250.0,253.95,257.0,247.6,-0.138,2026-02-02 23:54,61430
ONGC,2026-02-24,221.0,0.0,0.0,0.0,0.5,146250.0,162000.0,253.95,257.0,247.6,-0.138,2026-02-02 23:54,58744
ONGC,2026-02-24,222.0,0.0,0.0,0.0,0.55,78750.0,38250.0,253.95,257.0,247.6,-0.138,2026-02-02 23:54,56021
ONGC,2026-02-24,223.0,0.0,0.0,0.0,0.6,92250.0,2250.0,253.95,257.0,247.6,-0.138,2026-02-02 23:54,53309
ONGC,2026-02-24,224.0,0.0,0.0,0.0,0.6,13500.0,2250.0,253.95,257.0,247.6,-0.138,2026-02-02 23:54,50605
ONGC,2026-02-24,225.0,24.5,6750.0,0.0,0.65,594000.0,870750.0,253.95,257.0,247.6,-0.138,2026-02-02 23:54,47907
ONGC,2026-02-24,226.0,0.0,0.0,0.0,0.6,128250.0,0.0,253.95,257.0,247.6,-0.138,2026-02-02 23:54,45248
ONGC,2026-02-24,227.0,25.0,6750.0,6750.0,0.75,258750.0,416250.0,253.95,257.0,247.6,-0.138,2026-02-02 23:54,42616
ONGC,2026-02-24,228.0,0.0,0.0,0.0,0.5,92250.0,0.0,253.95,257.0,247.6,-0.138,2026-02-02 23:54,40016
ONGC,2026-02-24,229.0,0.0,0.0,0.0,0.85,204750.0,216000.0,253.95,257.0,247.6,-0.138,2026-02-02 23:54,37423
ONGC,2026-02-24,230.0,24.85,204750.0,24750.0,0.95,2907000.0,1764000.0,253.95,257.0,247.6,-0.138,2026-02-02 23:54,34838
ONGC,2026-02-24,231.0,0.0,0.0,0.0,1.05,40500.0,0.0,253.95,257.0,247.6,-0.138,2026-02-02 23:54,32814
ONGC,2026-02-24,232.0,0.0,0.0,0.0,1.0,335250.0,474750.0,253.95,257.0,247.6,-0.138,2026-02-02 23:54,30557
ONGC,2026-02-24,233.0,23.5,2250.0,0.0,1.1,252000.0,328500.0,253.95,257.0,247.6,-0.138,2026-02-02 23:54,28304
ONGC,2026-02-24,234.0,0.0,0.0,0.0,0.7,22500.0,0.0,253.95,257.0,247.6,-0.138,2026-02-02 23:54,26088
ONGC,2026-02-24,235.0,18.2,123750.0,0.0,1.25,1242000.0,1712250.0,253.95,257.0,247.6,-0.138,2026-02-02 23:54,23895
ONGC,2026-02-24,236.0,0.0,0.0,0.0,1.35,177750.0,249750.0,253.95,257.0,247.6,-0.138,2026-02-02 23:54,21910
ONGC,2026-02-24,237.0,0.0,0.0,0.0,2.0,83250.0,0.0,253.95,257.0,247.6,-0.138,2026-02-02 23:54,19849
ONGC,2026-02-24,238.0,21.85,24750.0,0.0,1.45,114750.0,182250.0,253.95,257.0,247.6,-0.138,2026-02-02 23:54,17803
ONGC,2026-02-24,239.0,18.6,2250.0,0.0,1.7,96750.0,180000.0,253.95,257.0,247.6,-0.138,2026-02-02 23:54,15826
ONGC,2026-02-24,240.0,15.65,414000.0,258750.0,1.8,1071000.0,2742750.0,253.95,257.0,247.6,-0.138,2026-02-02 23:54,13808
ONGC,2026-02-24,241.0,12.65,54000.0,2250.0,1.95,119250.0,207000.0,253.95,257.0,247.6,-0.138,2026-02-02 23:54,12407
ONGC,2026-02-24,242.0,13.5,65250.0,33750.0,2.2,96750.0,94500.0,253.95,257.0,247.6,-0.138,2026-02-02 23:54,10613
ONGC,2026-02-24,243.0,12.9,108000.0,101250.0,2.35,157500.0,326250.0,253.95,257.0,247.6,-0.138,2026-02-02 23:54,8857
ONGC,2026-02-24,244.0,11.75,74250.0,108000.0,2.45,238500.0,337500.0,253.95,257.0,247.6,-0.138,2026-02-02 23:54,7163
ONGC,2026-02-24,245.0,11.25,450000.0,672750.0,2.7,823500.0,2621250.0,253.95,257.0,247.6,-0.138,2026-02-02 23:54,5426
ONGC,2026-02-24,246.0,10.9,155250.0,114750.0,2.95,283500.0,627750.0,253.95,257.0,247.6,-0.138,2026-02-02 23:54,4073
ONGC,2026-02-24,247.0,9.85,81000.0,141750.0,3.05,357750.0,920250.0,253.95,257.0,247.6,-0.138,2026-02-02 23:54,2564
ONGC,2026-02-24,248.0,9.25,209250.0,357750.0,3.45,247500.0,612000.0,253.95,257.0,247.6,-0.138,2026-02-02 23:54,985
ONGC,2026-02-24,249.0,8.6,135000.0,389250.0,3.8,162000.0,659250.0,253.95,257.0,247.6,-0.138,2026-02-02 23:54,-410
ONGC,2026-02-24,250.0,8.0,2650500.0,5987250.0,4.1,2484000.0,6810750.0,253.95,257.0,247.6,-0.138,2026-02-02 23:54,-1830
ONGC,2026-02-24,251.0,7.4,231750.0,621000.0,4.35,270000.0,1203750.0,253.95,257.0,247.6,-0.138,2026-02-02 23:54,-1690
ONGC,2026-02-24,252.0,6.8,1113750.0,3271500.0,4.75,544500.0,1482750.0,253.95,257.0,247.6,-0.138,2026-02-02 23:54,-2547
ONGC,2026-02-24,253.0,6.25,1203750.0,3838500.0,5.2,690750.0,1257750.0,253.95,257.0,247.6,-0.138,2026-02-02 23:54,-2793
ONGC,2026-02-24,254.0,5.9,1050750.0,1865250.0,5.7,490500.0,895500.0,253.95,257.0,247.6,-0.138,2026-02-02 23:54,-2956
ONGC,2026-02-24,255.0,5.25,10037250.0,14496750.0,6.2,1809000.0,3366000.0,253.95,257.0,247.6,-0.138,2026-02-02 23:54,-3017
ONGC,2026-02-24,256.0,4.95,456750.0,911250.0,6.7,229500.0,121500.0,253.95,257.0,247.6,-0.138,2026-02-02 23:54,1913
ONGC,2026-02-24,257.0,4.5,1813500.0,3107250.0,7.3,580500.0,823500.0,253.95,257.0,247.6,-0.138,2026-02-02 23:54,2837
ONGC,2026-02-24,258.0,4.1,348750.0,848250.0,8.2,560250.0,850500.0,253.95,257.0,247.6,-0.138,2026-02-02 23:54,4320
ONGC,2026-02-24,259.0,3.7,463500.0,641250.0,8.7,229500.0,247500.0,253.95,257.0,247.6,-0.138,2026-02-02 23:54,5186
ONGC,2026-02-24,260.0,3.4,6624000.0,11664000.0,9.25,2202750.0,1494000.0,253.95,257.0,247.6,-0.138,2026-02-02 23:54,6409
ONGC,2026-02-24,261.0,2.8,310500.0,517500.0,11.9,186750.0,87750.0,253.95,257.0,247.6,-0.138,2026-02-02 23:54,8757
ONGC,2026-02-24,262.0,2.85,2380500.0,1566000.0,11.0,225000.0,128250.0,253.95,257.0,247.6,-0.138,2026-02-02 23:54,10806
ONGC,2026-02-24,263.0,2.6,281250.0,402750.0,12.8,135000.0,51750.0,253.95,257.0,247.6,-0.138,2026-02-02 23:54,13681
ONGC,2026-02-24,264.0,2.25,643500.0,598500.0,12.4,209250.0,45000.0,253.95,257.0,247.6,-0.138,2026-02-02 23:54,16067
ONGC,2026-02-24,265.0,2.35,2976750.0,3267000.0,13.55,481500.0,238500.0,253.95,257.0,247.6,-0.138,2026-02-02 23:54,18523
ONGC,2026-02-24,266.0,2.25,483750.0,2601000.0,14.75,445500.0,162000.0,253.95,257.0,247.6,-0.138,2026-02-02 23:54,21487
ONGC,2026-02-24,267.0,1.95,528750.0,1532250.0,15.05,297000.0,78750.0,253.95,257.0,247.6,-0.138,2026-02-02 23:54,23949
ONGC,2026-02-24,268.0,1.85,621000.0,1656000.0,15.85,290250.0,175500.0,253.95,257.0,247.6,-0.138,2026-02-02 23:54,26697
ONGC,2026-02-24,269.0,1.8,661500.0,1811250.0,17.4,301500.0,51750.0,253.95,257.0,247.6,-0.138,2026-02-02 23:54,29536
ONGC,2026-02-24,270.0,1.75,8660250.0,7528500.0,17.6,2067750.0,184500.0,253.95,257.0,247.6,-0.138,2026-02-02 23:54,32410
ONGC,2026-02-24,271.0,1.7,690750.0,1262250.0,19.55,153000.0,0.0,253.95,257.0,247.6,-0.138,2026-02-02 23:54,34639
ONGC,2026-02-24,272.0,1.5,875250.0,1575000.0,20.85,382500.0,13500.0,253.95,257.0,247.6,-0.138,2026-02-02 23:54,38894
ONGC,2026-02-24,273.0,1.45,1147500.0,1431000.0,20.4,209250.0,2250.0,253.95,257.0,247.6,-0.138,2026-02-02 23:54,42791
ONGC,2026-02-24,274.0,1.4,3093750.0,3723750.0,22.25,369000.0,0.0,253.95,257.0,247.6,-0.138,2026-02-02 23:54,47229
ONGC,2026-02-24,275.0,1.35,6185250.0,3901500.0,23.85,378000.0,51750.0,253.95,257.0,247.6,-0.138,2026-02-02 23:54,51886
ONGC,2026-02-24,276.0,1.25,1122750.0,1100250.0,24.25,45000.0,0.0,253.95,257.0,247.6,-0.138,2026-02-02 23:54,57520
ONGC,2026-02-24,277.0,1.15,204750.0,306000.0,12.4,24750.0,0.0,253.95,257.0,247.6,-0.138,2026-02-02 23:54,63369
ONGC,2026-02-24,278.0,1.1,522000.0,713250.0,24.3,47250.0,0.0,253.95,257.0,247.6,-0.138,2026-02-02 23:54,69203
ONGC,2026-02-24,279.0,0.95,103500.0,146250.0,14.95,22500.0,0.0,253.95,257.0,247.6,-0.138,2026-02-02 23:54,75043
ONGC,2026-02-24,280.0,1.05,8813250.0,7915500.0,27.05,303750.0,67500.0,253.95,257.0,247.6,-0.138,2026-02-02 23:54,80930
ONGC,2026-02-24,281.0,0.9,1287000.0,157500.0,13.25,56250.0,0.0,253.95,257.0,247.6,-0.138,2026-02-02 23:54,87855
ONGC,2026-02-24,282.0,0.85,1422000.0,490500.0,27.8,2250.0,0.0,253.95,257.0,247.6,-0.138,2026-02-02 23:54,94853
ONGC,2026-02-24,283.0,0.85,177750.0,335250.0,17.11,76500.0,0.0,253.95,257.0,247.6,-0.138,2026-02-02 23:54,102066
ONGC,2026-02-24,284.0,0.8,270000.0,261000.0,29.65,9000.0,0.0,253.95,257.0,247.6,-0.138,2026-02-02 23:54,109075
ONGC,2026-02-24,285.0,0.8,461250.0,663750.0,0.0,0.0,0.0,253.95,257.0,247.6,-0.138,2026-02-02 23:54,116222
ONGC,2026-02-24,286.0,0.65,72000.0,72000.0,0.0,0.0,0.0,253.95,257.0,247.6,-0.138,2026-02-02 23:54,123457
ONGC,2026-02-24,287.0,0.7,101250.0,56250.0,0.0,0.0,0.0,253.95,257.0,247.6,-0.138,2026-02-02 23:54,130667
ONGC,2026-02-24,288.0,0.7,276750.0,238500.0,0.0,0.0,0.0,253.95,257.0,247.6,-0.138,2026-02-02 23:54,137890
ONGC,2026-02-24,290.0,0.65,2853000.0,4223250.0,35.85,67500.0,0.0,253.95,257.0,247.6,-0.138,2026-02-02 23:54,152395
ONGC,2026-02-24,292.0,0.6,477000.0,578250.0,0.0,0.0,0.0,253.95,257.0,247.6,-0.138,2026-02-02 23:54,167409
ONGC,2026-02-24,294.0,0.5,173250.0,168750.0,0.0,0.0,0.0,253.95,257.0,247.6,-0.138,2026-02-02 23:54,182604
ONGC,2026-02-24,296.0,0.5,1534500.0,605250.0,0.0,0.0,0.0,253.95,257.0,247.6,-0.138,2026-02-02 23:54,197813
ONGC,2026-02-24,298.0,0.4,177750.0,189000.0,0.0,0.0,0.0,253.95,257.0,247.6,-0.138,2026-02-02 23:54,213397
ONGC,2026-02-24,300.0,0.45,1689750.0,2153250.0,47.35,20250.0,6750.0,253.95,257.0,247.6,-0.138,2026-02-02 23:54,228947
PAGEIND,2026-02-24,28000.0,4857.3,345.0,0.0,82.0,2130.0,90.0,32765.0,33000.0,32400.0,0.061,2026-02-02 23:54,11745
PAGEIND,2026-02-24,29000.0,3882.6,30.0,0.0,126.0,2505.0,1470.0,32765.0,33000.0,32400.0,0.061,2026-02-02 23:54,9031
PAGEIND,2026-02-24,29500.0,0.0,0.0,0.0,0.0,0.0,0.0,32765.0,33000.0,32400.0,0.061,2026-02-02 23:54,7707
PAGEIND,2026-02-24,30000.0,0.0,0.0,0.0,179.75,3750.0,1305.0,32765.0,33000.0,32400.0,0.061,2026-02-02 23:54,6402
PAGEIND,2026-02-24,30500.0,0.0,0.0,0.0,0.0,0.0,0.0,32765.0,33000.0,32400.0,0.061,2026-02-02 23:54,5217
PAGEIND,2026-02-24,31000.0,1599.95,150.0,150.0,321.9,2985.0,1425.0,32765.0,33000.0,32400.0,0.061,2026-02-02 23:54,4099
PAGEIND,2026-02-24,31500.0,1722.3,135.0,0.0,358.65,600.0,0.0,32765.0,33000.0,32400.0,0.061,2026-02-02 23:54,3066
PAGEIND,2026-02-24,32000.0,1220.0,2430.0,4050.0,590.6,3555.0,1320.0,32765.0,33000.0,32400.0,0.061,2026-02-02 23:54,2144
PAGEIND,2026-02-24,32500.0,1063.55,2100.0,2040.0,942.25,2730.0,1500.0,32765.0,33000.0,32400.0,0.061,2026-02-02 23:54,1606
PAGEIND,2026-02-24,33000.0,845.15,7425.0,10800.0,1029.95,3570.0,945.0,32765.0,33000.0,32400.0,0.061,2026-02-02 23:54,1189
PAGEIND,2026-02-24,33500.0,629.95,1320.0,390.0,1817.25,90.0,90.0,32765.0,33000.0,32400.0,0.061,2026-02-02 23:54,1615
PAGEIND,2026-02-24,34000.0,463.55,12375.0,12015.0,2168.75,3015.0,225.0,32765.0,33000.0,32400.0,0.061,2026-02-02 23:54,1919
PAGEIND,2026-02-24,34500.0,240.0,510.0,60.0,1950.55,75.0,0.0,32765.0,33000.0,32400.0,0.061,2026-02-02 23:54,2845
PAGEIND,2026-02-24,35000.0,259.8,7050.0,8235.0,2446.9,1800.0,135.0,32765.0,33000.0,32400.0,0.061,2026-02-02 23:54,3878
PAGEIND,2026-02-24,35500.0,150.0,540.0,105.0,2774.65,60.0,0.0,32765.0,33000.0,32400.0,0.061,2026-02-02 23:54,5099
PAGEIND,2026-02-24,36000.0,144.65,5430.0,4980.0,4043.65,1215.0,60.0,32765.0,33000.0,32400.0,0.061,2026-02-02 23:54,6599
PAGEIND,2026-02-24,36500.0,125.0,450.0,0.0,0.0,0.0,0.0,32765.0,33000.0,32400.0,0.061,2026-02-02 23:54,8027
PAGEIND,2026-02-24,37000.0,82.0,1275.0,45.0,4156.65,285.0,0.0,32765.0,33000.0,32400.0,0.061,2026-02-02 23:54,9895
PAGEIND,2026-02-24,37500.0,25.15,90.0,0.0,4638.85,30.0,0.0,32765.0,33000.0,32400.0,0.061,2026-02-02 23:54,11728
PAGEIND,2026-02-24,38000.0,15.05,375.0,0.0,5126.9,390.0,0.0,32765.0,33000.0,32400.0,0.061,2026-02-02 23:54,13662
PAGEIND,2026-02-24,38500.0,28.8,270.0,75.0,5618.75,150.0,0.0,32765.0,33000.0,32400.0,0.061,2026-02-02 23:54,15448
PAGEIND,2026-02-24,39000.0,33.75,1710.0,375.0,6200.0,1335.0,90.0,32765.0,33000.0,32400.0,0.061,2026-02-02 23:54,17370
PAGEIND,2026-02-24,39500.0,20.0,420.0,1005.0,0.0,0.0,0.0,32765.0,33000.0,32400.0,0.061,2026-02-02 23:54,18707
PAGEIND,2026-02-24,40000.0,21.0,1305.0,270.0,7942.45,330.0,30.0,32765.0,33000.0,32400.0,0.061,2026-02-02 23:54,20887
PAGEIND,2026-02-24,41000.0,16.0,480.0,405.0,8101.0,510.0,0.0,32765.0,33000.0,32400.0,0.061,2026-02-02 23:54,25150
PATANJALI,2026-02-24,420.0,73.55,2700.0,0.0,2.3,33300.0,31500.0,496.1,499.25,480.0,0.071,2026-02-02 23:54,15172
PATANJALI,2026-02-24,430.0,0.0,0.0,0.0,2.8,7200.0,20700.0,496.1,499.25,480.0,0.071,2026-02-02 23:54,13119
PATANJALI,2026-02-24,440.0,0.0,0.0,0.0,3.9,8100.0,8100.0,496.1,499.25,480.0,0.071,2026-02-02 23:54,11059
PATANJALI,2026-02-24,445.0,0.0,0.0,0.0,0.0,0.0,0.0,496.1,499.25,480.0,0.071,2026-02-02 23:54,10031
PATANJALI,2026-02-24,450.0,45.85,15300.0,22500.0,4.5,77400.0,219600.0,496.1,499.25,480.0,0.071,2026-02-02 23:54,9005
PATANJALI,2026-02-24,455.0,0.0,0.0,0.0,0.0,0.0,0.0,496.1,499.25,480.0,0.071,2026-02-02 23:54,8062
PATANJALI,2026-02-24,460.0,40.45,8100.0,18900.0,5.85,42300.0,130500.0,496.1,499.25,480.0,0.071,2026-02-02 23:54,7083
PATANJALI,2026-02-24,465.0,0.0,0.0,0.0,0.0,0.0,0.0,496.1,499.25,480.0,0.071,2026-02-02 23:54,6138
PATANJALI,2026-02-24,470.0,32.45,13500.0,36000.0,8.0,60300.0,81900.0,496.1,499.25,480.0,0.071,2026-02-02 23:54,5184
PATANJALI,2026-02-24,475.0,29.75,22500.0,8100.0,9.45,61200.0,44100.0,496.1,499.25,480.0,0.071,2026-02-02 23:54,4263
PATANJALI,2026-02-24,480.0,26.6,35100.0,111600.0,11.05,572400.0,334800.0,496.1,499.25,480.0,0.071,2026-02-02 23:54,3397
PATANJALI,2026-02-24,485.0,22.85,27000.0,126000.0,12.75,31500.0,107100.0,496.1,499.25,480.0,0.071,2026-02-02 23:54,2287
PATANJALI,2026-02-24,490.0,20.4,55800.0,292500.0,14.7,54000.0,221400.0,496.1,499.25,480.0,0.071,2026-02-02 23:54,1767
PATANJALI,2026-02-24,495.0,18.0,167400.0,568800.0,17.0,100800.0,247500.0,496.1,499.25,480.0,0.071,2026-02-02 23:54,1314
PATANJALI,2026-02-24,500.0,15.0,213300.0,828900.0,19.45,441900.0,275400.0,496.1,499.25,480.0,0.071,2026-02-02 23:54,1092
PATANJALI,2026-02-24,505.0,13.3,86400.0,93600.0,22.2,58500.0,35100.0,496.1,499.25,480.0,0.071,2026-02-02 23:54,527
PATANJALI,2026-02-24,510.0,11.2,173700.0,216000.0,25.45,153000.0,51300.0,496.1,499.25,480.0,0.071,2026-02-02 23:54,559
PATANJALI,2026-02-24,515.0,9.45,33300.0,78300.0,28.8,14400.0,45000.0,496.1,499.25,480.0,0.071,2026-02-02 23:54,575
PATANJALI,2026-02-24,520.0,8.05,261900.0,525600.0,31.85,72000.0,36900.0,496.1,499.25,480.0,0.071,2026-02-02 23:54,799
PATANJALI,2026-02-24,525.0,8.7,11700.0,0.0,35.85,13500.0,9900.0,496.1,499.25,480.0,0.071,2026-02-02 23:54,1182
PATANJALI,2026-02-24,530.0,5.5,54000.0,59400.0,35.0,13500.0,0.0,496.1,499.25,480.0,0.071,2026-02-02 23:54,1558
PATANJALI,2026-02-24,535.0,4.6,13500.0,24300.0,43.8,8100.0,9000.0,496.1,499.25,480.0,0.071,2026-02-02 23:54,1988
PATANJALI,2026-02-24,540.0,4.1,64800.0,108900.0,42.3,20700.0,0.0,496.1,499.25,480.0,0.071,2026-02-02 23:54,2418
PATANJALI,2026-02-24,545.0,0.0,0.0,0.0,50.05,7200.0,0.0,496.1,499.25,480.0,0.071,2026-02-02 23:54,2858
PATANJALI,2026-02-24,550.0,2.85,145800.0,223200.0,62.1,72000.0,0.0,496.1,499.25,480.0,0.071,2026-02-02 23:54,3327
PATANJALI,2026-02-24,555.0,1.6,18000.0,1800.0,73.75,6300.0,5400.0,496.1,499.25,480.0,0.071,2026-02-02 23:54,3535
PATANJALI,2026-02-24,560.0,2.15,28800.0,30600.0,75.9,36900.0,9900.0,496.1,499.25,480.0,0.071,2026-02-02 23:54,4117
PATANJALI,2026-02-24,565.0,0.0,0.0,0.0,68.25,9000.0,0.0,496.1,499.25,480.0,0.071,2026-02-02 23:54,4502
PATANJALI,2026-02-24,570.0,1.05,2700.0,900.0,82.55,10800.0,900.0,496.1,499.25,480.0,0.071,2026-02-02 23:54,5104
PATANJALI,2026-02-24,580.0,2.0,2700.0,0.0,78.05,5400.0,0.0,496.1,499.25,480.0,0.071,2026-02-02 23:54,6355
PATANJALI,2026-02-24,585.0,0.0,0.0,0.0,87.45,3600.0,0.0,496.1,499.25,480.0,0.071,2026-02-02 23:54,6988
PATANJALI,2026-02-24,590.0,1.0,36900.0,0.0,46.5,3600.0,0.0,496.1,499.25,480.0,0.071,2026-02-02 23:54,7632
PATANJALI,2026-02-24,595.0,0.8,63900.0,1800.0,0.0,0.0,0.0,496.1,499.25,480.0,0.071,2026-02-02 23:54,8315
PATANJALI,2026-02-24,600.0,0.85,28800.0,7200.0,112.05,43200.0,14400.0,496.1,499.25,480.0,0.071,2026-02-02 23:54,9049
PATANJALI,2026-02-24,610.0,0.85,6300.0,0.0,100.35,6300.0,0.0,496.1,499.25,480.0,0.071,2026-02-02 23:54,10095
PATANJALI,2026-02-24,615.0,1.95,14400.0,0.0,0.0,0.0,0.0,496.1,499.25,480.0,0.071,2026-02-02 23:54,10803
PATANJALI,2026-02-24,620.0,0.0,0.0,0.0,108.5,8100.0,0.0,496.1,499.25,480.0,0.071,2026-02-02 23:54,11583
PATANJALI,2026-02-24,630.0,0.0,0.0,0.0,54.0,4500.0,0.0,496.1,499.25,480.0,0.071,2026-02-02 23:54,13059
PATANJALI,2026-02-24,660.0,0.0,0.0,0.0,159.7,40500.0,0.0,496.1,499.25,480.0,0.071,2026-02-02 23:54,17738
PAYTM,2026-02-24,920.0,232.6,725.0,0.0,2.1,127600.0,99325.0,1171.4,1185.0,1147.7,1.087,2026-02-02 23:54,88097
PAYTM,2026-02-24,940.0,0.0,0.0,0.0,2.95,10875.0,13050.0,1171.4,1185.0,1147.7,1.087,2026-02-02 23:54,77571
PAYTM,2026-02-24,960.0,215.05,2175.0,0.0,2.8,87000.0,50750.0,1171.4,1185.0,1147.7,1.087,2026-02-02 23:54,67072
PAYTM,2026-02-24,980.0,0.0,0.0,0.0,3.4,74675.0,65975.0,1171.4,1185.0,1147.7,1.087,2026-02-02 23:54,56778
PAYTM,2026-02-24,1000.0,180.0,21750.0,6525.0,4.15,360325.0,855500.0,1171.4,1185.0,1147.7,1.087,2026-02-02 23:54,46585
PAYTM,2026-02-24,1020.0,0.0,0.0,0.0,5.1,579275.0,440075.0,1171.4,1185.0,1147.7,1.087,2026-02-02 23:54,37424
PAYTM,2026-02-24,1040.0,142.05,13775.0,6525.0,6.45,300150.0,392225.0,1171.4,1185.0,1147.7,1.087,2026-02-02 23:54,28884
PAYTM,2026-02-24,1060.0,115.0,31900.0,3625.0,8.25,172550.0,435725.0,1171.4,1185.0,1147.7,1.087,2026-02-02 23:54,21269
PAYTM,2026-02-24,1080.0,88.9,24650.0,0.0,10.9,250850.0,398025.0,1171.4,1185.0,1147.7,1.087,2026-02-02 23:54,14286
PAYTM,2026-02-24,1100.0,93.55,144275.0,50750.0,14.35,833025.0,1398525.0,1171.4,1185.0,1147.7,1.087,2026-02-02 23:54,7574
PAYTM,2026-02-24,1120.0,78.4,189950.0,76850.0,18.7,253025.0,436450.0,1171.4,1185.0,1147.7,1.087,2026-02-02 23:54,3026
PAYTM,2026-02-24,1140.0,61.95,389325.0,585800.0,25.1,457475.0,778650.0,1171.4,1185.0,1147.7,1.087,2026-02-02 23:54,226
PAYTM,2026-02-24,1160.0,49.5,432825.0,991800.0,32.65,369025.0,842450.0,1171.4,1185.0,1147.7,1.087,2026-02-02 23:54,-632
PAYTM,2026-02-24,1180.0,39.9,404550.0,1455800.0,41.85,185600.0,353800.0,1171.4,1185.0,1147.7,1.087,2026-02-02 23:54,-214
PAYTM,2026-02-24,1200.0,30.4,1898775.0,2933350.0,54.35,464725.0,210250.0,1171.4,1185.0,1147.7,1.087,2026-02-02 23:54,1284
PAYTM,2026-02-24,1220.0,24.05,329150.0,809825.0,78.85,62350.0,10150.0,1171.4,1185.0,1147.7,1.087,2026-02-02 23:54,9919
PAYTM,2026-02-24,1240.0,18.3,427750.0,1239025.0,78.75,44225.0,5800.0,1171.4,1185.0,1147.7,1.087,2026-02-02 23:54,16390
PAYTM,2026-02-24,1260.0,14.15,502425.0,577100.0,95.25,206625.0,25375.0,1171.4,1185.0,1147.7,1.087,2026-02-02 23:54,23939
PAYTM,2026-02-24,1280.0,10.65,290000.0,460375.0,125.0,42775.0,15950.0,1171.4,1185.0,1147.7,1.087,2026-02-02 23:54,31215
PAYTM,2026-02-24,1300.0,8.1,1537000.0,1769000.0,132.0,249400.0,18125.0,1171.4,1185.0,1147.7,1.087,2026-02-02 23:54,40188
PAYTM,2026-02-24,1320.0,6.65,325525.0,470525.0,143.25,22475.0,0.0,1171.4,1185.0,1147.7,1.087,2026-02-02 23:54,50913
PAYTM,2026-02-24,1340.0,5.25,611175.0,402375.0,179.45,184150.0,2900.0,1171.4,1185.0,1147.7,1.087,2026-02-02 23:54,64275
PAYTM,2026-02-24,1360.0,4.25,266075.0,223300.0,185.55,5800.0,0.0,1171.4,1185.0,1147.7,1.087,2026-02-02 23:54,76350
PAYTM,2026-02-24,1380.0,3.4,114550.0,83375.0,0.0,0.0,0.0,1171.4,1185.0,1147.7,1.087,2026-02-02 23:54,91957
PAYTM,2026-02-24,1400.0,2.85,583625.0,398025.0,265.95,17400.0,0.0,1171.4,1185.0,1147.7,1.087,2026-02-02 23:54,107827
PAYTM,2026-02-24,1420.0,2.0,66700.0,56550.0,0.0,0.0,0.0,1171.4,1185.0,1147.7,1.087,2026-02-02 23:54,124564
PAYTM,2026-02-24,1440.0,1.95,84825.0,33350.0,0.0,0.0,0.0,1171.4,1185.0,1147.7,1.087,2026-02-02 23:54,141744
PAYTM,2026-02-24,1460.0,1.65,77575.0,18125.0,298.55,2175.0,0.0,1171.4,1185.0,1147.7,1.087,2026-02-02 23:54,159096
PAYTM,2026-02-24,1480.0,1.3,77575.0,29725.0,340.0,13775.0,0.0,1171.4,1185.0,1147.7,1.087,2026-02-02 23:54,176540
PAYTM,2026-02-24,1520.0,1.4,114550.0,29000.0,0.0,0.0,0.0,1171.4,1185.0,1147.7,1.087,2026-02-02 23:54,211439
PAYTM,2026-02-24,1560.0,0.85,45675.0,29000.0,413.5,9425.0,0.0,1171.4,1185.0,1147.7,1.087,2026-02-02 23:54,247270
PERSISTENT,2026-02-24,5000.0,0.0,0.0,0.0,8.0,500.0,400.0,6082.5,6120.0,5992.0,0.239,2026-02-02 23:54,34305
PERSISTENT,2026-02-24,5200.0,899.6,100.0,0.0,12.6,21000.0,5700.0,6082.5,6120.0,5992.0,0.239,2026-02-02 23:54,25399
PERSISTENT,2026-02-24,5400.0,717.35,1100.0,0.0,22.35,40400.0,35400.0,6082.5,6120.0,5992.0,0.239,2026-02-02 23:54,16897
PERSISTENT,2026-02-24,5500.0,0.0,0.0,0.0,33.8,200.0,0.0,6082.5,6120.0,5992.0,0.239,2026-02-02 23:54,13059
PERSISTENT,2026-02-24,5600.0,0.0,0.0,0.0,39.0,64000.0,63800.0,6082.5,6120.0,5992.0,0.239,2026-02-02 23:54,9233
PERSISTENT,2026-02-24,5700.0,0.0,0.0,0.0,55.3,17600.0,35600.0,6082.5,6120.0,5992.0,0.239,2026-02-02 23:54,5799
PERSISTENT,2026-02-24,5800.0,370.0,1400.0,0.0,72.9,30400.0,43000.0,6082.5,6120.0,5992.0,0.239,2026-02-02 23:54,2692
PERSISTENT,2026-02-24,5900.0,296.95,8900.0,3700.0,106.3,27100.0,31200.0,6082.5,6120.0,5992.0,0.239,2026-02-02 23:54,-168
PERSISTENT,2026-02-24,6000.0,238.4,41900.0,69400.0,134.5,91100.0,108300.0,6082.5,6120.0,5992.0,0.239,2026-02-02 23:54,-2522
PERSISTENT,2026-02-24,6100.0,183.8,69100.0,204500.0,180.0,34100.0,114700.0,6082.5,6120.0,5992.0,0.239,2026-02-02 23:54,-3750
PERSISTENT,2026-02-24,6200.0,138.65,70000.0,110200.0,235.05,75100.0,10500.0,6082.5,6120.0,5992.0,0.239,2026-02-02 23:54,-3062
PERSISTENT,2026-02-24,6300.0,102.0,73900.0,84600.0,296.75,23400.0,5000.0,6082.5,6120.0,5992.0,0.239,2026-02-02 23:54,-2375
PERSISTENT,2026-02-24,6400.0,72.45,56400.0,71500.0,400.3,10400.0,1100.0,6082.5,6120.0,5992.0,0.239,2026-02-02 23:54,138
PERSISTENT,2026-02-24,6500.0,53.95,76300.0,114600.0,448.85,6600.0,1500.0,6082.5,6120.0,5992.0,0.239,2026-02-02 23:54,3254
PERSISTENT,2026-02-24,6600.0,39.2,43900.0,40000.0,578.0,400.0,0.0,6082.5,6120.0,5992.0,0.239,2026-02-02 23:54,7321
PERSISTENT,2026-02-24,6700.0,29.05,37600.0,32200.0,660.55,3100.0,0.0,6082.5,6120.0,5992.0,0.239,2026-02-02 23:54,11865
PERSISTENT,2026-02-24,6800.0,21.15,31200.0,33300.0,0.0,0.0,0.0,6082.5,6120.0,5992.0,0.239,2026-02-02 23:54,16571
PERSISTENT,2026-02-24,6900.0,16.15,11700.0,34300.0,0.0,0.0,0.0,6082.5,6120.0,5992.0,0.239,2026-02-02 23:54,21751
PERSISTENT,2026-02-24,7000.0,13.0,75900.0,44400.0,927.5,400.0,0.0,6082.5,6120.0,5992.0,0.239,2026-02-02 23:54,27001
PERSISTENT,2026-02-24,7100.0,7.25,4200.0,1300.0,0.0,0.0,0.0,6082.5,6120.0,5992.0,0.239,2026-02-02 23:54,33057
PERSISTENT,2026-02-24,7200.0,5.0,38200.0,200.0,0.0,0.0,0.0,6082.5,6120.0,5992.0,0.239,2026-02-02 23:54,39096
PERSISTENT,2026-02-24,7400.0,5.3,15700.0,1300.0,0.0,0.0,0.0,6082.5,6120.0,5992.0,0.239,2026-02-02 23:54,51951
PERSISTENT,2026-02-24,7600.0,4.5,5600.0,0.0,0.0,0.0,0.0,6082.5,6120.0,5992.0,0.239,2026-02-02 23:54,65109
PETRONET,2026-02-24,235.0,0.0,0.0,0.0,1.2,7600.0,1900.0,290.2,291.5,281.0,3.182,2026-02-02 23:54,39488
PETRONET,2026-02-24,240.0,0.0,0.0,0.0,0.65,68400.0,0.0,290.2,291.5,281.0,3.182,2026-02-02 23:54,34024
PETRONET,2026-02-24,245.0,0.0,0.0,0.0,0.65,824600.0,142500.0,290.2,291.5,281.0,3.182,2026-02-02 23:54,28590
PETRONET,2026-02-24,250.0,31.1,1900.0,0.0,0.75,431300.0,235600.0,290.2,291.5,281.0,3.182,2026-02-02 23:54,23519
PETRONET,2026-02-24,252.5,0.0,0.0,0.0,2.75,138700.0,0.0,290.2,291.5,281.0,3.182,2026-02-02 23:54,21093
PETRONET,2026-02-24,255.0,0.0,0.0,0.0,1.2,292600.0,96900.0,290.2,291.5,281.0,3.182,2026-02-02 23:54,18689
PETRONET,2026-02-24,257.5,0.0,0.0,0.0,1.15,57000.0,47500.0,290.2,291.5,281.0,3.182,2026-02-02 23:54,16362
PETRONET,2026-02-24,260.0,24.0,5700.0,0.0,1.4,830300.0,70300.0,290.2,291.5,281.0,3.182,2026-02-02 23:54,14077
PETRONET,2026-02-24,262.5,0.0,0.0,0.0,1.75,34200.0,9500.0,290.2,291.5,281.0,3.182,2026-02-02 23:54,11905
PETRONET,2026-02-24,265.0,0.0,0.0,0.0,1.75,528200.0,106400.0,290.2,291.5,281.0,3.182,2026-02-02 23:54,9839
PETRONET,2026-02-24,267.5,0.0,0.0,0.0,2.0,57000.0,49400.0,290.2,291.5,281.0,3.182,2026-02-02 23:54,7818
PETRONET,2026-02-24,270.0,17.35,167200.0,0.0,2.3,936700.0,233700.0,290.2,291.5,281.0,3.182,2026-02-02 23:54,5892
PETRONET,2026-02-24,272.5,21.6,11400.0,15200.0,2.75,26600.0,24700.0,290.2,291.5,281.0,3.182,2026-02-02 23:54,4328
PETRONET,2026-02-24,275.0,18.0,408500.0,13300.0,3.0,362900.0,342000.0,290.2,291.5,281.0,3.182,2026-02-02 23:54,2717
PETRONET,2026-02-24,277.5,12.3,171000.0,15200.0,3.5,205200.0,148200.0,290.2,291.5,281.0,3.182,2026-02-02 23:54,1908
PETRONET,2026-02-24,280.0,15.8,1632100.0,292600.0,4.0,1041200.0,459800.0,290.2,291.5,281.0,3.182,2026-02-02 23:54,704
PETRONET,2026-02-24,282.5,13.8,57000.0,172900.0,4.65,81700.0,34200.0,290.2,291.5,281.0,3.182,2026-02-02 23:54,2193
PETRONET,2026-02-24,285.0,12.2,349600.0,811300.0,5.4,459800.0,760000.0,290.2,291.5,281.0,3.182,2026-02-02 23:54,1595
PETRONET,2026-02-24,287.5,10.65,516800.0,41800.0,11.05,150100.0,0.0,290.2,291.5,281.0,3.182,2026-02-02 23:54,1336
PETRONET,2026-02-24,290.0,9.05,596600.0,1582700.0,7.2,1248300.0,765700.0,290.2,291.5,281.0,3.182,2026-02-02 23:54,1451
PETRONET,2026-02-24,292.5,7.7,212800.0,418000.0,8.5,176700.0,72200.0,290.2,291.5,281.0,3.182,2026-02-02 23:54,1284
PETRONET,2026-02-24,295.0,6.65,621300.0,879700.0,9.6,321100.0,41800.0,290.2,291.5,281.0,3.182,2026-02-02 23:54,1586
PETRONET,2026-02-24,297.5,5.65,252700.0,174800.0,15.35,102600.0,0.0,290.2,291.5,281.0,3.182,2026-02-02 23:54,2215
PETRONET,2026-02-24,300.0,4.65,2895600.0,2067200.0,14.45,2479500.0,58900.0,290.2,291.5,281.0,3.182,2026-02-02 23:54,2814
PETRONET,2026-02-24,302.5,0.0,0.0,0.0,0.0,0.0,0.0,290.2,291.5,281.0,3.182,2026-02-02 23:54,2534
PETRONET,2026-02-24,305.0,3.2,440800.0,142500.0,17.0,13300.0,1900.0,290.2,291.5,281.0,3.182,2026-02-02 23:54,4491
PETRONET,2026-02-24,307.5,2.7,79800.0,68400.0,19.35,9500.0,0.0,290.2,291.5,281.0,3.182,2026-02-02 23:54,6680
PETRONET,2026-02-24,310.0,2.25,532000.0,623200.0,17.5,11400.0,0.0,290.2,291.5,281.0,3.182,2026-02-02 23:54,8776
PETRONET,2026-02-24,312.5,1.85,60800.0,85500.0,0.0,0.0,0.0,290.2,291.5,281.0,3.182,2026-02-02 23:54,11105
PETRONET,2026-02-24,315.0,1.4,201400.0,229900.0,26.75,11400.0,0.0,290.2,291.5,281.0,3.182,2026-02-02 23:54,13360
PETRONET,2026-02-24,317.5,0.0,0.0,0.0,0.0,0.0,0.0,290.2,291.5,281.0,3.182,2026-02-02 23:54,15655
PETRONET,2026-02-24,320.0,1.15,399000.0,182400.0,35.15,11400.0,0.0,290.2,291.5,281.0,3.182,2026-02-02 23:54,17952
PETRONET,2026-02-24,322.5,0.0,0.0,0.0,0.0,0.0,0.0,290.2,291.5,281.0,3.182,2026-02-02 23:54,20357
PETRONET,2026-02-24,325.0,0.75,252700.0,231800.0,41.0,9500.0,7600.0,290.2,291.5,281.0,3.182,2026-02-02 23:54,22757
PETRONET,2026-02-24,330.0,0.55,184300.0,3800.0,34.65,5700.0,0.0,290.2,291.5,281.0,3.182,2026-02-02 23:54,27668
PETRONET,2026-02-24,335.0,0.0,0.0,0.0,0.0,0.0,0.0,290.2,291.5,281.0,3.182,2026-02-02 23:54,32684
PFC,2026-02-24,300.0,0.0,0.0,0.0,0.65,214500.0,61100.0,385.65,391.0,373.4,1.088,2026-02-02 23:54,100430
PFC,2026-02-24,310.0,53.0,5200.0,0.0,0.8,83200.0,132600.0,385.65,391.0,373.4,1.088,2026-02-02 23:54,81854
PFC,2026-02-24,315.0,0.0,0.0,0.0,0.65,37700.0,0.0,385.65,391.0,373.4,1.088,2026-02-02 23:54,72637
PFC,2026-02-24,320.0,80.0,3900.0,0.0,1.05,638300.0,275600.0,385.65,391.0,373.4,1.088,2026-02-02 23:54,63417
PFC,2026-02-24,325.0,0.0,0.0,0.0,0.75,110500.0,0.0,385.65,391.0,373.4,1.088,2026-02-02 23:54,54484
PFC,2026-02-24,327.5,0.0,0.0,0.0,1.4,102700.0,0.0,385.65,391.0,373.4,1.088,2026-02-02 23:54,50054
PFC,2026-02-24,330.0,55.65,111800.0,35100.0,1.45,678600.0,651300.0,385.65,391.0,373.4,1.088,2026-02-02 23:54,45645
PFC,2026-02-24,332.5,0.0,0.0,0.0,1.55,55900.0,149500.0,385.65,391.0,373.4,1.088,2026-02-02 23:54,41971
PFC,2026-02-24,335.0,0.0,0.0,0.0,1.7,149500.0,88400.0,385.65,391.0,373.4,1.088,2026-02-02 23:54,37778
PFC,2026-02-24,337.5,0.0,0.0,0.0,1.95,31200.0,49400.0,385.65,391.0,373.4,1.088,2026-02-02 23:54,33607
PFC,2026-02-24,340.0,34.8,127400.0,33800.0,2.1,591500.0,653900.0,385.65,391.0,373.4,1.088,2026-02-02 23:54,29462
PFC,2026-02-24,342.5,0.0,0.0,0.0,2.25,62400.0,62400.0,385.65,391.0,373.4,1.088,2026-02-02 23:54,25822
PFC,2026-02-24,345.0,29.5,1300.0,0.0,2.6,124800.0,180700.0,385.65,391.0,373.4,1.088,2026-02-02 23:54,21865
PFC,2026-02-24,347.5,23.3,3900.0,0.0,2.7,67600.0,118300.0,385.65,391.0,373.4,1.088,2026-02-02 23:54,17925
PFC,2026-02-24,350.0,35.0,786500.0,205400.0,3.0,1237600.0,1391000.0,385.65,391.0,373.4,1.088,2026-02-02 23:54,14022
PFC,2026-02-24,352.5,19.75,16900.0,0.0,3.35,55900.0,91000.0,385.65,391.0,373.4,1.088,2026-02-02 23:54,13015
PFC,2026-02-24,355.0,45.0,170300.0,0.0,3.9,396500.0,387400.0,385.65,391.0,373.4,1.088,2026-02-02 23:54,9660
PFC,2026-02-24,357.5,25.15,232700.0,59800.0,4.35,319800.0,152100.0,385.65,391.0,373.4,1.088,2026-02-02 23:54,7044
PFC,2026-02-24,360.0,29.55,1631500.0,237900.0,4.45,1952600.0,1097200.0,385.65,391.0,373.4,1.088,2026-02-02 23:54,4401
PFC,2026-02-24,362.5,27.1,234000.0,252200.0,4.9,406900.0,208000.0,385.65,391.0,373.4,1.088,2026-02-02 23:54,6159
PFC,2026-02-24,365.0,25.2,646100.0,106600.0,5.6,796900.0,674700.0,385.65,391.0,373.4,1.088,2026-02-02 23:54,4560
PFC,2026-02-24,367.5,24.0,172900.0,166400.0,6.2,270400.0,607100.0,385.65,391.0,373.4,1.088,2026-02-02 23:54,4069
PFC,2026-02-24,370.0,21.7,1597700.0,1835600.0,6.9,1979900.0,2441400.0,385.65,391.0,373.4,1.088,2026-02-02 23:54,2755
PFC,2026-02-24,372.5,19.8,113100.0,1202500.0,7.7,256100.0,1306500.0,385.65,391.0,373.4,1.088,2026-02-02 23:54,4188
PFC,2026-02-24,375.0,18.2,527800.0,3079700.0,8.75,759200.0,3120000.0,385.65,391.0,373.4,1.088,2026-02-02 23:54,3640
PFC,2026-02-24,377.5,17.25,224900.0,3519100.0,9.45,318500.0,2511600.0,385.65,391.0,373.4,1.088,2026-02-02 23:54,3682
PFC,2026-02-24,380.0,15.4,2402400.0,10376600.0,10.7,1696500.0,3749200.0,385.65,391.0,373.4,1.088,2026-02-02 23:54,3652
PFC,2026-02-24,382.5,14.15,222300.0,3693300.0,11.65,185900.0,1098500.0,385.65,391.0,373.4,1.088,2026-02-02 23:54,6443
PFC,2026-02-24,385.0,12.75,678600.0,7277400.0,12.7,371800.0,1090700.0,385.65,391.0,373.4,1.088,2026-02-02 23:54,7550
PFC,2026-02-24,387.5,11.6,279500.0,1870700.0,14.55,114400.0,313300.0,385.65,391.0,373.4,1.088,2026-02-02 23:54,9215
PFC,2026-02-24,390.0,10.55,2484300.0,7658300.0,15.9,679900.0,451100.0,385.65,391.0,373.4,1.088,2026-02-02 23:54,10743
PFC,2026-02-24,392.5,9.45,302900.0,1147900.0,18.85,245700.0,247000.0,385.65,391.0,373.4,1.088,2026-02-02 23:54,14444
PFC,2026-02-24,395.0,8.8,536900.0,1415700.0,20.5,263900.0,110500.0,385.65,391.0,373.4,1.088,2026-02-02 23:54,16566
PFC,2026-02-24,397.5,7.8,193700.0,185900.0,20.85,49400.0,72800.0,385.65,391.0,373.4,1.088,2026-02-02 23:54,18996
PFC,2026-02-24,400.0,7.15,4963400.0,8795800.0,22.2,1953900.0,254800.0,385.65,391.0,373.4,1.088,2026-02-02 23:54,21603
PFC,2026-02-24,402.5,6.3,149500.0,215800.0,26.0,9100.0,11700.0,385.65,391.0,373.4,1.088,2026-02-02 23:54,25103
PFC,2026-02-24,405.0,5.95,291200.0,646100.0,24.55,6500.0,0.0,385.65,391.0,373.4,1.088,2026-02-02 23:54,29502
PFC,2026-02-24,407.5,5.25,61100.0,89700.0,26.6,37700.0,1300.0,385.65,391.0,373.4,1.088,2026-02-02 23:54,34062
PFC,2026-02-24,410.0,4.75,1419600.0,1921400.0,33.25,192400.0,0.0,385.65,391.0,373.4,1.088,2026-02-02 23:54,38421
PFC,2026-02-24,412.5,4.15,104000.0,93600.0,0.0,0.0,0.0,385.65,391.0,373.4,1.088,2026-02-02 23:54,43286
PFC,2026-02-24,415.0,3.8,273000.0,345800.0,0.0,0.0,0.0,385.65,391.0,373.4,1.088,2026-02-02 23:54,48186
PFC,2026-02-24,417.5,3.5,74100.0,57200.0,0.0,0.0,0.0,385.65,391.0,373.4,1.088,2026-02-02 23:54,53214
PFC,2026-02-24,420.0,3.05,1459900.0,2935400.0,41.0,451100.0,22100.0,385.65,391.0,373.4,1.088,2026-02-02 23:54,58184
PFC,2026-02-24,422.5,2.85,39000.0,65000.0,0.0,0.0,0.0,385.65,391.0,373.4,1.088,2026-02-02 23:54,62200
PFC,2026-02-24,425.0,2.4,452400.0,452400.0,44.5,817700.0,0.0,385.65,391.0,373.4,1.088,2026-02-02 23:54,67642
PFC,2026-02-24,427.5,0.0,0.0,0.0,0.0,0.0,0.0,385.65,391.0,373.4,1.088,2026-02-02 23:54,69860
PFC,2026-02-24,430.0,2.1,527800.0,1432600.0,0.0,0.0,0.0,385.65,391.0,373.4,1.088,2026-02-02 23:54,75609
PFC,2026-02-24,432.5,0.0,0.0,0.0,0.0,0.0,0.0,385.65,391.0,373.4,1.088,2026-02-02 23:54,81600
PFC,2026-02-24,435.0,1.7,895700.0,557700.0,50.8,2600.0,0.0,385.65,391.0,373.4,1.088,2026-02-02 23:54,87480
PFC,2026-02-24,437.5,0.0,0.0,0.0,0.0,0.0,0.0,385.65,391.0,373.4,1.088,2026-02-02 23:54,93724
PFC,2026-02-24,440.0,1.5,110500.0,211900.0,0.0,0.0,0.0,385.65,391.0,373.4,1.088,2026-02-02 23:54,99829
PFC,2026-02-24,442.5,0.0,0.0,0.0,0.0,0.0,0.0,385.65,391.0,373.4,1.088,2026-02-02 23:54,105978
PFC,2026-02-24,445.0,2.4,1300.0,0.0,0.0,0.0,0.0,385.65,391.0,373.4,1.088,2026-02-02 23:54,112110
PFC,2026-02-24,447.5,0.0,0.0,0.0,0.0,0.0,0.0,385.65,391.0,373.4,1.088,2026-02-02 23:54,118243
PFC,2026-02-24,450.0,1.05,102700.0,213200.0,67.0,0.0,1300.0,385.65,391.0,373.4,1.088,2026-02-02 23:54,124376
PFC,2026-02-24,452.5,0.0,0.0,0.0,0.0,0.0,0.0,385.65,391.0,373.4,1.088,2026-02-02 23:54,130545
PFC,2026-02-24,455.0,0.0,0.0,0.0,0.0,0.0,0.0,385.65,391.0,373.4,1.088,2026-02-02 23:54,136703
PGEL,2026-02-24,440.0,0.0,0.0,0.0,1.4,89300.0,94050.0,562.8,566.0,526.25,3.934,2026-02-02 23:54,15158
PGEL,2026-02-24,450.0,97.75,950.0,0.0,2.1,90250.0,191900.0,562.8,566.0,526.25,3.934,2026-02-02 23:54,11682
PGEL,2026-02-24,460.0,77.85,0.0,950.0,2.5,327750.0,418950.0,562.8,566.0,526.25,3.934,2026-02-02 23:54,8301
PGEL,2026-02-24,470.0,81.15,950.0,0.0,3.55,148200.0,256500.0,562.8,566.0,526.25,3.934,2026-02-02 23:54,5175
PGEL,2026-02-24,480.0,60.45,3800.0,0.0,4.5,614650.0,470250.0,562.8,566.0,526.25,3.934,2026-02-02 23:54,2236
PGEL,2026-02-24,490.0,66.1,1900.0,0.0,5.9,58900.0,200450.0,562.8,566.0,526.25,3.934,2026-02-02 23:54,-293
PGEL,2026-02-24,500.0,71.45,51300.0,53200.0,7.8,511100.0,1813550.0,562.8,566.0,526.25,3.934,2026-02-02 23:54,-2531
PGEL,2026-02-24,510.0,63.35,34200.0,57950.0,9.45,152000.0,304950.0,562.8,566.0,526.25,3.934,2026-02-02 23:54,-4216
PGEL,2026-02-24,520.0,55.1,112100.0,142500.0,11.85,254600.0,600400.0,562.8,566.0,526.25,3.934,2026-02-02 23:54,-5609
PGEL,2026-02-24,530.0,48.9,62700.0,177650.0,15.15,248900.0,609900.0,562.8,566.0,526.25,3.934,2026-02-02 23:54,-6394
PGEL,2026-02-24,540.0,43.55,201400.0,724850.0,18.5,364800.0,1073500.0,562.8,566.0,526.25,3.934,2026-02-02 23:54,-7253
PGEL,2026-02-24,550.0,37.0,235600.0,1612150.0,22.4,154850.0,464550.0,562.8,566.0,526.25,3.934,2026-02-02 23:54,-7273
PGEL,2026-02-24,560.0,31.05,754300.0,1790750.0,26.7,151050.0,290700.0,562.8,566.0,526.25,3.934,2026-02-02 23:54,-6580
PGEL,2026-02-24,570.0,26.5,404700.0,1059250.0,32.0,218500.0,264100.0,562.8,566.0,526.25,3.934,2026-02-02 23:54,-3567
PGEL,2026-02-24,580.0,22.05,314450.0,940500.0,37.05,32300.0,77900.0,562.8,566.0,526.25,3.934,2026-02-02 23:54,-1497
PGEL,2026-02-24,590.0,18.15,136800.0,373350.0,43.9,17100.0,28500.0,562.8,566.0,526.25,3.934,2026-02-02 23:54,1119
PGEL,2026-02-24,600.0,14.7,918650.0,2691350.0,49.6,89300.0,71250.0,562.8,566.0,526.25,3.934,2026-02-02 23:54,3489
PGEL,2026-02-24,610.0,11.95,114000.0,214700.0,0.0,0.0,0.0,562.8,566.0,526.25,3.934,2026-02-02 23:54,7602
PGEL,2026-02-24,620.0,9.65,344850.0,717250.0,102.0,6650.0,0.0,562.8,566.0,526.25,3.934,2026-02-02 23:54,11058
PGEL,2026-02-24,630.0,7.65,69350.0,117800.0,82.85,5700.0,0.0,562.8,566.0,526.25,3.934,2026-02-02 23:54,14993
PGEL,2026-02-24,640.0,6.25,194750.0,328700.0,131.6,3800.0,0.0,562.8,566.0,526.25,3.934,2026-02-02 23:54,18745
PGEL,2026-02-24,650.0,4.8,247000.0,537700.0,0.0,0.0,0.0,562.8,566.0,526.25,3.934,2026-02-02 23:54,22761
PGEL,2026-02-24,660.0,3.7,250800.0,359100.0,150.8,6650.0,0.0,562.8,566.0,526.25,3.934,2026-02-02 23:54,27071
PGEL,2026-02-24,670.0,3.7,22800.0,11400.0,130.25,3800.0,0.0,562.8,566.0,526.25,3.934,2026-02-02 23:54,31513
PGEL,2026-02-24,680.0,3.25,64600.0,40850.0,0.0,0.0,0.0,562.8,566.0,526.25,3.934,2026-02-02 23:54,35947
PGEL,2026-02-24,690.0,2.7,95000.0,140600.0,0.0,0.0,0.0,562.8,566.0,526.25,3.934,2026-02-02 23:54,40508
PGEL,2026-02-24,720.0,0.0,0.0,0.0,180.3,1900.0,0.0,562.8,566.0,526.25,3.934,2026-02-02 23:54,54439
PHOENIXLTD,2026-02-24,1360.0,0.0,0.0,0.0,4.2,4550.0,5950.0,1631.5,1639.4,1600.0,-0.555,2026-02-02 23:54,8333
PHOENIXLTD,2026-02-24,1400.0,0.0,0.0,0.0,0.0,0.0,0.0,1631.5,1639.4,1600.0,-0.555,2026-02-02 23:54,7090
PHOENIXLTD,2026-02-24,1440.0,0.0,0.0,0.0,7.25,23450.0,24500.0,1631.5,1639.4,1600.0,-0.555,2026-02-02 23:54,5850
PHOENIXLTD,2026-02-24,1460.0,0.0,0.0,0.0,0.0,0.0,0.0,1631.5,1639.4,1600.0,-0.555,2026-02-02 23:54,5260
PHOENIXLTD,2026-02-24,1480.0,0.0,0.0,0.0,0.0,0.0,0.0,1631.5,1639.4,1600.0,-0.555,2026-02-02 23:54,4686
PHOENIXLTD,2026-02-24,1500.0,0.0,0.0,0.0,0.0,0.0,0.0,1631.5,1639.4,1600.0,-0.555,2026-02-02 23:54,4113
PHOENIXLTD,2026-02-24,1520.0,0.0,0.0,0.0,14.2,1050.0,0.0,1631.5,1639.4,1600.0,-0.555,2026-02-02 23:54,3540
PHOENIXLTD,2026-02-24,1540.0,0.0,0.0,0.0,18.55,23100.0,53550.0,1631.5,1639.4,1600.0,-0.555,2026-02-02 23:54,2967
PHOENIXLTD,2026-02-24,1560.0,117.75,1750.0,0.0,22.5,13650.0,151200.0,1631.5,1639.4,1600.0,-0.555,2026-02-02 23:54,2399
PHOENIXLTD,2026-02-24,1580.0,96.9,1750.0,0.0,35.55,5950.0,0.0,1631.5,1639.4,1600.0,-0.555,2026-02-02 23:54,1895
PHOENIXLTD,2026-02-24,1600.0,74.2,3500.0,10150.0,33.9,41300.0,315350.0,1631.5,1639.4,1600.0,-0.555,2026-02-02 23:54,1412
PHOENIXLTD,2026-02-24,1620.0,63.0,55650.0,102900.0,41.65,9800.0,22750.0,1631.5,1639.4,1600.0,-0.555,2026-02-02 23:54,909
PHOENIXLTD,2026-02-24,1640.0,52.3,7700.0,25900.0,49.85,14350.0,14000.0,1631.5,1639.4,1600.0,-0.555,2026-02-02 23:54,960
PHOENIXLTD,2026-02-24,1660.0,41.3,35700.0,147000.0,60.0,19250.0,59150.0,1631.5,1639.4,1600.0,-0.555,2026-02-02 23:54,715
PHOENIXLTD,2026-02-24,1680.0,33.25,21700.0,61600.0,70.7,12250.0,14700.0,1631.5,1639.4,1600.0,-0.555,2026-02-02 23:54,642
PHOENIXLTD,2026-02-24,1700.0,27.0,89250.0,227150.0,85.55,29400.0,15050.0,1631.5,1639.4,1600.0,-0.555,2026-02-02 23:54,591
PHOENIXLTD,2026-02-24,1720.0,21.2,29750.0,79100.0,101.6,5600.0,4550.0,1631.5,1639.4,1600.0,-0.555,2026-02-02 23:54,782
PHOENIXLTD,2026-02-24,1740.0,16.7,63350.0,93100.0,109.25,33600.0,0.0,1631.5,1639.4,1600.0,-0.555,2026-02-02 23:54,1060
PHOENIXLTD,2026-02-24,1760.0,12.65,35000.0,22050.0,135.55,38500.0,5600.0,1631.5,1639.4,1600.0,-0.555,2026-02-02 23:54,1264
PHOENIXLTD,2026-02-24,1780.0,8.8,14350.0,22400.0,153.3,5950.0,3850.0,1631.5,1639.4,1600.0,-0.555,2026-02-02 23:54,1399
PHOENIXLTD,2026-02-24,1800.0,7.35,74550.0,90650.0,126.0,18550.0,0.0,1631.5,1639.4,1600.0,-0.555,2026-02-02 23:54,1973
PHOENIXLTD,2026-02-24,1820.0,11.95,2100.0,0.0,186.45,2100.0,0.0,1631.5,1639.4,1600.0,-0.555,2026-02-02 23:54,2634
PHOENIXLTD,2026-02-24,1840.0,0.0,0.0,0.0,0.0,0.0,0.0,1631.5,1639.4,1600.0,-0.555,2026-02-02 23:54,3445
PHOENIXLTD,2026-02-24,1860.0,3.95,10850.0,18900.0,0.0,0.0,0.0,1631.5,1639.4,1600.0,-0.555,2026-02-02 23:54,4292
PHOENIXLTD,2026-02-24,1880.0,11.4,7350.0,0.0,71.35,700.0,0.0,1631.5,1639.4,1600.0,-0.555,2026-02-02 23:54,5166
PHOENIXLTD,2026-02-24,1900.0,2.75,75600.0,35350.0,258.05,3850.0,0.0,1631.5,1639.4,1600.0,-0.555,2026-02-02 23:54,6055
PHOENIXLTD,2026-02-24,1920.0,15.15,700.0,0.0,209.15,700.0,0.0,1631.5,1639.4,1600.0,-0.555,2026-02-02 23:54,7021
PHOENIXLTD,2026-02-24,1940.0,3.6,2100.0,0.0,295.7,2450.0,0.0,1631.5,1639.4,1600.0,-0.555,2026-02-02 23:54,8054
PHOENIXLTD,2026-02-24,1960.0,10.65,3500.0,0.0,80.45,350.0,0.0,1631.5,1639.4,1600.0,-0.555,2026-02-02 23:54,9039
PHOENIXLTD,2026-02-24,1980.0,2.2,4900.0,0.0,0.0,0.0,0.0,1631.5,1639.4,1600.0,-0.555,2026-02-02 23:54,10104
PHOENIXLTD,2026-02-24,2000.0,1.5,28000.0,8050.0,0.0,0.0,0.0,1631.5,1639.4,1600.0,-0.555,2026-02-02 23:54,11179
PHOENIXLTD,2026-02-24,2020.0,1.3,1050.0,0.0,373.1,2100.0,0.0,1631.5,1639.4,1600.0,-0.555,2026-02-02 23:54,12313
PHOENIXLTD,2026-02-24,2040.0,8.15,1750.0,0.0,0.0,0.0,0.0,1631.5,1639.4,1600.0,-0.555,2026-02-02 23:54,13371
PHOENIXLTD,2026-02-24,2060.0,0.75,1750.0,0.0,0.0,0.0,0.0,1631.5,1639.4,1600.0,-0.555,2026-02-02 23:54,14512
PHOENIXLTD,2026-02-24,2080.0,10.4,1750.0,0.0,0.0,0.0,0.0,1631.5,1639.4,1600.0,-0.555,2026-02-02 23:54,15655
PHOENIXLTD,2026-02-24,2100.0,1.0,7350.0,350.0,0.0,0.0,0.0,1631.5,1639.4,1600.0,-0.555,2026-02-02 23:54,16803
PHOENIXLTD,2026-02-24,2120.0,5.3,1400.0,0.0,0.0,0.0,0.0,1631.5,1639.4,1600.0,-0.555,2026-02-02 23:54,17965
PHOENIXLTD,2026-02-24,2140.0,1.0,1400.0,2800.0,0.0,0.0,0.0,1631.5,1639.4,1600.0,-0.555,2026-02-02 23:54,19130
PHOENIXLTD,2026-02-24,2160.0,0.75,1050.0,10850.0,0.0,0.0,0.0,1631.5,1639.4,1600.0,-0.555,2026-02-02 23:54,20297
PHOENIXLTD,2026-02-24,2200.0,0.65,12600.0,23450.0,439.8,2100.0,0.0,1631.5,1639.4,1600.0,-0.555,2026-02-02 23:54,22635
PHOENIXLTD,2026-02-24,2240.0,0.3,75250.0,130900.0,0.0,0.0,0.0,1631.5,1639.4,1600.0,-0.555,2026-02-02 23:54,24941
PIDILITIND,2026-02-24,1200.0,0.0,0.0,0.0,2.5,1500.0,0.0,1412.0,1434.5,1398.8,-0.829,2026-02-02 23:54,18913
PIDILITIND,2026-02-24,1220.0,0.0,0.0,0.0,0.0,0.0,0.0,1412.0,1434.5,1398.8,-0.829,2026-02-02 23:54,16804
PIDILITIND,2026-02-24,1240.0,0.0,0.0,0.0,1.3,4000.0,0.0,1412.0,1434.5,1398.8,-0.829,2026-02-02 23:54,14695
PIDILITIND,2026-02-24,1260.0,0.0,0.0,0.0,0.0,0.0,0.0,1412.0,1434.5,1398.8,-0.829,2026-02-02 23:54,12593
PIDILITIND,2026-02-24,1280.0,0.0,0.0,0.0,3.55,40500.0,37000.0,1412.0,1434.5,1398.8,-0.829,2026-02-02 23:54,10492
PIDILITIND,2026-02-24,1300.0,0.0,0.0,0.0,5.05,71500.0,81500.0,1412.0,1434.5,1398.8,-0.829,2026-02-02 23:54,8458
PIDILITIND,2026-02-24,1310.0,0.0,0.0,0.0,0.0,0.0,0.0,1412.0,1434.5,1398.8,-0.829,2026-02-02 23:54,7483
PIDILITIND,2026-02-24,1320.0,0.0,0.0,0.0,6.5,25000.0,30000.0,1412.0,1434.5,1398.8,-0.829,2026-02-02 23:54,6545
PIDILITIND,2026-02-24,1330.0,0.0,0.0,0.0,11.0,7500.0,1500.0,1412.0,1434.5,1398.8,-0.829,2026-02-02 23:54,5615
PIDILITIND,2026-02-24,1340.0,0.0,0.0,0.0,9.5,57500.0,12500.0,1412.0,1434.5,1398.8,-0.829,2026-02-02 23:54,4701
PIDILITIND,2026-02-24,1350.0,83.85,1500.0,3000.0,10.7,83000.0,79000.0,1412.0,1434.5,1398.8,-0.829,2026-02-02 23:54,3798
PIDILITIND,2026-02-24,1360.0,69.2,8000.0,500.0,13.1,26500.0,28500.0,1412.0,1434.5,1398.8,-0.829,2026-02-02 23:54,2957
PIDILITIND,2026-02-24,1370.0,0.0,0.0,0.0,17.0,500.0,1000.0,1412.0,1434.5,1398.8,-0.829,2026-02-02 23:54,2248
PIDILITIND,2026-02-24,1380.0,73.6,2000.0,0.0,18.25,34500.0,61500.0,1412.0,1434.5,1398.8,-0.829,2026-02-02 23:54,1519
PIDILITIND,2026-02-24,1390.0,76.4,2000.0,0.0,22.4,13000.0,0.0,1412.0,1434.5,1398.8,-0.829,2026-02-02 23:54,778
PIDILITIND,2026-02-24,1400.0,49.8,70000.0,66000.0,25.85,200000.0,373500.0,1412.0,1434.5,1398.8,-0.829,2026-02-02 23:54,87
PIDILITIND,2026-02-24,1410.0,40.35,5500.0,15000.0,30.35,7000.0,21500.0,1412.0,1434.5,1398.8,-0.829,2026-02-02 23:54,-488
PIDILITIND,2026-02-24,1420.0,35.9,144000.0,474500.0,33.95,113000.0,148000.0,1412.0,1434.5,1398.8,-0.829,2026-02-02 23:54,-882
PIDILITIND,2026-02-24,1430.0,33.0,47000.0,19500.0,38.45,37000.0,16000.0,1412.0,1434.5,1398.8,-0.829,2026-02-02 23:54,-887
PIDILITIND,2026-02-24,1440.0,26.7,143000.0,120000.0,43.7,68000.0,8500.0,1412.0,1434.5,1398.8,-0.829,2026-02-02 23:54,-928
PIDILITIND,2026-02-24,1450.0,23.2,132500.0,82500.0,50.45,70500.0,31000.0,1412.0,1434.5,1398.8,-0.829,2026-02-02 23:54,-687
PIDILITIND,2026-02-24,1460.0,21.0,115500.0,43500.0,58.8,48000.0,0.0,1412.0,1434.5,1398.8,-0.829,2026-02-02 23:54,-375
PIDILITIND,2026-02-24,1470.0,17.65,15500.0,4000.0,52.15,4000.0,0.0,1412.0,1434.5,1398.8,-0.829,2026-02-02 23:54,108
PIDILITIND,2026-02-24,1480.0,13.9,53000.0,75500.0,74.85,19000.0,0.0,1412.0,1434.5,1398.8,-0.829,2026-02-02 23:54,657
PIDILITIND,2026-02-24,1490.0,17.7,55500.0,0.0,71.2,3500.0,0.0,1412.0,1434.5,1398.8,-0.829,2026-02-02 23:54,1204
PIDILITIND,2026-02-24,1500.0,9.3,279500.0,445500.0,81.8,54000.0,0.0,1412.0,1434.5,1398.8,-0.829,2026-02-02 23:54,1951
PIDILITIND,2026-02-24,1510.0,15.4,1500.0,0.0,77.0,33500.0,0.0,1412.0,1434.5,1398.8,-0.829,2026-02-02 23:54,2777
PIDILITIND,2026-02-24,1520.0,6.75,74500.0,54500.0,85.0,7500.0,0.0,1412.0,1434.5,1398.8,-0.829,2026-02-02 23:54,3564
PIDILITIND,2026-02-24,1530.0,5.8,2000.0,1500.0,0.0,0.0,0.0,1412.0,1434.5,1398.8,-0.829,2026-02-02 23:54,4675
PIDILITIND,2026-02-24,1540.0,4.85,48500.0,41000.0,82.05,5000.0,0.0,1412.0,1434.5,1398.8,-0.829,2026-02-02 23:54,5802
PIDILITIND,2026-02-24,1550.0,4.1,7500.0,34000.0,95.0,1000.0,0.0,1412.0,1434.5,1398.8,-0.829,2026-02-02 23:54,6965
PIDILITIND,2026-02-24,1560.0,3.65,45000.0,45500.0,108.0,2500.0,0.0,1412.0,1434.5,1398.8,-0.829,2026-02-02 23:54,8147
PIDILITIND,2026-02-24,1570.0,5.0,3000.0,0.0,0.0,0.0,0.0,1412.0,1434.5,1398.8,-0.829,2026-02-02 23:54,9372
PIDILITIND,2026-02-24,1580.0,2.95,37500.0,63000.0,0.0,0.0,0.0,1412.0,1434.5,1398.8,-0.829,2026-02-02 23:54,10613
PIDILITIND,2026-02-24,1600.0,2.3,70000.0,42000.0,190.0,16500.0,500.0,1412.0,1434.5,1398.8,-0.829,2026-02-02 23:54,13177
PIDILITIND,2026-02-24,1620.0,4.25,1500.0,0.0,0.0,0.0,0.0,1412.0,1434.5,1398.8,-0.829,2026-02-02 23:54,15606
PIDILITIND,2026-02-24,1640.0,3.5,500.0,0.0,0.0,0.0,0.0,1412.0,1434.5,1398.8,-0.829,2026-02-02 23:54,18335
PIDILITIND,2026-02-24,1660.0,2.25,500.0,0.0,0.0,0.0,0.0,1412.0,1434.5,1398.8,-0.829,2026-02-02 23:54,21065
PIDILITIND,2026-02-24,1680.0,0.0,0.0,0.0,220.0,1000.0,0.0,1412.0,1434.5,1398.8,-0.829,2026-02-02 23:54,23797
PIDILITIND,2026-02-24,1700.0,1.0,8500.0,0.0,0.0,0.0,0.0,1412.0,1434.5,1398.8,-0.829,2026-02-02 23:54,26508
PNB,2026-02-24,98.0,0.0,0.0,0.0,0.11,248000.0,320000.0,122.02,122.46,118.15,0.354,2026-02-02 23:54,121043
PNB,2026-02-24,100.0,0.0,0.0,0.0,0.13,1656000.0,2384000.0,122.02,122.46,118.15,0.354,2026-02-02 23:54,108720
PNB,2026-02-24,102.0,0.0,0.0,0.0,0.14,360000.0,312000.0,122.02,122.46,118.15,0.354,2026-02-02 23:54,96710
PNB,2026-02-24,104.0,18.12,32000.0,0.0,0.2,560000.0,304000.0,122.02,122.46,118.15,0.354,2026-02-02 23:54,84788
PNB,2026-02-24,106.0,16.23,8000.0,0.0,0.23,1360000.0,2240000.0,122.02,122.46,118.15,0.354,2026-02-02 23:54,73036
PNB,2026-02-24,107.0,0.0,0.0,0.0,0.31,48000.0,0.0,122.02,122.46,118.15,0.354,2026-02-02 23:54,67256
PNB,2026-02-24,108.0,0.0,0.0,0.0,0.3,408000.0,688000.0,122.02,122.46,118.15,0.354,2026-02-02 23:54,61497
PNB,2026-02-24,109.0,13.49,16000.0,0.0,0.35,368000.0,768000.0,122.02,122.46,118.15,0.354,2026-02-02 23:54,55768
PNB,2026-02-24,110.0,12.84,448000.0,48000.0,0.41,4280000.0,6056000.0,122.02,122.46,118.15,0.354,2026-02-02 23:54,50098
PNB,2026-02-24,111.0,13.75,40000.0,0.0,0.47,240000.0,528000.0,122.02,122.46,118.15,0.354,2026-02-02 23:54,45292
PNB,2026-02-24,112.0,0.0,0.0,0.0,0.55,672000.0,656000.0,122.02,122.46,118.15,0.354,2026-02-02 23:54,40158
PNB,2026-02-24,113.0,0.0,0.0,0.0,0.64,600000.0,768000.0,122.02,122.46,118.15,0.354,2026-02-02 23:54,35011
PNB,2026-02-24,114.0,9.34,8000.0,0.0,0.76,1024000.0,1128000.0,122.02,122.46,118.15,0.354,2026-02-02 23:54,29922
PNB,2026-02-24,115.0,8.19,920000.0,1960000.0,0.91,7272000.0,12792000.0,122.02,122.46,118.15,0.354,2026-02-02 23:54,24904
PNB,2026-02-24,116.0,0.0,0.0,0.0,1.11,880000.0,832000.0,122.02,122.46,118.15,0.354,2026-02-02 23:54,20868
PNB,2026-02-24,117.0,7.2,8000.0,0.0,1.31,1096000.0,1400000.0,122.02,122.46,118.15,0.354,2026-02-02 23:54,16730
PNB,2026-02-24,118.0,5.9,664000.0,1368000.0,1.53,1720000.0,3704000.0,122.02,122.46,118.15,0.354,2026-02-02 23:54,12663
PNB,2026-02-24,119.0,5.12,656000.0,1856000.0,1.87,1376000.0,2512000.0,122.02,122.46,118.15,0.354,2026-02-02 23:54,9100
PNB,2026-02-24,120.0,4.57,3464000.0,17928000.0,2.18,10880000.0,23032000.0,122.02,122.46,118.15,0.354,2026-02-02 23:54,5691
PNB,2026-02-24,121.0,3.98,1912000.0,4952000.0,2.62,2056000.0,3376000.0,122.02,122.46,118.15,0.354,2026-02-02 23:54,2849
PNB,2026-02-24,122.0,3.38,1648000.0,5856000.0,3.02,1712000.0,2992000.0,122.02,122.46,118.15,0.354,2026-02-02 23:54,1414
PNB,2026-02-24,123.0,2.9,3768000.0,6152000.0,3.47,2560000.0,3424000.0,122.02,122.46,118.15,0.354,2026-02-02 23:54,133
PNB,2026-02-24,124.0,2.5,3992000.0,5040000.0,4.14,2600000.0,1000000.0,122.02,122.46,118.15,0.354,2026-02-02 23:54,-349
PNB,2026-02-24,125.0,2.12,11160000.0,19752000.0,4.83,6328000.0,4872000.0,122.02,122.46,118.15,0.354,2026-02-02 23:54,-457
PNB,2026-02-24,126.0,1.8,2416000.0,5584000.0,5.45,1552000.0,432000.0,122.02,122.46,118.15,0.354,2026-02-02 23:54,572
PNB,2026-02-24,127.0,1.53,2144000.0,3360000.0,5.99,312000.0,104000.0,122.02,122.46,118.15,0.354,2026-02-02 23:54,2278
PNB,2026-02-24,128.0,1.32,3320000.0,4584000.0,6.78,440000.0,232000.0,122.02,122.46,118.15,0.354,2026-02-02 23:54,4781
PNB,2026-02-24,129.0,1.12,1112000.0,1936000.0,8.73,168000.0,0.0,122.02,122.46,118.15,0.354,2026-02-02 23:54,7660
PNB,2026-02-24,130.0,0.95,17000000.0,20512000.0,8.5,5808000.0,816000.0,122.02,122.46,118.15,0.354,2026-02-02 23:54,10504
PNB,2026-02-24,131.0,0.85,760000.0,1232000.0,10.27,184000.0,0.0,122.02,122.46,118.15,0.354,2026-02-02 23:54,12329
PNB,2026-02-24,132.0,0.73,2152000.0,1752000.0,11.08,800000.0,0.0,122.02,122.46,118.15,0.354,2026-02-02 23:54,17447
PNB,2026-02-24,133.0,0.62,1472000.0,2096000.0,11.91,32000.0,0.0,122.02,122.46,118.15,0.354,2026-02-02 23:54,22254
PNB,2026-02-24,134.0,0.56,1456000.0,1056000.0,11.9,112000.0,40000.0,122.02,122.46,118.15,0.354,2026-02-02 23:54,27994
PNB,2026-02-24,135.0,0.47,8664000.0,9032000.0,12.28,1352000.0,0.0,122.02,122.46,118.15,0.354,2026-02-02 23:54,33787
PNB,2026-02-24,136.0,0.43,1576000.0,928000.0,14.51,96000.0,0.0,122.02,122.46,118.15,0.354,2026-02-02 23:54,39379
PNB,2026-02-24,137.0,0.36,848000.0,1520000.0,15.41,24000.0,0.0,122.02,122.46,118.15,0.354,2026-02-02 23:54,46321
PNB,2026-02-24,138.0,0.34,928000.0,1272000.0,16.05,24000.0,0.0,122.02,122.46,118.15,0.354,2026-02-02 23:54,53414
PNB,2026-02-24,139.0,0.3,208000.0,936000.0,0.0,0.0,0.0,122.02,122.46,118.15,0.354,2026-02-02 23:54,60602
PNB,2026-02-24,140.0,0.28,15400000.0,7760000.0,18.19,368000.0,0.0,122.02,122.46,118.15,0.354,2026-02-02 23:54,67825
PNB,2026-02-24,141.0,0.25,272000.0,616000.0,0.0,0.0,0.0,122.02,122.46,118.15,0.354,2026-02-02 23:54,76379
PNB,2026-02-24,142.0,0.22,968000.0,984000.0,20.09,32000.0,0.0,122.02,122.46,118.15,0.354,2026-02-02 23:54,85206
PNB,2026-02-24,143.0,0.21,120000.0,176000.0,0.0,0.0,0.0,122.02,122.46,118.15,0.354,2026-02-02 23:54,94083
PNB,2026-02-24,144.0,0.18,1392000.0,856000.0,0.0,0.0,0.0,122.02,122.46,118.15,0.354,2026-02-02 23:54,103017
PNB,2026-02-24,146.0,0.16,3544000.0,1736000.0,0.0,0.0,0.0,122.02,122.46,118.15,0.354,2026-02-02 23:54,121185
PNB,2026-02-24,150.0,0.11,2744000.0,2488000.0,27.89,240000.0,0.0,122.02,122.46,118.15,0.354,2026-02-02 23:54,158944
PNBHOUSING,2026-02-24,660.0,0.0,0.0,0.0,0.0,0.0,0.0,804.4,810.0,779.9,-0.118,2026-02-02 23:54,34372
PNBHOUSING,2026-02-24,680.0,0.0,0.0,0.0,0.0,0.0,0.0,804.4,810.0,779.9,-0.118,2026-02-02 23:54,29631
PNBHOUSING,2026-02-24,700.0,0.0,0.0,0.0,2.9,62400.0,69550.0,804.4,810.0,779.9,-0.118,2026-02-02 23:54,24889
PNBHOUSING,2026-02-24,720.0,0.0,0.0,0.0,3.25,50050.0,46150.0,804.4,810.0,779.9,-0.118,2026-02-02 23:54,20255
PNBHOUSING,2026-02-24,730.0,0.0,0.0,0.0,0.0,0.0,0.0,804.4,810.0,779.9,-0.118,2026-02-02 23:54,17981
PNBHOUSING,2026-02-24,740.0,58.5,0.0,650.0,4.7,44850.0,38350.0,804.4,810.0,779.9,-0.118,2026-02-02 23:54,15723
PNBHOUSING,2026-02-24,750.0,45.0,4550.0,3900.0,6.0,105950.0,113100.0,804.4,810.0,779.9,-0.118,2026-02-02 23:54,13488
PNBHOUSING,2026-02-24,760.0,55.5,1950.0,4550.0,7.75,48750.0,109200.0,804.4,810.0,779.9,-0.118,2026-02-02 23:54,11342
PNBHOUSING,2026-02-24,770.0,47.55,3250.0,8450.0,9.1,31200.0,53300.0,804.4,810.0,779.9,-0.118,2026-02-02 23:54,9263
PNBHOUSING,2026-02-24,780.0,40.7,4550.0,8450.0,11.4,81900.0,172900.0,804.4,810.0,779.9,-0.118,2026-02-02 23:54,7233
PNBHOUSING,2026-02-24,790.0,36.6,28600.0,181350.0,15.6,48100.0,157300.0,804.4,810.0,779.9,-0.118,2026-02-02 23:54,5227
PNBHOUSING,2026-02-24,800.0,30.0,182650.0,603850.0,19.35,975000.0,1196650.0,804.4,810.0,779.9,-0.118,2026-02-02 23:54,3402
PNBHOUSING,2026-02-24,810.0,23.9,73450.0,109850.0,24.5,58500.0,70200.0,804.4,810.0,779.9,-0.118,2026-02-02 23:54,1367
PNBHOUSING,2026-02-24,820.0,20.5,105950.0,190450.0,28.0,66950.0,21450.0,804.4,810.0,779.9,-0.118,2026-02-02 23:54,834
PNBHOUSING,2026-02-24,830.0,16.3,182000.0,269100.0,34.5,68900.0,35100.0,804.4,810.0,779.9,-0.118,2026-02-02 23:54,472
PNBHOUSING,2026-02-24,840.0,13.15,61750.0,159900.0,39.3,36400.0,15600.0,804.4,810.0,779.9,-0.118,2026-02-02 23:54,390
PNBHOUSING,2026-02-24,850.0,9.6,213850.0,265850.0,48.7,66950.0,20150.0,804.4,810.0,779.9,-0.118,2026-02-02 23:54,285
PNBHOUSING,2026-02-24,860.0,8.95,257400.0,213200.0,56.75,384150.0,292500.0,804.4,810.0,779.9,-0.118,2026-02-02 23:54,402
PNBHOUSING,2026-02-24,870.0,6.5,100100.0,137800.0,74.2,37700.0,0.0,804.4,810.0,779.9,-0.118,2026-02-02 23:54,-667
PNBHOUSING,2026-02-24,880.0,5.15,84500.0,151450.0,64.05,57200.0,0.0,804.4,810.0,779.9,-0.118,2026-02-02 23:54,134
PNBHOUSING,2026-02-24,890.0,4.35,53300.0,76700.0,85.0,16900.0,0.0,804.4,810.0,779.9,-0.118,2026-02-02 23:54,970
PNBHOUSING,2026-02-24,900.0,3.6,432900.0,306150.0,101.0,46150.0,5200.0,804.4,810.0,779.9,-0.118,2026-02-02 23:54,2079
PNBHOUSING,2026-02-24,910.0,2.6,44850.0,22100.0,0.0,0.0,0.0,804.4,810.0,779.9,-0.118,2026-02-02 23:54,3477
PNBHOUSING,2026-02-24,920.0,2.4,107250.0,40950.0,118.05,7150.0,0.0,804.4,810.0,779.9,-0.118,2026-02-02 23:54,5242
PNBHOUSING,2026-02-24,930.0,1.75,68900.0,7800.0,126.85,7150.0,0.0,804.4,810.0,779.9,-0.118,2026-02-02 23:54,7051
PNBHOUSING,2026-02-24,940.0,1.8,57200.0,2600.0,135.85,3900.0,0.0,804.4,810.0,779.9,-0.118,2026-02-02 23:54,8915
PNBHOUSING,2026-02-24,950.0,1.35,124150.0,20800.0,139.35,14950.0,1950.0,804.4,810.0,779.9,-0.118,2026-02-02 23:54,10877
PNBHOUSING,2026-02-24,960.0,3.25,78000.0,0.0,154.3,24050.0,0.0,804.4,810.0,779.9,-0.118,2026-02-02 23:54,12830
PNBHOUSING,2026-02-24,970.0,0.8,108550.0,18200.0,163.65,1300.0,0.0,804.4,810.0,779.9,-0.118,2026-02-02 23:54,14730
PNBHOUSING,2026-02-24,980.0,4.0,33800.0,0.0,173.15,0.0,0.0,804.4,810.0,779.9,-0.118,2026-02-02 23:54,17073
PNBHOUSING,2026-02-24,990.0,1.8,6500.0,0.0,0.0,0.0,0.0,804.4,810.0,779.9,-0.118,2026-02-02 23:54,19475
PNBHOUSING,2026-02-24,1000.0,0.95,211250.0,4550.0,212.65,22100.0,1950.0,804.4,810.0,779.9,-0.118,2026-02-02 23:54,21873
PNBHOUSING,2026-02-24,1010.0,1.15,6500.0,0.0,202.0,1300.0,0.0,804.4,810.0,779.9,-0.118,2026-02-02 23:54,24052
PNBHOUSING,2026-02-24,1020.0,0.95,3900.0,0.0,0.0,0.0,0.0,804.4,810.0,779.9,-0.118,2026-02-02 23:54,26663
PNBHOUSING,2026-02-24,1030.0,0.75,1950.0,0.0,0.0,0.0,0.0,804.4,810.0,779.9,-0.118,2026-02-02 23:54,29305
PNBHOUSING,2026-02-24,1040.0,0.6,650.0,0.0,0.0,0.0,0.0,804.4,810.0,779.9,-0.118,2026-02-02 23:54,31948
PNBHOUSING,2026-02-24,1050.0,0.0,0.0,0.0,240.0,650.0,0.0,804.4,810.0,779.9,-0.118,2026-02-02 23:54,34591
PNBHOUSING,2026-02-24,1060.0,1.0,3250.0,0.0,0.0,0.0,0.0,804.4,810.0,779.9,-0.118,2026-02-02 23:54,37220
PNBHOUSING,2026-02-24,1080.0,0.8,27300.0,13650.0,0.0,0.0,0.0,804.4,810.0,779.9,-0.118,2026-02-02 23:54,42515
PNBHOUSING,2026-02-24,1100.0,0.65,3900.0,7150.0,0.0,0.0,0.0,804.4,810.0,779.9,-0.118,2026-02-02 23:54,47867
PNBHOUSING,2026-02-24,1140.0,0.6,2600.0,1300.0,0.0,0.0,0.0,804.4,810.0,779.9,-0.118,2026-02-02 23:54,58582
POLICYBZR,2026-02-24,1320.0,0.0,0.0,0.0,12.7,32900.0,81900.0,1563.3,1623.0,1534.7,-3.446,2026-02-02 23:54,29448
POLICYBZR,2026-02-24,1360.0,0.0,0.0,0.0,18.9,41650.0,126000.0,1563.3,1623.0,1534.7,-3.446,2026-02-02 23:54,24446
POLICYBZR,2026-02-24,1400.0,0.0,0.0,0.0,25.55,80850.0,244650.0,1563.3,1623.0,1534.7,-3.446,2026-02-02 23:54,19574
POLICYBZR,2026-02-24,1420.0,0.0,0.0,0.0,0.0,0.0,0.0,1563.3,1623.0,1534.7,-3.446,2026-02-02 23:54,17132
POLICYBZR,2026-02-24,1440.0,0.0,0.0,0.0,35.0,25200.0,59150.0,1563.3,1623.0,1534.7,-3.446,2026-02-02 23:54,14897
POLICYBZR,2026-02-24,1460.0,0.0,0.0,0.0,40.4,44100.0,67550.0,1563.3,1623.0,1534.7,-3.446,2026-02-02 23:54,12624
POLICYBZR,2026-02-24,1480.0,116.65,1750.0,3850.0,44.9,700.0,1050.0,1563.3,1623.0,1534.7,-3.446,2026-02-02 23:54,10349
POLICYBZR,2026-02-24,1500.0,95.05,7000.0,26950.0,57.8,127050.0,574700.0,1563.3,1623.0,1534.7,-3.446,2026-02-02 23:54,8275
POLICYBZR,2026-02-24,1520.0,0.0,0.0,0.0,66.2,17850.0,40600.0,1563.3,1623.0,1534.7,-3.446,2026-02-02 23:54,5784
POLICYBZR,2026-02-24,1540.0,70.75,14700.0,56700.0,77.15,66850.0,375900.0,1563.3,1623.0,1534.7,-3.446,2026-02-02 23:54,3878
POLICYBZR,2026-02-24,1560.0,62.35,39900.0,150150.0,85.65,46550.0,193900.0,1563.3,1623.0,1534.7,-3.446,2026-02-02 23:54,1841
POLICYBZR,2026-02-24,1580.0,51.4,50750.0,173950.0,92.75,42700.0,115150.0,1563.3,1623.0,1534.7,-3.446,2026-02-02 23:54,239
POLICYBZR,2026-02-24,1600.0,47.3,335650.0,1263850.0,105.2,252000.0,793800.0,1563.3,1623.0,1534.7,-3.446,2026-02-02 23:54,-1160
POLICYBZR,2026-02-24,1620.0,39.6,82600.0,236950.0,119.25,41300.0,61250.0,1563.3,1623.0,1534.7,-3.446,2026-02-02 23:54,-2313
POLICYBZR,2026-02-24,1640.0,33.15,137200.0,397600.0,131.3,61250.0,64050.0,1563.3,1623.0,1534.7,-3.446,2026-02-02 23:54,-2320
POLICYBZR,2026-02-24,1660.0,28.5,152950.0,409150.0,138.9,77350.0,42350.0,1563.3,1623.0,1534.7,-3.446,2026-02-02 23:54,-2114
POLICYBZR,2026-02-24,1680.0,23.2,60900.0,88550.0,152.8,16100.0,9450.0,1563.3,1623.0,1534.7,-3.446,2026-02-02 23:54,-1737
POLICYBZR,2026-02-24,1700.0,20.4,315000.0,1212050.0,174.5,89250.0,24500.0,1563.3,1623.0,1534.7,-3.446,2026-02-02 23:54,-672
POLICYBZR,2026-02-24,1720.0,17.2,28700.0,76650.0,106.55,5250.0,0.0,1563.3,1623.0,1534.7,-3.446,2026-02-02 23:54,390
POLICYBZR,2026-02-24,1740.0,13.8,30100.0,103600.0,118.3,147350.0,0.0,1563.3,1623.0,1534.7,-3.446,2026-02-02 23:54,2430
POLICYBZR,2026-02-24,1760.0,11.4,51100.0,108150.0,193.1,1750.0,1050.0,1563.3,1623.0,1534.7,-3.446,2026-02-02 23:54,3129
POLICYBZR,2026-02-24,1780.0,9.55,22400.0,49000.0,177.6,4550.0,0.0,1563.3,1623.0,1534.7,-3.446,2026-02-02 23:54,5660
POLICYBZR,2026-02-24,1800.0,8.2,228550.0,605850.0,228.3,40250.0,6650.0,1563.3,1623.0,1534.7,-3.446,2026-02-02 23:54,8162
POLICYBZR,2026-02-24,1820.0,7.0,3500.0,1400.0,0.0,0.0,0.0,1563.3,1623.0,1534.7,-3.446,2026-02-02 23:54,10528
POLICYBZR,2026-02-24,1840.0,6.0,40600.0,89600.0,0.0,0.0,0.0,1563.3,1623.0,1534.7,-3.446,2026-02-02 23:54,13636
POLICYBZR,2026-02-24,1860.0,5.35,20650.0,15400.0,0.0,0.0,0.0,1563.3,1623.0,1534.7,-3.446,2026-02-02 23:54,16847
POLICYBZR,2026-02-24,1880.0,0.0,0.0,0.0,209.9,350.0,0.0,1563.3,1623.0,1534.7,-3.446,2026-02-02 23:54,20086
POLICYBZR,2026-02-24,1900.0,4.0,55300.0,143850.0,281.65,4200.0,0.0,1563.3,1623.0,1534.7,-3.446,2026-02-02 23:54,23307
POLICYBZR,2026-02-24,1920.0,7.0,1750.0,0.0,286.0,350.0,0.0,1563.3,1623.0,1534.7,-3.446,2026-02-02 23:54,26558
POLICYBZR,2026-02-24,1960.0,89.3,1750.0,0.0,222.0,5250.0,0.0,1563.3,1623.0,1534.7,-3.446,2026-02-02 23:54,33252
POLICYBZR,2026-02-24,1980.0,2.5,1050.0,700.0,0.0,0.0,0.0,1563.3,1623.0,1534.7,-3.446,2026-02-02 23:54,36517
POLICYBZR,2026-02-24,2000.0,2.6,22750.0,2100.0,0.0,0.0,0.0,1563.3,1623.0,1534.7,-3.446,2026-02-02 23:54,39885
POLICYBZR,2026-02-24,2080.0,11.05,350.0,0.0,0.0,0.0,0.0,1563.3,1623.0,1534.7,-3.446,2026-02-02 23:54,53544
POLYCAB,2026-02-24,5800.0,0.0,0.0,0.0,0.0,0.0,0.0,7036.5,7070.0,6800.0,3.19,2026-02-02 23:54,34655
POLYCAB,2026-02-24,6000.0,0.0,0.0,0.0,15.2,37500.0,48500.0,7036.5,7070.0,6800.0,3.19,2026-02-02 23:54,25795
POLYCAB,2026-02-24,6100.0,0.0,0.0,0.0,15.35,125.0,375.0,7036.5,7070.0,6800.0,3.19,2026-02-02 23:54,21683
POLYCAB,2026-02-24,6200.0,0.0,0.0,0.0,19.1,16250.0,13250.0,7036.5,7070.0,6800.0,3.19,2026-02-02 23:54,17630
POLYCAB,2026-02-24,6300.0,0.0,0.0,0.0,23.9,7125.0,4250.0,7036.5,7070.0,6800.0,3.19,2026-02-02 23:54,13707
POLYCAB,2026-02-24,6400.0,550.0,500.0,0.0,29.1,10125.0,11125.0,7036.5,7070.0,6800.0,3.19,2026-02-02 23:54,9870
POLYCAB,2026-02-24,6500.0,613.5,25625.0,1000.0,39.0,36125.0,86750.0,7036.5,7070.0,6800.0,3.19,2026-02-02 23:54,6154
POLYCAB,2026-02-24,6600.0,336.85,750.0,250.0,50.1,25125.0,18375.0,7036.5,7070.0,6800.0,3.19,2026-02-02 23:54,4489
POLYCAB,2026-02-24,6700.0,391.0,36750.0,1625.0,62.15,39625.0,42750.0,7036.5,7070.0,6800.0,3.19,2026-02-02 23:54,1551
POLYCAB,2026-02-24,6800.0,341.75,32125.0,96500.0,95.45,59500.0,72500.0,7036.5,7070.0,6800.0,3.19,2026-02-02 23:54,668
POLYCAB,2026-02-24,6900.0,272.05,28875.0,82500.0,120.05,36000.0,35125.0,7036.5,7070.0,6800.0,3.19,2026-02-02 23:54,41
POLYCAB,2026-02-24,7000.0,215.95,105125.0,255375.0,159.0,62250.0,41000.0,7036.5,7070.0,6800.0,3.19,2026-02-02 23:54,-114
POLYCAB,2026-02-24,7100.0,169.8,58875.0,101500.0,208.6,17875.0,6750.0,7036.5,7070.0,6800.0,3.19,2026-02-02 23:54,2331
POLYCAB,2026-02-24,7200.0,119.7,58000.0,113250.0,266.1,17375.0,5500.0,7036.5,7070.0,6800.0,3.19,2026-02-02 23:54,4890
POLYCAB,2026-02-24,7300.0,88.0,56875.0,118250.0,331.85,49500.0,750.0,7036.5,7070.0,6800.0,3.19,2026-02-02 23:54,7808
POLYCAB,2026-02-24,7400.0,62.1,52875.0,120125.0,460.0,3250.0,0.0,7036.5,7070.0,6800.0,3.19,2026-02-02 23:54,10416
POLYCAB,2026-02-24,7500.0,46.0,70875.0,93000.0,480.0,12125.0,1500.0,7036.5,7070.0,6800.0,3.19,2026-02-02 23:54,14906
POLYCAB,2026-02-24,7600.0,35.5,30625.0,28625.0,632.2,6000.0,0.0,7036.5,7070.0,6800.0,3.19,2026-02-02 23:54,19791
POLYCAB,2026-02-24,7700.0,25.55,59500.0,77875.0,815.0,1750.0,0.0,7036.5,7070.0,6800.0,3.19,2026-02-02 23:54,25028
POLYCAB,2026-02-24,7800.0,18.8,15125.0,4875.0,1068.0,2125.0,0.0,7036.5,7070.0,6800.0,3.19,2026-02-02 23:54,31158
POLYCAB,2026-02-24,7900.0,7.4,625.0,625.0,920.8,1375.0,0.0,7036.5,7070.0,6800.0,3.19,2026-02-02 23:54,37252
POLYCAB,2026-02-24,8000.0,9.5,131000.0,134125.0,1050.0,1875.0,0.0,7036.5,7070.0,6800.0,3.19,2026-02-02 23:54,43438
POLYCAB,2026-02-24,8200.0,5.95,1625.0,750.0,0.0,0.0,0.0,7036.5,7070.0,6800.0,3.19,2026-02-02 23:54,58648
POLYCAB,2026-02-24,8300.0,6.75,2000.0,0.0,0.0,0.0,0.0,7036.5,7070.0,6800.0,3.19,2026-02-02 23:54,66307
POLYCAB,2026-02-24,8400.0,3.5,24000.0,6625.0,0.0,0.0,0.0,7036.5,7070.0,6800.0,3.19,2026-02-02 23:54,73985
POLYCAB,2026-02-24,8500.0,1.85,31125.0,17000.0,0.0,0.0,0.0,7036.5,7070.0,6800.0,3.19,2026-02-02 23:54,81911
POLYCAB,2026-02-24,8800.0,1.7,17750.0,8875.0,0.0,0.0,0.0,7036.5,7070.0,6800.0,3.19,2026-02-02 23:54,106603
POWERGRID,2026-02-24,130.0,0.0,0.0,0.0,0.0,0.0,0.0,270.4,271.2,250.0,7.579,2026-02-02 23:54,319391
POWERGRID,2026-02-24,135.0,0.05,0.0,0.0,182.6,0.0,0.0,270.4,271.2,250.0,7.579,2026-02-02 23:54,305202
POWERGRID,2026-02-24,140.0,0.0,0.0,0.0,0.0,0.0,0.0,270.4,271.2,250.0,7.579,2026-02-02 23:54,291014
POWERGRID,2026-02-24,145.0,0.0,0.0,0.0,0.0,0.0,0.0,270.4,271.2,250.0,7.579,2026-02-02 23:54,276826
POWERGRID,2026-02-24,150.0,561.95,0.0,0.0,0.1,0.0,0.0,270.4,271.2,250.0,7.579,2026-02-02 23:54,262638
POWERGRID,2026-02-24,155.0,0.0,0.0,0.0,0.0,0.0,0.0,270.4,271.2,250.0,7.579,2026-02-02 23:54,248449
POWERGRID,2026-02-24,160.0,0.0,0.0,0.0,0.0,0.0,0.0,270.4,271.2,250.0,7.579,2026-02-02 23:54,234261
POWERGRID,2026-02-24,165.0,0.0,0.0,0.0,0.0,0.0,0.0,270.4,271.2,250.0,7.579,2026-02-02 23:54,220073
POWERGRID,2026-02-24,170.0,0.0,0.0,0.0,0.0,0.0,0.0,270.4,271.2,250.0,7.579,2026-02-02 23:54,205885
POWERGRID,2026-02-24,172.5,0.0,0.0,0.0,0.0,0.0,0.0,270.4,271.2,250.0,7.579,2026-02-02 23:54,198791
POWERGRID,2026-02-24,175.0,0.0,0.0,0.0,0.0,0.0,0.0,270.4,271.2,250.0,7.579,2026-02-02 23:54,191696
POWERGRID,2026-02-24,177.5,0.0,0.0,0.0,0.0,0.0,0.0,270.4,271.2,250.0,7.579,2026-02-02 23:54,184602
POWERGRID,2026-02-24,180.0,0.0,0.0,0.0,0.0,0.0,0.0,270.4,271.2,250.0,7.579,2026-02-02 23:54,177508
POWERGRID,2026-02-24,182.5,0.0,0.0,0.0,0.0,0.0,0.0,270.4,271.2,250.0,7.579,2026-02-02 23:54,170414
POWERGRID,2026-02-24,185.0,0.0,0.0,0.0,0.0,0.0,0.0,270.4,271.2,250.0,7.579,2026-02-02 23:54,163320
POWERGRID,2026-02-24,187.5,0.0,0.0,0.0,0.0,0.0,0.0,270.4,271.2,250.0,7.579,2026-02-02 23:54,156226
POWERGRID,2026-02-24,190.0,0.0,0.0,0.0,0.0,0.0,0.0,270.4,271.2,250.0,7.579,2026-02-02 23:54,149132
POWERGRID,2026-02-24,192.5,0.0,0.0,0.0,0.0,0.0,0.0,270.4,271.2,250.0,7.579,2026-02-02 23:54,142038
POWERGRID,2026-02-24,195.0,0.0,0.0,0.0,0.0,0.0,0.0,270.4,271.2,250.0,7.579,2026-02-02 23:54,134943
POWERGRID,2026-02-24,197.5,0.0,0.0,0.0,0.0,0.0,0.0,270.4,271.2,250.0,7.579,2026-02-02 23:54,127849
POWERGRID,2026-02-24,200.0,0.0,0.0,0.0,0.0,0.0,0.0,270.4,271.2,250.0,7.579,2026-02-02 23:54,120755
POWERGRID,2026-02-24,202.5,0.0,0.0,0.0,0.0,0.0,0.0,270.4,271.2,250.0,7.579,2026-02-02 23:54,113661
POWERGRID,2026-02-24,205.0,0.0,0.0,0.0,0.0,0.0,0.0,270.4,271.2,250.0,7.579,2026-02-02 23:54,106567
POWERGRID,2026-02-24,207.5,0.0,0.0,0.0,0.0,0.0,0.0,270.4,271.2,250.0,7.579,2026-02-02 23:54,99473
POWERGRID,2026-02-24,210.0,0.0,0.0,0.0,0.2,60800.0,66500.0,270.4,271.2,250.0,7.579,2026-02-02 23:54,92379
POWERGRID,2026-02-24,212.5,0.0,0.0,0.0,0.0,0.0,0.0,270.4,271.2,250.0,7.579,2026-02-02 23:54,85299
POWERGRID,2026-02-24,215.0,0.0,0.0,0.0,0.25,3218600.0,1242600.0,270.4,271.2,250.0,7.579,2026-02-02 23:54,78220
POWERGRID,2026-02-24,217.5,0.0,0.0,0.0,0.0,0.0,0.0,270.4,271.2,250.0,7.579,2026-02-02 23:54,71865
POWERGRID,2026-02-24,220.0,40.8,1900.0,1900.0,0.25,1176100.0,1615000.0,270.4,271.2,250.0,7.579,2026-02-02 23:54,65591
POWERGRID,2026-02-24,222.5,0.0,0.0,0.0,0.0,0.0,0.0,270.4,271.2,250.0,7.579,2026-02-02 23:54,59589
POWERGRID,2026-02-24,225.0,0.0,0.0,0.0,0.4,885400.0,1738500.0,270.4,271.2,250.0,7.579,2026-02-02 23:54,53609
POWERGRID,2026-02-24,227.5,0.0,0.0,0.0,0.45,161500.0,203300.0,270.4,271.2,250.0,7.579,2026-02-02 23:54,47816
POWERGRID,2026-02-24,230.0,38.35,64600.0,76000.0,0.45,1360400.0,2044400.0,270.4,271.2,250.0,7.579,2026-02-02 23:54,42090
POWERGRID,2026-02-24,232.5,0.0,0.0,0.0,0.55,96900.0,140600.0,270.4,271.2,250.0,7.579,2026-02-02 23:54,36915
POWERGRID,2026-02-24,235.0,0.0,0.0,0.0,0.65,758100.0,2033000.0,270.4,271.2,250.0,7.579,2026-02-02 23:54,31572
POWERGRID,2026-02-24,237.5,27.6,15200.0,19000.0,0.65,214700.0,1050700.0,270.4,271.2,250.0,7.579,2026-02-02 23:54,26375
POWERGRID,2026-02-24,240.0,28.45,195700.0,260300.0,0.75,2865200.0,4003300.0,270.4,271.2,250.0,7.579,2026-02-02 23:54,21312
POWERGRID,2026-02-24,242.5,26.35,83600.0,332500.0,0.9,345800.0,1349000.0,270.4,271.2,250.0,7.579,2026-02-02 23:54,17329
POWERGRID,2026-02-24,245.0,23.6,258400.0,1143800.0,1.0,1286300.0,4227500.0,270.4,271.2,250.0,7.579,2026-02-02 23:54,13300
POWERGRID,2026-02-24,247.5,20.8,169100.0,581400.0,1.2,647900.0,3117900.0,270.4,271.2,250.0,7.579,2026-02-02 23:54,9949
POWERGRID,2026-02-24,250.0,18.9,1387000.0,6528400.0,1.4,2766400.0,10583000.0,270.4,271.2,250.0,7.579,2026-02-02 23:54,6596
POWERGRID,2026-02-24,252.5,15.85,326800.0,5766500.0,1.7,649800.0,3135000.0,270.4,271.2,250.0,7.579,2026-02-02 23:54,6241
POWERGRID,2026-02-24,255.0,14.85,2530800.0,13870000.0,2.1,1580800.0,7499300.0,270.4,271.2,250.0,7.579,2026-02-02 23:54,4303
POWERGRID,2026-02-24,257.5,12.7,425600.0,7240900.0,2.7,830300.0,3689800.0,270.4,271.2,250.0,7.579,2026-02-02 23:54,6412
POWERGRID,2026-02-24,260.0,10.35,3465600.0,30971900.0,3.2,1664400.0,6866600.0,270.4,271.2,250.0,7.579,2026-02-02 23:54,5725
POWERGRID,2026-02-24,262.5,9.05,2768300.0,14445700.0,3.95,437000.0,2359800.0,270.4,271.2,250.0,7.579,2026-02-02 23:54,9059
POWERGRID,2026-02-24,265.0,7.45,3188200.0,28878100.0,4.85,1387000.0,4020400.0,270.4,271.2,250.0,7.579,2026-02-02 23:54,12472
POWERGRID,2026-02-24,267.5,6.1,805600.0,11821800.0,6.0,628900.0,1550400.0,270.4,271.2,250.0,7.579,2026-02-02 23:54,16399
POWERGRID,2026-02-24,270.0,5.0,4303500.0,35626900.0,7.35,1092500.0,2067200.0,270.4,271.2,250.0,7.579,2026-02-02 23:54,19096
POWERGRID,2026-02-24,272.5,3.9,623200.0,4409900.0,9.25,47500.0,79800.0,270.4,271.2,250.0,7.579,2026-02-02 23:54,24377
POWERGRID,2026-02-24,275.0,3.3,1637800.0,7862200.0,10.95,435100.0,309700.0,270.4,271.2,250.0,7.579,2026-02-02 23:54,28676
POWERGRID,2026-02-24,277.5,2.65,418000.0,1603600.0,13.2,9500.0,26600.0,270.4,271.2,250.0,7.579,2026-02-02 23:54,33358
POWERGRID,2026-02-24,280.0,2.1,3900700.0,15087900.0,14.1,722000.0,239400.0,270.4,271.2,250.0,7.579,2026-02-02 23:54,38181
POWERGRID,2026-02-24,282.5,1.75,163400.0,628900.0,0.0,0.0,0.0,270.4,271.2,250.0,7.579,2026-02-02 23:54,43863
POWERGRID,2026-02-24,285.0,1.45,780900.0,2756900.0,19.3,216600.0,24700.0,270.4,271.2,250.0,7.579,2026-02-02 23:54,49812
POWERGRID,2026-02-24,287.5,1.15,313500.0,1200800.0,21.05,1900.0,5700.0,270.4,271.2,250.0,7.579,2026-02-02 23:54,55678
POWERGRID,2026-02-24,290.0,1.0,1767000.0,4398500.0,23.0,718200.0,125400.0,270.4,271.2,250.0,7.579,2026-02-02 23:54,61960
POWERGRID,2026-02-24,292.5,0.0,0.0,0.0,0.0,0.0,0.0,270.4,271.2,250.0,7.579,2026-02-02 23:54,67356
POWERGRID,2026-02-24,295.0,0.75,473100.0,932900.0,42.65,5700.0,0.0,270.4,271.2,250.0,7.579,2026-02-02 23:54,74227
POWERGRID,2026-02-24,297.5,0.0,0.0,0.0,0.0,0.0,0.0,270.4,271.2,250.0,7.579,2026-02-02 23:54,81228
POWERGRID,2026-02-24,300.0,0.6,5038800.0,9720400.0,33.15,1029800.0,79800.0,270.4,271.2,250.0,7.579,2026-02-02 23:54,88219
POWERGRID,2026-02-24,302.5,0.0,0.0,0.0,0.0,0.0,0.0,270.4,271.2,250.0,7.579,2026-02-02 23:54,93615
POWERGRID,2026-02-24,305.0,0.45,465500.0,366700.0,52.55,1900.0,0.0,270.4,271.2,250.0,7.579,2026-02-02 23:54,102123
POWERGRID,2026-02-24,307.5,0.0,0.0,0.0,0.0,0.0,0.0,270.4,271.2,250.0,7.579,2026-02-02 23:54,110758
POWERGRID,2026-02-24,310.0,0.3,2644800.0,1647300.0,44.6,1073500.0,9500.0,270.4,271.2,250.0,7.579,2026-02-02 23:54,119383
POWERGRID,2026-02-24,312.5,0.0,0.0,0.0,0.0,0.0,0.0,270.4,271.2,250.0,7.579,2026-02-02 23:54,124229
POWERGRID,2026-02-24,315.0,0.0,0.0,0.0,0.0,0.0,0.0,270.4,271.2,250.0,7.579,2026-02-02 23:54,133783
POWERGRID,2026-02-24,317.5,0.0,0.0,0.0,0.0,0.0,0.0,270.4,271.2,250.0,7.579,2026-02-02 23:54,143337
POWERGRID,2026-02-24,320.0,0.6,0.0,0.0,53.1,0.0,0.0,270.4,271.2,250.0,7.579,2026-02-02 23:54,152891
POWERGRID,2026-02-24,322.5,0.0,0.0,0.0,0.0,0.0,0.0,270.4,271.2,250.0,7.579,2026-02-02 23:54,162445
POWERGRID,2026-02-24,325.0,0.0,0.0,0.0,0.0,0.0,0.0,270.4,271.2,250.0,7.579,2026-02-02 23:54,171999
POWERGRID,2026-02-24,327.5,0.0,0.0,0.0,0.0,0.0,0.0,270.4,271.2,250.0,7.579,2026-02-02 23:54,181554
POWERGRID,2026-02-24,330.0,0.0,0.0,0.0,0.0,0.0,0.0,270.4,271.2,250.0,7.579,2026-02-02 23:54,191108
POWERGRID,2026-02-24,332.5,0.0,0.0,0.0,0.0,0.0,0.0,270.4,271.2,250.0,7.579,2026-02-02 23:54,200662
POWERGRID,2026-02-24,335.0,0.0,0.0,0.0,0.0,0.0,0.0,270.4,271.2,250.0,7.579,2026-02-02 23:54,210216
POWERGRID,2026-02-24,337.5,0.0,0.0,0.0,0.0,0.0,0.0,270.4,271.2,250.0,7.579,2026-02-02 23:54,219770
POWERGRID,2026-02-24,340.0,0.0,0.0,0.0,0.0,0.0,0.0,270.4,271.2,250.0,7.579,2026-02-02 23:54,229324
POWERGRID,2026-02-24,342.5,0.0,0.0,0.0,0.0,0.0,0.0,270.4,271.2,250.0,7.579,2026-02-02 23:54,238879
POWERGRID,2026-02-24,345.0,0.0,0.0,0.0,0.0,0.0,0.0,270.4,271.2,250.0,7.579,2026-02-02 23:54,248433
POWERGRID,2026-02-24,350.0,0.0,0.0,0.0,0.0,0.0,0.0,270.4,271.2,250.0,7.579,2026-02-02 23:54,267541
POWERGRID,2026-02-24,355.0,0.0,0.0,0.0,0.0,0.0,0.0,270.4,271.2,250.0,7.579,2026-02-02 23:54,286649
POWERGRID,2026-02-24,360.0,0.0,0.0,0.0,0.0,0.0,0.0,270.4,271.2,250.0,7.579,2026-02-02 23:54,305758
POWERGRID,2026-02-24,365.0,0.0,0.0,0.0,0.0,0.0,0.0,270.4,271.2,250.0,7.579,2026-02-02 23:54,324866
POWERGRID,2026-02-24,370.0,0.0,0.0,0.0,0.0,0.0,0.0,270.4,271.2,250.0,7.579,2026-02-02 23:54,343974
POWERGRID,2026-02-24,375.0,0.0,0.0,0.0,0.0,0.0,0.0,270.4,271.2,250.0,7.579,2026-02-02 23:54,363082
POWERGRID,2026-02-24,380.0,0.0,0.0,0.0,0.0,0.0,0.0,270.4,271.2,250.0,7.579,2026-02-02 23:54,382191
POWERINDIA,2026-02-24,13000.0,0.0,0.0,0.0,37.0,800.0,50.0,18978.0,19050.0,18273.0,4.81,2026-02-02 23:54,17286
POWERINDIA,2026-02-24,14000.0,3674.65,50.0,0.0,39.7,1350.0,1000.0,18978.0,19050.0,18273.0,4.81,2026-02-02 23:54,10648
POWERINDIA,2026-02-24,14250.0,0.0,0.0,0.0,60.7,250.0,0.0,18978.0,19050.0,18273.0,4.81,2026-02-02 23:54,9037
POWERINDIA,2026-02-24,14500.0,0.0,0.0,0.0,47.65,1250.0,0.0,18978.0,19050.0,18273.0,4.81,2026-02-02 23:54,7418
POWERINDIA,2026-02-24,14750.0,0.0,0.0,0.0,55.0,2250.0,1450.0,18978.0,19050.0,18273.0,4.81,2026-02-02 23:54,5826
POWERINDIA,2026-02-24,15000.0,3627.35,150.0,0.0,64.0,3150.0,3300.0,18978.0,19050.0,18273.0,4.81,2026-02-02 23:54,4284
POWERINDIA,2026-02-24,15250.0,0.0,0.0,0.0,0.0,0.0,0.0,18978.0,19050.0,18273.0,4.81,2026-02-02 23:54,2870
POWERINDIA,2026-02-24,15500.0,3209.95,150.0,0.0,81.0,1450.0,1250.0,18978.0,19050.0,18273.0,4.81,2026-02-02 23:54,1423
POWERINDIA,2026-02-24,15750.0,0.0,0.0,0.0,155.9,350.0,0.0,18978.0,19050.0,18273.0,4.81,2026-02-02 23:54,52
POWERINDIA,2026-02-24,16000.0,2550.0,350.0,150.0,134.45,9850.0,14150.0,18978.0,19050.0,18273.0,4.81,2026-02-02 23:54,-1351
POWERINDIA,2026-02-24,16250.0,0.0,0.0,0.0,295.15,100.0,250.0,18978.0,19050.0,18273.0,4.81,2026-02-02 23:54,-2538
POWERINDIA,2026-02-24,16500.0,2419.35,4350.0,50.0,200.0,3650.0,50.0,18978.0,19050.0,18273.0,4.81,2026-02-02 23:54,-3683
POWERINDIA,2026-02-24,16750.0,1868.45,2300.0,0.0,207.1,2600.0,2600.0,18978.0,19050.0,18273.0,4.81,2026-02-02 23:54,-3644
POWERINDIA,2026-02-24,17000.0,2260.45,7300.0,1150.0,263.45,11350.0,12950.0,18978.0,19050.0,18273.0,4.81,2026-02-02 23:54,-4087
POWERINDIA,2026-02-24,17250.0,0.0,0.0,0.0,0.0,0.0,0.0,18978.0,19050.0,18273.0,4.81,2026-02-02 23:54,-3089
POWERINDIA,2026-02-24,17500.0,1349.0,650.0,0.0,396.1,1500.0,1850.0,18978.0,19050.0,18273.0,4.81,2026-02-02 23:54,-3441
POWERINDIA,2026-02-24,17750.0,1530.75,350.0,300.0,671.7,300.0,0.0,18978.0,19050.0,18273.0,4.81,2026-02-02 23:54,-3712
POWERINDIA,2026-02-24,18000.0,1464.7,8200.0,4500.0,509.75,6050.0,8300.0,18978.0,19050.0,18273.0,4.81,2026-02-02 23:54,-3961
POWERINDIA,2026-02-24,18250.0,1351.0,4400.0,3650.0,604.4,5650.0,9500.0,18978.0,19050.0,18273.0,4.81,2026-02-02 23:54,-2994
POWERINDIA,2026-02-24,18500.0,1168.4,11750.0,27400.0,702.35,8650.0,15950.0,18978.0,19050.0,18273.0,4.81,2026-02-02 23:54,-2416
POWERINDIA,2026-02-24,18750.0,1034.5,2100.0,7350.0,806.55,850.0,1700.0,18978.0,19050.0,18273.0,4.81,2026-02-02 23:54,-816
POWERINDIA,2026-02-24,19000.0,945.0,10400.0,43000.0,917.55,4200.0,4900.0,18978.0,19050.0,18273.0,4.81,2026-02-02 23:54,240
POWERINDIA,2026-02-24,19250.0,801.0,1050.0,2700.0,0.0,0.0,0.0,18978.0,19050.0,18273.0,4.81,2026-02-02 23:54,2112
POWERINDIA,2026-02-24,19500.0,720.0,4350.0,8050.0,1602.45,200.0,0.0,18978.0,19050.0,18273.0,4.81,2026-02-02 23:54,3496
POWERINDIA,2026-02-24,19750.0,558.55,400.0,350.0,0.0,0.0,0.0,18978.0,19050.0,18273.0,4.81,2026-02-02 23:54,5191
POWERINDIA,2026-02-24,20000.0,520.0,18050.0,56950.0,1721.0,1200.0,150.0,18978.0,19050.0,18273.0,4.81,2026-02-02 23:54,6637
POWERINDIA,2026-02-24,20250.0,0.0,0.0,0.0,0.0,0.0,0.0,18978.0,19050.0,18273.0,4.81,2026-02-02 23:54,9274
POWERINDIA,2026-02-24,20500.0,400.0,5600.0,6050.0,1950.0,50.0,0.0,18978.0,19050.0,18273.0,4.81,2026-02-02 23:54,11179
POWERINDIA,2026-02-24,20750.0,318.9,250.0,350.0,0.0,0.0,0.0,18978.0,19050.0,18273.0,4.81,2026-02-02 23:54,13439
POWERINDIA,2026-02-24,21000.0,291.25,5800.0,11550.0,4300.0,100.0,0.0,18978.0,19050.0,18273.0,4.81,2026-02-02 23:54,15500
POWERINDIA,2026-02-24,21500.0,200.05,5850.0,1600.0,0.0,0.0,0.0,18978.0,19050.0,18273.0,4.81,2026-02-02 23:54,20026
POWERINDIA,2026-02-24,22000.0,141.6,18650.0,28650.0,0.0,0.0,0.0,18978.0,19050.0,18273.0,4.81,2026-02-02 23:54,24835
PPLPHARMA,2026-02-24,125.0,0.0,0.0,0.0,0.21,202125.0,107625.0,155.06,156.09,149.76,2.195,2026-02-02 23:54,15858
PPLPHARMA,2026-02-24,130.0,24.85,7875.0,0.0,0.52,181125.0,26250.0,155.06,156.09,149.76,2.195,2026-02-02 23:54,12623
PPLPHARMA,2026-02-24,135.0,19.08,7875.0,0.0,1.33,23625.0,0.0,155.06,156.09,149.76,2.195,2026-02-02 23:54,9498
PPLPHARMA,2026-02-24,137.5,0.0,0.0,0.0,0.0,0.0,0.0,155.06,156.09,149.76,2.195,2026-02-02 23:54,7950
PPLPHARMA,2026-02-24,140.0,13.98,31500.0,0.0,0.96,456750.0,472500.0,155.06,156.09,149.76,2.195,2026-02-02 23:54,6390
PPLPHARMA,2026-02-24,142.5,12.73,18375.0,21000.0,1.5,128625.0,21000.0,155.06,156.09,149.76,2.195,2026-02-02 23:54,4952
PPLPHARMA,2026-02-24,145.0,11.69,34125.0,0.0,1.8,892500.0,191625.0,155.06,156.09,149.76,2.195,2026-02-02 23:54,3555
PPLPHARMA,2026-02-24,147.5,8.91,39375.0,47250.0,2.5,131250.0,23625.0,155.06,156.09,149.76,2.195,2026-02-02 23:54,2265
PPLPHARMA,2026-02-24,150.0,8.6,459375.0,409500.0,3.09,939750.0,1134000.0,155.06,156.09,149.76,2.195,2026-02-02 23:54,1141
PPLPHARMA,2026-02-24,152.5,7.03,504000.0,309750.0,3.89,236250.0,136500.0,155.06,156.09,149.76,2.195,2026-02-02 23:54,468
PPLPHARMA,2026-02-24,155.0,5.87,1212750.0,2821875.0,5.17,1113000.0,364875.0,155.06,156.09,149.76,2.195,2026-02-02 23:54,139
PPLPHARMA,2026-02-24,157.5,4.62,522375.0,304500.0,6.53,443625.0,91875.0,155.06,156.09,149.76,2.195,2026-02-02 23:54,265
PPLPHARMA,2026-02-24,160.0,3.79,2664375.0,2732625.0,8.15,719250.0,220500.0,155.06,156.09,149.76,2.195,2026-02-02 23:54,447
PPLPHARMA,2026-02-24,162.5,3.0,375375.0,5250.0,9.55,13125.0,10500.0,155.06,156.09,149.76,2.195,2026-02-02 23:54,1948
PPLPHARMA,2026-02-24,165.0,2.5,1194375.0,2050125.0,11.4,451500.0,63000.0,155.06,156.09,149.76,2.195,2026-02-02 23:54,3222
PPLPHARMA,2026-02-24,167.5,2.0,94500.0,160125.0,15.02,7875.0,7875.0,155.06,156.09,149.76,2.195,2026-02-02 23:54,4591
PPLPHARMA,2026-02-24,170.0,1.72,1433250.0,834750.0,17.71,105000.0,0.0,155.06,156.09,149.76,2.195,2026-02-02 23:54,6209
PPLPHARMA,2026-02-24,172.5,0.35,2625.0,0.0,21.5,10500.0,0.0,155.06,156.09,149.76,2.195,2026-02-02 23:54,8266
PPLPHARMA,2026-02-24,175.0,1.15,475125.0,477750.0,22.72,65625.0,0.0,155.06,156.09,149.76,2.195,2026-02-02 23:54,10242
PPLPHARMA,2026-02-24,177.5,0.9,0.0,7875.0,21.0,2625.0,0.0,155.06,156.09,149.76,2.195,2026-02-02 23:54,12282
PPLPHARMA,2026-02-24,180.0,0.9,926625.0,685125.0,25.0,168000.0,13125.0,155.06,156.09,149.76,2.195,2026-02-02 23:54,14411
PPLPHARMA,2026-02-24,182.5,0.79,7875.0,0.0,0.0,0.0,0.0,155.06,156.09,149.76,2.195,2026-02-02 23:54,16483
PPLPHARMA,2026-02-24,185.0,0.7,60375.0,0.0,33.0,70875.0,0.0,155.06,156.09,149.76,2.195,2026-02-02 23:54,18894
PPLPHARMA,2026-02-24,187.5,0.5,52500.0,0.0,27.76,31500.0,0.0,155.06,156.09,149.76,2.195,2026-02-02 23:54,21108
PPLPHARMA,2026-02-24,190.0,0.48,283500.0,84000.0,38.4,107625.0,2625.0,155.06,156.09,149.76,2.195,2026-02-02 23:54,23487
PPLPHARMA,2026-02-24,195.0,0.25,15750.0,15750.0,42.68,57750.0,0.0,155.06,156.09,149.76,2.195,2026-02-02 23:54,28211
PPLPHARMA,2026-02-24,200.0,0.26,81375.0,21000.0,47.48,91875.0,0.0,155.06,156.09,149.76,2.195,2026-02-02 23:54,33126
PPLPHARMA,2026-02-24,205.0,0.0,0.0,0.0,53.5,5250.0,0.0,155.06,156.09,149.76,2.195,2026-02-02 23:54,37939
PPLPHARMA,2026-02-24,220.0,0.0,0.0,0.0,48.2,5250.0,0.0,155.06,156.09,149.76,2.195,2026-02-02 23:54,53661
PREMIERENE,2026-02-24,560.0,0.0,0.0,0.0,1.0,13800.0,0.0,734.2,738.0,692.05,6.183,2026-02-02 23:54,12923
PREMIERENE,2026-02-24,580.0,0.0,0.0,0.0,10.5,2875.0,0.0,734.2,738.0,692.05,6.183,2026-02-02 23:54,10378
PREMIERENE,2026-02-24,590.0,0.0,0.0,0.0,0.0,0.0,0.0,734.2,738.0,692.05,6.183,2026-02-02 23:54,9106
PREMIERENE,2026-02-24,600.0,126.8,1150.0,0.0,2.85,159275.0,51175.0,734.2,738.0,692.05,6.183,2026-02-02 23:54,7837
PREMIERENE,2026-02-24,610.0,0.0,0.0,0.0,0.0,0.0,0.0,734.2,738.0,692.05,6.183,2026-02-02 23:54,6698
PREMIERENE,2026-02-24,620.0,80.75,1725.0,0.0,4.6,7475.0,1725.0,734.2,738.0,692.05,6.183,2026-02-02 23:54,5589
PREMIERENE,2026-02-24,630.0,75.0,3450.0,0.0,5.05,32775.0,38525.0,734.2,738.0,692.05,6.183,2026-02-02 23:54,4500
PREMIERENE,2026-02-24,640.0,74.2,1725.0,0.0,6.0,28175.0,14950.0,734.2,738.0,692.05,6.183,2026-02-02 23:54,3446
PREMIERENE,2026-02-24,650.0,66.5,575.0,0.0,7.15,30475.0,54050.0,734.2,738.0,692.05,6.183,2026-02-02 23:54,2409
PREMIERENE,2026-02-24,660.0,52.5,1150.0,0.0,8.4,54050.0,45425.0,734.2,738.0,692.05,6.183,2026-02-02 23:54,1389
PREMIERENE,2026-02-24,670.0,75.3,4600.0,8625.0,11.5,8625.0,12650.0,734.2,738.0,692.05,6.183,2026-02-02 23:54,402
PREMIERENE,2026-02-24,680.0,67.4,8050.0,8625.0,12.2,57500.0,50025.0,734.2,738.0,692.05,6.183,2026-02-02 23:54,-506
PREMIERENE,2026-02-24,690.0,50.1,6325.0,13225.0,13.75,30475.0,70725.0,734.2,738.0,692.05,6.183,2026-02-02 23:54,-1390
PREMIERENE,2026-02-24,700.0,54.65,190900.0,288650.0,15.55,259900.0,298425.0,734.2,738.0,692.05,6.183,2026-02-02 23:54,-2231
PREMIERENE,2026-02-24,710.0,48.75,69000.0,112700.0,18.5,62675.0,106375.0,734.2,738.0,692.05,6.183,2026-02-02 23:54,-1973
PREMIERENE,2026-02-24,720.0,42.6,81075.0,443325.0,21.35,211600.0,788325.0,734.2,738.0,692.05,6.183,2026-02-02 23:54,-2001
PREMIERENE,2026-02-24,730.0,35.8,83375.0,238625.0,25.45,25300.0,42550.0,734.2,738.0,692.05,6.183,2026-02-02 23:54,-2064
PREMIERENE,2026-02-24,740.0,30.75,221950.0,242075.0,29.6,147775.0,16100.0,734.2,738.0,692.05,6.183,2026-02-02 23:54,-1678
PREMIERENE,2026-02-24,750.0,25.4,331775.0,605475.0,35.1,83950.0,6900.0,734.2,738.0,692.05,6.183,2026-02-02 23:54,-911
PREMIERENE,2026-02-24,760.0,21.5,196650.0,89700.0,45.0,20700.0,3450.0,734.2,738.0,692.05,6.183,2026-02-02 23:54,574
PREMIERENE,2026-02-24,770.0,17.45,50600.0,16100.0,58.1,6325.0,1150.0,734.2,738.0,692.05,6.183,2026-02-02 23:54,2059
PREMIERENE,2026-02-24,780.0,14.95,35650.0,79925.0,89.6,2875.0,0.0,734.2,738.0,692.05,6.183,2026-02-02 23:54,3323
PREMIERENE,2026-02-24,790.0,11.2,17250.0,17250.0,101.55,6325.0,0.0,734.2,738.0,692.05,6.183,2026-02-02 23:54,4601
PREMIERENE,2026-02-24,800.0,10.0,209875.0,272550.0,72.85,7475.0,4025.0,734.2,738.0,692.05,6.183,2026-02-02 23:54,5830
PREMIERENE,2026-02-24,810.0,7.75,17250.0,1725.0,0.0,0.0,0.0,734.2,738.0,692.05,6.183,2026-02-02 23:54,7477
PREMIERENE,2026-02-24,820.0,6.8,25300.0,33925.0,128.6,1150.0,0.0,734.2,738.0,692.05,6.183,2026-02-02 23:54,8999
PREMIERENE,2026-02-24,840.0,4.45,6900.0,11500.0,0.0,0.0,0.0,734.2,738.0,692.05,6.183,2026-02-02 23:54,12072
PREMIERENE,2026-02-24,850.0,3.95,56350.0,55200.0,121.0,7475.0,575.0,734.2,738.0,692.05,6.183,2026-02-02 23:54,13618
PREMIERENE,2026-02-24,860.0,3.1,10925.0,5750.0,166.55,4600.0,0.0,734.2,738.0,692.05,6.183,2026-02-02 23:54,15155
PREMIERENE,2026-02-24,890.0,0.8,7475.0,1150.0,195.8,4025.0,0.0,734.2,738.0,692.05,6.183,2026-02-02 23:54,19947
PREMIERENE,2026-02-24,900.0,1.85,59800.0,10925.0,205.6,575.0,0.0,734.2,738.0,692.05,6.183,2026-02-02 23:54,21501
PREMIERENE,2026-02-24,910.0,0.35,575.0,0.0,0.0,0.0,0.0,734.2,738.0,692.05,6.183,2026-02-02 23:54,23194
PREMIERENE,2026-02-24,920.0,0.3,2875.0,0.0,225.35,1150.0,0.0,734.2,738.0,692.05,6.183,2026-02-02 23:54,24888
PREMIERENE,2026-02-24,930.0,0.2,7475.0,0.0,235.25,6325.0,0.0,734.2,738.0,692.05,6.183,2026-02-02 23:54,26560
PREMIERENE,2026-02-24,940.0,0.15,6900.0,0.0,0.0,0.0,0.0,734.2,738.0,692.05,6.183,2026-02-02 23:54,28123
PREMIERENE,2026-02-24,960.0,0.1,575.0,0.0,0.0,0.0,0.0,734.2,738.0,692.05,6.183,2026-02-02 23:54,31561
PRESTIGE,2026-02-24,1160.0,0.0,0.0,0.0,5.1,20700.0,0.0,1483.2,1494.5,1446.8,-1.14,2026-02-02 23:54,12983
PRESTIGE,2026-02-24,1180.0,0.0,0.0,0.0,0.0,0.0,0.0,1483.2,1494.5,1446.8,-1.14,2026-02-02 23:54,11620
PRESTIGE,2026-02-24,1200.0,0.0,0.0,0.0,4.0,51300.0,15300.0,1483.2,1494.5,1446.8,-1.14,2026-02-02 23:54,10267
PRESTIGE,2026-02-24,1220.0,0.0,0.0,0.0,0.0,0.0,0.0,1483.2,1494.5,1446.8,-1.14,2026-02-02 23:54,8997
PRESTIGE,2026-02-24,1240.0,0.0,0.0,0.0,4.2,10800.0,2700.0,1483.2,1494.5,1446.8,-1.14,2026-02-02 23:54,7746
PRESTIGE,2026-02-24,1260.0,0.0,0.0,0.0,0.0,0.0,0.0,1483.2,1494.5,1446.8,-1.14,2026-02-02 23:54,6513
PRESTIGE,2026-02-24,1280.0,0.0,0.0,0.0,3.9,16650.0,10800.0,1483.2,1494.5,1446.8,-1.14,2026-02-02 23:54,5285
PRESTIGE,2026-02-24,1300.0,211.45,4500.0,0.0,6.85,45900.0,64800.0,1483.2,1494.5,1446.8,-1.14,2026-02-02 23:54,4083
PRESTIGE,2026-02-24,1320.0,151.3,450.0,1800.0,8.3,36900.0,54450.0,1483.2,1494.5,1446.8,-1.14,2026-02-02 23:54,3053
PRESTIGE,2026-02-24,1340.0,176.6,2700.0,0.0,10.25,36000.0,3600.0,1483.2,1494.5,1446.8,-1.14,2026-02-02 23:54,2009
PRESTIGE,2026-02-24,1360.0,136.0,9000.0,1350.0,12.65,79650.0,49950.0,1483.2,1494.5,1446.8,-1.14,2026-02-02 23:54,1077
PRESTIGE,2026-02-24,1380.0,100.85,10800.0,900.0,14.7,28800.0,18000.0,1483.2,1494.5,1446.8,-1.14,2026-02-02 23:54,334
PRESTIGE,2026-02-24,1400.0,99.85,89100.0,8100.0,19.65,73800.0,184500.0,1483.2,1494.5,1446.8,-1.14,2026-02-02 23:54,-284
PRESTIGE,2026-02-24,1420.0,91.8,38250.0,10350.0,25.1,37350.0,27900.0,1483.2,1494.5,1446.8,-1.14,2026-02-02 23:54,100
PRESTIGE,2026-02-24,1440.0,73.0,69750.0,26550.0,30.5,57600.0,84600.0,1483.2,1494.5,1446.8,-1.14,2026-02-02 23:54,148
PRESTIGE,2026-02-24,1460.0,67.15,37350.0,71100.0,36.0,51750.0,55800.0,1483.2,1494.5,1446.8,-1.14,2026-02-02 23:54,528
PRESTIGE,2026-02-24,1480.0,50.2,55350.0,129150.0,46.95,61650.0,273600.0,1483.2,1494.5,1446.8,-1.14,2026-02-02 23:54,816
PRESTIGE,2026-02-24,1500.0,40.55,114300.0,405900.0,63.6,30150.0,24300.0,1483.2,1494.5,1446.8,-1.14,2026-02-02 23:54,1263
PRESTIGE,2026-02-24,1520.0,32.35,21600.0,29250.0,67.8,2700.0,4500.0,1483.2,1494.5,1446.8,-1.14,2026-02-02 23:54,2281
PRESTIGE,2026-02-24,1540.0,28.9,51300.0,40050.0,81.05,12600.0,5400.0,1483.2,1494.5,1446.8,-1.14,2026-02-02 23:54,3129
PRESTIGE,2026-02-24,1560.0,19.95,17550.0,21600.0,118.6,1350.0,1350.0,1483.2,1494.5,1446.8,-1.14,2026-02-02 23:54,4098
PRESTIGE,2026-02-24,1580.0,16.6,26100.0,23400.0,114.4,1800.0,5400.0,1483.2,1494.5,1446.8,-1.14,2026-02-02 23:54,5078
PRESTIGE,2026-02-24,1600.0,12.8,63450.0,178200.0,144.35,1800.0,6300.0,1483.2,1494.5,1446.8,-1.14,2026-02-02 23:54,6118
PRESTIGE,2026-02-24,1620.0,10.6,32850.0,16650.0,153.3,5850.0,4500.0,1483.2,1494.5,1446.8,-1.14,2026-02-02 23:54,7321
PRESTIGE,2026-02-24,1640.0,7.75,20700.0,16200.0,159.0,450.0,900.0,1483.2,1494.5,1446.8,-1.14,2026-02-02 23:54,8491
PRESTIGE,2026-02-24,1660.0,7.2,35550.0,45900.0,170.95,450.0,0.0,1483.2,1494.5,1446.8,-1.14,2026-02-02 23:54,9767
PRESTIGE,2026-02-24,1680.0,14.35,2250.0,0.0,0.0,0.0,0.0,1483.2,1494.5,1446.8,-1.14,2026-02-02 23:54,11124
PRESTIGE,2026-02-24,1700.0,4.8,130500.0,258300.0,203.0,10350.0,0.0,1483.2,1494.5,1446.8,-1.14,2026-02-02 23:54,12471
PRESTIGE,2026-02-24,1720.0,0.0,0.0,0.0,0.0,0.0,0.0,1483.2,1494.5,1446.8,-1.14,2026-02-02 23:54,13949
PRESTIGE,2026-02-24,1740.0,7.65,2700.0,0.0,0.0,0.0,0.0,1483.2,1494.5,1446.8,-1.14,2026-02-02 23:54,15574
PRESTIGE,2026-02-24,1760.0,6.1,7200.0,0.0,259.2,900.0,0.0,1483.2,1494.5,1446.8,-1.14,2026-02-02 23:54,17207
PRESTIGE,2026-02-24,1780.0,4.85,3150.0,0.0,0.0,0.0,0.0,1483.2,1494.5,1446.8,-1.14,2026-02-02 23:54,18835
PRESTIGE,2026-02-24,1800.0,5.35,1800.0,0.0,0.0,0.0,0.0,1483.2,1494.5,1446.8,-1.14,2026-02-02 23:54,20490
PRESTIGE,2026-02-24,1820.0,3.05,900.0,0.0,0.0,0.0,0.0,1483.2,1494.5,1446.8,-1.14,2026-02-02 23:54,22148
PRESTIGE,2026-02-24,1840.0,2.4,900.0,0.0,0.0,0.0,0.0,1483.2,1494.5,1446.8,-1.14,2026-02-02 23:54,23807
PRESTIGE,2026-02-24,1880.0,1.45,8100.0,0.0,374.05,18900.0,0.0,1483.2,1494.5,1446.8,-1.14,2026-02-02 23:54,27128
PRESTIGE,2026-02-24,1920.0,1.95,37350.0,28800.0,413.35,900.0,0.0,1483.2,1494.5,1446.8,-1.14,2026-02-02 23:54,29851
RBLBANK,2026-02-24,240.0,0.0,0.0,0.0,0.0,0.0,0.0,296.95,298.5,287.8,1.695,2026-02-02 23:54,63070
RBLBANK,2026-02-24,250.0,0.0,0.0,0.0,0.55,180975.0,57150.0,296.95,298.5,287.8,1.695,2026-02-02 23:54,47509
RBLBANK,2026-02-24,260.0,0.0,0.0,0.0,0.6,514350.0,257175.0,296.95,298.5,287.8,1.695,2026-02-02 23:54,32119
RBLBANK,2026-02-24,265.0,0.0,0.0,0.0,0.0,0.0,0.0,296.95,298.5,287.8,1.695,2026-02-02 23:54,24656
RBLBANK,2026-02-24,270.0,32.6,15875.0,0.0,0.95,955675.0,577850.0,296.95,298.5,287.8,1.695,2026-02-02 23:54,17223
RBLBANK,2026-02-24,275.0,18.45,25400.0,53975.0,1.25,587375.0,263525.0,296.95,298.5,287.8,1.695,2026-02-02 23:54,10237
RBLBANK,2026-02-24,280.0,19.8,47625.0,120650.0,1.7,4213225.0,1374775.0,296.95,298.5,287.8,1.695,2026-02-02 23:54,3570
RBLBANK,2026-02-24,285.0,15.55,38100.0,15875.0,2.4,825500.0,1593850.0,296.95,298.5,287.8,1.695,2026-02-02 23:54,-1561
RBLBANK,2026-02-24,290.0,11.0,2159000.0,2635250.0,3.25,3365500.0,2085975.0,296.95,298.5,287.8,1.695,2026-02-02 23:54,-5778
RBLBANK,2026-02-24,295.0,7.55,4248150.0,2270125.0,4.9,1412875.0,946150.0,296.95,298.5,287.8,1.695,2026-02-02 23:54,-5813
RBLBANK,2026-02-24,300.0,5.4,5153025.0,6111875.0,7.85,2406650.0,527050.0,296.95,298.5,287.8,1.695,2026-02-02 23:54,-1783
RBLBANK,2026-02-24,305.0,3.75,1771650.0,2854325.0,10.45,196850.0,168275.0,296.95,298.5,287.8,1.695,2026-02-02 23:54,4403
RBLBANK,2026-02-24,310.0,2.45,2895600.0,3460750.0,14.3,501650.0,254000.0,296.95,298.5,287.8,1.695,2026-02-02 23:54,11141
RBLBANK,2026-02-24,315.0,1.8,323850.0,444500.0,23.5,146050.0,0.0,296.95,298.5,287.8,1.695,2026-02-02 23:54,19110
RBLBANK,2026-02-24,320.0,1.25,2409825.0,1139825.0,28.0,225425.0,0.0,296.95,298.5,287.8,1.695,2026-02-02 23:54,27037
RBLBANK,2026-02-24,325.0,1.0,561975.0,238125.0,0.0,0.0,0.0,296.95,298.5,287.8,1.695,2026-02-02 23:54,36237
RBLBANK,2026-02-24,330.0,0.75,2901950.0,333375.0,0.0,0.0,0.0,296.95,298.5,287.8,1.695,2026-02-02 23:54,46104
RBLBANK,2026-02-24,335.0,0.45,25400.0,6350.0,0.0,0.0,0.0,296.95,298.5,287.8,1.695,2026-02-02 23:54,57583
RBLBANK,2026-02-24,340.0,0.4,460375.0,63500.0,0.0,0.0,0.0,296.95,298.5,287.8,1.695,2026-02-02 23:54,68859
RBLBANK,2026-02-24,345.0,1.1,3175.0,0.0,0.0,0.0,0.0,296.95,298.5,287.8,1.695,2026-02-02 23:54,80382
RBLBANK,2026-02-24,350.0,0.35,781050.0,190500.0,57.5,28575.0,0.0,296.95,298.5,287.8,1.695,2026-02-02 23:54,91888
RBLBANK,2026-02-24,355.0,0.6,6350.0,0.0,0.0,0.0,0.0,296.95,298.5,287.8,1.695,2026-02-02 23:54,103662
RBLBANK,2026-02-24,370.0,0.2,25400.0,0.0,0.0,0.0,0.0,296.95,298.5,287.8,1.695,2026-02-02 23:54,139405
RECLTD,2026-02-24,290.0,0.0,0.0,0.0,0.4,246400.0,23800.0,363.1,368.35,354.75,0.903,2026-02-02 23:54,148941
RECLTD,2026-02-24,300.0,60.65,79800.0,0.0,0.6,520800.0,364000.0,363.1,368.35,354.75,0.903,2026-02-02 23:54,124433
RECLTD,2026-02-24,305.0,0.0,0.0,0.0,1.0,77000.0,0.0,363.1,368.35,354.75,0.903,2026-02-02 23:54,112936
RECLTD,2026-02-24,310.0,52.0,1400.0,0.0,0.95,362600.0,385000.0,363.1,368.35,354.75,0.903,2026-02-02 23:54,101018
RECLTD,2026-02-24,315.0,0.0,0.0,0.0,1.25,82600.0,247800.0,363.1,368.35,354.75,0.903,2026-02-02 23:54,89263
RECLTD,2026-02-24,320.0,0.0,0.0,0.0,1.55,833000.0,856800.0,363.1,368.35,354.75,0.903,2026-02-02 23:54,77565
RECLTD,2026-02-24,325.0,0.0,0.0,0.0,2.0,390600.0,827400.0,363.1,368.35,354.75,0.903,2026-02-02 23:54,66165
RECLTD,2026-02-24,327.5,0.0,0.0,0.0,2.7,96600.0,85400.0,363.1,368.35,354.75,0.903,2026-02-02 23:54,60549
RECLTD,2026-02-24,330.0,33.7,137200.0,19600.0,2.5,1279600.0,1600200.0,363.1,368.35,354.75,0.903,2026-02-02 23:54,55010
RECLTD,2026-02-24,332.5,0.0,0.0,0.0,2.85,131600.0,84000.0,363.1,368.35,354.75,0.903,2026-02-02 23:54,49993
RECLTD,2026-02-24,335.0,30.5,0.0,0.0,3.15,225400.0,474600.0,363.1,368.35,354.75,0.903,2026-02-02 23:54,44829
RECLTD,2026-02-24,337.5,0.0,0.0,0.0,3.8,119000.0,191800.0,363.1,368.35,354.75,0.903,2026-02-02 23:54,39688
RECLTD,2026-02-24,340.0,25.75,169400.0,142800.0,4.1,1667400.0,2210600.0,363.1,368.35,354.75,0.903,2026-02-02 23:54,34602
RECLTD,2026-02-24,342.5,23.65,43400.0,68600.0,4.65,95200.0,256200.0,363.1,368.35,354.75,0.903,2026-02-02 23:54,29774
RECLTD,2026-02-24,345.0,22.05,53200.0,177800.0,5.4,506800.0,2487800.0,363.1,368.35,354.75,0.903,2026-02-02 23:54,25286
RECLTD,2026-02-24,347.5,20.2,51800.0,187600.0,6.1,177800.0,455000.0,363.1,368.35,354.75,0.903,2026-02-02 23:54,20723
RECLTD,2026-02-24,350.0,18.55,1922200.0,2245600.0,6.9,3747800.0,6791400.0,363.1,368.35,354.75,0.903,2026-02-02 23:54,16370
RECLTD,2026-02-24,352.5,16.85,72800.0,813400.0,7.7,317800.0,886200.0,363.1,368.35,354.75,0.903,2026-02-02 23:54,14418
RECLTD,2026-02-24,355.0,15.25,371000.0,2517200.0,8.7,722400.0,2371600.0,363.1,368.35,354.75,0.903,2026-02-02 23:54,11462
RECLTD,2026-02-24,357.5,13.8,207200.0,2290400.0,9.85,266000.0,1412600.0,363.1,368.35,354.75,0.903,2026-02-02 23:54,8839
RECLTD,2026-02-24,360.0,12.65,1962800.0,8687000.0,10.85,2398200.0,2987600.0,363.1,368.35,354.75,0.903,2026-02-02 23:54,6420
RECLTD,2026-02-24,362.5,11.35,322000.0,1933400.0,12.4,434000.0,677600.0,363.1,368.35,354.75,0.903,2026-02-02 23:54,4949
RECLTD,2026-02-24,365.0,10.25,1108800.0,5525800.0,13.6,891800.0,1006600.0,363.1,368.35,354.75,0.903,2026-02-02 23:54,3613
RECLTD,2026-02-24,367.5,9.35,271600.0,1422400.0,14.75,410200.0,441000.0,363.1,368.35,354.75,0.903,2026-02-02 23:54,2874
RECLTD,2026-02-24,370.0,8.35,3169600.0,8341200.0,16.6,1986600.0,697200.0,363.1,368.35,354.75,0.903,2026-02-02 23:54,2031
RECLTD,2026-02-24,372.5,7.4,299600.0,609000.0,17.8,334600.0,120400.0,363.1,368.35,354.75,0.903,2026-02-02 23:54,2176
RECLTD,2026-02-24,375.0,6.6,1513400.0,3281600.0,19.85,716800.0,134400.0,363.1,368.35,354.75,0.903,2026-02-02 23:54,2757
RECLTD,2026-02-24,377.5,5.85,396200.0,476000.0,21.6,205800.0,12600.0,363.1,368.35,354.75,0.903,2026-02-02 23:54,3846
RECLTD,2026-02-24,380.0,5.3,5877200.0,6078800.0,23.6,2048200.0,123200.0,363.1,368.35,354.75,0.903,2026-02-02 23:54,5296
RECLTD,2026-02-24,382.5,4.7,358400.0,338800.0,34.15,338800.0,53200.0,363.1,368.35,354.75,0.903,2026-02-02 23:54,7222
RECLTD,2026-02-24,385.0,4.25,1296400.0,1589000.0,27.15,183400.0,39200.0,363.1,368.35,354.75,0.903,2026-02-02 23:54,10052
RECLTD,2026-02-24,387.5,3.75,222600.0,441000.0,26.9,112000.0,0.0,363.1,368.35,354.75,0.903,2026-02-02 23:54,14294
RECLTD,2026-02-24,390.0,3.4,3746400.0,5027400.0,31.4,317800.0,54600.0,363.1,368.35,354.75,0.903,2026-02-02 23:54,18349
RECLTD,2026-02-24,392.5,3.0,225400.0,231000.0,26.8,36400.0,0.0,363.1,368.35,354.75,0.903,2026-02-02 23:54,23913
RECLTD,2026-02-24,395.0,2.75,579600.0,756000.0,28.4,32200.0,0.0,363.1,368.35,354.75,0.903,2026-02-02 23:54,29237
RECLTD,2026-02-24,397.5,2.4,140000.0,191800.0,40.2,1400.0,0.0,363.1,368.35,354.75,0.903,2026-02-02 23:54,34812
RECLTD,2026-02-24,400.0,2.35,6773200.0,6438600.0,39.95,1225000.0,114800.0,363.1,368.35,354.75,0.903,2026-02-02 23:54,40382
RECLTD,2026-02-24,402.5,2.15,134400.0,98000.0,51.15,2800.0,0.0,363.1,368.35,354.75,0.903,2026-02-02 23:54,44622
RECLTD,2026-02-24,405.0,1.9,525000.0,665000.0,47.2,4200.0,0.0,363.1,368.35,354.75,0.903,2026-02-02 23:54,52213
RECLTD,2026-02-24,407.5,1.7,50400.0,77000.0,55.7,2800.0,0.0,363.1,368.35,354.75,0.903,2026-02-02 23:54,60001
RECLTD,2026-02-24,410.0,1.6,1290800.0,1442000.0,48.75,105000.0,9800.0,363.1,368.35,354.75,0.903,2026-02-02 23:54,67716
RECLTD,2026-02-24,412.5,1.35,46200.0,58800.0,59.55,2800.0,0.0,363.1,368.35,354.75,0.903,2026-02-02 23:54,75481
RECLTD,2026-02-24,415.0,1.3,238000.0,277200.0,55.15,2800.0,0.0,363.1,368.35,354.75,0.903,2026-02-02 23:54,83553
RECLTD,2026-02-24,420.0,1.1,1796200.0,1549800.0,67.55,298200.0,46200.0,363.1,368.35,354.75,0.903,2026-02-02 23:54,99855
RECLTD,2026-02-24,425.0,0.95,144200.0,280000.0,50.5,46200.0,0.0,363.1,368.35,354.75,0.903,2026-02-02 23:54,115372
RECLTD,2026-02-24,430.0,0.85,848400.0,959000.0,67.05,275800.0,0.0,363.1,368.35,354.75,0.903,2026-02-02 23:54,132581
RECLTD,2026-02-24,435.0,0.8,1184400.0,817600.0,75.75,464800.0,0.0,363.1,368.35,354.75,0.903,2026-02-02 23:54,148794
RELIANCE,2026-02-24,1100.0,0.0,0.0,0.0,0.45,24000.0,41000.0,1390.4,1392.9,1335.5,3.222,2026-02-02 23:54,811824
RELIANCE,2026-02-24,1120.0,0.0,0.0,0.0,0.0,0.0,0.0,1390.4,1392.9,1335.5,3.222,2026-02-02 23:54,750414
RELIANCE,2026-02-24,1140.0,251.5,46500.0,40500.0,0.7,280500.0,367500.0,1390.4,1392.9,1335.5,3.222,2026-02-02 23:54,689005
RELIANCE,2026-02-24,1160.0,0.0,0.0,0.0,0.85,107000.0,144500.0,1390.4,1392.9,1335.5,3.222,2026-02-02 23:54,629400
RELIANCE,2026-02-24,1180.0,0.0,0.0,0.0,1.0,91000.0,237500.0,1390.4,1392.9,1335.5,3.222,2026-02-02 23:54,568850
RELIANCE,2026-02-24,1200.0,192.0,1068000.0,55500.0,1.2,1076500.0,1267000.0,1390.4,1392.9,1335.5,3.222,2026-02-02 23:54,508482
RELIANCE,2026-02-24,1220.0,173.75,57500.0,41500.0,1.6,397500.0,861500.0,1390.4,1392.9,1335.5,3.222,2026-02-02 23:54,472788
RELIANCE,2026-02-24,1230.0,0.0,0.0,0.0,1.75,65500.0,227500.0,1390.4,1392.9,1335.5,3.222,2026-02-02 23:54,446144
RELIANCE,2026-02-24,1240.0,0.0,0.0,0.0,2.05,826500.0,839500.0,1390.4,1392.9,1335.5,3.222,2026-02-02 23:54,418618
RELIANCE,2026-02-24,1250.0,0.0,0.0,0.0,2.25,434500.0,740500.0,1390.4,1392.9,1335.5,3.222,2026-02-02 23:54,391760
RELIANCE,2026-02-24,1260.0,105.15,11000.0,3000.0,2.7,872500.0,1251000.0,1390.4,1392.9,1335.5,3.222,2026-02-02 23:54,365409
RELIANCE,2026-02-24,1270.0,110.45,7500.0,6500.0,3.15,296000.0,1158500.0,1390.4,1392.9,1335.5,3.222,2026-02-02 23:54,339919
RELIANCE,2026-02-24,1280.0,114.35,42500.0,69500.0,3.65,578000.0,1746500.0,1390.4,1392.9,1335.5,3.222,2026-02-02 23:54,314842
RELIANCE,2026-02-24,1290.0,85.0,500.0,0.0,4.15,317000.0,1062500.0,1390.4,1392.9,1335.5,3.222,2026-02-02 23:54,290671
RELIANCE,2026-02-24,1300.0,95.95,389000.0,404500.0,4.8,2326000.0,5665500.0,1390.4,1392.9,1335.5,3.222,2026-02-02 23:54,266415
RELIANCE,2026-02-24,1310.0,87.0,500.0,1000.0,5.6,802000.0,1857000.0,1390.4,1392.9,1335.5,3.222,2026-02-02 23:54,247618
RELIANCE,2026-02-24,1320.0,77.0,109000.0,251000.0,6.6,696000.0,3680500.0,1390.4,1392.9,1335.5,3.222,2026-02-02 23:54,226562
RELIANCE,2026-02-24,1330.0,68.75,48500.0,195000.0,7.85,485500.0,2961500.0,1390.4,1392.9,1335.5,3.222,2026-02-02 23:54,207136
RELIANCE,2026-02-24,1340.0,60.5,132500.0,1339000.0,9.5,1097500.0,4048500.0,1390.4,1392.9,1335.5,3.222,2026-02-02 23:54,187816
RELIANCE,2026-02-24,1350.0,52.0,461000.0,2952000.0,11.25,1341000.0,6041000.0,1390.4,1392.9,1335.5,3.222,2026-02-02 23:54,169533
RELIANCE,2026-02-24,1360.0,44.6,402500.0,5185500.0,13.55,1210500.0,5737000.0,1390.4,1392.9,1335.5,3.222,2026-02-02 23:54,154182
RELIANCE,2026-02-24,1370.0,37.2,1333500.0,6886000.0,16.7,882000.0,3867000.0,1390.4,1392.9,1335.5,3.222,2026-02-02 23:54,139710
RELIANCE,2026-02-24,1380.0,31.35,1671000.0,9236500.0,20.05,1860000.0,5083500.0,1390.4,1392.9,1335.5,3.222,2026-02-02 23:54,130786
RELIANCE,2026-02-24,1390.0,25.5,3032000.0,6723500.0,24.25,1301000.0,1890500.0,1390.4,1392.9,1335.5,3.222,2026-02-02 23:54,123415
RELIANCE,2026-02-24,1400.0,20.5,9408500.0,26062000.0,29.55,2652500.0,3527000.0,1390.4,1392.9,1335.5,3.222,2026-02-02 23:54,123444
RELIANCE,2026-02-24,1410.0,16.3,1519500.0,5458500.0,35.0,922500.0,431000.0,1390.4,1392.9,1335.5,3.222,2026-02-02 23:54,142407
RELIANCE,2026-02-24,1420.0,13.15,3051000.0,7698500.0,42.0,875500.0,461500.0,1390.4,1392.9,1335.5,3.222,2026-02-02 23:54,151610
RELIANCE,2026-02-24,1430.0,11.0,1485500.0,4402000.0,49.35,303500.0,52500.0,1390.4,1392.9,1335.5,3.222,2026-02-02 23:54,165827
RELIANCE,2026-02-24,1440.0,8.4,2565500.0,4785000.0,57.2,457500.0,288000.0,1390.4,1392.9,1335.5,3.222,2026-02-02 23:54,181635
RELIANCE,2026-02-24,1450.0,6.9,4987500.0,7443000.0,65.2,876000.0,204500.0,1390.4,1392.9,1335.5,3.222,2026-02-02 23:54,199867
RELIANCE,2026-02-24,1460.0,5.55,1636500.0,3327000.0,73.1,361500.0,69500.0,1390.4,1392.9,1335.5,3.222,2026-02-02 23:54,222154
RELIANCE,2026-02-24,1470.0,4.7,911500.0,1774000.0,82.7,164500.0,35500.0,1390.4,1392.9,1335.5,3.222,2026-02-02 23:54,246975
RELIANCE,2026-02-24,1480.0,4.0,1614500.0,2201000.0,91.65,338500.0,26500.0,1390.4,1392.9,1335.5,3.222,2026-02-02 23:54,273675
RELIANCE,2026-02-24,1490.0,3.4,430500.0,1239500.0,122.55,73500.0,3500.0,1390.4,1392.9,1335.5,3.222,2026-02-02 23:54,300803
RELIANCE,2026-02-24,1500.0,3.1,7664500.0,7900000.0,111.0,1520500.0,238000.0,1390.4,1392.9,1335.5,3.222,2026-02-02 23:54,330137
RELIANCE,2026-02-24,1510.0,2.7,599500.0,854500.0,120.0,30500.0,1500.0,1390.4,1392.9,1335.5,3.222,2026-02-02 23:54,354909
RELIANCE,2026-02-24,1520.0,2.35,1054000.0,1113000.0,128.7,213500.0,34500.0,1390.4,1392.9,1335.5,3.222,2026-02-02 23:54,394608
RELIANCE,2026-02-24,1530.0,2.0,563000.0,531000.0,151.55,126500.0,2500.0,1390.4,1392.9,1335.5,3.222,2026-02-02 23:54,433279
RELIANCE,2026-02-24,1540.0,1.8,728000.0,522500.0,155.0,196000.0,9500.0,1390.4,1392.9,1335.5,3.222,2026-02-02 23:54,473335
RELIANCE,2026-02-24,1550.0,1.55,1750000.0,1456000.0,159.35,808500.0,79000.0,1390.4,1392.9,1335.5,3.222,2026-02-02 23:54,513213
RELIANCE,2026-02-24,1560.0,1.35,716000.0,492500.0,161.45,202500.0,0.0,1390.4,1392.9,1335.5,3.222,2026-02-02 23:54,545943
RELIANCE,2026-02-24,1570.0,1.3,510500.0,154500.0,176.0,67000.0,500.0,1390.4,1392.9,1335.5,3.222,2026-02-02 23:54,589032
RELIANCE,2026-02-24,1580.0,1.25,375500.0,254500.0,200.9,143500.0,8000.0,1390.4,1392.9,1335.5,3.222,2026-02-02 23:54,634758
RELIANCE,2026-02-24,1590.0,1.1,533000.0,458500.0,237.15,5000.0,0.0,1390.4,1392.9,1335.5,3.222,2026-02-02 23:54,679280
RELIANCE,2026-02-24,1600.0,1.05,4894000.0,2415000.0,208.35,1424000.0,127500.0,1390.4,1392.9,1335.5,3.222,2026-02-02 23:54,727116
RELIANCE,2026-02-24,1610.0,1.05,155500.0,49500.0,241.1,31500.0,0.0,1390.4,1392.9,1335.5,3.222,2026-02-02 23:54,752175
RELIANCE,2026-02-24,1620.0,0.95,699500.0,183500.0,219.95,20000.0,0.0,1390.4,1392.9,1335.5,3.222,2026-02-02 23:54,805833
RELIANCE,2026-02-24,1630.0,0.85,37000.0,24000.0,0.0,0.0,0.0,1390.4,1392.9,1335.5,3.222,2026-02-02 23:54,860580
RELIANCE,2026-02-24,1640.0,0.8,138500.0,52000.0,271.25,35000.0,12000.0,1390.4,1392.9,1335.5,3.222,2026-02-02 23:54,915741
RELIANCE,2026-02-24,1650.0,0.75,441500.0,285500.0,273.7,344000.0,0.0,1390.4,1392.9,1335.5,3.222,2026-02-02 23:54,970133
RELIANCE,2026-02-24,1660.0,0.8,53500.0,72000.0,270.0,1500.0,0.0,1390.4,1392.9,1335.5,3.222,2026-02-02 23:54,1016868
RELIANCE,2026-02-24,1670.0,0.7,15500.0,26500.0,0.0,0.0,0.0,1390.4,1392.9,1335.5,3.222,2026-02-02 23:54,1073003
RELIANCE,2026-02-24,1680.0,0.7,599000.0,92000.0,296.0,9000.0,0.0,1390.4,1392.9,1335.5,3.222,2026-02-02 23:54,1129191
RELIANCE,2026-02-24,1690.0,0.75,9500.0,500.0,0.0,0.0,0.0,1390.4,1392.9,1335.5,3.222,2026-02-02 23:54,1185762
RELIANCE,2026-02-24,1700.0,0.55,571500.0,119000.0,305.45,891000.0,14500.0,1390.4,1392.9,1335.5,3.222,2026-02-02 23:54,1242567
RELIANCE,2026-02-24,1710.0,1.0,1000.0,500.0,0.0,0.0,0.0,1390.4,1392.9,1335.5,3.222,2026-02-02 23:54,1273650
RELIANCE,2026-02-24,1720.0,0.55,62500.0,9500.0,332.0,5000.0,0.0,1390.4,1392.9,1335.5,3.222,2026-02-02 23:54,1331918
RELIANCE,2026-02-24,1740.0,0.5,5500.0,0.0,0.0,0.0,0.0,1390.4,1392.9,1335.5,3.222,2026-02-02 23:54,1448426
RELIANCE,2026-02-24,1760.0,0.45,73000.0,2500.0,362.0,140000.0,0.0,1390.4,1392.9,1335.5,3.222,2026-02-02 23:54,1565109
RELIANCE,2026-02-24,1780.0,0.0,0.0,0.0,372.0,8000.0,0.0,1390.4,1392.9,1335.5,3.222,2026-02-02 23:54,1677152
RELIANCE,2026-02-24,1800.0,0.5,346500.0,57000.0,406.0,46000.0,17500.0,1390.4,1392.9,1335.5,3.222,2026-02-02 23:54,1793978
RELIANCE,2026-02-24,1840.0,0.4,5500.0,0.0,415.0,66500.0,0.0,1390.4,1392.9,1335.5,3.222,2026-02-02 23:54,2027946
RVNL,2026-02-24,260.0,0.0,0.0,0.0,3.8,1563125.0,2048075.0,322.8,325.5,312.05,-1.148,2026-02-02 23:54,59584
RVNL,2026-02-24,270.0,31.5,520025.0,852475.0,5.55,1358775.0,2011475.0,322.8,325.5,312.05,-1.148,2026-02-02 23:54,40919
RVNL,2026-02-24,275.0,0.0,0.0,0.0,0.0,0.0,0.0,322.8,325.5,312.05,-1.148,2026-02-02 23:54,33707
RVNL,2026-02-24,280.0,25.25,692350.0,1614975.0,8.1,3239100.0,3658475.0,322.8,325.5,312.05,-1.148,2026-02-02 23:54,25611
RVNL,2026-02-24,285.0,0.0,0.0,0.0,9.5,698450.0,1155950.0,322.8,325.5,312.05,-1.148,2026-02-02 23:54,18605
RVNL,2026-02-24,290.0,18.75,474275.0,1267275.0,12.0,1197125.0,1547875.0,322.8,325.5,312.05,-1.148,2026-02-02 23:54,12160
RVNL,2026-02-24,295.0,14.9,161650.0,437675.0,14.5,405650.0,276025.0,322.8,325.5,312.05,-1.148,2026-02-02 23:54,6667
RVNL,2026-02-24,300.0,14.5,1993175.0,4233400.0,17.0,1773575.0,925675.0,322.8,325.5,312.05,-1.148,2026-02-02 23:54,1658
RVNL,2026-02-24,305.0,12.0,218075.0,433100.0,20.45,355325.0,117425.0,322.8,325.5,312.05,-1.148,2026-02-02 23:54,-1245
RVNL,2026-02-24,310.0,10.7,1123925.0,2700775.0,24.0,1027850.0,509350.0,322.8,325.5,312.05,-1.148,2026-02-02 23:54,-4202
RVNL,2026-02-24,315.0,9.4,937875.0,3045425.0,27.5,484950.0,297375.0,322.8,325.5,312.05,-1.148,2026-02-02 23:54,-6882
RVNL,2026-02-24,320.0,8.3,2964600.0,7873575.0,32.75,1625650.0,638975.0,322.8,325.5,312.05,-1.148,2026-02-02 23:54,-8038
RVNL,2026-02-24,325.0,7.4,1123925.0,2028250.0,36.35,689300.0,340075.0,322.8,325.5,312.05,-1.148,2026-02-02 23:54,-9311
RVNL,2026-02-24,330.0,6.55,3580700.0,5259725.0,39.6,1267275.0,407175.0,322.8,325.5,312.05,-1.148,2026-02-02 23:54,-8488
RVNL,2026-02-24,335.0,5.9,1387750.0,1413675.0,46.1,423950.0,27450.0,322.8,325.5,312.05,-1.148,2026-02-02 23:54,-6240
RVNL,2026-02-24,340.0,5.2,6409575.0,5822450.0,51.75,1335900.0,167750.0,322.8,325.5,312.05,-1.148,2026-02-02 23:54,-1548
RVNL,2026-02-24,345.0,4.75,2601650.0,1567700.0,57.5,672525.0,13725.0,322.8,325.5,312.05,-1.148,2026-02-02 23:54,4570
RVNL,2026-02-24,350.0,4.3,9354350.0,8430200.0,57.0,942450.0,100650.0,322.8,325.5,312.05,-1.148,2026-02-02 23:54,13276
RVNL,2026-02-24,355.0,3.75,1273375.0,1485350.0,44.1,50325.0,0.0,322.8,325.5,312.05,-1.148,2026-02-02 23:54,28411
RVNL,2026-02-24,360.0,3.4,3934500.0,4085475.0,68.0,179950.0,0.0,322.8,325.5,312.05,-1.148,2026-02-02 23:54,45814
RVNL,2026-02-24,365.0,3.2,591700.0,457500.0,57.25,28975.0,0.0,322.8,325.5,312.05,-1.148,2026-02-02 23:54,65132
RVNL,2026-02-24,370.0,2.7,2397300.0,1723250.0,62.5,94550.0,0.0,322.8,325.5,312.05,-1.148,2026-02-02 23:54,84671
RVNL,2026-02-24,375.0,2.5,555100.0,394975.0,55.75,12200.0,0.0,322.8,325.5,312.05,-1.148,2026-02-02 23:54,105487
RVNL,2026-02-24,380.0,2.2,1988600.0,1553975.0,71.45,50325.0,0.0,322.8,325.5,312.05,-1.148,2026-02-02 23:54,126602
RVNL,2026-02-24,385.0,2.0,280600.0,170800.0,0.0,0.0,0.0,322.8,325.5,312.05,-1.148,2026-02-02 23:54,148744
RVNL,2026-02-24,390.0,1.75,825025.0,556625.0,83.75,36600.0,0.0,322.8,325.5,312.05,-1.148,2026-02-02 23:54,171004
RVNL,2026-02-24,395.0,1.75,187575.0,199775.0,0.0,0.0,0.0,322.8,325.5,312.05,-1.148,2026-02-02 23:54,193477
RVNL,2026-02-24,400.0,1.6,5110275.0,2699250.0,110.0,71675.0,4575.0,322.8,325.5,312.05,-1.148,2026-02-02 23:54,216238
RVNL,2026-02-24,410.0,1.35,390400.0,308050.0,101.3,27450.0,0.0,322.8,325.5,312.05,-1.148,2026-02-02 23:54,266907
RVNL,2026-02-24,420.0,1.05,376675.0,359900.0,89.85,21350.0,0.0,322.8,325.5,312.05,-1.148,2026-02-02 23:54,317738
RVNL,2026-02-24,430.0,0.95,211975.0,80825.0,0.0,0.0,0.0,322.8,325.5,312.05,-1.148,2026-02-02 23:54,369041
RVNL,2026-02-24,440.0,0.85,1023275.0,562725.0,0.0,0.0,0.0,322.8,325.5,312.05,-1.148,2026-02-02 23:54,420728
SAIL,2026-02-24,108.0,0.0,0.0,0.0,0.2,37600.0,4700.0,148.67,149.9,141.3,0.027,2026-02-02 23:54,74759
SAIL,2026-02-24,114.0,0.0,0.0,0.0,0.25,9400.0,4700.0,148.67,149.9,141.3,0.027,2026-02-02 23:54,60410
SAIL,2026-02-24,116.0,0.0,0.0,0.0,0.53,14100.0,0.0,148.67,149.9,141.3,0.027,2026-02-02 23:54,55629
SAIL,2026-02-24,120.0,0.0,0.0,0.0,0.3,658000.0,925900.0,148.67,149.9,141.3,0.027,2026-02-02 23:54,46072
SAIL,2026-02-24,121.0,0.0,0.0,0.0,0.0,0.0,0.0,148.67,149.9,141.3,0.027,2026-02-02 23:54,43729
SAIL,2026-02-24,122.0,0.0,0.0,0.0,0.0,0.0,0.0,148.67,149.9,141.3,0.027,2026-02-02 23:54,41406
SAIL,2026-02-24,123.0,0.0,0.0,0.0,0.0,0.0,0.0,148.67,149.9,141.3,0.027,2026-02-02 23:54,39083
SAIL,2026-02-24,124.0,0.0,0.0,0.0,0.0,0.0,0.0,148.67,149.9,141.3,0.027,2026-02-02 23:54,36759
SAIL,2026-02-24,125.0,0.0,0.0,0.0,0.0,0.0,0.0,148.67,149.9,141.3,0.027,2026-02-02 23:54,34436
SAIL,2026-02-24,126.0,0.0,0.0,0.0,0.88,305500.0,112800.0,148.67,149.9,141.3,0.027,2026-02-02 23:54,32113
SAIL,2026-02-24,127.0,0.0,0.0,0.0,0.0,0.0,0.0,148.67,149.9,141.3,0.027,2026-02-02 23:54,29794
SAIL,2026-02-24,128.0,0.0,0.0,0.0,1.5,9400.0,0.0,148.67,149.9,141.3,0.027,2026-02-02 23:54,27501
SAIL,2026-02-24,129.0,0.0,0.0,0.0,0.0,0.0,0.0,148.67,149.9,141.3,0.027,2026-02-02 23:54,25208
SAIL,2026-02-24,130.0,18.4,108100.0,14100.0,0.68,2904600.0,3228900.0,148.67,149.9,141.3,0.027,2026-02-02 23:54,22916
SAIL,2026-02-24,131.0,0.0,0.0,0.0,0.0,0.0,0.0,148.67,149.9,141.3,0.027,2026-02-02 23:54,20927
SAIL,2026-02-24,132.0,0.0,0.0,0.0,0.0,0.0,0.0,148.67,149.9,141.3,0.027,2026-02-02 23:54,18936
SAIL,2026-02-24,133.0,0.0,0.0,0.0,0.0,0.0,0.0,148.67,149.9,141.3,0.027,2026-02-02 23:54,16946
SAIL,2026-02-24,134.0,16.07,0.0,0.0,1.0,324300.0,282000.0,148.67,149.9,141.3,0.027,2026-02-02 23:54,14956
SAIL,2026-02-24,135.0,14.0,51700.0,28200.0,1.14,2039800.0,2481600.0,148.67,149.9,141.3,0.027,2026-02-02 23:54,12965
SAIL,2026-02-24,136.0,8.99,0.0,18800.0,0.71,178600.0,216200.0,148.67,149.9,141.3,0.027,2026-02-02 23:54,11056
SAIL,2026-02-24,137.0,14.04,4700.0,0.0,0.0,0.0,0.0,148.67,149.9,141.3,0.027,2026-02-02 23:54,9312
SAIL,2026-02-24,138.0,9.62,37600.0,51700.0,1.57,441800.0,145700.0,148.67,149.9,141.3,0.027,2026-02-02 23:54,7588
SAIL,2026-02-24,139.0,10.34,18800.0,51700.0,1.75,94000.0,206800.0,148.67,149.9,141.3,0.027,2026-02-02 23:54,5873
SAIL,2026-02-24,140.0,12.7,878900.0,775500.0,2.06,3102000.0,5625900.0,148.67,149.9,141.3,0.027,2026-02-02 23:54,4204
SAIL,2026-02-24,141.0,11.14,4700.0,0.0,2.22,347800.0,18800.0,148.67,149.9,141.3,0.027,2026-02-02 23:54,3408
SAIL,2026-02-24,142.0,10.8,32900.0,117500.0,2.6,178600.0,484100.0,148.67,149.9,141.3,0.027,2026-02-02 23:54,2098
SAIL,2026-02-24,143.0,9.76,56400.0,258500.0,2.9,192700.0,1001100.0,148.67,149.9,141.3,0.027,2026-02-02 23:54,871
SAIL,2026-02-24,144.0,9.68,79900.0,535800.0,3.1,338400.0,874200.0,148.67,149.9,141.3,0.027,2026-02-02 23:54,-321
SAIL,2026-02-24,145.0,8.76,803700.0,5875000.0,3.5,1889400.0,2773000.0,148.67,149.9,141.3,0.027,2026-02-02 23:54,-1499
SAIL,2026-02-24,146.0,8.11,70500.0,799000.0,3.8,188000.0,615700.0,148.67,149.9,141.3,0.027,2026-02-02 23:54,-2337
SAIL,2026-02-24,147.0,7.68,117500.0,700300.0,4.41,159800.0,427700.0,148.67,149.9,141.3,0.027,2026-02-02 23:54,-3206
SAIL,2026-02-24,148.0,7.27,305500.0,907100.0,4.84,263200.0,451200.0,148.67,149.9,141.3,0.027,2026-02-02 23:54,-4013
SAIL,2026-02-24,149.0,6.75,225600.0,282000.0,5.35,178600.0,220900.0,148.67,149.9,141.3,0.027,2026-02-02 23:54,-4689
SAIL,2026-02-24,150.0,6.02,3619000.0,10170800.0,5.72,2641400.0,2758900.0,148.67,149.9,141.3,0.027,2026-02-02 23:54,-5362
SAIL,2026-02-24,151.0,5.71,314900.0,639200.0,6.4,460600.0,573400.0,148.67,149.9,141.3,0.027,2026-02-02 23:54,-4798
SAIL,2026-02-24,152.0,5.3,1029300.0,1217300.0,6.67,286700.0,84600.0,148.67,149.9,141.3,0.027,2026-02-02 23:54,-4940
SAIL,2026-02-24,153.0,4.9,502900.0,531100.0,7.56,1151500.0,131600.0,148.67,149.9,141.3,0.027,2026-02-02 23:54,-4480
SAIL,2026-02-24,154.0,4.58,540500.0,1019900.0,8.19,117500.0,136300.0,148.67,149.9,141.3,0.027,2026-02-02 23:54,-4833
SAIL,2026-02-24,155.0,4.0,4671800.0,6829100.0,8.67,2368800.0,239700.0,148.67,149.9,141.3,0.027,2026-02-02 23:54,-4346
SAIL,2026-02-24,156.0,3.79,874200.0,540500.0,10.63,371300.0,0.0,148.67,149.9,141.3,0.027,2026-02-02 23:54,-3490
SAIL,2026-02-24,157.0,3.4,493500.0,155100.0,10.03,272600.0,51700.0,148.67,149.9,141.3,0.027,2026-02-02 23:54,-2388
SAIL,2026-02-24,158.0,3.23,601600.0,474700.0,11.94,249100.0,0.0,148.67,149.9,141.3,0.027,2026-02-02 23:54,-1252
SAIL,2026-02-24,159.0,2.98,408900.0,244400.0,12.94,267900.0,0.0,148.67,149.9,141.3,0.027,2026-02-02 23:54,-28
SAIL,2026-02-24,160.0,2.67,7783200.0,7364900.0,12.16,1353600.0,272600.0,148.67,149.9,141.3,0.027,2026-02-02 23:54,1140
SAIL,2026-02-24,161.0,2.38,192700.0,103400.0,14.14,23500.0,0.0,148.67,149.9,141.3,0.027,2026-02-02 23:54,3880
SAIL,2026-02-24,162.0,2.35,446500.0,108100.0,9.72,56400.0,0.0,148.67,149.9,141.3,0.027,2026-02-02 23:54,6223
SAIL,2026-02-24,163.0,1.81,296100.0,9400.0,15.71,23500.0,0.0,148.67,149.9,141.3,0.027,2026-02-02 23:54,8653
SAIL,2026-02-24,164.0,1.9,225600.0,0.0,16.38,42300.0,0.0,148.67,149.9,141.3,0.027,2026-02-02 23:54,11082
SAIL,2026-02-24,165.0,1.86,2039800.0,2378200.0,16.51,89300.0,42300.0,148.67,149.9,141.3,0.027,2026-02-02 23:54,13494
SAIL,2026-02-24,166.0,1.2,253800.0,117500.0,12.62,23500.0,0.0,148.67,149.9,141.3,0.027,2026-02-02 23:54,16378
SAIL,2026-02-24,167.0,1.53,164500.0,9400.0,19.75,4700.0,0.0,148.67,149.9,141.3,0.027,2026-02-02 23:54,19058
SAIL,2026-02-24,168.0,1.17,155100.0,0.0,0.0,0.0,0.0,148.67,149.9,141.3,0.027,2026-02-02 23:54,21770
SAIL,2026-02-24,169.0,1.06,4700.0,0.0,0.0,0.0,0.0,148.67,149.9,141.3,0.027,2026-02-02 23:54,24501
SAIL,2026-02-24,170.0,1.28,3811700.0,2500400.0,26.26,169200.0,14100.0,148.67,149.9,141.3,0.027,2026-02-02 23:54,27213
SAIL,2026-02-24,172.0,1.1,263200.0,272600.0,0.0,0.0,0.0,148.67,149.9,141.3,0.027,2026-02-02 23:54,33478
SAIL,2026-02-24,174.0,0.82,94000.0,56400.0,25.32,9400.0,0.0,148.67,149.9,141.3,0.027,2026-02-02 23:54,39780
SAIL,2026-02-24,175.0,0.86,1701400.0,1720200.0,26.25,112800.0,0.0,148.67,149.9,141.3,0.027,2026-02-02 23:54,42911
SAIL,2026-02-24,176.0,0.0,0.0,0.0,0.0,0.0,0.0,148.67,149.9,141.3,0.027,2026-02-02 23:54,46090
SAIL,2026-02-24,177.0,0.78,164500.0,155100.0,0.0,0.0,0.0,148.67,149.9,141.3,0.027,2026-02-02 23:54,49419
SAIL,2026-02-24,178.0,0.7,897700.0,972900.0,0.0,0.0,0.0,148.67,149.9,141.3,0.027,2026-02-02 23:54,52777
SAMMAANCAP,2026-02-24,120.0,22.91,25800.0,0.0,0.37,189200.0,0.0,146.73,147.42,141.2,2.687,2026-02-02 23:54,18896
SAMMAANCAP,2026-02-24,122.5,0.0,0.0,0.0,0.0,0.0,0.0,146.73,147.42,141.2,2.687,2026-02-02 23:54,14606
SAMMAANCAP,2026-02-24,125.0,0.0,0.0,0.0,0.45,172000.0,0.0,146.73,147.42,141.2,2.687,2026-02-02 23:54,10264
SAMMAANCAP,2026-02-24,127.5,0.0,0.0,0.0,0.0,0.0,0.0,146.73,147.42,141.2,2.687,2026-02-02 23:54,5958
SAMMAANCAP,2026-02-24,130.0,19.65,120400.0,0.0,0.15,1148100.0,38700.0,146.73,147.42,141.2,2.687,2026-02-02 23:54,1659
SAMMAANCAP,2026-02-24,132.5,0.0,0.0,0.0,0.6,361200.0,0.0,146.73,147.42,141.2,2.687,2026-02-02 23:54,-2103
SAMMAANCAP,2026-02-24,135.0,15.43,236500.0,0.0,0.75,4489200.0,25800.0,146.73,147.42,141.2,2.687,2026-02-02 23:54,-6016
SAMMAANCAP,2026-02-24,137.5,0.0,0.0,0.0,3.03,2261800.0,0.0,146.73,147.42,141.2,2.687,2026-02-02 23:54,-8698
SAMMAANCAP,2026-02-24,140.0,9.75,5478200.0,30100.0,1.8,4893400.0,98900.0,146.73,147.42,141.2,2.687,2026-02-02 23:54,-11528
SAMMAANCAP,2026-02-24,142.5,10.84,2455300.0,0.0,2.5,743900.0,21500.0,146.73,147.42,141.2,2.687,2026-02-02 23:54,-6619
SAMMAANCAP,2026-02-24,145.0,2.86,3375500.0,8600.0,5.5,1431900.0,38700.0,146.73,147.42,141.2,2.687,2026-02-02 23:54,-2895
SAMMAANCAP,2026-02-24,147.5,7.96,726700.0,0.0,5.3,374100.0,0.0,146.73,147.42,141.2,2.687,2026-02-02 23:54,-267
SAMMAANCAP,2026-02-24,150.0,3.85,7284200.0,245100.0,6.21,1066400.0,51600.0,146.73,147.42,141.2,2.687,2026-02-02 23:54,2837
SAMMAANCAP,2026-02-24,152.5,2.0,369800.0,8600.0,0.0,0.0,0.0,146.73,147.42,141.2,2.687,2026-02-02 23:54,9792
SAMMAANCAP,2026-02-24,155.0,1.95,2296200.0,55900.0,14.0,215000.0,17200.0,146.73,147.42,141.2,2.687,2026-02-02 23:54,14771
SAMMAANCAP,2026-02-24,157.5,0.95,391300.0,0.0,11.64,47300.0,0.0,146.73,147.42,141.2,2.687,2026-02-02 23:54,20451
SAMMAANCAP,2026-02-24,160.0,1.5,5056800.0,154800.0,17.8,94600.0,4300.0,146.73,147.42,141.2,2.687,2026-02-02 23:54,26076
SAMMAANCAP,2026-02-24,162.5,2.8,206400.0,0.0,0.0,0.0,0.0,146.73,147.42,141.2,2.687,2026-02-02 23:54,33596
SAMMAANCAP,2026-02-24,165.0,0.75,1608200.0,34400.0,0.0,0.0,0.0,146.73,147.42,141.2,2.687,2026-02-02 23:54,40636
SAMMAANCAP,2026-02-24,170.0,0.1,2291900.0,68800.0,21.89,94600.0,0.0,146.73,147.42,141.2,2.687,2026-02-02 23:54,55525
SBICARD,2026-02-24,600.0,0.0,0.0,0.0,0.0,0.0,0.0,735.8,742.0,725.15,-0.21,2026-02-02 23:54,61422
SBICARD,2026-02-24,620.0,106.0,2400.0,800.0,0.0,0.0,0.0,735.8,742.0,725.15,-0.21,2026-02-02 23:54,52783
SBICARD,2026-02-24,640.0,83.0,0.0,800.0,1.2,247200.0,283200.0,735.8,742.0,725.15,-0.21,2026-02-02 23:54,44175
SBICARD,2026-02-24,650.0,0.0,0.0,0.0,0.0,0.0,0.0,735.8,742.0,725.15,-0.21,2026-02-02 23:54,40076
SBICARD,2026-02-24,660.0,75.8,4000.0,0.0,2.35,279200.0,282400.0,735.8,742.0,725.15,-0.21,2026-02-02 23:54,36006
SBICARD,2026-02-24,670.0,0.0,0.0,0.0,0.0,0.0,0.0,735.8,742.0,725.15,-0.21,2026-02-02 23:54,32184
SBICARD,2026-02-24,680.0,95.0,0.0,0.0,4.3,360800.0,549600.0,735.8,742.0,725.15,-0.21,2026-02-02 23:54,28398
SBICARD,2026-02-24,690.0,0.0,0.0,0.0,5.75,50400.0,100800.0,735.8,742.0,725.15,-0.21,2026-02-02 23:54,24817
SBICARD,2026-02-24,700.0,45.1,81600.0,163200.0,7.7,276800.0,570400.0,735.8,742.0,725.15,-0.21,2026-02-02 23:54,21413
SBICARD,2026-02-24,710.0,61.1,800.0,0.0,10.05,127200.0,137600.0,735.8,742.0,725.15,-0.21,2026-02-02 23:54,18551
SBICARD,2026-02-24,720.0,30.0,25600.0,117600.0,13.3,232800.0,309600.0,735.8,742.0,725.15,-0.21,2026-02-02 23:54,15539
SBICARD,2026-02-24,730.0,23.85,61600.0,520000.0,17.25,160800.0,280000.0,735.8,742.0,725.15,-0.21,2026-02-02 23:54,12676
SBICARD,2026-02-24,740.0,18.45,150400.0,503200.0,22.4,145600.0,312800.0,735.8,742.0,725.15,-0.21,2026-02-02 23:54,10138
SBICARD,2026-02-24,750.0,14.05,380000.0,1119200.0,27.45,329600.0,272000.0,735.8,742.0,725.15,-0.21,2026-02-02 23:54,7977
SBICARD,2026-02-24,760.0,10.8,300000.0,762400.0,33.45,252800.0,27200.0,735.8,742.0,725.15,-0.21,2026-02-02 23:54,6204
SBICARD,2026-02-24,770.0,8.1,333600.0,696000.0,41.95,154400.0,19200.0,735.8,742.0,725.15,-0.21,2026-02-02 23:54,4833
SBICARD,2026-02-24,780.0,6.25,1026400.0,1240800.0,49.15,428800.0,30400.0,735.8,742.0,725.15,-0.21,2026-02-02 23:54,4094
SBICARD,2026-02-24,790.0,4.65,544000.0,454400.0,56.85,304800.0,17600.0,735.8,742.0,725.15,-0.21,2026-02-02 23:54,3721
SBICARD,2026-02-24,800.0,3.65,1416000.0,1758400.0,68.1,403200.0,22400.0,735.8,742.0,725.15,-0.21,2026-02-02 23:54,4184
SBICARD,2026-02-24,810.0,2.75,222400.0,353600.0,51.45,30400.0,0.0,735.8,742.0,725.15,-0.21,2026-02-02 23:54,5716
SBICARD,2026-02-24,820.0,2.25,356800.0,580800.0,94.0,103200.0,800.0,735.8,742.0,725.15,-0.21,2026-02-02 23:54,9635
SBICARD,2026-02-24,830.0,1.8,219200.0,214400.0,68.9,15200.0,0.0,735.8,742.0,725.15,-0.21,2026-02-02 23:54,13220
SBICARD,2026-02-24,840.0,1.5,264800.0,165600.0,116.0,25600.0,800.0,735.8,742.0,725.15,-0.21,2026-02-02 23:54,17864
SBICARD,2026-02-24,850.0,1.1,404800.0,289600.0,128.45,122400.0,4800.0,735.8,742.0,725.15,-0.21,2026-02-02 23:54,22606
SBICARD,2026-02-24,860.0,1.0,305600.0,239200.0,107.3,59200.0,0.0,735.8,742.0,725.15,-0.21,2026-02-02 23:54,26604
SBICARD,2026-02-24,870.0,0.9,238400.0,44000.0,115.0,15200.0,0.0,735.8,742.0,725.15,-0.21,2026-02-02 23:54,31891
SBICARD,2026-02-24,880.0,0.95,200000.0,24000.0,93.4,24800.0,0.0,735.8,742.0,725.15,-0.21,2026-02-02 23:54,37882
SBICARD,2026-02-24,890.0,0.6,50400.0,174400.0,103.75,1600.0,0.0,735.8,742.0,725.15,-0.21,2026-02-02 23:54,44039
SBICARD,2026-02-24,900.0,0.6,690400.0,163200.0,173.8,105600.0,13600.0,735.8,742.0,725.15,-0.21,2026-02-02 23:54,50447
SBICARD,2026-02-24,910.0,0.5,20800.0,22400.0,125.0,800.0,0.0,735.8,742.0,725.15,-0.21,2026-02-02 23:54,55871
SBICARD,2026-02-24,920.0,0.35,192000.0,139200.0,117.95,7200.0,0.0,735.8,742.0,725.15,-0.21,2026-02-02 23:54,63101
SBICARD,2026-02-24,930.0,0.4,37600.0,10400.0,0.0,0.0,0.0,735.8,742.0,725.15,-0.21,2026-02-02 23:54,70461
SBICARD,2026-02-24,940.0,1.4,1600.0,0.0,88.15,1600.0,0.0,735.8,742.0,725.15,-0.21,2026-02-02 23:54,77939
SBICARD,2026-02-24,950.0,0.3,120800.0,42400.0,176.0,8800.0,0.0,735.8,742.0,725.15,-0.21,2026-02-02 23:54,85404
SBICARD,2026-02-24,970.0,0.5,19200.0,0.0,180.3,36000.0,0.0,735.8,742.0,725.15,-0.21,2026-02-02 23:54,100471
SBICARD,2026-02-24,980.0,0.3,1600.0,800.0,221.3,4800.0,0.0,735.8,742.0,725.15,-0.21,2026-02-02 23:54,107486
SBICARD,2026-02-24,990.0,0.35,4000.0,0.0,0.0,0.0,0.0,735.8,742.0,725.15,-0.21,2026-02-02 23:54,115051
SBICARD,2026-02-24,1000.0,0.35,477600.0,67200.0,206.0,800.0,0.0,735.8,742.0,725.15,-0.21,2026-02-02 23:54,122725
SBICARD,2026-02-24,1020.0,0.0,0.0,0.0,277.7,1600.0,0.0,735.8,742.0,725.15,-0.21,2026-02-02 23:54,139031
SBICARD,2026-02-24,1040.0,0.25,10400.0,3200.0,0.0,0.0,0.0,735.8,742.0,725.15,-0.21,2026-02-02 23:54,155295
SBILIFE,2026-02-24,1640.0,0.0,0.0,0.0,0.0,0.0,0.0,2001.0,2020.0,1955.5,1.352,2026-02-02 23:54,37577
SBILIFE,2026-02-24,1680.0,0.0,0.0,0.0,0.0,0.0,0.0,2001.0,2020.0,1955.5,1.352,2026-02-02 23:54,31472
SBILIFE,2026-02-24,1720.0,0.0,0.0,0.0,1.1,10875.0,15000.0,2001.0,2020.0,1955.5,1.352,2026-02-02 23:54,25367
SBILIFE,2026-02-24,1760.0,0.0,0.0,0.0,1.5,9000.0,13875.0,2001.0,2020.0,1955.5,1.352,2026-02-02 23:54,19304
SBILIFE,2026-02-24,1780.0,0.0,0.0,0.0,0.0,0.0,0.0,2001.0,2020.0,1955.5,1.352,2026-02-02 23:54,16290
SBILIFE,2026-02-24,1800.0,189.9,1875.0,375.0,2.3,244875.0,197250.0,2001.0,2020.0,1955.5,1.352,2026-02-02 23:54,13278
SBILIFE,2026-02-24,1820.0,0.0,0.0,0.0,2.75,48000.0,50250.0,2001.0,2020.0,1955.5,1.352,2026-02-02 23:54,10738
SBILIFE,2026-02-24,1840.0,147.15,375.0,0.0,3.55,54000.0,82125.0,2001.0,2020.0,1955.5,1.352,2026-02-02 23:54,8301
SBILIFE,2026-02-24,1860.0,129.85,375.0,0.0,4.65,36375.0,98625.0,2001.0,2020.0,1955.5,1.352,2026-02-02 23:54,5973
SBILIFE,2026-02-24,1880.0,113.4,750.0,0.0,6.2,60000.0,164250.0,2001.0,2020.0,1955.5,1.352,2026-02-02 23:54,3720
SBILIFE,2026-02-24,1900.0,108.2,22500.0,13125.0,8.35,178500.0,456375.0,2001.0,2020.0,1955.5,1.352,2026-02-02 23:54,1572
SBILIFE,2026-02-24,1920.0,92.7,3750.0,7875.0,11.0,77250.0,97500.0,2001.0,2020.0,1955.5,1.352,2026-02-02 23:54,-50
SBILIFE,2026-02-24,1940.0,83.05,21000.0,20250.0,14.5,73125.0,342375.0,2001.0,2020.0,1955.5,1.352,2026-02-02 23:54,-1656
SBILIFE,2026-02-24,1960.0,69.5,74625.0,183750.0,19.3,98625.0,377250.0,2001.0,2020.0,1955.5,1.352,2026-02-02 23:54,-2955
SBILIFE,2026-02-24,1980.0,53.9,107625.0,349125.0,25.3,118125.0,335250.0,2001.0,2020.0,1955.5,1.352,2026-02-02 23:54,-3647
SBILIFE,2026-02-24,2000.0,42.45,210000.0,973125.0,32.75,210000.0,396000.0,2001.0,2020.0,1955.5,1.352,2026-02-02 23:54,-3935
SBILIFE,2026-02-24,2020.0,31.8,312000.0,930375.0,42.15,49875.0,96750.0,2001.0,2020.0,1955.5,1.352,2026-02-02 23:54,-3461
SBILIFE,2026-02-24,2040.0,22.4,1202250.0,1907250.0,53.95,62625.0,77625.0,2001.0,2020.0,1955.5,1.352,2026-02-02 23:54,-1684
SBILIFE,2026-02-24,2060.0,16.5,221250.0,721125.0,67.35,114375.0,79500.0,2001.0,2020.0,1955.5,1.352,2026-02-02 23:54,4194
SBILIFE,2026-02-24,2080.0,11.95,158625.0,288375.0,86.55,40500.0,16875.0,2001.0,2020.0,1955.5,1.352,2026-02-02 23:54,7984
SBILIFE,2026-02-24,2100.0,8.5,522000.0,598500.0,129.95,18750.0,0.0,2001.0,2020.0,1955.5,1.352,2026-02-02 23:54,12417
SBILIFE,2026-02-24,2120.0,6.25,110250.0,171750.0,124.0,5250.0,375.0,2001.0,2020.0,1955.5,1.352,2026-02-02 23:54,18292
SBILIFE,2026-02-24,2140.0,4.45,81000.0,91125.0,157.0,8250.0,0.0,2001.0,2020.0,1955.5,1.352,2026-02-02 23:54,24202
SBILIFE,2026-02-24,2160.0,3.3,61500.0,128250.0,166.85,3375.0,0.0,2001.0,2020.0,1955.5,1.352,2026-02-02 23:54,30194
SBILIFE,2026-02-24,2180.0,2.45,36000.0,59250.0,200.45,1875.0,0.0,2001.0,2020.0,1955.5,1.352,2026-02-02 23:54,36372
SBILIFE,2026-02-24,2200.0,1.85,223875.0,104250.0,0.0,0.0,0.0,2001.0,2020.0,1955.5,1.352,2026-02-02 23:54,42634
SBILIFE,2026-02-24,2220.0,1.3,84375.0,13500.0,0.0,0.0,0.0,2001.0,2020.0,1955.5,1.352,2026-02-02 23:54,49413
SBILIFE,2026-02-24,2240.0,0.95,226875.0,13875.0,0.0,0.0,0.0,2001.0,2020.0,1955.5,1.352,2026-02-02 23:54,56331
SBILIFE,2026-02-24,2260.0,0.9,119625.0,31875.0,0.0,0.0,0.0,2001.0,2020.0,1955.5,1.352,2026-02-02 23:54,63713
SBILIFE,2026-02-24,2280.0,1.1,15375.0,0.0,297.55,0.0,0.0,2001.0,2020.0,1955.5,1.352,2026-02-02 23:54,71323
SBILIFE,2026-02-24,2300.0,0.75,136125.0,6000.0,0.0,0.0,0.0,2001.0,2020.0,1955.5,1.352,2026-02-02 23:54,78955
SBILIFE,2026-02-24,2320.0,0.2,7125.0,0.0,337.15,2625.0,0.0,2001.0,2020.0,1955.5,1.352,2026-02-02 23:54,86868
SBILIFE,2026-02-24,2360.0,0.85,14250.0,0.0,0.0,0.0,0.0,2001.0,2020.0,1955.5,1.352,2026-02-02 23:54,102625
SBILIFE,2026-02-24,2400.0,0.35,142125.0,4875.0,0.0,0.0,0.0,2001.0,2020.0,1955.5,1.352,2026-02-02 23:54,118527
SBIN,2026-02-24,840.0,0.0,0.0,0.0,0.25,105000.0,144750.0,1028.7,1031.3,990.0,1.031,2026-02-02 23:54,346736
SBIN,2026-02-24,860.0,171.0,50250.0,4500.0,0.35,93000.0,297000.0,1028.7,1031.3,990.0,1.031,2026-02-02 23:54,296320
SBIN,2026-02-24,870.0,173.4,8250.0,0.0,0.45,97500.0,304500.0,1028.7,1031.3,990.0,1.031,2026-02-02 23:54,272112
SBIN,2026-02-24,880.0,173.65,9750.0,0.0,0.55,167250.0,489750.0,1028.7,1031.3,990.0,1.031,2026-02-02 23:54,247293
SBIN,2026-02-24,885.0,0.0,0.0,0.0,0.0,0.0,0.0,1028.7,1031.3,990.0,1.031,2026-02-02 23:54,235063
SBIN,2026-02-24,890.0,123.7,19500.0,10500.0,0.7,225000.0,341250.0,1028.7,1031.3,990.0,1.031,2026-02-02 23:54,222672
SBIN,2026-02-24,895.0,0.0,0.0,0.0,0.0,0.0,0.0,1028.7,1031.3,990.0,1.031,2026-02-02 23:54,210630
SBIN,2026-02-24,900.0,132.25,399750.0,153000.0,0.95,763500.0,2292750.0,1028.7,1031.3,990.0,1.031,2026-02-02 23:54,198362
SBIN,2026-02-24,905.0,0.0,0.0,0.0,0.0,0.0,0.0,1028.7,1031.3,990.0,1.031,2026-02-02 23:54,191889
SBIN,2026-02-24,910.0,133.45,9750.0,0.0,1.2,149250.0,663000.0,1028.7,1031.3,990.0,1.031,2026-02-02 23:54,180203
SBIN,2026-02-24,915.0,0.0,0.0,0.0,0.0,0.0,0.0,1028.7,1031.3,990.0,1.031,2026-02-02 23:54,168708
SBIN,2026-02-24,920.0,112.8,32250.0,17250.0,1.5,1317750.0,1970250.0,1028.7,1031.3,990.0,1.031,2026-02-02 23:54,157101
SBIN,2026-02-24,925.0,0.0,0.0,0.0,1.9,92250.0,231000.0,1028.7,1031.3,990.0,1.031,2026-02-02 23:54,146335
SBIN,2026-02-24,930.0,71.25,6750.0,3750.0,2.15,362250.0,1245000.0,1028.7,1031.3,990.0,1.031,2026-02-02 23:54,135432
SBIN,2026-02-24,935.0,0.0,0.0,0.0,2.5,62250.0,216750.0,1028.7,1031.3,990.0,1.031,2026-02-02 23:54,124701
SBIN,2026-02-24,940.0,79.15,8250.0,2250.0,2.9,303000.0,1253250.0,1028.7,1031.3,990.0,1.031,2026-02-02 23:54,114015
SBIN,2026-02-24,945.0,0.0,0.0,0.0,3.4,192750.0,335250.0,1028.7,1031.3,990.0,1.031,2026-02-02 23:54,103477
SBIN,2026-02-24,950.0,85.1,124500.0,145500.0,3.95,1151250.0,5054250.0,1028.7,1031.3,990.0,1.031,2026-02-02 23:54,92994
SBIN,2026-02-24,955.0,67.95,750.0,3000.0,4.5,131250.0,176250.0,1028.7,1031.3,990.0,1.031,2026-02-02 23:54,83818
SBIN,2026-02-24,960.0,76.15,107250.0,42000.0,5.2,932250.0,2696250.0,1028.7,1031.3,990.0,1.031,2026-02-02 23:54,74050
SBIN,2026-02-24,965.0,68.55,6750.0,5250.0,5.95,142500.0,379500.0,1028.7,1031.3,990.0,1.031,2026-02-02 23:54,65187
SBIN,2026-02-24,970.0,69.45,234750.0,59250.0,6.65,672000.0,2223000.0,1028.7,1031.3,990.0,1.031,2026-02-02 23:54,56029
SBIN,2026-02-24,975.0,63.9,28500.0,33000.0,7.65,194250.0,647250.0,1028.7,1031.3,990.0,1.031,2026-02-02 23:54,48545
SBIN,2026-02-24,980.0,60.05,488250.0,309750.0,8.5,1392750.0,4158000.0,1028.7,1031.3,990.0,1.031,2026-02-02 23:54,40024
SBIN,2026-02-24,985.0,56.7,51750.0,105000.0,9.55,156750.0,633000.0,1028.7,1031.3,990.0,1.031,2026-02-02 23:54,34157
SBIN,2026-02-24,990.0,52.6,327000.0,1260750.0,10.5,1231500.0,3230250.0,1028.7,1031.3,990.0,1.031,2026-02-02 23:54,26790
SBIN,2026-02-24,995.0,48.5,105750.0,833250.0,11.75,241500.0,1453500.0,1028.7,1031.3,990.0,1.031,2026-02-02 23:54,20486
SBIN,2026-02-24,1000.0,45.0,1392000.0,6815250.0,13.2,5129250.0,12135750.0,1028.7,1031.3,990.0,1.031,2026-02-02 23:54,14157
SBIN,2026-02-24,1005.0,41.45,216750.0,1105500.0,14.9,297750.0,1245000.0,1028.7,1031.3,990.0,1.031,2026-02-02 23:54,10354
SBIN,2026-02-24,1010.0,37.65,426000.0,4812000.0,16.3,795750.0,3305250.0,1028.7,1031.3,990.0,1.031,2026-02-02 23:54,7769
SBIN,2026-02-24,1015.0,35.0,212250.0,2207250.0,18.2,238500.0,1062750.0,1028.7,1031.3,990.0,1.031,2026-02-02 23:54,5647
SBIN,2026-02-24,1020.0,31.95,1316250.0,12129000.0,20.0,1259250.0,4917000.0,1028.7,1031.3,990.0,1.031,2026-02-02 23:54,3752
SBIN,2026-02-24,1025.0,29.1,392250.0,2079750.0,22.2,351000.0,804750.0,1028.7,1031.3,990.0,1.031,2026-02-02 23:54,4523
SBIN,2026-02-24,1030.0,26.5,881250.0,5649000.0,24.35,1008000.0,3007500.0,1028.7,1031.3,990.0,1.031,2026-02-02 23:54,4341
SBIN,2026-02-24,1035.0,24.0,530250.0,1616250.0,27.15,491250.0,667500.0,1028.7,1031.3,990.0,1.031,2026-02-02 23:54,4623
SBIN,2026-02-24,1040.0,21.05,1273500.0,6352500.0,29.75,914250.0,1584000.0,1028.7,1031.3,990.0,1.031,2026-02-02 23:54,5473
SBIN,2026-02-24,1045.0,19.05,401250.0,1162500.0,32.65,552750.0,464250.0,1028.7,1031.3,990.0,1.031,2026-02-02 23:54,7439
SBIN,2026-02-24,1050.0,17.25,2266500.0,8583000.0,35.15,863250.0,2635500.0,1028.7,1031.3,990.0,1.031,2026-02-02 23:54,8881
SBIN,2026-02-24,1055.0,15.55,412500.0,1061250.0,37.35,279000.0,127500.0,1028.7,1031.3,990.0,1.031,2026-02-02 23:54,13803
SBIN,2026-02-24,1060.0,13.8,978000.0,4495500.0,42.0,519000.0,304500.0,1028.7,1031.3,990.0,1.031,2026-02-02 23:54,17795
SBIN,2026-02-24,1065.0,12.35,329250.0,1193250.0,44.5,170250.0,95250.0,1028.7,1031.3,990.0,1.031,2026-02-02 23:54,22106
SBIN,2026-02-24,1070.0,10.85,855750.0,2895750.0,49.0,349500.0,311250.0,1028.7,1031.3,990.0,1.031,2026-02-02 23:54,27146
SBIN,2026-02-24,1075.0,9.7,636000.0,1776750.0,52.7,192750.0,57000.0,1028.7,1031.3,990.0,1.031,2026-02-02 23:54,32356
SBIN,2026-02-24,1080.0,8.65,1664250.0,4545000.0,55.8,546000.0,144000.0,1028.7,1031.3,990.0,1.031,2026-02-02 23:54,38365
SBIN,2026-02-24,1085.0,7.7,642750.0,1225500.0,58.85,105000.0,56250.0,1028.7,1031.3,990.0,1.031,2026-02-02 23:54,44271
SBIN,2026-02-24,1090.0,6.85,663750.0,2018250.0,65.0,157500.0,33000.0,1028.7,1031.3,990.0,1.031,2026-02-02 23:54,52035
SBIN,2026-02-24,1095.0,6.15,183750.0,724500.0,68.9,175500.0,87750.0,1028.7,1031.3,990.0,1.031,2026-02-02 23:54,59763
SBIN,2026-02-24,1100.0,5.4,3997500.0,8555250.0,72.35,339000.0,189000.0,1028.7,1031.3,990.0,1.031,2026-02-02 23:54,67144
SBIN,2026-02-24,1105.0,4.95,159000.0,499500.0,64.35,54000.0,0.0,1028.7,1031.3,990.0,1.031,2026-02-02 23:54,77496
SBIN,2026-02-24,1110.0,4.3,396000.0,1212750.0,81.2,58500.0,26250.0,1028.7,1031.3,990.0,1.031,2026-02-02 23:54,87979
SBIN,2026-02-24,1115.0,4.0,83250.0,312000.0,58.8,41250.0,0.0,1028.7,1031.3,990.0,1.031,2026-02-02 23:54,98654
SBIN,2026-02-24,1120.0,3.5,885750.0,1469250.0,90.0,59250.0,17250.0,1028.7,1031.3,990.0,1.031,2026-02-02 23:54,109486
SBIN,2026-02-24,1125.0,3.15,224250.0,633750.0,0.0,0.0,0.0,1028.7,1031.3,990.0,1.031,2026-02-02 23:54,120777
SBIN,2026-02-24,1130.0,2.95,429000.0,1114500.0,0.0,0.0,0.0,1028.7,1031.3,990.0,1.031,2026-02-02 23:54,132473
SBIN,2026-02-24,1135.0,2.7,91500.0,198000.0,0.0,0.0,0.0,1028.7,1031.3,990.0,1.031,2026-02-02 23:54,144441
SBIN,2026-02-24,1140.0,2.5,719250.0,1316250.0,131.5,33000.0,2250.0,1028.7,1031.3,990.0,1.031,2026-02-02 23:54,156352
SBIN,2026-02-24,1150.0,2.05,1214250.0,2439000.0,119.75,94500.0,9750.0,1028.7,1031.3,990.0,1.031,2026-02-02 23:54,180623
SBIN,2026-02-24,1160.0,1.8,554250.0,1248000.0,105.0,4500.0,0.0,1028.7,1031.3,990.0,1.031,2026-02-02 23:54,205574
SBIN,2026-02-24,1170.0,1.55,612750.0,1507500.0,0.0,0.0,0.0,1028.7,1031.3,990.0,1.031,2026-02-02 23:54,232019
SBIN,2026-02-24,1180.0,1.35,962250.0,951750.0,114.6,55500.0,0.0,1028.7,1031.3,990.0,1.031,2026-02-02 23:54,259119
SBIN,2026-02-24,1190.0,1.25,971250.0,710250.0,0.0,0.0,0.0,1028.7,1031.3,990.0,1.031,2026-02-02 23:54,286636
SBIN,2026-02-24,1200.0,1.0,549750.0,946500.0,0.0,0.0,0.0,1028.7,1031.3,990.0,1.031,2026-02-02 23:54,315751
SHREECEM,2026-02-24,22500.0,0.0,0.0,0.0,0.0,0.0,0.0,26800.0,26850.0,26110.0,1.573,2026-02-02 23:54,9061
SHREECEM,2026-02-24,23000.0,3637.55,75.0,0.0,0.0,0.0,0.0,26800.0,26850.0,26110.0,1.573,2026-02-02 23:54,7779
SHREECEM,2026-02-24,23500.0,0.0,0.0,0.0,46.0,150.0,0.0,26800.0,26850.0,26110.0,1.573,2026-02-02 23:54,6527
SHREECEM,2026-02-24,23750.0,0.0,0.0,0.0,0.0,0.0,0.0,26800.0,26850.0,26110.0,1.573,2026-02-02 23:54,5891
SHREECEM,2026-02-24,24000.0,0.0,0.0,0.0,32.5,25.0,0.0,26800.0,26850.0,26110.0,1.573,2026-02-02 23:54,5255
SHREECEM,2026-02-24,24250.0,0.0,0.0,0.0,0.0,0.0,0.0,26800.0,26850.0,26110.0,1.573,2026-02-02 23:54,4620
SHREECEM,2026-02-24,24500.0,0.0,0.0,0.0,0.0,0.0,0.0,26800.0,26850.0,26110.0,1.573,2026-02-02 23:54,3985
SHREECEM,2026-02-24,24750.0,0.0,0.0,0.0,100.75,250.0,0.0,26800.0,26850.0,26110.0,1.573,2026-02-02 23:54,3350
SHREECEM,2026-02-24,25000.0,0.0,0.0,0.0,187.35,5650.0,9175.0,26800.0,26850.0,26110.0,1.573,2026-02-02 23:54,2719
SHREECEM,2026-02-24,25250.0,0.0,0.0,0.0,0.0,0.0,0.0,26800.0,26850.0,26110.0,1.573,2026-02-02 23:54,2125
SHREECEM,2026-02-24,25500.0,0.0,0.0,0.0,250.9,250.0,0.0,26800.0,26850.0,26110.0,1.573,2026-02-02 23:54,1638
SHREECEM,2026-02-24,25750.0,0.0,0.0,0.0,381.0,925.0,0.0,26800.0,26850.0,26110.0,1.573,2026-02-02 23:54,1150
SHREECEM,2026-02-24,26000.0,1000.0,350.0,325.0,410.0,3175.0,4225.0,26800.0,26850.0,26110.0,1.573,2026-02-02 23:54,657
SHREECEM,2026-02-24,26250.0,824.5,550.0,1075.0,543.95,1025.0,350.0,26800.0,26850.0,26110.0,1.573,2026-02-02 23:54,192
SHREECEM,2026-02-24,26500.0,712.1,3075.0,5000.0,706.45,2050.0,1950.0,26800.0,26850.0,26110.0,1.573,2026-02-02 23:54,-148
SHREECEM,2026-02-24,26750.0,607.0,425.0,0.0,945.5,375.0,25.0,26800.0,26850.0,26110.0,1.573,2026-02-02 23:54,-277
SHREECEM,2026-02-24,27000.0,485.85,5775.0,8925.0,852.2,5225.0,125.0,26800.0,26850.0,26110.0,1.573,2026-02-02 23:54,-469
SHREECEM,2026-02-24,27250.0,343.0,2100.0,2575.0,1146.2,775.0,850.0,26800.0,26850.0,26110.0,1.573,2026-02-02 23:54,-541
SHREECEM,2026-02-24,27500.0,295.6,4700.0,1350.0,1192.5,3850.0,500.0,26800.0,26850.0,26110.0,1.573,2026-02-02 23:54,-393
SHREECEM,2026-02-24,27750.0,193.05,500.0,900.0,1465.2,575.0,0.0,26800.0,26850.0,26110.0,1.573,2026-02-02 23:54,-335
SHREECEM,2026-02-24,28000.0,186.25,5950.0,5875.0,1800.0,1100.0,25.0,26800.0,26850.0,26110.0,1.573,2026-02-02 23:54,-5
SHREECEM,2026-02-24,28250.0,160.0,25.0,0.0,0.0,0.0,0.0,26800.0,26850.0,26110.0,1.573,2026-02-02 23:54,488
SHREECEM,2026-02-24,28500.0,131.8,350.0,25.0,2097.2,25.0,0.0,26800.0,26850.0,26110.0,1.573,2026-02-02 23:54,1070
SHREECEM,2026-02-24,28750.0,66.2,75.0,0.0,0.0,0.0,0.0,26800.0,26850.0,26110.0,1.573,2026-02-02 23:54,1661
SHREECEM,2026-02-24,29000.0,73.9,4100.0,5500.0,2554.05,25.0,0.0,26800.0,26850.0,26110.0,1.573,2026-02-02 23:54,2255
SHREECEM,2026-02-24,29250.0,0.0,0.0,0.0,0.0,0.0,0.0,26800.0,26850.0,26110.0,1.573,2026-02-02 23:54,2975
SHREECEM,2026-02-24,29500.0,24.7,475.0,0.0,0.0,0.0,0.0,26800.0,26850.0,26110.0,1.573,2026-02-02 23:54,3671
SHREECEM,2026-02-24,29750.0,17.3,250.0,0.0,0.0,0.0,0.0,26800.0,26850.0,26110.0,1.573,2026-02-02 23:54,4380
SHREECEM,2026-02-24,30000.0,33.45,1775.0,1775.0,3514.0,175.0,0.0,26800.0,26850.0,26110.0,1.573,2026-02-02 23:54,5095
SHREECEM,2026-02-24,30250.0,14.0,300.0,0.0,0.0,0.0,0.0,26800.0,26850.0,26110.0,1.573,2026-02-02 23:54,5803
SHREECEM,2026-02-24,30500.0,0.0,0.0,0.0,4005.65,0.0,0.0,26800.0,26850.0,26110.0,1.573,2026-02-02 23:54,6574
SHREECEM,2026-02-24,31000.0,15.6,2175.0,2325.0,4500.65,25.0,0.0,26800.0,26850.0,26110.0,1.573,2026-02-02 23:54,8115
SHREECEM,2026-02-24,31500.0,1.05,400.0,0.0,0.0,0.0,0.0,26800.0,26850.0,26110.0,1.573,2026-02-02 23:54,9758
SHRIRAMFIN,2026-02-24,800.0,0.0,0.0,0.0,1.5,119625.0,373725.0,962.1,992.7,939.0,-3.559,2026-02-02 23:54,77003
SHRIRAMFIN,2026-02-24,820.0,0.0,0.0,0.0,1.85,108900.0,354750.0,962.1,992.7,939.0,-3.559,2026-02-02 23:54,64640
SHRIRAMFIN,2026-02-24,840.0,0.0,0.0,0.0,2.5,204600.0,543675.0,962.1,992.7,939.0,-3.559,2026-02-02 23:54,52492
SHRIRAMFIN,2026-02-24,860.0,97.6,33825.0,4950.0,3.45,191400.0,752400.0,962.1,992.7,939.0,-3.559,2026-02-02 23:54,40722
SHRIRAMFIN,2026-02-24,880.0,149.6,9900.0,0.0,5.05,182325.0,750750.0,962.1,992.7,939.0,-3.559,2026-02-02 23:54,29719
SHRIRAMFIN,2026-02-24,890.0,73.4,9900.0,14850.0,6.25,117150.0,376200.0,962.1,992.7,939.0,-3.559,2026-02-02 23:54,24333
SHRIRAMFIN,2026-02-24,900.0,76.9,109725.0,93225.0,7.55,698775.0,3477375.0,962.1,992.7,939.0,-3.559,2026-02-02 23:54,19018
SHRIRAMFIN,2026-02-24,910.0,100.75,1650.0,0.0,9.3,112200.0,494175.0,962.1,992.7,939.0,-3.559,2026-02-02 23:54,14828
SHRIRAMFIN,2026-02-24,920.0,62.4,40425.0,51975.0,11.15,298650.0,1379400.0,962.1,992.7,939.0,-3.559,2026-02-02 23:54,10348
SHRIRAMFIN,2026-02-24,930.0,50.1,56100.0,140250.0,13.85,268125.0,1323300.0,962.1,992.7,939.0,-3.559,2026-02-02 23:54,6214
SHRIRAMFIN,2026-02-24,940.0,48.5,69300.0,412500.0,16.45,697950.0,3356100.0,962.1,992.7,939.0,-3.559,2026-02-02 23:54,2395
SHRIRAMFIN,2026-02-24,950.0,40.7,363825.0,2225025.0,19.95,560175.0,5265150.0,962.1,992.7,939.0,-3.559,2026-02-02 23:54,-1378
SHRIRAMFIN,2026-02-24,960.0,35.25,363000.0,2505525.0,24.2,561825.0,5346825.0,962.1,992.7,939.0,-3.559,2026-02-02 23:54,-3053
SHRIRAMFIN,2026-02-24,970.0,29.75,466950.0,2605350.0,27.7,191400.0,4453350.0,962.1,992.7,939.0,-3.559,2026-02-02 23:54,-4246
SHRIRAMFIN,2026-02-24,980.0,25.0,551100.0,2482425.0,33.0,274725.0,1236675.0,962.1,992.7,939.0,-3.559,2026-02-02 23:54,-3841
SHRIRAMFIN,2026-02-24,990.0,20.7,353100.0,1011450.0,38.75,168300.0,476850.0,962.1,992.7,939.0,-3.559,2026-02-02 23:54,-2999
SHRIRAMFIN,2026-02-24,1000.0,17.05,1541100.0,6854100.0,44.75,560175.0,1230900.0,962.1,992.7,939.0,-3.559,2026-02-02 23:54,-2027
SHRIRAMFIN,2026-02-24,1010.0,14.0,439725.0,1600500.0,51.5,160050.0,187275.0,962.1,992.7,939.0,-3.559,2026-02-02 23:54,1086
SHRIRAMFIN,2026-02-24,1020.0,11.55,795300.0,2821500.0,60.15,522225.0,125400.0,962.1,992.7,939.0,-3.559,2026-02-02 23:54,4471
SHRIRAMFIN,2026-02-24,1030.0,9.5,522225.0,1395900.0,68.0,98175.0,99825.0,962.1,992.7,939.0,-3.559,2026-02-02 23:54,7160
SHRIRAMFIN,2026-02-24,1040.0,7.8,637725.0,1037850.0,89.0,76725.0,25575.0,962.1,992.7,939.0,-3.559,2026-02-02 23:54,12520
SHRIRAMFIN,2026-02-24,1050.0,6.5,699600.0,1843050.0,91.0,59400.0,17325.0,962.1,992.7,939.0,-3.559,2026-02-02 23:54,18581
SHRIRAMFIN,2026-02-24,1060.0,5.5,400125.0,1810050.0,73.35,20625.0,0.0,962.1,992.7,939.0,-3.559,2026-02-02 23:54,25500
SHRIRAMFIN,2026-02-24,1070.0,4.45,85800.0,444675.0,102.4,11550.0,2475.0,962.1,992.7,939.0,-3.559,2026-02-02 23:54,32995
SHRIRAMFIN,2026-02-24,1080.0,3.8,223575.0,829950.0,71.4,2475.0,0.0,962.1,992.7,939.0,-3.559,2026-02-02 23:54,40438
SHRIRAMFIN,2026-02-24,1090.0,3.3,76725.0,262350.0,0.0,0.0,0.0,962.1,992.7,939.0,-3.559,2026-02-02 23:54,48254
SHRIRAMFIN,2026-02-24,1100.0,2.7,839850.0,1680525.0,87.75,9075.0,0.0,962.1,992.7,939.0,-3.559,2026-02-02 23:54,56105
SHRIRAMFIN,2026-02-24,1110.0,2.4,121275.0,245025.0,132.3,1650.0,0.0,962.1,992.7,939.0,-3.559,2026-02-02 23:54,64927
SHRIRAMFIN,2026-02-24,1120.0,2.05,183975.0,576675.0,122.05,825.0,0.0,962.1,992.7,939.0,-3.559,2026-02-02 23:54,73733
SHRIRAMFIN,2026-02-24,1140.0,1.65,534600.0,406725.0,186.65,13200.0,4125.0,962.1,992.7,939.0,-3.559,2026-02-02 23:54,91725
SIEMENS,2026-02-24,2300.0,0.0,0.0,0.0,5.7,11200.0,1050.0,3089.9,3098.0,2972.6,3.625,2026-02-02 23:54,22639
SIEMENS,2026-02-24,2400.0,0.0,0.0,0.0,3.0,22400.0,26250.0,3089.9,3098.0,2972.6,3.625,2026-02-02 23:54,17668
SIEMENS,2026-02-24,2500.0,416.05,525.0,0.0,4.45,41475.0,1750.0,3089.9,3098.0,2972.6,3.625,2026-02-02 23:54,12920
SIEMENS,2026-02-24,2550.0,509.2,875.0,0.0,18.7,1575.0,0.0,3089.9,3098.0,2972.6,3.625,2026-02-02 23:54,10763
SIEMENS,2026-02-24,2600.0,0.0,0.0,0.0,6.65,15400.0,16275.0,3089.9,3098.0,2972.6,3.625,2026-02-02 23:54,8657
SIEMENS,2026-02-24,2650.0,0.0,0.0,0.0,14.0,5250.0,0.0,3089.9,3098.0,2972.6,3.625,2026-02-02 23:54,6575
SIEMENS,2026-02-24,2700.0,412.0,525.0,1050.0,9.8,43925.0,36050.0,3089.9,3098.0,2972.6,3.625,2026-02-02 23:54,4523
SIEMENS,2026-02-24,2750.0,300.0,525.0,0.0,12.5,10325.0,9450.0,3089.9,3098.0,2972.6,3.625,2026-02-02 23:54,2679
SIEMENS,2026-02-24,2800.0,298.65,2625.0,1225.0,16.2,58800.0,70350.0,3089.9,3098.0,2972.6,3.625,2026-02-02 23:54,914
SIEMENS,2026-02-24,2850.0,297.55,6300.0,0.0,21.2,27650.0,28700.0,3089.9,3098.0,2972.6,3.625,2026-02-02 23:54,-563
SIEMENS,2026-02-24,2900.0,229.65,22225.0,9975.0,30.0,51275.0,59325.0,3089.9,3098.0,2972.6,3.625,2026-02-02 23:54,-1726
SIEMENS,2026-02-24,2950.0,191.0,19425.0,8750.0,39.2,26775.0,23275.0,3089.9,3098.0,2972.6,3.625,2026-02-02 23:54,-2294
SIEMENS,2026-02-24,3000.0,160.95,68425.0,206325.0,54.05,50050.0,138775.0,3089.9,3098.0,2972.6,3.625,2026-02-02 23:54,-2720
SIEMENS,2026-02-24,3050.0,125.35,70700.0,146650.0,72.75,35875.0,64575.0,3089.9,3098.0,2972.6,3.625,2026-02-02 23:54,-1990
SIEMENS,2026-02-24,3100.0,99.95,75425.0,215250.0,93.15,48650.0,15225.0,3089.9,3098.0,2972.6,3.625,2026-02-02 23:54,-933
SIEMENS,2026-02-24,3150.0,78.5,20650.0,41475.0,127.1,24675.0,2800.0,3089.9,3098.0,2972.6,3.625,2026-02-02 23:54,419
SIEMENS,2026-02-24,3200.0,58.0,104125.0,203700.0,154.65,15925.0,1925.0,3089.9,3098.0,2972.6,3.625,2026-02-02 23:54,1547
SIEMENS,2026-02-24,3250.0,44.0,18200.0,41475.0,223.45,1575.0,0.0,3089.9,3098.0,2972.6,3.625,2026-02-02 23:54,3784
SIEMENS,2026-02-24,3300.0,32.35,106050.0,176925.0,250.0,10150.0,175.0,3089.9,3098.0,2972.6,3.625,2026-02-02 23:54,5808
SIEMENS,2026-02-24,3350.0,25.05,31325.0,20475.0,261.95,525.0,0.0,3089.9,3098.0,2972.6,3.625,2026-02-02 23:54,8456
SIEMENS,2026-02-24,3400.0,18.9,153475.0,87675.0,0.0,0.0,0.0,3089.9,3098.0,2972.6,3.625,2026-02-02 23:54,11240
SIEMENS,2026-02-24,3450.0,15.85,6300.0,4550.0,0.0,0.0,0.0,3089.9,3098.0,2972.6,3.625,2026-02-02 23:54,15016
SIEMENS,2026-02-24,3500.0,12.6,266525.0,103075.0,600.0,2800.0,0.0,3089.9,3098.0,2972.6,3.625,2026-02-02 23:54,18543
SIEMENS,2026-02-24,3600.0,7.05,23625.0,30100.0,700.0,1400.0,0.0,3089.9,3098.0,2972.6,3.625,2026-02-02 23:54,28439
SIEMENS,2026-02-24,3700.0,5.85,68950.0,50400.0,0.0,0.0,0.0,3089.9,3098.0,2972.6,3.625,2026-02-02 23:54,38336
SOLARINDS,2026-02-24,10400.0,0.0,0.0,0.0,20.0,1400.0,350.0,13199.0,13341.0,12851.0,0.008,2026-02-02 23:54,37320
SOLARINDS,2026-02-24,10600.0,2644.35,50.0,0.0,24.2,350.0,0.0,13199.0,13341.0,12851.0,0.008,2026-02-02 23:54,33478
SOLARINDS,2026-02-24,10800.0,0.0,0.0,0.0,10.65,150.0,0.0,13199.0,13341.0,12851.0,0.008,2026-02-02 23:54,29659
SOLARINDS,2026-02-24,10900.0,0.0,0.0,0.0,0.0,0.0,0.0,13199.0,13341.0,12851.0,0.008,2026-02-02 23:54,27745
SOLARINDS,2026-02-24,11000.0,1730.0,1200.0,0.0,35.1,3550.0,4350.0,13199.0,13341.0,12851.0,0.008,2026-02-02 23:54,25831
SOLARINDS,2026-02-24,11100.0,0.0,0.0,0.0,58.45,600.0,150.0,13199.0,13341.0,12851.0,0.008,2026-02-02 23:54,24160
SOLARINDS,2026-02-24,11200.0,0.0,0.0,0.0,26.6,100.0,0.0,13199.0,13341.0,12851.0,0.008,2026-02-02 23:54,22296
SOLARINDS,2026-02-24,11300.0,0.0,0.0,0.0,60.0,650.0,500.0,13199.0,13341.0,12851.0,0.008,2026-02-02 23:54,20436
SOLARINDS,2026-02-24,11400.0,0.0,0.0,0.0,40.0,100.0,0.0,13199.0,13341.0,12851.0,0.008,2026-02-02 23:54,18579
SOLARINDS,2026-02-24,11500.0,1320.0,300.0,0.0,62.0,10900.0,4300.0,13199.0,13341.0,12851.0,0.008,2026-02-02 23:54,16727
SOLARINDS,2026-02-24,11600.0,0.0,0.0,0.0,110.0,700.0,350.0,13199.0,13341.0,12851.0,0.008,2026-02-02 23:54,14959
SOLARINDS,2026-02-24,11700.0,0.0,0.0,0.0,111.0,3100.0,50.0,13199.0,13341.0,12851.0,0.008,2026-02-02 23:54,13218
SOLARINDS,2026-02-24,11800.0,0.0,0.0,0.0,91.55,1850.0,3550.0,13199.0,13341.0,12851.0,0.008,2026-02-02 23:54,11482
SOLARINDS,2026-02-24,11900.0,0.0,0.0,0.0,187.55,250.0,0.0,13199.0,13341.0,12851.0,0.008,2026-02-02 23:54,9781
SOLARINDS,2026-02-24,12000.0,1096.35,250.0,0.0,117.85,21300.0,28500.0,13199.0,13341.0,12851.0,0.008,2026-02-02 23:54,8095
SOLARINDS,2026-02-24,12100.0,1026.9,150.0,0.0,151.7,550.0,900.0,13199.0,13341.0,12851.0,0.008,2026-02-02 23:54,6406
SOLARINDS,2026-02-24,12200.0,960.3,150.0,0.0,0.0,0.0,0.0,13199.0,13341.0,12851.0,0.008,2026-02-02 23:54,4955
SOLARINDS,2026-02-24,12300.0,895.6,350.0,0.0,242.3,600.0,0.0,13199.0,13341.0,12851.0,0.008,2026-02-02 23:54,3512
SOLARINDS,2026-02-24,12400.0,933.35,250.0,150.0,194.1,1950.0,2450.0,13199.0,13341.0,12851.0,0.008,2026-02-02 23:54,2082
SOLARINDS,2026-02-24,12500.0,949.1,6100.0,450.0,218.05,30550.0,20250.0,13199.0,13341.0,12851.0,0.008,2026-02-02 23:54,642
SOLARINDS,2026-02-24,12600.0,818.1,1150.0,250.0,262.35,2000.0,0.0,13199.0,13341.0,12851.0,0.008,2026-02-02 23:54,-504
SOLARINDS,2026-02-24,12700.0,668.8,350.0,0.0,275.3,1950.0,2550.0,13199.0,13341.0,12851.0,0.008,2026-02-02 23:54,-1489
SOLARINDS,2026-02-24,12800.0,799.25,2400.0,250.0,348.4,5850.0,1750.0,13199.0,13341.0,12851.0,0.008,2026-02-02 23:54,-2524
SOLARINDS,2026-02-24,12900.0,718.65,500.0,550.0,347.1,3600.0,2550.0,13199.0,13341.0,12851.0,0.008,2026-02-02 23:54,-3458
SOLARINDS,2026-02-24,13000.0,685.1,17700.0,33200.0,379.15,25250.0,43900.0,13199.0,13341.0,12851.0,0.008,2026-02-02 23:54,-4428
SOLARINDS,2026-02-24,13100.0,616.3,3800.0,31600.0,433.35,6750.0,16200.0,13199.0,13341.0,12851.0,0.008,2026-02-02 23:54,-4624
SOLARINDS,2026-02-24,13200.0,583.8,5200.0,18750.0,509.35,5100.0,2300.0,13199.0,13341.0,12851.0,0.008,2026-02-02 23:54,-5029
SOLARINDS,2026-02-24,13300.0,537.4,7500.0,2400.0,546.4,8000.0,3650.0,13199.0,13341.0,12851.0,0.008,2026-02-02 23:54,-5228
SOLARINDS,2026-02-24,13400.0,476.35,4550.0,5400.0,599.65,4400.0,2550.0,13199.0,13341.0,12851.0,0.008,2026-02-02 23:54,-5350
SOLARINDS,2026-02-24,13500.0,444.0,35450.0,43050.0,641.85,19600.0,4850.0,13199.0,13341.0,12851.0,0.008,2026-02-02 23:54,-5396
SOLARINDS,2026-02-24,13600.0,397.4,6850.0,4100.0,837.85,1900.0,50.0,13199.0,13341.0,12851.0,0.008,2026-02-02 23:54,-4528
SOLARINDS,2026-02-24,13700.0,357.75,4300.0,3150.0,794.1,2300.0,400.0,13199.0,13341.0,12851.0,0.008,2026-02-02 23:54,-3775
SOLARINDS,2026-02-24,13800.0,340.0,10850.0,5000.0,1052.25,1900.0,150.0,13199.0,13341.0,12851.0,0.008,2026-02-02 23:54,-3098
SOLARINDS,2026-02-24,13900.0,302.15,6200.0,2450.0,978.05,4000.0,0.0,13199.0,13341.0,12851.0,0.008,2026-02-02 23:54,-2097
SOLARINDS,2026-02-24,14000.0,284.65,62150.0,109050.0,870.0,13200.0,0.0,13199.0,13341.0,12851.0,0.008,2026-02-02 23:54,-1365
SOLARINDS,2026-02-24,14100.0,282.7,3100.0,0.0,1081.2,100.0,0.0,13199.0,13341.0,12851.0,0.008,2026-02-02 23:54,943
SOLARINDS,2026-02-24,14200.0,211.85,3650.0,2350.0,1269.1,150.0,0.0,13199.0,13341.0,12851.0,0.008,2026-02-02 23:54,2740
SOLARINDS,2026-02-24,14300.0,205.0,1800.0,1400.0,1234.2,100.0,0.0,13199.0,13341.0,12851.0,0.008,2026-02-02 23:54,4557
SOLARINDS,2026-02-24,14400.0,180.55,2300.0,850.0,1313.6,50.0,0.0,13199.0,13341.0,12851.0,0.008,2026-02-02 23:54,6359
SOLARINDS,2026-02-24,14500.0,175.2,71550.0,77900.0,1074.5,1200.0,0.0,13199.0,13341.0,12851.0,0.008,2026-02-02 23:54,8195
SOLARINDS,2026-02-24,14600.0,158.15,2400.0,1100.0,1477.85,350.0,0.0,13199.0,13341.0,12851.0,0.008,2026-02-02 23:54,11848
SOLARINDS,2026-02-24,14700.0,128.0,1100.0,150.0,1562.4,200.0,0.0,13199.0,13341.0,12851.0,0.008,2026-02-02 23:54,14390
SOLARINDS,2026-02-24,14800.0,109.8,200.0,0.0,1648.5,2650.0,0.0,13199.0,13341.0,12851.0,0.008,2026-02-02 23:54,16942
SOLARINDS,2026-02-24,14900.0,241.7,1300.0,0.0,0.0,0.0,0.0,13199.0,13341.0,12851.0,0.008,2026-02-02 23:54,19105
SOLARINDS,2026-02-24,15000.0,104.35,41750.0,69550.0,1780.0,2650.0,0.0,13199.0,13341.0,12851.0,0.008,2026-02-02 23:54,21747
SOLARINDS,2026-02-24,15100.0,212.0,1600.0,0.0,0.0,0.0,0.0,13199.0,13341.0,12851.0,0.008,2026-02-02 23:54,24765
SOLARINDS,2026-02-24,15200.0,79.2,1900.0,1350.0,0.0,0.0,0.0,13199.0,13341.0,12851.0,0.008,2026-02-02 23:54,27870
SOLARINDS,2026-02-24,15300.0,80.0,3200.0,750.0,0.0,0.0,0.0,13199.0,13341.0,12851.0,0.008,2026-02-02 23:54,30974
SOLARINDS,2026-02-24,15400.0,72.6,19200.0,6100.0,2190.15,1100.0,0.0,13199.0,13341.0,12851.0,0.008,2026-02-02 23:54,34121
SOLARINDS,2026-02-24,15600.0,59.0,5150.0,2250.0,0.0,0.0,0.0,13199.0,13341.0,12851.0,0.008,2026-02-02 23:54,40669
SOLARINDS,2026-02-24,15800.0,49.9,12850.0,16450.0,2445.8,350.0,0.0,13199.0,13341.0,12851.0,0.008,2026-02-02 23:54,47451
SONACOMS,2026-02-24,370.0,0.0,0.0,0.0,0.3,7350.0,2450.0,499.5,501.75,483.25,1.991,2026-02-02 23:54,16044
SONACOMS,2026-02-24,380.0,0.0,0.0,0.0,0.05,2450.0,0.0,499.5,501.75,483.25,1.991,2026-02-02 23:54,13893
SONACOMS,2026-02-24,400.0,91.55,1225.0,0.0,0.4,101675.0,56350.0,499.5,501.75,483.25,1.991,2026-02-02 23:54,9596
SONACOMS,2026-02-24,410.0,0.0,0.0,0.0,0.55,45325.0,0.0,499.5,501.75,483.25,1.991,2026-02-02 23:54,7557
SONACOMS,2026-02-24,420.0,72.35,6125.0,0.0,0.85,219275.0,37975.0,499.5,501.75,483.25,1.991,2026-02-02 23:54,5554
SONACOMS,2026-02-24,425.0,0.0,0.0,0.0,1.35,7350.0,0.0,499.5,501.75,483.25,1.991,2026-02-02 23:54,4692
SONACOMS,2026-02-24,430.0,0.0,0.0,0.0,1.15,67375.0,34300.0,499.5,501.75,483.25,1.991,2026-02-02 23:54,3808
SONACOMS,2026-02-24,435.0,0.0,0.0,0.0,2.3,9800.0,0.0,499.5,501.75,483.25,1.991,2026-02-02 23:54,2950
SONACOMS,2026-02-24,440.0,54.3,2450.0,0.0,1.8,102900.0,94325.0,499.5,501.75,483.25,1.991,2026-02-02 23:54,2102
SONACOMS,2026-02-24,445.0,0.0,0.0,0.0,2.1,24500.0,2450.0,499.5,501.75,483.25,1.991,2026-02-02 23:54,1304
SONACOMS,2026-02-24,450.0,46.0,45325.0,0.0,2.75,128625.0,80850.0,499.5,501.75,483.25,1.991,2026-02-02 23:54,519
SONACOMS,2026-02-24,455.0,42.1,11025.0,0.0,6.45,41650.0,0.0,499.5,501.75,483.25,1.991,2026-02-02 23:54,0
SONACOMS,2026-02-24,460.0,38.35,45325.0,0.0,4.0,138425.0,109025.0,499.5,501.75,483.25,1.991,2026-02-02 23:54,-648
SONACOMS,2026-02-24,465.0,34.75,19600.0,0.0,4.75,68600.0,45325.0,499.5,501.75,483.25,1.991,2026-02-02 23:54,-1105
SONACOMS,2026-02-24,470.0,36.65,112700.0,7350.0,5.75,140875.0,72275.0,499.5,501.75,483.25,1.991,2026-02-02 23:54,-1600
SONACOMS,2026-02-24,475.0,28.25,6125.0,7350.0,7.0,39200.0,14700.0,499.5,501.75,483.25,1.991,2026-02-02 23:54,-1672
SONACOMS,2026-02-24,480.0,29.55,192325.0,42875.0,8.3,132300.0,134750.0,499.5,501.75,483.25,1.991,2026-02-02 23:54,-2064
SONACOMS,2026-02-24,485.0,26.25,33075.0,41650.0,10.0,107800.0,41650.0,499.5,501.75,483.25,1.991,2026-02-02 23:54,-1825
SONACOMS,2026-02-24,490.0,23.25,139650.0,104125.0,11.95,199675.0,93100.0,499.5,501.75,483.25,1.991,2026-02-02 23:54,-1995
SONACOMS,2026-02-24,495.0,20.0,416500.0,516950.0,13.75,394450.0,34300.0,499.5,501.75,483.25,1.991,2026-02-02 23:54,-1888
SONACOMS,2026-02-24,500.0,17.35,512050.0,1232350.0,16.6,93100.0,39200.0,499.5,501.75,483.25,1.991,2026-02-02 23:54,-1171
SONACOMS,2026-02-24,505.0,14.8,49000.0,35525.0,18.95,24500.0,1225.0,499.5,501.75,483.25,1.991,2026-02-02 23:54,291
SONACOMS,2026-02-24,510.0,12.95,175175.0,369950.0,22.05,18375.0,20825.0,499.5,501.75,483.25,1.991,2026-02-02 23:54,1083
SONACOMS,2026-02-24,515.0,11.0,77175.0,24500.0,26.65,3675.0,19600.0,499.5,501.75,483.25,1.991,2026-02-02 23:54,2131
SONACOMS,2026-02-24,520.0,9.15,246225.0,541450.0,36.95,30625.0,0.0,499.5,501.75,483.25,1.991,2026-02-02 23:54,3109
SONACOMS,2026-02-24,525.0,7.75,37975.0,18375.0,43.5,2450.0,0.0,499.5,501.75,483.25,1.991,2026-02-02 23:54,4263
SONACOMS,2026-02-24,530.0,6.55,118825.0,199675.0,44.55,0.0,0.0,499.5,501.75,483.25,1.991,2026-02-02 23:54,5343
SONACOMS,2026-02-24,535.0,5.35,3675.0,0.0,0.0,0.0,0.0,499.5,501.75,483.25,1.991,2026-02-02 23:54,6542
SONACOMS,2026-02-24,540.0,4.75,78400.0,149450.0,52.75,1225.0,0.0,499.5,501.75,483.25,1.991,2026-02-02 23:54,7666
SONACOMS,2026-02-24,545.0,3.95,7350.0,6125.0,0.0,0.0,0.0,499.5,501.75,483.25,1.991,2026-02-02 23:54,8860
SONACOMS,2026-02-24,550.0,3.35,153125.0,171500.0,61.35,1225.0,0.0,499.5,501.75,483.25,1.991,2026-02-02 23:54,10029
SONACOMS,2026-02-24,560.0,2.4,121275.0,110250.0,70.35,3675.0,0.0,499.5,501.75,483.25,1.991,2026-02-02 23:54,12559
SONACOMS,2026-02-24,570.0,1.1,3675.0,0.0,0.0,0.0,0.0,499.5,501.75,483.25,1.991,2026-02-02 23:54,15174
SRF,2026-02-24,2280.0,0.0,0.0,0.0,0.0,0.0,0.0,2801.6,2806.6,2719.3,2.754,2026-02-02 23:54,22845
SRF,2026-02-24,2320.0,0.0,0.0,0.0,3.85,3200.0,0.0,2801.6,2806.6,2719.3,2.754,2026-02-02 23:54,20495
SRF,2026-02-24,2340.0,0.0,0.0,0.0,1.35,9200.0,400.0,2801.6,2806.6,2719.3,2.754,2026-02-02 23:54,19326
SRF,2026-02-24,2360.0,0.0,0.0,0.0,5.0,3600.0,4400.0,2801.6,2806.6,2719.3,2.754,2026-02-02 23:54,18175
SRF,2026-02-24,2400.0,0.0,0.0,0.0,8.25,11200.0,0.0,2801.6,2806.6,2719.3,2.754,2026-02-02 23:54,15887
SRF,2026-02-24,2440.0,0.0,0.0,0.0,6.0,9400.0,600.0,2801.6,2806.6,2719.3,2.754,2026-02-02 23:54,13637
SRF,2026-02-24,2460.0,0.0,0.0,0.0,9.4,1000.0,0.0,2801.6,2806.6,2719.3,2.754,2026-02-02 23:54,12530
SRF,2026-02-24,2480.0,0.0,0.0,0.0,11.65,2600.0,0.0,2801.6,2806.6,2719.3,2.754,2026-02-02 23:54,11429
SRF,2026-02-24,2500.0,385.0,1200.0,0.0,7.45,32400.0,31800.0,2801.6,2806.6,2719.3,2.754,2026-02-02 23:54,10332
SRF,2026-02-24,2520.0,0.0,0.0,0.0,11.35,7200.0,11200.0,2801.6,2806.6,2719.3,2.754,2026-02-02 23:54,9327
SRF,2026-02-24,2540.0,0.0,0.0,0.0,20.85,1800.0,0.0,2801.6,2806.6,2719.3,2.754,2026-02-02 23:54,8306
SRF,2026-02-24,2560.0,0.0,0.0,0.0,26.05,7400.0,0.0,2801.6,2806.6,2719.3,2.754,2026-02-02 23:54,7293
SRF,2026-02-24,2580.0,0.0,0.0,0.0,29.55,4200.0,0.0,2801.6,2806.6,2719.3,2.754,2026-02-02 23:54,6279
SRF,2026-02-24,2600.0,176.9,9200.0,1200.0,14.4,47000.0,30600.0,2801.6,2806.6,2719.3,2.754,2026-02-02 23:54,5281
SRF,2026-02-24,2620.0,0.0,0.0,0.0,14.0,1600.0,200.0,2801.6,2806.6,2719.3,2.754,2026-02-02 23:54,4502
SRF,2026-02-24,2640.0,151.3,0.0,200.0,19.4,10600.0,3000.0,2801.6,2806.6,2719.3,2.754,2026-02-02 23:54,3630
SRF,2026-02-24,2660.0,164.95,5200.0,2400.0,22.5,8600.0,14200.0,2801.6,2806.6,2719.3,2.754,2026-02-02 23:54,2760
SRF,2026-02-24,2680.0,149.45,5800.0,3000.0,30.4,14400.0,4600.0,2801.6,2806.6,2719.3,2.754,2026-02-02 23:54,2005
SRF,2026-02-24,2700.0,140.5,58000.0,33000.0,30.4,64600.0,71400.0,2801.6,2806.6,2719.3,2.754,2026-02-02 23:54,1266
SRF,2026-02-24,2720.0,123.0,16000.0,7000.0,35.35,16200.0,19600.0,2801.6,2806.6,2719.3,2.754,2026-02-02 23:54,1349
SRF,2026-02-24,2740.0,103.0,17000.0,19400.0,42.05,35200.0,18200.0,2801.6,2806.6,2719.3,2.754,2026-02-02 23:54,1017
SRF,2026-02-24,2760.0,100.0,18600.0,34000.0,48.05,15000.0,12600.0,2801.6,2806.6,2719.3,2.754,2026-02-02 23:54,677
SRF,2026-02-24,2780.0,86.0,21000.0,10600.0,64.0,15800.0,9400.0,2801.6,2806.6,2719.3,2.754,2026-02-02 23:54,491
SRF,2026-02-24,2800.0,76.95,183600.0,359600.0,65.55,106200.0,49600.0,2801.6,2806.6,2719.3,2.754,2026-02-02 23:54,344
SRF,2026-02-24,2820.0,64.0,17000.0,19000.0,76.05,15800.0,3800.0,2801.6,2806.6,2719.3,2.754,2026-02-02 23:54,1414
SRF,2026-02-24,2840.0,57.1,31200.0,28200.0,89.4,5800.0,7200.0,2801.6,2806.6,2719.3,2.754,2026-02-02 23:54,1821
SRF,2026-02-24,2860.0,48.0,29400.0,38600.0,144.45,5400.0,0.0,2801.6,2806.6,2719.3,2.754,2026-02-02 23:54,2440
SRF,2026-02-24,2880.0,41.0,7400.0,11800.0,179.65,1800.0,0.0,2801.6,2806.6,2719.3,2.754,2026-02-02 23:54,3066
SRF,2026-02-24,2900.0,35.45,141400.0,163000.0,123.5,54600.0,4200.0,2801.6,2806.6,2719.3,2.754,2026-02-02 23:54,3644
SRF,2026-02-24,2920.0,20.6,7200.0,1000.0,210.25,400.0,0.0,2801.6,2806.6,2719.3,2.754,2026-02-02 23:54,4444
SRF,2026-02-24,2940.0,26.0,9600.0,4600.0,155.25,2200.0,600.0,2801.6,2806.6,2719.3,2.754,2026-02-02 23:54,5439
SRF,2026-02-24,2960.0,21.05,19800.0,24800.0,243.0,400.0,0.0,2801.6,2806.6,2719.3,2.754,2026-02-02 23:54,6441
SRF,2026-02-24,2980.0,18.05,13800.0,16600.0,0.0,0.0,0.0,2801.6,2806.6,2719.3,2.754,2026-02-02 23:54,7525
SRF,2026-02-24,3000.0,16.25,177400.0,144800.0,205.5,45800.0,1000.0,2801.6,2806.6,2719.3,2.754,2026-02-02 23:54,8630
SRF,2026-02-24,3020.0,13.15,6400.0,7200.0,0.0,0.0,0.0,2801.6,2806.6,2719.3,2.754,2026-02-02 23:54,9503
SRF,2026-02-24,3040.0,0.0,0.0,0.0,312.95,400.0,0.0,2801.6,2806.6,2719.3,2.754,2026-02-02 23:54,11050
SRF,2026-02-24,3060.0,8.55,20000.0,600.0,0.0,0.0,0.0,2801.6,2806.6,2719.3,2.754,2026-02-02 23:54,12577
SRF,2026-02-24,3080.0,9.65,1000.0,800.0,0.0,0.0,0.0,2801.6,2806.6,2719.3,2.754,2026-02-02 23:54,14174
SRF,2026-02-24,3100.0,8.4,97800.0,65400.0,370.0,9200.0,200.0,2801.6,2806.6,2719.3,2.754,2026-02-02 23:54,15756
SRF,2026-02-24,3120.0,5.4,400.0,0.0,0.0,0.0,0.0,2801.6,2806.6,2719.3,2.754,2026-02-02 23:54,17294
SRF,2026-02-24,3140.0,6.0,5600.0,7600.0,0.0,0.0,0.0,2801.6,2806.6,2719.3,2.754,2026-02-02 23:54,19090
SRF,2026-02-24,3160.0,0.0,0.0,0.0,0.0,0.0,0.0,2801.6,2806.6,2719.3,2.754,2026-02-02 23:54,20901
SRF,2026-02-24,3200.0,4.95,44800.0,7400.0,385.0,4200.0,200.0,2801.6,2806.6,2719.3,2.754,2026-02-02 23:54,24516
SRF,2026-02-24,3220.0,2.1,400.0,0.0,0.0,0.0,0.0,2801.6,2806.6,2719.3,2.754,2026-02-02 23:54,26282
SRF,2026-02-24,3240.0,1.7,15000.0,0.0,0.0,0.0,0.0,2801.6,2806.6,2719.3,2.754,2026-02-02 23:54,28189
SRF,2026-02-24,3260.0,4.35,0.0,0.0,522.6,600.0,0.0,2801.6,2806.6,2719.3,2.754,2026-02-02 23:54,30128
SRF,2026-02-24,3300.0,2.95,47600.0,29400.0,491.05,5200.0,0.0,2801.6,2806.6,2719.3,2.754,2026-02-02 23:54,33972
SRF,2026-02-24,3320.0,0.75,400.0,0.0,0.0,0.0,0.0,2801.6,2806.6,2719.3,2.754,2026-02-02 23:54,35774
SRF,2026-02-24,3360.0,0.5,800.0,0.0,0.0,0.0,0.0,2801.6,2806.6,2719.3,2.754,2026-02-02 23:54,39862
SRF,2026-02-24,3400.0,1.95,13400.0,1000.0,635.0,3000.0,400.0,2801.6,2806.6,2719.3,2.754,2026-02-02 23:54,43953
SRF,2026-02-24,3440.0,0.2,600.0,0.0,700.75,4000.0,0.0,2801.6,2806.6,2719.3,2.754,2026-02-02 23:54,47922
SRF,2026-02-24,3480.0,0.15,400.0,0.0,0.0,0.0,0.0,2801.6,2806.6,2719.3,2.754,2026-02-02 23:54,51817
SRF,2026-02-24,3520.0,2.6,5800.0,0.0,780.35,200.0,0.0,2801.6,2806.6,2719.3,2.754,2026-02-02 23:54,55993
SUNPHARMA,2026-02-24,1340.0,0.0,0.0,0.0,1.0,700.0,0.0,1627.9,1634.0,1598.2,1.106,2026-02-02 23:54,58789
SUNPHARMA,2026-02-24,1360.0,0.0,0.0,0.0,0.9,33250.0,0.0,1627.9,1634.0,1598.2,1.106,2026-02-02 23:54,51665
SUNPHARMA,2026-02-24,1380.0,0.0,0.0,0.0,0.5,139300.0,9450.0,1627.9,1634.0,1598.2,1.106,2026-02-02 23:54,44604
SUNPHARMA,2026-02-24,1400.0,0.0,0.0,0.0,0.8,404250.0,257600.0,1627.9,1634.0,1598.2,1.106,2026-02-02 23:54,37818
SUNPHARMA,2026-02-24,1420.0,0.0,0.0,0.0,1.05,11900.0,1400.0,1627.9,1634.0,1598.2,1.106,2026-02-02 23:54,31816
SUNPHARMA,2026-02-24,1440.0,0.0,0.0,0.0,2.0,42700.0,9800.0,1627.9,1634.0,1598.2,1.106,2026-02-02 23:54,25868
SUNPHARMA,2026-02-24,1460.0,0.0,0.0,0.0,1.85,47950.0,73500.0,1627.9,1634.0,1598.2,1.106,2026-02-02 23:54,19998
SUNPHARMA,2026-02-24,1470.0,0.0,0.0,0.0,0.0,0.0,0.0,1627.9,1634.0,1598.2,1.106,2026-02-02 23:54,17107
SUNPHARMA,2026-02-24,1480.0,151.1,5250.0,0.0,2.4,114100.0,59150.0,1627.9,1634.0,1598.2,1.106,2026-02-02 23:54,14224
SUNPHARMA,2026-02-24,1490.0,0.0,0.0,0.0,2.65,33250.0,31850.0,1627.9,1634.0,1598.2,1.106,2026-02-02 23:54,11513
SUNPHARMA,2026-02-24,1500.0,128.1,11900.0,10500.0,3.2,327250.0,435400.0,1627.9,1634.0,1598.2,1.106,2026-02-02 23:54,8774
SUNPHARMA,2026-02-24,1510.0,0.0,0.0,0.0,3.6,74200.0,63350.0,1627.9,1634.0,1598.2,1.106,2026-02-02 23:54,6431
SUNPHARMA,2026-02-24,1520.0,92.55,7700.0,0.0,4.15,168700.0,79100.0,1627.9,1634.0,1598.2,1.106,2026-02-02 23:54,4088
SUNPHARMA,2026-02-24,1530.0,98.55,4550.0,7350.0,4.8,50750.0,63000.0,1627.9,1634.0,1598.2,1.106,2026-02-02 23:54,1949
SUNPHARMA,2026-02-24,1540.0,82.3,700.0,0.0,5.7,102550.0,133000.0,1627.9,1634.0,1598.2,1.106,2026-02-02 23:54,-115
SUNPHARMA,2026-02-24,1550.0,80.45,16450.0,13300.0,6.8,364700.0,198450.0,1627.9,1634.0,1598.2,1.106,2026-02-02 23:54,-2149
SUNPHARMA,2026-02-24,1560.0,72.5,18550.0,29400.0,7.9,105000.0,175000.0,1627.9,1634.0,1598.2,1.106,2026-02-02 23:54,-3865
SUNPHARMA,2026-02-24,1570.0,54.35,23450.0,0.0,9.8,63700.0,61950.0,1627.9,1634.0,1598.2,1.106,2026-02-02 23:54,-5291
SUNPHARMA,2026-02-24,1580.0,55.95,67550.0,45500.0,11.4,139300.0,248150.0,1627.9,1634.0,1598.2,1.106,2026-02-02 23:54,-6616
SUNPHARMA,2026-02-24,1590.0,48.35,106750.0,198800.0,14.1,137550.0,269150.0,1627.9,1634.0,1598.2,1.106,2026-02-02 23:54,-7580
SUNPHARMA,2026-02-24,1600.0,40.5,394450.0,1412950.0,16.55,402850.0,825300.0,1627.9,1634.0,1598.2,1.106,2026-02-02 23:54,-8196
SUNPHARMA,2026-02-24,1610.0,33.2,483700.0,1151150.0,20.0,94850.0,293650.0,1627.9,1634.0,1598.2,1.106,2026-02-02 23:54,-7407
SUNPHARMA,2026-02-24,1620.0,28.25,628600.0,2223900.0,24.5,140000.0,287700.0,1627.9,1634.0,1598.2,1.106,2026-02-02 23:54,-5553
SUNPHARMA,2026-02-24,1630.0,23.15,225050.0,841400.0,28.75,74900.0,192500.0,1627.9,1634.0,1598.2,1.106,2026-02-02 23:54,-2915
SUNPHARMA,2026-02-24,1640.0,18.4,1628200.0,2747500.0,34.15,43750.0,95550.0,1627.9,1634.0,1598.2,1.106,2026-02-02 23:54,-1103
SUNPHARMA,2026-02-24,1650.0,14.65,1018500.0,1806000.0,40.95,58800.0,45150.0,1627.9,1634.0,1598.2,1.106,2026-02-02 23:54,4920
SUNPHARMA,2026-02-24,1660.0,12.1,672000.0,763350.0,47.15,95900.0,61950.0,1627.9,1634.0,1598.2,1.106,2026-02-02 23:54,10426
SUNPHARMA,2026-02-24,1670.0,10.0,130550.0,282800.0,59.45,1400.0,3500.0,1627.9,1634.0,1598.2,1.106,2026-02-02 23:54,15810
SUNPHARMA,2026-02-24,1680.0,8.1,788550.0,501550.0,64.5,88550.0,14000.0,1627.9,1634.0,1598.2,1.106,2026-02-02 23:54,21087
SUNPHARMA,2026-02-24,1690.0,6.85,80500.0,159250.0,72.35,15750.0,14000.0,1627.9,1634.0,1598.2,1.106,2026-02-02 23:54,27186
SUNPHARMA,2026-02-24,1700.0,5.75,1300600.0,1536850.0,81.5,83300.0,53900.0,1627.9,1634.0,1598.2,1.106,2026-02-02 23:54,33256
SUNPHARMA,2026-02-24,1710.0,5.0,66850.0,83650.0,70.1,1750.0,0.0,1627.9,1634.0,1598.2,1.106,2026-02-02 23:54,40837
SUNPHARMA,2026-02-24,1720.0,4.2,154700.0,154350.0,123.3,33950.0,0.0,1627.9,1634.0,1598.2,1.106,2026-02-02 23:54,48438
SUNPHARMA,2026-02-24,1730.0,3.7,76650.0,86800.0,66.0,2450.0,0.0,1627.9,1634.0,1598.2,1.106,2026-02-02 23:54,55854
SUNPHARMA,2026-02-24,1740.0,3.3,161350.0,225750.0,120.5,1750.0,0.0,1627.9,1634.0,1598.2,1.106,2026-02-02 23:54,63715
SUNPHARMA,2026-02-24,1750.0,2.95,108500.0,108500.0,122.35,3850.0,0.0,1627.9,1634.0,1598.2,1.106,2026-02-02 23:54,71758
SUNPHARMA,2026-02-24,1760.0,2.7,80500.0,59150.0,135.0,16800.0,0.0,1627.9,1634.0,1598.2,1.106,2026-02-02 23:54,79867
SUNPHARMA,2026-02-24,1770.0,2.45,32550.0,29750.0,0.0,0.0,0.0,1627.9,1634.0,1598.2,1.106,2026-02-02 23:54,87883
SUNPHARMA,2026-02-24,1780.0,2.25,25900.0,22050.0,155.0,6650.0,0.0,1627.9,1634.0,1598.2,1.106,2026-02-02 23:54,96145
SUNPHARMA,2026-02-24,1790.0,3.8,17500.0,0.0,77.35,700.0,0.0,1627.9,1634.0,1598.2,1.106,2026-02-02 23:54,104334
SUNPHARMA,2026-02-24,1800.0,1.85,710500.0,366450.0,198.45,29400.0,0.0,1627.9,1634.0,1598.2,1.106,2026-02-02 23:54,112640
SUNPHARMA,2026-02-24,1810.0,1.7,12950.0,0.0,0.0,0.0,0.0,1627.9,1634.0,1598.2,1.106,2026-02-02 23:54,121232
SUNPHARMA,2026-02-24,1820.0,1.5,134750.0,19600.0,182.0,700.0,0.0,1627.9,1634.0,1598.2,1.106,2026-02-02 23:54,130291
SUNPHARMA,2026-02-24,1830.0,1.55,19600.0,20300.0,0.0,0.0,0.0,1627.9,1634.0,1598.2,1.106,2026-02-02 23:54,139492
SUNPHARMA,2026-02-24,1840.0,1.5,28000.0,12600.0,0.0,0.0,0.0,1627.9,1634.0,1598.2,1.106,2026-02-02 23:54,148707
SUNPHARMA,2026-02-24,1850.0,1.0,141400.0,18900.0,0.0,0.0,0.0,1627.9,1634.0,1598.2,1.106,2026-02-02 23:54,157952
SUNPHARMA,2026-02-24,1860.0,1.1,30450.0,4200.0,0.0,0.0,0.0,1627.9,1634.0,1598.2,1.106,2026-02-02 23:54,167347
SUNPHARMA,2026-02-24,1870.0,0.75,17850.0,350.0,0.0,0.0,0.0,1627.9,1634.0,1598.2,1.106,2026-02-02 23:54,176763
SUNPHARMA,2026-02-24,1880.0,1.05,19950.0,2100.0,156.0,1400.0,0.0,1627.9,1634.0,1598.2,1.106,2026-02-02 23:54,186194
SUNPHARMA,2026-02-24,1900.0,1.1,41650.0,28000.0,265.0,700.0,0.0,1627.9,1634.0,1598.2,1.106,2026-02-02 23:54,205077
SUNPHARMA,2026-02-24,1960.0,0.7,10850.0,2100.0,0.0,0.0,0.0,1627.9,1634.0,1598.2,1.106,2026-02-02 23:54,262026
SUNPHARMA,2026-02-24,1980.0,0.85,10850.0,2450.0,0.0,0.0,0.0,1627.9,1634.0,1598.2,1.106,2026-02-02 23:54,281036
SUNPHARMA,2026-02-24,2000.0,0.25,6650.0,0.0,350.0,1400.0,0.0,1627.9,1634.0,1598.2,1.106,2026-02-02 23:54,300068
SUNPHARMA,2026-02-24,2020.0,0.25,2100.0,0.0,0.0,0.0,0.0,1627.9,1634.0,1598.2,1.106,2026-02-02 23:54,319066
SUZLON,2026-02-24,38.0,8.55,144400.0,0.0,0.11,1552300.0,2860925.0,46.99,47.25,45.41,1.776,2026-02-02 23:54,45700
SUZLON,2026-02-24,40.0,6.73,207575.0,153425.0,0.18,3176800.0,3871725.0,46.99,47.25,45.41,1.776,2026-02-02 23:54,34769
SUZLON,2026-02-24,41.0,5.76,90250.0,63175.0,0.24,3023375.0,4521525.0,46.99,47.25,45.41,1.776,2026-02-02 23:54,29671
SUZLON,2026-02-24,42.0,4.97,162450.0,0.0,0.34,2147950.0,3943925.0,46.99,47.25,45.41,1.776,2026-02-02 23:54,24782
SUZLON,2026-02-24,43.0,4.13,288800.0,72200.0,0.46,1814025.0,3194850.0,46.99,47.25,45.41,1.776,2026-02-02 23:54,20152
SUZLON,2026-02-24,44.0,3.84,487350.0,469300.0,0.65,3230950.0,4431275.0,46.99,47.25,45.41,1.776,2026-02-02 23:54,15760
SUZLON,2026-02-24,45.0,3.2,2382600.0,2211125.0,0.89,7256100.0,8077375.0,46.99,47.25,45.41,1.776,2026-02-02 23:54,11681
SUZLON,2026-02-24,46.0,2.48,2761650.0,8691075.0,1.19,5171325.0,5451100.0,46.99,47.25,45.41,1.776,2026-02-02 23:54,8706
SUZLON,2026-02-24,47.0,1.84,4467375.0,11200025.0,1.58,5333775.0,2716525.0,46.99,47.25,45.41,1.776,2026-02-02 23:54,6477
SUZLON,2026-02-24,48.0,1.39,7923950.0,17391175.0,2.03,4918625.0,1976475.0,46.99,47.25,45.41,1.776,2026-02-02 23:54,5137
SUZLON,2026-02-24,49.0,0.97,6434825.0,12418400.0,2.58,2942150.0,767125.0,46.99,47.25,45.41,1.776,2026-02-02 23:54,5206
SUZLON,2026-02-24,50.0,0.68,46632175.0,38672125.0,3.39,3998075.0,875425.0,46.99,47.25,45.41,1.776,2026-02-02 23:54,5974
SUZLON,2026-02-24,51.0,0.51,6886075.0,12698175.0,5.14,595650.0,0.0,46.99,47.25,45.41,1.776,2026-02-02 23:54,13756
SUZLON,2026-02-24,52.0,0.4,7364400.0,8763275.0,5.31,1227400.0,63175.0,46.99,47.25,45.41,1.776,2026-02-02 23:54,20516
SUZLON,2026-02-24,53.0,0.33,8573750.0,5496225.0,6.31,577600.0,0.0,46.99,47.25,45.41,1.776,2026-02-02 23:54,27733
SUZLON,2026-02-24,54.0,0.29,8149575.0,1895250.0,6.85,776150.0,288800.0,46.99,47.25,45.41,1.776,2026-02-02 23:54,36140
SUZLON,2026-02-24,55.0,0.25,14340725.0,6254325.0,7.86,2175025.0,189525.0,46.99,47.25,45.41,1.776,2026-02-02 23:54,45226
SUZLON,2026-02-24,56.0,0.21,2662375.0,1155200.0,8.52,1444000.0,0.0,46.99,47.25,45.41,1.776,2026-02-02 23:54,54908
SUZLON,2026-02-24,57.0,0.18,1101050.0,460275.0,10.7,126350.0,0.0,46.99,47.25,45.41,1.776,2026-02-02 23:54,65178
SUZLON,2026-02-24,58.0,0.16,2057700.0,1010800.0,10.7,469300.0,9025.0,46.99,47.25,45.41,1.776,2026-02-02 23:54,76629
SUZLON,2026-02-24,59.0,0.15,234650.0,297825.0,12.65,72200.0,0.0,46.99,47.25,45.41,1.776,2026-02-02 23:54,87979
SUZLON,2026-02-24,60.0,0.11,9404050.0,3934900.0,11.24,3790500.0,0.0,46.99,47.25,45.41,1.776,2026-02-02 23:54,99741
SUZLON,2026-02-24,62.0,0.1,694925.0,478325.0,15.5,1064950.0,63175.0,46.99,47.25,45.41,1.776,2026-02-02 23:54,121922
SUZLON,2026-02-24,64.0,0.07,3465600.0,1922325.0,0.0,0.0,0.0,46.99,47.25,45.41,1.776,2026-02-02 23:54,146969
SYNGENE,2026-02-24,360.0,0.0,0.0,0.0,0.0,0.0,0.0,467.75,470.9,455.5,0.516,2026-02-02 23:54,52841
SYNGENE,2026-02-24,380.0,92.5,2000.0,0.0,0.95,56000.0,20000.0,467.75,470.9,455.5,0.516,2026-02-02 23:54,45073
SYNGENE,2026-02-24,400.0,0.0,0.0,0.0,1.5,96000.0,62000.0,467.75,470.9,455.5,0.516,2026-02-02 23:54,37434
SYNGENE,2026-02-24,410.0,0.0,0.0,0.0,2.05,22000.0,18000.0,467.75,470.9,455.5,0.516,2026-02-02 23:54,33690
SYNGENE,2026-02-24,420.0,0.0,0.0,0.0,2.6,83000.0,145000.0,467.75,470.9,455.5,0.516,2026-02-02 23:54,29978
SYNGENE,2026-02-24,430.0,0.0,0.0,0.0,3.8,59000.0,44000.0,467.75,470.9,455.5,0.516,2026-02-02 23:54,26331
SYNGENE,2026-02-24,440.0,47.0,4000.0,0.0,5.35,326000.0,328000.0,467.75,470.9,455.5,0.516,2026-02-02 23:54,22743
SYNGENE,2026-02-24,450.0,29.25,42000.0,80000.0,7.7,275000.0,256000.0,467.75,470.9,455.5,0.516,2026-02-02 23:54,19351
SYNGENE,2026-02-24,460.0,22.95,107000.0,331000.0,10.95,293000.0,324000.0,467.75,470.9,455.5,0.516,2026-02-02 23:54,16343
SYNGENE,2026-02-24,470.0,17.25,258000.0,460000.0,14.9,220000.0,173000.0,467.75,470.9,455.5,0.516,2026-02-02 23:54,13749
SYNGENE,2026-02-24,480.0,12.8,491000.0,722000.0,20.2,383000.0,103000.0,467.75,470.9,455.5,0.516,2026-02-02 23:54,11825
SYNGENE,2026-02-24,490.0,9.25,368000.0,436000.0,26.65,192000.0,30000.0,467.75,470.9,455.5,0.516,2026-02-02 23:54,10513
SYNGENE,2026-02-24,500.0,6.4,1353000.0,1423000.0,33.3,395000.0,52000.0,467.75,470.9,455.5,0.516,2026-02-02 23:54,9735
SYNGENE,2026-02-24,510.0,4.6,391000.0,352000.0,43.15,167000.0,7000.0,467.75,470.9,455.5,0.516,2026-02-02 23:54,10426
SYNGENE,2026-02-24,520.0,3.3,598000.0,277000.0,55.95,155000.0,0.0,467.75,470.9,455.5,0.516,2026-02-02 23:54,11584
SYNGENE,2026-02-24,530.0,2.45,229000.0,59000.0,68.4,73000.0,19000.0,467.75,470.9,455.5,0.516,2026-02-02 23:54,13367
SYNGENE,2026-02-24,540.0,1.85,240000.0,129000.0,81.45,90000.0,3000.0,467.75,470.9,455.5,0.516,2026-02-02 23:54,15677
SYNGENE,2026-02-24,550.0,1.3,895000.0,447000.0,85.25,87000.0,7000.0,467.75,470.9,455.5,0.516,2026-02-02 23:54,18073
SYNGENE,2026-02-24,560.0,1.05,255000.0,38000.0,92.0,99000.0,4000.0,467.75,470.9,455.5,0.516,2026-02-02 23:54,21513
SYNGENE,2026-02-24,570.0,0.8,160000.0,28000.0,85.0,132000.0,0.0,467.75,470.9,455.5,0.516,2026-02-02 23:54,25049
SYNGENE,2026-02-24,580.0,0.7,187000.0,59000.0,115.0,138000.0,0.0,467.75,470.9,455.5,0.516,2026-02-02 23:54,28652
SYNGENE,2026-02-24,590.0,0.55,105000.0,35000.0,117.5,38000.0,0.0,467.75,470.9,455.5,0.516,2026-02-02 23:54,32115
SYNGENE,2026-02-24,600.0,0.45,1016000.0,98000.0,127.0,167000.0,20000.0,467.75,470.9,455.5,0.516,2026-02-02 23:54,36854
SYNGENE,2026-02-24,610.0,0.4,99000.0,3000.0,103.0,10000.0,0.0,467.75,470.9,455.5,0.516,2026-02-02 23:54,41142
SYNGENE,2026-02-24,620.0,0.4,97000.0,50000.0,161.45,151000.0,4000.0,467.75,470.9,455.5,0.516,2026-02-02 23:54,47515
SYNGENE,2026-02-24,630.0,0.4,84000.0,12000.0,144.8,23000.0,0.0,467.75,470.9,455.5,0.516,2026-02-02 23:54,51801
SYNGENE,2026-02-24,640.0,0.35,81000.0,27000.0,152.0,33000.0,0.0,467.75,470.9,455.5,0.516,2026-02-02 23:54,58299
SYNGENE,2026-02-24,650.0,0.3,205000.0,39000.0,189.0,56000.0,5000.0,467.75,470.9,455.5,0.516,2026-02-02 23:54,64741
SYNGENE,2026-02-24,660.0,0.35,38000.0,0.0,98.85,7000.0,0.0,467.75,470.9,455.5,0.516,2026-02-02 23:54,70891
SYNGENE,2026-02-24,670.0,0.2,11000.0,0.0,183.95,5000.0,0.0,467.75,470.9,455.5,0.516,2026-02-02 23:54,78070
SYNGENE,2026-02-24,680.0,0.2,42000.0,10000.0,87.0,15000.0,0.0,467.75,470.9,455.5,0.516,2026-02-02 23:54,85241
SYNGENE,2026-02-24,690.0,0.0,0.0,0.0,63.0,6000.0,0.0,467.75,470.9,455.5,0.516,2026-02-02 23:54,92431
SYNGENE,2026-02-24,700.0,0.2,167000.0,4000.0,208.0,24000.0,0.0,467.75,470.9,455.5,0.516,2026-02-02 23:54,99719
SYNGENE,2026-02-24,720.0,3.95,2000.0,0.0,70.0,1000.0,0.0,467.75,470.9,455.5,0.516,2026-02-02 23:54,114258
SYNGENE,2026-02-24,730.0,2.9,2000.0,0.0,0.0,0.0,0.0,467.75,470.9,455.5,0.516,2026-02-02 23:54,121771
SYNGENE,2026-02-24,740.0,0.0,0.0,0.0,248.0,4000.0,0.0,467.75,470.9,455.5,0.516,2026-02-02 23:54,129294
SYNGENE,2026-02-24,760.0,0.2,7000.0,0.0,129.0,3000.0,0.0,467.75,470.9,455.5,0.516,2026-02-02 23:54,144247
TATACONSUM,2026-02-24,900.0,0.0,0.0,0.0,0.0,0.0,0.0,1125.4,1132.7,1084.0,3.504,2026-02-02 23:54,59895
TATACONSUM,2026-02-24,920.0,0.0,0.0,0.0,0.0,0.0,0.0,1125.4,1132.7,1084.0,3.504,2026-02-02 23:54,52079
TATACONSUM,2026-02-24,940.0,0.0,0.0,0.0,0.0,0.0,0.0,1125.4,1132.7,1084.0,3.504,2026-02-02 23:54,44264
TATACONSUM,2026-02-24,960.0,0.0,0.0,0.0,1.95,66000.0,3850.0,1125.4,1132.7,1084.0,3.504,2026-02-02 23:54,36448
TATACONSUM,2026-02-24,970.0,0.0,0.0,0.0,0.0,0.0,0.0,1125.4,1132.7,1084.0,3.504,2026-02-02 23:54,32593
TATACONSUM,2026-02-24,980.0,0.0,0.0,0.0,1.65,556600.0,119900.0,1125.4,1132.7,1084.0,3.504,2026-02-02 23:54,28752
TATACONSUM,2026-02-24,990.0,0.0,0.0,0.0,2.0,18700.0,25300.0,1125.4,1132.7,1084.0,3.504,2026-02-02 23:54,25375
TATACONSUM,2026-02-24,1000.0,130.0,18150.0,5500.0,2.5,298650.0,175450.0,1125.4,1132.7,1084.0,3.504,2026-02-02 23:54,22105
TATACONSUM,2026-02-24,1010.0,85.8,1100.0,0.0,2.9,14850.0,34100.0,1125.4,1132.7,1084.0,3.504,2026-02-02 23:54,19316
TATACONSUM,2026-02-24,1020.0,0.0,0.0,0.0,3.7,561550.0,156750.0,1125.4,1132.7,1084.0,3.504,2026-02-02 23:54,16388
TATACONSUM,2026-02-24,1030.0,0.0,0.0,0.0,4.2,96800.0,84700.0,1125.4,1132.7,1084.0,3.504,2026-02-02 23:54,13808
TATACONSUM,2026-02-24,1040.0,0.0,0.0,0.0,5.15,116600.0,97350.0,1125.4,1132.7,1084.0,3.504,2026-02-02 23:54,11492
TATACONSUM,2026-02-24,1050.0,69.65,3300.0,5500.0,6.4,124850.0,138600.0,1125.4,1132.7,1084.0,3.504,2026-02-02 23:54,9273
TATACONSUM,2026-02-24,1060.0,72.0,35200.0,4950.0,7.35,54450.0,110000.0,1125.4,1132.7,1084.0,3.504,2026-02-02 23:54,7185
TATACONSUM,2026-02-24,1070.0,64.45,6050.0,7700.0,9.1,63250.0,219450.0,1125.4,1132.7,1084.0,3.504,2026-02-02 23:54,5458
TATACONSUM,2026-02-24,1080.0,57.1,92400.0,110000.0,10.65,116600.0,194700.0,1125.4,1132.7,1084.0,3.504,2026-02-02 23:54,3568
TATACONSUM,2026-02-24,1090.0,49.65,22000.0,100650.0,12.8,70400.0,253550.0,1125.4,1132.7,1084.0,3.504,2026-02-02 23:54,2308
TATACONSUM,2026-02-24,1100.0,42.45,152900.0,696300.0,16.45,369600.0,457050.0,1125.4,1132.7,1084.0,3.504,2026-02-02 23:54,757
TATACONSUM,2026-02-24,1110.0,35.95,70950.0,344300.0,19.0,91300.0,231000.0,1125.4,1132.7,1084.0,3.504,2026-02-02 23:54,-248
TATACONSUM,2026-02-24,1120.0,31.25,211200.0,909150.0,24.0,525800.0,260700.0,1125.4,1132.7,1084.0,3.504,2026-02-02 23:54,-1052
TATACONSUM,2026-02-24,1130.0,25.05,156200.0,474100.0,28.5,105600.0,119350.0,1125.4,1132.7,1084.0,3.504,2026-02-02 23:54,-1803
TATACONSUM,2026-02-24,1140.0,21.0,322850.0,506000.0,33.0,187000.0,151250.0,1125.4,1132.7,1084.0,3.504,2026-02-02 23:54,-1599
TATACONSUM,2026-02-24,1150.0,16.95,319000.0,409200.0,40.15,114950.0,23650.0,1125.4,1132.7,1084.0,3.504,2026-02-02 23:54,-915
TATACONSUM,2026-02-24,1160.0,13.65,247500.0,330000.0,45.0,47850.0,10450.0,1125.4,1132.7,1084.0,3.504,2026-02-02 23:54,220
TATACONSUM,2026-02-24,1170.0,11.0,114950.0,144100.0,52.1,63250.0,4950.0,1125.4,1132.7,1084.0,3.504,2026-02-02 23:54,1695
TATACONSUM,2026-02-24,1180.0,8.8,232100.0,316250.0,60.8,91300.0,3850.0,1125.4,1132.7,1084.0,3.504,2026-02-02 23:54,3023
TATACONSUM,2026-02-24,1190.0,7.5,119900.0,104500.0,75.0,35200.0,0.0,1125.4,1132.7,1084.0,3.504,2026-02-02 23:54,4526
TATACONSUM,2026-02-24,1200.0,5.6,868450.0,1070300.0,77.9,92400.0,3300.0,1125.4,1132.7,1084.0,3.504,2026-02-02 23:54,6361
TATACONSUM,2026-02-24,1210.0,4.6,96250.0,131450.0,0.0,0.0,0.0,1125.4,1132.7,1084.0,3.504,2026-02-02 23:54,9097
TATACONSUM,2026-02-24,1220.0,3.95,193600.0,223850.0,129.9,8250.0,0.0,1125.4,1132.7,1084.0,3.504,2026-02-02 23:54,12208
TATACONSUM,2026-02-24,1230.0,3.3,97350.0,81950.0,0.0,0.0,0.0,1125.4,1132.7,1084.0,3.504,2026-02-02 23:54,15445
TATACONSUM,2026-02-24,1240.0,2.5,121550.0,42900.0,111.0,2200.0,0.0,1125.4,1132.7,1084.0,3.504,2026-02-02 23:54,18843
TATACONSUM,2026-02-24,1250.0,2.35,272800.0,81950.0,158.75,8800.0,0.0,1125.4,1132.7,1084.0,3.504,2026-02-02 23:54,22338
TATACONSUM,2026-02-24,1260.0,1.9,217250.0,58850.0,168.5,0.0,0.0,1125.4,1132.7,1084.0,3.504,2026-02-02 23:54,26033
TATACONSUM,2026-02-24,1270.0,1.15,42900.0,2200.0,0.0,0.0,0.0,1125.4,1132.7,1084.0,3.504,2026-02-02 23:54,30063
TATACONSUM,2026-02-24,1280.0,1.4,57200.0,19800.0,188.2,1650.0,0.0,1125.4,1132.7,1084.0,3.504,2026-02-02 23:54,34099
TATACONSUM,2026-02-24,1290.0,1.3,22000.0,2200.0,0.0,0.0,0.0,1125.4,1132.7,1084.0,3.504,2026-02-02 23:54,38165
TATACONSUM,2026-02-24,1300.0,0.9,407550.0,56650.0,207.95,3300.0,0.0,1125.4,1132.7,1084.0,3.504,2026-02-02 23:54,42280
TATACONSUM,2026-02-24,1310.0,0.1,1100.0,0.0,0.0,0.0,0.0,1125.4,1132.7,1084.0,3.504,2026-02-02 23:54,46771
TATACONSUM,2026-02-24,1320.0,1.45,1650.0,0.0,0.0,0.0,0.0,1125.4,1132.7,1084.0,3.504,2026-02-02 23:54,51294
TATACONSUM,2026-02-24,1330.0,0.05,3850.0,0.0,0.0,0.0,0.0,1125.4,1132.7,1084.0,3.504,2026-02-02 23:54,55820
TATACONSUM,2026-02-24,1340.0,0.55,58850.0,41250.0,0.0,0.0,0.0,1125.4,1132.7,1084.0,3.504,2026-02-02 23:54,60349
TATACONSUM,2026-02-24,1360.0,0.55,58850.0,17600.0,0.0,0.0,0.0,1125.4,1132.7,1084.0,3.504,2026-02-02 23:54,69529
TATACONSUM,2026-02-24,1380.0,0.5,8800.0,2750.0,0.0,0.0,0.0,1125.4,1132.7,1084.0,3.504,2026-02-02 23:54,78826
TATACONSUM,2026-02-24,1400.0,0.55,37400.0,0.0,0.0,0.0,0.0,1125.4,1132.7,1084.0,3.504,2026-02-02 23:54,88138
TATAELXSI,2026-02-24,4200.0,0.0,0.0,0.0,5.5,300.0,100.0,5440.0,5450.5,5344.0,0.35,2026-02-02 23:54,31158
TATAELXSI,2026-02-24,4400.0,0.0,0.0,0.0,4.2,14400.0,0.0,5440.0,5450.5,5344.0,0.35,2026-02-02 23:54,23986
TATAELXSI,2026-02-24,4500.0,0.0,0.0,0.0,8.9,3200.0,700.0,5440.0,5450.5,5344.0,0.35,2026-02-02 23:54,20538
TATAELXSI,2026-02-24,4600.0,0.0,0.0,0.0,10.0,6700.0,3600.0,5440.0,5450.5,5344.0,0.35,2026-02-02 23:54,17125
TATAELXSI,2026-02-24,4700.0,749.75,1100.0,0.0,19.1,600.0,0.0,5440.0,5450.5,5344.0,0.35,2026-02-02 23:54,13775
TATAELXSI,2026-02-24,4750.0,776.85,500.0,0.0,13.95,2000.0,1000.0,5440.0,5450.5,5344.0,0.35,2026-02-02 23:54,12194
TATAELXSI,2026-02-24,4800.0,0.0,0.0,0.0,15.45,15100.0,10000.0,5440.0,5450.5,5344.0,0.35,2026-02-02 23:54,10579
TATAELXSI,2026-02-24,4850.0,0.0,0.0,0.0,35.5,600.0,0.0,5440.0,5450.5,5344.0,0.35,2026-02-02 23:54,8981
TATAELXSI,2026-02-24,4900.0,0.0,0.0,0.0,30.9,1600.0,0.0,5440.0,5450.5,5344.0,0.35,2026-02-02 23:54,7407
TATAELXSI,2026-02-24,4950.0,527.3,300.0,0.0,30.55,3100.0,1800.0,5440.0,5450.5,5344.0,0.35,2026-02-02 23:54,5838
TATAELXSI,2026-02-24,5000.0,435.1,4600.0,200.0,30.0,37400.0,31400.0,5440.0,5450.5,5344.0,0.35,2026-02-02 23:54,4297
TATAELXSI,2026-02-24,5050.0,0.0,0.0,0.0,41.5,17600.0,5300.0,5440.0,5450.5,5344.0,0.35,2026-02-02 23:54,3048
TATAELXSI,2026-02-24,5100.0,476.1,700.0,0.0,42.3,30900.0,38400.0,5440.0,5450.5,5344.0,0.35,2026-02-02 23:54,1726
TATAELXSI,2026-02-24,5150.0,370.8,700.0,0.0,69.95,6400.0,0.0,5440.0,5450.5,5344.0,0.35,2026-02-02 23:54,538
TATAELXSI,2026-02-24,5200.0,280.6,2000.0,400.0,59.9,23700.0,24500.0,5440.0,5450.5,5344.0,0.35,2026-02-02 23:54,-536
TATAELXSI,2026-02-24,5250.0,271.45,500.0,0.0,75.15,8900.0,5700.0,5440.0,5450.5,5344.0,0.35,2026-02-02 23:54,-1548
TATAELXSI,2026-02-24,5300.0,240.75,12700.0,12300.0,90.35,36200.0,31800.0,5440.0,5450.5,5344.0,0.35,2026-02-02 23:54,-2482
TATAELXSI,2026-02-24,5350.0,204.55,13800.0,16400.0,102.95,10500.0,9400.0,5440.0,5450.5,5344.0,0.35,2026-02-02 23:54,-3139
TATAELXSI,2026-02-24,5400.0,184.0,61200.0,246100.0,123.1,48800.0,83200.0,5440.0,5450.5,5344.0,0.35,2026-02-02 23:54,-3478
TATAELXSI,2026-02-24,5450.0,156.35,24900.0,53800.0,149.3,13700.0,4800.0,5440.0,5450.5,5344.0,0.35,2026-02-02 23:54,-2917
TATAELXSI,2026-02-24,5500.0,131.1,78700.0,139600.0,176.65,35400.0,6400.0,5440.0,5450.5,5344.0,0.35,2026-02-02 23:54,-2503
TATAELXSI,2026-02-24,5550.0,111.25,13300.0,28300.0,236.65,400.0,100.0,5440.0,5450.5,5344.0,0.35,2026-02-02 23:54,-1297
TATAELXSI,2026-02-24,5600.0,93.15,80800.0,106800.0,271.95,7000.0,100.0,5440.0,5450.5,5344.0,0.35,2026-02-02 23:54,-291
TATAELXSI,2026-02-24,5650.0,81.25,7200.0,5000.0,317.5,700.0,100.0,5440.0,5450.5,5344.0,0.35,2026-02-02 23:54,1577
TATAELXSI,2026-02-24,5700.0,66.8,32200.0,54600.0,315.0,6500.0,1500.0,5440.0,5450.5,5344.0,0.35,2026-02-02 23:54,2960
TATAELXSI,2026-02-24,5750.0,59.0,3600.0,200.0,393.95,100.0,0.0,5440.0,5450.5,5344.0,0.35,2026-02-02 23:54,4511
TATAELXSI,2026-02-24,5800.0,49.2,88300.0,92200.0,379.6,7500.0,0.0,5440.0,5450.5,5344.0,0.35,2026-02-02 23:54,6086
TATAELXSI,2026-02-24,5850.0,42.0,6100.0,1600.0,0.0,0.0,0.0,5440.0,5450.5,5344.0,0.35,2026-02-02 23:54,8274
TATAELXSI,2026-02-24,5900.0,36.9,32700.0,24500.0,511.1,700.0,0.0,5440.0,5450.5,5344.0,0.35,2026-02-02 23:54,10367
TATAELXSI,2026-02-24,5950.0,26.15,5900.0,300.0,0.0,0.0,0.0,5440.0,5450.5,5344.0,0.35,2026-02-02 23:54,12687
TATAELXSI,2026-02-24,6000.0,29.0,353000.0,145200.0,577.85,11600.0,1000.0,5440.0,5450.5,5344.0,0.35,2026-02-02 23:54,14967
TATAELXSI,2026-02-24,6050.0,37.0,9100.0,100.0,638.85,100.0,0.0,5440.0,5450.5,5344.0,0.35,2026-02-02 23:54,19408
TATAELXSI,2026-02-24,6100.0,21.45,12100.0,2400.0,683.35,2100.0,0.0,5440.0,5450.5,5344.0,0.35,2026-02-02 23:54,23569
TATAELXSI,2026-02-24,6200.0,17.3,30600.0,14500.0,774.5,300.0,0.0,5440.0,5450.5,5344.0,0.35,2026-02-02 23:54,31860
TATAELXSI,2026-02-24,6300.0,12.8,7000.0,2200.0,0.0,0.0,0.0,5440.0,5450.5,5344.0,0.35,2026-02-02 23:54,40608
TATAELXSI,2026-02-24,6350.0,10.45,300.0,0.0,0.0,0.0,0.0,5440.0,5450.5,5344.0,0.35,2026-02-02 23:54,45011
TATAELXSI,2026-02-24,6400.0,9.7,30500.0,24800.0,0.0,0.0,0.0,5440.0,5450.5,5344.0,0.35,2026-02-02 23:54,49407
TATAELXSI,2026-02-24,6450.0,6.95,1100.0,0.0,0.0,0.0,0.0,5440.0,5450.5,5344.0,0.35,2026-02-02 23:54,53984
TATAELXSI,2026-02-24,6500.0,9.3,19600.0,20900.0,1105.0,4000.0,500.0,5440.0,5450.5,5344.0,0.35,2026-02-02 23:54,58538
TATAELXSI,2026-02-24,6550.0,4.5,4000.0,0.0,0.0,0.0,0.0,5440.0,5450.5,5344.0,0.35,2026-02-02 23:54,62786
TATAELXSI,2026-02-24,6600.0,5.05,4000.0,200.0,1157.75,200.0,0.0,5440.0,5450.5,5344.0,0.35,2026-02-02 23:54,67479
TATAELXSI,2026-02-24,6650.0,2.9,1300.0,0.0,0.0,0.0,0.0,5440.0,5450.5,5344.0,0.35,2026-02-02 23:54,72171
TATAELXSI,2026-02-24,6700.0,4.25,3700.0,600.0,1265.0,600.0,0.0,5440.0,5450.5,5344.0,0.35,2026-02-02 23:54,76890
TATAPOWER,2026-02-24,290.0,0.0,0.0,0.0,0.5,397300.0,39150.0,358.8,360.55,348.4,1.256,2026-02-02 23:54,177293
TATAPOWER,2026-02-24,295.0,0.0,0.0,0.0,0.55,43500.0,0.0,358.8,360.55,348.4,1.256,2026-02-02 23:54,165717
TATAPOWER,2026-02-24,300.0,56.85,2900.0,1450.0,0.65,468350.0,147900.0,358.8,360.55,348.4,1.256,2026-02-02 23:54,154181
TATAPOWER,2026-02-24,305.0,0.0,0.0,0.0,0.75,7250.0,4350.0,358.8,360.55,348.4,1.256,2026-02-02 23:54,142869
TATAPOWER,2026-02-24,310.0,45.9,21750.0,0.0,0.9,150800.0,108750.0,358.8,360.55,348.4,1.256,2026-02-02 23:54,131573
TATAPOWER,2026-02-24,315.0,39.6,55100.0,18850.0,1.15,111650.0,100050.0,358.8,360.55,348.4,1.256,2026-02-02 23:54,120451
TATAPOWER,2026-02-24,317.5,0.0,0.0,0.0,1.05,29000.0,0.0,358.8,360.55,348.4,1.256,2026-02-02 23:54,115094
TATAPOWER,2026-02-24,320.0,35.2,98600.0,47850.0,1.2,482850.0,210250.0,358.8,360.55,348.4,1.256,2026-02-02 23:54,109535
TATAPOWER,2026-02-24,322.5,34.3,2900.0,0.0,1.25,58000.0,0.0,358.8,360.55,348.4,1.256,2026-02-02 23:54,104415
TATAPOWER,2026-02-24,325.0,32.1,17400.0,0.0,1.45,187050.0,191400.0,358.8,360.55,348.4,1.256,2026-02-02 23:54,99023
TATAPOWER,2026-02-24,327.5,0.0,0.0,0.0,1.9,1450.0,0.0,358.8,360.55,348.4,1.256,2026-02-02 23:54,93708
TATAPOWER,2026-02-24,330.0,31.8,68150.0,15950.0,1.9,442250.0,466900.0,358.8,360.55,348.4,1.256,2026-02-02 23:54,88364
TATAPOWER,2026-02-24,332.5,0.0,0.0,0.0,2.75,11600.0,0.0,358.8,360.55,348.4,1.256,2026-02-02 23:54,83281
TATAPOWER,2026-02-24,335.0,23.85,17400.0,0.0,2.45,242150.0,146450.0,358.8,360.55,348.4,1.256,2026-02-02 23:54,78065
TATAPOWER,2026-02-24,337.5,0.0,0.0,0.0,3.9,47850.0,0.0,358.8,360.55,348.4,1.256,2026-02-02 23:54,72900
TATAPOWER,2026-02-24,340.0,22.8,247950.0,59450.0,3.2,1869050.0,1344150.0,358.8,360.55,348.4,1.256,2026-02-02 23:54,67745
TATAPOWER,2026-02-24,342.5,21.7,58000.0,24650.0,3.65,162400.0,124700.0,358.8,360.55,348.4,1.256,2026-02-02 23:54,63106
TATAPOWER,2026-02-24,345.0,19.7,493000.0,78300.0,4.15,535050.0,435000.0,358.8,360.55,348.4,1.256,2026-02-02 23:54,58621
TATAPOWER,2026-02-24,347.5,17.4,126150.0,31900.0,4.8,205900.0,276950.0,358.8,360.55,348.4,1.256,2026-02-02 23:54,55075
TATAPOWER,2026-02-24,350.0,15.9,2222850.0,1767550.0,5.55,2842000.0,1764650.0,358.8,360.55,348.4,1.256,2026-02-02 23:54,50984
TATAPOWER,2026-02-24,352.5,14.55,249400.0,423400.0,6.35,350900.0,648150.0,358.8,360.55,348.4,1.256,2026-02-02 23:54,49996
TATAPOWER,2026-02-24,355.0,12.9,1078800.0,2040150.0,7.2,1054150.0,907700.0,358.8,360.55,348.4,1.256,2026-02-02 23:54,47341
TATAPOWER,2026-02-24,357.5,11.35,256650.0,511850.0,8.35,281300.0,471250.0,358.8,360.55,348.4,1.256,2026-02-02 23:54,45712
TATAPOWER,2026-02-24,360.0,9.85,2041600.0,4071600.0,9.5,2382350.0,726450.0,358.8,360.55,348.4,1.256,2026-02-02 23:54,43640
TATAPOWER,2026-02-24,362.5,8.85,287100.0,327700.0,10.55,118900.0,15950.0,358.8,360.55,348.4,1.256,2026-02-02 23:54,42367
TATAPOWER,2026-02-24,365.0,7.8,914950.0,1596450.0,12.1,617700.0,433550.0,358.8,360.55,348.4,1.256,2026-02-02 23:54,41575
TATAPOWER,2026-02-24,367.5,6.85,237800.0,439350.0,13.6,317550.0,59450.0,358.8,360.55,348.4,1.256,2026-02-02 23:54,41005
TATAPOWER,2026-02-24,370.0,5.9,2182250.0,3674300.0,15.05,820700.0,176900.0,358.8,360.55,348.4,1.256,2026-02-02 23:54,40338
TATAPOWER,2026-02-24,372.5,5.2,176900.0,230550.0,18.05,89900.0,0.0,358.8,360.55,348.4,1.256,2026-02-02 23:54,40743
TATAPOWER,2026-02-24,375.0,4.6,967150.0,1483350.0,18.45,187050.0,29000.0,358.8,360.55,348.4,1.256,2026-02-02 23:54,41092
TATAPOWER,2026-02-24,377.5,4.05,65250.0,175450.0,20.95,18850.0,0.0,358.8,360.55,348.4,1.256,2026-02-02 23:54,41900
TATAPOWER,2026-02-24,380.0,3.5,2111200.0,3194350.0,22.5,1170150.0,13050.0,358.8,360.55,348.4,1.256,2026-02-02 23:54,42616
TATAPOWER,2026-02-24,382.5,3.15,126150.0,50750.0,29.3,11600.0,0.0,358.8,360.55,348.4,1.256,2026-02-02 23:54,42271
TATAPOWER,2026-02-24,385.0,2.7,619150.0,442250.0,29.0,81200.0,0.0,358.8,360.55,348.4,1.256,2026-02-02 23:54,43860
TATAPOWER,2026-02-24,387.5,2.4,82650.0,43500.0,0.0,0.0,0.0,358.8,360.55,348.4,1.256,2026-02-02 23:54,45551
TATAPOWER,2026-02-24,390.0,2.15,1365900.0,1028050.0,32.6,1278900.0,0.0,358.8,360.55,348.4,1.256,2026-02-02 23:54,47350
TATAPOWER,2026-02-24,392.5,1.9,143550.0,126150.0,38.05,2900.0,0.0,358.8,360.55,348.4,1.256,2026-02-02 23:54,45916
TATAPOWER,2026-02-24,395.0,1.75,356700.0,139200.0,41.5,7250.0,5800.0,358.8,360.55,348.4,1.256,2026-02-02 23:54,48409
TATAPOWER,2026-02-24,397.5,2.05,10150.0,0.0,0.0,0.0,0.0,358.8,360.55,348.4,1.256,2026-02-02 23:54,51010
TATAPOWER,2026-02-24,400.0,1.45,4947400.0,2289550.0,46.2,1409400.0,2900.0,358.8,360.55,348.4,1.256,2026-02-02 23:54,53583
TATAPOWER,2026-02-24,402.5,0.35,37700.0,0.0,0.0,0.0,0.0,358.8,360.55,348.4,1.256,2026-02-02 23:54,51949
TATAPOWER,2026-02-24,405.0,1.1,137750.0,62350.0,49.7,18850.0,0.0,358.8,360.55,348.4,1.256,2026-02-02 23:54,56119
TATAPOWER,2026-02-24,410.0,0.9,703250.0,375550.0,53.75,633650.0,10150.0,358.8,360.55,348.4,1.256,2026-02-02 23:54,64458
TATAPOWER,2026-02-24,415.0,0.75,216050.0,92800.0,59.35,78300.0,0.0,358.8,360.55,348.4,1.256,2026-02-02 23:54,70201
TATAPOWER,2026-02-24,420.0,0.6,1041100.0,356700.0,50.9,1310800.0,0.0,358.8,360.55,348.4,1.256,2026-02-02 23:54,78986
TATAPOWER,2026-02-24,425.0,0.4,49300.0,49300.0,69.15,147900.0,0.0,358.8,360.55,348.4,1.256,2026-02-02 23:54,82785
TATAPOWER,2026-02-24,430.0,0.45,653950.0,266800.0,60.6,475600.0,0.0,358.8,360.55,348.4,1.256,2026-02-02 23:54,92272
TATAPOWER,2026-02-24,435.0,0.35,46400.0,36250.0,79.05,97150.0,0.0,358.8,360.55,348.4,1.256,2026-02-02 23:54,100491
TATAPOWER,2026-02-24,440.0,0.3,722100.0,76850.0,86.6,1257150.0,17400.0,358.8,360.55,348.4,1.256,2026-02-02 23:54,110869
TATAPOWER,2026-02-24,450.0,0.3,1151300.0,276950.0,88.0,993250.0,8700.0,358.8,360.55,348.4,1.256,2026-02-02 23:54,124271
TATASTEEL,2026-02-24,130.0,57.8,110000.0,16500.0,0.0,0.0,0.0,188.51,189.0,182.55,1.688,2026-02-02 23:54,344968
TATASTEEL,2026-02-24,145.0,0.0,0.0,0.0,0.08,115500.0,5500.0,188.51,189.0,182.55,1.688,2026-02-02 23:54,237083
TATASTEEL,2026-02-24,150.0,0.0,0.0,0.0,0.14,1034000.0,638000.0,188.51,189.0,182.55,1.688,2026-02-02 23:54,200966
TATASTEEL,2026-02-24,154.0,34.61,605000.0,16500.0,0.06,11000.0,0.0,188.51,189.0,182.55,1.688,2026-02-02 23:54,172473
TATASTEEL,2026-02-24,155.0,0.0,0.0,0.0,0.18,770000.0,753500.0,188.51,189.0,182.55,1.688,2026-02-02 23:54,167508
TATASTEEL,2026-02-24,158.0,0.0,0.0,0.0,0.24,264000.0,352000.0,188.51,189.0,182.55,1.688,2026-02-02 23:54,146551
TATASTEEL,2026-02-24,160.0,28.14,715000.0,264000.0,0.29,3234000.0,3437500.0,188.51,189.0,182.55,1.688,2026-02-02 23:54,132635
TATASTEEL,2026-02-24,162.0,0.0,0.0,0.0,0.38,368500.0,467500.0,188.51,189.0,182.55,1.688,2026-02-02 23:54,121434
TATASTEEL,2026-02-24,163.0,0.0,0.0,0.0,0.0,0.0,0.0,188.51,189.0,182.55,1.688,2026-02-02 23:54,114897
TATASTEEL,2026-02-24,164.0,0.0,0.0,0.0,0.0,0.0,0.0,188.51,189.0,182.55,1.688,2026-02-02 23:54,108374
TATASTEEL,2026-02-24,165.0,27.48,528000.0,0.0,0.49,1969000.0,2084500.0,188.51,189.0,182.55,1.688,2026-02-02 23:54,101851
TATASTEEL,2026-02-24,166.0,0.0,0.0,0.0,0.61,104500.0,0.0,188.51,189.0,182.55,1.688,2026-02-02 23:54,96932
TATASTEEL,2026-02-24,167.0,0.0,0.0,0.0,0.49,170500.0,0.0,188.51,189.0,182.55,1.688,2026-02-02 23:54,90663
TATASTEEL,2026-02-24,168.0,0.0,0.0,0.0,0.7,588500.0,907500.0,188.51,189.0,182.55,1.688,2026-02-02 23:54,84409
TATASTEEL,2026-02-24,169.0,0.0,0.0,0.0,0.77,104500.0,115500.0,188.51,189.0,182.55,1.688,2026-02-02 23:54,78180
TATASTEEL,2026-02-24,170.0,20.45,1083500.0,165000.0,0.85,4603500.0,6264500.0,188.51,189.0,182.55,1.688,2026-02-02 23:54,71996
TATASTEEL,2026-02-24,171.0,0.0,0.0,0.0,0.95,137500.0,192500.0,188.51,189.0,182.55,1.688,2026-02-02 23:54,68212
TATASTEEL,2026-02-24,172.0,0.0,0.0,0.0,1.08,1045000.0,891000.0,188.51,189.0,182.55,1.688,2026-02-02 23:54,62605
TATASTEEL,2026-02-24,173.0,14.67,5500.0,0.0,1.2,693000.0,797500.0,188.51,189.0,182.55,1.688,2026-02-02 23:54,57003
TATASTEEL,2026-02-24,174.0,0.0,0.0,0.0,1.32,401500.0,231000.0,188.51,189.0,182.55,1.688,2026-02-02 23:54,51508
TATASTEEL,2026-02-24,175.0,16.0,1204500.0,55000.0,1.43,6198500.0,3778500.0,188.51,189.0,182.55,1.688,2026-02-02 23:54,46076
TATASTEEL,2026-02-24,176.0,13.91,22000.0,49500.0,1.62,506000.0,445500.0,188.51,189.0,182.55,1.688,2026-02-02 23:54,42477
TATASTEEL,2026-02-24,177.0,13.93,77000.0,126500.0,1.91,385000.0,291500.0,188.51,189.0,182.55,1.688,2026-02-02 23:54,37839
TATASTEEL,2026-02-24,178.0,13.28,121000.0,132000.0,2.03,500500.0,616000.0,188.51,189.0,182.55,1.688,2026-02-02 23:54,33333
TATASTEEL,2026-02-24,179.0,9.68,5500.0,16500.0,2.34,390500.0,324500.0,188.51,189.0,182.55,1.688,2026-02-02 23:54,28914
TATASTEEL,2026-02-24,180.0,12.2,1738000.0,1886500.0,2.49,7287500.0,9757000.0,188.51,189.0,182.55,1.688,2026-02-02 23:54,24389
TATASTEEL,2026-02-24,181.0,10.52,258500.0,313500.0,2.76,599500.0,687500.0,188.51,189.0,182.55,1.688,2026-02-02 23:54,21159
TATASTEEL,2026-02-24,182.0,10.07,280500.0,137500.0,3.01,1177000.0,1149500.0,188.51,189.0,182.55,1.688,2026-02-02 23:54,17815
TATASTEEL,2026-02-24,183.0,10.01,269500.0,610500.0,3.34,973500.0,1914000.0,188.51,189.0,182.55,1.688,2026-02-02 23:54,14439
TATASTEEL,2026-02-24,184.0,9.39,478500.0,1369500.0,3.73,957000.0,2805000.0,188.51,189.0,182.55,1.688,2026-02-02 23:54,11204
TATASTEEL,2026-02-24,185.0,8.77,2733500.0,11088000.0,4.02,7100500.0,9471000.0,188.51,189.0,182.55,1.688,2026-02-02 23:54,8260
TATASTEEL,2026-02-24,186.0,8.19,720500.0,4350500.0,4.37,753500.0,1303500.0,188.51,189.0,182.55,1.688,2026-02-02 23:54,5749
TATASTEEL,2026-02-24,187.0,7.59,638000.0,3283500.0,4.8,995500.0,907500.0,188.51,189.0,182.55,1.688,2026-02-02 23:54,4104
TATASTEEL,2026-02-24,188.0,7.07,1347500.0,2678500.0,5.24,1166000.0,819500.0,188.51,189.0,182.55,1.688,2026-02-02 23:54,2368
TATASTEEL,2026-02-24,189.0,6.55,654500.0,1892000.0,5.74,616000.0,407000.0,188.51,189.0,182.55,1.688,2026-02-02 23:54,1219
TATASTEEL,2026-02-24,190.0,5.99,10472000.0,17655000.0,6.19,7568000.0,3212000.0,188.51,189.0,182.55,1.688,2026-02-02 23:54,-69
TATASTEEL,2026-02-24,191.0,5.6,1105500.0,957000.0,6.9,1523500.0,176000.0,188.51,189.0,182.55,1.688,2026-02-02 23:54,1958
TATASTEEL,2026-02-24,192.0,5.1,1628000.0,2139500.0,7.35,1138500.0,500500.0,188.51,189.0,182.55,1.688,2026-02-02 23:54,2229
TATASTEEL,2026-02-24,193.0,4.66,1468500.0,1243000.0,8.93,990000.0,60500.0,188.51,189.0,182.55,1.688,2026-02-02 23:54,3202
TATASTEEL,2026-02-24,194.0,4.3,2497000.0,1930500.0,8.77,924000.0,269500.0,188.51,189.0,182.55,1.688,2026-02-02 23:54,4228
TATASTEEL,2026-02-24,195.0,3.92,6847500.0,11368500.0,9.09,4191000.0,1160500.0,188.51,189.0,182.55,1.688,2026-02-02 23:54,6059
TATASTEEL,2026-02-24,196.0,3.61,1182500.0,1446500.0,11.08,797500.0,77000.0,188.51,189.0,182.55,1.688,2026-02-02 23:54,7604
TATASTEEL,2026-02-24,197.0,3.29,1375000.0,1248500.0,10.96,489500.0,27500.0,188.51,189.0,182.55,1.688,2026-02-02 23:54,10017
TATASTEEL,2026-02-24,198.0,3.04,1364000.0,935000.0,15.0,522500.0,137500.0,188.51,189.0,182.55,1.688,2026-02-02 23:54,12989
TATASTEEL,2026-02-24,199.0,2.84,660000.0,621500.0,12.41,423500.0,38500.0,188.51,189.0,182.55,1.688,2026-02-02 23:54,15864
TATASTEEL,2026-02-24,200.0,2.55,16137000.0,21708500.0,12.94,4037000.0,935000.0,188.51,189.0,182.55,1.688,2026-02-02 23:54,18879
TATASTEEL,2026-02-24,201.0,2.32,825000.0,583000.0,13.91,379500.0,77000.0,188.51,189.0,182.55,1.688,2026-02-02 23:54,23140
TATASTEEL,2026-02-24,202.0,2.11,1721500.0,1606000.0,14.4,726000.0,115500.0,188.51,189.0,182.55,1.688,2026-02-02 23:54,28294
TATASTEEL,2026-02-24,203.0,1.98,1034000.0,863500.0,17.5,781000.0,0.0,188.51,189.0,182.55,1.688,2026-02-02 23:54,33347
TATASTEEL,2026-02-24,204.0,1.79,1732500.0,907500.0,20.66,654500.0,5500.0,188.51,189.0,182.55,1.688,2026-02-02 23:54,38102
TATASTEEL,2026-02-24,205.0,1.62,4295500.0,5753000.0,17.05,605000.0,5500.0,188.51,189.0,182.55,1.688,2026-02-02 23:54,43216
TATASTEEL,2026-02-24,206.0,1.51,1166000.0,1210000.0,22.02,88000.0,27500.0,188.51,189.0,182.55,1.688,2026-02-02 23:54,49526
TATASTEEL,2026-02-24,207.0,1.45,5500.0,11000.0,0.0,0.0,0.0,188.51,189.0,182.55,1.688,2026-02-02 23:54,56279
TATASTEEL,2026-02-24,208.0,1.27,522500.0,462000.0,24.0,99000.0,11000.0,188.51,189.0,182.55,1.688,2026-02-02 23:54,63052
TATASTEEL,2026-02-24,209.0,1.86,5500.0,0.0,0.0,0.0,0.0,188.51,189.0,182.55,1.688,2026-02-02 23:54,69714
TATASTEEL,2026-02-24,210.0,1.07,11566500.0,8008000.0,21.09,803000.0,33000.0,188.51,189.0,182.55,1.688,2026-02-02 23:54,76549
TATASTEEL,2026-02-24,211.0,0.0,0.0,0.0,0.0,0.0,0.0,188.51,189.0,182.55,1.688,2026-02-02 23:54,84165
TATASTEEL,2026-02-24,212.0,0.85,775500.0,984500.0,26.23,16500.0,0.0,188.51,189.0,182.55,1.688,2026-02-02 23:54,92236
TATASTEEL,2026-02-24,213.0,0.0,0.0,0.0,0.0,0.0,0.0,188.51,189.0,182.55,1.688,2026-02-02 23:54,100409
TATASTEEL,2026-02-24,214.0,0.76,2761000.0,2425500.0,27.92,170500.0,0.0,188.51,189.0,182.55,1.688,2026-02-02 23:54,108560
TATASTEEL,2026-02-24,216.0,0.65,2057000.0,2139500.0,0.0,0.0,0.0,188.51,189.0,182.55,1.688,2026-02-02 23:54,125181
TATASTEEL,2026-02-24,218.0,0.56,3481500.0,2354000.0,29.4,308000.0,5500.0,188.51,189.0,182.55,1.688,2026-02-02 23:54,142613
TATASTEEL,2026-02-24,220.0,0.46,1644500.0,1980000.0,0.0,0.0,0.0,188.51,189.0,182.55,1.688,2026-02-02 23:54,159959
TATASTEEL,2026-02-24,222.0,0.41,363000.0,660000.0,0.0,0.0,0.0,188.51,189.0,182.55,1.688,2026-02-02 23:54,178420
TATASTEEL,2026-02-24,224.0,0.35,764500.0,852500.0,0.0,0.0,0.0,188.51,189.0,182.55,1.688,2026-02-02 23:54,196893
TATASTEEL,2026-02-24,226.0,0.3,2854500.0,2079000.0,37.8,0.0,5500.0,188.51,189.0,182.55,1.688,2026-02-02 23:54,215530
TATATECH,2026-02-24,540.0,0.0,0.0,0.0,0.5,8800.0,0.0,645.85,647.55,633.25,1.119,2026-02-02 23:54,22736
TATATECH,2026-02-24,550.0,0.0,0.0,0.0,0.7,3200.0,0.0,645.85,647.55,633.25,1.119,2026-02-02 23:54,20396
TATATECH,2026-02-24,560.0,98.4,800.0,0.0,1.5,800.0,0.0,645.85,647.55,633.25,1.119,2026-02-02 23:54,18059
TATATECH,2026-02-24,570.0,0.0,0.0,0.0,1.75,800.0,0.0,645.85,647.55,633.25,1.119,2026-02-02 23:54,15731
TATATECH,2026-02-24,580.0,85.8,0.0,0.0,1.55,53600.0,17600.0,645.85,647.55,633.25,1.119,2026-02-02 23:54,13397
TATATECH,2026-02-24,585.0,0.0,0.0,0.0,2.3,4800.0,0.0,645.85,647.55,633.25,1.119,2026-02-02 23:54,12248
TATATECH,2026-02-24,590.0,0.0,0.0,0.0,2.25,16000.0,24000.0,645.85,647.55,633.25,1.119,2026-02-02 23:54,11109
TATATECH,2026-02-24,595.0,0.0,0.0,0.0,3.5,4000.0,0.0,645.85,647.55,633.25,1.119,2026-02-02 23:54,9975
TATATECH,2026-02-24,600.0,52.95,10400.0,7200.0,2.8,254400.0,83200.0,645.85,647.55,633.25,1.119,2026-02-02 23:54,8846
TATATECH,2026-02-24,605.0,41.9,3200.0,800.0,5.1,1600.0,0.0,645.85,647.55,633.25,1.119,2026-02-02 23:54,7834
TATATECH,2026-02-24,610.0,36.45,2400.0,8000.0,4.1,73600.0,106400.0,645.85,647.55,633.25,1.119,2026-02-02 23:54,6853
TATATECH,2026-02-24,615.0,31.0,800.0,2400.0,4.8,20800.0,30400.0,645.85,647.55,633.25,1.119,2026-02-02 23:54,5877
TATATECH,2026-02-24,620.0,33.05,4000.0,8000.0,5.55,194400.0,117600.0,645.85,647.55,633.25,1.119,2026-02-02 23:54,4925
TATATECH,2026-02-24,625.0,29.25,2400.0,4000.0,7.95,18400.0,29600.0,645.85,647.55,633.25,1.119,2026-02-02 23:54,3985
TATATECH,2026-02-24,630.0,28.4,9600.0,24000.0,8.05,142400.0,69600.0,645.85,647.55,633.25,1.119,2026-02-02 23:54,3143
TATATECH,2026-02-24,635.0,0.0,0.0,0.0,9.6,14400.0,13600.0,645.85,647.55,633.25,1.119,2026-02-02 23:54,2296
TATATECH,2026-02-24,640.0,21.25,190400.0,435200.0,11.25,163200.0,157600.0,645.85,647.55,633.25,1.119,2026-02-02 23:54,1531
TATATECH,2026-02-24,645.0,18.7,188000.0,268000.0,13.35,148800.0,73600.0,645.85,647.55,633.25,1.119,2026-02-02 23:54,1177
TATATECH,2026-02-24,650.0,16.15,296000.0,328000.0,15.75,261600.0,55200.0,645.85,647.55,633.25,1.119,2026-02-02 23:54,924
TATATECH,2026-02-24,655.0,13.55,61600.0,54400.0,20.0,24800.0,29600.0,645.85,647.55,633.25,1.119,2026-02-02 23:54,862
TATATECH,2026-02-24,660.0,11.8,535200.0,292800.0,21.05,389600.0,20800.0,645.85,647.55,633.25,1.119,2026-02-02 23:54,812
TATATECH,2026-02-24,665.0,9.8,13600.0,12000.0,24.0,800.0,0.0,645.85,647.55,633.25,1.119,2026-02-02 23:54,1001
TATATECH,2026-02-24,670.0,8.45,205600.0,190400.0,35.7,84000.0,0.0,645.85,647.55,633.25,1.119,2026-02-02 23:54,1398
TATATECH,2026-02-24,675.0,7.0,33600.0,31200.0,29.95,800.0,0.0,645.85,647.55,633.25,1.119,2026-02-02 23:54,1801
TATATECH,2026-02-24,680.0,5.85,319200.0,244000.0,43.85,87200.0,24000.0,645.85,647.55,633.25,1.119,2026-02-02 23:54,2370
TATATECH,2026-02-24,685.0,4.8,21600.0,36000.0,28.0,800.0,0.0,645.85,647.55,633.25,1.119,2026-02-02 23:54,2925
TATATECH,2026-02-24,690.0,4.2,61600.0,31200.0,40.2,7200.0,0.0,645.85,647.55,633.25,1.119,2026-02-02 23:54,3694
TATATECH,2026-02-24,695.0,2.5,10400.0,1600.0,0.0,0.0,0.0,645.85,647.55,633.25,1.119,2026-02-02 23:54,4487
TATATECH,2026-02-24,700.0,3.1,637600.0,213600.0,59.0,234400.0,1600.0,645.85,647.55,633.25,1.119,2026-02-02 23:54,5291
TATATECH,2026-02-24,705.0,2.2,7200.0,0.0,0.0,0.0,0.0,645.85,647.55,633.25,1.119,2026-02-02 23:54,5343
TATATECH,2026-02-24,710.0,2.2,64000.0,28000.0,58.0,8000.0,0.0,645.85,647.55,633.25,1.119,2026-02-02 23:54,6585
TATATECH,2026-02-24,715.0,1.4,1600.0,0.0,0.0,0.0,0.0,645.85,647.55,633.25,1.119,2026-02-02 23:54,7830
TATATECH,2026-02-24,720.0,1.6,144000.0,55200.0,74.5,66400.0,0.0,645.85,647.55,633.25,1.119,2026-02-02 23:54,9108
TATATECH,2026-02-24,725.0,2.25,6400.0,0.0,0.0,0.0,0.0,645.85,647.55,633.25,1.119,2026-02-02 23:54,10019
TATATECH,2026-02-24,730.0,1.3,42400.0,12800.0,78.7,9600.0,0.0,645.85,647.55,633.25,1.119,2026-02-02 23:54,11406
TATATECH,2026-02-24,740.0,1.5,52800.0,2400.0,83.9,3200.0,0.0,645.85,647.55,633.25,1.119,2026-02-02 23:54,14160
TATATECH,2026-02-24,750.0,0.95,96800.0,8800.0,100.0,21600.0,0.0,645.85,647.55,633.25,1.119,2026-02-02 23:54,17021
TATATECH,2026-02-24,760.0,1.0,20000.0,0.0,96.0,12800.0,0.0,645.85,647.55,633.25,1.119,2026-02-02 23:54,19813
TATATECH,2026-02-24,780.0,0.6,6400.0,0.0,125.95,12000.0,0.0,645.85,647.55,633.25,1.119,2026-02-02 23:54,25754
TCS,2026-02-24,2640.0,556.9,13125.0,0.0,1.35,19775.0,8750.0,3169.6,3198.0,3134.0,-0.543,2026-02-02 23:54,233191
TCS,2026-02-24,2680.0,0.0,0.0,0.0,0.0,0.0,0.0,3169.6,3198.0,3134.0,-0.543,2026-02-02 23:54,211480
TCS,2026-02-24,2720.0,477.3,525.0,0.0,1.4,40950.0,46550.0,3169.6,3198.0,3134.0,-0.543,2026-02-02 23:54,189041
TCS,2026-02-24,2760.0,437.65,175.0,0.0,1.8,47075.0,23450.0,3169.6,3198.0,3134.0,-0.543,2026-02-02 23:54,166787
TCS,2026-02-24,2800.0,400.8,1225.0,0.0,1.8,461475.0,101325.0,3169.6,3198.0,3134.0,-0.543,2026-02-02 23:54,144702
TCS,2026-02-24,2840.0,0.0,0.0,0.0,2.75,47425.0,31150.0,3169.6,3198.0,3134.0,-0.543,2026-02-02 23:54,124434
TCS,2026-02-24,2860.0,0.0,0.0,0.0,3.4,33250.0,37450.0,3169.6,3198.0,3134.0,-0.543,2026-02-02 23:54,114400
TCS,2026-02-24,2880.0,0.0,0.0,0.0,3.85,53550.0,55300.0,3169.6,3198.0,3134.0,-0.543,2026-02-02 23:54,104433
TCS,2026-02-24,2900.0,340.0,5250.0,0.0,5.0,227500.0,216300.0,3169.6,3198.0,3134.0,-0.543,2026-02-02 23:54,94564
TCS,2026-02-24,2920.0,0.0,0.0,0.0,6.0,190225.0,172550.0,3169.6,3198.0,3134.0,-0.543,2026-02-02 23:54,85246
TCS,2026-02-24,2940.0,267.1,350.0,0.0,7.15,36400.0,105000.0,3169.6,3198.0,3134.0,-0.543,2026-02-02 23:54,76129
TCS,2026-02-24,2960.0,246.05,1575.0,0.0,8.95,134575.0,122150.0,3169.6,3198.0,3134.0,-0.543,2026-02-02 23:54,67184
TCS,2026-02-24,2980.0,170.65,175.0,0.0,10.8,79975.0,81025.0,3169.6,3198.0,3134.0,-0.543,2026-02-02 23:54,58446
TCS,2026-02-24,3000.0,188.15,100100.0,26075.0,13.1,510125.0,846125.0,3169.6,3198.0,3134.0,-0.543,2026-02-02 23:54,49866
TCS,2026-02-24,3020.0,172.95,7175.0,1750.0,15.3,64575.0,99400.0,3169.6,3198.0,3134.0,-0.543,2026-02-02 23:54,43805
TCS,2026-02-24,3040.0,153.0,12950.0,1925.0,18.7,102550.0,167475.0,3169.6,3198.0,3134.0,-0.543,2026-02-02 23:54,36698
TCS,2026-02-24,3060.0,136.95,53200.0,5425.0,22.0,176400.0,298900.0,3169.6,3198.0,3134.0,-0.543,2026-02-02 23:54,29803
TCS,2026-02-24,3080.0,120.75,81025.0,28350.0,26.3,131075.0,225400.0,3169.6,3198.0,3134.0,-0.543,2026-02-02 23:54,23702
TCS,2026-02-24,3100.0,107.05,287700.0,241850.0,31.55,524125.0,857675.0,3169.6,3198.0,3134.0,-0.543,2026-02-02 23:54,18317
TCS,2026-02-24,3120.0,93.1,135625.0,99050.0,37.5,306600.0,355425.0,3169.6,3198.0,3134.0,-0.543,2026-02-02 23:54,15349
TCS,2026-02-24,3140.0,80.05,262150.0,443450.0,44.35,386750.0,815325.0,3169.6,3198.0,3134.0,-0.543,2026-02-02 23:54,11953
TCS,2026-02-24,3160.0,67.9,305200.0,860825.0,52.2,296800.0,873950.0,3169.6,3198.0,3134.0,-0.543,2026-02-02 23:54,10124
TCS,2026-02-24,3180.0,57.5,1078875.0,1537550.0,60.65,239400.0,528325.0,3169.6,3198.0,3134.0,-0.543,2026-02-02 23:54,9639
TCS,2026-02-24,3200.0,47.9,827225.0,2235625.0,71.05,421050.0,786450.0,3169.6,3198.0,3134.0,-0.543,2026-02-02 23:54,16019
TCS,2026-02-24,3220.0,39.25,280875.0,503125.0,82.45,81200.0,134050.0,3169.6,3198.0,3134.0,-0.543,2026-02-02 23:54,21115
TCS,2026-02-24,3240.0,32.25,372925.0,580650.0,96.4,85575.0,123200.0,3169.6,3198.0,3134.0,-0.543,2026-02-02 23:54,26397
TCS,2026-02-24,3260.0,26.05,228725.0,642250.0,107.9,35525.0,24500.0,3169.6,3198.0,3134.0,-0.543,2026-02-02 23:54,32541
TCS,2026-02-24,3280.0,20.9,194775.0,368725.0,125.05,42700.0,45675.0,3169.6,3198.0,3134.0,-0.543,2026-02-02 23:54,39048
TCS,2026-02-24,3300.0,16.5,800100.0,2343950.0,140.0,273175.0,121975.0,3169.6,3198.0,3134.0,-0.543,2026-02-02 23:54,45691
TCS,2026-02-24,3320.0,12.95,140700.0,312025.0,157.45,22050.0,2975.0,3169.6,3198.0,3134.0,-0.543,2026-02-02 23:54,52103
TCS,2026-02-24,3340.0,10.1,181825.0,283500.0,166.55,3325.0,0.0,3169.6,3198.0,3134.0,-0.543,2026-02-02 23:54,61180
TCS,2026-02-24,3360.0,8.2,113225.0,205975.0,191.3,16275.0,350.0,3169.6,3198.0,3134.0,-0.543,2026-02-02 23:54,70920
TCS,2026-02-24,3380.0,6.45,56350.0,163100.0,198.65,175.0,0.0,3169.6,3198.0,3134.0,-0.543,2026-02-02 23:54,80573
TCS,2026-02-24,3400.0,5.2,619675.0,798350.0,229.0,257075.0,26775.0,3169.6,3198.0,3134.0,-0.543,2026-02-02 23:54,90590
TCS,2026-02-24,3420.0,4.05,147175.0,169575.0,232.75,3850.0,0.0,3169.6,3198.0,3134.0,-0.543,2026-02-02 23:54,96763
TCS,2026-02-24,3440.0,3.2,218575.0,125475.0,250.4,14175.0,0.0,3169.6,3198.0,3134.0,-0.543,2026-02-02 23:54,108772
TCS,2026-02-24,3460.0,2.65,174825.0,110600.0,230.0,1575.0,0.0,3169.6,3198.0,3134.0,-0.543,2026-02-02 23:54,120992
TCS,2026-02-24,3480.0,2.45,29750.0,65800.0,286.8,2450.0,0.0,3169.6,3198.0,3134.0,-0.543,2026-02-02 23:54,133860
TCS,2026-02-24,3500.0,2.2,456400.0,384650.0,305.4,44625.0,0.0,3169.6,3198.0,3134.0,-0.543,2026-02-02 23:54,146720
TCS,2026-02-24,3520.0,1.85,63000.0,93800.0,324.25,13825.0,0.0,3169.6,3198.0,3134.0,-0.543,2026-02-02 23:54,159382
TCS,2026-02-24,3540.0,1.55,22575.0,24325.0,343.25,3850.0,0.0,3169.6,3198.0,3134.0,-0.543,2026-02-02 23:54,173023
TCS,2026-02-24,3560.0,1.5,31150.0,106750.0,362.45,12075.0,0.0,3169.6,3198.0,3134.0,-0.543,2026-02-02 23:54,187025
TCS,2026-02-24,3600.0,1.55,188825.0,323400.0,432.25,125650.0,1400.0,3169.6,3198.0,3134.0,-0.543,2026-02-02 23:54,215027
TCS,2026-02-24,3640.0,1.45,12775.0,16450.0,440.4,13125.0,0.0,3169.6,3198.0,3134.0,-0.543,2026-02-02 23:54,239318
TCS,2026-02-24,3680.0,1.3,35175.0,27650.0,479.85,4200.0,0.0,3169.6,3198.0,3134.0,-0.543,2026-02-02 23:54,268538
TCS,2026-02-24,3720.0,0.95,15575.0,14875.0,519.45,4900.0,0.0,3169.6,3198.0,3134.0,-0.543,2026-02-02 23:54,298295
TCS,2026-02-24,3760.0,1.0,5075.0,7175.0,559.15,4725.0,0.0,3169.6,3198.0,3134.0,-0.543,2026-02-02 23:54,328077
TCS,2026-02-24,3840.0,0.0,0.0,0.0,660.0,44975.0,1400.0,3169.6,3198.0,3134.0,-0.543,2026-02-02 23:54,387963
TECHM,2026-02-24,1320.0,402.3,9000.0,0.0,0.0,0.0,0.0,1724.0,1729.6,1709.2,0.39,2026-02-02 23:54,118655
TECHM,2026-02-24,1360.0,362.45,600.0,0.0,0.0,0.0,0.0,1724.0,1729.6,1709.2,0.39,2026-02-02 23:54,102260
TECHM,2026-02-24,1400.0,322.65,12600.0,0.0,0.6,19800.0,3000.0,1724.0,1729.6,1709.2,0.39,2026-02-02 23:54,85528
TECHM,2026-02-24,1420.0,302.8,600.0,0.0,0.0,0.0,0.0,1724.0,1729.6,1709.2,0.39,2026-02-02 23:54,77621
TECHM,2026-02-24,1440.0,283.0,600.0,0.0,0.25,21600.0,0.0,1724.0,1729.6,1709.2,0.39,2026-02-02 23:54,69328
TECHM,2026-02-24,1460.0,263.25,6600.0,0.0,0.65,18000.0,2400.0,1724.0,1729.6,1709.2,0.39,2026-02-02 23:54,61077
TECHM,2026-02-24,1480.0,243.65,2400.0,0.0,0.8,5400.0,0.0,1724.0,1729.6,1709.2,0.39,2026-02-02 23:54,53032
TECHM,2026-02-24,1500.0,229.0,113400.0,1800.0,0.95,200400.0,41400.0,1724.0,1729.6,1709.2,0.39,2026-02-02 23:54,44888
TECHM,2026-02-24,1520.0,205.05,1800.0,0.0,1.9,33600.0,3000.0,1724.0,1729.6,1709.2,0.39,2026-02-02 23:54,39892
TECHM,2026-02-24,1540.0,0.0,0.0,0.0,2.15,788400.0,201000.0,1724.0,1729.6,1709.2,0.39,2026-02-02 23:54,32419
TECHM,2026-02-24,1560.0,171.35,3000.0,1800.0,3.35,159000.0,70200.0,1724.0,1729.6,1709.2,0.39,2026-02-02 23:54,26322
TECHM,2026-02-24,1580.0,150.05,1200.0,0.0,4.9,42000.0,55800.0,1724.0,1729.6,1709.2,0.39,2026-02-02 23:54,20718
TECHM,2026-02-24,1600.0,126.75,53400.0,0.0,6.95,559200.0,282000.0,1724.0,1729.6,1709.2,0.39,2026-02-02 23:54,15199
TECHM,2026-02-24,1620.0,116.7,26400.0,0.0,9.3,393000.0,138000.0,1724.0,1729.6,1709.2,0.39,2026-02-02 23:54,11196
TECHM,2026-02-24,1640.0,101.45,13200.0,0.0,12.05,268200.0,201600.0,1724.0,1729.6,1709.2,0.39,2026-02-02 23:54,7686
TECHM,2026-02-24,1660.0,83.4,34200.0,6600.0,16.1,175800.0,135600.0,1724.0,1729.6,1709.2,0.39,2026-02-02 23:54,4607
TECHM,2026-02-24,1680.0,65.0,34200.0,0.0,21.5,195600.0,279600.0,1724.0,1729.6,1709.2,0.39,2026-02-02 23:54,2140
TECHM,2026-02-24,1700.0,56.15,149400.0,289200.0,26.9,388200.0,511800.0,1724.0,1729.6,1709.2,0.39,2026-02-02 23:54,-68
TECHM,2026-02-24,1720.0,43.95,230400.0,699000.0,35.15,229800.0,562200.0,1724.0,1729.6,1709.2,0.39,2026-02-02 23:54,-1208
TECHM,2026-02-24,1740.0,33.45,340200.0,564000.0,45.1,161400.0,288000.0,1724.0,1729.6,1709.2,0.39,2026-02-02 23:54,-1017
TECHM,2026-02-24,1760.0,25.25,622800.0,455400.0,55.35,348600.0,105600.0,1724.0,1729.6,1709.2,0.39,2026-02-02 23:54,380
TECHM,2026-02-24,1780.0,18.5,1033200.0,580200.0,69.95,42600.0,22800.0,1724.0,1729.6,1709.2,0.39,2026-02-02 23:54,2955
TECHM,2026-02-24,1800.0,13.0,544200.0,773400.0,85.1,100800.0,33000.0,1724.0,1729.6,1709.2,0.39,2026-02-02 23:54,9652
TECHM,2026-02-24,1820.0,9.35,198000.0,443400.0,99.7,7200.0,0.0,1724.0,1729.6,1709.2,0.39,2026-02-02 23:54,15875
TECHM,2026-02-24,1840.0,6.6,219000.0,310800.0,128.0,24000.0,1200.0,1724.0,1729.6,1709.2,0.39,2026-02-02 23:54,22772
TECHM,2026-02-24,1860.0,4.65,184200.0,98400.0,0.0,0.0,0.0,1724.0,1729.6,1709.2,0.39,2026-02-02 23:54,29878
TECHM,2026-02-24,1880.0,3.2,136800.0,67200.0,0.0,0.0,0.0,1724.0,1729.6,1709.2,0.39,2026-02-02 23:54,37602
TECHM,2026-02-24,1900.0,2.3,225600.0,93000.0,181.1,1200.0,0.0,1724.0,1729.6,1709.2,0.39,2026-02-02 23:54,45557
TECHM,2026-02-24,1920.0,1.85,141000.0,69000.0,199.55,600.0,0.0,1724.0,1729.6,1709.2,0.39,2026-02-02 23:54,53953
TECHM,2026-02-24,1960.0,0.7,677400.0,214200.0,237.4,8400.0,0.0,1724.0,1729.6,1709.2,0.39,2026-02-02 23:54,71264
TECHM,2026-02-24,2000.0,0.5,116400.0,49800.0,245.9,5400.0,0.0,1724.0,1729.6,1709.2,0.39,2026-02-02 23:54,91152
TIINDIA,2026-02-24,1800.0,0.0,0.0,0.0,0.25,600.0,0.0,2315.7,2342.1,2268.3,-0.805,2026-02-02 23:54,15374
TIINDIA,2026-02-24,1880.0,0.0,0.0,0.0,0.0,0.0,0.0,2315.7,2342.1,2268.3,-0.805,2026-02-02 23:54,11900
TIINDIA,2026-02-24,1920.0,0.0,0.0,0.0,8.7,20000.0,26200.0,2315.7,2342.1,2268.3,-0.805,2026-02-02 23:54,10163
TIINDIA,2026-02-24,1960.0,325.0,800.0,400.0,0.0,0.0,0.0,2315.7,2342.1,2268.3,-0.805,2026-02-02 23:54,8489
TIINDIA,2026-02-24,2000.0,330.0,200.0,200.0,7.5,46200.0,200.0,2315.7,2342.1,2268.3,-0.805,2026-02-02 23:54,6862
TIINDIA,2026-02-24,2040.0,0.0,0.0,0.0,0.0,0.0,0.0,2315.7,2342.1,2268.3,-0.805,2026-02-02 23:54,5365
TIINDIA,2026-02-24,2060.0,0.0,0.0,0.0,0.0,0.0,0.0,2315.7,2342.1,2268.3,-0.805,2026-02-02 23:54,4631
TIINDIA,2026-02-24,2080.0,0.0,0.0,0.0,0.0,0.0,0.0,2315.7,2342.1,2268.3,-0.805,2026-02-02 23:54,3897
TIINDIA,2026-02-24,2100.0,257.05,600.0,0.0,15.4,42800.0,62800.0,2315.7,2342.1,2268.3,-0.805,2026-02-02 23:54,3163
TIINDIA,2026-02-24,2120.0,240.25,5600.0,0.0,17.75,3400.0,0.0,2315.7,2342.1,2268.3,-0.805,2026-02-02 23:54,2466
TIINDIA,2026-02-24,2140.0,0.0,0.0,0.0,21.3,800.0,0.0,2315.7,2342.1,2268.3,-0.805,2026-02-02 23:54,1965
TIINDIA,2026-02-24,2160.0,0.0,0.0,0.0,27.55,8000.0,3400.0,2315.7,2342.1,2268.3,-0.805,2026-02-02 23:54,1336
TIINDIA,2026-02-24,2180.0,185.55,4800.0,0.0,0.0,0.0,0.0,2315.7,2342.1,2268.3,-0.805,2026-02-02 23:54,702
TIINDIA,2026-02-24,2200.0,146.0,76600.0,1800.0,32.55,64400.0,42000.0,2315.7,2342.1,2268.3,-0.805,2026-02-02 23:54,189
TIINDIA,2026-02-24,2220.0,163.9,4800.0,0.0,39.85,7000.0,12000.0,2315.7,2342.1,2268.3,-0.805,2026-02-02 23:54,778
TIINDIA,2026-02-24,2240.0,183.2,18000.0,0.0,35.6,12200.0,0.0,2315.7,2342.1,2268.3,-0.805,2026-02-02 23:54,532
TIINDIA,2026-02-24,2260.0,92.35,10800.0,1400.0,49.9,14400.0,18200.0,2315.7,2342.1,2268.3,-0.805,2026-02-02 23:54,583
TIINDIA,2026-02-24,2280.0,102.0,9200.0,10400.0,64.45,1800.0,800.0,2315.7,2342.1,2268.3,-0.805,2026-02-02 23:54,425
TIINDIA,2026-02-24,2300.0,91.0,115400.0,102800.0,65.0,95800.0,283000.0,2315.7,2342.1,2268.3,-0.805,2026-02-02 23:54,344
TIINDIA,2026-02-24,2320.0,79.95,8600.0,11400.0,75.05,9600.0,4600.0,2315.7,2342.1,2268.3,-0.805,2026-02-02 23:54,1030
TIINDIA,2026-02-24,2340.0,70.1,9600.0,13600.0,83.9,8800.0,3800.0,2315.7,2342.1,2268.3,-0.805,2026-02-02 23:54,1322
TIINDIA,2026-02-24,2360.0,59.9,5000.0,4800.0,94.1,5400.0,2000.0,2315.7,2342.1,2268.3,-0.805,2026-02-02 23:54,1647
TIINDIA,2026-02-24,2380.0,39.1,7600.0,1200.0,107.1,3200.0,1800.0,2315.7,2342.1,2268.3,-0.805,2026-02-02 23:54,1979
TIINDIA,2026-02-24,2400.0,46.0,93000.0,78600.0,139.9,25800.0,1000.0,2315.7,2342.1,2268.3,-0.805,2026-02-02 23:54,2349
TIINDIA,2026-02-24,2420.0,37.35,6000.0,10200.0,128.7,1800.0,0.0,2315.7,2342.1,2268.3,-0.805,2026-02-02 23:54,3028
TIINDIA,2026-02-24,2440.0,67.65,4400.0,0.0,149.6,200.0,0.0,2315.7,2342.1,2268.3,-0.805,2026-02-02 23:54,3655
TIINDIA,2026-02-24,2460.0,47.15,21600.0,0.0,163.4,800.0,0.0,2315.7,2342.1,2268.3,-0.805,2026-02-02 23:54,4318
TIINDIA,2026-02-24,2480.0,23.0,13000.0,2000.0,0.0,0.0,0.0,2315.7,2342.1,2268.3,-0.805,2026-02-02 23:54,5089
TIINDIA,2026-02-24,2500.0,21.3,105400.0,136000.0,218.55,52600.0,1000.0,2315.7,2342.1,2268.3,-0.805,2026-02-02 23:54,5826
TIINDIA,2026-02-24,2520.0,0.0,0.0,0.0,0.0,0.0,0.0,2315.7,2342.1,2268.3,-0.805,2026-02-02 23:54,5925
TIINDIA,2026-02-24,2540.0,11.2,14600.0,800.0,223.9,200.0,0.0,2315.7,2342.1,2268.3,-0.805,2026-02-02 23:54,6948
TIINDIA,2026-02-24,2560.0,10.6,1600.0,400.0,0.0,0.0,0.0,2315.7,2342.1,2268.3,-0.805,2026-02-02 23:54,8013
TIINDIA,2026-02-24,2580.0,0.0,0.0,0.0,0.0,0.0,0.0,2315.7,2342.1,2268.3,-0.805,2026-02-02 23:54,9071
TIINDIA,2026-02-24,2600.0,10.5,49000.0,62200.0,273.95,1800.0,0.0,2315.7,2342.1,2268.3,-0.805,2026-02-02 23:54,10128
TIINDIA,2026-02-24,2640.0,13.5,600.0,0.0,0.0,0.0,0.0,2315.7,2342.1,2268.3,-0.805,2026-02-02 23:54,12446
TIINDIA,2026-02-24,2660.0,11.55,600.0,0.0,0.0,0.0,0.0,2315.7,2342.1,2268.3,-0.805,2026-02-02 23:54,13606
TIINDIA,2026-02-24,2680.0,0.0,0.0,0.0,0.0,0.0,0.0,2315.7,2342.1,2268.3,-0.805,2026-02-02 23:54,14767
TIINDIA,2026-02-24,2700.0,5.5,17600.0,18000.0,340.0,3600.0,0.0,2315.7,2342.1,2268.3,-0.805,2026-02-02 23:54,15927
TIINDIA,2026-02-24,2720.0,0.0,0.0,0.0,0.0,0.0,0.0,2315.7,2342.1,2268.3,-0.805,2026-02-02 23:54,17018
TIINDIA,2026-02-24,2780.0,0.0,0.0,0.0,439.3,200.0,0.0,2315.7,2342.1,2268.3,-0.805,2026-02-02 23:54,20626
TIINDIA,2026-02-24,2800.0,4.95,15200.0,0.0,440.0,2400.0,0.0,2315.7,2342.1,2268.3,-0.805,2026-02-02 23:54,21820
TIINDIA,2026-02-24,2820.0,0.0,0.0,0.0,477.85,200.0,0.0,2315.7,2342.1,2268.3,-0.805,2026-02-02 23:54,22961
TIINDIA,2026-02-24,2840.0,0.0,0.0,0.0,497.3,600.0,0.0,2315.7,2342.1,2268.3,-0.805,2026-02-02 23:54,24190
TIINDIA,2026-02-24,2960.0,0.8,200.0,0.0,0.0,0.0,0.0,2315.7,2342.1,2268.3,-0.805,2026-02-02 23:54,31600
TIINDIA,2026-02-24,3000.0,0.55,12000.0,0.0,0.0,0.0,0.0,2315.7,2342.1,2268.3,-0.805,2026-02-02 23:54,34081
TIINDIA,2026-02-24,3040.0,0.0,0.0,0.0,694.4,200.0,0.0,2315.7,2342.1,2268.3,-0.805,2026-02-02 23:54,36610
TITAN,2026-02-24,3440.0,0.0,0.0,0.0,5.0,22575.0,2100.0,3953.2,4000.0,3893.3,-0.805,2026-02-02 23:54,61334
TITAN,2026-02-24,3480.0,0.0,0.0,0.0,5.0,33075.0,27475.0,3953.2,4000.0,3893.3,-0.805,2026-02-02 23:54,54172
TITAN,2026-02-24,3520.0,449.0,350.0,175.0,5.4,84000.0,69825.0,3953.2,4000.0,3893.3,-0.805,2026-02-02 23:54,47137
TITAN,2026-02-24,3560.0,0.0,0.0,0.0,8.05,63350.0,17675.0,3953.2,4000.0,3893.3,-0.805,2026-02-02 23:54,40427
TITAN,2026-02-24,3600.0,445.0,875.0,0.0,10.8,189175.0,129500.0,3953.2,4000.0,3893.3,-0.805,2026-02-02 23:54,33948
TITAN,2026-02-24,3640.0,0.0,0.0,0.0,18.8,1750.0,350.0,3953.2,4000.0,3893.3,-0.805,2026-02-02 23:54,28116
TITAN,2026-02-24,3680.0,328.5,350.0,0.0,24.3,1225.0,350.0,3953.2,4000.0,3893.3,-0.805,2026-02-02 23:54,22452
TITAN,2026-02-24,3700.0,0.0,0.0,0.0,20.05,81375.0,102025.0,3953.2,4000.0,3893.3,-0.805,2026-02-02 23:54,19634
TITAN,2026-02-24,3720.0,390.0,2800.0,0.0,21.2,31675.0,5775.0,3953.2,4000.0,3893.3,-0.805,2026-02-02 23:54,16807
TITAN,2026-02-24,3740.0,0.0,0.0,0.0,0.0,0.0,0.0,3953.2,4000.0,3893.3,-0.805,2026-02-02 23:54,14253
TITAN,2026-02-24,3760.0,258.8,1050.0,0.0,36.35,17325.0,7700.0,3953.2,4000.0,3893.3,-0.805,2026-02-02 23:54,11658
TITAN,2026-02-24,3780.0,187.05,175.0,525.0,39.85,4550.0,1225.0,3953.2,4000.0,3893.3,-0.805,2026-02-02 23:54,9064
TITAN,2026-02-24,3800.0,217.0,25200.0,3325.0,36.85,167125.0,170450.0,3953.2,4000.0,3893.3,-0.805,2026-02-02 23:54,6500
TITAN,2026-02-24,3820.0,189.55,1750.0,700.0,47.0,9625.0,8925.0,3953.2,4000.0,3893.3,-0.805,2026-02-02 23:54,4266
TITAN,2026-02-24,3840.0,174.4,8225.0,3675.0,48.25,6475.0,5250.0,3953.2,4000.0,3893.3,-0.805,2026-02-02 23:54,2113
TITAN,2026-02-24,3860.0,155.3,21875.0,2625.0,51.4,48650.0,59325.0,3953.2,4000.0,3893.3,-0.805,2026-02-02 23:54,113
TITAN,2026-02-24,3880.0,155.8,184100.0,8575.0,55.65,46025.0,103250.0,3953.2,4000.0,3893.3,-0.805,2026-02-02 23:54,-1768
TITAN,2026-02-24,3900.0,148.35,92750.0,214725.0,62.0,259525.0,407750.0,3953.2,4000.0,3893.3,-0.805,2026-02-02 23:54,-667
TITAN,2026-02-24,3920.0,131.55,31150.0,50925.0,75.85,18200.0,14350.0,3953.2,4000.0,3893.3,-0.805,2026-02-02 23:54,-1706
TITAN,2026-02-24,3940.0,120.0,25900.0,157325.0,76.0,41300.0,130725.0,3953.2,4000.0,3893.3,-0.805,2026-02-02 23:54,-2142
TITAN,2026-02-24,3960.0,111.0,49000.0,124075.0,85.75,78750.0,100100.0,3953.2,4000.0,3893.3,-0.805,2026-02-02 23:54,-2719
TITAN,2026-02-24,3980.0,101.2,47075.0,90125.0,99.3,57225.0,40600.0,3953.2,4000.0,3893.3,-0.805,2026-02-02 23:54,-3168
TITAN,2026-02-24,4000.0,90.45,238875.0,526400.0,104.75,297675.0,154175.0,3953.2,4000.0,3893.3,-0.805,2026-02-02 23:54,-3369
TITAN,2026-02-24,4020.0,80.1,31325.0,28700.0,132.65,18550.0,4550.0,3953.2,4000.0,3893.3,-0.805,2026-02-02 23:54,-3362
TITAN,2026-02-24,4040.0,73.4,37450.0,111300.0,149.3,28350.0,11725.0,3953.2,4000.0,3893.3,-0.805,2026-02-02 23:54,-2294
TITAN,2026-02-24,4060.0,63.55,26775.0,46725.0,152.4,17850.0,7175.0,3953.2,4000.0,3893.3,-0.805,2026-02-02 23:54,-1247
TITAN,2026-02-24,4080.0,54.35,8925.0,18900.0,178.3,12600.0,8575.0,3953.2,4000.0,3893.3,-0.805,2026-02-02 23:54,-64
TITAN,2026-02-24,4100.0,50.9,225225.0,260225.0,166.0,66500.0,20475.0,3953.2,4000.0,3893.3,-0.805,2026-02-02 23:54,1086
TITAN,2026-02-24,4120.0,46.15,16800.0,33425.0,189.8,9100.0,3500.0,3953.2,4000.0,3893.3,-0.805,2026-02-02 23:54,3040
TITAN,2026-02-24,4140.0,40.0,64925.0,80150.0,211.1,9625.0,525.0,3953.2,4000.0,3893.3,-0.805,2026-02-02 23:54,4907
TITAN,2026-02-24,4160.0,34.5,143850.0,61775.0,237.8,4900.0,175.0,3953.2,4000.0,3893.3,-0.805,2026-02-02 23:54,7076
TITAN,2026-02-24,4180.0,27.7,8400.0,4900.0,150.8,2800.0,0.0,3953.2,4000.0,3893.3,-0.805,2026-02-02 23:54,9865
TITAN,2026-02-24,4200.0,27.65,216825.0,257600.0,243.0,61075.0,1400.0,3953.2,4000.0,3893.3,-0.805,2026-02-02 23:54,12278
TITAN,2026-02-24,4220.0,24.5,15925.0,9275.0,0.0,0.0,0.0,3953.2,4000.0,3893.3,-0.805,2026-02-02 23:54,14381
TITAN,2026-02-24,4240.0,19.9,126000.0,5075.0,0.0,0.0,0.0,3953.2,4000.0,3893.3,-0.805,2026-02-02 23:54,17439
TITAN,2026-02-24,4260.0,16.1,10500.0,5425.0,278.65,1575.0,0.0,3953.2,4000.0,3893.3,-0.805,2026-02-02 23:54,20961
TITAN,2026-02-24,4280.0,16.0,14000.0,3850.0,0.0,0.0,0.0,3953.2,4000.0,3893.3,-0.805,2026-02-02 23:54,24230
TITAN,2026-02-24,4300.0,13.0,325850.0,334250.0,300.0,11025.0,0.0,3953.2,4000.0,3893.3,-0.805,2026-02-02 23:54,27576
TITAN,2026-02-24,4320.0,11.25,12775.0,3850.0,0.0,0.0,0.0,3953.2,4000.0,3893.3,-0.805,2026-02-02 23:54,31666
TITAN,2026-02-24,4360.0,9.5,8050.0,11200.0,0.0,0.0,0.0,3953.2,4000.0,3893.3,-0.805,2026-02-02 23:54,39726
TITAN,2026-02-24,4380.0,8.2,2100.0,1225.0,0.0,0.0,0.0,3953.2,4000.0,3893.3,-0.805,2026-02-02 23:54,43773
TITAN,2026-02-24,4400.0,7.95,94150.0,112875.0,435.0,1050.0,1225.0,3953.2,4000.0,3893.3,-0.805,2026-02-02 23:54,47818
TITAN,2026-02-24,4420.0,6.5,9275.0,7000.0,0.0,0.0,0.0,3953.2,4000.0,3893.3,-0.805,2026-02-02 23:54,52081
TITAN,2026-02-24,4440.0,10.0,2625.0,0.0,0.0,0.0,0.0,3953.2,4000.0,3893.3,-0.805,2026-02-02 23:54,56339
TITAN,2026-02-24,4480.0,9.4,1400.0,175.0,0.0,0.0,0.0,3953.2,4000.0,3893.3,-0.805,2026-02-02 23:54,64856
TITAN,2026-02-24,4500.0,4.25,227850.0,139475.0,0.0,0.0,0.0,3953.2,4000.0,3893.3,-0.805,2026-02-02 23:54,69118
TITAN,2026-02-24,4520.0,2.6,44625.0,56350.0,0.0,0.0,0.0,3953.2,4000.0,3893.3,-0.805,2026-02-02 23:54,73930
TITAN,2026-02-24,4600.0,2.15,52500.0,33250.0,500.0,4375.0,0.0,3953.2,4000.0,3893.3,-0.805,2026-02-02 23:54,93163
TITAN,2026-02-24,4640.0,1.5,79625.0,34300.0,0.0,0.0,0.0,3953.2,4000.0,3893.3,-0.805,2026-02-02 23:54,102793
TITAN,2026-02-24,4720.0,1.05,16800.0,3325.0,0.0,0.0,0.0,3953.2,4000.0,3893.3,-0.805,2026-02-02 23:54,123117
TITAN,2026-02-24,4760.0,0.2,525.0,0.0,756.95,175.0,0.0,3953.2,4000.0,3893.3,-0.805,2026-02-02 23:54,133343
TORNTPHARM,2026-02-24,3360.0,0.0,0.0,0.0,6.15,7500.0,36500.0,3987.2,4018.5,3903.9,-0.248,2026-02-02 23:54,6834
TORNTPHARM,2026-02-24,3400.0,0.0,0.0,0.0,7.45,5750.0,0.0,3987.2,4018.5,3903.9,-0.248,2026-02-02 23:54,6067
TORNTPHARM,2026-02-24,3440.0,0.0,0.0,0.0,10.0,750.0,0.0,3987.2,4018.5,3903.9,-0.248,2026-02-02 23:54,5324
TORNTPHARM,2026-02-24,3480.0,0.0,0.0,0.0,10.4,3750.0,0.0,3987.2,4018.5,3903.9,-0.248,2026-02-02 23:54,4587
TORNTPHARM,2026-02-24,3520.0,459.0,750.0,0.0,11.3,4750.0,1750.0,3987.2,4018.5,3903.9,-0.248,2026-02-02 23:54,3862
TORNTPHARM,2026-02-24,3560.0,0.0,0.0,0.0,13.95,5750.0,3750.0,3987.2,4018.5,3903.9,-0.248,2026-02-02 23:54,3192
TORNTPHARM,2026-02-24,3600.0,0.0,0.0,0.0,14.5,4000.0,1500.0,3987.2,4018.5,3903.9,-0.248,2026-02-02 23:54,2508
TORNTPHARM,2026-02-24,3620.0,0.0,0.0,0.0,24.8,1000.0,0.0,3987.2,4018.5,3903.9,-0.248,2026-02-02 23:54,2173
TORNTPHARM,2026-02-24,3640.0,0.0,0.0,0.0,17.0,500.0,0.0,3987.2,4018.5,3903.9,-0.248,2026-02-02 23:54,1842
TORNTPHARM,2026-02-24,3660.0,0.0,0.0,0.0,19.0,8500.0,6500.0,3987.2,4018.5,3903.9,-0.248,2026-02-02 23:54,1514
TORNTPHARM,2026-02-24,3680.0,0.0,0.0,0.0,33.15,500.0,0.0,3987.2,4018.5,3903.9,-0.248,2026-02-02 23:54,1188
TORNTPHARM,2026-02-24,3700.0,230.0,3750.0,0.0,22.9,25500.0,30000.0,3987.2,4018.5,3903.9,-0.248,2026-02-02 23:54,877
TORNTPHARM,2026-02-24,3720.0,262.8,750.0,0.0,30.0,3250.0,0.0,3987.2,4018.5,3903.9,-0.248,2026-02-02 23:54,655
TORNTPHARM,2026-02-24,3740.0,0.0,0.0,0.0,43.0,2500.0,0.0,3987.2,4018.5,3903.9,-0.248,2026-02-02 23:54,422
TORNTPHARM,2026-02-24,3760.0,0.0,0.0,0.0,42.35,3000.0,0.0,3987.2,4018.5,3903.9,-0.248,2026-02-02 23:54,174
TORNTPHARM,2026-02-24,3780.0,187.8,500.0,0.0,50.0,3000.0,0.0,3987.2,4018.5,3903.9,-0.248,2026-02-02 23:54,-69
TORNTPHARM,2026-02-24,3800.0,187.45,15500.0,2000.0,37.55,37250.0,164000.0,3987.2,4018.5,3903.9,-0.248,2026-02-02 23:54,-299
TORNTPHARM,2026-02-24,3820.0,0.0,0.0,0.0,44.75,2000.0,0.0,3987.2,4018.5,3903.9,-0.248,2026-02-02 23:54,-268
TORNTPHARM,2026-02-24,3840.0,226.65,750.0,0.0,56.55,2750.0,0.0,3987.2,4018.5,3903.9,-0.248,2026-02-02 23:54,-392
TORNTPHARM,2026-02-24,3860.0,0.0,0.0,0.0,65.55,750.0,0.0,3987.2,4018.5,3903.9,-0.248,2026-02-02 23:54,-498
TORNTPHARM,2026-02-24,3880.0,151.4,250.0,0.0,92.7,3000.0,0.0,3987.2,4018.5,3903.9,-0.248,2026-02-02 23:54,-610
TORNTPHARM,2026-02-24,3900.0,108.0,11750.0,14500.0,68.65,19000.0,43000.0,3987.2,4018.5,3903.9,-0.248,2026-02-02 23:54,-734
TORNTPHARM,2026-02-24,3920.0,119.95,2750.0,250.0,75.25,0.0,0.0,3987.2,4018.5,3903.9,-0.248,2026-02-02 23:54,-776
TORNTPHARM,2026-02-24,3940.0,103.85,6000.0,9750.0,83.25,10750.0,23250.0,3987.2,4018.5,3903.9,-0.248,2026-02-02 23:54,-776
TORNTPHARM,2026-02-24,3960.0,97.9,6250.0,23750.0,95.0,13000.0,8500.0,3987.2,4018.5,3903.9,-0.248,2026-02-02 23:54,-802
TORNTPHARM,2026-02-24,3980.0,84.35,5250.0,9250.0,99.45,500.0,2750.0,3987.2,4018.5,3903.9,-0.248,2026-02-02 23:54,-826
TORNTPHARM,2026-02-24,4000.0,82.85,59750.0,179500.0,115.85,7500.0,9500.0,3987.2,4018.5,3903.9,-0.248,2026-02-02 23:54,-736
TORNTPHARM,2026-02-24,4020.0,73.95,5750.0,3500.0,113.25,500.0,0.0,3987.2,4018.5,3903.9,-0.248,2026-02-02 23:54,-143
TORNTPHARM,2026-02-24,4040.0,69.3,3500.0,8000.0,131.65,4000.0,250.0,3987.2,4018.5,3903.9,-0.248,2026-02-02 23:54,91
TORNTPHARM,2026-02-24,4060.0,47.65,11500.0,1750.0,168.75,1750.0,0.0,3987.2,4018.5,3903.9,-0.248,2026-02-02 23:54,275
TORNTPHARM,2026-02-24,4080.0,39.65,3750.0,1750.0,177.05,500.0,0.0,3987.2,4018.5,3903.9,-0.248,2026-02-02 23:54,539
TORNTPHARM,2026-02-24,4100.0,45.6,36250.0,81500.0,197.2,7750.0,2750.0,3987.2,4018.5,3903.9,-0.248,2026-02-02 23:54,793
TORNTPHARM,2026-02-24,4120.0,39.4,5750.0,3250.0,197.85,1000.0,0.0,3987.2,4018.5,3903.9,-0.248,2026-02-02 23:54,1141
TORNTPHARM,2026-02-24,4140.0,26.05,750.0,1750.0,217.8,500.0,0.0,3987.2,4018.5,3903.9,-0.248,2026-02-02 23:54,1492
TORNTPHARM,2026-02-24,4160.0,51.0,1000.0,0.0,222.45,2250.0,0.0,3987.2,4018.5,3903.9,-0.248,2026-02-02 23:54,1835
TORNTPHARM,2026-02-24,4180.0,43.4,750.0,0.0,246.55,1000.0,0.0,3987.2,4018.5,3903.9,-0.248,2026-02-02 23:54,2148
TORNTPHARM,2026-02-24,4200.0,24.0,28500.0,26000.0,252.45,250.0,0.0,3987.2,4018.5,3903.9,-0.248,2026-02-02 23:54,2488
TORNTPHARM,2026-02-24,4220.0,23.45,1000.0,0.0,0.0,0.0,0.0,3987.2,4018.5,3903.9,-0.248,2026-02-02 23:54,2969
TORNTPHARM,2026-02-24,4240.0,18.7,15500.0,21000.0,0.0,0.0,0.0,3987.2,4018.5,3903.9,-0.248,2026-02-02 23:54,3393
TORNTPHARM,2026-02-24,4260.0,10.65,7000.0,1750.0,0.0,0.0,0.0,3987.2,4018.5,3903.9,-0.248,2026-02-02 23:54,3874
TORNTPHARM,2026-02-24,4280.0,13.25,9750.0,9750.0,307.1,1500.0,0.0,3987.2,4018.5,3903.9,-0.248,2026-02-02 23:54,4347
TORNTPHARM,2026-02-24,4300.0,12.0,7250.0,3750.0,0.0,0.0,0.0,3987.2,4018.5,3903.9,-0.248,2026-02-02 23:54,4802
TORNTPHARM,2026-02-24,4320.0,14.0,2500.0,0.0,0.0,0.0,0.0,3987.2,4018.5,3903.9,-0.248,2026-02-02 23:54,5314
TORNTPHARM,2026-02-24,4340.0,15.5,3750.0,0.0,0.0,0.0,0.0,3987.2,4018.5,3903.9,-0.248,2026-02-02 23:54,5826
TORNTPHARM,2026-02-24,4360.0,8.5,750.0,0.0,0.0,0.0,0.0,3987.2,4018.5,3903.9,-0.248,2026-02-02 23:54,6347
TORNTPHARM,2026-02-24,4400.0,9.0,8250.0,0.0,457.95,500.0,0.0,3987.2,4018.5,3903.9,-0.248,2026-02-02 23:54,7382
TORNTPHARM,2026-02-24,4440.0,18.65,250.0,0.0,0.0,0.0,0.0,3987.2,4018.5,3903.9,-0.248,2026-02-02 23:54,8435
TORNTPHARM,2026-02-24,4480.0,16.0,250.0,0.0,0.0,0.0,0.0,3987.2,4018.5,3903.9,-0.248,2026-02-02 23:54,9506
TORNTPHARM,2026-02-24,4520.0,21.0,250.0,0.0,0.0,0.0,0.0,3987.2,4018.5,3903.9,-0.248,2026-02-02 23:54,10577
TORNTPHARM,2026-02-24,4560.0,4.0,46250.0,5000.0,0.0,0.0,0.0,3987.2,4018.5,3903.9,-0.248,2026-02-02 23:54,11649
TORNTPOWER,2026-02-24,1080.0,0.0,0.0,0.0,3.35,31025.0,84150.0,1329.6,1337.8,1297.2,2.474,2026-02-02 23:54,11471
TORNTPOWER,2026-02-24,1100.0,0.0,0.0,0.0,4.2,22525.0,10625.0,1329.6,1337.8,1297.2,2.474,2026-02-02 23:54,10058
TORNTPOWER,2026-02-24,1120.0,0.0,0.0,0.0,4.45,88400.0,114750.0,1329.6,1337.8,1297.2,2.474,2026-02-02 23:54,8690
TORNTPOWER,2026-02-24,1130.0,0.0,0.0,0.0,0.0,0.0,0.0,1329.6,1337.8,1297.2,2.474,2026-02-02 23:54,8060
TORNTPOWER,2026-02-24,1140.0,0.0,0.0,0.0,5.55,9350.0,0.0,1329.6,1337.8,1297.2,2.474,2026-02-02 23:54,7469
TORNTPOWER,2026-02-24,1150.0,0.0,0.0,0.0,0.0,0.0,0.0,1329.6,1337.8,1297.2,2.474,2026-02-02 23:54,6882
TORNTPOWER,2026-02-24,1160.0,0.0,0.0,0.0,10.5,2975.0,0.0,1329.6,1337.8,1297.2,2.474,2026-02-02 23:54,6301
TORNTPOWER,2026-02-24,1170.0,0.0,0.0,0.0,0.0,0.0,0.0,1329.6,1337.8,1297.2,2.474,2026-02-02 23:54,5719
TORNTPOWER,2026-02-24,1180.0,0.0,0.0,0.0,11.15,2125.0,0.0,1329.6,1337.8,1297.2,2.474,2026-02-02 23:54,5141
TORNTPOWER,2026-02-24,1190.0,0.0,0.0,0.0,0.0,0.0,0.0,1329.6,1337.8,1297.2,2.474,2026-02-02 23:54,4562
TORNTPOWER,2026-02-24,1200.0,108.6,0.0,0.0,9.4,39525.0,81600.0,1329.6,1337.8,1297.2,2.474,2026-02-02 23:54,3986
TORNTPOWER,2026-02-24,1210.0,0.0,0.0,0.0,17.55,6375.0,0.0,1329.6,1337.8,1297.2,2.474,2026-02-02 23:54,3412
TORNTPOWER,2026-02-24,1220.0,0.0,0.0,0.0,12.6,4250.0,11050.0,1329.6,1337.8,1297.2,2.474,2026-02-02 23:54,2870
TORNTPOWER,2026-02-24,1230.0,0.0,0.0,0.0,13.7,4250.0,3400.0,1329.6,1337.8,1297.2,2.474,2026-02-02 23:54,2339
TORNTPOWER,2026-02-24,1240.0,88.55,1275.0,3400.0,15.5,13600.0,30600.0,1329.6,1337.8,1297.2,2.474,2026-02-02 23:54,1811
TORNTPOWER,2026-02-24,1250.0,72.2,1700.0,1700.0,17.45,48875.0,36125.0,1329.6,1337.8,1297.2,2.474,2026-02-02 23:54,1294
TORNTPOWER,2026-02-24,1260.0,87.25,850.0,2975.0,41.35,12750.0,0.0,1329.6,1337.8,1297.2,2.474,2026-02-02 23:54,765
TORNTPOWER,2026-02-24,1270.0,57.35,850.0,0.0,37.5,3400.0,0.0,1329.6,1337.8,1297.2,2.474,2026-02-02 23:54,277
TORNTPOWER,2026-02-24,1280.0,70.0,62050.0,27200.0,24.95,86700.0,34425.0,1329.6,1337.8,1297.2,2.474,2026-02-02 23:54,-169
TORNTPOWER,2026-02-24,1290.0,59.0,5950.0,6375.0,27.95,18275.0,8500.0,1329.6,1337.8,1297.2,2.474,2026-02-02 23:54,-240
TORNTPOWER,2026-02-24,1300.0,56.0,36125.0,32300.0,32.9,80750.0,55250.0,1329.6,1337.8,1297.2,2.474,2026-02-02 23:54,-522
TORNTPOWER,2026-02-24,1310.0,52.5,36125.0,68425.0,35.55,76075.0,113475.0,1329.6,1337.8,1297.2,2.474,2026-02-02 23:54,-734
TORNTPOWER,2026-02-24,1320.0,46.0,35275.0,43775.0,40.45,29325.0,19550.0,1329.6,1337.8,1297.2,2.474,2026-02-02 23:54,-852
TORNTPOWER,2026-02-24,1330.0,40.45,8925.0,20825.0,44.45,8500.0,5100.0,1329.6,1337.8,1297.2,2.474,2026-02-02 23:54,-780
TORNTPOWER,2026-02-24,1340.0,35.8,31450.0,52700.0,49.0,17425.0,2975.0,1329.6,1337.8,1297.2,2.474,2026-02-02 23:54,-736
TORNTPOWER,2026-02-24,1350.0,31.55,41650.0,84575.0,55.5,13600.0,3400.0,1329.6,1337.8,1297.2,2.474,2026-02-02 23:54,-614
TORNTPOWER,2026-02-24,1360.0,27.7,17000.0,35700.0,60.7,10625.0,4250.0,1329.6,1337.8,1297.2,2.474,2026-02-02 23:54,-409
TORNTPOWER,2026-02-24,1370.0,25.4,12750.0,18275.0,70.8,10200.0,2975.0,1329.6,1337.8,1297.2,2.474,2026-02-02 23:54,-249
TORNTPOWER,2026-02-24,1380.0,21.0,79475.0,140250.0,76.0,42500.0,13175.0,1329.6,1337.8,1297.2,2.474,2026-02-02 23:54,-89
TORNTPOWER,2026-02-24,1390.0,18.75,4675.0,0.0,108.9,2125.0,0.0,1329.6,1337.8,1297.2,2.474,2026-02-02 23:54,76
TORNTPOWER,2026-02-24,1400.0,16.2,81600.0,219300.0,89.6,36975.0,0.0,1329.6,1337.8,1297.2,2.474,2026-02-02 23:54,391
TORNTPOWER,2026-02-24,1410.0,17.15,5100.0,0.0,124.35,2975.0,0.0,1329.6,1337.8,1297.2,2.474,2026-02-02 23:54,639
TORNTPOWER,2026-02-24,1420.0,12.6,32725.0,23800.0,132.4,2975.0,0.0,1329.6,1337.8,1297.2,2.474,2026-02-02 23:54,1067
TORNTPOWER,2026-02-24,1430.0,14.25,5525.0,0.0,0.0,0.0,0.0,1329.6,1337.8,1297.2,2.474,2026-02-02 23:54,1560
TORNTPOWER,2026-02-24,1440.0,10.0,30600.0,52700.0,146.0,2550.0,0.0,1329.6,1337.8,1297.2,2.474,2026-02-02 23:54,2064
TORNTPOWER,2026-02-24,1450.0,7.25,13600.0,21250.0,0.0,0.0,0.0,1329.6,1337.8,1297.2,2.474,2026-02-02 23:54,2588
TORNTPOWER,2026-02-24,1460.0,19.3,11900.0,0.0,0.0,0.0,0.0,1329.6,1337.8,1297.2,2.474,2026-02-02 23:54,3141
TORNTPOWER,2026-02-24,1470.0,8.1,4675.0,0.0,0.0,0.0,0.0,1329.6,1337.8,1297.2,2.474,2026-02-02 23:54,3720
TORNTPOWER,2026-02-24,1480.0,16.6,2550.0,0.0,0.0,0.0,0.0,1329.6,1337.8,1297.2,2.474,2026-02-02 23:54,4284
TORNTPOWER,2026-02-24,1490.0,6.2,5100.0,0.0,0.0,0.0,0.0,1329.6,1337.8,1297.2,2.474,2026-02-02 23:54,4851
TORNTPOWER,2026-02-24,1500.0,4.15,96900.0,110925.0,136.35,1700.0,0.0,1329.6,1337.8,1297.2,2.474,2026-02-02 23:54,5421
TORNTPOWER,2026-02-24,1510.0,4.65,1275.0,0.0,0.0,0.0,0.0,1329.6,1337.8,1297.2,2.474,2026-02-02 23:54,6105
TORNTPOWER,2026-02-24,1520.0,0.0,0.0,0.0,0.0,0.0,0.0,1329.6,1337.8,1297.2,2.474,2026-02-02 23:54,6773
TORNTPOWER,2026-02-24,1540.0,3.0,11050.0,0.0,0.0,0.0,0.0,1329.6,1337.8,1297.2,2.474,2026-02-02 23:54,8109
TORNTPOWER,2026-02-24,1560.0,0.0,0.0,0.0,0.0,0.0,0.0,1329.6,1337.8,1297.2,2.474,2026-02-02 23:54,9469
TORNTPOWER,2026-02-24,1580.0,0.0,0.0,0.0,0.0,0.0,0.0,1329.6,1337.8,1297.2,2.474,2026-02-02 23:54,10827
TORNTPOWER,2026-02-24,1600.0,1.7,46750.0,25500.0,0.0,0.0,0.0,1329.6,1337.8,1297.2,2.474,2026-02-02 23:54,12184
TRENT,2026-02-24,3100.0,0.0,0.0,0.0,10.4,28600.0,47400.0,3720.9,3729.9,3645.0,-0.217,2026-02-02 23:54,118558
TRENT,2026-02-24,3200.0,492.0,3400.0,1500.0,14.5,78500.0,83400.0,3720.9,3729.9,3645.0,-0.217,2026-02-02 23:54,100287
TRENT,2026-02-24,3250.0,507.45,2300.0,0.0,17.7,17400.0,7500.0,3720.9,3729.9,3645.0,-0.217,2026-02-02 23:54,91629
TRENT,2026-02-24,3300.0,427.5,1300.0,500.0,21.55,34300.0,57800.0,3720.9,3729.9,3645.0,-0.217,2026-02-02 23:54,83103
TRENT,2026-02-24,3350.0,420.9,1000.0,0.0,26.5,29600.0,17200.0,3720.9,3729.9,3645.0,-0.217,2026-02-02 23:54,74650
TRENT,2026-02-24,3400.0,380.05,4300.0,0.0,33.5,143200.0,81200.0,3720.9,3729.9,3645.0,-0.217,2026-02-02 23:54,66332
TRENT,2026-02-24,3450.0,341.15,900.0,0.0,41.6,10700.0,14300.0,3720.9,3729.9,3645.0,-0.217,2026-02-02 23:54,58472
TRENT,2026-02-24,3500.0,282.05,10300.0,5800.0,51.0,74600.0,100400.0,3720.9,3729.9,3645.0,-0.217,2026-02-02 23:54,50972
TRENT,2026-02-24,3550.0,269.65,1900.0,0.0,63.0,97800.0,39200.0,3720.9,3729.9,3645.0,-0.217,2026-02-02 23:54,43821
TRENT,2026-02-24,3600.0,213.55,36200.0,68600.0,76.85,227100.0,237600.0,3720.9,3729.9,3645.0,-0.217,2026-02-02 23:54,36693
TRENT,2026-02-24,3650.0,180.7,26700.0,93100.0,94.0,44900.0,131600.0,3720.9,3729.9,3645.0,-0.217,2026-02-02 23:54,30474
TRENT,2026-02-24,3700.0,152.95,103300.0,471100.0,114.6,160400.0,261400.0,3720.9,3729.9,3645.0,-0.217,2026-02-02 23:54,25646
TRENT,2026-02-24,3750.0,127.0,44600.0,202000.0,143.05,47400.0,60200.0,3720.9,3729.9,3645.0,-0.217,2026-02-02 23:54,21818
TRENT,2026-02-24,3800.0,104.0,211800.0,349300.0,166.8,218000.0,77500.0,3720.9,3729.9,3645.0,-0.217,2026-02-02 23:54,18596
TRENT,2026-02-24,3850.0,85.0,132900.0,80900.0,191.5,27300.0,7100.0,3720.9,3729.9,3645.0,-0.217,2026-02-02 23:54,16201
TRENT,2026-02-24,3900.0,69.65,235900.0,314900.0,224.85,137400.0,9800.0,3720.9,3729.9,3645.0,-0.217,2026-02-02 23:54,16648
TRENT,2026-02-24,3950.0,55.55,35600.0,66800.0,288.5,20100.0,800.0,3720.9,3729.9,3645.0,-0.217,2026-02-02 23:54,16908
TRENT,2026-02-24,4000.0,44.7,361100.0,574400.0,302.0,135600.0,13400.0,3720.9,3729.9,3645.0,-0.217,2026-02-02 23:54,18511
TRENT,2026-02-24,4050.0,35.3,46200.0,67700.0,361.4,6200.0,0.0,3720.9,3729.9,3645.0,-0.217,2026-02-02 23:54,20499
TRENT,2026-02-24,4100.0,28.2,210600.0,219200.0,380.45,32300.0,4200.0,3720.9,3729.9,3645.0,-0.217,2026-02-02 23:54,25168
TRENT,2026-02-24,4150.0,22.6,20700.0,20200.0,433.8,500.0,600.0,3720.9,3729.9,3645.0,-0.217,2026-02-02 23:54,30478
TRENT,2026-02-24,4200.0,19.05,120300.0,232100.0,476.5,41400.0,2800.0,3720.9,3729.9,3645.0,-0.217,2026-02-02 23:54,36554
TRENT,2026-02-24,4250.0,15.2,14300.0,3000.0,529.45,100.0,0.0,3720.9,3729.9,3645.0,-0.217,2026-02-02 23:54,41670
TRENT,2026-02-24,4300.0,12.4,74600.0,97300.0,625.0,23000.0,1000.0,3720.9,3729.9,3645.0,-0.217,2026-02-02 23:54,48618
TRENT,2026-02-24,4350.0,10.6,7800.0,17800.0,620.25,800.0,0.0,3720.9,3729.9,3645.0,-0.217,2026-02-02 23:54,54693
TRENT,2026-02-24,4400.0,8.7,62600.0,30300.0,657.85,21200.0,200.0,3720.9,3729.9,3645.0,-0.217,2026-02-02 23:54,62114
TRENT,2026-02-24,4450.0,4.85,11700.0,400.0,0.0,0.0,0.0,3720.9,3729.9,3645.0,-0.217,2026-02-02 23:54,68655
TRENT,2026-02-24,4500.0,6.45,158900.0,43500.0,817.65,35600.0,300.0,3720.9,3729.9,3645.0,-0.217,2026-02-02 23:54,76601
TRENT,2026-02-24,4550.0,6.9,5000.0,600.0,809.75,1100.0,0.0,3720.9,3729.9,3645.0,-0.217,2026-02-02 23:54,82705
TRENT,2026-02-24,4600.0,5.5,30300.0,3800.0,845.0,11200.0,0.0,3720.9,3729.9,3645.0,-0.217,2026-02-02 23:54,91563
TRENT,2026-02-24,4650.0,3.5,1900.0,0.0,907.0,200.0,0.0,3720.9,3729.9,3645.0,-0.217,2026-02-02 23:54,99783
TRENT,2026-02-24,4700.0,3.9,31800.0,26800.0,983.15,18000.0,1200.0,3720.9,3729.9,3645.0,-0.217,2026-02-02 23:54,108927
TRENT,2026-02-24,4750.0,2.65,800.0,100.0,0.0,0.0,0.0,3720.9,3729.9,3645.0,-0.217,2026-02-02 23:54,116580
TRENT,2026-02-24,4800.0,3.25,8500.0,3900.0,1054.45,21900.0,0.0,3720.9,3729.9,3645.0,-0.217,2026-02-02 23:54,125994
TRENT,2026-02-24,4850.0,0.0,0.0,0.0,1103.9,500.0,0.0,3720.9,3729.9,3645.0,-0.217,2026-02-02 23:54,133253
TRENT,2026-02-24,4900.0,2.8,400.0,2300.0,0.0,0.0,0.0,3720.9,3729.9,3645.0,-0.217,2026-02-02 23:54,142767
TRENT,2026-02-24,5000.0,3.05,51700.0,43000.0,1300.1,102500.0,6900.0,3720.9,3729.9,3645.0,-0.217,2026-02-02 23:54,161908
TRENT,2026-02-24,5200.0,0.0,0.0,0.0,1451.55,3300.0,0.0,3720.9,3729.9,3645.0,-0.217,2026-02-02 23:54,189963
TVSMOTOR,2026-02-24,3000.0,0.0,0.0,0.0,3.0,36400.0,26425.0,3645.8,3655.0,3558.8,1.447,2026-02-02 23:54,48257
TVSMOTOR,2026-02-24,3080.0,0.0,0.0,0.0,4.25,10675.0,0.0,3645.8,3655.0,3558.8,1.447,2026-02-02 23:54,39529
TVSMOTOR,2026-02-24,3120.0,487.95,7875.0,0.0,0.0,0.0,0.0,3645.8,3655.0,3558.8,1.447,2026-02-02 23:54,35208
TVSMOTOR,2026-02-24,3160.0,449.45,1925.0,0.0,5.2,11375.0,9975.0,3645.8,3655.0,3558.8,1.447,2026-02-02 23:54,31308
TVSMOTOR,2026-02-24,3200.0,490.0,4725.0,0.0,5.95,64575.0,53025.0,3645.8,3655.0,3558.8,1.447,2026-02-02 23:54,27157
TVSMOTOR,2026-02-24,3240.0,374.35,175.0,0.0,9.95,875.0,700.0,3645.8,3655.0,3558.8,1.447,2026-02-02 23:54,23395
TVSMOTOR,2026-02-24,3280.0,352.85,3150.0,1050.0,12.05,11725.0,0.0,3645.8,3655.0,3558.8,1.447,2026-02-02 23:54,19451
TVSMOTOR,2026-02-24,3300.0,320.55,875.0,0.0,9.35,40950.0,49700.0,3645.8,3655.0,3558.8,1.447,2026-02-02 23:54,17603
TVSMOTOR,2026-02-24,3320.0,303.25,1400.0,0.0,11.0,15575.0,11375.0,3645.8,3655.0,3558.8,1.447,2026-02-02 23:54,15731
TVSMOTOR,2026-02-24,3340.0,286.3,525.0,0.0,19.95,2625.0,1050.0,3645.8,3655.0,3558.8,1.447,2026-02-02 23:54,13929
TVSMOTOR,2026-02-24,3360.0,269.7,525.0,0.0,13.65,102025.0,58450.0,3645.8,3655.0,3558.8,1.447,2026-02-02 23:54,12117
TVSMOTOR,2026-02-24,3380.0,253.55,875.0,0.0,14.85,4200.0,15925.0,3645.8,3655.0,3558.8,1.447,2026-02-02 23:54,10376
TVSMOTOR,2026-02-24,3400.0,220.7,29750.0,875.0,17.3,80150.0,113400.0,3645.8,3655.0,3558.8,1.447,2026-02-02 23:54,8785
TVSMOTOR,2026-02-24,3420.0,222.6,1225.0,0.0,20.65,6300.0,3150.0,3645.8,3655.0,3558.8,1.447,2026-02-02 23:54,7917
TVSMOTOR,2026-02-24,3440.0,208.0,4900.0,0.0,41.25,6650.0,0.0,3645.8,3655.0,3558.8,1.447,2026-02-02 23:54,6560
TVSMOTOR,2026-02-24,3460.0,198.65,2625.0,0.0,27.45,5775.0,2975.0,3645.8,3655.0,3558.8,1.447,2026-02-02 23:54,5286
TVSMOTOR,2026-02-24,3480.0,186.45,0.0,175.0,52.0,2975.0,175.0,3645.8,3655.0,3558.8,1.447,2026-02-02 23:54,3991
TVSMOTOR,2026-02-24,3500.0,187.45,33950.0,9975.0,32.1,132825.0,176400.0,3645.8,3655.0,3558.8,1.447,2026-02-02 23:54,2650
TVSMOTOR,2026-02-24,3520.0,169.0,13300.0,1050.0,39.25,18025.0,10675.0,3645.8,3655.0,3558.8,1.447,2026-02-02 23:54,1868
TVSMOTOR,2026-02-24,3540.0,153.95,14875.0,4025.0,44.75,26075.0,5775.0,3645.8,3655.0,3558.8,1.447,2026-02-02 23:54,1093
TVSMOTOR,2026-02-24,3560.0,140.5,26950.0,17500.0,45.7,29400.0,17675.0,3645.8,3655.0,3558.8,1.447,2026-02-02 23:54,358
TVSMOTOR,2026-02-24,3580.0,128.7,13300.0,20650.0,58.6,14350.0,21000.0,3645.8,3655.0,3558.8,1.447,2026-02-02 23:54,-131
TVSMOTOR,2026-02-24,3600.0,121.0,161700.0,242200.0,60.85,116550.0,208250.0,3645.8,3655.0,3558.8,1.447,2026-02-02 23:54,-724
TVSMOTOR,2026-02-24,3620.0,105.5,25900.0,80850.0,70.5,27825.0,31500.0,3645.8,3655.0,3558.8,1.447,2026-02-02 23:54,400
TVSMOTOR,2026-02-24,3640.0,96.0,52325.0,134400.0,77.25,22050.0,13825.0,3645.8,3655.0,3558.8,1.447,2026-02-02 23:54,462
TVSMOTOR,2026-02-24,3660.0,85.9,103425.0,94150.0,82.7,32900.0,10150.0,3645.8,3655.0,3558.8,1.447,2026-02-02 23:54,927
TVSMOTOR,2026-02-24,3680.0,75.95,58275.0,50050.0,109.0,22400.0,6825.0,3645.8,3655.0,3558.8,1.447,2026-02-02 23:54,1949
TVSMOTOR,2026-02-24,3700.0,68.45,241850.0,331275.0,113.65,117425.0,18550.0,3645.8,3655.0,3558.8,1.447,2026-02-02 23:54,2715
TVSMOTOR,2026-02-24,3720.0,56.65,50750.0,17675.0,153.65,16100.0,0.0,3645.8,3655.0,3558.8,1.447,2026-02-02 23:54,4322
TVSMOTOR,2026-02-24,3740.0,50.0,46200.0,38325.0,204.8,10500.0,0.0,3645.8,3655.0,3558.8,1.447,2026-02-02 23:54,5782
TVSMOTOR,2026-02-24,3760.0,45.0,47425.0,14175.0,191.25,5600.0,0.0,3645.8,3655.0,3558.8,1.447,2026-02-02 23:54,7330
TVSMOTOR,2026-02-24,3780.0,37.75,18725.0,2800.0,174.75,2800.0,350.0,3645.8,3655.0,3558.8,1.447,2026-02-02 23:54,9076
TVSMOTOR,2026-02-24,3800.0,34.85,267575.0,253750.0,250.65,33950.0,2800.0,3645.8,3655.0,3558.8,1.447,2026-02-02 23:54,10780
TVSMOTOR,2026-02-24,3820.0,38.25,700.0,0.0,246.45,350.0,0.0,3645.8,3655.0,3558.8,1.447,2026-02-02 23:54,13146
TVSMOTOR,2026-02-24,3840.0,26.2,39900.0,50925.0,195.3,700.0,0.0,3645.8,3655.0,3558.8,1.447,2026-02-02 23:54,15428
TVSMOTOR,2026-02-24,3860.0,18.35,6125.0,4025.0,278.75,3325.0,0.0,3645.8,3655.0,3558.8,1.447,2026-02-02 23:54,17887
TVSMOTOR,2026-02-24,3880.0,20.85,4550.0,0.0,295.45,525.0,0.0,3645.8,3655.0,3558.8,1.447,2026-02-02 23:54,20193
TVSMOTOR,2026-02-24,3900.0,16.85,143150.0,189350.0,267.1,47775.0,700.0,3645.8,3655.0,3558.8,1.447,2026-02-02 23:54,22584
TVSMOTOR,2026-02-24,3920.0,0.0,0.0,0.0,0.0,0.0,0.0,3645.8,3655.0,3558.8,1.447,2026-02-02 23:54,24329
TVSMOTOR,2026-02-24,3940.0,12.3,7350.0,1750.0,0.0,0.0,0.0,3645.8,3655.0,3558.8,1.447,2026-02-02 23:54,27108
TVSMOTOR,2026-02-24,3960.0,10.8,175.0,175.0,0.0,0.0,0.0,3645.8,3655.0,3558.8,1.447,2026-02-02 23:54,29911
TVSMOTOR,2026-02-24,3980.0,9.9,17150.0,2450.0,0.0,0.0,0.0,3645.8,3655.0,3558.8,1.447,2026-02-02 23:54,32706
TVSMOTOR,2026-02-24,4000.0,8.4,133700.0,191275.0,363.3,26775.0,175.0,3645.8,3655.0,3558.8,1.447,2026-02-02 23:54,35552
TVSMOTOR,2026-02-24,4020.0,7.55,9975.0,32550.0,0.0,0.0,0.0,3645.8,3655.0,3558.8,1.447,2026-02-02 23:54,37841
TVSMOTOR,2026-02-24,4040.0,4.75,4900.0,6125.0,0.0,0.0,0.0,3645.8,3655.0,3558.8,1.447,2026-02-02 23:54,41018
TVSMOTOR,2026-02-24,4060.0,6.7,16275.0,0.0,0.0,0.0,0.0,3645.8,3655.0,3558.8,1.447,2026-02-02 23:54,44200
TVSMOTOR,2026-02-24,4080.0,5.75,525.0,0.0,0.0,0.0,0.0,3645.8,3655.0,3558.8,1.447,2026-02-02 23:54,47423
TVSMOTOR,2026-02-24,4100.0,4.6,35700.0,13825.0,495.65,2275.0,0.0,3645.8,3655.0,3558.8,1.447,2026-02-02 23:54,50636
TVSMOTOR,2026-02-24,4120.0,4.2,7175.0,0.0,0.0,0.0,0.0,3645.8,3655.0,3558.8,1.447,2026-02-02 23:54,53828
TVSMOTOR,2026-02-24,4160.0,4.55,1925.0,0.0,0.0,0.0,0.0,3645.8,3655.0,3558.8,1.447,2026-02-02 23:54,60438
TVSMOTOR,2026-02-24,4200.0,3.85,56000.0,13300.0,592.55,12775.0,0.0,3645.8,3655.0,3558.8,1.447,2026-02-02 23:54,67053
TVSMOTOR,2026-02-24,4240.0,1.5,700.0,0.0,0.0,0.0,0.0,3645.8,3655.0,3558.8,1.447,2026-02-02 23:54,73207
TVSMOTOR,2026-02-24,4280.0,3.95,22225.0,0.0,0.0,0.0,0.0,3645.8,3655.0,3558.8,1.447,2026-02-02 23:54,80100
TVSMOTOR,2026-02-24,4320.0,0.75,3500.0,0.0,0.0,0.0,0.0,3645.8,3655.0,3558.8,1.447,2026-02-02 23:54,87089
TVSMOTOR,2026-02-24,4360.0,2.0,13125.0,3325.0,0.0,0.0,0.0,3645.8,3655.0,3558.8,1.447,2026-02-02 23:54,94085
ULTRACEMCO,2026-02-24,10000.0,0.0,0.0,0.0,4.0,1350.0,700.0,12535.0,12600.0,12191.0,2.043,2026-02-02 23:54,59254
ULTRACEMCO,2026-02-24,10200.0,0.0,0.0,0.0,0.15,350.0,0.0,12535.0,12600.0,12191.0,2.043,2026-02-02 23:54,52429
ULTRACEMCO,2026-02-24,10400.0,0.0,0.0,0.0,0.45,650.0,0.0,12535.0,12600.0,12191.0,2.043,2026-02-02 23:54,45612
ULTRACEMCO,2026-02-24,10600.0,0.0,0.0,0.0,1.3,350.0,0.0,12535.0,12600.0,12191.0,2.043,2026-02-02 23:54,38808
ULTRACEMCO,2026-02-24,10700.0,0.0,0.0,0.0,2.05,100.0,0.0,12535.0,12600.0,12191.0,2.043,2026-02-02 23:54,35410
ULTRACEMCO,2026-02-24,10800.0,0.0,0.0,0.0,1.7,50.0,0.0,12535.0,12600.0,12191.0,2.043,2026-02-02 23:54,32012
ULTRACEMCO,2026-02-24,11000.0,1333.0,650.0,0.0,9.25,13700.0,10200.0,12535.0,12600.0,12191.0,2.043,2026-02-02 23:54,25218
ULTRACEMCO,2026-02-24,11100.0,0.0,0.0,0.0,11.15,100.0,0.0,12535.0,12600.0,12191.0,2.043,2026-02-02 23:54,22039
ULTRACEMCO,2026-02-24,11200.0,0.0,0.0,0.0,13.5,50250.0,64600.0,12535.0,12600.0,12191.0,2.043,2026-02-02 23:54,18786
ULTRACEMCO,2026-02-24,11300.0,0.0,0.0,0.0,17.9,12800.0,11550.0,12535.0,12600.0,12191.0,2.043,2026-02-02 23:54,15968
ULTRACEMCO,2026-02-24,11400.0,0.0,0.0,0.0,22.0,2950.0,5200.0,12535.0,12600.0,12191.0,2.043,2026-02-02 23:54,13323
ULTRACEMCO,2026-02-24,11500.0,0.0,0.0,0.0,27.9,31600.0,32200.0,12535.0,12600.0,12191.0,2.043,2026-02-02 23:54,10724
ULTRACEMCO,2026-02-24,11600.0,0.0,0.0,0.0,33.5,5500.0,11900.0,12535.0,12600.0,12191.0,2.043,2026-02-02 23:54,8360
ULTRACEMCO,2026-02-24,11700.0,0.0,0.0,0.0,42.0,8350.0,9500.0,12535.0,12600.0,12191.0,2.043,2026-02-02 23:54,6120
ULTRACEMCO,2026-02-24,11800.0,625.35,100.0,0.0,51.75,18800.0,29850.0,12535.0,12600.0,12191.0,2.043,2026-02-02 23:54,3947
ULTRACEMCO,2026-02-24,11900.0,551.75,100.0,0.0,65.0,10900.0,13900.0,12535.0,12600.0,12191.0,2.043,2026-02-02 23:54,1907
ULTRACEMCO,2026-02-24,12000.0,616.0,5700.0,2300.0,80.95,40950.0,66500.0,12535.0,12600.0,12191.0,2.043,2026-02-02 23:54,2
ULTRACEMCO,2026-02-24,12100.0,534.1,2600.0,3300.0,101.45,3600.0,7500.0,12535.0,12600.0,12191.0,2.043,2026-02-02 23:54,-1350
ULTRACEMCO,2026-02-24,12200.0,481.85,4750.0,11600.0,122.2,17100.0,43900.0,12535.0,12600.0,12191.0,2.043,2026-02-02 23:54,-2558
ULTRACEMCO,2026-02-24,12300.0,419.05,11450.0,41200.0,150.0,14950.0,41850.0,12535.0,12600.0,12191.0,2.043,2026-02-02 23:54,-3630
ULTRACEMCO,2026-02-24,12400.0,354.7,50750.0,142500.0,183.6,14800.0,55050.0,12535.0,12600.0,12191.0,2.043,2026-02-02 23:54,-4202
ULTRACEMCO,2026-02-24,12500.0,294.95,33750.0,124200.0,223.1,39000.0,38000.0,12535.0,12600.0,12191.0,2.043,2026-02-02 23:54,-2846
ULTRACEMCO,2026-02-24,12600.0,241.2,20600.0,60150.0,268.25,18500.0,16200.0,12535.0,12600.0,12191.0,2.043,2026-02-02 23:54,-2166
ULTRACEMCO,2026-02-24,12700.0,196.0,34700.0,90000.0,321.2,10600.0,5700.0,12535.0,12600.0,12191.0,2.043,2026-02-02 23:54,-1219
ULTRACEMCO,2026-02-24,12800.0,157.1,42850.0,70950.0,384.0,8350.0,3650.0,12535.0,12600.0,12191.0,2.043,2026-02-02 23:54,518
ULTRACEMCO,2026-02-24,12900.0,125.6,14600.0,27700.0,486.0,1950.0,850.0,12535.0,12600.0,12191.0,2.043,2026-02-02 23:54,2782
ULTRACEMCO,2026-02-24,13000.0,99.75,67700.0,145150.0,530.0,13050.0,2150.0,12535.0,12600.0,12191.0,2.043,2026-02-02 23:54,4947
ULTRACEMCO,2026-02-24,13100.0,79.85,14250.0,19650.0,828.45,300.0,0.0,12535.0,12600.0,12191.0,2.043,2026-02-02 23:54,7815
ULTRACEMCO,2026-02-24,13200.0,60.0,19250.0,47500.0,750.0,200.0,100.0,12535.0,12600.0,12191.0,2.043,2026-02-02 23:54,10933
ULTRACEMCO,2026-02-24,13300.0,47.1,9650.0,32250.0,1003.4,600.0,0.0,12535.0,12600.0,12191.0,2.043,2026-02-02 23:54,14258
ULTRACEMCO,2026-02-24,13400.0,37.75,3950.0,9650.0,1094.3,800.0,0.0,12535.0,12600.0,12191.0,2.043,2026-02-02 23:54,17569
ULTRACEMCO,2026-02-24,13500.0,30.8,30450.0,62100.0,0.0,0.0,0.0,12535.0,12600.0,12191.0,2.043,2026-02-02 23:54,20871
ULTRACEMCO,2026-02-24,13600.0,24.65,16150.0,29450.0,0.0,0.0,0.0,12535.0,12600.0,12191.0,2.043,2026-02-02 23:54,24643
ULTRACEMCO,2026-02-24,13700.0,14.35,2250.0,1750.0,0.0,0.0,0.0,12535.0,12600.0,12191.0,2.043,2026-02-02 23:54,28523
ULTRACEMCO,2026-02-24,13800.0,17.55,17450.0,57800.0,0.0,0.0,0.0,12535.0,12600.0,12191.0,2.043,2026-02-02 23:54,32388
ULTRACEMCO,2026-02-24,13900.0,16.2,600.0,400.0,0.0,0.0,0.0,12535.0,12600.0,12191.0,2.043,2026-02-02 23:54,36456
ULTRACEMCO,2026-02-24,14000.0,12.0,50800.0,62550.0,0.0,0.0,0.0,12535.0,12600.0,12191.0,2.043,2026-02-02 23:54,40500
ULTRACEMCO,2026-02-24,14200.0,4.8,74700.0,123200.0,0.0,0.0,0.0,12535.0,12600.0,12191.0,2.043,2026-02-02 23:54,49663
ULTRACEMCO,2026-02-24,14400.0,5.45,4900.0,4550.0,0.0,0.0,0.0,12535.0,12600.0,12191.0,2.043,2026-02-02 23:54,60295
ULTRACEMCO,2026-02-24,14600.0,2.75,100.0,1700.0,0.0,0.0,0.0,12535.0,12600.0,12191.0,2.043,2026-02-02 23:54,70992
UNIONBANK,2026-02-24,130.0,39.88,4425.0,0.0,0.15,88500.0,13275.0,171.13,172.08,165.11,1.039,2026-02-02 23:54,80278
UNIONBANK,2026-02-24,135.0,34.95,4425.0,0.0,0.07,13275.0,0.0,171.13,172.08,165.11,1.039,2026-02-02 23:54,68532
UNIONBANK,2026-02-24,140.0,30.08,8850.0,0.0,0.38,283200.0,106200.0,171.13,172.08,165.11,1.039,2026-02-02 23:54,56795
UNIONBANK,2026-02-24,142.5,27.7,8850.0,0.0,0.0,0.0,0.0,171.13,172.08,165.11,1.039,2026-02-02 23:54,51007
UNIONBANK,2026-02-24,145.0,25.05,0.0,4425.0,0.46,261075.0,632775.0,171.13,172.08,165.11,1.039,2026-02-02 23:54,45231
UNIONBANK,2026-02-24,147.5,0.0,0.0,0.0,0.0,0.0,0.0,171.13,172.08,165.11,1.039,2026-02-02 23:54,39483
UNIONBANK,2026-02-24,150.0,22.25,92925.0,70800.0,0.71,1677075.0,3115200.0,171.13,172.08,165.11,1.039,2026-02-02 23:54,33747
UNIONBANK,2026-02-24,152.5,18.7,0.0,0.0,0.0,0.0,0.0,171.13,172.08,165.11,1.039,2026-02-02 23:54,28541
UNIONBANK,2026-02-24,155.0,16.66,84075.0,0.0,1.11,716850.0,1008900.0,171.13,172.08,165.11,1.039,2026-02-02 23:54,23248
UNIONBANK,2026-02-24,157.5,14.72,4425.0,0.0,1.44,35400.0,79650.0,171.13,172.08,165.11,1.039,2026-02-02 23:54,18215
UNIONBANK,2026-02-24,160.0,13.86,570825.0,269925.0,1.87,4248000.0,4863075.0,171.13,172.08,165.11,1.039,2026-02-02 23:54,13133
UNIONBANK,2026-02-24,162.5,11.24,22125.0,17700.0,2.4,261075.0,708000.0,171.13,172.08,165.11,1.039,2026-02-02 23:54,9252
UNIONBANK,2026-02-24,165.0,10.19,287625.0,544275.0,3.12,3823200.0,3093075.0,171.13,172.08,165.11,1.039,2026-02-02 23:54,5406
UNIONBANK,2026-02-24,167.5,8.34,243375.0,610650.0,3.95,362850.0,765525.0,171.13,172.08,165.11,1.039,2026-02-02 23:54,1726
UNIONBANK,2026-02-24,170.0,6.93,1513350.0,11788200.0,5.0,3177150.0,3451500.0,171.13,172.08,165.11,1.039,2026-02-02 23:54,-841
UNIONBANK,2026-02-24,172.5,5.75,508875.0,2026650.0,6.29,893850.0,460200.0,171.13,172.08,165.11,1.039,2026-02-02 23:54,-2837
UNIONBANK,2026-02-24,175.0,4.55,2398350.0,6433950.0,7.53,2199225.0,1283250.0,171.13,172.08,165.11,1.039,2026-02-02 23:54,-4212
UNIONBANK,2026-02-24,177.5,3.8,880575.0,2610750.0,9.24,628350.0,106200.0,171.13,172.08,165.11,1.039,2026-02-02 23:54,-4732
UNIONBANK,2026-02-24,180.0,2.97,8566800.0,10522650.0,10.89,2725800.0,318600.0,171.13,172.08,165.11,1.039,2026-02-02 23:54,-4557
UNIONBANK,2026-02-24,182.5,2.43,1455825.0,1677075.0,13.44,650475.0,128325.0,171.13,172.08,165.11,1.039,2026-02-02 23:54,-1736
UNIONBANK,2026-02-24,185.0,1.83,5739225.0,8664150.0,15.26,531000.0,283200.0,171.13,172.08,165.11,1.039,2026-02-02 23:54,1513
UNIONBANK,2026-02-24,187.5,1.52,814200.0,522150.0,19.12,66375.0,0.0,171.13,172.08,165.11,1.039,2026-02-02 23:54,7092
UNIONBANK,2026-02-24,190.0,1.2,3867450.0,5363100.0,19.19,734550.0,106200.0,171.13,172.08,165.11,1.039,2026-02-02 23:54,12648
UNIONBANK,2026-02-24,192.5,0.97,716850.0,274350.0,23.41,79650.0,4425.0,171.13,172.08,165.11,1.039,2026-02-02 23:54,18412
UNIONBANK,2026-02-24,195.0,0.79,2712525.0,1907175.0,25.71,84075.0,0.0,171.13,172.08,165.11,1.039,2026-02-02 23:54,25203
UNIONBANK,2026-02-24,197.5,0.66,389400.0,278775.0,0.0,0.0,0.0,171.13,172.08,165.11,1.039,2026-02-02 23:54,32809
UNIONBANK,2026-02-24,200.0,0.56,4455975.0,2424900.0,24.0,75225.0,0.0,171.13,172.08,165.11,1.039,2026-02-02 23:54,40540
UNIONBANK,2026-02-24,205.0,0.41,2000100.0,1393875.0,0.0,0.0,0.0,171.13,172.08,165.11,1.039,2026-02-02 23:54,58285
UNITDSPR,2026-02-24,1100.0,231.85,800.0,800.0,0.55,55600.0,11200.0,1346.5,1348.6,1318.0,0.861,2026-02-02 23:54,50551
UNITDSPR,2026-02-24,1120.0,0.0,0.0,0.0,0.0,0.0,0.0,1346.5,1348.6,1318.0,0.861,2026-02-02 23:54,45937
UNITDSPR,2026-02-24,1140.0,0.0,0.0,0.0,0.0,0.0,0.0,1346.5,1348.6,1318.0,0.861,2026-02-02 23:54,41309
UNITDSPR,2026-02-24,1160.0,0.0,0.0,0.0,1.4,8000.0,4400.0,1346.5,1348.6,1318.0,0.861,2026-02-02 23:54,36680
UNITDSPR,2026-02-24,1180.0,0.0,0.0,0.0,1.75,8400.0,0.0,1346.5,1348.6,1318.0,0.861,2026-02-02 23:54,32066
UNITDSPR,2026-02-24,1200.0,145.0,16400.0,800.0,2.25,111600.0,83200.0,1346.5,1348.6,1318.0,0.861,2026-02-02 23:54,27468
UNITDSPR,2026-02-24,1210.0,0.0,0.0,0.0,4.0,2400.0,0.0,1346.5,1348.6,1318.0,0.861,2026-02-02 23:54,25511
UNITDSPR,2026-02-24,1220.0,0.0,0.0,0.0,2.9,33200.0,10000.0,1346.5,1348.6,1318.0,0.861,2026-02-02 23:54,23342
UNITDSPR,2026-02-24,1230.0,0.0,0.0,0.0,3.25,56800.0,10000.0,1346.5,1348.6,1318.0,0.861,2026-02-02 23:54,21198
UNITDSPR,2026-02-24,1240.0,0.0,0.0,0.0,4.0,98400.0,48400.0,1346.5,1348.6,1318.0,0.861,2026-02-02 23:54,19102
UNITDSPR,2026-02-24,1250.0,0.0,0.0,0.0,4.65,96400.0,25600.0,1346.5,1348.6,1318.0,0.861,2026-02-02 23:54,17084
UNITDSPR,2026-02-24,1260.0,75.55,2400.0,0.0,5.4,88400.0,81200.0,1346.5,1348.6,1318.0,0.861,2026-02-02 23:54,15156
UNITDSPR,2026-02-24,1270.0,68.6,4400.0,0.0,6.4,62400.0,28800.0,1346.5,1348.6,1318.0,0.861,2026-02-02 23:54,13335
UNITDSPR,2026-02-24,1280.0,67.5,18400.0,0.0,8.0,66400.0,103200.0,1346.5,1348.6,1318.0,0.861,2026-02-02 23:54,11600
UNITDSPR,2026-02-24,1290.0,66.3,5200.0,16400.0,9.65,35200.0,44000.0,1346.5,1348.6,1318.0,0.861,2026-02-02 23:54,10030
UNITDSPR,2026-02-24,1300.0,61.45,304000.0,128000.0,11.6,252800.0,154800.0,1346.5,1348.6,1318.0,0.861,2026-02-02 23:54,8431
UNITDSPR,2026-02-24,1310.0,47.45,18400.0,10400.0,14.15,36400.0,42000.0,1346.5,1348.6,1318.0,0.861,2026-02-02 23:54,8962
UNITDSPR,2026-02-24,1320.0,46.8,118000.0,101600.0,16.8,164000.0,284000.0,1346.5,1348.6,1318.0,0.861,2026-02-02 23:54,8010
UNITDSPR,2026-02-24,1330.0,39.8,73600.0,143600.0,20.85,186000.0,112000.0,1346.5,1348.6,1318.0,0.861,2026-02-02 23:54,7580
UNITDSPR,2026-02-24,1340.0,33.25,155600.0,670800.0,23.9,181200.0,329200.0,1346.5,1348.6,1318.0,0.861,2026-02-02 23:54,7039
UNITDSPR,2026-02-24,1350.0,28.2,122800.0,400400.0,29.05,83200.0,111200.0,1346.5,1348.6,1318.0,0.861,2026-02-02 23:54,7013
UNITDSPR,2026-02-24,1360.0,24.0,141600.0,279600.0,33.75,43600.0,134000.0,1346.5,1348.6,1318.0,0.861,2026-02-02 23:54,7213
UNITDSPR,2026-02-24,1370.0,19.3,57200.0,72000.0,39.4,21600.0,7200.0,1346.5,1348.6,1318.0,0.861,2026-02-02 23:54,7687
UNITDSPR,2026-02-24,1380.0,16.0,72000.0,158400.0,46.25,14400.0,15600.0,1346.5,1348.6,1318.0,0.861,2026-02-02 23:54,8073
UNITDSPR,2026-02-24,1390.0,12.9,33200.0,4000.0,66.6,5200.0,0.0,1346.5,1348.6,1318.0,0.861,2026-02-02 23:54,8568
UNITDSPR,2026-02-24,1400.0,10.1,269200.0,625600.0,60.0,326000.0,46400.0,1346.5,1348.6,1318.0,0.861,2026-02-02 23:54,9061
UNITDSPR,2026-02-24,1410.0,8.4,50000.0,30800.0,79.55,3200.0,2000.0,1346.5,1348.6,1318.0,0.861,2026-02-02 23:54,8456
UNITDSPR,2026-02-24,1420.0,6.7,53600.0,54400.0,79.65,10000.0,5600.0,1346.5,1348.6,1318.0,0.861,2026-02-02 23:54,9606
UNITDSPR,2026-02-24,1430.0,5.5,44800.0,28400.0,85.1,7600.0,12800.0,1346.5,1348.6,1318.0,0.861,2026-02-02 23:54,10759
UNITDSPR,2026-02-24,1440.0,4.5,102800.0,115600.0,92.8,13200.0,0.0,1346.5,1348.6,1318.0,0.861,2026-02-02 23:54,11968
UNITDSPR,2026-02-24,1450.0,3.8,78000.0,36800.0,104.0,1200.0,0.0,1346.5,1348.6,1318.0,0.861,2026-02-02 23:54,13257
UNITDSPR,2026-02-24,1460.0,3.1,42800.0,40000.0,117.95,6000.0,0.0,1346.5,1348.6,1318.0,0.861,2026-02-02 23:54,14719
UNITDSPR,2026-02-24,1470.0,3.25,14800.0,0.0,0.0,0.0,0.0,1346.5,1348.6,1318.0,0.861,2026-02-02 23:54,16155
UNITDSPR,2026-02-24,1480.0,0.0,0.0,0.0,136.3,1600.0,0.0,1346.5,1348.6,1318.0,0.861,2026-02-02 23:54,17667
UNITDSPR,2026-02-24,1500.0,1.9,174000.0,106800.0,149.5,178800.0,2400.0,1346.5,1348.6,1318.0,0.861,2026-02-02 23:54,20665
UNITDSPR,2026-02-24,1510.0,1.5,65200.0,2400.0,0.0,0.0,0.0,1346.5,1348.6,1318.0,0.861,2026-02-02 23:54,19887
UNITDSPR,2026-02-24,1520.0,1.6,8000.0,2800.0,196.0,14400.0,0.0,1346.5,1348.6,1318.0,0.861,2026-02-02 23:54,21825
UNITDSPR,2026-02-24,1540.0,0.0,0.0,0.0,0.0,0.0,0.0,1346.5,1348.6,1318.0,0.861,2026-02-02 23:54,25444
UNITDSPR,2026-02-24,1560.0,0.65,8800.0,5600.0,0.0,0.0,0.0,1346.5,1348.6,1318.0,0.861,2026-02-02 23:54,29344
UNITDSPR,2026-02-24,1580.0,0.0,0.0,0.0,188.65,800.0,0.0,1346.5,1348.6,1318.0,0.861,2026-02-02 23:54,33262
UNITDSPR,2026-02-24,1600.0,0.7,10000.0,3600.0,250.0,95600.0,2400.0,1346.5,1348.6,1318.0,0.861,2026-02-02 23:54,37166
UNITDSPR,2026-02-24,1660.0,0.15,800.0,0.0,305.0,800.0,0.0,1346.5,1348.6,1318.0,0.861,2026-02-02 23:54,47168
UNOMINDA,2026-02-24,960.0,196.0,550.0,550.0,2.6,4400.0,2200.0,1178.2,1183.6,1138.7,2.891,2026-02-02 23:54,6133
UNOMINDA,2026-02-24,1000.0,147.75,550.0,0.0,4.15,17600.0,19250.0,1178.2,1183.6,1138.7,2.891,2026-02-02 23:54,4310
UNOMINDA,2026-02-24,1020.0,0.0,0.0,0.0,0.0,0.0,0.0,1178.2,1183.6,1138.7,2.891,2026-02-02 23:54,3431
UNOMINDA,2026-02-24,1040.0,0.0,0.0,0.0,15.0,1100.0,0.0,1178.2,1183.6,1138.7,2.891,2026-02-02 23:54,2551
UNOMINDA,2026-02-24,1060.0,112.7,550.0,550.0,8.65,18150.0,2750.0,1178.2,1183.6,1138.7,2.891,2026-02-02 23:54,1671
UNOMINDA,2026-02-24,1080.0,0.0,0.0,0.0,11.75,64350.0,62700.0,1178.2,1183.6,1138.7,2.891,2026-02-02 23:54,821
UNOMINDA,2026-02-24,1100.0,88.85,8800.0,2200.0,15.15,49500.0,47850.0,1178.2,1183.6,1138.7,2.891,2026-02-02 23:54,34
UNOMINDA,2026-02-24,1120.0,74.7,15950.0,6050.0,20.3,74250.0,46750.0,1178.2,1183.6,1138.7,2.891,2026-02-02 23:54,-557
UNOMINDA,2026-02-24,1140.0,66.8,37400.0,39050.0,28.1,61050.0,34650.0,1178.2,1183.6,1138.7,2.891,2026-02-02 23:54,-1003
UNOMINDA,2026-02-24,1160.0,54.85,48400.0,67100.0,33.5,53900.0,44550.0,1178.2,1183.6,1138.7,2.891,2026-02-02 23:54,-1143
UNOMINDA,2026-02-24,1180.0,42.6,55000.0,77550.0,43.5,24750.0,17050.0,1178.2,1183.6,1138.7,2.891,2026-02-02 23:54,-1071
UNOMINDA,2026-02-24,1200.0,33.5,144100.0,216150.0,53.0,65450.0,7700.0,1178.2,1183.6,1138.7,2.891,2026-02-02 23:54,-798
UNOMINDA,2026-02-24,1220.0,26.2,32450.0,19800.0,80.7,5500.0,4950.0,1178.2,1183.6,1138.7,2.891,2026-02-02 23:54,-97
UNOMINDA,2026-02-24,1240.0,20.2,79750.0,89650.0,78.55,4400.0,9350.0,1178.2,1183.6,1138.7,2.891,2026-02-02 23:54,584
UNOMINDA,2026-02-24,1260.0,15.55,89650.0,125400.0,104.45,5500.0,7700.0,1178.2,1183.6,1138.7,2.891,2026-02-02 23:54,1520
UNOMINDA,2026-02-24,1280.0,12.35,12100.0,14850.0,117.0,550.0,0.0,1178.2,1183.6,1138.7,2.891,2026-02-02 23:54,2602
UNOMINDA,2026-02-24,1300.0,9.55,111100.0,150150.0,138.75,9350.0,0.0,1178.2,1183.6,1138.7,2.891,2026-02-02 23:54,3636
UNOMINDA,2026-02-24,1320.0,7.0,0.0,1100.0,0.0,0.0,0.0,1178.2,1183.6,1138.7,2.891,2026-02-02 23:54,4878
UNOMINDA,2026-02-24,1340.0,5.95,44000.0,42900.0,0.0,0.0,0.0,1178.2,1183.6,1138.7,2.891,2026-02-02 23:54,6145
UNOMINDA,2026-02-24,1360.0,0.0,0.0,0.0,0.0,0.0,0.0,1178.2,1183.6,1138.7,2.891,2026-02-02 23:54,7525
UNOMINDA,2026-02-24,1380.0,1.75,1650.0,550.0,0.0,0.0,0.0,1178.2,1183.6,1138.7,2.891,2026-02-02 23:54,8879
UNOMINDA,2026-02-24,1400.0,0.0,0.0,0.0,249.2,1650.0,0.0,1178.2,1183.6,1138.7,2.891,2026-02-02 23:54,10237
UNOMINDA,2026-02-24,1420.0,0.0,0.0,0.0,270.4,1650.0,0.0,1178.2,1183.6,1138.7,2.891,2026-02-02 23:54,11556
UPL,2026-02-24,540.0,0.0,0.0,0.0,0.4,43360.0,108400.0,698.55,707.1,665.05,5.053,2026-02-02 23:54,118987
UPL,2026-02-24,560.0,0.0,0.0,0.0,0.7,2710.0,4065.0,698.55,707.1,665.05,5.053,2026-02-02 23:54,99666
UPL,2026-02-24,570.0,0.0,0.0,0.0,0.65,0.0,1355.0,698.55,707.1,665.05,5.053,2026-02-02 23:54,90008
UPL,2026-02-24,580.0,0.0,0.0,0.0,0.9,418695.0,838745.0,698.55,707.1,665.05,5.053,2026-02-02 23:54,80351
UPL,2026-02-24,590.0,0.0,0.0,0.0,1.0,100270.0,254740.0,698.55,707.1,665.05,5.053,2026-02-02 23:54,71075
UPL,2026-02-24,600.0,0.0,0.0,0.0,1.5,470185.0,2878020.0,698.55,707.1,665.05,5.053,2026-02-02 23:54,61927
UPL,2026-02-24,610.0,0.0,0.0,0.0,1.9,180215.0,659885.0,698.55,707.1,665.05,5.053,2026-02-02 23:54,53189
UPL,2026-02-24,620.0,0.0,0.0,0.0,2.3,363140.0,1418685.0,698.55,707.1,665.05,5.053,2026-02-02 23:54,44667
UPL,2026-02-24,630.0,75.8,1355.0,2710.0,3.2,191055.0,722215.0,698.55,707.1,665.05,5.053,2026-02-02 23:54,36459
UPL,2026-02-24,640.0,70.0,16260.0,20325.0,4.2,1105680.0,1514890.0,698.55,707.1,665.05,5.053,2026-02-02 23:54,28476
UPL,2026-02-24,650.0,60.0,42005.0,71815.0,5.5,421405.0,2197810.0,698.55,707.1,665.05,5.053,2026-02-02 23:54,21315
UPL,2026-02-24,660.0,49.0,104335.0,296745.0,7.3,833325.0,1964750.0,698.55,707.1,665.05,5.053,2026-02-02 23:54,14988
UPL,2026-02-24,670.0,39.5,92140.0,818420.0,9.0,382110.0,2039275.0,698.55,707.1,665.05,5.053,2026-02-02 23:54,9482
UPL,2026-02-24,680.0,32.95,299455.0,3739800.0,12.2,644980.0,3616495.0,698.55,707.1,665.05,5.053,2026-02-02 23:54,4567
UPL,2026-02-24,690.0,27.5,348235.0,2722195.0,15.85,475605.0,1479660.0,698.55,707.1,665.05,5.053,2026-02-02 23:54,776
UPL,2026-02-24,700.0,21.8,2262850.0,10231605.0,20.6,1715430.0,2445775.0,698.55,707.1,665.05,5.053,2026-02-02 23:54,-2185
UPL,2026-02-24,710.0,17.25,638205.0,2220845.0,25.8,457990.0,367205.0,698.55,707.1,665.05,5.053,2026-02-02 23:54,24
UPL,2026-02-24,720.0,13.5,841455.0,4457950.0,31.1,481025.0,159890.0,698.55,707.1,665.05,5.053,2026-02-02 23:54,1852
UPL,2026-02-24,730.0,10.8,482380.0,2421385.0,38.0,115175.0,35230.0,698.55,707.1,665.05,5.053,2026-02-02 23:54,4722
UPL,2026-02-24,740.0,8.25,523030.0,2644960.0,42.75,144985.0,8130.0,698.55,707.1,665.05,5.053,2026-02-02 23:54,8633
UPL,2026-02-24,750.0,6.55,1447140.0,5483685.0,49.0,658530.0,88075.0,698.55,707.1,665.05,5.053,2026-02-02 23:54,12941
UPL,2026-02-24,760.0,5.2,460700.0,1460690.0,62.5,147695.0,2710.0,698.55,707.1,665.05,5.053,2026-02-02 23:54,17263
UPL,2026-02-24,770.0,3.9,440375.0,742540.0,88.15,67750.0,0.0,698.55,707.1,665.05,5.053,2026-02-02 23:54,23790
UPL,2026-02-24,780.0,3.1,283195.0,876685.0,90.0,74525.0,0.0,698.55,707.1,665.05,5.053,2026-02-02 23:54,31082
UPL,2026-02-24,790.0,2.65,253385.0,323845.0,89.35,36585.0,4065.0,698.55,707.1,665.05,5.053,2026-02-02 23:54,38575
UPL,2026-02-24,800.0,2.25,2869890.0,3695085.0,102.6,134145.0,6775.0,698.55,707.1,665.05,5.053,2026-02-02 23:54,46681
UPL,2026-02-24,810.0,1.9,205960.0,304875.0,142.25,4065.0,0.0,698.55,707.1,665.05,5.053,2026-02-02 23:54,57320
UPL,2026-02-24,820.0,1.5,242545.0,155825.0,118.0,8130.0,0.0,698.55,707.1,665.05,5.053,2026-02-02 23:54,68882
UPL,2026-02-24,830.0,0.9,31165.0,1355.0,162.05,5420.0,0.0,698.55,707.1,665.05,5.053,2026-02-02 23:54,80653
UPL,2026-02-24,840.0,1.1,161245.0,105690.0,0.0,0.0,0.0,698.55,707.1,665.05,5.053,2026-02-02 23:54,92435
UPL,2026-02-24,850.0,0.9,288615.0,193765.0,181.9,12195.0,0.0,698.55,707.1,665.05,5.053,2026-02-02 23:54,104481
UPL,2026-02-24,860.0,0.85,40650.0,9485.0,153.0,5420.0,0.0,698.55,707.1,665.05,5.053,2026-02-02 23:54,116614
UPL,2026-02-24,870.0,0.75,50135.0,0.0,0.0,0.0,0.0,698.55,707.1,665.05,5.053,2026-02-02 23:54,128910
UPL,2026-02-24,880.0,0.65,144985.0,14905.0,158.0,1355.0,0.0,698.55,707.1,665.05,5.053,2026-02-02 23:54,141339
UPL,2026-02-24,900.0,0.5,97560.0,66395.0,0.0,0.0,0.0,698.55,707.1,665.05,5.053,2026-02-02 23:54,166470
UPL,2026-02-24,920.0,0.5,44715.0,6775.0,0.0,0.0,0.0,698.55,707.1,665.05,5.053,2026-02-02 23:54,191814
VBL,2026-02-24,400.0,69.45,9000.0,5625.0,1.85,156375.0,299250.0,466.3,480.95,457.25,-0.597,2026-02-02 23:54,26588
VBL,2026-02-24,410.0,0.0,0.0,0.0,2.5,91125.0,236250.0,466.3,480.95,457.25,-0.597,2026-02-02 23:54,20314
VBL,2026-02-24,415.0,0.0,0.0,0.0,2.75,1125.0,0.0,466.3,480.95,457.25,-0.597,2026-02-02 23:54,17182
VBL,2026-02-24,420.0,0.0,0.0,0.0,3.5,421875.0,772875.0,466.3,480.95,457.25,-0.597,2026-02-02 23:54,14074
VBL,2026-02-24,425.0,0.0,0.0,0.0,4.25,41625.0,85500.0,466.3,480.95,457.25,-0.597,2026-02-02 23:54,11030
VBL,2026-02-24,430.0,47.0,1125.0,0.0,5.1,212625.0,637875.0,466.3,480.95,457.25,-0.597,2026-02-02 23:54,8136
VBL,2026-02-24,435.0,0.0,0.0,0.0,5.0,0.0,2250.0,466.3,480.95,457.25,-0.597,2026-02-02 23:54,5264
VBL,2026-02-24,440.0,36.25,27000.0,0.0,7.0,700875.0,851625.0,466.3,480.95,457.25,-0.597,2026-02-02 23:54,2495
VBL,2026-02-24,445.0,33.0,9000.0,0.0,9.05,135000.0,177750.0,466.3,480.95,457.25,-0.597,2026-02-02 23:54,-302
VBL,2026-02-24,450.0,27.7,214875.0,192375.0,10.45,1681875.0,2188125.0,466.3,480.95,457.25,-0.597,2026-02-02 23:54,-2728
VBL,2026-02-24,455.0,24.55,36000.0,142875.0,12.3,132750.0,383625.0,466.3,480.95,457.25,-0.597,2026-02-02 23:54,-5275
VBL,2026-02-24,460.0,21.6,243000.0,682875.0,14.5,796500.0,1753875.0,466.3,480.95,457.25,-0.597,2026-02-02 23:54,-6651
VBL,2026-02-24,465.0,19.4,191250.0,498375.0,16.6,219375.0,402750.0,466.3,480.95,457.25,-0.597,2026-02-02 23:54,-8062
VBL,2026-02-24,470.0,17.0,540000.0,1965375.0,19.7,372375.0,1050750.0,466.3,480.95,457.25,-0.597,2026-02-02 23:54,-8630
VBL,2026-02-24,475.0,14.9,322875.0,2702250.0,22.55,308250.0,545625.0,466.3,480.95,457.25,-0.597,2026-02-02 23:54,-8565
VBL,2026-02-24,480.0,13.05,927000.0,2831625.0,25.2,258750.0,621000.0,466.3,480.95,457.25,-0.597,2026-02-02 23:54,-8583
VBL,2026-02-24,485.0,11.25,102375.0,398250.0,28.95,164250.0,221625.0,466.3,480.95,457.25,-0.597,2026-02-02 23:54,-7236
VBL,2026-02-24,490.0,10.05,699750.0,2003625.0,32.2,117000.0,178875.0,466.3,480.95,457.25,-0.597,2026-02-02 23:54,-6674
VBL,2026-02-24,495.0,8.6,363375.0,622125.0,36.25,29250.0,54000.0,466.3,480.95,457.25,-0.597,2026-02-02 23:54,-5016
VBL,2026-02-24,500.0,7.7,5078250.0,6054750.0,40.15,508500.0,364500.0,466.3,480.95,457.25,-0.597,2026-02-02 23:54,-3283
VBL,2026-02-24,505.0,6.6,253125.0,373500.0,42.25,18000.0,0.0,466.3,480.95,457.25,-0.597,2026-02-02 23:54,2906
VBL,2026-02-24,510.0,5.65,289125.0,708750.0,44.25,20250.0,0.0,466.3,480.95,457.25,-0.597,2026-02-02 23:54,7453
VBL,2026-02-24,515.0,4.95,103500.0,186750.0,50.0,1125.0,0.0,466.3,480.95,457.25,-0.597,2026-02-02 23:54,12137
VBL,2026-02-24,520.0,4.2,321750.0,634500.0,55.3,72000.0,1125.0,466.3,480.95,457.25,-0.597,2026-02-02 23:54,16846
VBL,2026-02-24,525.0,3.65,70875.0,97875.0,0.0,0.0,0.0,466.3,480.95,457.25,-0.597,2026-02-02 23:54,21443
VBL,2026-02-24,530.0,3.1,104625.0,411750.0,46.5,2250.0,0.0,466.3,480.95,457.25,-0.597,2026-02-02 23:54,26364
VBL,2026-02-24,535.0,2.2,20250.0,1125.0,0.0,0.0,0.0,466.3,480.95,457.25,-0.597,2026-02-02 23:54,31335
VBL,2026-02-24,540.0,2.25,201375.0,261000.0,67.0,1125.0,0.0,466.3,480.95,457.25,-0.597,2026-02-02 23:54,36299
VBL,2026-02-24,550.0,1.65,243000.0,239625.0,62.1,1125.0,0.0,466.3,480.95,457.25,-0.597,2026-02-02 23:54,46457
VBL,2026-02-24,560.0,1.2,114750.0,130500.0,89.6,7875.0,0.0,466.3,480.95,457.25,-0.597,2026-02-02 23:54,56855
VBL,2026-02-24,570.0,0.85,83250.0,2250.0,0.0,0.0,0.0,466.3,480.95,457.25,-0.597,2026-02-02 23:54,67285
VBL,2026-02-24,580.0,0.55,217125.0,0.0,0.0,0.0,0.0,466.3,480.95,457.25,-0.597,2026-02-02 23:54,77863
VEDL,2026-02-24,460.0,0.0,0.0,0.0,0.95,442750.0,345000.0,660.65,674.55,639.05,0.84,2026-02-02 23:54,523053
VEDL,2026-02-24,480.0,0.0,0.0,0.0,1.35,125350.0,231150.0,660.65,674.55,639.05,0.84,2026-02-02 23:54,457788
VEDL,2026-02-24,490.0,0.0,0.0,0.0,1.6,97750.0,110400.0,660.65,674.55,639.05,0.84,2026-02-02 23:54,425285
VEDL,2026-02-24,500.0,161.0,190900.0,3450.0,1.7,979800.0,1616900.0,660.65,674.55,639.05,0.84,2026-02-02 23:54,392880
VEDL,2026-02-24,510.0,0.0,0.0,0.0,2.0,110400.0,327750.0,660.65,674.55,639.05,0.84,2026-02-02 23:54,364569
VEDL,2026-02-24,520.0,145.0,5750.0,0.0,2.35,338100.0,631350.0,660.65,674.55,639.05,0.84,2026-02-02 23:54,333440
VEDL,2026-02-24,530.0,148.5,2300.0,0.0,2.65,132250.0,265650.0,660.65,674.55,639.05,0.84,2026-02-02 23:54,302680
VEDL,2026-02-24,535.0,0.0,0.0,0.0,2.8,59800.0,123050.0,660.65,674.55,639.05,0.84,2026-02-02 23:54,287365
VEDL,2026-02-24,540.0,160.0,14950.0,0.0,3.0,239200.0,311650.0,660.65,674.55,639.05,0.84,2026-02-02 23:54,272063
VEDL,2026-02-24,545.0,0.0,0.0,0.0,2.45,3450.0,0.0,660.65,674.55,639.05,0.84,2026-02-02 23:54,257073
VEDL,2026-02-24,550.0,117.7,85100.0,18400.0,3.5,1535250.0,3036000.0,660.65,674.55,639.05,0.84,2026-02-02 23:54,241916
VEDL,2026-02-24,555.0,105.7,1150.0,4600.0,3.8,112700.0,235750.0,660.65,674.55,639.05,0.84,2026-02-02 23:54,228035
VEDL,2026-02-24,560.0,108.4,330050.0,70150.0,4.1,609500.0,575000.0,660.65,674.55,639.05,0.84,2026-02-02 23:54,213716
VEDL,2026-02-24,565.0,94.15,4600.0,0.0,4.5,118450.0,193200.0,660.65,674.55,639.05,0.84,2026-02-02 23:54,203225
VEDL,2026-02-24,570.0,99.0,48300.0,0.0,4.9,483000.0,840650.0,660.65,674.55,639.05,0.84,2026-02-02 23:54,189457
VEDL,2026-02-24,575.0,85.05,3450.0,0.0,5.3,166750.0,207000.0,660.65,674.55,639.05,0.84,2026-02-02 23:54,176207
VEDL,2026-02-24,580.0,84.5,36800.0,5750.0,5.9,854450.0,1511100.0,660.65,674.55,639.05,0.84,2026-02-02 23:54,162741
VEDL,2026-02-24,585.0,0.0,0.0,0.0,6.4,178250.0,258750.0,660.65,674.55,639.05,0.84,2026-02-02 23:54,149587
VEDL,2026-02-24,590.0,89.0,11500.0,0.0,7.25,583050.0,655500.0,660.65,674.55,639.05,0.84,2026-02-02 23:54,136601
VEDL,2026-02-24,595.0,0.0,0.0,0.0,7.8,281750.0,284050.0,660.65,674.55,639.05,0.84,2026-02-02 23:54,123706
VEDL,2026-02-24,600.0,73.9,708400.0,417450.0,8.8,2456400.0,5576350.0,660.65,674.55,639.05,0.84,2026-02-02 23:54,111052
VEDL,2026-02-24,605.0,0.0,0.0,0.0,9.65,154100.0,250700.0,660.65,674.55,639.05,0.84,2026-02-02 23:54,103274
VEDL,2026-02-24,610.0,53.2,83950.0,18400.0,10.85,1160350.0,1400700.0,660.65,674.55,639.05,0.84,2026-02-02 23:54,92351
VEDL,2026-02-24,615.0,50.0,43700.0,6900.0,11.8,354200.0,254150.0,660.65,674.55,639.05,0.84,2026-02-02 23:54,81387
VEDL,2026-02-24,620.0,58.6,565800.0,125350.0,13.2,1614600.0,1990650.0,660.65,674.55,639.05,0.84,2026-02-02 23:54,71234
VEDL,2026-02-24,625.0,54.35,133400.0,81650.0,14.55,542800.0,458850.0,660.65,674.55,639.05,0.84,2026-02-02 23:54,63555
VEDL,2026-02-24,630.0,50.1,289800.0,591100.0,15.9,510600.0,1813550.0,660.65,674.55,639.05,0.84,2026-02-02 23:54,54965
VEDL,2026-02-24,635.0,47.55,89700.0,58650.0,17.45,224250.0,790050.0,660.65,674.55,639.05,0.84,2026-02-02 23:54,47481
VEDL,2026-02-24,640.0,44.05,601450.0,1656000.0,19.5,1010850.0,4565500.0,660.65,674.55,639.05,0.84,2026-02-02 23:54,39548
VEDL,2026-02-24,645.0,41.1,215050.0,1005100.0,21.25,403650.0,1710050.0,660.65,674.55,639.05,0.84,2026-02-02 23:54,33065
VEDL,2026-02-24,650.0,38.5,2051600.0,6797650.0,23.5,2220650.0,7716500.0,660.65,674.55,639.05,0.84,2026-02-02 23:54,26239
VEDL,2026-02-24,655.0,35.4,231150.0,2122900.0,25.3,408250.0,2015950.0,660.65,674.55,639.05,0.84,2026-02-02 23:54,24203
VEDL,2026-02-24,660.0,32.9,1462800.0,6994300.0,28.0,1302950.0,4504550.0,660.65,674.55,639.05,0.84,2026-02-02 23:54,19592
VEDL,2026-02-24,665.0,30.2,492200.0,2990000.0,30.45,348450.0,917700.0,660.65,674.55,639.05,0.84,2026-02-02 23:54,17742
VEDL,2026-02-24,670.0,27.8,1485800.0,6726350.0,33.05,634800.0,1016600.0,660.65,674.55,639.05,0.84,2026-02-02 23:54,15574
VEDL,2026-02-24,675.0,25.6,478400.0,2119450.0,35.7,373750.0,507150.0,660.65,674.55,639.05,0.84,2026-02-02 23:54,16074
VEDL,2026-02-24,680.0,23.65,1703150.0,6305450.0,38.55,1384600.0,506000.0,660.65,674.55,639.05,0.84,2026-02-02 23:54,14858
VEDL,2026-02-24,685.0,21.55,301300.0,877450.0,41.45,409400.0,103500.0,660.65,674.55,639.05,0.84,2026-02-02 23:54,13985
VEDL,2026-02-24,690.0,19.65,957950.0,3186650.0,44.5,456550.0,142600.0,660.65,674.55,639.05,0.84,2026-02-02 23:54,13730
VEDL,2026-02-24,695.0,18.3,566950.0,687700.0,47.9,462300.0,60950.0,660.65,674.55,639.05,0.84,2026-02-02 23:54,15080
VEDL,2026-02-24,700.0,16.5,6247950.0,10805400.0,51.15,2244800.0,634800.0,660.65,674.55,639.05,0.84,2026-02-02 23:54,15917
VEDL,2026-02-24,705.0,15.0,655500.0,542800.0,54.7,646300.0,56350.0,660.65,674.55,639.05,0.84,2026-02-02 23:54,21005
VEDL,2026-02-24,710.0,14.0,1227050.0,2366700.0,59.35,624450.0,71300.0,660.65,674.55,639.05,0.84,2026-02-02 23:54,25364
VEDL,2026-02-24,715.0,12.7,565800.0,815350.0,62.55,286350.0,42550.0,660.65,674.55,639.05,0.84,2026-02-02 23:54,31213
VEDL,2026-02-24,720.0,11.55,2847400.0,3573050.0,67.35,591100.0,109250.0,660.65,674.55,639.05,0.84,2026-02-02 23:54,38404
VEDL,2026-02-24,725.0,10.8,860200.0,644000.0,70.25,331200.0,41400.0,660.65,674.55,639.05,0.84,2026-02-02 23:54,47694
VEDL,2026-02-24,730.0,9.9,2294250.0,2093000.0,73.8,788900.0,52900.0,660.65,674.55,639.05,0.84,2026-02-02 23:54,56875
VEDL,2026-02-24,735.0,9.05,464600.0,465750.0,85.7,129950.0,17250.0,660.65,674.55,639.05,0.84,2026-02-02 23:54,65444
VEDL,2026-02-24,740.0,8.3,1736500.0,1474300.0,86.0,496800.0,48300.0,660.65,674.55,639.05,0.84,2026-02-02 23:54,77168
VEDL,2026-02-24,745.0,7.7,395600.0,246100.0,91.2,185150.0,12650.0,660.65,674.55,639.05,0.84,2026-02-02 23:54,87871
VEDL,2026-02-24,750.0,7.15,5172700.0,5842000.0,91.0,1162650.0,231150.0,660.65,674.55,639.05,0.84,2026-02-02 23:54,100311
VEDL,2026-02-24,755.0,6.5,570400.0,442750.0,98.7,151800.0,11500.0,660.65,674.55,639.05,0.84,2026-02-02 23:54,110421
VEDL,2026-02-24,760.0,5.9,2402350.0,1909000.0,104.25,466900.0,18400.0,660.65,674.55,639.05,0.84,2026-02-02 23:54,126646
VEDL,2026-02-24,765.0,5.5,600300.0,256450.0,110.5,186300.0,3450.0,660.65,674.55,639.05,0.84,2026-02-02 23:54,141984
VEDL,2026-02-24,770.0,5.0,2068850.0,1659450.0,116.45,285200.0,2300.0,660.65,674.55,639.05,0.84,2026-02-02 23:54,159436
VEDL,2026-02-24,775.0,4.6,480700.0,235750.0,113.5,150650.0,47150.0,660.65,674.55,639.05,0.84,2026-02-02 23:54,177507
VEDL,2026-02-24,780.0,4.35,1915900.0,1639900.0,135.1,83950.0,0.0,660.65,674.55,639.05,0.84,2026-02-02 23:54,196692
VEDL,2026-02-24,785.0,4.0,197800.0,146050.0,86.45,17250.0,0.0,660.65,674.55,639.05,0.84,2026-02-02 23:54,218065
VEDL,2026-02-24,790.0,3.7,1152300.0,646300.0,146.7,133400.0,1150.0,660.65,674.55,639.05,0.84,2026-02-02 23:54,239776
VEDL,2026-02-24,795.0,3.3,116150.0,157550.0,0.0,0.0,0.0,660.65,674.55,639.05,0.84,2026-02-02 23:54,260669
VEDL,2026-02-24,800.0,3.1,5630400.0,4287200.0,154.2,151800.0,6900.0,660.65,674.55,639.05,0.84,2026-02-02 23:54,283189
VEDL,2026-02-24,805.0,3.0,230000.0,162150.0,0.0,0.0,0.0,660.65,674.55,639.05,0.84,2026-02-02 23:54,307967
VEDL,2026-02-24,810.0,2.65,592250.0,265650.0,152.35,5750.0,0.0,660.65,674.55,639.05,0.84,2026-02-02 23:54,333524
VEDL,2026-02-24,815.0,2.55,148350.0,73600.0,0.0,0.0,0.0,660.65,674.55,639.05,0.84,2026-02-02 23:54,359380
VEDL,2026-02-24,820.0,2.4,770500.0,550850.0,0.0,0.0,0.0,660.65,674.55,639.05,0.84,2026-02-02 23:54,385280
VEDL,2026-02-24,825.0,2.2,148350.0,60950.0,0.0,0.0,0.0,660.65,674.55,639.05,0.84,2026-02-02 23:54,411711
VEDL,2026-02-24,830.0,2.1,243800.0,256450.0,200.0,3450.0,0.0,660.65,674.55,639.05,0.84,2026-02-02 23:54,438064
VEDL,2026-02-24,835.0,1.9,93150.0,63250.0,0.0,0.0,0.0,660.65,674.55,639.05,0.84,2026-02-02 23:54,464491
VEDL,2026-02-24,840.0,1.8,1087900.0,503700.0,180.0,44850.0,1150.0,660.65,674.55,639.05,0.84,2026-02-02 23:54,490999
VEDL,2026-02-24,845.0,1.7,1219000.0,272550.0,0.0,0.0,0.0,660.65,674.55,639.05,0.84,2026-02-02 23:54,517445
VEDL,2026-02-24,850.0,1.6,1683600.0,1440950.0,0.0,0.0,0.0,660.65,674.55,639.05,0.84,2026-02-02 23:54,545319
VOLTAS,2026-02-24,1080.0,0.0,0.0,0.0,0.8,139875.0,56625.0,1326.8,1331.7,1270.0,2.471,2026-02-02 23:54,29288
VOLTAS,2026-02-24,1120.0,181.45,1125.0,0.0,1.95,72375.0,68625.0,1326.8,1331.7,1270.0,2.471,2026-02-02 23:54,22795
VOLTAS,2026-02-24,1140.0,0.0,0.0,0.0,2.5,17250.0,10875.0,1326.8,1331.7,1270.0,2.471,2026-02-02 23:54,19708
VOLTAS,2026-02-24,1160.0,144.95,0.0,0.0,3.5,52500.0,78000.0,1326.8,1331.7,1270.0,2.471,2026-02-02 23:54,16644
VOLTAS,2026-02-24,1180.0,0.0,0.0,0.0,4.65,7500.0,19500.0,1326.8,1331.7,1270.0,2.471,2026-02-02 23:54,13672
VOLTAS,2026-02-24,1200.0,137.7,8625.0,3000.0,6.25,184125.0,336750.0,1326.8,1331.7,1270.0,2.471,2026-02-02 23:54,10729
VOLTAS,2026-02-24,1220.0,96.1,1125.0,0.0,8.6,38250.0,87750.0,1326.8,1331.7,1270.0,2.471,2026-02-02 23:54,8179
VOLTAS,2026-02-24,1240.0,81.9,6000.0,0.0,11.3,70125.0,120000.0,1326.8,1331.7,1270.0,2.471,2026-02-02 23:54,5682
VOLTAS,2026-02-24,1260.0,86.0,10500.0,32625.0,15.2,115125.0,386625.0,1326.8,1331.7,1270.0,2.471,2026-02-02 23:54,3329
VOLTAS,2026-02-24,1280.0,70.9,37500.0,178500.0,19.95,121875.0,547875.0,1326.8,1331.7,1270.0,2.471,2026-02-02 23:54,1173
VOLTAS,2026-02-24,1300.0,58.2,135750.0,792750.0,26.55,462000.0,1066125.0,1326.8,1331.7,1270.0,2.471,2026-02-02 23:54,-556
VOLTAS,2026-02-24,1320.0,46.6,127500.0,640125.0,34.05,101250.0,137625.0,1326.8,1331.7,1270.0,2.471,2026-02-02 23:54,-1550
VOLTAS,2026-02-24,1340.0,35.65,159750.0,708375.0,44.5,89625.0,189750.0,1326.8,1331.7,1270.0,2.471,2026-02-02 23:54,-1401
VOLTAS,2026-02-24,1360.0,28.1,316125.0,771375.0,56.55,61500.0,11625.0,1326.8,1331.7,1270.0,2.471,2026-02-02 23:54,-831
VOLTAS,2026-02-24,1380.0,21.5,106500.0,266250.0,69.0,40125.0,8625.0,1326.8,1331.7,1270.0,2.471,2026-02-02 23:54,863
VOLTAS,2026-02-24,1400.0,16.25,427500.0,862125.0,84.5,87750.0,11625.0,1326.8,1331.7,1270.0,2.471,2026-02-02 23:54,2263
VOLTAS,2026-02-24,1420.0,12.35,67125.0,128625.0,102.6,13875.0,750.0,1326.8,1331.7,1270.0,2.471,2026-02-02 23:54,4694
VOLTAS,2026-02-24,1440.0,9.25,128625.0,231750.0,148.05,6375.0,0.0,1326.8,1331.7,1270.0,2.471,2026-02-02 23:54,7274
VOLTAS,2026-02-24,1460.0,7.4,102000.0,128250.0,165.8,10875.0,0.0,1326.8,1331.7,1270.0,2.471,2026-02-02 23:54,10209
VOLTAS,2026-02-24,1480.0,5.55,39000.0,30000.0,165.65,4500.0,0.0,1326.8,1331.7,1270.0,2.471,2026-02-02 23:54,13240
VOLTAS,2026-02-24,1500.0,4.55,297750.0,186375.0,182.75,41625.0,1125.0,1326.8,1331.7,1270.0,2.471,2026-02-02 23:54,16410
VOLTAS,2026-02-24,1520.0,3.5,34500.0,10875.0,221.8,1125.0,0.0,1326.8,1331.7,1270.0,2.471,2026-02-02 23:54,19686
VOLTAS,2026-02-24,1540.0,2.85,43875.0,27000.0,241.05,2250.0,0.0,1326.8,1331.7,1270.0,2.471,2026-02-02 23:54,23646
VOLTAS,2026-02-24,1560.0,2.2,33750.0,31500.0,260.45,1500.0,0.0,1326.8,1331.7,1270.0,2.471,2026-02-02 23:54,27669
VOLTAS,2026-02-24,1580.0,1.75,44625.0,11625.0,0.0,0.0,0.0,1326.8,1331.7,1270.0,2.471,2026-02-02 23:54,31773
VOLTAS,2026-02-24,1600.0,1.25,121500.0,58125.0,299.7,6750.0,0.0,1326.8,1331.7,1270.0,2.471,2026-02-02 23:54,36005
VOLTAS,2026-02-24,1620.0,0.65,21375.0,2250.0,0.0,0.0,0.0,1326.8,1331.7,1270.0,2.471,2026-02-02 23:54,40300
VOLTAS,2026-02-24,1640.0,0.8,54750.0,21000.0,339.3,10125.0,0.0,1326.8,1331.7,1270.0,2.471,2026-02-02 23:54,44825
VOLTAS,2026-02-24,1680.0,0.6,45000.0,0.0,0.0,0.0,0.0,1326.8,1331.7,1270.0,2.471,2026-02-02 23:54,53793
VOLTAS,2026-02-24,1720.0,0.25,46125.0,12750.0,0.0,0.0,0.0,1326.8,1331.7,1270.0,2.471,2026-02-02 23:54,63284
WAAREEENER,2026-02-24,2000.0,0.0,0.0,0.0,4.45,18900.0,4375.0,2795.1,2807.0,2629.1,5.579,2026-02-02 23:54,16221
WAAREEENER,2026-02-24,2100.0,0.0,0.0,0.0,9.35,6125.0,0.0,2795.1,2807.0,2629.1,5.579,2026-02-02 23:54,11500
WAAREEENER,2026-02-24,2200.0,0.0,0.0,0.0,8.1,39200.0,21875.0,2795.1,2807.0,2629.1,5.579,2026-02-02 23:54,6842
WAAREEENER,2026-02-24,2250.0,0.0,0.0,0.0,66.6,525.0,0.0,2795.1,2807.0,2629.1,5.579,2026-02-02 23:54,4681
WAAREEENER,2026-02-24,2300.0,0.0,0.0,0.0,11.2,16625.0,12600.0,2795.1,2807.0,2629.1,5.579,2026-02-02 23:54,2550
WAAREEENER,2026-02-24,2350.0,0.0,0.0,0.0,13.6,5250.0,8225.0,2795.1,2807.0,2629.1,5.579,2026-02-02 23:54,488
WAAREEENER,2026-02-24,2400.0,381.3,33600.0,0.0,17.2,44450.0,44450.0,2795.1,2807.0,2629.1,5.579,2026-02-02 23:54,-1536
WAAREEENER,2026-02-24,2450.0,249.9,1925.0,0.0,21.95,4900.0,4900.0,2795.1,2807.0,2629.1,5.579,2026-02-02 23:54,-1959
WAAREEENER,2026-02-24,2500.0,338.85,48475.0,8925.0,28.0,94325.0,135975.0,2795.1,2807.0,2629.1,5.579,2026-02-02 23:54,-3515
WAAREEENER,2026-02-24,2550.0,241.5,2625.0,1925.0,35.25,8050.0,16975.0,2795.1,2807.0,2629.1,5.579,2026-02-02 23:54,-3016
WAAREEENER,2026-02-24,2600.0,254.0,47075.0,34650.0,44.2,38325.0,71225.0,2795.1,2807.0,2629.1,5.579,2026-02-02 23:54,-3807
WAAREEENER,2026-02-24,2650.0,217.9,23275.0,34475.0,57.1,18375.0,59850.0,2795.1,2807.0,2629.1,5.579,2026-02-02 23:54,-3180
WAAREEENER,2026-02-24,2700.0,182.95,128800.0,266350.0,72.9,113750.0,203000.0,2795.1,2807.0,2629.1,5.579,2026-02-02 23:54,-2968
WAAREEENER,2026-02-24,2750.0,152.4,35175.0,169225.0,92.05,14175.0,39550.0,2795.1,2807.0,2629.1,5.579,2026-02-02 23:54,-419
WAAREEENER,2026-02-24,2800.0,123.0,122500.0,472850.0,114.0,44275.0,65100.0,2795.1,2807.0,2629.1,5.579,2026-02-02 23:54,1254
WAAREEENER,2026-02-24,2850.0,100.0,33775.0,65450.0,139.3,3325.0,1750.0,2795.1,2807.0,2629.1,5.579,2026-02-02 23:54,4359
WAAREEENER,2026-02-24,2900.0,80.0,74900.0,296625.0,165.7,6650.0,3850.0,2795.1,2807.0,2629.1,5.579,2026-02-02 23:54,6938
WAAREEENER,2026-02-24,2950.0,64.1,14875.0,30450.0,420.0,525.0,0.0,2795.1,2807.0,2629.1,5.579,2026-02-02 23:54,10123
WAAREEENER,2026-02-24,3000.0,49.45,109725.0,298375.0,235.15,5250.0,3325.0,2795.1,2807.0,2629.1,5.579,2026-02-02 23:54,12970
WAAREEENER,2026-02-24,3050.0,38.7,3850.0,6300.0,0.0,0.0,0.0,2795.1,2807.0,2629.1,5.579,2026-02-02 23:54,16736
WAAREEENER,2026-02-24,3100.0,30.0,41300.0,57400.0,555.0,700.0,0.0,2795.1,2807.0,2629.1,5.579,2026-02-02 23:54,20118
WAAREEENER,2026-02-24,3150.0,24.0,15750.0,19425.0,0.0,0.0,0.0,2795.1,2807.0,2629.1,5.579,2026-02-02 23:54,23780
WAAREEENER,2026-02-24,3200.0,17.05,45150.0,38850.0,467.85,1225.0,0.0,2795.1,2807.0,2629.1,5.579,2026-02-02 23:54,27474
WAAREEENER,2026-02-24,3250.0,7.0,525.0,525.0,0.0,0.0,0.0,2795.1,2807.0,2629.1,5.579,2026-02-02 23:54,31381
WAAREEENER,2026-02-24,3300.0,12.0,15225.0,9275.0,0.0,0.0,0.0,2795.1,2807.0,2629.1,5.579,2026-02-02 23:54,35272
WAAREEENER,2026-02-24,3400.0,8.9,14875.0,6475.0,0.0,0.0,0.0,2795.1,2807.0,2629.1,5.579,2026-02-02 23:54,43223
WAAREEENER,2026-02-24,3500.0,4.5,18900.0,1050.0,842.25,5250.0,175.0,2795.1,2807.0,2629.1,5.579,2026-02-02 23:54,51318
WIPRO,2026-02-24,194.0,48.54,39000.0,0.0,0.16,141000.0,171000.0,242.3,244.08,239.29,0.207,2026-02-02 23:54,91018
WIPRO,2026-02-24,195.0,0.0,0.0,0.0,0.0,0.0,0.0,242.3,244.08,239.29,0.207,2026-02-02 23:54,88430
WIPRO,2026-02-24,199.0,0.0,0.0,0.0,0.15,129000.0,15000.0,242.3,244.08,239.29,0.207,2026-02-02 23:54,77328
WIPRO,2026-02-24,200.0,0.0,0.0,0.0,0.18,423000.0,183000.0,242.3,244.08,239.29,0.207,2026-02-02 23:54,74564
WIPRO,2026-02-24,204.0,38.65,6000.0,0.0,0.21,1194000.0,390000.0,242.3,244.08,239.29,0.207,2026-02-02 23:54,63676
WIPRO,2026-02-24,205.0,0.0,0.0,0.0,0.0,0.0,0.0,242.3,244.08,239.29,0.207,2026-02-02 23:54,61074
WIPRO,2026-02-24,207.5,0.0,0.0,0.0,0.15,3000.0,0.0,242.3,244.08,239.29,0.207,2026-02-02 23:54,54574
WIPRO,2026-02-24,209.0,0.0,0.0,0.0,0.25,2643000.0,306000.0,242.3,244.08,239.29,0.207,2026-02-02 23:54,50674
WIPRO,2026-02-24,210.0,37.0,6000.0,0.0,0.3,345000.0,294000.0,242.3,244.08,239.29,0.207,2026-02-02 23:54,48273
WIPRO,2026-02-24,211.5,0.0,0.0,0.0,0.25,138000.0,0.0,242.3,244.08,239.29,0.207,2026-02-02 23:54,44834
WIPRO,2026-02-24,212.5,0.0,0.0,0.0,0.0,0.0,0.0,242.3,244.08,239.29,0.207,2026-02-02 23:54,42544
WIPRO,2026-02-24,214.0,33.0,84000.0,0.0,0.36,1047000.0,441000.0,242.3,244.08,239.29,0.207,2026-02-02 23:54,39114
WIPRO,2026-02-24,215.0,0.0,0.0,0.0,0.31,6000.0,0.0,242.3,244.08,239.29,0.207,2026-02-02 23:54,37180
WIPRO,2026-02-24,216.5,0.0,0.0,0.0,0.43,198000.0,558000.0,242.3,244.08,239.29,0.207,2026-02-02 23:54,33920
WIPRO,2026-02-24,217.5,0.0,0.0,0.0,0.46,75000.0,246000.0,242.3,244.08,239.29,0.207,2026-02-02 23:54,31759
WIPRO,2026-02-24,219.0,0.0,0.0,0.0,0.52,408000.0,240000.0,242.3,244.08,239.29,0.207,2026-02-02 23:54,28537
WIPRO,2026-02-24,220.0,0.0,0.0,0.0,0.56,822000.0,672000.0,242.3,244.08,239.29,0.207,2026-02-02 23:54,26411
WIPRO,2026-02-24,221.5,22.79,9000.0,3000.0,0.64,156000.0,72000.0,242.3,244.08,239.29,0.207,2026-02-02 23:54,23331
WIPRO,2026-02-24,222.5,0.0,0.0,0.0,0.62,45000.0,30000.0,242.3,244.08,239.29,0.207,2026-02-02 23:54,21335
WIPRO,2026-02-24,224.0,19.99,810000.0,9000.0,0.8,1314000.0,591000.0,242.3,244.08,239.29,0.207,2026-02-02 23:54,18330
WIPRO,2026-02-24,225.0,19.05,36000.0,18000.0,0.87,477000.0,1143000.0,242.3,244.08,239.29,0.207,2026-02-02 23:54,18055
WIPRO,2026-02-24,226.5,18.04,45000.0,0.0,1.02,267000.0,192000.0,242.3,244.08,239.29,0.207,2026-02-02 23:54,15475
WIPRO,2026-02-24,227.5,0.0,0.0,0.0,1.17,54000.0,105000.0,242.3,244.08,239.29,0.207,2026-02-02 23:54,13823
WIPRO,2026-02-24,229.0,15.5,267000.0,27000.0,1.27,825000.0,348000.0,242.3,244.08,239.29,0.207,2026-02-02 23:54,11264
WIPRO,2026-02-24,230.0,14.93,261000.0,231000.0,1.39,936000.0,2109000.0,242.3,244.08,239.29,0.207,2026-02-02 23:54,9981
WIPRO,2026-02-24,231.5,13.76,300000.0,33000.0,1.64,588000.0,342000.0,242.3,244.08,239.29,0.207,2026-02-02 23:54,8032
WIPRO,2026-02-24,232.5,11.12,18000.0,9000.0,1.81,198000.0,171000.0,242.3,244.08,239.29,0.207,2026-02-02 23:54,6965
WIPRO,2026-02-24,234.0,11.69,2076000.0,369000.0,2.09,3435000.0,1110000.0,242.3,244.08,239.29,0.207,2026-02-02 23:54,4906
WIPRO,2026-02-24,235.0,10.95,381000.0,1722000.0,2.35,990000.0,2544000.0,242.3,244.08,239.29,0.207,2026-02-02 23:54,5804
WIPRO,2026-02-24,236.5,9.75,774000.0,117000.0,2.68,555000.0,501000.0,242.3,244.08,239.29,0.207,2026-02-02 23:54,4978
WIPRO,2026-02-24,237.5,8.95,684000.0,327000.0,2.98,474000.0,1059000.0,242.3,244.08,239.29,0.207,2026-02-02 23:54,5043
WIPRO,2026-02-24,239.0,8.22,1785000.0,372000.0,3.51,870000.0,552000.0,242.3,244.08,239.29,0.207,2026-02-02 23:54,4876
WIPRO,2026-02-24,240.0,7.27,3141000.0,11604000.0,3.96,1659000.0,4746000.0,242.3,244.08,239.29,0.207,2026-02-02 23:54,5879
WIPRO,2026-02-24,241.5,6.37,759000.0,1026000.0,4.5,387000.0,1011000.0,242.3,244.08,239.29,0.207,2026-02-02 23:54,7986
WIPRO,2026-02-24,242.5,5.86,756000.0,2118000.0,5.0,351000.0,1359000.0,242.3,244.08,239.29,0.207,2026-02-02 23:54,8730
WIPRO,2026-02-24,244.0,5.1,2589000.0,3036000.0,5.63,1308000.0,1173000.0,242.3,244.08,239.29,0.207,2026-02-02 23:54,9816
WIPRO,2026-02-24,245.0,4.69,1599000.0,4407000.0,6.16,447000.0,561000.0,242.3,244.08,239.29,0.207,2026-02-02 23:54,11336
WIPRO,2026-02-24,246.5,4.02,627000.0,996000.0,7.04,138000.0,69000.0,242.3,244.08,239.29,0.207,2026-02-02 23:54,13520
WIPRO,2026-02-24,247.5,3.73,303000.0,783000.0,7.92,18000.0,12000.0,242.3,244.08,239.29,0.207,2026-02-02 23:54,14892
WIPRO,2026-02-24,249.0,3.12,648000.0,1140000.0,8.51,438000.0,306000.0,242.3,244.08,239.29,0.207,2026-02-02 23:54,16863
WIPRO,2026-02-24,250.0,2.83,3804000.0,7392000.0,9.08,276000.0,261000.0,242.3,244.08,239.29,0.207,2026-02-02 23:54,18050
WIPRO,2026-02-24,251.5,2.32,243000.0,288000.0,10.76,57000.0,0.0,242.3,244.08,239.29,0.207,2026-02-02 23:54,21524
WIPRO,2026-02-24,252.5,2.18,1875000.0,801000.0,11.33,126000.0,0.0,242.3,244.08,239.29,0.207,2026-02-02 23:54,23314
WIPRO,2026-02-24,254.0,1.86,2937000.0,1968000.0,12.07,1104000.0,171000.0,242.3,244.08,239.29,0.207,2026-02-02 23:54,26573
WIPRO,2026-02-24,255.0,1.62,954000.0,1914000.0,0.0,0.0,0.0,242.3,244.08,239.29,0.207,2026-02-02 23:54,28186
WIPRO,2026-02-24,256.5,1.38,327000.0,297000.0,14.57,96000.0,45000.0,242.3,244.08,239.29,0.207,2026-02-02 23:54,32083
WIPRO,2026-02-24,257.5,1.2,192000.0,273000.0,0.0,0.0,0.0,242.3,244.08,239.29,0.207,2026-02-02 23:54,34525
WIPRO,2026-02-24,259.0,1.02,1671000.0,1080000.0,17.2,390000.0,27000.0,242.3,244.08,239.29,0.207,2026-02-02 23:54,38382
WIPRO,2026-02-24,260.0,0.92,2109000.0,3120000.0,17.8,60000.0,51000.0,242.3,244.08,239.29,0.207,2026-02-02 23:54,40645
WIPRO,2026-02-24,261.5,0.81,216000.0,261000.0,20.5,21000.0,0.0,242.3,244.08,239.29,0.207,2026-02-02 23:54,45201
WIPRO,2026-02-24,262.5,0.74,96000.0,192000.0,0.0,0.0,0.0,242.3,244.08,239.29,0.207,2026-02-02 23:54,48178
WIPRO,2026-02-24,264.0,0.62,1761000.0,1311000.0,21.89,633000.0,27000.0,242.3,244.08,239.29,0.207,2026-02-02 23:54,52704
WIPRO,2026-02-24,265.0,0.56,912000.0,900000.0,0.0,0.0,0.0,242.3,244.08,239.29,0.207,2026-02-02 23:54,54680
WIPRO,2026-02-24,266.5,0.48,1857000.0,864000.0,24.81,3000.0,0.0,242.3,244.08,239.29,0.207,2026-02-02 23:54,59746
WIPRO,2026-02-24,267.5,0.44,195000.0,258000.0,0.0,0.0,0.0,242.3,244.08,239.29,0.207,2026-02-02 23:54,63356
WIPRO,2026-02-24,269.0,0.36,1866000.0,567000.0,27.06,207000.0,0.0,242.3,244.08,239.29,0.207,2026-02-02 23:54,68688
WIPRO,2026-02-24,270.0,0.34,1893000.0,2004000.0,26.5,12000.0,6000.0,242.3,244.08,239.29,0.207,2026-02-02 23:54,71951
WIPRO,2026-02-24,271.5,0.18,510000.0,15000.0,0.0,0.0,0.0,242.3,244.08,239.29,0.207,2026-02-02 23:54,77903
WIPRO,2026-02-24,274.0,0.28,2031000.0,714000.0,31.85,777000.0,15000.0,242.3,244.08,239.29,0.207,2026-02-02 23:54,87906
WIPRO,2026-02-24,275.0,0.27,363000.0,246000.0,0.0,0.0,0.0,242.3,244.08,239.29,0.207,2026-02-02 23:54,89767
WIPRO,2026-02-24,279.0,0.23,252000.0,354000.0,34.0,96000.0,0.0,242.3,244.08,239.29,0.207,2026-02-02 23:54,107035
WIPRO,2026-02-24,280.0,0.0,0.0,0.0,36.0,0.0,3000.0,242.3,244.08,239.29,0.207,2026-02-02 23:54,111064
WIPRO,2026-02-24,281.5,0.0,0.0,0.0,38.87,6000.0,0.0,242.3,244.08,239.29,0.207,2026-02-02 23:54,117588
WIPRO,2026-02-24,284.0,0.21,495000.0,168000.0,41.3,288000.0,0.0,242.3,244.08,239.29,0.207,2026-02-02 23:54,128440
WIPRO,2026-02-24,286.5,0.0,0.0,0.0,43.75,3000.0,0.0,242.3,244.08,239.29,0.207,2026-02-02 23:54,138331
WIPRO,2026-02-24,289.0,0.17,72000.0,30000.0,46.2,6000.0,0.0,242.3,244.08,239.29,0.207,2026-02-02 23:54,149390
WIPRO,2026-02-24,294.0,0.15,2511000.0,234000.0,50.5,189000.0,27000.0,242.3,244.08,239.29,0.207,2026-02-02 23:54,171545
WIPRO,2026-02-24,299.0,0.0,0.0,0.0,56.1,9000.0,0.0,242.3,244.08,239.29,0.207,2026-02-02 23:54,194160
WIPRO,2026-02-24,304.0,0.12,537000.0,198000.0,61.07,72000.0,0.0,242.3,244.08,239.29,0.207,2026-02-02 23:54,217646
YESBANK,2026-02-24,16.0,0.0,0.0,0.0,0.02,1275100.0,528700.0,21.19,21.35,20.81,0.237,2026-02-02 23:54,96177
YESBANK,2026-02-24,18.0,3.24,777500.0,0.0,0.04,8365900.0,2799000.0,21.19,21.35,20.81,0.237,2026-02-02 23:54,54389
YESBANK,2026-02-24,19.0,2.34,1990400.0,2985600.0,0.05,24444600.0,42171600.0,21.19,21.35,20.81,0.237,2026-02-02 23:54,34628
YESBANK,2026-02-24,20.0,1.46,10947200.0,6748700.0,0.15,46183500.0,37693200.0,21.19,21.35,20.81,0.237,2026-02-02 23:54,17637
YESBANK,2026-02-24,21.0,0.76,27834500.0,43415600.0,0.43,58063700.0,26839300.0,21.19,21.35,20.81,0.237,2026-02-02 23:54,6920
YESBANK,2026-02-24,22.0,0.37,62168900.0,67331500.0,1.03,40398900.0,16918400.0,21.19,21.35,20.81,0.237,2026-02-02 23:54,3507
YESBANK,2026-02-24,23.0,0.2,73862500.0,64688000.0,1.88,16576300.0,3047800.0,21.19,21.35,20.81,0.237,2026-02-02 23:54,8870
YESBANK,2026-02-24,24.0,0.11,64252600.0,57348400.0,2.85,8117100.0,1337300.0,21.19,21.35,20.81,0.237,2026-02-02 23:54,23500
YESBANK,2026-02-24,25.0,0.07,46836600.0,21054700.0,3.97,1523900.0,186600.0,21.19,21.35,20.81,0.237,2026-02-02 23:54,45398
YESBANK,2026-02-24,26.0,0.04,20463800.0,10418500.0,4.78,4851600.0,0.0,21.19,21.35,20.81,0.237,2026-02-02 23:54,73463
YESBANK,2026-02-24,27.0,0.03,3389900.0,4665000.0,5.76,124400.0,0.0,21.19,21.35,20.81,0.237,2026-02-02 23:54,102098
YESBANK,2026-02-24,28.0,0.02,15487800.0,3110000.0,6.76,279900.0,0.0,21.19,21.35,20.81,0.237,2026-02-02 23:54,133261
ZYDUSLIFE,2026-02-24,720.0,0.0,0.0,0.0,0.05,1800.0,0.0,879.65,882.0,863.65,0.177,2026-02-02 23:54,30764
ZYDUSLIFE,2026-02-24,740.0,0.0,0.0,0.0,0.0,0.0,0.0,879.65,882.0,863.65,0.177,2026-02-02 23:54,26694
ZYDUSLIFE,2026-02-24,760.0,0.0,0.0,0.0,1.15,225900.0,57600.0,879.65,882.0,863.65,0.177,2026-02-02 23:54,22624
ZYDUSLIFE,2026-02-24,780.0,0.0,0.0,0.0,1.7,110700.0,77400.0,879.65,882.0,863.65,0.177,2026-02-02 23:54,18980
ZYDUSLIFE,2026-02-24,790.0,0.0,0.0,0.0,0.0,0.0,0.0,879.65,882.0,863.65,0.177,2026-02-02 23:54,17263
ZYDUSLIFE,2026-02-24,800.0,0.0,0.0,0.0,2.85,117900.0,135000.0,879.65,882.0,863.65,0.177,2026-02-02 23:54,15565
ZYDUSLIFE,2026-02-24,810.0,0.0,0.0,0.0,0.0,0.0,0.0,879.65,882.0,863.65,0.177,2026-02-02 23:54,13951
ZYDUSLIFE,2026-02-24,820.0,64.2,9000.0,7200.0,6.7,45900.0,7200.0,879.65,882.0,863.65,0.177,2026-02-02 23:54,12370
ZYDUSLIFE,2026-02-24,830.0,57.1,2700.0,0.0,6.35,65700.0,69300.0,879.65,882.0,863.65,0.177,2026-02-02 23:54,10872
ZYDUSLIFE,2026-02-24,840.0,51.7,5400.0,16200.0,8.25,127800.0,10800.0,879.65,882.0,863.65,0.177,2026-02-02 23:54,9388
ZYDUSLIFE,2026-02-24,850.0,42.95,3600.0,7200.0,10.55,143100.0,75600.0,879.65,882.0,863.65,0.177,2026-02-02 23:54,7987
ZYDUSLIFE,2026-02-24,860.0,0.0,0.0,0.0,13.65,80100.0,88200.0,879.65,882.0,863.65,0.177,2026-02-02 23:54,6674
ZYDUSLIFE,2026-02-24,870.0,28.8,40500.0,106200.0,17.35,59400.0,107100.0,879.65,882.0,863.65,0.177,2026-02-02 23:54,5468
ZYDUSLIFE,2026-02-24,880.0,24.1,90000.0,211500.0,22.0,110700.0,76500.0,879.65,882.0,863.65,0.177,2026-02-02 23:54,4484
ZYDUSLIFE,2026-02-24,890.0,19.0,119700.0,181800.0,27.05,172800.0,93600.0,879.65,882.0,863.65,0.177,2026-02-02 23:54,3661
ZYDUSLIFE,2026-02-24,900.0,14.85,324900.0,549900.0,32.0,284400.0,17100.0,879.65,882.0,863.65,0.177,2026-02-02 23:54,2917
ZYDUSLIFE,2026-02-24,910.0,11.85,35100.0,31500.0,47.8,5400.0,2700.0,879.65,882.0,863.65,0.177,2026-02-02 23:54,2595
ZYDUSLIFE,2026-02-24,920.0,9.1,152100.0,95400.0,49.9,61200.0,8100.0,879.65,882.0,863.65,0.177,2026-02-02 23:54,2756
ZYDUSLIFE,2026-02-24,930.0,7.0,107100.0,52200.0,54.9,44100.0,9900.0,879.65,882.0,863.65,0.177,2026-02-02 23:54,2948
ZYDUSLIFE,2026-02-24,940.0,5.45,148500.0,182700.0,64.95,15300.0,1800.0,879.65,882.0,863.65,0.177,2026-02-02 23:54,3292
ZYDUSLIFE,2026-02-24,950.0,4.25,181800.0,128700.0,68.25,57600.0,0.0,879.65,882.0,863.65,0.177,2026-02-02 23:54,3947
ZYDUSLIFE,2026-02-24,960.0,3.45,136800.0,79200.0,81.3,15300.0,0.0,879.65,882.0,863.65,0.177,2026-02-02 23:54,4545
ZYDUSLIFE,2026-02-24,970.0,2.2,0.0,0.0,90.45,2700.0,0.0,879.65,882.0,863.65,0.177,2026-02-02 23:54,5533
ZYDUSLIFE,2026-02-24,980.0,2.2,104400.0,96300.0,99.8,14400.0,0.0,879.65,882.0,863.65,0.177,2026-02-02 23:54,6577
ZYDUSLIFE,2026-02-24,990.0,2.0,3600.0,0.0,0.0,0.0,0.0,879.65,882.0,863.65,0.177,2026-02-02 23:54,7643
ZYDUSLIFE,2026-02-24,1000.0,1.5,278100.0,140400.0,115.0,96300.0,0.0,879.65,882.0,863.65,0.177,2026-02-02 23:54,8835
ZYDUSLIFE,2026-02-24,1010.0,1.05,108000.0,1800.0,0.0,0.0,0.0,879.65,882.0,863.65,0.177,2026-02-02 23:54,9334
ZYDUSLIFE,2026-02-24,1020.0,1.0,9900.0,3600.0,138.4,44100.0,0.0,879.65,882.0,863.65,0.177,2026-02-02 23:54,11019
ZYDUSLIFE,2026-02-24,1040.0,0.0,0.0,0.0,158.15,900.0,0.0,879.65,882.0,863.65,0.177,2026-02-02 23:54,13864
ZYDUSLIFE,2026-02-24,1060.0,1.0,15300.0,0.0,178.0,12600.0,0.0,879.65,882.0,863.65,0.177,2026-02-02 23:54,17305
ZYDUSLIFE,2026-02-24,1080.0,0.65,72000.0,0.0,197.9,120600.0,0.0,879.65,882.0,863.65,0.177,2026-02-02 23:54,20594
