Stock,Expiry,Strike,CE_LTP,CE_OI,CE_Volume,PE_LTP,PE_OI,PE_Volume,Stock_LTP,Stock_High,Stock_Low,Stock_%_Change,timestamp,Max_Pain
360ONE,2026-02-24,920.0,0.0,0.0,0.0,0.0,0.0,0.0,1111.0,1111.0,1111.0,-0.242,2026-01-28 09:13:02,2419
360ONE,2026-02-24,960.0,0.0,0.0,0.0,0.0,0.0,0.0,1111.0,1111.0,1111.0,-0.242,2026-01-28 09:13:02,1837
360ONE,2026-02-24,980.0,0.0,0.0,0.0,0.0,0.0,0.0,1111.0,1111.0,1111.0,-0.242,2026-01-28 09:13:02,1546
360ONE,2026-02-24,1000.0,114.0,3500.0,0.0,8.3,13000.0,0.0,1111.0,1111.0,1111.0,-0.242,2026-01-28 09:13:02,1255
360ONE,2026-02-24,1020.0,0.0,0.0,0.0,0.0,0.0,0.0,1111.0,1111.0,1111.0,-0.242,2026-01-28 09:13:02,1026
360ONE,2026-02-24,1040.0,0.0,0.0,0.0,14.4,8500.0,0.0,1111.0,1111.0,1111.0,-0.242,2026-01-28 09:13:02,768
360ONE,2026-02-24,1060.0,0.0,0.0,0.0,19.3,6000.0,0.0,1111.0,1111.0,1111.0,-0.242,2026-01-28 09:13:02,515
360ONE,2026-02-24,1080.0,0.0,0.0,0.0,26.0,10000.0,0.0,1111.0,1111.0,1111.0,-0.242,2026-01-28 09:13:02,275
360ONE,2026-02-24,1100.0,55.0,36500.0,0.0,31.85,37500.0,0.0,1111.0,1111.0,1111.0,-0.242,2026-01-28 09:13:02,40
360ONE,2026-02-24,1120.0,43.15,14000.0,0.0,46.0,18000.0,0.0,1111.0,1111.0,1111.0,-0.242,2026-01-28 09:13:02,60
360ONE,2026-02-24,1140.0,33.55,4500.0,0.0,66.0,1000.0,0.0,1111.0,1111.0,1111.0,-0.242,2026-01-28 09:13:02,41
360ONE,2026-02-24,1160.0,25.4,7500.0,0.0,75.0,3000.0,0.0,1111.0,1111.0,1111.0,-0.242,2026-01-28 09:13:02,63
360ONE,2026-02-24,1180.0,20.05,21500.0,0.0,93.5,2000.0,0.0,1111.0,1111.0,1111.0,-0.242,2026-01-28 09:13:02,95
360ONE,2026-02-24,1200.0,15.5,91500.0,0.0,94.6,37500.0,0.0,1111.0,1111.0,1111.0,-0.242,2026-01-28 09:13:02,201
360ONE,2026-02-24,1220.0,8.0,15500.0,0.0,0.0,0.0,0.0,1111.0,1111.0,1111.0,-0.242,2026-01-28 09:13:02,328
360ONE,2026-02-24,1240.0,10.5,9000.0,0.0,144.0,5500.0,0.0,1111.0,1111.0,1111.0,-0.242,2026-01-28 09:13:02,711
360ONE,2026-02-24,1260.0,0.0,0.0,0.0,0.0,0.0,0.0,1111.0,1111.0,1111.0,-0.242,2026-01-28 09:13:02,1042
360ONE,2026-02-24,1280.0,4.95,26500.0,0.0,95.0,500.0,0.0,1111.0,1111.0,1111.0,-0.242,2026-01-28 09:13:02,1442
360ONE,2026-02-24,1300.0,3.9,26000.0,0.0,194.8,2500.0,0.0,1111.0,1111.0,1111.0,-0.242,2026-01-28 09:13:02,1904
360ONE,2026-02-24,1320.0,8.0,1000.0,0.0,200.7,500.0,0.0,1111.0,1111.0,1111.0,-0.242,2026-01-28 09:13:02,2377
360ONE,2026-02-24,1340.0,0.0,0.0,0.0,217.5,0.0,0.0,1111.0,1111.0,1111.0,-0.242,2026-01-28 09:13:02,2881
360ONE,2026-02-24,1360.0,3.0,11000.0,0.0,0.0,0.0,0.0,1111.0,1111.0,1111.0,-0.242,2026-01-28 09:13:02,3395
360ONE,2026-02-24,1380.0,2.75,3000.0,0.0,0.0,0.0,0.0,1111.0,1111.0,1111.0,-0.242,2026-01-28 09:13:02,3935
ABB,2026-02-24,3900.0,0.0,0.0,0.0,13.75,2375.0,0.0,4759.0,4759.0,4759.0,1.094,2026-01-28 09:13:02,40013
ABB,2026-02-24,4000.0,0.0,0.0,0.0,18.0,11375.0,0.0,4759.0,4759.0,4759.0,1.094,2026-01-28 09:13:02,35946
ABB,2026-02-24,4100.0,0.0,0.0,0.0,25.0,1625.0,0.0,4759.0,4759.0,4759.0,1.094,2026-01-28 09:13:02,31976
ABB,2026-02-24,4150.0,0.0,0.0,0.0,0.0,0.0,0.0,4759.0,4759.0,4759.0,1.094,2026-01-28 09:13:02,30005
ABB,2026-02-24,4200.0,0.0,0.0,0.0,30.1,7875.0,0.0,4759.0,4759.0,4759.0,1.094,2026-01-28 09:13:02,28038
ABB,2026-02-24,4250.0,0.0,0.0,0.0,0.0,0.0,0.0,4759.0,4759.0,4759.0,1.094,2026-01-28 09:13:02,26087
ABB,2026-02-24,4300.0,0.0,0.0,0.0,38.4,4625.0,0.0,4759.0,4759.0,4759.0,1.094,2026-01-28 09:13:02,24159
ABB,2026-02-24,4350.0,0.0,0.0,0.0,37.15,375.0,0.0,4759.0,4759.0,4759.0,1.094,2026-01-28 09:13:02,22237
ABB,2026-02-24,4400.0,363.3,875.0,0.0,55.9,7750.0,0.0,4759.0,4759.0,4759.0,1.094,2026-01-28 09:13:02,20333
ABB,2026-02-24,4450.0,0.0,0.0,0.0,65.0,1750.0,0.0,4759.0,4759.0,4759.0,1.094,2026-01-28 09:13:02,18462
ABB,2026-02-24,4500.0,310.0,1875.0,0.0,75.7,33125.0,0.0,4759.0,4759.0,4759.0,1.094,2026-01-28 09:13:02,16600
ABB,2026-02-24,4550.0,0.0,0.0,0.0,92.15,2875.0,0.0,4759.0,4759.0,4759.0,1.094,2026-01-28 09:13:02,14732
ABB,2026-02-24,4600.0,248.0,2250.0,0.0,108.55,38250.0,0.0,4759.0,4759.0,4759.0,1.094,2026-01-28 09:13:02,13044
ABB,2026-02-24,4650.0,0.0,0.0,0.0,127.45,5000.0,0.0,4759.0,4759.0,4759.0,1.094,2026-01-28 09:13:02,11226
ABB,2026-02-24,4700.0,189.3,32750.0,0.0,148.2,66500.0,0.0,4759.0,4759.0,4759.0,1.094,2026-01-28 09:13:02,9729
ABB,2026-02-24,4750.0,163.35,7375.0,0.0,192.65,3875.0,0.0,4759.0,4759.0,4759.0,1.094,2026-01-28 09:13:02,8426
ABB,2026-02-24,4800.0,142.05,33250.0,0.0,199.4,24875.0,0.0,4759.0,4759.0,4759.0,1.094,2026-01-28 09:13:02,7590
ABB,2026-02-24,4850.0,118.65,2875.0,0.0,254.4,375.0,0.0,4759.0,4759.0,4759.0,1.094,2026-01-28 09:13:02,6976
ABB,2026-02-24,4900.0,100.6,17875.0,0.0,259.35,15000.0,0.0,4759.0,4759.0,4759.0,1.094,2026-01-28 09:13:02,6426
ABB,2026-02-24,4950.0,74.25,3000.0,0.0,0.0,0.0,0.0,4759.0,4759.0,4759.0,1.094,2026-01-28 09:13:02,5807
ABB,2026-02-24,5000.0,69.9,58625.0,0.0,323.4,65625.0,0.0,4759.0,4759.0,4759.0,1.094,2026-01-28 09:13:02,5434
ABB,2026-02-24,5050.0,55.8,1500.0,0.0,370.0,375.0,0.0,4759.0,4759.0,4759.0,1.094,2026-01-28 09:13:02,3948
ABB,2026-02-24,5100.0,48.2,33000.0,0.0,406.05,8625.0,0.0,4759.0,4759.0,4759.0,1.094,2026-01-28 09:13:02,4178
ABB,2026-02-24,5150.0,48.0,0.0,0.0,450.0,500.0,0.0,4759.0,4759.0,4759.0,1.094,2026-01-28 09:13:02,4431
ABB,2026-02-24,5200.0,32.45,41750.0,0.0,473.45,22750.0,0.0,4759.0,4759.0,4759.0,1.094,2026-01-28 09:13:02,4854
ABB,2026-02-24,5250.0,159.15,250.0,0.0,0.0,0.0,0.0,4759.0,4759.0,4759.0,1.094,2026-01-28 09:13:02,4682
ABB,2026-02-24,5300.0,22.7,22250.0,0.0,575.0,12625.0,0.0,4759.0,4759.0,4759.0,1.094,2026-01-28 09:13:02,5456
ABB,2026-02-24,5350.0,19.0,875.0,0.0,0.0,0.0,0.0,4759.0,4759.0,4759.0,1.094,2026-01-28 09:13:02,5725
ABB,2026-02-24,5400.0,14.25,8250.0,0.0,665.0,2625.0,0.0,4759.0,4759.0,4759.0,1.094,2026-01-28 09:13:02,6675
ABB,2026-02-24,5450.0,0.0,0.0,0.0,0.0,0.0,0.0,4759.0,4759.0,4759.0,1.094,2026-01-28 09:13:02,7515
ABB,2026-02-24,5500.0,9.55,20875.0,0.0,795.0,15500.0,0.0,4759.0,4759.0,4759.0,1.094,2026-01-28 09:13:02,8518
ABB,2026-02-24,5550.0,0.0,0.0,0.0,807.75,250.0,0.0,4759.0,4759.0,4759.0,1.094,2026-01-28 09:13:02,8491
ABB,2026-02-24,5600.0,5.95,4000.0,0.0,889.5,7125.0,0.0,4759.0,4759.0,4759.0,1.094,2026-01-28 09:13:02,9657
ABB,2026-02-24,5650.0,0.0,0.0,0.0,0.0,0.0,0.0,4759.0,4759.0,4759.0,1.094,2026-01-28 09:13:02,10268
ABB,2026-02-24,5700.0,4.1,2750.0,0.0,976.05,4875.0,0.0,4759.0,4759.0,4759.0,1.094,2026-01-28 09:13:02,11509
ABB,2026-02-24,5750.0,0.0,0.0,0.0,1001.3,250.0,0.0,4759.0,4759.0,4759.0,1.094,2026-01-28 09:13:02,12315
ABB,2026-02-24,5800.0,0.0,0.0,0.0,1070.0,500.0,0.0,4759.0,4759.0,4759.0,1.094,2026-01-28 09:13:02,13571
ABB,2026-02-24,5850.0,0.0,0.0,0.0,0.0,0.0,0.0,4759.0,4759.0,4759.0,1.094,2026-01-28 09:13:02,14801
ABB,2026-02-24,5900.0,0.0,0.0,0.0,0.0,0.0,0.0,4759.0,4759.0,4759.0,1.094,2026-01-28 09:13:02,16085
ABB,2026-02-24,6000.0,0.45,2375.0,0.0,1277.0,22500.0,0.0,4759.0,4759.0,4759.0,1.094,2026-01-28 09:13:02,18652
ABB,2026-02-24,6100.0,0.6,7000.0,0.0,1375.0,17000.0,0.0,4759.0,4759.0,4759.0,1.094,2026-01-28 09:13:02,18596
ABCAPITAL,2026-02-24,300.0,53.45,806000.0,0.0,1.6,437100.0,0.0,348.5,348.5,348.5,-0.115,2026-01-28 09:13:02,8331
ABCAPITAL,2026-02-24,310.0,43.4,99200.0,0.0,2.45,806000.0,0.0,348.5,348.5,348.5,-0.115,2026-01-28 09:13:02,8775
ABCAPITAL,2026-02-24,315.0,0.0,0.0,0.0,3.05,96100.0,0.0,348.5,348.5,348.5,-0.115,2026-01-28 09:13:02,7564
ABCAPITAL,2026-02-24,320.0,36.0,37200.0,0.0,3.9,390600.0,0.0,348.5,348.5,348.5,-0.115,2026-01-28 09:13:02,6138
ABCAPITAL,2026-02-24,325.0,30.6,6200.0,0.0,4.8,96100.0,0.0,348.5,348.5,348.5,-0.115,2026-01-28 09:13:02,4937
ABCAPITAL,2026-02-24,330.0,26.0,139500.0,0.0,6.05,412300.0,0.0,348.5,348.5,348.5,-0.115,2026-01-28 09:13:02,3778
ABCAPITAL,2026-02-24,335.0,19.6,9300.0,0.0,7.35,210800.0,0.0,348.5,348.5,348.5,-0.115,2026-01-28 09:13:02,3036
ABCAPITAL,2026-02-24,340.0,20.05,179800.0,0.0,9.2,570400.0,0.0,348.5,348.5,348.5,-0.115,2026-01-28 09:13:02,2153
ABCAPITAL,2026-02-24,345.0,17.55,139500.0,0.0,11.05,341000.0,0.0,348.5,348.5,348.5,-0.115,2026-01-28 09:13:02,1619
ABCAPITAL,2026-02-24,350.0,14.65,626200.0,0.0,13.15,685100.0,0.0,348.5,348.5,348.5,-0.115,2026-01-28 09:13:02,1357
ABCAPITAL,2026-02-24,355.0,12.1,238700.0,0.0,15.55,176700.0,0.0,348.5,348.5,348.5,-0.115,2026-01-28 09:13:02,1898
ABCAPITAL,2026-02-24,360.0,10.05,1106700.0,0.0,18.9,396800.0,0.0,348.5,348.5,348.5,-0.115,2026-01-28 09:13:02,2646
ABCAPITAL,2026-02-24,365.0,8.15,244900.0,0.0,22.7,3100.0,0.0,348.5,348.5,348.5,-0.115,2026-01-28 09:13:02,4493
ABCAPITAL,2026-02-24,370.0,6.55,694400.0,0.0,27.0,316200.0,0.0,348.5,348.5,348.5,-0.115,2026-01-28 09:13:02,6294
ABCAPITAL,2026-02-24,375.0,5.4,108500.0,0.0,0.0,0.0,0.0,348.5,348.5,348.5,-0.115,2026-01-28 09:13:02,8010
ABCAPITAL,2026-02-24,380.0,4.4,542500.0,0.0,21.55,3100.0,0.0,348.5,348.5,348.5,-0.115,2026-01-28 09:13:02,10237
ABCAPITAL,2026-02-24,385.0,3.45,96100.0,0.0,0.0,0.0,0.0,348.5,348.5,348.5,-0.115,2026-01-28 09:13:02,12910
ABCAPITAL,2026-02-24,390.0,2.75,102300.0,0.0,42.1,74400.0,0.0,348.5,348.5,348.5,-0.115,2026-01-28 09:13:02,15432
ABCAPITAL,2026-02-24,395.0,2.15,96100.0,0.0,0.0,0.0,0.0,348.5,348.5,348.5,-0.115,2026-01-28 09:13:02,17725
ABCAPITAL,2026-02-24,400.0,1.75,570400.0,0.0,0.0,0.0,0.0,348.5,348.5,348.5,-0.115,2026-01-28 09:13:02,20371
ABCAPITAL,2026-02-24,410.0,1.15,396800.0,0.0,62.4,21700.0,0.0,348.5,348.5,348.5,-0.115,2026-01-28 09:13:02,26293
ADANIENSOL,2026-02-24,660.0,0.0,0.0,0.0,5.0,3375.0,0.0,857.0,857.0,857.0,0.93,2026-01-28 09:13:02,25135
ADANIENSOL,2026-02-24,680.0,0.0,0.0,0.0,0.0,0.0,0.0,857.0,857.0,857.0,0.93,2026-01-28 09:13:02,21805
ADANIENSOL,2026-02-24,700.0,0.0,0.0,0.0,5.45,44550.0,0.0,857.0,857.0,857.0,0.93,2026-01-28 09:13:02,18478
ADANIENSOL,2026-02-24,710.0,0.0,0.0,0.0,9.25,675.0,0.0,857.0,857.0,857.0,0.93,2026-01-28 09:13:02,16834
ADANIENSOL,2026-02-24,720.0,180.65,1350.0,0.0,7.15,61425.0,0.0,857.0,857.0,857.0,0.93,2026-01-28 09:13:02,15215
ADANIENSOL,2026-02-24,730.0,0.0,0.0,0.0,0.0,0.0,0.0,857.0,857.0,857.0,0.93,2026-01-28 09:13:02,13639
ADANIENSOL,2026-02-24,740.0,0.0,0.0,0.0,9.55,38475.0,0.0,857.0,857.0,857.0,0.93,2026-01-28 09:13:02,12084
ADANIENSOL,2026-02-24,750.0,96.0,675.0,0.0,11.2,29025.0,0.0,857.0,857.0,857.0,0.93,2026-01-28 09:13:02,10529
ADANIENSOL,2026-02-24,760.0,0.0,0.0,0.0,13.25,47250.0,0.0,857.0,857.0,857.0,0.93,2026-01-28 09:13:02,9016
ADANIENSOL,2026-02-24,770.0,0.0,0.0,0.0,14.8,20925.0,0.0,857.0,857.0,857.0,0.93,2026-01-28 09:13:02,7513
ADANIENSOL,2026-02-24,780.0,0.0,0.0,0.0,16.85,54675.0,0.0,857.0,857.0,857.0,0.93,2026-01-28 09:13:02,6062
ADANIENSOL,2026-02-24,790.0,0.0,0.0,0.0,18.1,35775.0,0.0,857.0,857.0,857.0,0.93,2026-01-28 09:13:02,4605
ADANIENSOL,2026-02-24,800.0,73.6,14850.0,0.0,21.0,204525.0,0.0,857.0,857.0,857.0,0.93,2026-01-28 09:13:02,3211
ADANIENSOL,2026-02-24,810.0,68.85,11475.0,0.0,24.7,70200.0,0.0,857.0,857.0,857.0,0.93,2026-01-28 09:13:02,1781
ADANIENSOL,2026-02-24,820.0,60.8,170100.0,0.0,27.8,76275.0,0.0,857.0,857.0,857.0,0.93,2026-01-28 09:13:02,659
ADANIENSOL,2026-02-24,830.0,56.9,62100.0,0.0,31.9,110700.0,0.0,857.0,857.0,857.0,0.93,2026-01-28 09:13:02,700
ADANIENSOL,2026-02-24,840.0,50.1,101250.0,0.0,36.7,100575.0,0.0,857.0,857.0,857.0,0.93,2026-01-28 09:13:02,91
ADANIENSOL,2026-02-24,850.0,44.25,141750.0,0.0,40.35,117450.0,0.0,857.0,857.0,857.0,0.93,2026-01-28 09:13:02,-177
ADANIENSOL,2026-02-24,860.0,40.8,116100.0,0.0,45.3,87750.0,0.0,857.0,857.0,857.0,0.93,2026-01-28 09:13:02,-171
ADANIENSOL,2026-02-24,870.0,35.45,11475.0,0.0,50.0,20925.0,0.0,857.0,857.0,857.0,0.93,2026-01-28 09:13:02,-39
ADANIENSOL,2026-02-24,880.0,31.2,70875.0,0.0,55.65,62775.0,0.0,857.0,857.0,857.0,0.93,2026-01-28 09:13:02,-15
ADANIENSOL,2026-02-24,890.0,29.0,61425.0,0.0,79.0,28350.0,0.0,857.0,857.0,857.0,0.93,2026-01-28 09:13:02,78
ADANIENSOL,2026-02-24,900.0,24.05,710100.0,0.0,70.65,147150.0,0.0,857.0,857.0,857.0,0.93,2026-01-28 09:13:02,344
ADANIENSOL,2026-02-24,910.0,21.65,81675.0,0.0,73.2,31725.0,0.0,857.0,857.0,857.0,0.93,2026-01-28 09:13:02,2181
ADANIENSOL,2026-02-24,920.0,18.5,147150.0,0.0,87.7,19575.0,0.0,857.0,857.0,857.0,0.93,2026-01-28 09:13:02,3408
ADANIENSOL,2026-02-24,930.0,16.8,67500.0,0.0,107.9,6750.0,0.0,857.0,857.0,857.0,0.93,2026-01-28 09:13:02,4958
ADANIENSOL,2026-02-24,940.0,14.55,71550.0,0.0,129.5,18900.0,0.0,857.0,857.0,857.0,0.93,2026-01-28 09:13:02,6522
ADANIENSOL,2026-02-24,950.0,12.95,77625.0,0.0,114.0,63450.0,0.0,857.0,857.0,857.0,0.93,2026-01-28 09:13:02,7996
ADANIENSOL,2026-02-24,960.0,10.9,30375.0,0.0,128.0,3375.0,0.0,857.0,857.0,857.0,0.93,2026-01-28 09:13:02,9128
ADANIENSOL,2026-02-24,970.0,7.6,2025.0,0.0,19.05,1350.0,0.0,857.0,857.0,857.0,0.93,2026-01-28 09:13:02,10906
ADANIENSOL,2026-02-24,980.0,9.25,38475.0,0.0,140.0,12150.0,0.0,857.0,857.0,857.0,0.93,2026-01-28 09:13:02,12698
ADANIENSOL,2026-02-24,990.0,7.3,14850.0,0.0,163.0,2025.0,0.0,857.0,857.0,857.0,0.93,2026-01-28 09:13:02,14406
ADANIENSOL,2026-02-24,1000.0,6.8,274050.0,0.0,170.0,67500.0,0.0,857.0,857.0,857.0,0.93,2026-01-28 09:13:02,16243
ADANIENSOL,2026-02-24,1010.0,5.9,43200.0,0.0,164.0,6750.0,0.0,857.0,857.0,857.0,0.93,2026-01-28 09:13:02,17483
ADANIENSOL,2026-02-24,1020.0,5.25,64800.0,0.0,105.5,675.0,0.0,857.0,857.0,857.0,0.93,2026-01-28 09:13:02,19649
ADANIENSOL,2026-02-24,1030.0,4.25,6750.0,0.0,0.0,0.0,0.0,857.0,857.0,857.0,0.93,2026-01-28 09:13:02,21993
ADANIENSOL,2026-02-24,1040.0,4.5,20250.0,0.0,227.3,26325.0,0.0,857.0,857.0,857.0,0.93,2026-01-28 09:13:02,24319
ADANIENSOL,2026-02-24,1050.0,4.05,46575.0,0.0,0.0,0.0,0.0,857.0,857.0,857.0,0.93,2026-01-28 09:13:02,26100
ADANIENSOL,2026-02-24,1060.0,4.7,675.0,0.0,161.0,32400.0,0.0,857.0,857.0,857.0,0.93,2026-01-28 09:13:02,28535
ADANIENSOL,2026-02-24,1070.0,2.25,1350.0,0.0,0.0,0.0,0.0,857.0,857.0,857.0,0.93,2026-01-28 09:13:02,30463
ADANIENSOL,2026-02-24,1080.0,6.3,8100.0,0.0,0.0,0.0,0.0,857.0,857.0,857.0,0.93,2026-01-28 09:13:02,32914
ADANIENSOL,2026-02-24,1090.0,3.0,3375.0,0.0,0.0,0.0,0.0,857.0,857.0,857.0,0.93,2026-01-28 09:13:02,35379
ADANIENSOL,2026-02-24,1100.0,2.25,28350.0,0.0,210.0,2700.0,0.0,857.0,857.0,857.0,0.93,2026-01-28 09:13:02,37842
ADANIENSOL,2026-02-24,1110.0,1.65,38475.0,0.0,0.0,0.0,0.0,857.0,857.0,857.0,0.93,2026-01-28 09:13:02,40285
ADANIENSOL,2026-02-24,1120.0,3.5,4725.0,0.0,0.0,0.0,0.0,857.0,857.0,857.0,0.93,2026-01-28 09:13:02,42823
ADANIENSOL,2026-02-24,1130.0,5.05,1350.0,0.0,0.0,0.0,0.0,857.0,857.0,857.0,0.93,2026-01-28 09:13:02,45362
ADANIENSOL,2026-02-24,1140.0,2.8,3375.0,0.0,0.0,0.0,0.0,857.0,857.0,857.0,0.93,2026-01-28 09:13:02,47900
ADANIENSOL,2026-02-24,1150.0,4.0,1350.0,0.0,0.0,0.0,0.0,857.0,857.0,857.0,0.93,2026-01-28 09:13:02,50443
ADANIENSOL,2026-02-24,1160.0,3.35,0.0,0.0,0.0,0.0,0.0,857.0,857.0,857.0,0.93,2026-01-28 09:13:02,52986
ADANIENSOL,2026-02-24,1180.0,9.95,24975.0,0.0,0.0,0.0,0.0,857.0,857.0,857.0,0.93,2026-01-28 09:13:02,58071
ADANIENSOL,2026-02-24,1200.0,1.15,29700.0,0.0,296.0,675.0,0.0,857.0,857.0,857.0,0.93,2026-01-28 09:13:02,63232
ADANIENSOL,2026-02-24,1220.0,1.55,8100.0,0.0,241.05,8100.0,0.0,857.0,857.0,857.0,0.93,2026-01-28 09:13:02,68411
ADANIENT,2026-02-24,1520.0,0.0,0.0,0.0,13.8,50058.0,0.0,1985.0,1985.0,1985.0,1.301,2026-01-28 09:13:02,221884
ADANIENT,2026-02-24,1560.0,0.0,0.0,0.0,16.7,9888.0,0.0,1985.0,1985.0,1985.0,1.301,2026-01-28 09:13:02,201935
ADANIENT,2026-02-24,1580.0,0.0,0.0,0.0,21.35,1236.0,0.0,1985.0,1985.0,1985.0,1.301,2026-01-28 09:13:02,191998
ADANIENT,2026-02-24,1600.0,372.35,927.0,0.0,19.8,63036.0,0.0,1985.0,1985.0,1985.0,1.301,2026-01-28 09:13:02,182078
ADANIENT,2026-02-24,1620.0,0.0,0.0,0.0,23.25,1854.0,0.0,1985.0,1985.0,1985.0,1.301,2026-01-28 09:13:02,172198
ADANIENT,2026-02-24,1640.0,0.0,0.0,0.0,23.65,5253.0,0.0,1985.0,1985.0,1985.0,1.301,2026-01-28 09:13:02,162408
ADANIENT,2026-02-24,1660.0,0.0,0.0,0.0,25.8,19158.0,0.0,1985.0,1985.0,1985.0,1.301,2026-01-28 09:13:02,152620
ADANIENT,2026-02-24,1680.0,324.9,7725.0,0.0,27.7,59946.0,0.0,1985.0,1985.0,1985.0,1.301,2026-01-28 09:13:02,142833
ADANIENT,2026-02-24,1700.0,302.05,927.0,0.0,31.0,339282.0,0.0,1985.0,1985.0,1985.0,1.301,2026-01-28 09:13:02,133316
ADANIENT,2026-02-24,1720.0,259.1,32754.0,0.0,34.15,46659.0,0.0,1985.0,1985.0,1985.0,1.301,2026-01-28 09:13:02,123371
ADANIENT,2026-02-24,1740.0,237.7,618.0,0.0,36.75,24102.0,0.0,1985.0,1985.0,1985.0,1.301,2026-01-28 09:13:02,115298
ADANIENT,2026-02-24,1760.0,235.0,15450.0,0.0,40.3,101043.0,0.0,1985.0,1985.0,1985.0,1.301,2026-01-28 09:13:02,106510
ADANIENT,2026-02-24,1780.0,207.2,618.0,0.0,44.55,35844.0,0.0,1985.0,1985.0,1985.0,1.301,2026-01-28 09:13:02,97986
ADANIENT,2026-02-24,1800.0,220.75,231441.0,0.0,48.8,355968.0,0.0,1985.0,1985.0,1985.0,1.301,2026-01-28 09:13:02,89432
ADANIENT,2026-02-24,1820.0,151.65,2163.0,0.0,53.5,37080.0,0.0,1985.0,1985.0,1985.0,1.301,2026-01-28 09:13:02,85571
ADANIENT,2026-02-24,1840.0,188.1,20394.0,0.0,58.4,139359.0,0.0,1985.0,1985.0,1985.0,1.301,2026-01-28 09:13:02,78252
ADANIENT,2026-02-24,1860.0,174.2,40170.0,0.0,63.95,74160.0,0.0,1985.0,1985.0,1985.0,1.301,2026-01-28 09:13:02,70987
ADANIENT,2026-02-24,1880.0,161.95,41406.0,0.0,70.5,129471.0,0.0,1985.0,1985.0,1985.0,1.301,2026-01-28 09:13:02,64607
ADANIENT,2026-02-24,1900.0,148.4,193434.0,0.0,77.15,348861.0,0.0,1985.0,1985.0,1985.0,1.301,2026-01-28 09:13:02,58101
ADANIENT,2026-02-24,1920.0,136.35,96717.0,0.0,84.15,117420.0,0.0,1985.0,1985.0,1985.0,1.301,2026-01-28 09:13:02,53100
ADANIENT,2026-02-24,1940.0,123.95,158517.0,0.0,92.55,159444.0,0.0,1985.0,1985.0,1985.0,1.301,2026-01-28 09:13:02,48680
ADANIENT,2026-02-24,1960.0,112.55,221244.0,0.0,100.85,267285.0,0.0,1985.0,1985.0,1985.0,1.301,2026-01-28 09:13:02,45054
ADANIENT,2026-02-24,1980.0,102.0,77868.0,0.0,109.15,86211.0,0.0,1985.0,1985.0,1985.0,1.301,2026-01-28 09:13:02,41710
ADANIENT,2026-02-24,2000.0,91.8,618618.0,0.0,119.65,359676.0,0.0,1985.0,1985.0,1985.0,1.301,2026-01-28 09:13:02,38753
ADANIENT,2026-02-24,2020.0,82.4,41097.0,0.0,131.2,25029.0,0.0,1985.0,1985.0,1985.0,1.301,2026-01-28 09:13:02,39275
ADANIENT,2026-02-24,2040.0,73.25,67362.0,0.0,140.85,89919.0,0.0,1985.0,1985.0,1985.0,1.301,2026-01-28 09:13:02,38564
ADANIENT,2026-02-24,2060.0,64.95,130398.0,0.0,153.25,96717.0,0.0,1985.0,1985.0,1985.0,1.301,2026-01-28 09:13:02,37385
ADANIENT,2026-02-24,2080.0,57.55,87138.0,0.0,168.5,54384.0,0.0,1985.0,1985.0,1985.0,1.301,2026-01-28 09:13:02,36797
ADANIENT,2026-02-24,2100.0,51.05,521592.0,0.0,177.65,299112.0,0.0,1985.0,1985.0,1985.0,1.301,2026-01-28 09:13:02,36713
ADANIENT,2026-02-24,2120.0,45.05,51603.0,0.0,211.25,2163.0,0.0,1985.0,1985.0,1985.0,1.301,2026-01-28 09:13:02,36034
ADANIENT,2026-02-24,2140.0,38.95,80649.0,0.0,205.0,41406.0,0.0,1985.0,1985.0,1985.0,1.301,2026-01-28 09:13:02,38300
ADANIENT,2026-02-24,2160.0,34.45,71070.0,0.0,221.15,41097.0,0.0,1985.0,1985.0,1985.0,1.301,2026-01-28 09:13:02,40089
ADANIENT,2026-02-24,2180.0,30.15,39861.0,0.0,252.45,23793.0,0.0,1985.0,1985.0,1985.0,1.301,2026-01-28 09:13:02,41973
ADANIENT,2026-02-24,2200.0,26.45,715953.0,0.0,251.55,753033.0,0.0,1985.0,1985.0,1985.0,1.301,2026-01-28 09:13:02,44168
ADANIENT,2026-02-24,2220.0,23.55,75396.0,0.0,289.0,1545.0,0.0,1985.0,1985.0,1985.0,1.301,2026-01-28 09:13:02,32732
ADANIENT,2026-02-24,2240.0,21.05,69834.0,0.0,290.0,1545.0,0.0,1985.0,1985.0,1985.0,1.301,2026-01-28 09:13:02,38632
ADANIENT,2026-02-24,2260.0,18.15,128853.0,0.0,320.0,5253.0,0.0,1985.0,1985.0,1985.0,1.301,2026-01-28 09:13:02,44644
ADANIENT,2026-02-24,2280.0,16.0,62418.0,0.0,360.0,9579.0,0.0,1985.0,1985.0,1985.0,1.301,2026-01-28 09:13:02,50888
ADANIENT,2026-02-24,2300.0,14.15,405408.0,0.0,339.3,173040.0,0.0,1985.0,1985.0,1985.0,1.301,2026-01-28 09:13:02,56966
ADANIENT,2026-02-24,2320.0,12.15,41097.0,0.0,0.0,0.0,0.0,1985.0,1985.0,1985.0,1.301,2026-01-28 09:13:02,59147
ADANIENT,2026-02-24,2340.0,10.85,16686.0,0.0,372.4,1545.0,0.0,1985.0,1985.0,1985.0,1.301,2026-01-28 09:13:02,66758
ADANIENT,2026-02-24,2360.0,9.4,15759.0,0.0,391.0,3399.0,0.0,1985.0,1985.0,1985.0,1.301,2026-01-28 09:13:02,74316
ADANIENT,2026-02-24,2380.0,8.8,5562.0,0.0,320.5,927.0,0.0,1985.0,1985.0,1985.0,1.301,2026-01-28 09:13:02,81834
ADANIENT,2026-02-24,2400.0,7.6,122055.0,0.0,427.45,84048.0,0.0,1985.0,1985.0,1985.0,1.301,2026-01-28 09:13:02,89458
ADANIENT,2026-02-24,2420.0,6.7,13596.0,0.0,479.85,4017.0,0.0,1985.0,1985.0,1985.0,1.301,2026-01-28 09:13:02,94020
ADANIENT,2026-02-24,2440.0,6.0,32136.0,0.0,560.0,309.0,0.0,1985.0,1985.0,1985.0,1.301,2026-01-28 09:13:02,101933
ADANIENT,2026-02-24,2460.0,5.0,2781.0,0.0,495.0,618.0,0.0,1985.0,1985.0,1985.0,1.301,2026-01-28 09:13:02,110096
ADANIENT,2026-02-24,2480.0,5.05,23175.0,0.0,560.0,618.0,0.0,1985.0,1985.0,1985.0,1.301,2026-01-28 09:13:02,118235
ADANIENT,2026-02-24,2500.0,3.5,195288.0,0.0,522.15,262032.0,0.0,1985.0,1985.0,1985.0,1.301,2026-01-28 09:13:02,126428
ADANIENT,2026-02-24,2520.0,3.5,18849.0,0.0,660.0,2781.0,0.0,1985.0,1985.0,1985.0,1.301,2026-01-28 09:13:02,121944
ADANIENT,2026-02-24,2560.0,6.1,11742.0,0.0,590.6,6180.0,0.0,1985.0,1985.0,1985.0,1.301,2026-01-28 09:13:02,140114
ADANIENT,2026-02-24,2600.0,1.95,87447.0,0.0,618.25,193125.0,0.0,1985.0,1985.0,1985.0,1.301,2026-01-28 09:13:02,158176
ADANIENT,2026-02-24,2640.0,2.2,39243.0,0.0,665.0,10506.0,0.0,1985.0,1985.0,1985.0,1.301,2026-01-28 09:13:02,165794
ADANIGREEN,2026-02-24,620.0,0.0,0.0,0.0,4.25,10800.0,0.0,809.0,809.0,809.0,1.239,2026-01-28 09:13:02,81556
ADANIGREEN,2026-02-24,640.0,0.0,0.0,0.0,5.95,33000.0,0.0,809.0,809.0,809.0,1.239,2026-01-28 09:13:02,72642
ADANIGREEN,2026-02-24,660.0,0.0,0.0,0.0,7.6,1800.0,0.0,809.0,809.0,809.0,1.239,2026-01-28 09:13:02,63778
ADANIGREEN,2026-02-24,670.0,0.0,0.0,0.0,9.0,9000.0,0.0,809.0,809.0,809.0,1.239,2026-01-28 09:13:02,59357
ADANIGREEN,2026-02-24,680.0,0.0,0.0,0.0,10.3,183000.0,0.0,809.0,809.0,809.0,1.239,2026-01-28 09:13:02,54937
ADANIGREEN,2026-02-24,690.0,0.0,0.0,0.0,11.6,4800.0,0.0,809.0,809.0,809.0,1.239,2026-01-28 09:13:02,50521
ADANIGREEN,2026-02-24,700.0,120.0,1800.0,0.0,13.45,257400.0,0.0,809.0,809.0,809.0,1.239,2026-01-28 09:13:02,46292
ADANIGREEN,2026-02-24,710.0,0.0,0.0,0.0,15.05,27600.0,0.0,809.0,809.0,809.0,1.239,2026-01-28 09:13:02,42003
ADANIGREEN,2026-02-24,720.0,103.85,67800.0,0.0,17.8,163800.0,0.0,809.0,809.0,809.0,1.239,2026-01-28 09:13:02,38025
ADANIGREEN,2026-02-24,730.0,0.0,0.0,0.0,19.7,37800.0,0.0,809.0,809.0,809.0,1.239,2026-01-28 09:13:02,34732
ADANIGREEN,2026-02-24,740.0,87.85,7200.0,0.0,22.25,111000.0,0.0,809.0,809.0,809.0,1.239,2026-01-28 09:13:02,30991
ADANIGREEN,2026-02-24,750.0,0.0,0.0,0.0,25.4,114000.0,0.0,809.0,809.0,809.0,1.239,2026-01-28 09:13:02,27258
ADANIGREEN,2026-02-24,760.0,72.8,19200.0,0.0,28.75,139800.0,0.0,809.0,809.0,809.0,1.239,2026-01-28 09:13:02,23533
ADANIGREEN,2026-02-24,770.0,66.05,12000.0,0.0,32.2,97200.0,0.0,809.0,809.0,809.0,1.239,2026-01-28 09:13:02,19995
ADANIGREEN,2026-02-24,780.0,60.8,162600.0,0.0,35.7,256200.0,0.0,809.0,809.0,809.0,1.239,2026-01-28 09:13:02,16595
ADANIGREEN,2026-02-24,790.0,55.15,163200.0,0.0,40.6,264600.0,0.0,809.0,809.0,809.0,1.239,2026-01-28 09:13:02,13921
ADANIGREEN,2026-02-24,800.0,50.15,658200.0,0.0,45.1,859800.0,0.0,809.0,809.0,809.0,1.239,2026-01-28 09:13:02,11426
ADANIGREEN,2026-02-24,810.0,45.55,165000.0,0.0,50.1,136200.0,0.0,809.0,809.0,809.0,1.239,2026-01-28 09:13:02,10047
ADANIGREEN,2026-02-24,820.0,41.1,216600.0,0.0,55.65,142800.0,0.0,809.0,809.0,809.0,1.239,2026-01-28 09:13:02,9615
ADANIGREEN,2026-02-24,830.0,37.1,85800.0,0.0,60.7,42600.0,0.0,809.0,809.0,809.0,1.239,2026-01-28 09:13:02,9569
ADANIGREEN,2026-02-24,840.0,33.35,135000.0,0.0,67.05,67200.0,0.0,809.0,809.0,809.0,1.239,2026-01-28 09:13:02,9616
ADANIGREEN,2026-02-24,850.0,29.9,226200.0,0.0,73.5,73200.0,0.0,809.0,809.0,809.0,1.239,2026-01-28 09:13:02,9805
ADANIGREEN,2026-02-24,860.0,26.8,115800.0,0.0,80.0,87000.0,0.0,809.0,809.0,809.0,1.239,2026-01-28 09:13:02,10431
ADANIGREEN,2026-02-24,870.0,24.15,82800.0,0.0,94.95,32400.0,0.0,809.0,809.0,809.0,1.239,2026-01-28 09:13:02,10737
ADANIGREEN,2026-02-24,880.0,21.5,180600.0,0.0,93.45,85800.0,0.0,809.0,809.0,809.0,1.239,2026-01-28 09:13:02,11436
ADANIGREEN,2026-02-24,890.0,19.0,105000.0,0.0,108.0,28200.0,0.0,809.0,809.0,809.0,1.239,2026-01-28 09:13:02,12095
ADANIGREEN,2026-02-24,900.0,17.05,810600.0,0.0,110.35,264000.0,0.0,809.0,809.0,809.0,1.239,2026-01-28 09:13:02,13196
ADANIGREEN,2026-02-24,910.0,15.2,88200.0,0.0,20.0,1800.0,0.0,809.0,809.0,809.0,1.239,2026-01-28 09:13:02,13945
ADANIGREEN,2026-02-24,920.0,13.45,179400.0,0.0,125.75,73200.0,0.0,809.0,809.0,809.0,1.239,2026-01-28 09:13:02,16446
ADANIGREEN,2026-02-24,930.0,11.4,50400.0,0.0,138.5,9000.0,0.0,809.0,809.0,809.0,1.239,2026-01-28 09:13:02,18390
ADANIGREEN,2026-02-24,940.0,10.6,244200.0,0.0,152.55,96600.0,0.0,809.0,809.0,809.0,1.239,2026-01-28 09:13:02,21006
ADANIGREEN,2026-02-24,950.0,9.5,214800.0,0.0,152.0,87000.0,0.0,809.0,809.0,809.0,1.239,2026-01-28 09:13:02,22814
ADANIGREEN,2026-02-24,960.0,8.65,124200.0,0.0,170.0,62400.0,0.0,809.0,809.0,809.0,1.239,2026-01-28 09:13:02,25021
ADANIGREEN,2026-02-24,970.0,7.6,36600.0,0.0,0.0,0.0,0.0,809.0,809.0,809.0,1.239,2026-01-28 09:13:02,27580
ADANIGREEN,2026-02-24,980.0,7.05,38400.0,0.0,174.25,1800.0,0.0,809.0,809.0,809.0,1.239,2026-01-28 09:13:02,31156
ADANIGREEN,2026-02-24,990.0,6.3,24000.0,0.0,0.0,0.0,0.0,809.0,809.0,809.0,1.239,2026-01-28 09:13:02,34740
ADANIGREEN,2026-02-24,1000.0,5.7,615600.0,0.0,200.0,154200.0,0.0,809.0,809.0,809.0,1.239,2026-01-28 09:13:02,38368
ADANIGREEN,2026-02-24,1010.0,5.25,8400.0,0.0,0.0,0.0,0.0,809.0,809.0,809.0,1.239,2026-01-28 09:13:02,40017
ADANIGREEN,2026-02-24,1020.0,4.75,49200.0,0.0,216.05,64800.0,0.0,809.0,809.0,809.0,1.239,2026-01-28 09:13:02,44412
ADANIGREEN,2026-02-24,1030.0,0.0,0.0,0.0,0.0,0.0,0.0,809.0,809.0,809.0,1.239,2026-01-28 09:13:02,47541
ADANIGREEN,2026-02-24,1040.0,3.75,102000.0,0.0,239.45,153000.0,0.0,809.0,809.0,809.0,1.239,2026-01-28 09:13:02,52045
ADANIGREEN,2026-02-24,1050.0,3.4,36600.0,0.0,243.85,142200.0,0.0,809.0,809.0,809.0,1.239,2026-01-28 09:13:02,53180
ADANIGREEN,2026-02-24,1060.0,3.3,4200.0,0.0,260.0,14400.0,0.0,809.0,809.0,809.0,1.239,2026-01-28 09:13:02,54663
ADANIGREEN,2026-02-24,1070.0,0.0,0.0,0.0,0.0,0.0,0.0,809.0,809.0,809.0,1.239,2026-01-28 09:13:02,59247
ADANIGREEN,2026-02-24,1080.0,8.75,4800.0,0.0,74.0,1200.0,0.0,809.0,809.0,809.0,1.239,2026-01-28 09:13:02,64205
ADANIGREEN,2026-02-24,1090.0,13.0,0.0,0.0,0.0,0.0,0.0,809.0,809.0,809.0,1.239,2026-01-28 09:13:02,69163
ADANIGREEN,2026-02-24,1100.0,2.35,253200.0,0.0,294.35,35400.0,0.0,809.0,809.0,809.0,1.239,2026-01-28 09:13:02,74126
ADANIGREEN,2026-02-24,1110.0,0.0,0.0,0.0,0.0,0.0,0.0,809.0,809.0,809.0,1.239,2026-01-28 09:13:02,78396
ADANIGREEN,2026-02-24,1120.0,1.8,48600.0,0.0,110.0,1200.0,0.0,809.0,809.0,809.0,1.239,2026-01-28 09:13:02,83647
ADANIGREEN,2026-02-24,1130.0,0.0,0.0,0.0,0.0,0.0,0.0,809.0,809.0,809.0,1.239,2026-01-28 09:13:02,88945
ADANIGREEN,2026-02-24,1140.0,0.0,0.0,0.0,0.0,0.0,0.0,809.0,809.0,809.0,1.239,2026-01-28 09:13:02,94246
ADANIGREEN,2026-02-24,1150.0,0.0,0.0,0.0,0.0,0.0,0.0,809.0,809.0,809.0,1.239,2026-01-28 09:13:02,99548
ADANIGREEN,2026-02-24,1160.0,1.55,10800.0,0.0,368.1,7200.0,0.0,809.0,809.0,809.0,1.239,2026-01-28 09:13:02,104849
ADANIGREEN,2026-02-24,1180.0,1.5,3600.0,0.0,0.0,0.0,0.0,809.0,809.0,809.0,1.239,2026-01-28 09:13:02,115225
ADANIGREEN,2026-02-24,1200.0,1.05,65400.0,0.0,398.0,29400.0,0.0,809.0,809.0,809.0,1.239,2026-01-28 09:13:02,125872
ADANIPORTS,2026-02-24,1080.0,0.0,0.0,0.0,3.4,12825.0,0.0,1373.9,1373.9,1373.9,0.733,2026-01-28 09:13:02,90262
ADANIPORTS,2026-02-24,1120.0,0.0,0.0,0.0,5.0,114000.0,0.0,1373.9,1373.9,1373.9,0.733,2026-01-28 09:13:02,74444
ADANIPORTS,2026-02-24,1140.0,0.0,0.0,0.0,5.9,3800.0,0.0,1373.9,1373.9,1373.9,0.733,2026-01-28 09:13:02,66708
ADANIPORTS,2026-02-24,1160.0,218.0,0.0,0.0,7.1,49400.0,0.0,1373.9,1373.9,1373.9,0.733,2026-01-28 09:13:02,59035
ADANIPORTS,2026-02-24,1180.0,0.0,0.0,0.0,8.5,23275.0,0.0,1373.9,1373.9,1373.9,0.733,2026-01-28 09:13:02,51427
ADANIPORTS,2026-02-24,1200.0,150.0,12825.0,0.0,10.35,362425.0,0.0,1373.9,1373.9,1373.9,0.733,2026-01-28 09:13:02,43882
ADANIPORTS,2026-02-24,1220.0,163.9,40850.0,0.0,12.55,40850.0,0.0,1373.9,1373.9,1373.9,0.733,2026-01-28 09:13:02,36923
ADANIPORTS,2026-02-24,1240.0,146.15,53675.0,0.0,15.25,99275.0,0.0,1373.9,1373.9,1373.9,0.733,2026-01-28 09:13:02,30930
ADANIPORTS,2026-02-24,1260.0,128.95,40850.0,0.0,18.1,133000.0,0.0,1373.9,1373.9,1373.9,0.733,2026-01-28 09:13:02,25257
ADANIPORTS,2026-02-24,1280.0,108.2,9025.0,0.0,22.55,93575.0,0.0,1373.9,1373.9,1373.9,0.733,2026-01-28 09:13:02,19584
ADANIPORTS,2026-02-24,1300.0,98.6,83125.0,0.0,27.45,542450.0,0.0,1373.9,1373.9,1373.9,0.733,2026-01-28 09:13:02,13718
ADANIPORTS,2026-02-24,1320.0,85.4,254125.0,0.0,32.85,394250.0,0.0,1373.9,1373.9,1373.9,0.733,2026-01-28 09:13:02,8546
ADANIPORTS,2026-02-24,1340.0,72.0,145825.0,0.0,39.95,257925.0,0.0,1373.9,1373.9,1373.9,0.733,2026-01-28 09:13:02,6216
ADANIPORTS,2026-02-24,1360.0,60.05,245100.0,0.0,47.75,246050.0,0.0,1373.9,1373.9,1373.9,0.733,2026-01-28 09:13:02,3838
ADANIPORTS,2026-02-24,1380.0,49.25,186675.0,0.0,56.1,198075.0,0.0,1373.9,1373.9,1373.9,0.733,2026-01-28 09:13:02,2719
ADANIPORTS,2026-02-24,1400.0,39.65,657875.0,0.0,66.25,522975.0,0.0,1373.9,1373.9,1373.9,0.733,2026-01-28 09:13:02,1881
ADANIPORTS,2026-02-24,1420.0,31.4,164350.0,0.0,77.45,53200.0,0.0,1373.9,1373.9,1373.9,0.733,2026-01-28 09:13:02,2741
ADANIPORTS,2026-02-24,1440.0,24.15,247475.0,0.0,90.25,219450.0,0.0,1373.9,1373.9,1373.9,0.733,2026-01-28 09:13:02,4996
ADANIPORTS,2026-02-24,1460.0,18.7,143925.0,0.0,104.5,80275.0,0.0,1373.9,1373.9,1373.9,0.733,2026-01-28 09:13:02,6697
ADANIPORTS,2026-02-24,1480.0,14.45,219450.0,0.0,120.1,137750.0,0.0,1373.9,1373.9,1373.9,0.733,2026-01-28 09:13:02,9661
ADANIPORTS,2026-02-24,1500.0,10.85,613225.0,0.0,136.1,320150.0,0.0,1373.9,1373.9,1373.9,0.733,2026-01-28 09:13:02,12571
ADANIPORTS,2026-02-24,1520.0,8.3,169575.0,0.0,118.0,9975.0,0.0,1373.9,1373.9,1373.9,0.733,2026-01-28 09:13:02,14993
ADANIPORTS,2026-02-24,1540.0,6.25,115900.0,0.0,190.3,15200.0,0.0,1373.9,1373.9,1373.9,0.733,2026-01-28 09:13:02,21490
ADANIPORTS,2026-02-24,1560.0,4.9,74100.0,0.0,165.0,3800.0,0.0,1373.9,1373.9,1373.9,0.733,2026-01-28 09:13:02,28008
ADANIPORTS,2026-02-24,1580.0,3.95,45600.0,0.0,0.0,0.0,0.0,1373.9,1373.9,1373.9,0.733,2026-01-28 09:13:02,34873
ADANIPORTS,2026-02-24,1600.0,3.1,139650.0,0.0,226.0,29925.0,0.0,1373.9,1373.9,1373.9,0.733,2026-01-28 09:13:02,41874
ADANIPORTS,2026-02-24,1620.0,2.25,30400.0,0.0,0.0,0.0,0.0,1373.9,1373.9,1373.9,0.733,2026-01-28 09:13:02,48562
ADANIPORTS,2026-02-24,1640.0,2.55,36100.0,0.0,260.0,475.0,0.0,1373.9,1373.9,1373.9,0.733,2026-01-28 09:13:02,55952
ADANIPORTS,2026-02-24,1660.0,2.75,4275.0,0.0,298.0,950.0,0.0,1373.9,1373.9,1373.9,0.733,2026-01-28 09:13:02,63404
ADANIPORTS,2026-02-24,1680.0,2.5,34675.0,0.0,316.95,950.0,0.0,1373.9,1373.9,1373.9,0.733,2026-01-28 09:13:02,70843
ADANIPORTS,2026-02-24,1720.0,0.0,0.0,0.0,0.0,0.0,0.0,1373.9,1373.9,1373.9,0.733,2026-01-28 09:13:02,85896
ADANIPORTS,2026-02-24,1760.0,1.4,47500.0,0.0,0.0,0.0,0.0,1373.9,1373.9,1373.9,0.733,2026-01-28 09:13:02,100971
ALKEM,2026-02-24,4700.0,0.0,0.0,0.0,0.0,0.0,0.0,5748.5,5748.5,5748.5,-0.096,2026-01-28 09:13:02,2170
ALKEM,2026-02-24,4800.0,1060.3,125.0,0.0,11.2,625.0,0.0,5748.5,5748.5,5748.5,-0.096,2026-01-28 09:13:02,1853
ALKEM,2026-02-24,4900.0,749.95,750.0,0.0,23.35,250.0,0.0,5748.5,5748.5,5748.5,-0.096,2026-01-28 09:13:02,1555
ALKEM,2026-02-24,4950.0,0.0,0.0,0.0,0.0,0.0,0.0,5748.5,5748.5,5748.5,-0.096,2026-01-28 09:13:02,1461
ALKEM,2026-02-24,5000.0,0.0,0.0,0.0,19.25,2375.0,0.0,5748.5,5748.5,5748.5,-0.096,2026-01-28 09:13:02,1311
ALKEM,2026-02-24,5050.0,0.0,0.0,0.0,0.0,0.0,0.0,5748.5,5748.5,5748.5,-0.096,2026-01-28 09:13:02,1168
ALKEM,2026-02-24,5100.0,0.0,0.0,0.0,24.65,1750.0,0.0,5748.5,5748.5,5748.5,-0.096,2026-01-28 09:13:02,1030
ALKEM,2026-02-24,5150.0,0.0,0.0,0.0,0.0,0.0,0.0,5748.5,5748.5,5748.5,-0.096,2026-01-28 09:13:02,896
ALKEM,2026-02-24,5200.0,0.0,0.0,0.0,24.25,250.0,0.0,5748.5,5748.5,5748.5,-0.096,2026-01-28 09:13:02,767
ALKEM,2026-02-24,5250.0,0.0,0.0,0.0,0.0,0.0,0.0,5748.5,5748.5,5748.5,-0.096,2026-01-28 09:13:02,638
ALKEM,2026-02-24,5300.0,0.0,0.0,0.0,93.0,625.0,0.0,5748.5,5748.5,5748.5,-0.096,2026-01-28 09:13:02,510
ALKEM,2026-02-24,5350.0,0.0,0.0,0.0,0.0,0.0,0.0,5748.5,5748.5,5748.5,-0.096,2026-01-28 09:13:02,379
ALKEM,2026-02-24,5400.0,0.0,0.0,0.0,66.1,375.0,0.0,5748.5,5748.5,5748.5,-0.096,2026-01-28 09:13:02,254
ALKEM,2026-02-24,5450.0,0.0,0.0,0.0,0.0,0.0,0.0,5748.5,5748.5,5748.5,-0.096,2026-01-28 09:13:02,129
ALKEM,2026-02-24,5500.0,0.0,0.0,0.0,89.0,10750.0,0.0,5748.5,5748.5,5748.5,-0.096,2026-01-28 09:13:02,5
ALKEM,2026-02-24,5550.0,0.0,0.0,0.0,100.05,2625.0,0.0,5748.5,5748.5,5748.5,-0.096,2026-01-28 09:13:02,-159
ALKEM,2026-02-24,5600.0,298.5,500.0,0.0,115.0,875.0,0.0,5748.5,5748.5,5748.5,-0.096,2026-01-28 09:13:02,-241
ALKEM,2026-02-24,5650.0,224.5,875.0,0.0,131.1,1000.0,0.0,5748.5,5748.5,5748.5,-0.096,2026-01-28 09:13:02,-286
ALKEM,2026-02-24,5700.0,200.0,2750.0,0.0,158.4,3875.0,0.0,5748.5,5748.5,5748.5,-0.096,2026-01-28 09:13:02,-319
ALKEM,2026-02-24,5750.0,160.0,125.0,0.0,0.0,0.0,0.0,5748.5,5748.5,5748.5,-0.096,2026-01-28 09:13:02,-332
ALKEM,2026-02-24,5800.0,160.0,7250.0,0.0,207.25,5250.0,0.0,5748.5,5748.5,5748.5,-0.096,2026-01-28 09:13:02,-337
ALKEM,2026-02-24,5850.0,153.75,1500.0,0.0,0.0,0.0,0.0,5748.5,5748.5,5748.5,-0.096,2026-01-28 09:13:02,-273
ALKEM,2026-02-24,5900.0,114.45,1250.0,0.0,0.0,0.0,0.0,5748.5,5748.5,5748.5,-0.096,2026-01-28 09:13:02,-186
ALKEM,2026-02-24,5950.0,113.85,875.0,0.0,0.0,0.0,0.0,5748.5,5748.5,5748.5,-0.096,2026-01-28 09:13:02,-102
ALKEM,2026-02-24,6000.0,85.95,10625.0,0.0,349.4,125.0,0.0,5748.5,5748.5,5748.5,-0.096,2026-01-28 09:13:02,-18
ALKEM,2026-02-24,6050.0,92.75,250.0,0.0,0.0,0.0,0.0,5748.5,5748.5,5748.5,-0.096,2026-01-28 09:13:02,196
ALKEM,2026-02-24,6100.0,80.9,500.0,0.0,0.0,0.0,0.0,5748.5,5748.5,5748.5,-0.096,2026-01-28 09:13:02,328
ALKEM,2026-02-24,6150.0,36.4,875.0,0.0,0.0,0.0,0.0,5748.5,5748.5,5748.5,-0.096,2026-01-28 09:13:02,464
ALKEM,2026-02-24,6200.0,55.65,3500.0,0.0,0.0,0.0,0.0,5748.5,5748.5,5748.5,-0.096,2026-01-28 09:13:02,603
ALKEM,2026-02-24,6250.0,40.65,875.0,0.0,0.0,0.0,0.0,5748.5,5748.5,5748.5,-0.096,2026-01-28 09:13:02,777
ALKEM,2026-02-24,6300.0,42.15,2250.0,0.0,0.0,0.0,0.0,5748.5,5748.5,5748.5,-0.096,2026-01-28 09:13:02,938
ALKEM,2026-02-24,6350.0,0.0,0.0,0.0,652.55,625.0,0.0,5748.5,5748.5,5748.5,-0.096,2026-01-28 09:13:02,1117
ALKEM,2026-02-24,6400.0,23.8,1875.0,0.0,0.0,0.0,0.0,5748.5,5748.5,5748.5,-0.096,2026-01-28 09:13:02,1249
ALKEM,2026-02-24,6500.0,17.15,2750.0,0.0,791.1,375.0,0.0,5748.5,5748.5,5748.5,-0.096,2026-01-28 09:13:02,1617
ALKEM,2026-02-24,6600.0,0.0,0.0,0.0,0.0,0.0,0.0,5748.5,5748.5,5748.5,-0.096,2026-01-28 09:13:02,1987
ALKEM,2026-02-24,6700.0,0.0,0.0,0.0,0.0,0.0,0.0,5748.5,5748.5,5748.5,-0.096,2026-01-28 09:13:02,2382
AMBER,2026-02-24,4600.0,0.0,0.0,0.0,0.0,0.0,0.0,5555.0,5555.0,5555.0,0.817,2026-01-28 09:13:02,10233
AMBER,2026-02-24,4800.0,0.0,0.0,0.0,60.0,1800.0,0.0,5555.0,5555.0,5555.0,0.817,2026-01-28 09:13:02,8543
AMBER,2026-02-24,4900.0,0.0,0.0,0.0,71.95,2000.0,0.0,5555.0,5555.0,5555.0,0.817,2026-01-28 09:13:02,7705
AMBER,2026-02-24,5000.0,604.45,300.0,0.0,88.5,10400.0,0.0,5555.0,5555.0,5555.0,0.817,2026-01-28 09:13:02,6884
AMBER,2026-02-24,5100.0,0.0,0.0,0.0,130.0,200.0,0.0,5555.0,5555.0,5555.0,0.817,2026-01-28 09:13:02,6110
AMBER,2026-02-24,5200.0,0.0,0.0,0.0,160.0,3100.0,0.0,5555.0,5555.0,5555.0,0.817,2026-01-28 09:13:02,5409
AMBER,2026-02-24,5300.0,0.0,0.0,0.0,196.0,1000.0,0.0,5555.0,5555.0,5555.0,0.817,2026-01-28 09:13:02,4693
AMBER,2026-02-24,5400.0,0.0,0.0,0.0,194.8,4900.0,0.0,5555.0,5555.0,5555.0,0.817,2026-01-28 09:13:02,4016
AMBER,2026-02-24,5500.0,305.3,5600.0,0.0,246.2,11500.0,0.0,5555.0,5555.0,5555.0,0.817,2026-01-28 09:13:02,3313
AMBER,2026-02-24,5600.0,249.15,16000.0,0.0,281.6,11100.0,0.0,5555.0,5555.0,5555.0,0.817,2026-01-28 09:13:02,2764
AMBER,2026-02-24,5700.0,205.6,4100.0,0.0,333.0,300.0,0.0,5555.0,5555.0,5555.0,0.817,2026-01-28 09:13:02,2684
AMBER,2026-02-24,5800.0,168.0,3100.0,0.0,355.0,1300.0,0.0,5555.0,5555.0,5555.0,0.817,2026-01-28 09:13:02,2636
AMBER,2026-02-24,5900.0,131.7,3700.0,0.0,436.55,900.0,0.0,5555.0,5555.0,5555.0,0.817,2026-01-28 09:13:02,2564
AMBER,2026-02-24,6000.0,105.35,10000.0,0.0,546.7,6200.0,0.0,5555.0,5555.0,5555.0,0.817,2026-01-28 09:13:02,2541
AMBER,2026-02-24,6100.0,83.0,6700.0,0.0,557.2,500.0,0.0,5555.0,5555.0,5555.0,0.817,2026-01-28 09:13:02,2438
AMBER,2026-02-24,6200.0,64.85,25200.0,0.0,800.0,6600.0,0.0,5555.0,5555.0,5555.0,0.817,2026-01-28 09:13:02,2668
AMBER,2026-02-24,6300.0,46.8,400.0,0.0,845.05,2900.0,0.0,5555.0,5555.0,5555.0,0.817,2026-01-28 09:13:02,2823
AMBER,2026-02-24,6400.0,47.2,1500.0,0.0,960.0,800.0,0.0,5555.0,5555.0,5555.0,0.817,2026-01-28 09:13:02,3133
AMBER,2026-02-24,6500.0,29.85,1700.0,0.0,900.0,700.0,0.0,5555.0,5555.0,5555.0,0.817,2026-01-28 09:13:02,3639
AMBER,2026-02-24,6600.0,24.8,9900.0,0.0,1025.0,1600.0,0.0,5555.0,5555.0,5555.0,0.817,2026-01-28 09:13:02,4181
AMBER,2026-02-24,6700.0,0.0,0.0,0.0,1230.0,400.0,0.0,5555.0,5555.0,5555.0,0.817,2026-01-28 09:13:02,4757
AMBER,2026-02-24,6800.0,0.0,0.0,0.0,1340.0,2400.0,0.0,5555.0,5555.0,5555.0,0.817,2026-01-28 09:13:02,5426
AMBER,2026-02-24,6900.0,0.0,0.0,0.0,1420.0,600.0,0.0,5555.0,5555.0,5555.0,0.817,2026-01-28 09:13:02,5848
AMBER,2026-02-24,7000.0,10.05,300.0,0.0,1525.0,2700.0,0.0,5555.0,5555.0,5555.0,0.817,2026-01-28 09:13:02,6512
AMBER,2026-02-24,7100.0,9.5,1100.0,0.0,1606.35,100.0,0.0,5555.0,5555.0,5555.0,0.817,2026-01-28 09:13:02,6879
AMBER,2026-02-24,7200.0,0.0,0.0,0.0,1550.0,100.0,0.0,5555.0,5555.0,5555.0,0.817,2026-01-28 09:13:02,7655
AMBER,2026-02-24,7300.0,9.85,100.0,0.0,1760.0,100.0,0.0,5555.0,5555.0,5555.0,0.817,2026-01-28 09:13:02,8432
AMBER,2026-02-24,7400.0,0.0,0.0,0.0,1700.0,200.0,0.0,5555.0,5555.0,5555.0,0.817,2026-01-28 09:13:02,9208
AMBER,2026-02-24,7500.0,0.0,0.0,0.0,1825.0,2300.0,0.0,5555.0,5555.0,5555.0,0.817,2026-01-28 09:13:02,9970
AMBER,2026-02-24,7600.0,0.15,100.0,0.0,1900.0,1200.0,0.0,5555.0,5555.0,5555.0,0.817,2026-01-28 09:13:02,10369
AMBER,2026-02-24,7700.0,0.0,0.0,0.0,1730.0,1000.0,0.0,5555.0,5555.0,5555.0,0.817,2026-01-28 09:13:02,10973
AMBER,2026-02-24,7800.0,1.0,1000.0,0.0,2315.0,5600.0,0.0,5555.0,5555.0,5555.0,0.817,2026-01-28 09:13:02,11642
AMBUJACEM,2026-02-24,440.0,94.35,4200.0,0.0,1.3,21000.0,0.0,533.95,533.95,533.95,0.319,2026-01-28 09:13:02,80023
AMBUJACEM,2026-02-24,445.0,0.0,0.0,0.0,0.0,0.0,0.0,533.95,533.95,533.95,0.319,2026-01-28 09:13:02,75882
AMBUJACEM,2026-02-24,450.0,88.0,1050.0,0.0,1.8,185850.0,0.0,533.95,533.95,533.95,0.319,2026-01-28 09:13:02,71705
AMBUJACEM,2026-02-24,455.0,0.0,0.0,0.0,2.0,4200.0,0.0,533.95,533.95,533.95,0.319,2026-01-28 09:13:02,67597
AMBUJACEM,2026-02-24,460.0,0.0,0.0,0.0,2.15,267750.0,0.0,533.95,533.95,533.95,0.319,2026-01-28 09:13:02,63514
AMBUJACEM,2026-02-24,465.0,0.0,0.0,0.0,2.6,6300.0,0.0,533.95,533.95,533.95,0.319,2026-01-28 09:13:02,59508
AMBUJACEM,2026-02-24,470.0,0.0,0.0,0.0,2.8,64050.0,0.0,533.95,533.95,533.95,0.319,2026-01-28 09:13:02,55562
AMBUJACEM,2026-02-24,475.0,0.0,0.0,0.0,3.1,16800.0,0.0,533.95,533.95,533.95,0.319,2026-01-28 09:13:02,51631
AMBUJACEM,2026-02-24,480.0,47.0,9450.0,0.0,3.6,257250.0,0.0,533.95,533.95,533.95,0.319,2026-01-28 09:13:02,47721
AMBUJACEM,2026-02-24,485.0,41.65,23100.0,0.0,4.1,24150.0,0.0,533.95,533.95,533.95,0.319,2026-01-28 09:13:02,43902
AMBUJACEM,2026-02-24,490.0,0.0,0.0,0.0,4.6,179550.0,0.0,533.95,533.95,533.95,0.319,2026-01-28 09:13:02,40241
AMBUJACEM,2026-02-24,495.0,0.0,0.0,0.0,5.75,15750.0,0.0,533.95,533.95,533.95,0.319,2026-01-28 09:13:02,36501
AMBUJACEM,2026-02-24,500.0,42.5,207900.0,0.0,6.25,623700.0,0.0,533.95,533.95,533.95,0.319,2026-01-28 09:13:02,32842
AMBUJACEM,2026-02-24,505.0,0.0,0.0,0.0,7.05,51450.0,0.0,533.95,533.95,533.95,0.319,2026-01-28 09:13:02,30102
AMBUJACEM,2026-02-24,510.0,34.8,3150.0,0.0,8.2,109200.0,0.0,533.95,533.95,533.95,0.319,2026-01-28 09:13:02,26857
AMBUJACEM,2026-02-24,515.0,32.6,39900.0,0.0,9.5,97650.0,0.0,533.95,533.95,533.95,0.319,2026-01-28 09:13:02,23626
AMBUJACEM,2026-02-24,520.0,27.4,416850.0,0.0,10.9,1200150.0,0.0,533.95,533.95,533.95,0.319,2026-01-28 09:13:02,20580
AMBUJACEM,2026-02-24,525.0,24.55,71400.0,0.0,12.6,45150.0,0.0,533.95,533.95,533.95,0.319,2026-01-28 09:13:02,18140
AMBUJACEM,2026-02-24,530.0,21.4,491400.0,0.0,14.85,663600.0,0.0,533.95,533.95,533.95,0.319,2026-01-28 09:13:02,16041
AMBUJACEM,2026-02-24,535.0,18.5,367500.0,0.0,16.8,217350.0,0.0,533.95,533.95,533.95,0.319,2026-01-28 09:13:02,14468
AMBUJACEM,2026-02-24,540.0,15.9,642600.0,0.0,19.2,530250.0,0.0,533.95,533.95,533.95,0.319,2026-01-28 09:13:02,13437
AMBUJACEM,2026-02-24,545.0,13.75,270900.0,0.0,21.75,131250.0,0.0,533.95,533.95,533.95,0.319,2026-01-28 09:13:02,12680
AMBUJACEM,2026-02-24,550.0,11.65,880950.0,0.0,24.65,758100.0,0.0,533.95,533.95,533.95,0.319,2026-01-28 09:13:02,12208
AMBUJACEM,2026-02-24,555.0,9.85,30450.0,0.0,29.0,27300.0,0.0,533.95,533.95,533.95,0.319,2026-01-28 09:13:02,11626
AMBUJACEM,2026-02-24,560.0,8.3,465150.0,0.0,31.4,443100.0,0.0,533.95,533.95,533.95,0.319,2026-01-28 09:13:02,11866
AMBUJACEM,2026-02-24,565.0,6.85,32550.0,0.0,23.75,2100.0,0.0,533.95,533.95,533.95,0.319,2026-01-28 09:13:02,11604
AMBUJACEM,2026-02-24,570.0,5.5,411600.0,0.0,39.6,336000.0,0.0,533.95,533.95,533.95,0.319,2026-01-28 09:13:02,12382
AMBUJACEM,2026-02-24,575.0,4.75,78750.0,0.0,44.0,4200.0,0.0,533.95,533.95,533.95,0.319,2026-01-28 09:13:02,12413
AMBUJACEM,2026-02-24,580.0,3.75,516600.0,0.0,46.8,162750.0,0.0,533.95,533.95,533.95,0.319,2026-01-28 09:13:02,13607
AMBUJACEM,2026-02-24,585.0,3.2,87150.0,0.0,53.7,8400.0,0.0,533.95,533.95,533.95,0.319,2026-01-28 09:13:02,14555
AMBUJACEM,2026-02-24,590.0,2.7,313950.0,0.0,56.8,200550.0,0.0,533.95,533.95,533.95,0.319,2026-01-28 09:13:02,16101
AMBUJACEM,2026-02-24,595.0,2.05,50400.0,0.0,0.0,0.0,0.0,533.95,533.95,533.95,0.319,2026-01-28 09:13:02,16868
AMBUJACEM,2026-02-24,600.0,1.75,521850.0,0.0,64.4,951300.0,0.0,533.95,533.95,533.95,0.319,2026-01-28 09:13:02,18724
AMBUJACEM,2026-02-24,605.0,1.3,22050.0,0.0,67.1,2100.0,0.0,533.95,533.95,533.95,0.319,2026-01-28 09:13:02,15271
AMBUJACEM,2026-02-24,610.0,1.15,60900.0,0.0,59.6,9450.0,0.0,533.95,533.95,533.95,0.319,2026-01-28 09:13:02,17855
AMBUJACEM,2026-02-24,615.0,1.1,26250.0,0.0,0.0,0.0,0.0,533.95,533.95,533.95,0.319,2026-01-28 09:13:02,20435
AMBUJACEM,2026-02-24,620.0,0.8,51450.0,0.0,74.5,2100.0,0.0,533.95,533.95,533.95,0.319,2026-01-28 09:13:02,23081
AMBUJACEM,2026-02-24,625.0,0.5,11550.0,0.0,0.0,0.0,0.0,533.95,533.95,533.95,0.319,2026-01-28 09:13:02,25739
AMBUJACEM,2026-02-24,630.0,0.5,103950.0,0.0,95.5,55650.0,0.0,533.95,533.95,533.95,0.319,2026-01-28 09:13:02,28415
AMBUJACEM,2026-02-24,640.0,0.3,446250.0,0.0,103.35,674100.0,0.0,533.95,533.95,533.95,0.319,2026-01-28 09:13:02,33399
AMBUJACEM,2026-02-24,650.0,0.3,71400.0,0.0,112.0,30450.0,0.0,533.95,533.95,533.95,0.319,2026-01-28 09:13:02,33076
ANGELONE,2026-02-24,1900.0,0.0,0.0,0.0,4.05,12500.0,0.0,2559.8,2559.8,2559.8,0.657,2026-01-28 09:13:02,32847
ANGELONE,2026-02-24,2000.0,660.05,750.0,0.0,8.15,42250.0,0.0,2559.8,2559.8,2559.8,0.657,2026-01-28 09:13:02,25880
ANGELONE,2026-02-24,2100.0,562.15,1000.0,0.0,9.8,26250.0,0.0,2559.8,2559.8,2559.8,0.657,2026-01-28 09:13:02,19362
ANGELONE,2026-02-24,2150.0,506.95,1250.0,0.0,0.0,0.0,0.0,2559.8,2559.8,2559.8,0.657,2026-01-28 09:13:02,16263
ANGELONE,2026-02-24,2200.0,335.75,7000.0,0.0,17.95,56750.0,0.0,2559.8,2559.8,2559.8,0.657,2026-01-28 09:13:02,13202
ANGELONE,2026-02-24,2250.0,413.9,250.0,0.0,24.75,8000.0,0.0,2559.8,2559.8,2559.8,0.657,2026-01-28 09:13:02,10530
ANGELONE,2026-02-24,2300.0,269.5,1500.0,0.0,32.35,104750.0,0.0,2559.8,2559.8,2559.8,0.657,2026-01-28 09:13:02,7757
ANGELONE,2026-02-24,2350.0,0.0,0.0,0.0,40.75,3500.0,0.0,2559.8,2559.8,2559.8,0.657,2026-01-28 09:13:02,5226
ANGELONE,2026-02-24,2400.0,210.0,7250.0,0.0,55.6,86500.0,0.0,2559.8,2559.8,2559.8,0.657,2026-01-28 09:13:02,2997
ANGELONE,2026-02-24,2450.0,180.05,750.0,0.0,70.05,16000.0,0.0,2559.8,2559.8,2559.8,0.657,2026-01-28 09:13:02,922
ANGELONE,2026-02-24,2500.0,143.25,35750.0,0.0,89.0,206000.0,0.0,2559.8,2559.8,2559.8,0.657,2026-01-28 09:13:02,-838
ANGELONE,2026-02-24,2550.0,112.75,27500.0,0.0,107.2,11750.0,0.0,2559.8,2559.8,2559.8,0.657,2026-01-28 09:13:02,-2613
ANGELONE,2026-02-24,2600.0,88.3,99500.0,0.0,132.5,35250.0,0.0,2559.8,2559.8,2559.8,0.657,2026-01-28 09:13:02,-2686
ANGELONE,2026-02-24,2650.0,68.75,18000.0,0.0,166.15,5750.0,0.0,2559.8,2559.8,2559.8,0.657,2026-01-28 09:13:02,-1859
ANGELONE,2026-02-24,2700.0,51.1,100250.0,0.0,187.75,55500.0,0.0,2559.8,2559.8,2559.8,0.657,2026-01-28 09:13:02,-1295
ANGELONE,2026-02-24,2750.0,39.6,18000.0,0.0,215.0,750.0,0.0,2559.8,2559.8,2559.8,0.657,2026-01-28 09:13:02,-511
ANGELONE,2026-02-24,2800.0,27.45,207500.0,0.0,271.05,26250.0,0.0,2559.8,2559.8,2559.8,0.657,2026-01-28 09:13:02,950
ANGELONE,2026-02-24,2850.0,104.25,500.0,0.0,0.0,0.0,0.0,2559.8,2559.8,2559.8,0.657,2026-01-28 09:13:02,3385
ANGELONE,2026-02-24,2900.0,15.65,55750.0,0.0,365.0,750.0,0.0,2559.8,2559.8,2559.8,0.657,2026-01-28 09:13:02,5969
ANGELONE,2026-02-24,2950.0,0.0,0.0,0.0,0.0,0.0,0.0,2559.8,2559.8,2559.8,0.657,2026-01-28 09:13:02,8890
ANGELONE,2026-02-24,3000.0,9.35,66750.0,0.0,492.0,6500.0,0.0,2559.8,2559.8,2559.8,0.657,2026-01-28 09:13:02,11751
ANGELONE,2026-02-24,3100.0,5.7,29500.0,0.0,572.0,750.0,0.0,2559.8,2559.8,2559.8,0.657,2026-01-28 09:13:02,17949
ANGELONE,2026-02-24,3200.0,4.0,59000.0,0.0,660.0,3000.0,0.0,2559.8,2559.8,2559.8,0.657,2026-01-28 09:13:02,24680
APLAPOLLO,2026-02-24,1600.0,0.0,0.0,0.0,0.0,0.0,0.0,2070.0,2070.0,2070.0,0.456,2026-01-28 09:13:02,12780
APLAPOLLO,2026-02-24,1640.0,0.0,0.0,0.0,2.0,700.0,0.0,2070.0,2070.0,2070.0,0.456,2026-01-28 09:13:02,10651
APLAPOLLO,2026-02-24,1680.0,0.0,0.0,0.0,6.7,700.0,0.0,2070.0,2070.0,2070.0,0.456,2026-01-28 09:13:02,8524
APLAPOLLO,2026-02-24,1700.0,324.0,3850.0,0.0,0.0,0.0,0.0,2070.0,2070.0,2070.0,0.456,2026-01-28 09:13:02,7462
APLAPOLLO,2026-02-24,1720.0,204.25,700.0,0.0,3.7,4200.0,0.0,2070.0,2070.0,2070.0,0.456,2026-01-28 09:13:02,6533
APLAPOLLO,2026-02-24,1740.0,0.0,0.0,0.0,3.9,350.0,0.0,2070.0,2070.0,2070.0,0.456,2026-01-28 09:13:02,5501
APLAPOLLO,2026-02-24,1760.0,0.0,0.0,0.0,0.0,0.0,0.0,2070.0,2070.0,2070.0,0.456,2026-01-28 09:13:02,4457
APLAPOLLO,2026-02-24,1780.0,191.15,1050.0,0.0,5.95,6650.0,0.0,2070.0,2070.0,2070.0,0.456,2026-01-28 09:13:02,3413
APLAPOLLO,2026-02-24,1800.0,270.0,350.0,0.0,7.25,16450.0,0.0,2070.0,2070.0,2070.0,0.456,2026-01-28 09:13:02,2401
APLAPOLLO,2026-02-24,1820.0,0.0,0.0,0.0,9.0,24850.0,0.0,2070.0,2070.0,2070.0,0.456,2026-01-28 09:13:02,1404
APLAPOLLO,2026-02-24,1840.0,122.5,1050.0,0.0,14.3,7000.0,0.0,2070.0,2070.0,2070.0,0.456,2026-01-28 09:13:02,437
APLAPOLLO,2026-02-24,1860.0,0.0,0.0,0.0,18.3,12600.0,0.0,2070.0,2070.0,2070.0,0.456,2026-01-28 09:13:02,-488
APLAPOLLO,2026-02-24,1880.0,210.0,7700.0,0.0,14.05,8050.0,0.0,2070.0,2070.0,2070.0,0.456,2026-01-28 09:13:02,-1415
APLAPOLLO,2026-02-24,1900.0,171.0,4200.0,0.0,17.95,66500.0,0.0,2070.0,2070.0,2070.0,0.456,2026-01-28 09:13:02,-2137
APLAPOLLO,2026-02-24,1920.0,131.25,5950.0,0.0,21.8,15400.0,0.0,2070.0,2070.0,2070.0,0.456,2026-01-28 09:13:02,-2915
APLAPOLLO,2026-02-24,1940.0,162.2,5950.0,0.0,25.35,29750.0,0.0,2070.0,2070.0,2070.0,0.456,2026-01-28 09:13:02,-3559
APLAPOLLO,2026-02-24,1960.0,144.0,46900.0,0.0,30.85,56700.0,0.0,2070.0,2070.0,2070.0,0.456,2026-01-28 09:13:02,-4155
APLAPOLLO,2026-02-24,1980.0,120.65,9800.0,0.0,38.55,5950.0,0.0,2070.0,2070.0,2070.0,0.456,2026-01-28 09:13:02,-4064
APLAPOLLO,2026-02-24,2000.0,113.9,47950.0,0.0,43.0,109200.0,0.0,2070.0,2070.0,2070.0,0.456,2026-01-28 09:13:02,-4346
APLAPOLLO,2026-02-24,2020.0,102.7,16800.0,0.0,48.0,30450.0,0.0,2070.0,2070.0,2070.0,0.456,2026-01-28 09:13:02,-4333
APLAPOLLO,2026-02-24,2040.0,90.0,53900.0,0.0,58.6,45150.0,0.0,2070.0,2070.0,2070.0,0.456,2026-01-28 09:13:02,-4276
APLAPOLLO,2026-02-24,2060.0,79.45,81200.0,0.0,68.55,32200.0,0.0,2070.0,2070.0,2070.0,0.456,2026-01-28 09:13:02,-3827
APLAPOLLO,2026-02-24,2080.0,69.9,34650.0,0.0,78.7,22050.0,0.0,2070.0,2070.0,2070.0,0.456,2026-01-28 09:13:02,-2947
APLAPOLLO,2026-02-24,2100.0,60.9,387800.0,0.0,89.85,25550.0,0.0,2070.0,2070.0,2070.0,0.456,2026-01-28 09:13:02,-2309
APLAPOLLO,2026-02-24,2120.0,52.65,16450.0,0.0,0.0,0.0,0.0,2070.0,2070.0,2070.0,0.456,2026-01-28 09:13:02,1218
APLAPOLLO,2026-02-24,2140.0,45.5,31850.0,0.0,111.8,4550.0,0.0,2070.0,2070.0,2070.0,0.456,2026-01-28 09:13:02,2733
APLAPOLLO,2026-02-24,2160.0,39.25,47600.0,0.0,129.9,1750.0,0.0,2070.0,2070.0,2070.0,0.456,2026-01-28 09:13:02,4329
APLAPOLLO,2026-02-24,2180.0,33.2,11200.0,0.0,136.65,5250.0,0.0,2070.0,2070.0,2070.0,0.456,2026-01-28 09:13:02,6093
APLAPOLLO,2026-02-24,2200.0,28.15,76650.0,0.0,328.5,350.0,0.0,2070.0,2070.0,2070.0,0.456,2026-01-28 09:13:02,7692
APLAPOLLO,2026-02-24,2220.0,23.85,10500.0,0.0,0.0,0.0,0.0,2070.0,2070.0,2070.0,0.456,2026-01-28 09:13:02,9683
APLAPOLLO,2026-02-24,2240.0,20.1,101850.0,0.0,0.0,0.0,0.0,2070.0,2070.0,2070.0,0.456,2026-01-28 09:13:02,11516
APLAPOLLO,2026-02-24,2280.0,14.0,106050.0,0.0,0.0,0.0,0.0,2070.0,2070.0,2070.0,0.456,2026-01-28 09:13:02,15745
APLAPOLLO,2026-02-24,2320.0,0.0,0.0,0.0,0.0,0.0,0.0,2070.0,2070.0,2070.0,0.456,2026-01-28 09:13:02,20341
APLAPOLLO,2026-02-24,2360.0,0.0,0.0,0.0,0.0,0.0,0.0,2070.0,2070.0,2070.0,0.456,2026-01-28 09:13:02,24789
APOLLOHOSP,2026-02-24,5700.0,0.0,0.0,0.0,0.0,0.0,0.0,6798.5,6798.5,6798.5,0.074,2026-01-28 09:13:02,34009
APOLLOHOSP,2026-02-24,5800.0,0.0,0.0,0.0,0.0,0.0,0.0,6798.5,6798.5,6798.5,0.074,2026-01-28 09:13:02,30585
APOLLOHOSP,2026-02-24,5900.0,0.0,0.0,0.0,14.0,4375.0,0.0,6798.5,6798.5,6798.5,0.074,2026-01-28 09:13:02,27161
APOLLOHOSP,2026-02-24,6000.0,0.0,0.0,0.0,16.85,7000.0,0.0,6798.5,6798.5,6798.5,0.074,2026-01-28 09:13:02,23775
APOLLOHOSP,2026-02-24,6100.0,0.0,0.0,0.0,22.0,250.0,0.0,6798.5,6798.5,6798.5,0.074,2026-01-28 09:13:02,20453
APOLLOHOSP,2026-02-24,6200.0,0.0,0.0,0.0,30.15,21625.0,0.0,6798.5,6798.5,6798.5,0.074,2026-01-28 09:13:02,17145
APOLLOHOSP,2026-02-24,6250.0,0.0,0.0,0.0,37.2,750.0,0.0,6798.5,6798.5,6798.5,0.074,2026-01-28 09:13:02,15534
APOLLOHOSP,2026-02-24,6300.0,0.0,0.0,0.0,40.1,5625.0,0.0,6798.5,6798.5,6798.5,0.074,2026-01-28 09:13:02,13990
APOLLOHOSP,2026-02-24,6350.0,0.0,0.0,0.0,52.6,1500.0,0.0,6798.5,6798.5,6798.5,0.074,2026-01-28 09:13:02,12453
APOLLOHOSP,2026-02-24,6400.0,510.0,2000.0,0.0,54.0,10875.0,0.0,6798.5,6798.5,6798.5,0.074,2026-01-28 09:13:02,10939
APOLLOHOSP,2026-02-24,6450.0,0.0,0.0,0.0,56.35,875.0,0.0,6798.5,6798.5,6798.5,0.074,2026-01-28 09:13:02,9541
APOLLOHOSP,2026-02-24,6500.0,388.55,125.0,0.0,72.05,20125.0,0.0,6798.5,6798.5,6798.5,0.074,2026-01-28 09:13:02,8098
APOLLOHOSP,2026-02-24,6550.0,0.0,0.0,0.0,85.7,1375.0,0.0,6798.5,6798.5,6798.5,0.074,2026-01-28 09:13:02,6622
APOLLOHOSP,2026-02-24,6600.0,0.0,0.0,0.0,95.7,18500.0,0.0,6798.5,6798.5,6798.5,0.074,2026-01-28 09:13:02,5281
APOLLOHOSP,2026-02-24,6650.0,0.0,0.0,0.0,111.1,1625.0,0.0,6798.5,6798.5,6798.5,0.074,2026-01-28 09:13:02,3867
APOLLOHOSP,2026-02-24,6700.0,263.25,12875.0,0.0,128.6,28250.0,0.0,6798.5,6798.5,6798.5,0.074,2026-01-28 09:13:02,2620
APOLLOHOSP,2026-02-24,6750.0,239.5,7250.0,0.0,143.45,12375.0,0.0,6798.5,6798.5,6798.5,0.074,2026-01-28 09:13:02,1572
APOLLOHOSP,2026-02-24,6800.0,209.8,56750.0,0.0,171.95,70625.0,0.0,6798.5,6798.5,6798.5,0.074,2026-01-28 09:13:02,644
APOLLOHOSP,2026-02-24,6850.0,186.3,10500.0,0.0,195.15,6750.0,0.0,6798.5,6798.5,6798.5,0.074,2026-01-28 09:13:02,332
APOLLOHOSP,2026-02-24,6900.0,161.15,25875.0,0.0,218.8,12125.0,0.0,6798.5,6798.5,6798.5,0.074,2026-01-28 09:13:02,194
APOLLOHOSP,2026-02-24,6950.0,139.65,3250.0,0.0,278.55,2250.0,0.0,6798.5,6798.5,6798.5,0.074,2026-01-28 09:13:02,333
APOLLOHOSP,2026-02-24,7000.0,121.75,78125.0,0.0,280.9,38250.0,0.0,6798.5,6798.5,6798.5,0.074,2026-01-28 09:13:02,332
APOLLOHOSP,2026-02-24,7050.0,97.0,875.0,0.0,335.0,250.0,0.0,6798.5,6798.5,6798.5,0.074,2026-01-28 09:13:02,806
APOLLOHOSP,2026-02-24,7100.0,88.35,22500.0,0.0,381.0,3375.0,0.0,6798.5,6798.5,6798.5,0.074,2026-01-28 09:13:02,1409
APOLLOHOSP,2026-02-24,7150.0,76.15,1000.0,0.0,385.0,375.0,0.0,6798.5,6798.5,6798.5,0.074,2026-01-28 09:13:02,2212
APOLLOHOSP,2026-02-24,7200.0,64.8,34875.0,0.0,423.7,13875.0,0.0,6798.5,6798.5,6798.5,0.074,2026-01-28 09:13:02,2944
APOLLOHOSP,2026-02-24,7250.0,161.7,250.0,0.0,0.0,0.0,0.0,6798.5,6798.5,6798.5,0.074,2026-01-28 09:13:02,3566
APOLLOHOSP,2026-02-24,7300.0,47.05,28500.0,0.0,514.0,17875.0,0.0,6798.5,6798.5,6798.5,0.074,2026-01-28 09:13:02,4554
APOLLOHOSP,2026-02-24,7350.0,39.8,3000.0,0.0,0.0,0.0,0.0,6798.5,6798.5,6798.5,0.074,2026-01-28 09:13:02,4986
APOLLOHOSP,2026-02-24,7400.0,33.45,24125.0,0.0,575.05,25375.0,0.0,6798.5,6798.5,6798.5,0.074,2026-01-28 09:13:02,6229
APOLLOHOSP,2026-02-24,7450.0,30.1,6125.0,0.0,0.0,0.0,0.0,6798.5,6798.5,6798.5,0.074,2026-01-28 09:13:02,6329
APOLLOHOSP,2026-02-24,7500.0,25.95,78250.0,0.0,725.0,14625.0,0.0,6798.5,6798.5,6798.5,0.074,2026-01-28 09:13:02,7857
APOLLOHOSP,2026-02-24,7550.0,27.5,1500.0,0.0,0.0,0.0,0.0,6798.5,6798.5,6798.5,0.074,2026-01-28 09:13:02,8973
APOLLOHOSP,2026-02-24,7600.0,21.0,2875.0,0.0,805.0,1250.0,0.0,6798.5,6798.5,6798.5,0.074,2026-01-28 09:13:02,10959
APOLLOHOSP,2026-02-24,7650.0,0.0,0.0,0.0,0.0,0.0,0.0,6798.5,6798.5,6798.5,0.074,2026-01-28 09:13:02,12866
APOLLOHOSP,2026-02-24,7700.0,12.75,1125.0,0.0,860.0,125.0,0.0,6798.5,6798.5,6798.5,0.074,2026-01-28 09:13:02,14868
APOLLOHOSP,2026-02-24,7750.0,41.5,250.0,0.0,0.0,0.0,0.0,6798.5,6798.5,6798.5,0.074,2026-01-28 09:13:02,16867
APOLLOHOSP,2026-02-24,7800.0,24.65,250.0,0.0,495.3,125.0,0.0,6798.5,6798.5,6798.5,0.074,2026-01-28 09:13:02,18877
APOLLOHOSP,2026-02-24,7850.0,0.0,0.0,0.0,0.0,0.0,0.0,6798.5,6798.5,6798.5,0.074,2026-01-28 09:13:02,20883
APOLLOHOSP,2026-02-24,7900.0,12.65,625.0,0.0,0.0,0.0,0.0,6798.5,6798.5,6798.5,0.074,2026-01-28 09:13:02,22894
APOLLOHOSP,2026-02-24,7950.0,12.0,875.0,0.0,0.0,0.0,0.0,6798.5,6798.5,6798.5,0.074,2026-01-28 09:13:02,24909
APOLLOHOSP,2026-02-24,8000.0,7.55,13375.0,0.0,0.0,0.0,0.0,6798.5,6798.5,6798.5,0.074,2026-01-28 09:13:02,26929
APOLLOHOSP,2026-02-24,8050.0,24.5,250.0,0.0,0.0,0.0,0.0,6798.5,6798.5,6798.5,0.074,2026-01-28 09:13:02,29025
APOLLOHOSP,2026-02-24,8100.0,14.7,250.0,0.0,0.0,0.0,0.0,6798.5,6798.5,6798.5,0.074,2026-01-28 09:13:02,31112
APOLLOHOSP,2026-02-24,8200.0,6.5,4750.0,0.0,0.0,0.0,0.0,6798.5,6798.5,6798.5,0.074,2026-01-28 09:13:02,35289
APOLLOHOSP,2026-02-24,8300.0,0.0,0.0,0.0,0.0,0.0,0.0,6798.5,6798.5,6798.5,0.074,2026-01-28 09:13:02,39516
APOLLOHOSP,2026-02-24,8400.0,0.0,0.0,0.0,0.0,0.0,0.0,6798.5,6798.5,6798.5,0.074,2026-01-28 09:13:02,43740
APOLLOHOSP,2026-02-24,8500.0,5.0,4875.0,0.0,0.0,0.0,0.0,6798.5,6798.5,6798.5,0.074,2026-01-28 09:13:02,47963
ASHOKLEY,2026-02-24,132.0,0.0,0.0,0.0,0.18,5000.0,0.0,193.9,193.9,193.9,0.466,2026-01-28 09:13:02,74865
ASHOKLEY,2026-02-24,140.0,0.0,0.0,0.0,0.2,335000.0,0.0,193.9,193.9,193.9,0.466,2026-01-28 09:13:02,58953
ASHOKLEY,2026-02-24,150.0,0.0,0.0,0.0,0.39,675000.0,0.0,193.9,193.9,193.9,0.466,2026-01-28 09:13:02,39391
ASHOKLEY,2026-02-24,155.0,37.8,240000.0,0.0,0.0,0.0,0.0,193.9,193.9,193.9,0.466,2026-01-28 09:13:02,29925
ASHOKLEY,2026-02-24,156.0,35.4,35000.0,0.0,0.5,175000.0,0.0,193.9,193.9,193.9,0.466,2026-01-28 09:13:02,28968
ASHOKLEY,2026-02-24,160.0,30.0,135000.0,0.0,0.74,515000.0,0.0,193.9,193.9,193.9,0.466,2026-01-28 09:13:02,21711
ASHOKLEY,2026-02-24,162.5,34.11,10000.0,0.0,1.12,5000.0,0.0,193.9,193.9,193.9,0.466,2026-01-28 09:13:02,17633
ASHOKLEY,2026-02-24,165.0,28.0,30000.0,0.0,1.02,545000.0,0.0,193.9,193.9,193.9,0.466,2026-01-28 09:13:02,13225
ASHOKLEY,2026-02-24,167.5,0.0,0.0,0.0,1.28,105000.0,0.0,193.9,193.9,193.9,0.466,2026-01-28 09:13:02,8956
ASHOKLEY,2026-02-24,168.0,24.97,65000.0,0.0,1.26,345000.0,0.0,193.9,193.9,193.9,0.466,2026-01-28 09:13:02,8088
ASHOKLEY,2026-02-24,170.0,24.0,975000.0,0.0,1.52,2275000.0,0.0,193.9,193.9,193.9,0.466,2026-01-28 09:13:02,4872
ASHOKLEY,2026-02-24,172.5,0.0,0.0,0.0,1.91,615000.0,0.0,193.9,193.9,193.9,0.466,2026-01-28 09:13:02,3510
ASHOKLEY,2026-02-24,174.0,22.0,50000.0,0.0,0.0,0.0,0.0,193.9,193.9,193.9,0.466,2026-01-28 09:13:02,1471
ASHOKLEY,2026-02-24,175.0,18.52,95000.0,0.0,2.27,1545000.0,0.0,193.9,193.9,193.9,0.466,2026-01-28 09:13:02,305
ASHOKLEY,2026-02-24,176.0,18.8,15000.0,0.0,0.0,0.0,0.0,193.9,193.9,193.9,0.466,2026-01-28 09:13:02,-981
ASHOKLEY,2026-02-24,177.5,15.45,5000.0,0.0,2.75,240000.0,0.0,193.9,193.9,193.9,0.466,2026-01-28 09:13:02,-2618
ASHOKLEY,2026-02-24,178.0,17.0,95000.0,0.0,0.0,0.0,0.0,193.9,193.9,193.9,0.466,2026-01-28 09:13:02,-3219
ASHOKLEY,2026-02-24,180.0,16.12,665000.0,0.0,3.32,2605000.0,0.0,193.9,193.9,193.9,0.466,2026-01-28 09:13:02,-5211
ASHOKLEY,2026-02-24,182.5,13.5,205000.0,0.0,3.9,540000.0,0.0,193.9,193.9,193.9,0.466,2026-01-28 09:13:02,-6878
ASHOKLEY,2026-02-24,184.0,12.5,85000.0,0.0,0.0,0.0,0.0,193.9,193.9,193.9,0.466,2026-01-28 09:13:02,-7824
ASHOKLEY,2026-02-24,185.0,12.7,1405000.0,0.0,4.71,2505000.0,0.0,193.9,193.9,193.9,0.466,2026-01-28 09:13:02,-8384
ASHOKLEY,2026-02-24,186.0,12.84,90000.0,0.0,0.0,0.0,0.0,193.9,193.9,193.9,0.466,2026-01-28 09:13:02,-8055
ASHOKLEY,2026-02-24,187.5,10.04,210000.0,0.0,5.59,1025000.0,0.0,193.9,193.9,193.9,0.466,2026-01-28 09:13:02,-8339
ASHOKLEY,2026-02-24,188.0,10.67,200000.0,0.0,0.0,0.0,0.0,193.9,193.9,193.9,0.466,2026-01-28 09:13:02,-8773
ASHOKLEY,2026-02-24,190.0,9.65,3270000.0,0.0,6.77,1930000.0,0.0,193.9,193.9,193.9,0.466,2026-01-28 09:13:02,-8806
ASHOKLEY,2026-02-24,192.0,8.55,500000.0,0.0,0.0,0.0,0.0,193.9,193.9,193.9,0.466,2026-01-28 09:13:02,-6163
ASHOKLEY,2026-02-24,192.5,8.29,410000.0,0.0,7.75,745000.0,0.0,193.9,193.9,193.9,0.466,2026-01-28 09:13:02,-5512
ASHOKLEY,2026-02-24,195.0,7.24,3415000.0,0.0,9.2,890000.0,0.0,193.9,193.9,193.9,0.466,2026-01-28 09:13:02,-4343
ASHOKLEY,2026-02-24,196.0,6.89,500000.0,0.0,0.0,0.0,0.0,193.9,193.9,193.9,0.466,2026-01-28 09:13:02,-1696
ASHOKLEY,2026-02-24,197.5,6.27,655000.0,0.0,11.35,200000.0,0.0,193.9,193.9,193.9,0.466,2026-01-28 09:13:02,212
ASHOKLEY,2026-02-24,200.0,5.32,5560000.0,0.0,12.13,1215000.0,0.0,193.9,193.9,193.9,0.466,2026-01-28 09:13:02,3217
ASHOKLEY,2026-02-24,202.5,4.55,455000.0,0.0,0.0,0.0,0.0,193.9,193.9,193.9,0.466,2026-01-28 09:13:02,9216
ASHOKLEY,2026-02-24,205.0,3.87,2135000.0,0.0,18.59,105000.0,0.0,193.9,193.9,193.9,0.466,2026-01-28 09:13:02,14052
ASHOKLEY,2026-02-24,207.5,3.38,625000.0,0.0,16.54,30000.0,0.0,193.9,193.9,193.9,0.466,2026-01-28 09:13:02,19871
ASHOKLEY,2026-02-24,210.0,2.78,7305000.0,0.0,21.65,335000.0,0.0,193.9,193.9,193.9,0.466,2026-01-28 09:13:02,25386
ASHOKLEY,2026-02-24,212.5,2.31,430000.0,0.0,23.61,10000.0,0.0,193.9,193.9,193.9,0.466,2026-01-28 09:13:02,33954
ASHOKLEY,2026-02-24,215.0,1.93,2845000.0,0.0,24.0,370000.0,0.0,193.9,193.9,193.9,0.466,2026-01-28 09:13:02,41402
ASHOKLEY,2026-02-24,217.5,1.6,1465000.0,0.0,23.5,10000.0,0.0,193.9,193.9,193.9,0.466,2026-01-28 09:13:02,49239
ASHOKLEY,2026-02-24,220.0,1.35,840000.0,0.0,0.0,0.0,0.0,193.9,193.9,193.9,0.466,2026-01-28 09:13:02,57995
ASIANPAINT,2026-02-24,2180.0,0.0,0.0,0.0,0.0,0.0,0.0,2535.0,2535.0,2535.0,-3.348,2026-01-28 09:13:02,92936
ASIANPAINT,2026-02-24,2200.0,0.0,0.0,0.0,0.0,0.0,0.0,2535.0,2535.0,2535.0,-3.348,2026-01-28 09:13:02,87632
ASIANPAINT,2026-02-24,2220.0,0.0,0.0,0.0,0.0,0.0,0.0,2535.0,2535.0,2535.0,-3.348,2026-01-28 09:13:02,82328
ASIANPAINT,2026-02-24,2240.0,0.0,0.0,0.0,0.0,0.0,0.0,2535.0,2535.0,2535.0,-3.348,2026-01-28 09:13:02,77024
ASIANPAINT,2026-02-24,2260.0,0.0,0.0,0.0,0.0,0.0,0.0,2535.0,2535.0,2535.0,-3.348,2026-01-28 09:13:02,71720
ASIANPAINT,2026-02-24,2280.0,0.0,0.0,0.0,7.9,70250.0,0.0,2535.0,2535.0,2535.0,-3.348,2026-01-28 09:13:02,66416
ASIANPAINT,2026-02-24,2300.0,0.0,0.0,0.0,10.1,26500.0,0.0,2535.0,2535.0,2535.0,-3.348,2026-01-28 09:13:02,61197
ASIANPAINT,2026-02-24,2320.0,0.0,0.0,0.0,10.9,41750.0,0.0,2535.0,2535.0,2535.0,-3.348,2026-01-28 09:13:02,56059
ASIANPAINT,2026-02-24,2340.0,0.0,0.0,0.0,13.95,6000.0,0.0,2535.0,2535.0,2535.0,-3.348,2026-01-28 09:13:02,50987
ASIANPAINT,2026-02-24,2360.0,0.0,0.0,0.0,14.2,55750.0,0.0,2535.0,2535.0,2535.0,-3.348,2026-01-28 09:13:02,45964
ASIANPAINT,2026-02-24,2380.0,0.0,0.0,0.0,16.25,4250.0,0.0,2535.0,2535.0,2535.0,-3.348,2026-01-28 09:13:02,40981
ASIANPAINT,2026-02-24,2400.0,241.5,4750.0,0.0,19.05,341250.0,0.0,2535.0,2535.0,2535.0,-3.348,2026-01-28 09:13:02,36079
ASIANPAINT,2026-02-24,2420.0,191.6,18000.0,0.0,21.05,30250.0,0.0,2535.0,2535.0,2535.0,-3.348,2026-01-28 09:13:02,31341
ASIANPAINT,2026-02-24,2440.0,0.0,0.0,0.0,25.7,65000.0,0.0,2535.0,2535.0,2535.0,-3.348,2026-01-28 09:13:02,27515
ASIANPAINT,2026-02-24,2460.0,0.0,0.0,0.0,28.75,26750.0,0.0,2535.0,2535.0,2535.0,-3.348,2026-01-28 09:13:02,23372
ASIANPAINT,2026-02-24,2480.0,0.0,0.0,0.0,31.2,87500.0,0.0,2535.0,2535.0,2535.0,-3.348,2026-01-28 09:13:02,19372
ASIANPAINT,2026-02-24,2500.0,164.2,4000.0,0.0,36.2,250000.0,0.0,2535.0,2535.0,2535.0,-3.348,2026-01-28 09:13:02,15351
ASIANPAINT,2026-02-24,2520.0,147.8,8750.0,0.0,42.1,224500.0,0.0,2535.0,2535.0,2535.0,-3.348,2026-01-28 09:13:02,11272
ASIANPAINT,2026-02-24,2540.0,142.85,4750.0,0.0,46.95,52000.0,0.0,2535.0,2535.0,2535.0,-3.348,2026-01-28 09:13:02,7682
ASIANPAINT,2026-02-24,2560.0,121.65,8250.0,0.0,53.6,61250.0,0.0,2535.0,2535.0,2535.0,-3.348,2026-01-28 09:13:02,4846
ASIANPAINT,2026-02-24,2580.0,108.35,2000.0,0.0,60.0,69250.0,0.0,2535.0,2535.0,2535.0,-3.348,2026-01-28 09:13:02,2097
ASIANPAINT,2026-02-24,2600.0,97.0,128250.0,0.0,67.75,434000.0,0.0,2535.0,2535.0,2535.0,-3.348,2026-01-28 09:13:02,-674
ASIANPAINT,2026-02-24,2620.0,86.15,27750.0,0.0,75.75,87750.0,0.0,2535.0,2535.0,2535.0,-3.348,2026-01-28 09:13:02,-3625
ASIANPAINT,2026-02-24,2640.0,75.35,50250.0,0.0,84.85,64250.0,0.0,2535.0,2535.0,2535.0,-3.348,2026-01-28 09:13:02,-5073
ASIANPAINT,2026-02-24,2660.0,65.45,42750.0,0.0,95.25,36750.0,0.0,2535.0,2535.0,2535.0,-3.348,2026-01-28 09:13:02,-6034
ASIANPAINT,2026-02-24,2680.0,56.35,53500.0,0.0,106.45,69250.0,0.0,2535.0,2535.0,2535.0,-3.348,2026-01-28 09:13:02,-6739
ASIANPAINT,2026-02-24,2700.0,48.65,409250.0,0.0,117.0,145500.0,0.0,2535.0,2535.0,2535.0,-3.348,2026-01-28 09:13:02,-7564
ASIANPAINT,2026-02-24,2720.0,40.85,81000.0,0.0,130.55,73000.0,0.0,2535.0,2535.0,2535.0,-3.348,2026-01-28 09:13:02,-6556
ASIANPAINT,2026-02-24,2740.0,34.85,99500.0,0.0,143.8,51500.0,0.0,2535.0,2535.0,2535.0,-3.348,2026-01-28 09:13:02,-6150
ASIANPAINT,2026-02-24,2760.0,29.15,282250.0,0.0,156.55,60250.0,0.0,2535.0,2535.0,2535.0,-3.348,2026-01-28 09:13:02,-5214
ASIANPAINT,2026-02-24,2780.0,24.75,57750.0,0.0,145.0,12250.0,0.0,2535.0,2535.0,2535.0,-3.348,2026-01-28 09:13:02,-3319
ASIANPAINT,2026-02-24,2800.0,20.8,338500.0,0.0,188.55,99500.0,0.0,2535.0,2535.0,2535.0,-3.348,2026-01-28 09:13:02,-1199
ASIANPAINT,2026-02-24,2820.0,17.3,44000.0,0.0,198.0,2500.0,0.0,2535.0,2535.0,2535.0,-3.348,2026-01-28 09:13:02,659
ASIANPAINT,2026-02-24,2840.0,14.85,75000.0,0.0,176.75,20000.0,0.0,2535.0,2535.0,2535.0,-3.348,2026-01-28 09:13:02,3810
ASIANPAINT,2026-02-24,2860.0,12.6,65250.0,0.0,163.0,1250.0,0.0,2535.0,2535.0,2535.0,-3.348,2026-01-28 09:13:02,6882
ASIANPAINT,2026-02-24,2880.0,10.75,25000.0,0.0,256.45,8250.0,0.0,2535.0,2535.0,2535.0,-3.348,2026-01-28 09:13:02,10391
ASIANPAINT,2026-02-24,2900.0,9.4,264500.0,0.0,272.2,43500.0,0.0,2535.0,2535.0,2535.0,-3.348,2026-01-28 09:13:02,13719
ASIANPAINT,2026-02-24,2920.0,8.15,48250.0,0.0,292.45,3000.0,0.0,2535.0,2535.0,2535.0,-3.348,2026-01-28 09:13:02,16913
ASIANPAINT,2026-02-24,2940.0,7.1,51750.0,0.0,299.95,2500.0,0.0,2535.0,2535.0,2535.0,-3.348,2026-01-28 09:13:02,21097
ASIANPAINT,2026-02-24,2960.0,6.15,43750.0,0.0,200.0,1250.0,0.0,2535.0,2535.0,2535.0,-3.348,2026-01-28 09:13:02,25399
ASIANPAINT,2026-02-24,2980.0,5.6,18500.0,0.0,0.0,0.0,0.0,2535.0,2535.0,2535.0,-3.348,2026-01-28 09:13:02,29832
ASIANPAINT,2026-02-24,3000.0,5.1,433500.0,0.0,369.0,20000.0,0.0,2535.0,2535.0,2535.0,-3.348,2026-01-28 09:13:02,34310
ASIANPAINT,2026-02-24,3020.0,4.15,10750.0,0.0,340.0,250.0,0.0,2535.0,2535.0,2535.0,-3.348,2026-01-28 09:13:02,39167
ASIANPAINT,2026-02-24,3040.0,3.3,25500.0,0.0,250.05,0.0,0.0,2535.0,2535.0,2535.0,-3.348,2026-01-28 09:13:02,44560
ASIANPAINT,2026-02-24,3060.0,0.0,0.0,0.0,0.0,0.0,0.0,2535.0,2535.0,2535.0,-3.348,2026-01-28 09:13:02,50016
ASIANPAINT,2026-02-24,3080.0,2.95,11000.0,0.0,455.0,500.0,0.0,2535.0,2535.0,2535.0,-3.348,2026-01-28 09:13:02,55463
ASIANPAINT,2026-02-24,3100.0,2.9,56000.0,0.0,420.0,2250.0,0.0,2535.0,2535.0,2535.0,-3.348,2026-01-28 09:13:02,60914
ASIANPAINT,2026-02-24,3120.0,6.8,3250.0,0.0,480.0,250.0,0.0,2535.0,2535.0,2535.0,-3.348,2026-01-28 09:13:02,66423
ASIANPAINT,2026-02-24,3140.0,3.45,7000.0,0.0,355.4,250.0,0.0,2535.0,2535.0,2535.0,-3.348,2026-01-28 09:13:02,72007
ASIANPAINT,2026-02-24,3160.0,2.0,5250.0,0.0,0.0,0.0,0.0,2535.0,2535.0,2535.0,-3.348,2026-01-28 09:13:02,77609
ASIANPAINT,2026-02-24,3200.0,1.85,65500.0,0.0,0.0,0.0,0.0,2535.0,2535.0,2535.0,-3.348,2026-01-28 09:13:02,88848
ASIANPAINT,2026-02-24,3240.0,1.55,14000.0,0.0,0.0,0.0,0.0,2535.0,2535.0,2535.0,-3.348,2026-01-28 09:13:02,100360
ASIANPAINT,2026-02-24,3280.0,1.15,12750.0,0.0,0.0,0.0,0.0,2535.0,2535.0,2535.0,-3.348,2026-01-28 09:13:02,111918
ASTRAL,2026-02-24,1160.0,218.7,2550.0,0.0,3.55,16150.0,0.0,1397.0,1397.0,1397.0,-0.25,2026-01-28 09:13:02,11668
ASTRAL,2026-02-24,1200.0,142.0,1700.0,0.0,5.2,20400.0,0.0,1397.0,1397.0,1397.0,-0.25,2026-01-28 09:13:02,9406
ASTRAL,2026-02-24,1220.0,0.0,0.0,0.0,0.0,0.0,0.0,1397.0,1397.0,1397.0,-0.25,2026-01-28 09:13:02,8308
ASTRAL,2026-02-24,1240.0,0.0,0.0,0.0,12.1,17000.0,0.0,1397.0,1397.0,1397.0,-0.25,2026-01-28 09:13:02,7196
ASTRAL,2026-02-24,1260.0,0.0,0.0,0.0,11.0,7225.0,0.0,1397.0,1397.0,1397.0,-0.25,2026-01-28 09:13:02,6098
ASTRAL,2026-02-24,1280.0,217.55,850.0,0.0,11.5,20825.0,0.0,1397.0,1397.0,1397.0,-0.25,2026-01-28 09:13:02,5027
ASTRAL,2026-02-24,1300.0,112.65,425.0,0.0,17.15,73100.0,0.0,1397.0,1397.0,1397.0,-0.25,2026-01-28 09:13:02,4001
ASTRAL,2026-02-24,1320.0,83.65,0.0,0.0,21.35,37825.0,0.0,1397.0,1397.0,1397.0,-0.25,2026-01-28 09:13:02,3008
ASTRAL,2026-02-24,1340.0,82.75,6800.0,0.0,26.25,12750.0,0.0,1397.0,1397.0,1397.0,-0.25,2026-01-28 09:13:02,2130
ASTRAL,2026-02-24,1360.0,60.0,19125.0,0.0,33.35,50150.0,0.0,1397.0,1397.0,1397.0,-0.25,2026-01-28 09:13:02,1394
ASTRAL,2026-02-24,1380.0,59.85,40375.0,0.0,40.95,45900.0,0.0,1397.0,1397.0,1397.0,-0.25,2026-01-28 09:13:02,722
ASTRAL,2026-02-24,1400.0,50.4,104975.0,0.0,51.5,116025.0,0.0,1397.0,1397.0,1397.0,-0.25,2026-01-28 09:13:02,329
ASTRAL,2026-02-24,1420.0,39.95,9350.0,0.0,65.0,14025.0,0.0,1397.0,1397.0,1397.0,-0.25,2026-01-28 09:13:02,255
ASTRAL,2026-02-24,1440.0,32.8,21250.0,0.0,70.5,10200.0,0.0,1397.0,1397.0,1397.0,-0.25,2026-01-28 09:13:02,243
ASTRAL,2026-02-24,1460.0,25.05,16575.0,0.0,89.0,22525.0,0.0,1397.0,1397.0,1397.0,-0.25,2026-01-28 09:13:02,345
ASTRAL,2026-02-24,1480.0,20.05,16575.0,0.0,115.0,1700.0,0.0,1397.0,1397.0,1397.0,-0.25,2026-01-28 09:13:02,369
ASTRAL,2026-02-24,1500.0,15.35,153425.0,0.0,116.55,91375.0,0.0,1397.0,1397.0,1397.0,-0.25,2026-01-28 09:13:02,602
ASTRAL,2026-02-24,1520.0,12.05,64600.0,0.0,150.2,7650.0,0.0,1397.0,1397.0,1397.0,-0.25,2026-01-28 09:13:02,481
ASTRAL,2026-02-24,1540.0,9.35,63750.0,0.0,166.55,850.0,0.0,1397.0,1397.0,1397.0,-0.25,2026-01-28 09:13:02,1298
ASTRAL,2026-02-24,1560.0,7.2,32725.0,0.0,184.75,4675.0,0.0,1397.0,1397.0,1397.0,-0.25,2026-01-28 09:13:02,2326
ASTRAL,2026-02-24,1580.0,5.45,63750.0,0.0,238.95,425.0,0.0,1397.0,1397.0,1397.0,-0.25,2026-01-28 09:13:02,3320
ASTRAL,2026-02-24,1600.0,4.1,104975.0,0.0,203.75,21250.0,0.0,1397.0,1397.0,1397.0,-0.25,2026-01-28 09:13:02,4531
ASTRAL,2026-02-24,1620.0,3.95,17850.0,0.0,0.0,0.0,0.0,1397.0,1397.0,1397.0,-0.25,2026-01-28 09:13:02,5579
ASTRAL,2026-02-24,1640.0,2.55,10625.0,0.0,247.0,1275.0,0.0,1397.0,1397.0,1397.0,-0.25,2026-01-28 09:13:02,7060
ASTRAL,2026-02-24,1680.0,6.0,425.0,0.0,305.0,425.0,0.0,1397.0,1397.0,1397.0,-0.25,2026-01-28 09:13:02,10027
ASTRAL,2026-02-24,1720.0,0.0,0.0,0.0,334.0,2975.0,0.0,1397.0,1397.0,1397.0,-0.25,2026-01-28 09:13:02,13013
AUBANK,2026-02-24,820.0,0.0,0.0,0.0,2.35,6000.0,0.0,965.0,965.0,965.0,0.15,2026-01-28 09:13:02,28906
AUBANK,2026-02-24,840.0,117.15,45000.0,0.0,3.35,47000.0,0.0,965.0,965.0,965.0,0.15,2026-01-28 09:13:02,23187
AUBANK,2026-02-24,860.0,108.65,14000.0,0.0,4.85,105000.0,0.0,965.0,965.0,965.0,0.15,2026-01-28 09:13:02,18164
AUBANK,2026-02-24,870.0,0.0,0.0,0.0,5.95,24000.0,0.0,965.0,965.0,965.0,0.15,2026-01-28 09:13:02,15617
AUBANK,2026-02-24,880.0,0.0,0.0,0.0,6.95,80000.0,0.0,965.0,965.0,965.0,0.15,2026-01-28 09:13:02,12979
AUBANK,2026-02-24,890.0,0.0,0.0,0.0,8.65,16000.0,0.0,965.0,965.0,965.0,0.15,2026-01-28 09:13:02,10379
AUBANK,2026-02-24,900.0,73.8,10000.0,0.0,10.15,325000.0,0.0,965.0,965.0,965.0,0.15,2026-01-28 09:13:02,7838
AUBANK,2026-02-24,910.0,106.0,4000.0,0.0,12.3,23000.0,0.0,965.0,965.0,965.0,0.15,2026-01-28 09:13:02,5389
AUBANK,2026-02-24,920.0,61.5,33000.0,0.0,14.25,136000.0,0.0,965.0,965.0,965.0,0.15,2026-01-28 09:13:02,3237
AUBANK,2026-02-24,930.0,54.85,4000.0,0.0,17.2,96000.0,0.0,965.0,965.0,965.0,0.15,2026-01-28 09:13:02,1249
AUBANK,2026-02-24,940.0,47.8,18000.0,0.0,20.5,201000.0,0.0,965.0,965.0,965.0,0.15,2026-01-28 09:13:02,-790
AUBANK,2026-02-24,950.0,41.95,256000.0,0.0,24.05,1046000.0,0.0,965.0,965.0,965.0,0.15,2026-01-28 09:13:02,-2794
AUBANK,2026-02-24,960.0,36.15,139000.0,0.0,28.0,138000.0,0.0,965.0,965.0,965.0,0.15,2026-01-28 09:13:02,-4612
AUBANK,2026-02-24,970.0,30.5,282000.0,0.0,33.3,88000.0,0.0,965.0,965.0,965.0,0.15,2026-01-28 09:13:02,-4595
AUBANK,2026-02-24,980.0,26.2,179000.0,0.0,38.4,102000.0,0.0,965.0,965.0,965.0,0.15,2026-01-28 09:13:02,-3757
AUBANK,2026-02-24,990.0,22.1,169000.0,0.0,42.25,57000.0,0.0,965.0,965.0,965.0,0.15,2026-01-28 09:13:02,-3128
AUBANK,2026-02-24,1000.0,18.6,500000.0,0.0,48.95,203000.0,0.0,965.0,965.0,965.0,0.15,2026-01-28 09:13:02,-2217
AUBANK,2026-02-24,1010.0,15.5,137000.0,0.0,60.0,70000.0,0.0,965.0,965.0,965.0,0.15,2026-01-28 09:13:02,-800
AUBANK,2026-02-24,1020.0,12.8,262000.0,0.0,69.15,37000.0,0.0,965.0,965.0,965.0,0.15,2026-01-28 09:13:02,680
AUBANK,2026-02-24,1030.0,10.5,120000.0,0.0,72.0,24000.0,0.0,965.0,965.0,965.0,0.15,2026-01-28 09:13:02,2746
AUBANK,2026-02-24,1040.0,8.8,108000.0,0.0,92.9,9000.0,0.0,965.0,965.0,965.0,0.15,2026-01-28 09:13:02,4830
AUBANK,2026-02-24,1050.0,7.3,324000.0,0.0,98.0,20000.0,0.0,965.0,965.0,965.0,0.15,2026-01-28 09:13:02,7090
AUBANK,2026-02-24,1060.0,5.85,118000.0,0.0,83.15,2000.0,0.0,965.0,965.0,965.0,0.15,2026-01-28 09:13:02,9722
AUBANK,2026-02-24,1070.0,4.95,29000.0,0.0,89.55,2000.0,0.0,965.0,965.0,965.0,0.15,2026-01-28 09:13:02,12487
AUBANK,2026-02-24,1080.0,4.15,157000.0,0.0,106.25,1000.0,0.0,965.0,965.0,965.0,0.15,2026-01-28 09:13:02,15226
AUBANK,2026-02-24,1090.0,3.35,27000.0,0.0,107.35,2000.0,0.0,965.0,965.0,965.0,0.15,2026-01-28 09:13:02,18182
AUBANK,2026-02-24,1100.0,3.0,312000.0,0.0,149.05,2000.0,0.0,965.0,965.0,965.0,0.15,2026-01-28 09:13:02,21099
AUBANK,2026-02-24,1110.0,0.0,0.0,0.0,126.95,2000.0,0.0,965.0,965.0,965.0,0.15,2026-01-28 09:13:02,24407
AUBANK,2026-02-24,1120.0,2.2,97000.0,0.0,135.0,1000.0,0.0,965.0,965.0,965.0,0.15,2026-01-28 09:13:02,27628
AUBANK,2026-02-24,1130.0,2.4,2000.0,0.0,0.0,0.0,0.0,965.0,965.0,965.0,0.15,2026-01-28 09:13:02,30980
AUBANK,2026-02-24,1140.0,2.75,11000.0,0.0,0.0,0.0,0.0,965.0,965.0,965.0,0.15,2026-01-28 09:13:02,34326
AUBANK,2026-02-24,1150.0,2.4,2000.0,0.0,0.0,0.0,0.0,965.0,965.0,965.0,0.15,2026-01-28 09:13:02,37686
AUBANK,2026-02-24,1160.0,1.15,139000.0,0.0,0.0,0.0,0.0,965.0,965.0,965.0,0.15,2026-01-28 09:13:02,41046
AUBANK,2026-02-24,1170.0,2.2,1000.0,0.0,0.0,0.0,0.0,965.0,965.0,965.0,0.15,2026-01-28 09:13:02,44559
AUROPHARMA,2026-02-24,940.0,0.0,0.0,0.0,0.0,0.0,0.0,1133.0,1133.0,1133.0,0.292,2026-01-28 09:13:02,24805
AUROPHARMA,2026-02-24,960.0,0.0,0.0,0.0,4.0,7150.0,0.0,1133.0,1133.0,1133.0,0.292,2026-01-28 09:13:02,22177
AUROPHARMA,2026-02-24,980.0,0.0,0.0,0.0,0.0,0.0,0.0,1133.0,1133.0,1133.0,0.292,2026-01-28 09:13:02,19561
AUROPHARMA,2026-02-24,1000.0,152.0,550.0,0.0,7.3,102850.0,0.0,1133.0,1133.0,1133.0,0.292,2026-01-28 09:13:02,16947
AUROPHARMA,2026-02-24,1010.0,0.0,0.0,0.0,0.0,0.0,0.0,1133.0,1133.0,1133.0,0.292,2026-01-28 09:13:02,15677
AUROPHARMA,2026-02-24,1020.0,0.0,0.0,0.0,6.25,4400.0,0.0,1133.0,1133.0,1133.0,0.292,2026-01-28 09:13:02,14474
AUROPHARMA,2026-02-24,1030.0,0.0,0.0,0.0,0.0,0.0,0.0,1133.0,1133.0,1133.0,0.292,2026-01-28 09:13:02,13272
AUROPHARMA,2026-02-24,1040.0,0.0,0.0,0.0,12.3,42900.0,0.0,1133.0,1133.0,1133.0,0.292,2026-01-28 09:13:02,12073
AUROPHARMA,2026-02-24,1050.0,93.0,550.0,0.0,13.65,11550.0,0.0,1133.0,1133.0,1133.0,0.292,2026-01-28 09:13:02,10864
AUROPHARMA,2026-02-24,1060.0,91.0,1100.0,0.0,15.6,550.0,0.0,1133.0,1133.0,1133.0,0.292,2026-01-28 09:13:02,9709
AUROPHARMA,2026-02-24,1070.0,0.0,0.0,0.0,0.0,0.0,0.0,1133.0,1133.0,1133.0,0.292,2026-01-28 09:13:02,8576
AUROPHARMA,2026-02-24,1080.0,0.0,0.0,0.0,21.1,61050.0,0.0,1133.0,1133.0,1133.0,0.292,2026-01-28 09:13:02,7434
AUROPHARMA,2026-02-24,1090.0,0.0,0.0,0.0,0.0,0.0,0.0,1133.0,1133.0,1133.0,0.292,2026-01-28 09:13:02,6224
AUROPHARMA,2026-02-24,1100.0,64.95,36300.0,0.0,26.05,254650.0,0.0,1133.0,1133.0,1133.0,0.292,2026-01-28 09:13:02,5142
AUROPHARMA,2026-02-24,1110.0,50.15,550.0,0.0,29.6,3850.0,0.0,1133.0,1133.0,1133.0,0.292,2026-01-28 09:13:02,3924
AUROPHARMA,2026-02-24,1120.0,49.5,550.0,0.0,33.55,35750.0,0.0,1133.0,1133.0,1133.0,0.292,2026-01-28 09:13:02,3130
AUROPHARMA,2026-02-24,1130.0,45.55,46200.0,0.0,37.9,32450.0,0.0,1133.0,1133.0,1133.0,0.292,2026-01-28 09:13:02,2263
AUROPHARMA,2026-02-24,1140.0,40.4,143550.0,0.0,42.1,143000.0,0.0,1133.0,1133.0,1133.0,0.292,2026-01-28 09:13:02,1679
AUROPHARMA,2026-02-24,1150.0,35.65,91300.0,0.0,47.25,36300.0,0.0,1133.0,1133.0,1133.0,0.292,2026-01-28 09:13:02,1273
AUROPHARMA,2026-02-24,1160.0,31.7,26950.0,0.0,56.3,34100.0,0.0,1133.0,1133.0,1133.0,0.292,2026-01-28 09:13:02,1170
AUROPHARMA,2026-02-24,1170.0,27.05,3850.0,0.0,54.8,3300.0,0.0,1133.0,1133.0,1133.0,0.292,2026-01-28 09:13:02,868
AUROPHARMA,2026-02-24,1180.0,23.3,36300.0,0.0,65.0,15400.0,0.0,1133.0,1133.0,1133.0,0.292,2026-01-28 09:13:02,671
AUROPHARMA,2026-02-24,1190.0,0.0,0.0,0.0,75.55,11000.0,0.0,1133.0,1133.0,1133.0,0.292,2026-01-28 09:13:02,519
AUROPHARMA,2026-02-24,1200.0,17.2,257950.0,0.0,77.6,377300.0,0.0,1133.0,1133.0,1133.0,0.292,2026-01-28 09:13:02,310
AUROPHARMA,2026-02-24,1210.0,0.0,0.0,0.0,0.0,0.0,0.0,1133.0,1133.0,1133.0,0.292,2026-01-28 09:13:02,-1664
AUROPHARMA,2026-02-24,1220.0,12.45,26950.0,0.0,99.35,9350.0,0.0,1133.0,1133.0,1133.0,0.292,2026-01-28 09:13:02,-1155
AUROPHARMA,2026-02-24,1230.0,0.0,0.0,0.0,0.0,0.0,0.0,1133.0,1133.0,1133.0,0.292,2026-01-28 09:13:02,-668
AUROPHARMA,2026-02-24,1240.0,9.55,48400.0,0.0,117.5,17050.0,0.0,1133.0,1133.0,1133.0,0.292,2026-01-28 09:13:02,-123
AUROPHARMA,2026-02-24,1250.0,7.85,54450.0,0.0,114.0,1100.0,0.0,1133.0,1133.0,1133.0,0.292,2026-01-28 09:13:02,333
AUROPHARMA,2026-02-24,1260.0,7.65,11000.0,0.0,124.7,1650.0,0.0,1133.0,1133.0,1133.0,0.292,2026-01-28 09:13:02,1030
AUROPHARMA,2026-02-24,1270.0,0.0,0.0,0.0,0.0,0.0,0.0,1133.0,1133.0,1133.0,0.292,2026-01-28 09:13:02,1697
AUROPHARMA,2026-02-24,1280.0,5.2,6600.0,0.0,148.0,63800.0,0.0,1133.0,1133.0,1133.0,0.292,2026-01-28 09:13:02,2376
AUROPHARMA,2026-02-24,1290.0,4.25,90200.0,0.0,0.0,0.0,0.0,1133.0,1133.0,1133.0,0.292,2026-01-28 09:13:02,2185
AUROPHARMA,2026-02-24,1300.0,3.45,138600.0,0.0,175.0,33550.0,0.0,1133.0,1133.0,1133.0,0.292,2026-01-28 09:13:02,3063
AUROPHARMA,2026-02-24,1310.0,0.0,0.0,0.0,0.0,0.0,0.0,1133.0,1133.0,1133.0,0.292,2026-01-28 09:13:02,3536
AUROPHARMA,2026-02-24,1320.0,3.9,550.0,0.0,158.3,2200.0,0.0,1133.0,1133.0,1133.0,0.292,2026-01-28 09:13:02,4548
AUROPHARMA,2026-02-24,1330.0,0.0,0.0,0.0,0.0,0.0,0.0,1133.0,1133.0,1133.0,0.292,2026-01-28 09:13:02,5528
AUROPHARMA,2026-02-24,1340.0,5.55,1650.0,0.0,197.0,3300.0,0.0,1133.0,1133.0,1133.0,0.292,2026-01-28 09:13:02,6543
AUROPHARMA,2026-02-24,1350.0,2.5,4400.0,0.0,211.3,1100.0,0.0,1133.0,1133.0,1133.0,0.292,2026-01-28 09:13:02,7498
AUROPHARMA,2026-02-24,1360.0,2.2,4950.0,0.0,220.75,1100.0,0.0,1133.0,1133.0,1133.0,0.292,2026-01-28 09:13:02,8501
AUROPHARMA,2026-02-24,1380.0,0.0,0.0,0.0,0.0,0.0,0.0,1133.0,1133.0,1133.0,0.292,2026-01-28 09:13:02,10541
AUROPHARMA,2026-02-24,1400.0,0.0,0.0,0.0,259.55,1100.0,0.0,1133.0,1133.0,1133.0,0.292,2026-01-28 09:13:02,12603
AUROPHARMA,2026-02-24,1420.0,0.0,0.0,0.0,278.9,1100.0,0.0,1133.0,1133.0,1133.0,0.292,2026-01-28 09:13:02,14639
AXISBANK,2026-02-24,1060.0,0.0,0.0,0.0,2.8,1250.0,0.0,1348.0,1348.0,1348.0,2.447,2026-01-28 09:13:02,185636
AXISBANK,2026-02-24,1080.0,0.0,0.0,0.0,1.45,8750.0,0.0,1348.0,1348.0,1348.0,2.447,2026-01-28 09:13:02,165766
AXISBANK,2026-02-24,1100.0,222.0,5000.0,0.0,1.9,101875.0,0.0,1348.0,1348.0,1348.0,2.447,2026-01-28 09:13:02,145912
AXISBANK,2026-02-24,1120.0,0.0,0.0,0.0,2.15,31875.0,0.0,1348.0,1348.0,1348.0,2.447,2026-01-28 09:13:02,126365
AXISBANK,2026-02-24,1140.0,0.0,0.0,0.0,2.85,14375.0,0.0,1348.0,1348.0,1348.0,2.447,2026-01-28 09:13:02,106783
AXISBANK,2026-02-24,1150.0,172.4,16250.0,0.0,3.2,100625.0,0.0,1348.0,1348.0,1348.0,2.447,2026-01-28 09:13:02,97006
AXISBANK,2026-02-24,1160.0,162.65,9375.0,0.0,3.3,29375.0,0.0,1348.0,1348.0,1348.0,2.447,2026-01-28 09:13:02,87597
AXISBANK,2026-02-24,1170.0,153.35,4375.0,0.0,3.85,58125.0,0.0,1348.0,1348.0,1348.0,2.447,2026-01-28 09:13:02,78123
AXISBANK,2026-02-24,1180.0,143.95,1875.0,0.0,4.6,230000.0,0.0,1348.0,1348.0,1348.0,2.447,2026-01-28 09:13:02,68612
AXISBANK,2026-02-24,1190.0,99.35,625.0,0.0,5.15,35625.0,0.0,1348.0,1348.0,1348.0,2.447,2026-01-28 09:13:02,59211
AXISBANK,2026-02-24,1200.0,129.0,176875.0,0.0,6.1,438125.0,0.0,1348.0,1348.0,1348.0,2.447,2026-01-28 09:13:02,49912
AXISBANK,2026-02-24,1210.0,80.8,1250.0,0.0,7.05,60625.0,0.0,1348.0,1348.0,1348.0,2.447,2026-01-28 09:13:02,43254
AXISBANK,2026-02-24,1220.0,112.2,35625.0,0.0,8.25,240000.0,0.0,1348.0,1348.0,1348.0,2.447,2026-01-28 09:13:02,34611
AXISBANK,2026-02-24,1230.0,94.6,2500.0,0.0,9.4,654375.0,0.0,1348.0,1348.0,1348.0,2.447,2026-01-28 09:13:02,26479
AXISBANK,2026-02-24,1240.0,97.45,73750.0,0.0,10.85,536875.0,0.0,1348.0,1348.0,1348.0,2.447,2026-01-28 09:13:02,18210
AXISBANK,2026-02-24,1250.0,85.95,134375.0,0.0,12.15,1455000.0,0.0,1348.0,1348.0,1348.0,2.447,2026-01-28 09:13:02,11279
AXISBANK,2026-02-24,1260.0,78.85,186875.0,0.0,13.6,270000.0,0.0,1348.0,1348.0,1348.0,2.447,2026-01-28 09:13:02,5189
AXISBANK,2026-02-24,1270.0,70.6,154375.0,0.0,15.45,205625.0,0.0,1348.0,1348.0,1348.0,2.447,2026-01-28 09:13:02,1274
AXISBANK,2026-02-24,1280.0,62.5,168750.0,0.0,17.7,392500.0,0.0,1348.0,1348.0,1348.0,2.447,2026-01-28 09:13:02,-2613
AXISBANK,2026-02-24,1290.0,54.45,93750.0,0.0,20.1,613750.0,0.0,1348.0,1348.0,1348.0,2.447,2026-01-28 09:13:02,-6352
AXISBANK,2026-02-24,1300.0,48.55,890625.0,0.0,23.25,1220000.0,0.0,1348.0,1348.0,1348.0,2.447,2026-01-28 09:13:02,-10467
AXISBANK,2026-02-24,1310.0,41.5,448125.0,0.0,27.0,683750.0,0.0,1348.0,1348.0,1348.0,2.447,2026-01-28 09:13:02,-10261
AXISBANK,2026-02-24,1320.0,36.1,1061875.0,0.0,30.65,1131250.0,0.0,1348.0,1348.0,1348.0,2.447,2026-01-28 09:13:02,-10397
AXISBANK,2026-02-24,1330.0,30.95,800625.0,0.0,34.9,683750.0,0.0,1348.0,1348.0,1348.0,2.447,2026-01-28 09:13:02,-7987
AXISBANK,2026-02-24,1340.0,25.75,323125.0,0.0,41.0,403750.0,0.0,1348.0,1348.0,1348.0,2.447,2026-01-28 09:13:02,-4367
AXISBANK,2026-02-24,1350.0,21.5,1105000.0,0.0,46.5,222500.0,0.0,1348.0,1348.0,1348.0,2.447,2026-01-28 09:13:02,-936
AXISBANK,2026-02-24,1360.0,18.3,241250.0,0.0,52.6,41875.0,0.0,1348.0,1348.0,1348.0,2.447,2026-01-28 09:13:02,5987
AXISBANK,2026-02-24,1370.0,15.35,95625.0,0.0,60.1,9375.0,0.0,1348.0,1348.0,1348.0,2.447,2026-01-28 09:13:02,12074
AXISBANK,2026-02-24,1380.0,13.0,166875.0,0.0,71.25,14375.0,0.0,1348.0,1348.0,1348.0,2.447,2026-01-28 09:13:02,18135
AXISBANK,2026-02-24,1390.0,10.95,126875.0,0.0,79.5,14375.0,0.0,1348.0,1348.0,1348.0,2.447,2026-01-28 09:13:02,24401
AXISBANK,2026-02-24,1400.0,9.3,1088125.0,0.0,82.75,28750.0,0.0,1348.0,1348.0,1348.0,2.447,2026-01-28 09:13:02,30719
AXISBANK,2026-02-24,1410.0,7.85,98125.0,0.0,90.3,3125.0,0.0,1348.0,1348.0,1348.0,2.447,2026-01-28 09:13:02,38903
AXISBANK,2026-02-24,1420.0,6.2,216875.0,0.0,0.0,0.0,0.0,1348.0,1348.0,1348.0,2.447,2026-01-28 09:13:02,46463
AXISBANK,2026-02-24,1430.0,5.35,156250.0,0.0,113.5,625.0,0.0,1348.0,1348.0,1348.0,2.447,2026-01-28 09:13:02,54326
AXISBANK,2026-02-24,1440.0,4.7,203750.0,0.0,0.0,0.0,0.0,1348.0,1348.0,1348.0,2.447,2026-01-28 09:13:02,62287
AXISBANK,2026-02-24,1450.0,3.65,28125.0,0.0,0.0,0.0,0.0,1348.0,1348.0,1348.0,2.447,2026-01-28 09:13:02,70472
AXISBANK,2026-02-24,1460.0,3.25,101250.0,0.0,0.0,0.0,0.0,1348.0,1348.0,1348.0,2.447,2026-01-28 09:13:02,78599
AXISBANK,2026-02-24,1470.0,0.0,0.0,0.0,0.0,0.0,0.0,1348.0,1348.0,1348.0,2.447,2026-01-28 09:13:02,86850
AXISBANK,2026-02-24,1480.0,2.4,51875.0,0.0,0.0,0.0,0.0,1348.0,1348.0,1348.0,2.447,2026-01-28 09:13:02,95068
AXISBANK,2026-02-24,1490.0,0.0,0.0,0.0,0.0,0.0,0.0,1348.0,1348.0,1348.0,2.447,2026-01-28 09:13:02,103350
AXISBANK,2026-02-24,1500.0,1.95,368125.0,0.0,0.0,0.0,0.0,1348.0,1348.0,1348.0,2.447,2026-01-28 09:13:02,111620
AXISBANK,2026-02-24,1520.0,0.0,0.0,0.0,0.0,0.0,0.0,1348.0,1348.0,1348.0,2.447,2026-01-28 09:13:02,128968
BAJAJ-AUTO,2026-02-24,7600.0,0.0,0.0,0.0,4.15,2400.0,0.0,9500.0,9500.0,9500.0,0.084,2026-01-28 09:13:02,40318
BAJAJ-AUTO,2026-02-24,7800.0,1400.0,75.0,0.0,0.0,0.0,0.0,9500.0,9500.0,9500.0,0.084,2026-01-28 09:13:02,33774
BAJAJ-AUTO,2026-02-24,8000.0,1530.0,75.0,0.0,12.3,10500.0,0.0,9500.0,9500.0,9500.0,0.084,2026-01-28 09:13:02,27243
BAJAJ-AUTO,2026-02-24,8200.0,0.0,0.0,0.0,30.0,75.0,0.0,9500.0,9500.0,9500.0,0.084,2026-01-28 09:13:02,20911
BAJAJ-AUTO,2026-02-24,8300.0,0.0,0.0,0.0,29.6,4500.0,0.0,9500.0,9500.0,9500.0,0.084,2026-01-28 09:13:02,17747
BAJAJ-AUTO,2026-02-24,8400.0,0.0,0.0,0.0,36.4,3675.0,0.0,9500.0,9500.0,9500.0,0.084,2026-01-28 09:13:02,14614
BAJAJ-AUTO,2026-02-24,8500.0,760.0,75.0,0.0,43.8,14775.0,0.0,9500.0,9500.0,9500.0,0.084,2026-01-28 09:13:02,11518
BAJAJ-AUTO,2026-02-24,8600.0,880.0,1050.0,0.0,52.55,16200.0,0.0,9500.0,9500.0,9500.0,0.084,2026-01-28 09:13:02,8525
BAJAJ-AUTO,2026-02-24,8700.0,860.0,300.0,0.0,64.8,10200.0,0.0,9500.0,9500.0,9500.0,0.084,2026-01-28 09:13:02,5771
BAJAJ-AUTO,2026-02-24,8800.0,800.0,450.0,0.0,81.15,65175.0,0.0,9500.0,9500.0,9500.0,0.084,2026-01-28 09:13:02,3074
BAJAJ-AUTO,2026-02-24,8900.0,595.0,75.0,0.0,95.2,5400.0,0.0,9500.0,9500.0,9500.0,0.084,2026-01-28 09:13:02,581
BAJAJ-AUTO,2026-02-24,9000.0,646.1,3750.0,0.0,114.55,37350.0,0.0,9500.0,9500.0,9500.0,0.084,2026-01-28 09:13:02,-1410
BAJAJ-AUTO,2026-02-24,9100.0,558.75,1575.0,0.0,139.4,11625.0,0.0,9500.0,9500.0,9500.0,0.084,2026-01-28 09:13:02,-3130
BAJAJ-AUTO,2026-02-24,9200.0,501.0,8025.0,0.0,163.3,29850.0,0.0,9500.0,9500.0,9500.0,0.084,2026-01-28 09:13:02,-4607
BAJAJ-AUTO,2026-02-24,9300.0,428.95,12375.0,0.0,199.85,22950.0,0.0,9500.0,9500.0,9500.0,0.084,2026-01-28 09:13:02,-5716
BAJAJ-AUTO,2026-02-24,9400.0,368.7,24450.0,0.0,233.85,32250.0,0.0,9500.0,9500.0,9500.0,0.084,2026-01-28 09:13:02,-6314
BAJAJ-AUTO,2026-02-24,9500.0,311.4,49575.0,0.0,278.05,32400.0,0.0,9500.0,9500.0,9500.0,0.084,2026-01-28 09:13:02,-6271
BAJAJ-AUTO,2026-02-24,9600.0,261.0,57150.0,0.0,332.3,6000.0,0.0,9500.0,9500.0,9500.0,0.084,2026-01-28 09:13:02,-4912
BAJAJ-AUTO,2026-02-24,9700.0,212.5,61350.0,0.0,438.05,1725.0,0.0,9500.0,9500.0,9500.0,0.084,2026-01-28 09:13:02,-2272
BAJAJ-AUTO,2026-02-24,9800.0,178.6,19875.0,0.0,438.35,2175.0,0.0,9500.0,9500.0,9500.0,0.084,2026-01-28 09:13:02,934
BAJAJ-AUTO,2026-02-24,9900.0,146.4,11325.0,0.0,560.2,75.0,0.0,9500.0,9500.0,9500.0,0.084,2026-01-28 09:13:02,3393
BAJAJ-AUTO,2026-02-24,10000.0,118.15,63975.0,0.0,574.85,10425.0,0.0,9500.0,9500.0,9500.0,0.084,2026-01-28 09:13:02,5867
BAJAJ-AUTO,2026-02-24,10100.0,95.65,1575.0,0.0,0.0,0.0,0.0,9500.0,9500.0,9500.0,0.084,2026-01-28 09:13:02,9081
BAJAJ-AUTO,2026-02-24,10200.0,75.3,13125.0,0.0,0.0,0.0,0.0,9500.0,9500.0,9500.0,0.084,2026-01-28 09:13:02,12169
BAJAJ-AUTO,2026-02-24,10300.0,61.35,4950.0,0.0,0.0,0.0,0.0,9500.0,9500.0,9500.0,0.084,2026-01-28 09:13:02,15472
BAJAJ-AUTO,2026-02-24,10400.0,49.85,14925.0,0.0,1180.0,225.0,0.0,9500.0,9500.0,9500.0,0.084,2026-01-28 09:13:02,18755
BAJAJ-AUTO,2026-02-24,10500.0,41.4,14400.0,0.0,996.7,9150.0,0.0,9500.0,9500.0,9500.0,0.084,2026-01-28 09:13:02,22208
BAJAJ-AUTO,2026-02-24,10600.0,35.05,1875.0,0.0,1276.95,300.0,0.0,9500.0,9500.0,9500.0,0.084,2026-01-28 09:13:02,24996
BAJAJ-AUTO,2026-02-24,10700.0,28.6,2025.0,0.0,0.0,0.0,0.0,9500.0,9500.0,9500.0,0.084,2026-01-28 09:13:02,28627
BAJAJ-AUTO,2026-02-24,10800.0,23.7,6900.0,0.0,0.0,0.0,0.0,9500.0,9500.0,9500.0,0.084,2026-01-28 09:13:02,32315
BAJAJ-AUTO,2026-02-24,11000.0,19.9,32775.0,0.0,1600.0,150.0,0.0,9500.0,9500.0,9500.0,0.084,2026-01-28 09:13:02,39835
BAJAJ-AUTO,2026-02-24,11200.0,0.0,0.0,0.0,0.0,0.0,0.0,9500.0,9500.0,9500.0,0.084,2026-01-28 09:13:02,48037
BAJAJFINSV,2026-02-24,1600.0,0.0,0.0,0.0,0.0,0.0,0.0,1924.0,1924.0,1924.0,0.329,2026-01-28 09:13:02,50296
BAJAJFINSV,2026-02-24,1640.0,0.0,0.0,0.0,4.9,4750.0,0.0,1924.0,1924.0,1924.0,0.329,2026-01-28 09:13:02,43677
BAJAJFINSV,2026-02-24,1680.0,249.65,31500.0,0.0,7.45,29250.0,0.0,1924.0,1924.0,1924.0,0.329,2026-01-28 09:13:02,37075
BAJAJFINSV,2026-02-24,1720.0,207.0,9500.0,0.0,10.45,11500.0,0.0,1924.0,1924.0,1924.0,0.329,2026-01-28 09:13:02,31483
BAJAJFINSV,2026-02-24,1740.0,0.0,0.0,0.0,13.05,21250.0,0.0,1924.0,1924.0,1924.0,0.329,2026-01-28 09:13:02,28531
BAJAJFINSV,2026-02-24,1760.0,225.85,750.0,0.0,15.9,22500.0,0.0,1924.0,1924.0,1924.0,0.329,2026-01-28 09:13:02,25409
BAJAJFINSV,2026-02-24,1780.0,0.0,0.0,0.0,18.75,11250.0,0.0,1924.0,1924.0,1924.0,0.329,2026-01-28 09:13:02,22343
BAJAJFINSV,2026-02-24,1800.0,154.3,13500.0,0.0,21.85,193500.0,0.0,1924.0,1924.0,1924.0,0.329,2026-01-28 09:13:02,19297
BAJAJFINSV,2026-02-24,1820.0,0.0,0.0,0.0,26.25,291750.0,0.0,1924.0,1924.0,1924.0,0.329,2026-01-28 09:13:02,16471
BAJAJFINSV,2026-02-24,1840.0,157.65,1000.0,0.0,30.85,35500.0,0.0,1924.0,1924.0,1924.0,0.329,2026-01-28 09:13:02,13678
BAJAJFINSV,2026-02-24,1860.0,152.0,500.0,0.0,37.25,12750.0,0.0,1924.0,1924.0,1924.0,0.329,2026-01-28 09:13:02,11630
BAJAJFINSV,2026-02-24,1880.0,134.0,0.0,0.0,43.6,25250.0,0.0,1924.0,1924.0,1924.0,0.329,2026-01-28 09:13:02,9662
BAJAJFINSV,2026-02-24,1900.0,81.2,71500.0,0.0,49.85,185250.0,0.0,1924.0,1924.0,1924.0,0.329,2026-01-28 09:13:02,7674
BAJAJFINSV,2026-02-24,1920.0,68.85,35750.0,0.0,59.35,46250.0,0.0,1924.0,1924.0,1924.0,0.329,2026-01-28 09:13:02,5967
BAJAJFINSV,2026-02-24,1940.0,57.05,101500.0,0.0,67.75,78750.0,0.0,1924.0,1924.0,1924.0,0.329,2026-01-28 09:13:02,4739
BAJAJFINSV,2026-02-24,1960.0,47.25,103250.0,0.0,77.75,81750.0,0.0,1924.0,1924.0,1924.0,0.329,2026-01-28 09:13:02,3945
BAJAJFINSV,2026-02-24,1980.0,38.95,70500.0,0.0,93.2,31250.0,0.0,1924.0,1924.0,1924.0,0.329,2026-01-28 09:13:02,3328
BAJAJFINSV,2026-02-24,2000.0,32.5,491750.0,0.0,104.75,141750.0,0.0,1924.0,1924.0,1924.0,0.329,2026-01-28 09:13:02,3045
BAJAJFINSV,2026-02-24,2020.0,25.55,49750.0,0.0,113.15,70750.0,0.0,1924.0,1924.0,1924.0,0.329,2026-01-28 09:13:02,4159
BAJAJFINSV,2026-02-24,2040.0,20.55,58250.0,0.0,134.7,100500.0,0.0,1924.0,1924.0,1924.0,0.329,2026-01-28 09:13:02,4728
BAJAJFINSV,2026-02-24,2060.0,16.85,70250.0,0.0,148.7,26750.0,0.0,1924.0,1924.0,1924.0,0.329,2026-01-28 09:13:02,5053
BAJAJFINSV,2026-02-24,2080.0,13.4,35250.0,0.0,165.0,1500.0,0.0,1924.0,1924.0,1924.0,0.329,2026-01-28 09:13:02,6527
BAJAJFINSV,2026-02-24,2100.0,10.85,134750.0,0.0,181.85,86750.0,0.0,1924.0,1924.0,1924.0,0.329,2026-01-28 09:13:02,8377
BAJAJFINSV,2026-02-24,2120.0,8.8,12750.0,0.0,79.2,250.0,0.0,1924.0,1924.0,1924.0,0.329,2026-01-28 09:13:02,9216
BAJAJFINSV,2026-02-24,2140.0,7.15,17750.0,0.0,162.3,6750.0,0.0,1924.0,1924.0,1924.0,0.329,2026-01-28 09:13:02,11521
BAJAJFINSV,2026-02-24,2160.0,5.65,54750.0,0.0,157.3,1250.0,0.0,1924.0,1924.0,1924.0,0.329,2026-01-28 09:13:02,13769
BAJAJFINSV,2026-02-24,2180.0,4.8,28750.0,0.0,234.2,250.0,0.0,1924.0,1924.0,1924.0,0.329,2026-01-28 09:13:02,16237
BAJAJFINSV,2026-02-24,2200.0,4.2,115250.0,0.0,281.65,48750.0,0.0,1924.0,1924.0,1924.0,0.329,2026-01-28 09:13:02,18760
BAJAJFINSV,2026-02-24,2220.0,3.55,10500.0,0.0,268.55,250.0,0.0,1924.0,1924.0,1924.0,0.329,2026-01-28 09:13:02,20279
BAJAJFINSV,2026-02-24,2240.0,3.2,14500.0,0.0,291.2,11250.0,0.0,1924.0,1924.0,1924.0,0.329,2026-01-28 09:13:02,23140
BAJAJFINSV,2026-02-24,2280.0,2.5,14250.0,0.0,355.0,12500.0,0.0,1924.0,1924.0,1924.0,0.329,2026-01-28 09:13:02,28649
BAJAJFINSV,2026-02-24,2320.0,1.75,22500.0,0.0,0.0,0.0,0.0,1924.0,1924.0,1924.0,0.329,2026-01-28 09:13:02,34148
BAJAJFINSV,2026-02-24,2360.0,0.0,0.0,0.0,399.0,1250.0,0.0,1924.0,1924.0,1924.0,0.329,2026-01-28 09:13:02,40181
BAJAJFINSV,2026-02-24,2400.0,0.0,0.0,0.0,461.25,61750.0,0.0,1924.0,1924.0,1924.0,0.329,2026-01-28 09:13:02,46165
BAJAJHLDNG,2026-02-24,9000.0,0.0,0.0,0.0,39.0,1700.0,0.0,10582.0,10582.0,10582.0,-0.255,2026-01-28 09:13:02,1075
BAJAJHLDNG,2026-02-24,9200.0,0.0,0.0,0.0,0.0,0.0,0.0,10582.0,10582.0,10582.0,-0.255,2026-01-28 09:13:02,880
BAJAJHLDNG,2026-02-24,9400.0,0.0,0.0,0.0,83.1,100.0,0.0,10582.0,10582.0,10582.0,-0.255,2026-01-28 09:13:02,692
BAJAJHLDNG,2026-02-24,9500.0,0.0,0.0,0.0,0.0,0.0,0.0,10582.0,10582.0,10582.0,-0.255,2026-01-28 09:13:02,599
BAJAJHLDNG,2026-02-24,9600.0,0.0,0.0,0.0,0.0,0.0,0.0,10582.0,10582.0,10582.0,-0.255,2026-01-28 09:13:02,506
BAJAJHLDNG,2026-02-24,9700.0,0.0,0.0,0.0,0.0,0.0,0.0,10582.0,10582.0,10582.0,-0.255,2026-01-28 09:13:02,413
BAJAJHLDNG,2026-02-24,9800.0,0.0,0.0,0.0,98.5,100.0,0.0,10582.0,10582.0,10582.0,-0.255,2026-01-28 09:13:02,320
BAJAJHLDNG,2026-02-24,9900.0,0.0,0.0,0.0,0.0,0.0,0.0,10582.0,10582.0,10582.0,-0.255,2026-01-28 09:13:02,227
BAJAJHLDNG,2026-02-24,10000.0,0.0,0.0,0.0,137.35,2750.0,0.0,10582.0,10582.0,10582.0,-0.255,2026-01-28 09:13:02,135
BAJAJHLDNG,2026-02-24,10100.0,0.0,0.0,0.0,0.0,0.0,0.0,10582.0,10582.0,10582.0,-0.255,2026-01-28 09:13:02,32
BAJAJHLDNG,2026-02-24,10200.0,0.0,0.0,0.0,220.0,500.0,0.0,10582.0,10582.0,10582.0,-0.255,2026-01-28 09:13:02,-31
BAJAJHLDNG,2026-02-24,10300.0,0.0,0.0,0.0,222.2,250.0,0.0,10582.0,10582.0,10582.0,-0.255,2026-01-28 09:13:02,-102
BAJAJHLDNG,2026-02-24,10400.0,0.0,0.0,0.0,0.0,0.0,0.0,10582.0,10582.0,10582.0,-0.255,2026-01-28 09:13:02,-164
BAJAJHLDNG,2026-02-24,10500.0,538.7,1150.0,0.0,332.3,4000.0,0.0,10582.0,10582.0,10582.0,-0.255,2026-01-28 09:13:02,-221
BAJAJHLDNG,2026-02-24,10600.0,452.5,150.0,0.0,0.0,0.0,0.0,10582.0,10582.0,10582.0,-0.255,2026-01-28 09:13:02,-298
BAJAJHLDNG,2026-02-24,10700.0,0.0,0.0,0.0,450.0,650.0,0.0,10582.0,10582.0,10582.0,-0.255,2026-01-28 09:13:02,-295
BAJAJHLDNG,2026-02-24,10800.0,360.0,550.0,0.0,399.0,50.0,0.0,10582.0,10582.0,10582.0,-0.255,2026-01-28 09:13:02,-322
BAJAJHLDNG,2026-02-24,10900.0,0.0,0.0,0.0,0.0,0.0,0.0,10582.0,10582.0,10582.0,-0.255,2026-01-28 09:13:02,-295
BAJAJHLDNG,2026-02-24,11000.0,268.55,4550.0,0.0,540.0,450.0,0.0,10582.0,10582.0,10582.0,-0.255,2026-01-28 09:13:02,-287
BAJAJHLDNG,2026-02-24,11100.0,0.0,0.0,0.0,0.0,0.0,0.0,10582.0,10582.0,10582.0,-0.255,2026-01-28 09:13:02,-130
BAJAJHLDNG,2026-02-24,11200.0,210.0,150.0,0.0,760.0,50.0,0.0,10582.0,10582.0,10582.0,-0.255,2026-01-28 09:13:02,-72
BAJAJHLDNG,2026-02-24,11300.0,0.0,0.0,0.0,840.0,450.0,0.0,10582.0,10582.0,10582.0,-0.255,2026-01-28 09:13:02,-12
BAJAJHLDNG,2026-02-24,11400.0,0.0,0.0,0.0,0.0,0.0,0.0,10582.0,10582.0,10582.0,-0.255,2026-01-28 09:13:02,14
BAJAJHLDNG,2026-02-24,11500.0,200.0,150.0,0.0,0.0,0.0,0.0,10582.0,10582.0,10582.0,-0.255,2026-01-28 09:13:02,79
BAJAJHLDNG,2026-02-24,11600.0,0.0,0.0,0.0,0.0,0.0,0.0,10582.0,10582.0,10582.0,-0.255,2026-01-28 09:13:02,149
BAJAJHLDNG,2026-02-24,11700.0,341.7,50.0,0.0,0.0,0.0,0.0,10582.0,10582.0,10582.0,-0.255,2026-01-28 09:13:02,215
BAJAJHLDNG,2026-02-24,11800.0,0.0,0.0,0.0,0.0,0.0,0.0,10582.0,10582.0,10582.0,-0.255,2026-01-28 09:13:02,284
BAJAJHLDNG,2026-02-24,11900.0,0.0,0.0,0.0,0.0,0.0,0.0,10582.0,10582.0,10582.0,-0.255,2026-01-28 09:13:02,351
BAJAJHLDNG,2026-02-24,12000.0,65.0,3750.0,0.0,1450.0,50.0,0.0,10582.0,10582.0,10582.0,-0.255,2026-01-28 09:13:02,418
BAJAJHLDNG,2026-02-24,12100.0,0.0,0.0,0.0,0.0,0.0,0.0,10582.0,10582.0,10582.0,-0.255,2026-01-28 09:13:02,540
BAJAJHLDNG,2026-02-24,12200.0,0.0,0.0,0.0,0.0,0.0,0.0,10582.0,10582.0,10582.0,-0.255,2026-01-28 09:13:02,645
BAJAJHLDNG,2026-02-24,12300.0,0.0,0.0,0.0,0.0,0.0,0.0,10582.0,10582.0,10582.0,-0.255,2026-01-28 09:13:02,750
BAJAJHLDNG,2026-02-24,12400.0,0.0,0.0,0.0,0.0,0.0,0.0,10582.0,10582.0,10582.0,-0.255,2026-01-28 09:13:02,855
BAJAJHLDNG,2026-02-24,12600.0,0.0,0.0,0.0,0.0,0.0,0.0,10582.0,10582.0,10582.0,-0.255,2026-01-28 09:13:02,1065
BAJAJHLDNG,2026-02-24,12800.0,0.0,0.0,0.0,0.0,0.0,0.0,10582.0,10582.0,10582.0,-0.255,2026-01-28 09:13:02,1275
BAJAJHLDNG,2026-02-24,13000.0,0.0,0.0,0.0,0.0,0.0,0.0,10582.0,10582.0,10582.0,-0.255,2026-01-28 09:13:02,1485
BAJFINANCE,2026-02-24,760.0,0.0,0.0,0.0,2.85,84000.0,0.0,914.7,914.7,914.7,0.0,2026-01-28 09:13:02,189243
BAJFINANCE,2026-02-24,780.0,0.0,0.0,0.0,3.8,151500.0,0.0,914.7,914.7,914.7,0.0,2026-01-28 09:13:02,166699
BAJFINANCE,2026-02-24,800.0,123.75,11250.0,0.0,5.25,415500.0,0.0,914.7,914.7,914.7,0.0,2026-01-28 09:13:02,144425
BAJFINANCE,2026-02-24,810.0,0.0,0.0,0.0,0.0,0.0,0.0,914.7,914.7,914.7,0.0,2026-01-28 09:13:02,133665
BAJFINANCE,2026-02-24,820.0,114.85,750.0,0.0,6.85,85500.0,0.0,914.7,914.7,914.7,0.0,2026-01-28 09:13:02,122983
BAJFINANCE,2026-02-24,830.0,0.0,0.0,0.0,8.3,93750.0,0.0,914.7,914.7,914.7,0.0,2026-01-28 09:13:02,112338
BAJFINANCE,2026-02-24,840.0,88.0,46500.0,0.0,9.45,156750.0,0.0,914.7,914.7,914.7,0.0,2026-01-28 09:13:02,101759
BAJFINANCE,2026-02-24,850.0,83.7,18750.0,0.0,11.25,417000.0,0.0,914.7,914.7,914.7,0.0,2026-01-28 09:13:02,91722
BAJFINANCE,2026-02-24,860.0,70.0,12750.0,0.0,13.55,556500.0,0.0,914.7,914.7,914.7,0.0,2026-01-28 09:13:02,81547
BAJFINANCE,2026-02-24,870.0,66.7,12750.0,0.0,15.7,300750.0,0.0,914.7,914.7,914.7,0.0,2026-01-28 09:13:02,71589
BAJFINANCE,2026-02-24,880.0,60.25,12000.0,0.0,18.15,198000.0,0.0,914.7,914.7,914.7,0.0,2026-01-28 09:13:02,62222
BAJFINANCE,2026-02-24,890.0,53.4,34500.0,0.0,21.15,162750.0,0.0,914.7,914.7,914.7,0.0,2026-01-28 09:13:02,53165
BAJFINANCE,2026-02-24,900.0,46.65,285000.0,0.0,24.85,1232250.0,0.0,914.7,914.7,914.7,0.0,2026-01-28 09:13:02,44433
BAJFINANCE,2026-02-24,910.0,40.7,153000.0,0.0,28.45,254250.0,0.0,914.7,914.7,914.7,0.0,2026-01-28 09:13:02,35645
BAJFINANCE,2026-02-24,920.0,34.85,419250.0,0.0,33.3,1107000.0,0.0,914.7,914.7,914.7,0.0,2026-01-28 09:13:02,28896
BAJFINANCE,2026-02-24,930.0,29.75,501750.0,0.0,37.3,723750.0,0.0,914.7,914.7,914.7,0.0,2026-01-28 09:13:02,21549
BAJFINANCE,2026-02-24,940.0,24.85,765750.0,0.0,42.9,738000.0,0.0,914.7,914.7,914.7,0.0,2026-01-28 09:13:02,16446
BAJFINANCE,2026-02-24,950.0,20.9,1539750.0,0.0,48.3,877500.0,0.0,914.7,914.7,914.7,0.0,2026-01-28 09:13:02,12791
BAJFINANCE,2026-02-24,960.0,17.25,408000.0,0.0,54.75,231750.0,0.0,914.7,914.7,914.7,0.0,2026-01-28 09:13:02,11795
BAJFINANCE,2026-02-24,970.0,14.2,300000.0,0.0,61.6,251250.0,0.0,914.7,914.7,914.7,0.0,2026-01-28 09:13:02,11894
BAJFINANCE,2026-02-24,980.0,11.7,883500.0,0.0,68.3,432750.0,0.0,914.7,914.7,914.7,0.0,2026-01-28 09:13:02,11989
BAJFINANCE,2026-02-24,990.0,9.55,174750.0,0.0,76.6,180000.0,0.0,914.7,914.7,914.7,0.0,2026-01-28 09:13:02,12599
BAJFINANCE,2026-02-24,1000.0,7.75,1314000.0,0.0,84.6,1041000.0,0.0,914.7,914.7,914.7,0.0,2026-01-28 09:13:02,14273
BAJFINANCE,2026-02-24,1010.0,6.35,121500.0,0.0,92.0,104250.0,0.0,914.7,914.7,914.7,0.0,2026-01-28 09:13:02,11727
BAJFINANCE,2026-02-24,1020.0,5.15,331500.0,0.0,103.6,124500.0,0.0,914.7,914.7,914.7,0.0,2026-01-28 09:13:02,16312
BAJFINANCE,2026-02-24,1030.0,4.2,231750.0,0.0,118.0,31500.0,0.0,914.7,914.7,914.7,0.0,2026-01-28 09:13:02,21117
BAJFINANCE,2026-02-24,1040.0,3.5,209250.0,0.0,123.85,33750.0,0.0,914.7,914.7,914.7,0.0,2026-01-28 09:13:02,27029
BAJFINANCE,2026-02-24,1050.0,2.85,372000.0,0.0,129.2,318000.0,0.0,914.7,914.7,914.7,0.0,2026-01-28 09:13:02,33114
BAJFINANCE,2026-02-24,1060.0,2.4,210000.0,0.0,137.0,47250.0,0.0,914.7,914.7,914.7,0.0,2026-01-28 09:13:02,36231
BAJFINANCE,2026-02-24,1070.0,2.0,99000.0,0.0,146.2,266250.0,0.0,914.7,914.7,914.7,0.0,2026-01-28 09:13:02,43011
BAJFINANCE,2026-02-24,1080.0,1.75,191250.0,0.0,76.5,750.0,0.0,914.7,914.7,914.7,0.0,2026-01-28 09:13:02,46881
BAJFINANCE,2026-02-24,1090.0,1.45,34500.0,0.0,159.35,1500.0,0.0,914.7,914.7,914.7,0.0,2026-01-28 09:13:02,54843
BAJFINANCE,2026-02-24,1100.0,1.3,288750.0,0.0,176.0,363750.0,0.0,914.7,914.7,914.7,0.0,2026-01-28 09:13:02,62794
BAJFINANCE,2026-02-24,1120.0,1.05,56250.0,0.0,195.0,9750.0,0.0,914.7,914.7,914.7,0.0,2026-01-28 09:13:02,73675
BAJFINANCE,2026-02-24,1140.0,0.7,66750.0,0.0,215.0,3000.0,0.0,914.7,914.7,914.7,0.0,2026-01-28 09:13:02,90868
BAJFINANCE,2026-02-24,1160.0,0.6,150750.0,0.0,235.0,348000.0,0.0,914.7,914.7,914.7,0.0,2026-01-28 09:13:02,108326
BAJFINANCE,2026-02-24,1200.0,0.55,61500.0,0.0,0.0,0.0,0.0,914.7,914.7,914.7,0.0,2026-01-28 09:13:02,137186
BANDHANBNK,2026-02-24,115.0,0.0,0.0,0.0,0.32,7200.0,0.0,149.0,149.0,149.0,-0.013,2026-01-28 09:13:02,33104
BANDHANBNK,2026-02-24,120.0,0.0,0.0,0.0,0.42,234000.0,0.0,149.0,149.0,149.0,-0.013,2026-01-28 09:13:02,27620
BANDHANBNK,2026-02-24,122.5,0.0,0.0,0.0,0.0,0.0,0.0,149.0,149.0,149.0,-0.013,2026-01-28 09:13:02,24926
BANDHANBNK,2026-02-24,125.0,0.0,0.0,0.0,0.55,122400.0,0.0,149.0,149.0,149.0,-0.013,2026-01-28 09:13:02,22242
BANDHANBNK,2026-02-24,127.5,0.0,0.0,0.0,0.0,0.0,0.0,149.0,149.0,149.0,-0.013,2026-01-28 09:13:02,19582
BANDHANBNK,2026-02-24,130.0,21.0,133200.0,0.0,0.8,1353600.0,0.0,149.0,149.0,149.0,-0.013,2026-01-28 09:13:02,16929
BANDHANBNK,2026-02-24,132.5,0.0,0.0,0.0,1.0,169200.0,0.0,149.0,149.0,149.0,-0.013,2026-01-28 09:13:02,14819
BANDHANBNK,2026-02-24,135.0,15.5,28800.0,0.0,1.26,864000.0,0.0,149.0,149.0,149.0,-0.013,2026-01-28 09:13:02,12563
BANDHANBNK,2026-02-24,137.5,7.35,54000.0,0.0,5.55,36000.0,0.0,149.0,149.0,149.0,-0.013,2026-01-28 09:13:02,10483
BANDHANBNK,2026-02-24,140.0,12.12,590400.0,0.0,2.04,1090800.0,0.0,149.0,149.0,149.0,-0.013,2026-01-28 09:13:02,8509
BANDHANBNK,2026-02-24,142.5,10.3,21600.0,0.0,2.54,46800.0,0.0,149.0,149.0,149.0,-0.013,2026-01-28 09:13:02,7429
BANDHANBNK,2026-02-24,145.0,8.36,619200.0,0.0,3.35,543600.0,0.0,149.0,149.0,149.0,-0.013,2026-01-28 09:13:02,5883
BANDHANBNK,2026-02-24,147.5,6.76,334800.0,0.0,4.3,396000.0,0.0,149.0,149.0,149.0,-0.013,2026-01-28 09:13:02,4953
BANDHANBNK,2026-02-24,150.0,5.45,2300400.0,0.0,5.47,2707200.0,0.0,149.0,149.0,149.0,-0.013,2026-01-28 09:13:02,3926
BANDHANBNK,2026-02-24,152.5,4.37,219600.0,0.0,6.75,158400.0,0.0,149.0,149.0,149.0,-0.013,2026-01-28 09:13:02,3869
BANDHANBNK,2026-02-24,155.0,3.39,770400.0,0.0,8.4,381600.0,0.0,149.0,149.0,149.0,-0.013,2026-01-28 09:13:02,4121
BANDHANBNK,2026-02-24,157.5,2.66,93600.0,0.0,10.25,43200.0,0.0,149.0,149.0,149.0,-0.013,2026-01-28 09:13:02,4614
BANDHANBNK,2026-02-24,160.0,2.07,1954800.0,0.0,11.91,709200.0,0.0,149.0,149.0,149.0,-0.013,2026-01-28 09:13:02,5180
BANDHANBNK,2026-02-24,162.5,1.6,158400.0,0.0,14.56,43200.0,0.0,149.0,149.0,149.0,-0.013,2026-01-28 09:13:02,5992
BANDHANBNK,2026-02-24,165.0,1.24,1029600.0,0.0,15.92,158400.0,0.0,149.0,149.0,149.0,-0.013,2026-01-28 09:13:02,7257
BANDHANBNK,2026-02-24,167.5,0.94,10800.0,0.0,0.0,0.0,0.0,149.0,149.0,149.0,-0.013,2026-01-28 09:13:02,8732
BANDHANBNK,2026-02-24,170.0,0.72,734400.0,0.0,20.51,759600.0,0.0,149.0,149.0,149.0,-0.013,2026-01-28 09:13:02,10335
BANDHANBNK,2026-02-24,175.0,0.45,176400.0,0.0,25.02,1152000.0,0.0,149.0,149.0,149.0,-0.013,2026-01-28 09:13:02,12780
BANKBARODA,2026-02-24,250.0,54.7,155025.0,0.0,1.0,429975.0,0.0,303.5,303.5,303.5,0.497,2026-01-28 09:13:02,72165
BANKBARODA,2026-02-24,255.0,46.5,8775.0,0.0,1.2,76050.0,0.0,303.5,303.5,303.5,0.497,2026-01-28 09:13:02,63252
BANKBARODA,2026-02-24,260.0,45.35,26325.0,0.0,1.55,356850.0,0.0,303.5,303.5,303.5,0.497,2026-01-28 09:13:02,53608
BANKBARODA,2026-02-24,265.0,37.0,108225.0,0.0,2.0,52650.0,0.0,303.5,303.5,303.5,0.497,2026-01-28 09:13:02,44187
BANKBARODA,2026-02-24,267.5,0.0,0.0,0.0,2.1,140400.0,0.0,303.5,303.5,303.5,0.497,2026-01-28 09:13:02,39875
BANKBARODA,2026-02-24,270.0,32.1,105300.0,0.0,2.3,421200.0,0.0,303.5,303.5,303.5,0.497,2026-01-28 09:13:02,35179
BANKBARODA,2026-02-24,272.5,0.0,0.0,0.0,2.55,90675.0,0.0,303.5,303.5,303.5,0.497,2026-01-28 09:13:02,30885
BANKBARODA,2026-02-24,275.0,27.3,81900.0,0.0,3.0,544050.0,0.0,303.5,303.5,303.5,0.497,2026-01-28 09:13:02,26349
BANKBARODA,2026-02-24,277.5,0.0,0.0,0.0,3.05,55575.0,0.0,303.5,303.5,303.5,0.497,2026-01-28 09:13:02,22054
BANKBARODA,2026-02-24,280.0,27.55,321750.0,0.0,3.6,1673100.0,0.0,303.5,303.5,303.5,0.497,2026-01-28 09:13:02,17694
BANKBARODA,2026-02-24,282.5,27.0,11700.0,0.0,3.95,149175.0,0.0,303.5,303.5,303.5,0.497,2026-01-28 09:13:02,14135
BANKBARODA,2026-02-24,285.0,23.15,2925.0,0.0,4.6,851175.0,0.0,303.5,303.5,303.5,0.497,2026-01-28 09:13:02,10305
BANKBARODA,2026-02-24,287.5,19.05,14625.0,0.0,5.5,146250.0,0.0,303.5,303.5,303.5,0.497,2026-01-28 09:13:02,6330
BANKBARODA,2026-02-24,290.0,19.95,345150.0,0.0,6.0,3235050.0,0.0,303.5,303.5,303.5,0.497,2026-01-28 09:13:02,2728
BANKBARODA,2026-02-24,292.5,18.4,55575.0,0.0,6.85,163800.0,0.0,303.5,303.5,303.5,0.497,2026-01-28 09:13:02,-1178
BANKBARODA,2026-02-24,295.0,16.5,149175.0,0.0,7.7,854100.0,0.0,303.5,303.5,303.5,0.497,2026-01-28 09:13:02,-3787
BANKBARODA,2026-02-24,297.5,15.15,175500.0,0.0,8.9,397800.0,0.0,303.5,303.5,303.5,0.497,2026-01-28 09:13:02,-6548
BANKBARODA,2026-02-24,300.0,13.65,3548025.0,0.0,9.7,6285825.0,0.0,303.5,303.5,303.5,0.497,2026-01-28 09:13:02,-8841
BANKBARODA,2026-02-24,302.5,12.45,356850.0,0.0,10.8,228150.0,0.0,303.5,303.5,303.5,0.497,2026-01-28 09:13:02,-9842
BANKBARODA,2026-02-24,305.0,11.05,921375.0,0.0,11.85,506025.0,0.0,303.5,303.5,303.5,0.497,2026-01-28 09:13:02,-9245
BANKBARODA,2026-02-24,307.5,9.85,114075.0,0.0,16.0,140400.0,0.0,303.5,303.5,303.5,0.497,2026-01-28 09:13:02,-8071
BANKBARODA,2026-02-24,310.0,8.9,3042000.0,0.0,14.55,1573650.0,0.0,303.5,303.5,303.5,0.497,2026-01-28 09:13:02,-7363
BANKBARODA,2026-02-24,312.5,8.0,546975.0,0.0,19.25,23400.0,0.0,303.5,303.5,303.5,0.497,2026-01-28 09:13:02,-4972
BANKBARODA,2026-02-24,315.0,6.95,906750.0,0.0,18.1,155025.0,0.0,303.5,303.5,303.5,0.497,2026-01-28 09:13:02,-2463
BANKBARODA,2026-02-24,317.5,6.3,78975.0,0.0,0.0,0.0,0.0,303.5,303.5,303.5,0.497,2026-01-28 09:13:02,267
BANKBARODA,2026-02-24,320.0,5.45,2430675.0,0.0,20.65,1032525.0,0.0,303.5,303.5,303.5,0.497,2026-01-28 09:13:02,2718
BANKBARODA,2026-02-24,322.5,4.7,67275.0,0.0,0.0,0.0,0.0,303.5,303.5,303.5,0.497,2026-01-28 09:13:02,5178
BANKBARODA,2026-02-24,325.0,4.3,298350.0,0.0,28.05,20475.0,0.0,303.5,303.5,303.5,0.497,2026-01-28 09:13:02,8494
BANKBARODA,2026-02-24,327.5,3.75,125775.0,0.0,0.0,0.0,0.0,303.5,303.5,303.5,0.497,2026-01-28 09:13:02,11928
BANKBARODA,2026-02-24,330.0,3.25,1579500.0,0.0,29.85,336375.0,0.0,303.5,303.5,303.5,0.497,2026-01-28 09:13:02,15371
BANKBARODA,2026-02-24,332.5,2.8,137475.0,0.0,0.0,0.0,0.0,303.5,303.5,303.5,0.497,2026-01-28 09:13:02,18754
BANKBARODA,2026-02-24,335.0,2.55,611325.0,0.0,0.0,0.0,0.0,303.5,303.5,303.5,0.497,2026-01-28 09:13:02,22701
BANKBARODA,2026-02-24,340.0,1.9,1910025.0,0.0,34.25,29250.0,0.0,303.5,303.5,303.5,0.497,2026-01-28 09:13:02,30980
BANKBARODA,2026-02-24,345.0,1.45,272025.0,0.0,0.0,0.0,0.0,303.5,303.5,303.5,0.497,2026-01-28 09:13:02,40335
BANKBARODA,2026-02-24,350.0,1.1,549900.0,0.0,50.9,52650.0,0.0,303.5,303.5,303.5,0.497,2026-01-28 09:13:02,49603
BANKBARODA,2026-02-24,355.0,0.85,219375.0,0.0,0.0,0.0,0.0,303.5,303.5,303.5,0.497,2026-01-28 09:13:02,58925
BANKINDIA,2026-02-24,122.0,0.0,0.0,0.0,0.27,15600.0,0.0,163.95,163.95,163.95,0.478,2026-01-28 09:13:02,19480
BANKINDIA,2026-02-24,124.0,0.0,0.0,0.0,0.76,10400.0,0.0,163.95,163.95,163.95,0.478,2026-01-28 09:13:02,17838
BANKINDIA,2026-02-24,126.0,0.0,0.0,0.0,1.61,10400.0,0.0,163.95,163.95,163.95,0.478,2026-01-28 09:13:02,16198
BANKINDIA,2026-02-24,128.0,0.0,0.0,0.0,0.96,10400.0,0.0,163.95,163.95,163.95,0.478,2026-01-28 09:13:02,14560
BANKINDIA,2026-02-24,130.0,31.2,114400.0,0.0,0.37,208000.0,0.0,163.95,163.95,163.95,0.478,2026-01-28 09:13:02,12924
BANKINDIA,2026-02-24,132.0,0.0,0.0,0.0,0.39,15600.0,0.0,163.95,163.95,163.95,0.478,2026-01-28 09:13:02,11702
BANKINDIA,2026-02-24,133.0,0.0,0.0,0.0,0.85,31200.0,0.0,163.95,163.95,163.95,0.478,2026-01-28 09:13:02,10918
BANKINDIA,2026-02-24,134.0,0.0,0.0,0.0,0.87,15600.0,0.0,163.95,163.95,163.95,0.478,2026-01-28 09:13:02,10135
BANKINDIA,2026-02-24,135.0,0.0,0.0,0.0,0.5,15600.0,0.0,163.95,163.95,163.95,0.478,2026-01-28 09:13:02,9355
BANKINDIA,2026-02-24,136.0,0.0,0.0,0.0,1.01,26000.0,0.0,163.95,163.95,163.95,0.478,2026-01-28 09:13:02,8577
BANKINDIA,2026-02-24,137.0,0.0,0.0,0.0,1.35,26000.0,0.0,163.95,163.95,163.95,0.478,2026-01-28 09:13:02,7799
BANKINDIA,2026-02-24,138.0,0.0,0.0,0.0,1.4,26000.0,0.0,163.95,163.95,163.95,0.478,2026-01-28 09:13:02,7023
BANKINDIA,2026-02-24,139.0,0.0,0.0,0.0,1.18,46800.0,0.0,163.95,163.95,163.95,0.478,2026-01-28 09:13:02,6250
BANKINDIA,2026-02-24,140.0,23.75,98800.0,0.0,0.76,514800.0,0.0,163.95,163.95,163.95,0.478,2026-01-28 09:13:02,5480
BANKINDIA,2026-02-24,141.0,0.0,0.0,0.0,0.93,41600.0,0.0,163.95,163.95,163.95,0.478,2026-01-28 09:13:02,4972
BANKINDIA,2026-02-24,142.0,0.0,0.0,0.0,1.74,10400.0,0.0,163.95,163.95,163.95,0.478,2026-01-28 09:13:02,4268
BANKINDIA,2026-02-24,143.0,0.0,0.0,0.0,1.68,26000.0,0.0,163.95,163.95,163.95,0.478,2026-01-28 09:13:02,3568
BANKINDIA,2026-02-24,144.0,0.0,0.0,0.0,1.42,26000.0,0.0,163.95,163.95,163.95,0.478,2026-01-28 09:13:02,2868
BANKINDIA,2026-02-24,145.0,20.6,109200.0,0.0,1.21,483600.0,0.0,163.95,163.95,163.95,0.478,2026-01-28 09:13:02,2171
BANKINDIA,2026-02-24,146.0,0.0,0.0,0.0,0.0,0.0,0.0,163.95,163.95,163.95,0.478,2026-01-28 09:13:02,1704
BANKINDIA,2026-02-24,147.0,0.0,0.0,0.0,0.0,0.0,0.0,163.95,163.95,163.95,0.478,2026-01-28 09:13:02,1070
BANKINDIA,2026-02-24,148.0,15.9,15600.0,0.0,0.0,0.0,0.0,163.95,163.95,163.95,0.478,2026-01-28 09:13:02,436
BANKINDIA,2026-02-24,149.0,0.0,0.0,0.0,0.0,0.0,0.0,163.95,163.95,163.95,0.478,2026-01-28 09:13:02,-170
BANKINDIA,2026-02-24,150.0,13.85,301600.0,0.0,1.95,1482000.0,0.0,163.95,163.95,163.95,0.478,2026-01-28 09:13:02,-803
BANKINDIA,2026-02-24,151.0,0.0,0.0,0.0,0.0,0.0,0.0,163.95,163.95,163.95,0.478,2026-01-28 09:13:02,-1128
BANKINDIA,2026-02-24,152.0,0.0,0.0,0.0,0.0,0.0,0.0,163.95,163.95,163.95,0.478,2026-01-28 09:13:02,-1582
BANKINDIA,2026-02-24,153.0,0.0,0.0,0.0,0.0,0.0,0.0,163.95,163.95,163.95,0.478,2026-01-28 09:13:02,-2036
BANKINDIA,2026-02-24,154.0,0.0,0.0,0.0,3.76,10400.0,0.0,163.95,163.95,163.95,0.478,2026-01-28 09:13:02,-2490
BANKINDIA,2026-02-24,155.0,12.13,223600.0,0.0,3.05,962000.0,0.0,163.95,163.95,163.95,0.478,2026-01-28 09:13:02,-2947
BANKINDIA,2026-02-24,156.0,9.9,10400.0,0.0,6.41,15600.0,0.0,163.95,163.95,163.95,0.478,2026-01-28 09:13:02,-3303
BANKINDIA,2026-02-24,157.0,8.97,31200.0,0.0,3.88,119600.0,0.0,163.95,163.95,163.95,0.478,2026-01-28 09:13:02,-3635
BANKINDIA,2026-02-24,158.0,8.0,145600.0,0.0,4.07,332800.0,0.0,163.95,163.95,163.95,0.478,2026-01-28 09:13:02,-3970
BANKINDIA,2026-02-24,159.0,0.0,0.0,0.0,5.45,31200.0,0.0,163.95,163.95,163.95,0.478,2026-01-28 09:13:02,-4258
BANKINDIA,2026-02-24,160.0,9.08,1138800.0,0.0,4.76,1346800.0,0.0,163.95,163.95,163.95,0.478,2026-01-28 09:13:02,-4540
BANKINDIA,2026-02-24,161.0,8.23,15600.0,0.0,5.9,41600.0,0.0,163.95,163.95,163.95,0.478,2026-01-28 09:13:02,-4165
BANKINDIA,2026-02-24,162.0,7.86,1024400.0,0.0,5.49,312000.0,0.0,163.95,163.95,163.95,0.478,2026-01-28 09:13:02,-4188
BANKINDIA,2026-02-24,163.0,7.33,977600.0,0.0,6.0,452400.0,0.0,163.95,163.95,163.95,0.478,2026-01-28 09:13:02,-3432
BANKINDIA,2026-02-24,164.0,7.01,260000.0,0.0,0.0,0.0,0.0,163.95,163.95,163.95,0.478,2026-01-28 09:13:02,-2721
BANKINDIA,2026-02-24,165.0,6.52,1331200.0,0.0,6.98,847600.0,0.0,163.95,163.95,163.95,0.478,2026-01-28 09:13:02,-2248
BANKINDIA,2026-02-24,166.0,5.85,291200.0,0.0,0.0,0.0,0.0,163.95,163.95,163.95,0.478,2026-01-28 09:13:02,-1462
BANKINDIA,2026-02-24,167.0,5.86,254800.0,0.0,0.0,0.0,0.0,163.95,163.95,163.95,0.478,2026-01-28 09:13:02,-754
BANKINDIA,2026-02-24,168.0,5.3,98800.0,0.0,8.18,31200.0,0.0,163.95,163.95,163.95,0.478,2026-01-28 09:13:02,-41
BANKINDIA,2026-02-24,169.0,3.78,67600.0,0.0,0.0,0.0,0.0,163.95,163.95,163.95,0.478,2026-01-28 09:13:02,562
BANKINDIA,2026-02-24,170.0,4.37,2776800.0,0.0,9.86,618800.0,0.0,163.95,163.95,163.95,0.478,2026-01-28 09:13:02,1171
BANKINDIA,2026-02-24,171.0,4.08,26000.0,0.0,0.0,0.0,0.0,163.95,163.95,163.95,0.478,2026-01-28 09:13:02,2697
BANKINDIA,2026-02-24,172.0,3.66,156000.0,0.0,12.05,36400.0,0.0,163.95,163.95,163.95,0.478,2026-01-28 09:13:02,3633
BANKINDIA,2026-02-24,173.0,0.0,0.0,0.0,0.0,0.0,0.0,163.95,163.95,163.95,0.478,2026-01-28 09:13:02,4591
BANKINDIA,2026-02-24,174.0,3.14,280800.0,0.0,0.0,0.0,0.0,163.95,163.95,163.95,0.478,2026-01-28 09:13:02,5536
BANKINDIA,2026-02-24,175.0,2.97,494000.0,0.0,14.25,20800.0,0.0,163.95,163.95,163.95,0.478,2026-01-28 09:13:02,6597
BANKINDIA,2026-02-24,176.0,4.11,130000.0,0.0,0.0,0.0,0.0,163.95,163.95,163.95,0.478,2026-01-28 09:13:02,7739
BANKINDIA,2026-02-24,177.0,2.37,10400.0,0.0,0.0,0.0,0.0,163.95,163.95,163.95,0.478,2026-01-28 09:13:02,8830
BANKINDIA,2026-02-24,178.0,2.31,343200.0,0.0,0.0,0.0,0.0,163.95,163.95,163.95,0.478,2026-01-28 09:13:02,9870
BANKINDIA,2026-02-24,179.0,0.0,0.0,0.0,0.0,0.0,0.0,163.95,163.95,163.95,0.478,2026-01-28 09:13:02,11022
BANKINDIA,2026-02-24,180.0,1.84,1591200.0,0.0,0.0,0.0,0.0,163.95,163.95,163.95,0.478,2026-01-28 09:13:02,12095
BANKINDIA,2026-02-24,181.0,0.0,0.0,0.0,0.0,0.0,0.0,163.95,163.95,163.95,0.478,2026-01-28 09:13:02,13620
BANKINDIA,2026-02-24,182.0,0.0,0.0,0.0,0.0,0.0,0.0,163.95,163.95,163.95,0.478,2026-01-28 09:13:02,14852
BANKINDIA,2026-02-24,183.0,0.0,0.0,0.0,0.0,0.0,0.0,163.95,163.95,163.95,0.478,2026-01-28 09:13:02,16084
BANKINDIA,2026-02-24,184.0,1.34,88400.0,0.0,0.0,0.0,0.0,163.95,163.95,163.95,0.478,2026-01-28 09:13:02,17316
BANKINDIA,2026-02-24,185.0,1.27,197600.0,0.0,0.0,0.0,0.0,163.95,163.95,163.95,0.478,2026-01-28 09:13:02,18568
BANKINDIA,2026-02-24,186.0,1.09,1014000.0,0.0,0.0,0.0,0.0,163.95,163.95,163.95,0.478,2026-01-28 09:13:02,19854
BANKINDIA,2026-02-24,187.0,0.0,0.0,0.0,0.0,0.0,0.0,163.95,163.95,163.95,0.478,2026-01-28 09:13:02,21326
BANKINDIA,2026-02-24,188.0,0.0,0.0,0.0,0.0,0.0,0.0,163.95,163.95,163.95,0.478,2026-01-28 09:13:02,22688
BANKINDIA,2026-02-24,189.0,0.66,275600.0,0.0,0.0,0.0,0.0,163.95,163.95,163.95,0.478,2026-01-28 09:13:02,24050
BDL,2026-02-24,1200.0,253.0,1050.0,0.0,8.95,119700.0,0.0,1473.0,1473.0,1473.0,0.245,2026-01-28 09:13:02,16705
BDL,2026-02-24,1240.0,0.0,0.0,0.0,17.0,350.0,0.0,1473.0,1473.0,1473.0,0.245,2026-01-28 09:13:02,12625
BDL,2026-02-24,1260.0,0.0,0.0,0.0,0.0,0.0,0.0,1473.0,1473.0,1473.0,0.245,2026-01-28 09:13:02,10625
BDL,2026-02-24,1280.0,0.0,0.0,0.0,13.35,26600.0,0.0,1473.0,1473.0,1473.0,0.245,2026-01-28 09:13:02,8626
BDL,2026-02-24,1300.0,185.0,700.0,0.0,16.1,195300.0,0.0,1473.0,1473.0,1473.0,0.245,2026-01-28 09:13:02,6645
BDL,2026-02-24,1320.0,172.0,700.0,0.0,19.2,42000.0,0.0,1473.0,1473.0,1473.0,0.245,2026-01-28 09:13:02,4789
BDL,2026-02-24,1340.0,0.0,0.0,0.0,23.15,51100.0,0.0,1473.0,1473.0,1473.0,0.245,2026-01-28 09:13:02,3252
BDL,2026-02-24,1360.0,0.0,0.0,0.0,28.8,66500.0,0.0,1473.0,1473.0,1473.0,0.245,2026-01-28 09:13:02,1767
BDL,2026-02-24,1380.0,0.0,0.0,0.0,35.0,9100.0,0.0,1473.0,1473.0,1473.0,0.245,2026-01-28 09:13:02,342
BDL,2026-02-24,1400.0,119.3,24850.0,0.0,41.6,145600.0,0.0,1473.0,1473.0,1473.0,0.245,2026-01-28 09:13:02,-904
BDL,2026-02-24,1420.0,106.65,20650.0,0.0,48.25,26950.0,0.0,1473.0,1473.0,1473.0,0.245,2026-01-28 09:13:02,-2087
BDL,2026-02-24,1440.0,93.65,94850.0,0.0,59.0,72800.0,0.0,1473.0,1473.0,1473.0,0.245,2026-01-28 09:13:02,-2776
BDL,2026-02-24,1460.0,82.95,63700.0,0.0,68.2,45850.0,0.0,1473.0,1473.0,1473.0,0.245,2026-01-28 09:13:02,-2761
BDL,2026-02-24,1480.0,74.15,46550.0,0.0,91.3,27650.0,0.0,1473.0,1473.0,1473.0,0.245,2026-01-28 09:13:02,-2770
BDL,2026-02-24,1500.0,64.0,293650.0,0.0,87.05,130550.0,0.0,1473.0,1473.0,1473.0,0.245,2026-01-28 09:13:02,-2754
BDL,2026-02-24,1520.0,55.7,44100.0,0.0,100.0,10150.0,0.0,1473.0,1473.0,1473.0,0.245,2026-01-28 09:13:02,-1239
BDL,2026-02-24,1540.0,49.15,31150.0,0.0,131.6,6300.0,0.0,1473.0,1473.0,1473.0,0.245,2026-01-28 09:13:02,-214
BDL,2026-02-24,1560.0,41.65,63350.0,0.0,141.25,9800.0,0.0,1473.0,1473.0,1473.0,0.245,2026-01-28 09:13:02,811
BDL,2026-02-24,1580.0,35.5,25900.0,0.0,0.0,0.0,0.0,1473.0,1473.0,1473.0,0.245,2026-01-28 09:13:02,2038
BDL,2026-02-24,1600.0,30.4,301000.0,0.0,156.45,58450.0,0.0,1473.0,1473.0,1473.0,0.245,2026-01-28 09:13:02,3283
BDL,2026-02-24,1620.0,25.35,23800.0,0.0,0.0,0.0,0.0,1473.0,1473.0,1473.0,0.245,2026-01-28 09:13:02,5156
BDL,2026-02-24,1640.0,22.55,12600.0,0.0,207.75,25900.0,0.0,1473.0,1473.0,1473.0,0.245,2026-01-28 09:13:02,7137
BDL,2026-02-24,1660.0,18.9,15750.0,0.0,0.0,0.0,0.0,1473.0,1473.0,1473.0,0.245,2026-01-28 09:13:02,8624
BDL,2026-02-24,1680.0,16.1,28700.0,0.0,216.05,13650.0,0.0,1473.0,1473.0,1473.0,0.245,2026-01-28 09:13:02,10683
BDL,2026-02-24,1720.0,12.15,9450.0,0.0,250.0,700.0,0.0,1473.0,1473.0,1473.0,0.245,2026-01-28 09:13:02,14661
BDL,2026-02-24,1760.0,9.15,52850.0,0.0,289.7,35700.0,0.0,1473.0,1473.0,1473.0,0.245,2026-01-28 09:13:02,18922
BEL,2026-02-24,330.0,0.0,0.0,0.0,0.85,161025.0,0.0,418.0,418.0,418.0,0.493,2026-01-28 09:13:02,90271
BEL,2026-02-24,340.0,77.0,18525.0,0.0,1.2,153900.0,0.0,418.0,418.0,418.0,0.493,2026-01-28 09:13:02,71677
BEL,2026-02-24,350.0,70.2,548625.0,0.0,1.75,310650.0,0.0,418.0,418.0,418.0,0.493,2026-01-28 09:13:02,53393
BEL,2026-02-24,360.0,57.5,165300.0,0.0,2.45,702525.0,0.0,418.0,418.0,418.0,0.493,2026-01-28 09:13:02,39641
BEL,2026-02-24,365.0,51.0,5700.0,0.0,2.95,218025.0,0.0,418.0,418.0,418.0,0.493,2026-01-28 09:13:02,32079
BEL,2026-02-24,370.0,51.3,19950.0,0.0,3.55,1634475.0,0.0,418.0,418.0,418.0,0.493,2026-01-28 09:13:02,23815
BEL,2026-02-24,375.0,41.4,5700.0,0.0,4.1,408975.0,0.0,418.0,418.0,418.0,0.493,2026-01-28 09:13:02,15936
BEL,2026-02-24,380.0,43.65,232275.0,0.0,4.8,1848225.0,0.0,418.0,418.0,418.0,0.493,2026-01-28 09:13:02,8597
BEL,2026-02-24,385.0,37.55,61275.0,0.0,5.9,361950.0,0.0,418.0,418.0,418.0,0.493,2026-01-28 09:13:02,2570
BEL,2026-02-24,390.0,33.95,309225.0,0.0,6.95,990375.0,0.0,418.0,418.0,418.0,0.493,2026-01-28 09:13:02,-3354
BEL,2026-02-24,395.0,31.3,95475.0,0.0,8.3,555750.0,0.0,418.0,418.0,418.0,0.493,2026-01-28 09:13:02,-8285
BEL,2026-02-24,400.0,28.0,1399350.0,0.0,9.8,2398275.0,0.0,418.0,418.0,418.0,0.493,2026-01-28 09:13:02,-13415
BEL,2026-02-24,405.0,24.7,289275.0,0.0,11.7,742425.0,0.0,418.0,418.0,418.0,0.493,2026-01-28 09:13:02,-14915
BEL,2026-02-24,410.0,21.95,2271450.0,0.0,13.65,2160300.0,0.0,418.0,418.0,418.0,0.493,2026-01-28 09:13:02,-17621
BEL,2026-02-24,415.0,19.1,2111850.0,0.0,16.0,1661550.0,0.0,418.0,418.0,418.0,0.493,2026-01-28 09:13:02,-15920
BEL,2026-02-24,420.0,16.75,5484825.0,0.0,18.25,2144625.0,0.0,418.0,418.0,418.0,0.493,2026-01-28 09:13:02,-12995
BEL,2026-02-24,425.0,14.4,1122900.0,0.0,20.95,302100.0,0.0,418.0,418.0,418.0,0.493,2026-01-28 09:13:02,-2357
BEL,2026-02-24,430.0,12.45,2431050.0,0.0,23.9,577125.0,0.0,418.0,418.0,418.0,0.493,2026-01-28 09:13:02,4704
BEL,2026-02-24,435.0,10.6,520125.0,0.0,27.3,41325.0,0.0,418.0,418.0,418.0,0.493,2026-01-28 09:13:02,13933
BEL,2026-02-24,440.0,9.0,1628775.0,0.0,30.65,480225.0,0.0,418.0,418.0,418.0,0.493,2026-01-28 09:13:02,22234
BEL,2026-02-24,445.0,7.55,302100.0,0.0,34.65,27075.0,0.0,418.0,418.0,418.0,0.493,2026-01-28 09:13:02,31145
BEL,2026-02-24,450.0,6.5,3516900.0,0.0,38.4,542925.0,0.0,418.0,418.0,418.0,0.493,2026-01-28 09:13:02,40361
BEL,2026-02-24,455.0,5.45,324900.0,0.0,43.3,9975.0,0.0,418.0,418.0,418.0,0.493,2026-01-28 09:13:02,51674
BEL,2026-02-24,460.0,4.7,1637325.0,0.0,45.9,179550.0,0.0,418.0,418.0,418.0,0.493,2026-01-28 09:13:02,63086
BEL,2026-02-24,470.0,3.35,644100.0,0.0,57.25,24225.0,0.0,418.0,418.0,418.0,0.493,2026-01-28 09:13:02,87406
BEL,2026-02-24,480.0,2.4,1149975.0,0.0,63.2,104025.0,0.0,418.0,418.0,418.0,0.493,2026-01-28 09:13:02,112526
BHARATFORG,2026-02-24,1200.0,234.7,6000.0,0.0,4.85,16500.0,0.0,1424.7,1424.7,1424.7,0.437,2026-01-28 09:13:02,11198
BHARATFORG,2026-02-24,1240.0,0.0,0.0,0.0,6.8,26500.0,0.0,1424.7,1424.7,1424.7,0.437,2026-01-28 09:13:02,8341
BHARATFORG,2026-02-24,1260.0,0.0,0.0,0.0,0.0,0.0,0.0,1424.7,1424.7,1424.7,0.437,2026-01-28 09:13:02,6881
BHARATFORG,2026-02-24,1280.0,140.0,3000.0,0.0,10.55,24000.0,0.0,1424.7,1424.7,1424.7,0.437,2026-01-28 09:13:02,5439
BHARATFORG,2026-02-24,1300.0,134.0,3000.0,0.0,13.65,78500.0,0.0,1424.7,1424.7,1424.7,0.437,2026-01-28 09:13:02,4068
BHARATFORG,2026-02-24,1320.0,125.0,3500.0,0.0,17.3,35000.0,0.0,1424.7,1424.7,1424.7,0.437,2026-01-28 09:13:02,2776
BHARATFORG,2026-02-24,1340.0,98.0,15500.0,0.0,22.45,39000.0,0.0,1424.7,1424.7,1424.7,0.437,2026-01-28 09:13:02,1611
BHARATFORG,2026-02-24,1360.0,86.0,8500.0,0.0,27.95,105000.0,0.0,1424.7,1424.7,1424.7,0.437,2026-01-28 09:13:02,637
BHARATFORG,2026-02-24,1380.0,0.0,0.0,0.0,34.4,52500.0,0.0,1424.7,1424.7,1424.7,0.437,2026-01-28 09:13:02,-395
BHARATFORG,2026-02-24,1400.0,66.55,138500.0,0.0,42.15,141000.0,0.0,1424.7,1424.7,1424.7,0.437,2026-01-28 09:13:02,-1282
BHARATFORG,2026-02-24,1420.0,55.25,64000.0,0.0,51.15,41000.0,0.0,1424.7,1424.7,1424.7,0.437,2026-01-28 09:13:02,-1103
BHARATFORG,2026-02-24,1440.0,46.2,114500.0,0.0,59.6,68000.0,0.0,1424.7,1424.7,1424.7,0.437,2026-01-28 09:13:02,-897
BHARATFORG,2026-02-24,1460.0,38.6,63000.0,0.0,73.5,9500.0,0.0,1424.7,1424.7,1424.7,0.437,2026-01-28 09:13:02,-346
BHARATFORG,2026-02-24,1480.0,31.0,27500.0,0.0,94.0,11500.0,0.0,1424.7,1424.7,1424.7,0.437,2026-01-28 09:13:02,398
BHARATFORG,2026-02-24,1500.0,23.95,197500.0,0.0,93.55,96500.0,0.0,1424.7,1424.7,1424.7,0.437,2026-01-28 09:13:02,1025
BHARATFORG,2026-02-24,1520.0,19.3,22000.0,0.0,0.0,0.0,0.0,1424.7,1424.7,1424.7,0.437,2026-01-28 09:13:02,1833
BHARATFORG,2026-02-24,1540.0,15.3,21500.0,0.0,135.0,5000.0,0.0,1424.7,1424.7,1424.7,0.437,2026-01-28 09:13:02,3158
BHARATFORG,2026-02-24,1560.0,12.35,8500.0,0.0,0.0,0.0,0.0,1424.7,1424.7,1424.7,0.437,2026-01-28 09:13:02,4458
BHARATFORG,2026-02-24,1580.0,0.0,0.0,0.0,0.0,0.0,0.0,1424.7,1424.7,1424.7,0.437,2026-01-28 09:13:02,5821
BHARATFORG,2026-02-24,1600.0,8.2,92500.0,0.0,193.0,19000.0,0.0,1424.7,1424.7,1424.7,0.437,2026-01-28 09:13:02,7173
BHARATFORG,2026-02-24,1620.0,5.5,19500.0,0.0,0.0,0.0,0.0,1424.7,1424.7,1424.7,0.437,2026-01-28 09:13:02,8457
BHARATFORG,2026-02-24,1640.0,4.95,34500.0,0.0,229.45,1500.0,0.0,1424.7,1424.7,1424.7,0.437,2026-01-28 09:13:02,10082
BHARATFORG,2026-02-24,1680.0,3.4,6000.0,0.0,0.0,0.0,0.0,1424.7,1424.7,1424.7,0.437,2026-01-28 09:13:02,13436
BHARTIARTL,2026-02-24,1640.0,0.0,0.0,0.0,0.0,0.0,0.0,1995.0,1995.0,1995.0,1.095,2026-01-28 09:13:02,70198
BHARTIARTL,2026-02-24,1680.0,0.0,0.0,0.0,2.05,6175.0,0.0,1995.0,1995.0,1995.0,1.095,2026-01-28 09:13:02,60839
BHARTIARTL,2026-02-24,1720.0,0.0,0.0,0.0,3.2,45600.0,0.0,1995.0,1995.0,1995.0,1.095,2026-01-28 09:13:02,51503
BHARTIARTL,2026-02-24,1760.0,247.55,950.0,0.0,4.45,16625.0,0.0,1995.0,1995.0,1995.0,1.095,2026-01-28 09:13:02,42336
BHARTIARTL,2026-02-24,1780.0,0.0,0.0,0.0,0.0,0.0,0.0,1995.0,1995.0,1995.0,1.095,2026-01-28 09:13:02,37811
BHARTIARTL,2026-02-24,1800.0,194.0,21850.0,0.0,6.8,162925.0,0.0,1995.0,1995.0,1995.0,1.095,2026-01-28 09:13:02,33270
BHARTIARTL,2026-02-24,1820.0,0.0,0.0,0.0,8.25,29450.0,0.0,1995.0,1995.0,1995.0,1.095,2026-01-28 09:13:02,29412
BHARTIARTL,2026-02-24,1840.0,0.0,0.0,0.0,10.15,51775.0,0.0,1995.0,1995.0,1995.0,1.095,2026-01-28 09:13:02,25275
BHARTIARTL,2026-02-24,1860.0,0.0,0.0,0.0,12.85,37525.0,0.0,1995.0,1995.0,1995.0,1.095,2026-01-28 09:13:02,21214
BHARTIARTL,2026-02-24,1880.0,121.75,2850.0,0.0,16.0,139175.0,0.0,1995.0,1995.0,1995.0,1.095,2026-01-28 09:13:02,17231
BHARTIARTL,2026-02-24,1900.0,109.75,132525.0,0.0,20.0,239400.0,0.0,1995.0,1995.0,1995.0,1.095,2026-01-28 09:13:02,13393
BHARTIARTL,2026-02-24,1920.0,89.7,2850.0,0.0,24.8,56525.0,0.0,1995.0,1995.0,1995.0,1.095,2026-01-28 09:13:02,11463
BHARTIARTL,2026-02-24,1940.0,77.65,8075.0,0.0,30.95,43225.0,0.0,1995.0,1995.0,1995.0,1.095,2026-01-28 09:13:02,8561
BHARTIARTL,2026-02-24,1960.0,67.05,51300.0,0.0,37.85,178600.0,0.0,1995.0,1995.0,1995.0,1.095,2026-01-28 09:13:02,5805
BHARTIARTL,2026-02-24,1980.0,55.9,145825.0,0.0,45.55,151525.0,0.0,1995.0,1995.0,1995.0,1.095,2026-01-28 09:13:02,3248
BHARTIARTL,2026-02-24,2000.0,45.75,524875.0,0.0,56.05,463600.0,0.0,1995.0,1995.0,1995.0,1.095,2026-01-28 09:13:02,1743
BHARTIARTL,2026-02-24,2020.0,36.65,228000.0,0.0,68.05,99275.0,0.0,1995.0,1995.0,1995.0,1.095,2026-01-28 09:13:02,1893
BHARTIARTL,2026-02-24,2040.0,29.3,149150.0,0.0,79.5,63650.0,0.0,1995.0,1995.0,1995.0,1.095,2026-01-28 09:13:02,3054
BHARTIARTL,2026-02-24,2060.0,23.05,149625.0,0.0,92.8,56050.0,0.0,1995.0,1995.0,1995.0,1.095,2026-01-28 09:13:02,4412
BHARTIARTL,2026-02-24,2080.0,18.2,101650.0,0.0,107.65,35150.0,0.0,1995.0,1995.0,1995.0,1.095,2026-01-28 09:13:02,6075
BHARTIARTL,2026-02-24,2100.0,14.25,667375.0,0.0,123.6,263625.0,0.0,1995.0,1995.0,1995.0,1.095,2026-01-28 09:13:02,7993
BHARTIARTL,2026-02-24,2120.0,11.0,89775.0,0.0,147.0,8550.0,0.0,1995.0,1995.0,1995.0,1.095,2026-01-28 09:13:02,9660
BHARTIARTL,2026-02-24,2140.0,8.8,97850.0,0.0,169.0,20425.0,0.0,1995.0,1995.0,1995.0,1.095,2026-01-28 09:13:02,13804
BHARTIARTL,2026-02-24,2160.0,6.75,131100.0,0.0,180.0,10450.0,0.0,1995.0,1995.0,1995.0,1.095,2026-01-28 09:13:02,17951
BHARTIARTL,2026-02-24,2180.0,5.25,39900.0,0.0,168.0,475.0,0.0,1995.0,1995.0,1995.0,1.095,2026-01-28 09:13:02,22542
BHARTIARTL,2026-02-24,2200.0,4.35,239400.0,0.0,217.9,152475.0,0.0,1995.0,1995.0,1995.0,1.095,2026-01-28 09:13:02,27326
BHARTIARTL,2026-02-24,2220.0,3.5,29450.0,0.0,205.0,950.0,0.0,1995.0,1995.0,1995.0,1.095,2026-01-28 09:13:02,29662
BHARTIARTL,2026-02-24,2240.0,3.0,40375.0,0.0,0.0,0.0,0.0,1995.0,1995.0,1995.0,1.095,2026-01-28 09:13:02,35269
BHARTIARTL,2026-02-24,2260.0,2.6,26125.0,0.0,0.0,0.0,0.0,1995.0,1995.0,1995.0,1.095,2026-01-28 09:13:02,40977
BHARTIARTL,2026-02-24,2280.0,1.9,31350.0,0.0,0.0,0.0,0.0,1995.0,1995.0,1995.0,1.095,2026-01-28 09:13:02,46732
BHARTIARTL,2026-02-24,2300.0,1.65,106875.0,0.0,306.2,3800.0,0.0,1995.0,1995.0,1995.0,1.095,2026-01-28 09:13:02,52549
BHARTIARTL,2026-02-24,2320.0,2.1,1900.0,0.0,0.0,0.0,0.0,1995.0,1995.0,1995.0,1.095,2026-01-28 09:13:02,58483
BHARTIARTL,2026-02-24,2360.0,0.0,0.0,0.0,0.0,0.0,0.0,1995.0,1995.0,1995.0,1.095,2026-01-28 09:13:02,70556
BHARTIARTL,2026-02-24,2400.0,1.15,46550.0,0.0,403.75,2850.0,0.0,1995.0,1995.0,1995.0,1.095,2026-01-28 09:13:02,82629
BHARTIARTL,2026-02-24,2440.0,0.0,0.0,0.0,0.0,0.0,0.0,1995.0,1995.0,1995.0,1.095,2026-01-28 09:13:02,94789
BHARTIARTL,2026-02-24,2480.0,1.15,5700.0,0.0,0.0,0.0,0.0,1995.0,1995.0,1995.0,1.095,2026-01-28 09:13:02,107059
BHEL,2026-02-24,205.0,0.0,0.0,0.0,0.95,112875.0,0.0,250.05,250.05,250.05,0.949,2026-01-28 09:13:02,63277
BHEL,2026-02-24,210.0,0.0,0.0,0.0,1.2,406875.0,0.0,250.05,250.05,250.05,0.949,2026-01-28 09:13:02,54786
BHEL,2026-02-24,212.5,0.0,0.0,0.0,0.0,0.0,0.0,250.05,250.05,250.05,0.949,2026-01-28 09:13:02,50599
BHEL,2026-02-24,215.0,0.0,0.0,0.0,1.6,128625.0,0.0,250.05,250.05,250.05,0.949,2026-01-28 09:13:02,46460
BHEL,2026-02-24,217.5,0.0,0.0,0.0,1.8,42000.0,0.0,250.05,250.05,250.05,0.949,2026-01-28 09:13:02,42334
BHEL,2026-02-24,220.0,26.5,26250.0,0.0,2.1,2231250.0,0.0,250.05,250.05,250.05,0.949,2026-01-28 09:13:02,38230
BHEL,2026-02-24,222.5,0.0,0.0,0.0,3.25,89250.0,0.0,250.05,250.05,250.05,0.949,2026-01-28 09:13:02,34300
BHEL,2026-02-24,225.0,0.0,0.0,0.0,2.8,154875.0,0.0,250.05,250.05,250.05,0.949,2026-01-28 09:13:02,30762
BHEL,2026-02-24,227.5,0.0,0.0,0.0,3.3,63000.0,0.0,250.05,250.05,250.05,0.949,2026-01-28 09:13:02,27249
BHEL,2026-02-24,230.0,23.6,13125.0,0.0,3.7,1254750.0,0.0,250.05,250.05,250.05,0.949,2026-01-28 09:13:02,23773
BHEL,2026-02-24,232.5,0.0,0.0,0.0,4.35,231000.0,0.0,250.05,250.05,250.05,0.949,2026-01-28 09:13:02,20202
BHEL,2026-02-24,235.0,15.75,39375.0,0.0,4.95,496125.0,0.0,250.05,250.05,250.05,0.949,2026-01-28 09:13:02,17022
BHEL,2026-02-24,237.5,17.35,65625.0,0.0,5.55,241500.0,0.0,250.05,250.05,250.05,0.949,2026-01-28 09:13:02,13893
BHEL,2026-02-24,240.0,15.55,577500.0,0.0,6.4,1622250.0,0.0,250.05,250.05,250.05,0.949,2026-01-28 09:13:02,11003
BHEL,2026-02-24,242.5,14.1,78750.0,0.0,7.3,469875.0,0.0,250.05,250.05,250.05,0.949,2026-01-28 09:13:02,8544
BHEL,2026-02-24,245.0,12.55,577500.0,0.0,8.3,900375.0,0.0,250.05,250.05,250.05,0.949,2026-01-28 09:13:02,6130
BHEL,2026-02-24,247.5,11.05,338625.0,0.0,9.55,464625.0,0.0,250.05,250.05,250.05,0.949,2026-01-28 09:13:02,4295
BHEL,2026-02-24,250.0,9.9,1866375.0,0.0,10.55,2060625.0,0.0,250.05,250.05,250.05,0.949,2026-01-28 09:13:02,2614
BHEL,2026-02-24,252.5,8.85,462000.0,0.0,12.0,288750.0,0.0,250.05,250.05,250.05,0.949,2026-01-28 09:13:02,1657
BHEL,2026-02-24,255.0,7.75,1186500.0,0.0,13.4,388500.0,0.0,250.05,250.05,250.05,0.949,2026-01-28 09:13:02,1277
BHEL,2026-02-24,257.5,6.8,307125.0,0.0,18.0,65625.0,0.0,250.05,250.05,250.05,0.949,2026-01-28 09:13:02,1628
BHEL,2026-02-24,260.0,5.95,2840250.0,0.0,16.45,1197000.0,0.0,250.05,250.05,250.05,0.949,2026-01-28 09:13:02,1763
BHEL,2026-02-24,262.5,5.2,286125.0,0.0,19.1,107625.0,0.0,250.05,250.05,250.05,0.949,2026-01-28 09:13:02,2538
BHEL,2026-02-24,265.0,4.45,1420125.0,0.0,23.25,286125.0,0.0,250.05,250.05,250.05,0.949,2026-01-28 09:13:02,3634
BHEL,2026-02-24,267.5,3.3,118125.0,0.0,25.25,47250.0,0.0,250.05,250.05,250.05,0.949,2026-01-28 09:13:02,5179
BHEL,2026-02-24,270.0,3.45,2212875.0,0.0,24.35,1131375.0,0.0,250.05,250.05,250.05,0.949,2026-01-28 09:13:02,6719
BHEL,2026-02-24,272.5,2.9,120750.0,0.0,29.0,28875.0,0.0,250.05,250.05,250.05,0.949,2026-01-28 09:13:02,7184
BHEL,2026-02-24,275.0,2.7,863625.0,0.0,28.5,212625.0,0.0,250.05,250.05,250.05,0.949,2026-01-28 09:13:02,9629
BHEL,2026-02-24,277.5,2.4,196875.0,0.0,27.5,18375.0,0.0,250.05,250.05,250.05,0.949,2026-01-28 09:13:02,12019
BHEL,2026-02-24,280.0,2.1,2953125.0,0.0,32.3,845250.0,0.0,250.05,250.05,250.05,0.949,2026-01-28 09:13:02,14832
BHEL,2026-02-24,282.5,1.8,91875.0,0.0,34.0,28875.0,0.0,250.05,250.05,250.05,0.949,2026-01-28 09:13:02,16489
BHEL,2026-02-24,285.0,1.7,708750.0,0.0,41.7,110250.0,0.0,250.05,250.05,250.05,0.949,2026-01-28 09:13:02,20203
BHEL,2026-02-24,287.5,1.4,267750.0,0.0,25.7,2625.0,0.0,250.05,250.05,250.05,0.949,2026-01-28 09:13:02,23865
BHEL,2026-02-24,290.0,1.35,2354625.0,0.0,46.35,493500.0,0.0,250.05,250.05,250.05,0.949,2026-01-28 09:13:02,27965
BHEL,2026-02-24,292.5,1.2,136500.0,0.0,0.0,0.0,0.0,250.05,250.05,250.05,0.949,2026-01-28 09:13:02,30776
BHEL,2026-02-24,295.0,1.15,244125.0,0.0,48.15,89250.0,0.0,250.05,250.05,250.05,0.949,2026-01-28 09:13:02,35607
BHEL,2026-02-24,297.5,1.5,168000.0,0.0,0.0,0.0,0.0,250.05,250.05,250.05,0.949,2026-01-28 09:13:02,40104
BHEL,2026-02-24,300.0,1.0,8358000.0,0.0,50.25,480375.0,0.0,250.05,250.05,250.05,0.949,2026-01-28 09:13:02,45069
BHEL,2026-02-24,302.5,0.75,196875.0,0.0,16.65,2625.0,0.0,250.05,250.05,250.05,0.949,2026-01-28 09:13:02,50641
BHEL,2026-02-24,305.0,0.9,947625.0,0.0,59.8,55125.0,0.0,250.05,250.05,250.05,0.949,2026-01-28 09:13:02,57851
BHEL,2026-02-24,307.5,0.65,52500.0,0.0,0.0,0.0,0.0,250.05,250.05,250.05,0.949,2026-01-28 09:13:02,65057
BHEL,2026-02-24,310.0,0.65,716625.0,0.0,62.25,118125.0,0.0,250.05,250.05,250.05,0.949,2026-01-28 09:13:02,72524
BHEL,2026-02-24,312.5,0.0,0.0,0.0,0.0,0.0,0.0,250.05,250.05,250.05,0.949,2026-01-28 09:13:02,79508
BHEL,2026-02-24,315.0,1.3,26250.0,0.0,0.0,0.0,0.0,250.05,250.05,250.05,0.949,2026-01-28 09:13:02,87180
BHEL,2026-02-24,317.5,0.0,0.0,0.0,0.0,0.0,0.0,250.05,250.05,250.05,0.949,2026-01-28 09:13:02,94862
BHEL,2026-02-24,320.0,0.55,315000.0,0.0,70.0,26250.0,0.0,250.05,250.05,250.05,0.949,2026-01-28 09:13:02,102541
BHEL,2026-02-24,322.5,0.0,0.0,0.0,0.0,0.0,0.0,250.05,250.05,250.05,0.949,2026-01-28 09:13:02,110139
BHEL,2026-02-24,325.0,0.65,18375.0,0.0,75.0,15750.0,0.0,250.05,250.05,250.05,0.949,2026-01-28 09:13:02,117903
BHEL,2026-02-24,327.5,0.0,0.0,0.0,0.0,0.0,0.0,250.05,250.05,250.05,0.949,2026-01-28 09:13:02,125558
BHEL,2026-02-24,330.0,0.45,349125.0,0.0,79.9,63000.0,0.0,250.05,250.05,250.05,0.949,2026-01-28 09:13:02,133331
BHEL,2026-02-24,335.0,0.0,0.0,0.0,0.0,0.0,0.0,250.05,250.05,250.05,0.949,2026-01-28 09:13:02,148595
BHEL,2026-02-24,340.0,0.0,0.0,0.0,0.0,0.0,0.0,250.05,250.05,250.05,0.949,2026-01-28 09:13:02,164346
BHEL,2026-02-24,345.0,0.0,0.0,0.0,0.0,0.0,0.0,250.05,250.05,250.05,0.949,2026-01-28 09:13:02,180097
BIOCON,2026-02-24,300.0,0.0,0.0,0.0,0.9,37500.0,0.0,363.35,363.35,363.35,-0.52,2026-01-28 09:13:02,39930
BIOCON,2026-02-24,310.0,0.0,0.0,0.0,1.15,222500.0,0.0,363.35,363.35,363.35,-0.52,2026-01-28 09:13:02,33494
BIOCON,2026-02-24,320.0,47.0,7500.0,0.0,1.65,172500.0,0.0,363.35,363.35,363.35,-0.52,2026-01-28 09:13:02,27259
BIOCON,2026-02-24,325.0,39.65,7500.0,0.0,0.0,0.0,0.0,363.35,363.35,363.35,-0.52,2026-01-28 09:13:02,24250
BIOCON,2026-02-24,330.0,36.0,35000.0,0.0,2.55,127500.0,0.0,363.35,363.35,363.35,-0.52,2026-01-28 09:13:02,21269
BIOCON,2026-02-24,335.0,32.5,2500.0,0.0,3.25,90000.0,0.0,363.35,363.35,363.35,-0.52,2026-01-28 09:13:02,18432
BIOCON,2026-02-24,340.0,31.65,40000.0,0.0,4.0,605000.0,0.0,363.35,363.35,363.35,-0.52,2026-01-28 09:13:02,15527
BIOCON,2026-02-24,345.0,23.5,12500.0,0.0,5.0,125000.0,0.0,363.35,363.35,363.35,-0.52,2026-01-28 09:13:02,12851
BIOCON,2026-02-24,350.0,23.5,525000.0,0.0,6.2,865000.0,0.0,363.35,363.35,363.35,-0.52,2026-01-28 09:13:02,10325
BIOCON,2026-02-24,355.0,0.0,0.0,0.0,7.8,120000.0,0.0,363.35,363.35,363.35,-0.52,2026-01-28 09:13:02,9225
BIOCON,2026-02-24,360.0,16.75,187500.0,0.0,9.55,612500.0,0.0,363.35,363.35,363.35,-0.52,2026-01-28 09:13:02,7394
BIOCON,2026-02-24,365.0,14.05,110000.0,0.0,11.5,142500.0,0.0,363.35,363.35,363.35,-0.52,2026-01-28 09:13:02,5786
BIOCON,2026-02-24,370.0,11.4,890000.0,0.0,13.95,675000.0,0.0,363.35,363.35,363.35,-0.52,2026-01-28 09:13:02,4565
BIOCON,2026-02-24,375.0,9.3,180000.0,0.0,16.75,180000.0,0.0,363.35,363.35,363.35,-0.52,2026-01-28 09:13:02,4209
BIOCON,2026-02-24,380.0,7.4,612500.0,0.0,19.75,860000.0,0.0,363.35,363.35,363.35,-0.52,2026-01-28 09:13:02,3826
BIOCON,2026-02-24,385.0,5.65,117500.0,0.0,27.8,40000.0,0.0,363.35,363.35,363.35,-0.52,2026-01-28 09:13:02,3069
BIOCON,2026-02-24,390.0,4.6,495000.0,0.0,26.6,215000.0,0.0,363.35,363.35,363.35,-0.52,2026-01-28 09:13:02,3590
BIOCON,2026-02-24,395.0,3.7,45000.0,0.0,26.5,5000.0,0.0,363.35,363.35,363.35,-0.52,2026-01-28 09:13:02,4167
BIOCON,2026-02-24,400.0,2.8,1537500.0,0.0,35.05,865000.0,0.0,363.35,363.35,363.35,-0.52,2026-01-28 09:13:02,5117
BIOCON,2026-02-24,405.0,2.2,70000.0,0.0,33.5,2500.0,0.0,363.35,363.35,363.35,-0.52,2026-01-28 09:13:02,4663
BIOCON,2026-02-24,410.0,1.8,405000.0,0.0,47.6,65000.0,0.0,363.35,363.35,363.35,-0.52,2026-01-28 09:13:02,6854
BIOCON,2026-02-24,415.0,0.0,0.0,0.0,0.0,0.0,0.0,363.35,363.35,363.35,-0.52,2026-01-28 09:13:02,9036
BIOCON,2026-02-24,420.0,1.05,552500.0,0.0,57.0,147500.0,0.0,363.35,363.35,363.35,-0.52,2026-01-28 09:13:02,11455
BIOCON,2026-02-24,425.0,0.0,0.0,0.0,57.25,15000.0,0.0,363.35,363.35,363.35,-0.52,2026-01-28 09:13:02,13441
BIOCON,2026-02-24,430.0,0.65,82500.0,0.0,66.5,50000.0,0.0,363.35,363.35,363.35,-0.52,2026-01-28 09:13:02,16131
BIOCON,2026-02-24,435.0,0.0,0.0,0.0,0.0,0.0,0.0,363.35,363.35,363.35,-0.52,2026-01-28 09:13:02,18646
BIOCON,2026-02-24,440.0,1.0,12500.0,0.0,71.6,30000.0,0.0,363.35,363.35,363.35,-0.52,2026-01-28 09:13:02,21489
BIOCON,2026-02-24,450.0,0.3,292500.0,0.0,87.0,200000.0,0.0,363.35,363.35,363.35,-0.52,2026-01-28 09:13:02,27003
BIOCON,2026-02-24,460.0,0.65,42500.0,0.0,0.0,0.0,0.0,363.35,363.35,363.35,-0.52,2026-01-28 09:13:02,31492
BIOCON,2026-02-24,480.0,0.35,32500.0,0.0,0.0,0.0,0.0,363.35,363.35,363.35,-0.52,2026-01-28 09:13:02,44019
BLUESTARCO,2026-02-24,1400.0,0.0,0.0,0.0,14.6,1300.0,0.0,1657.7,1657.7,1657.7,-0.588,2026-01-28 09:13:02,3054
BLUESTARCO,2026-02-24,1440.0,0.0,0.0,0.0,17.75,1950.0,0.0,1657.7,1657.7,1657.7,-0.588,2026-01-28 09:13:02,2490
BLUESTARCO,2026-02-24,1480.0,0.0,0.0,0.0,0.0,0.0,0.0,1657.7,1657.7,1657.7,-0.588,2026-01-28 09:13:02,1933
BLUESTARCO,2026-02-24,1500.0,0.0,0.0,0.0,0.0,0.0,0.0,1657.7,1657.7,1657.7,-0.588,2026-01-28 09:13:02,1656
BLUESTARCO,2026-02-24,1520.0,0.0,0.0,0.0,28.1,4225.0,0.0,1657.7,1657.7,1657.7,-0.588,2026-01-28 09:13:02,1379
BLUESTARCO,2026-02-24,1540.0,0.0,0.0,0.0,18.0,1300.0,0.0,1657.7,1657.7,1657.7,-0.588,2026-01-28 09:13:02,1099
BLUESTARCO,2026-02-24,1560.0,0.0,0.0,0.0,0.0,0.0,0.0,1657.7,1657.7,1657.7,-0.588,2026-01-28 09:13:02,831
BLUESTARCO,2026-02-24,1580.0,0.0,0.0,0.0,0.0,0.0,0.0,1657.7,1657.7,1657.7,-0.588,2026-01-28 09:13:02,565
BLUESTARCO,2026-02-24,1600.0,0.0,0.0,0.0,44.95,68575.0,0.0,1657.7,1657.7,1657.7,-0.588,2026-01-28 09:13:02,299
BLUESTARCO,2026-02-24,1620.0,0.0,0.0,0.0,55.6,5200.0,0.0,1657.7,1657.7,1657.7,-0.588,2026-01-28 09:13:02,-137
BLUESTARCO,2026-02-24,1640.0,0.0,0.0,0.0,60.85,1625.0,0.0,1657.7,1657.7,1657.7,-0.588,2026-01-28 09:13:02,-284
BLUESTARCO,2026-02-24,1660.0,0.0,0.0,0.0,68.9,12350.0,0.0,1657.7,1657.7,1657.7,-0.588,2026-01-28 09:13:02,-409
BLUESTARCO,2026-02-24,1680.0,72.3,5200.0,0.0,76.1,13325.0,0.0,1657.7,1657.7,1657.7,-0.588,2026-01-28 09:13:02,-584
BLUESTARCO,2026-02-24,1700.0,61.1,6825.0,0.0,85.0,13000.0,0.0,1657.7,1657.7,1657.7,-0.588,2026-01-28 09:13:02,-702
BLUESTARCO,2026-02-24,1720.0,55.65,22100.0,0.0,101.75,1950.0,0.0,1657.7,1657.7,1657.7,-0.588,2026-01-28 09:13:02,-784
BLUESTARCO,2026-02-24,1740.0,49.95,3575.0,0.0,95.2,2275.0,0.0,1657.7,1657.7,1657.7,-0.588,2026-01-28 09:13:02,-646
BLUESTARCO,2026-02-24,1760.0,37.3,16575.0,0.0,95.7,2600.0,0.0,1657.7,1657.7,1657.7,-0.588,2026-01-28 09:13:02,-604
BLUESTARCO,2026-02-24,1780.0,0.0,0.0,0.0,129.0,3250.0,0.0,1657.7,1657.7,1657.7,-0.588,2026-01-28 09:13:02,-483
BLUESTARCO,2026-02-24,1800.0,28.05,8450.0,0.0,155.25,6175.0,0.0,1657.7,1657.7,1657.7,-0.588,2026-01-28 09:13:02,-434
BLUESTARCO,2026-02-24,1820.0,24.0,4550.0,0.0,159.0,1625.0,0.0,1657.7,1657.7,1657.7,-0.588,2026-01-28 09:13:02,-385
BLUESTARCO,2026-02-24,1840.0,20.3,650.0,0.0,150.0,325.0,0.0,1657.7,1657.7,1657.7,-0.588,2026-01-28 09:13:02,-268
BLUESTARCO,2026-02-24,1860.0,24.45,2600.0,0.0,0.0,0.0,0.0,1657.7,1657.7,1657.7,-0.588,2026-01-28 09:13:02,-137
BLUESTARCO,2026-02-24,1880.0,23.35,975.0,0.0,0.0,0.0,0.0,1657.7,1657.7,1657.7,-0.588,2026-01-28 09:13:02,8
BLUESTARCO,2026-02-24,1900.0,12.85,13000.0,0.0,0.0,0.0,0.0,1657.7,1657.7,1657.7,-0.588,2026-01-28 09:13:02,152
BLUESTARCO,2026-02-24,1920.0,10.65,1625.0,0.0,0.0,0.0,0.0,1657.7,1657.7,1657.7,-0.588,2026-01-28 09:13:02,337
BLUESTARCO,2026-02-24,1940.0,0.0,0.0,0.0,0.0,0.0,0.0,1657.7,1657.7,1657.7,-0.588,2026-01-28 09:13:02,509
BLUESTARCO,2026-02-24,1960.0,16.25,2925.0,0.0,0.0,0.0,0.0,1657.7,1657.7,1657.7,-0.588,2026-01-28 09:13:02,680
BLUESTARCO,2026-02-24,1980.0,0.0,0.0,0.0,0.0,0.0,0.0,1657.7,1657.7,1657.7,-0.588,2026-01-28 09:13:02,862
BLUESTARCO,2026-02-24,2000.0,6.0,5525.0,0.0,300.0,650.0,0.0,1657.7,1657.7,1657.7,-0.588,2026-01-28 09:13:02,1039
BLUESTARCO,2026-02-24,2020.0,0.0,0.0,0.0,0.0,0.0,0.0,1657.7,1657.7,1657.7,-0.588,2026-01-28 09:13:02,1212
BLUESTARCO,2026-02-24,2040.0,0.0,0.0,0.0,0.0,0.0,0.0,1657.7,1657.7,1657.7,-0.588,2026-01-28 09:13:02,1401
BLUESTARCO,2026-02-24,2080.0,3.6,5200.0,0.0,0.0,0.0,0.0,1657.7,1657.7,1657.7,-0.588,2026-01-28 09:13:02,1779
BLUESTARCO,2026-02-24,2120.0,0.0,0.0,0.0,0.0,0.0,0.0,1657.7,1657.7,1657.7,-0.588,2026-01-28 09:13:02,2180
BLUESTARCO,2026-02-24,2160.0,10.0,1950.0,0.0,0.0,0.0,0.0,1657.7,1657.7,1657.7,-0.588,2026-01-28 09:13:02,2579
BOSCHLTD,2026-02-24,29500.0,0.0,0.0,0.0,0.0,0.0,0.0,35500.0,35500.0,35500.0,0.538,2026-01-28 09:13:02,15126
BOSCHLTD,2026-02-24,30000.0,0.0,0.0,0.0,0.0,0.0,0.0,35500.0,35500.0,35500.0,0.538,2026-01-28 09:13:02,13755
BOSCHLTD,2026-02-24,30500.0,0.0,0.0,0.0,126.0,250.0,0.0,35500.0,35500.0,35500.0,0.538,2026-01-28 09:13:02,12384
BOSCHLTD,2026-02-24,31000.0,0.0,0.0,0.0,0.0,0.0,0.0,35500.0,35500.0,35500.0,0.538,2026-01-28 09:13:02,11022
BOSCHLTD,2026-02-24,31500.0,0.0,0.0,0.0,162.0,100.0,0.0,35500.0,35500.0,35500.0,0.538,2026-01-28 09:13:02,9663
BOSCHLTD,2026-02-24,32000.0,3769.05,225.0,0.0,210.4,925.0,0.0,35500.0,35500.0,35500.0,0.538,2026-01-28 09:13:02,8308
BOSCHLTD,2026-02-24,32250.0,3511.15,0.0,0.0,215.25,75.0,0.0,35500.0,35500.0,35500.0,0.538,2026-01-28 09:13:02,7725
BOSCHLTD,2026-02-24,32500.0,0.0,0.0,0.0,245.0,525.0,0.0,35500.0,35500.0,35500.0,0.538,2026-01-28 09:13:02,7077
BOSCHLTD,2026-02-24,32750.0,0.0,0.0,0.0,257.15,175.0,0.0,35500.0,35500.0,35500.0,0.538,2026-01-28 09:13:02,6431
BOSCHLTD,2026-02-24,33000.0,0.0,0.0,0.0,365.0,700.0,0.0,35500.0,35500.0,35500.0,0.538,2026-01-28 09:13:02,5798
BOSCHLTD,2026-02-24,33250.0,2544.3,0.0,0.0,382.45,375.0,0.0,35500.0,35500.0,35500.0,0.538,2026-01-28 09:13:02,5161
BOSCHLTD,2026-02-24,33500.0,0.0,0.0,0.0,507.05,275.0,0.0,35500.0,35500.0,35500.0,0.538,2026-01-28 09:13:02,4545
BOSCHLTD,2026-02-24,33750.0,0.0,0.0,0.0,574.3,250.0,0.0,35500.0,35500.0,35500.0,0.538,2026-01-28 09:13:02,3936
BOSCHLTD,2026-02-24,34000.0,2059.25,700.0,0.0,585.9,1800.0,0.0,35500.0,35500.0,35500.0,0.538,2026-01-28 09:13:02,3333
BOSCHLTD,2026-02-24,34250.0,0.0,0.0,0.0,625.65,125.0,0.0,35500.0,35500.0,35500.0,0.538,2026-01-28 09:13:02,2845
BOSCHLTD,2026-02-24,34500.0,0.0,0.0,0.0,850.0,1125.0,0.0,35500.0,35500.0,35500.0,0.538,2026-01-28 09:13:02,2314
BOSCHLTD,2026-02-24,34750.0,0.0,0.0,0.0,907.6,600.0,0.0,35500.0,35500.0,35500.0,0.538,2026-01-28 09:13:02,1724
BOSCHLTD,2026-02-24,35000.0,1363.05,1600.0,0.0,939.65,5300.0,0.0,35500.0,35500.0,35500.0,0.538,2026-01-28 09:13:02,1189
BOSCHLTD,2026-02-24,35250.0,1202.05,100.0,0.0,1028.9,700.0,0.0,35500.0,35500.0,35500.0,0.538,2026-01-28 09:13:02,602
BOSCHLTD,2026-02-24,35500.0,1135.25,2050.0,0.0,1158.6,1350.0,0.0,35500.0,35500.0,35500.0,0.538,2026-01-28 09:13:02,254
BOSCHLTD,2026-02-24,35750.0,950.0,75.0,0.0,671.75,75.0,0.0,35500.0,35500.0,35500.0,0.538,2026-01-28 09:13:02,128
BOSCHLTD,2026-02-24,36000.0,879.3,2125.0,0.0,1522.45,2500.0,0.0,35500.0,35500.0,35500.0,0.538,2026-01-28 09:13:02,-68
BOSCHLTD,2026-02-24,36250.0,836.4,25.0,0.0,1300.0,750.0,0.0,35500.0,35500.0,35500.0,0.538,2026-01-28 09:13:02,-345
BOSCHLTD,2026-02-24,36500.0,966.35,25.0,0.0,1500.0,175.0,0.0,35500.0,35500.0,35500.0,0.538,2026-01-28 09:13:02,-504
BOSCHLTD,2026-02-24,36750.0,567.55,50.0,0.0,711.25,75.0,0.0,35500.0,35500.0,35500.0,0.538,2026-01-28 09:13:02,-586
BOSCHLTD,2026-02-24,37000.0,548.5,2200.0,0.0,2070.05,7700.0,0.0,35500.0,35500.0,35500.0,0.538,2026-01-28 09:13:02,-644
BOSCHLTD,2026-02-24,37250.0,0.0,0.0,0.0,1148.4,25.0,0.0,35500.0,35500.0,35500.0,0.538,2026-01-28 09:13:02,-1926
BOSCHLTD,2026-02-24,37500.0,501.95,125.0,0.0,0.0,0.0,0.0,35500.0,35500.0,35500.0,0.538,2026-01-28 09:13:02,-1736
BOSCHLTD,2026-02-24,37750.0,0.0,0.0,0.0,805.65,175.0,0.0,35500.0,35500.0,35500.0,0.538,2026-01-28 09:13:02,-1534
BOSCHLTD,2026-02-24,38000.0,333.6,3800.0,0.0,2800.0,675.0,0.0,35500.0,35500.0,35500.0,0.538,2026-01-28 09:13:02,-1348
BOSCHLTD,2026-02-24,38250.0,295.95,50.0,0.0,0.0,0.0,0.0,35500.0,35500.0,35500.0,0.538,2026-01-28 09:13:02,-1099
BOSCHLTD,2026-02-24,38500.0,268.2,800.0,0.0,3373.9,75.0,0.0,35500.0,35500.0,35500.0,0.538,2026-01-28 09:13:02,-784
BOSCHLTD,2026-02-24,38750.0,231.05,100.0,0.0,0.0,0.0,0.0,35500.0,35500.0,35500.0,0.538,2026-01-28 09:13:02,-453
BOSCHLTD,2026-02-24,39000.0,215.5,1875.0,0.0,3680.0,150.0,0.0,35500.0,35500.0,35500.0,0.538,2026-01-28 09:13:02,-113
BOSCHLTD,2026-02-24,39250.0,170.0,200.0,0.0,0.0,0.0,0.0,35500.0,35500.0,35500.0,0.538,2026-01-28 09:13:02,259
BOSCHLTD,2026-02-24,39500.0,161.0,600.0,0.0,0.0,0.0,0.0,35500.0,35500.0,35500.0,0.538,2026-01-28 09:13:02,656
BOSCHLTD,2026-02-24,39750.0,154.1,25.0,0.0,0.0,0.0,0.0,35500.0,35500.0,35500.0,0.538,2026-01-28 09:13:02,1073
BOSCHLTD,2026-02-24,40000.0,142.1,5975.0,0.0,4550.0,50.0,0.0,35500.0,35500.0,35500.0,0.538,2026-01-28 09:13:02,1483
BOSCHLTD,2026-02-24,40250.0,78.0,1100.0,0.0,0.0,0.0,0.0,35500.0,35500.0,35500.0,0.538,2026-01-28 09:13:02,2104
BOSCHLTD,2026-02-24,40500.0,143.3,275.0,0.0,0.0,0.0,0.0,35500.0,35500.0,35500.0,0.538,2026-01-28 09:13:02,2700
BOSCHLTD,2026-02-24,40750.0,105.5,300.0,0.0,0.0,0.0,0.0,35500.0,35500.0,35500.0,0.538,2026-01-28 09:13:02,3297
BOSCHLTD,2026-02-24,41000.0,106.3,3675.0,0.0,6000.0,250.0,0.0,35500.0,35500.0,35500.0,0.538,2026-01-28 09:13:02,3902
BOSCHLTD,2026-02-24,41250.0,78.85,100.0,0.0,0.0,0.0,0.0,35500.0,35500.0,35500.0,0.538,2026-01-28 09:13:02,4490
BOSCHLTD,2026-02-24,41500.0,58.2,1300.0,0.0,0.0,0.0,0.0,35500.0,35500.0,35500.0,0.538,2026-01-28 09:13:02,5193
BOSCHLTD,2026-02-24,41750.0,68.25,0.0,0.0,0.0,0.0,0.0,35500.0,35500.0,35500.0,0.538,2026-01-28 09:13:02,5935
BOSCHLTD,2026-02-24,42000.0,58.5,1975.0,0.0,5900.0,100.0,0.0,35500.0,35500.0,35500.0,0.538,2026-01-28 09:13:02,6669
BOSCHLTD,2026-02-24,42250.0,33.55,400.0,0.0,0.0,0.0,0.0,35500.0,35500.0,35500.0,0.538,2026-01-28 09:13:02,7408
BOSCHLTD,2026-02-24,42500.0,146.4,300.0,0.0,0.0,0.0,0.0,35500.0,35500.0,35500.0,0.538,2026-01-28 09:13:02,8205
BOSCHLTD,2026-02-24,42750.0,46.95,275.0,0.0,0.0,0.0,0.0,35500.0,35500.0,35500.0,0.538,2026-01-28 09:13:02,9014
BOSCHLTD,2026-02-24,43000.0,91.75,500.0,0.0,0.0,0.0,0.0,35500.0,35500.0,35500.0,0.538,2026-01-28 09:13:02,9826
BOSCHLTD,2026-02-24,43250.0,52.0,75.0,0.0,0.0,0.0,0.0,35500.0,35500.0,35500.0,0.538,2026-01-28 09:13:02,10653
BOSCHLTD,2026-02-24,43500.0,42.95,300.0,0.0,0.0,0.0,0.0,35500.0,35500.0,35500.0,0.538,2026-01-28 09:13:02,11479
BOSCHLTD,2026-02-24,44000.0,31.6,475.0,0.0,0.0,0.0,0.0,35500.0,35500.0,35500.0,0.538,2026-01-28 09:13:02,13145
BOSCHLTD,2026-02-24,44500.0,31.35,750.0,0.0,0.0,0.0,0.0,35500.0,35500.0,35500.0,0.538,2026-01-28 09:13:02,14835
BOSCHLTD,2026-02-24,45000.0,34.0,225.0,0.0,0.0,0.0,0.0,35500.0,35500.0,35500.0,0.538,2026-01-28 09:13:02,16564
BPCL,2026-02-24,300.0,59.4,90850.0,0.0,0.95,258725.0,0.0,360.5,360.5,360.5,0.867,2026-01-28 09:13:02,18037
BPCL,2026-02-24,310.0,47.5,49375.0,0.0,1.35,146150.0,0.0,360.5,360.5,360.5,0.867,2026-01-28 09:13:02,13609
BPCL,2026-02-24,315.0,0.0,0.0,0.0,1.65,159975.0,0.0,360.5,360.5,360.5,0.867,2026-01-28 09:13:02,11450
BPCL,2026-02-24,320.0,38.6,45425.0,0.0,2.1,282425.0,0.0,360.5,360.5,360.5,0.867,2026-01-28 09:13:02,9129
BPCL,2026-02-24,325.0,32.5,3950.0,0.0,2.6,256750.0,0.0,360.5,360.5,360.5,0.867,2026-01-28 09:13:02,7115
BPCL,2026-02-24,330.0,32.0,15800.0,0.0,3.3,347600.0,0.0,360.5,360.5,360.5,0.867,2026-01-28 09:13:02,5062
BPCL,2026-02-24,335.0,23.5,57275.0,0.0,4.15,185650.0,0.0,360.5,360.5,360.5,0.867,2026-01-28 09:13:02,3180
BPCL,2026-02-24,340.0,24.55,120475.0,0.0,5.2,359450.0,0.0,360.5,360.5,360.5,0.867,2026-01-28 09:13:02,1541
BPCL,2026-02-24,345.0,21.0,45425.0,0.0,6.45,331800.0,0.0,360.5,360.5,360.5,0.867,2026-01-28 09:13:02,193
BPCL,2026-02-24,350.0,17.65,460175.0,0.0,8.2,1064525.0,0.0,360.5,360.5,360.5,0.867,2026-01-28 09:13:02,-1193
BPCL,2026-02-24,355.0,14.65,244900.0,0.0,10.15,304150.0,0.0,360.5,360.5,360.5,0.867,2026-01-28 09:13:02,-1759
BPCL,2026-02-24,360.0,11.9,1005275.0,0.0,12.35,497700.0,0.0,360.5,360.5,360.5,0.867,2026-01-28 09:13:02,-1940
BPCL,2026-02-24,365.0,9.55,379200.0,0.0,14.85,84925.0,0.0,360.5,360.5,360.5,0.867,2026-01-28 09:13:02,-838
BPCL,2026-02-24,370.0,7.5,1226475.0,0.0,17.6,716925.0,0.0,360.5,360.5,360.5,0.867,2026-01-28 09:13:02,150
BPCL,2026-02-24,375.0,5.95,398950.0,0.0,21.5,27650.0,0.0,360.5,360.5,360.5,0.867,2026-01-28 09:13:02,1532
BPCL,2026-02-24,380.0,4.6,728775.0,0.0,24.8,175775.0,0.0,360.5,360.5,360.5,0.867,2026-01-28 09:13:02,3647
BPCL,2026-02-24,385.0,3.6,156025.0,0.0,32.0,1975.0,0.0,360.5,360.5,360.5,0.867,2026-01-28 09:13:02,5936
BPCL,2026-02-24,390.0,2.75,578675.0,0.0,43.0,11850.0,0.0,360.5,360.5,360.5,0.867,2026-01-28 09:13:02,8455
BPCL,2026-02-24,395.0,2.1,106650.0,0.0,40.1,31600.0,0.0,360.5,360.5,360.5,0.867,2026-01-28 09:13:02,11327
BPCL,2026-02-24,400.0,1.65,1485200.0,0.0,46.3,13825.0,0.0,360.5,360.5,360.5,0.867,2026-01-28 09:13:02,14056
BPCL,2026-02-24,405.0,1.3,29625.0,0.0,49.0,1975.0,0.0,360.5,360.5,360.5,0.867,2026-01-28 09:13:02,17820
BPCL,2026-02-24,410.0,1.1,98750.0,0.0,54.2,21725.0,0.0,360.5,360.5,360.5,0.867,2026-01-28 09:13:02,21412
BPCL,2026-02-24,415.0,0.9,3950.0,0.0,0.0,0.0,0.0,360.5,360.5,360.5,0.867,2026-01-28 09:13:02,24964
BPCL,2026-02-24,420.0,0.8,229100.0,0.0,63.65,5925.0,0.0,360.5,360.5,360.5,0.867,2026-01-28 09:13:02,28625
BPCL,2026-02-24,430.0,0.6,193550.0,0.0,75.15,3950.0,0.0,360.5,360.5,360.5,0.867,2026-01-28 09:13:02,36162
BRITANNIA,2026-02-24,4900.0,0.0,0.0,0.0,0.0,0.0,0.0,5924.0,5924.0,5924.0,0.646,2026-01-28 09:13:02,9627
BRITANNIA,2026-02-24,5000.0,840.0,250.0,0.0,8.0,2875.0,0.0,5924.0,5924.0,5924.0,0.646,2026-01-28 09:13:02,8327
BRITANNIA,2026-02-24,5100.0,0.0,0.0,0.0,10.35,125.0,0.0,5924.0,5924.0,5924.0,0.646,2026-01-28 09:13:02,7077
BRITANNIA,2026-02-24,5200.0,0.0,0.0,0.0,15.0,1125.0,0.0,5924.0,5924.0,5924.0,0.646,2026-01-28 09:13:02,5809
BRITANNIA,2026-02-24,5250.0,0.0,0.0,0.0,0.0,0.0,0.0,5924.0,5924.0,5924.0,0.646,2026-01-28 09:13:02,5180
BRITANNIA,2026-02-24,5300.0,0.0,0.0,0.0,25.1,875.0,0.0,5924.0,5924.0,5924.0,0.646,2026-01-28 09:13:02,4551
BRITANNIA,2026-02-24,5350.0,0.0,0.0,0.0,0.0,0.0,0.0,5924.0,5924.0,5924.0,0.646,2026-01-28 09:13:02,3925
BRITANNIA,2026-02-24,5400.0,688.15,500.0,0.0,34.05,3875.0,0.0,5924.0,5924.0,5924.0,0.646,2026-01-28 09:13:02,3302
BRITANNIA,2026-02-24,5450.0,0.0,0.0,0.0,37.2,1375.0,0.0,5924.0,5924.0,5924.0,0.646,2026-01-28 09:13:02,2721
BRITANNIA,2026-02-24,5500.0,464.0,375.0,0.0,49.55,9250.0,0.0,5924.0,5924.0,5924.0,0.646,2026-01-28 09:13:02,2121
BRITANNIA,2026-02-24,5550.0,0.0,0.0,0.0,48.55,250.0,0.0,5924.0,5924.0,5924.0,0.646,2026-01-28 09:13:02,1546
BRITANNIA,2026-02-24,5600.0,385.0,1375.0,0.0,69.15,14375.0,0.0,5924.0,5924.0,5924.0,0.646,2026-01-28 09:13:02,999
BRITANNIA,2026-02-24,5650.0,0.0,0.0,0.0,82.2,4625.0,0.0,5924.0,5924.0,5924.0,0.646,2026-01-28 09:13:02,485
BRITANNIA,2026-02-24,5700.0,350.0,500.0,0.0,94.2,6500.0,0.0,5924.0,5924.0,5924.0,0.646,2026-01-28 09:13:02,4
BRITANNIA,2026-02-24,5750.0,0.0,0.0,0.0,110.0,3125.0,0.0,5924.0,5924.0,5924.0,0.646,2026-01-28 09:13:02,-448
BRITANNIA,2026-02-24,5800.0,259.0,2625.0,0.0,123.7,15625.0,0.0,5924.0,5924.0,5924.0,0.646,2026-01-28 09:13:02,-875
BRITANNIA,2026-02-24,5850.0,234.85,4000.0,0.0,152.5,3875.0,0.0,5924.0,5924.0,5924.0,0.646,2026-01-28 09:13:02,-1302
BRITANNIA,2026-02-24,5900.0,195.4,26875.0,0.0,172.15,37250.0,0.0,5924.0,5924.0,5924.0,0.646,2026-01-28 09:13:02,-1530
BRITANNIA,2026-02-24,5950.0,180.0,1750.0,0.0,175.0,125.0,0.0,5924.0,5924.0,5924.0,0.646,2026-01-28 09:13:02,-1588
BRITANNIA,2026-02-24,6000.0,150.35,34375.0,0.0,214.45,13250.0,0.0,5924.0,5924.0,5924.0,0.646,2026-01-28 09:13:02,-1491
BRITANNIA,2026-02-24,6050.0,132.5,2000.0,0.0,175.0,250.0,0.0,5924.0,5924.0,5924.0,0.646,2026-01-28 09:13:02,-953
BRITANNIA,2026-02-24,6100.0,109.0,4750.0,0.0,294.9,6375.0,0.0,5924.0,5924.0,5924.0,0.646,2026-01-28 09:13:02,-614
BRITANNIA,2026-02-24,6150.0,96.45,1875.0,0.0,0.0,0.0,0.0,5924.0,5924.0,5924.0,0.646,2026-01-28 09:13:02,-378
BRITANNIA,2026-02-24,6200.0,79.05,24875.0,0.0,365.0,2125.0,0.0,5924.0,5924.0,5924.0,0.646,2026-01-28 09:13:02,21
BRITANNIA,2026-02-24,6250.0,69.7,2000.0,0.0,0.0,0.0,0.0,5924.0,5924.0,5924.0,0.646,2026-01-28 09:13:02,657
BRITANNIA,2026-02-24,6300.0,56.35,8125.0,0.0,430.0,1000.0,0.0,5924.0,5924.0,5924.0,0.646,2026-01-28 09:13:02,1198
BRITANNIA,2026-02-24,6350.0,0.0,0.0,0.0,0.0,0.0,0.0,5924.0,5924.0,5924.0,0.646,2026-01-28 09:13:02,1773
BRITANNIA,2026-02-24,6400.0,41.75,10000.0,0.0,520.0,875.0,0.0,5924.0,5924.0,5924.0,0.646,2026-01-28 09:13:02,2346
BRITANNIA,2026-02-24,6450.0,0.0,0.0,0.0,0.0,0.0,0.0,5924.0,5924.0,5924.0,0.646,2026-01-28 09:13:02,2969
BRITANNIA,2026-02-24,6500.0,29.55,43125.0,0.0,0.0,0.0,0.0,5924.0,5924.0,5924.0,0.646,2026-01-28 09:13:02,3596
BRITANNIA,2026-02-24,6550.0,25.1,1250.0,0.0,645.0,0.0,0.0,5924.0,5924.0,5924.0,0.646,2026-01-28 09:13:02,4566
BRITANNIA,2026-02-24,6600.0,23.75,4375.0,0.0,670.0,125.0,0.0,5924.0,5924.0,5924.0,0.646,2026-01-28 09:13:02,5418
BRITANNIA,2026-02-24,6650.0,68.95,750.0,0.0,0.0,0.0,0.0,5924.0,5924.0,5924.0,0.646,2026-01-28 09:13:02,6291
BRITANNIA,2026-02-24,6700.0,21.25,1250.0,0.0,0.0,0.0,0.0,5924.0,5924.0,5924.0,0.646,2026-01-28 09:13:02,7171
BRITANNIA,2026-02-24,6750.0,15.0,3500.0,0.0,0.0,0.0,0.0,5924.0,5924.0,5924.0,0.646,2026-01-28 09:13:02,8055
BRITANNIA,2026-02-24,6800.0,3.55,3500.0,0.0,731.75,500.0,0.0,5924.0,5924.0,5924.0,0.646,2026-01-28 09:13:02,8959
BRITANNIA,2026-02-24,6900.0,9.0,2250.0,0.0,0.0,0.0,0.0,5924.0,5924.0,5924.0,0.646,2026-01-28 09:13:02,10761
BRITANNIA,2026-02-24,7000.0,4.8,1125.0,0.0,1130.0,250.0,0.0,5924.0,5924.0,5924.0,0.646,2026-01-28 09:13:02,12623
BRITANNIA,2026-02-24,7100.0,6.0,1500.0,0.0,0.0,0.0,0.0,5924.0,5924.0,5924.0,0.646,2026-01-28 09:13:02,14469
BSE,2026-02-24,2200.0,585.0,9375.0,0.0,13.55,221625.0,0.0,2768.9,2768.9,2768.9,0.279,2026-01-28 09:13:02,53716
BSE,2026-02-24,2300.0,482.0,1125.0,0.0,18.35,191250.0,0.0,2768.9,2768.9,2768.9,0.279,2026-01-28 09:13:02,34479
BSE,2026-02-24,2400.0,330.0,4875.0,0.0,28.4,150000.0,0.0,2768.9,2768.9,2768.9,0.279,2026-01-28 09:13:02,16621
BSE,2026-02-24,2450.0,300.0,375.0,0.0,0.0,0.0,0.0,2768.9,2768.9,2768.9,0.279,2026-01-28 09:13:02,8350
BSE,2026-02-24,2500.0,331.5,198750.0,0.0,43.7,299625.0,0.0,2768.9,2768.9,2768.9,0.279,2026-01-28 09:13:02,357
BSE,2026-02-24,2550.0,275.95,1500.0,0.0,54.05,30375.0,0.0,2768.9,2768.9,2768.9,0.279,2026-01-28 09:13:02,124
BSE,2026-02-24,2600.0,248.95,104250.0,0.0,66.5,346875.0,0.0,2768.9,2768.9,2768.9,0.279,2026-01-28 09:13:02,-5351
BSE,2026-02-24,2650.0,212.7,32625.0,0.0,82.4,106500.0,0.0,2768.9,2768.9,2768.9,0.279,2026-01-28 09:13:02,-8160
BSE,2026-02-24,2700.0,180.85,232125.0,0.0,98.45,320625.0,0.0,2768.9,2768.9,2768.9,0.279,2026-01-28 09:13:02,-10746
BSE,2026-02-24,2750.0,151.5,184125.0,0.0,118.7,82875.0,0.0,2768.9,2768.9,2768.9,0.279,2026-01-28 09:13:02,-9342
BSE,2026-02-24,2800.0,126.6,289125.0,0.0,145.15,180750.0,0.0,2768.9,2768.9,2768.9,0.279,2026-01-28 09:13:02,-5840
BSE,2026-02-24,2850.0,105.6,68625.0,0.0,173.45,34875.0,0.0,2768.9,2768.9,2768.9,0.279,2026-01-28 09:13:02,-757
BSE,2026-02-24,2900.0,86.6,318375.0,0.0,200.15,126375.0,0.0,2768.9,2768.9,2768.9,0.279,2026-01-28 09:13:02,3926
BSE,2026-02-24,2950.0,70.5,41250.0,0.0,259.35,16875.0,0.0,2768.9,2768.9,2768.9,0.279,2026-01-28 09:13:02,10941
BSE,2026-02-24,3000.0,57.0,366000.0,0.0,279.45,52500.0,0.0,2768.9,2768.9,2768.9,0.279,2026-01-28 09:13:02,17872
BSE,2026-02-24,3050.0,46.65,39750.0,0.0,318.75,1125.0,0.0,2768.9,2768.9,2768.9,0.279,2026-01-28 09:13:02,27662
BSE,2026-02-24,3100.0,36.55,258000.0,0.0,350.0,3000.0,0.0,2768.9,2768.9,2768.9,0.279,2026-01-28 09:13:02,37187
BSE,2026-02-24,3200.0,24.05,577875.0,0.0,443.4,14250.0,0.0,2768.9,2768.9,2768.9,0.279,2026-01-28 09:13:02,59385
CAMS,2026-02-24,560.0,0.0,0.0,0.0,0.0,0.0,0.0,698.05,698.05,698.05,0.05,2026-01-28 09:13:02,20277
CAMS,2026-02-24,580.0,127.3,0.0,0.0,2.5,11250.0,0.0,698.05,698.05,698.05,0.05,2026-01-28 09:13:02,17353
CAMS,2026-02-24,600.0,102.0,1500.0,0.0,3.7,88500.0,0.0,698.05,698.05,698.05,0.05,2026-01-28 09:13:02,14450
CAMS,2026-02-24,610.0,0.0,0.0,0.0,5.0,750.0,0.0,698.05,698.05,698.05,0.05,2026-01-28 09:13:02,13072
CAMS,2026-02-24,620.0,0.0,0.0,0.0,5.35,21750.0,0.0,698.05,698.05,698.05,0.05,2026-01-28 09:13:02,11712
CAMS,2026-02-24,630.0,0.0,0.0,0.0,5.95,43500.0,0.0,698.05,698.05,698.05,0.05,2026-01-28 09:13:02,10362
CAMS,2026-02-24,640.0,52.0,750.0,0.0,7.4,27000.0,0.0,698.05,698.05,698.05,0.05,2026-01-28 09:13:02,9042
CAMS,2026-02-24,650.0,58.5,3750.0,0.0,9.5,80250.0,0.0,698.05,698.05,698.05,0.05,2026-01-28 09:13:02,7759
CAMS,2026-02-24,660.0,0.0,0.0,0.0,11.5,86250.0,0.0,698.05,698.05,698.05,0.05,2026-01-28 09:13:02,6522
CAMS,2026-02-24,670.0,52.15,750.0,0.0,13.65,34500.0,0.0,698.05,698.05,698.05,0.05,2026-01-28 09:13:02,5326
CAMS,2026-02-24,680.0,39.1,39750.0,0.0,16.95,83250.0,0.0,698.05,698.05,698.05,0.05,2026-01-28 09:13:02,4222
CAMS,2026-02-24,690.0,31.65,42000.0,0.0,20.75,44250.0,0.0,698.05,698.05,698.05,0.05,2026-01-28 09:13:02,3298
CAMS,2026-02-24,700.0,26.25,225750.0,0.0,27.0,272250.0,0.0,698.05,698.05,698.05,0.05,2026-01-28 09:13:02,2487
CAMS,2026-02-24,710.0,21.75,92250.0,0.0,29.75,69750.0,0.0,698.05,698.05,698.05,0.05,2026-01-28 09:13:02,1990
CAMS,2026-02-24,720.0,17.65,130500.0,0.0,35.25,81750.0,0.0,698.05,698.05,698.05,0.05,2026-01-28 09:13:02,1791
CAMS,2026-02-24,730.0,14.15,70500.0,0.0,44.5,48750.0,0.0,698.05,698.05,698.05,0.05,2026-01-28 09:13:02,1754
CAMS,2026-02-24,740.0,11.7,91500.0,0.0,51.3,87000.0,0.0,698.05,698.05,698.05,0.05,2026-01-28 09:13:02,1776
CAMS,2026-02-24,750.0,9.05,165750.0,0.0,57.0,19500.0,0.0,698.05,698.05,698.05,0.05,2026-01-28 09:13:02,1755
CAMS,2026-02-24,760.0,7.15,106500.0,0.0,66.5,102000.0,0.0,698.05,698.05,698.05,0.05,2026-01-28 09:13:02,2297
CAMS,2026-02-24,770.0,5.8,42000.0,0.0,0.0,0.0,0.0,698.05,698.05,698.05,0.05,2026-01-28 09:13:02,2407
CAMS,2026-02-24,780.0,4.65,147000.0,0.0,87.65,60000.0,0.0,698.05,698.05,698.05,0.05,2026-01-28 09:13:02,3185
CAMS,2026-02-24,790.0,6.25,750.0,0.0,118.75,750.0,0.0,698.05,698.05,698.05,0.05,2026-01-28 09:13:02,3688
CAMS,2026-02-24,800.0,2.95,213000.0,0.0,101.0,96750.0,0.0,698.05,698.05,698.05,0.05,2026-01-28 09:13:02,4642
CAMS,2026-02-24,810.0,0.0,0.0,0.0,87.9,750.0,0.0,698.05,698.05,698.05,0.05,2026-01-28 09:13:02,4999
CAMS,2026-02-24,820.0,1.6,15000.0,0.0,120.0,5250.0,0.0,698.05,698.05,698.05,0.05,2026-01-28 09:13:02,6266
CAMS,2026-02-24,830.0,0.0,0.0,0.0,123.75,1500.0,0.0,698.05,698.05,698.05,0.05,2026-01-28 09:13:02,7498
CAMS,2026-02-24,840.0,0.95,11250.0,0.0,141.0,27000.0,0.0,698.05,698.05,698.05,0.05,2026-01-28 09:13:02,8774
CAMS,2026-02-24,860.0,0.55,8250.0,0.0,155.25,41250.0,0.0,698.05,698.05,698.05,0.05,2026-01-28 09:13:02,11060
CAMS,2026-02-24,880.0,0.75,20250.0,0.0,169.65,26250.0,0.0,698.05,698.05,698.05,0.05,2026-01-28 09:13:02,13184
CAMS,2026-02-24,920.0,1.0,3750.0,0.0,0.0,0.0,0.0,698.05,698.05,698.05,0.05,2026-01-28 09:13:02,18455
CANBK,2026-02-24,128.0,27.72,222750.0,0.0,0.59,317250.0,0.0,155.49,155.49,155.49,0.498,2026-01-28 09:13:02,61223
CANBK,2026-02-24,130.0,23.59,357750.0,0.0,0.71,1201500.0,0.0,155.49,155.49,155.49,0.498,2026-01-28 09:13:02,54055
CANBK,2026-02-24,132.0,22.0,6750.0,0.0,0.0,0.0,0.0,155.49,155.49,155.49,0.498,2026-01-28 09:13:02,47359
CANBK,2026-02-24,134.0,20.0,47250.0,0.0,1.05,553500.0,0.0,155.49,155.49,155.49,0.498,2026-01-28 09:13:02,39920
CANBK,2026-02-24,136.0,16.5,6750.0,0.0,1.25,1059750.0,0.0,155.49,155.49,155.49,0.498,2026-01-28 09:13:02,32623
CANBK,2026-02-24,138.0,17.44,33750.0,0.0,1.54,303750.0,0.0,155.49,155.49,155.49,0.498,2026-01-28 09:13:02,25382
CANBK,2026-02-24,139.0,0.0,0.0,0.0,1.69,87750.0,0.0,155.49,155.49,155.49,0.498,2026-01-28 09:13:02,21868
CANBK,2026-02-24,140.0,17.08,465750.0,0.0,1.86,4961250.0,0.0,155.49,155.49,155.49,0.498,2026-01-28 09:13:02,18336
CANBK,2026-02-24,141.0,16.35,20250.0,0.0,2.06,411750.0,0.0,155.49,155.49,155.49,0.498,2026-01-28 09:13:02,15234
CANBK,2026-02-24,142.0,0.0,0.0,0.0,2.21,249750.0,0.0,155.49,155.49,155.49,0.498,2026-01-28 09:13:02,12251
CANBK,2026-02-24,143.0,0.0,0.0,0.0,2.43,290250.0,0.0,155.49,155.49,155.49,0.498,2026-01-28 09:13:02,9289
CANBK,2026-02-24,144.0,12.85,13500.0,0.0,2.65,715500.0,0.0,155.49,155.49,155.49,0.498,2026-01-28 09:13:02,6341
CANBK,2026-02-24,145.0,13.02,1026000.0,0.0,2.92,6500250.0,0.0,155.49,155.49,155.49,0.498,2026-01-28 09:13:02,3364
CANBK,2026-02-24,146.0,12.91,60750.0,0.0,3.15,229500.0,0.0,155.49,155.49,155.49,0.498,2026-01-28 09:13:02,750
CANBK,2026-02-24,147.0,11.53,54000.0,0.0,3.44,357750.0,0.0,155.49,155.49,155.49,0.498,2026-01-28 09:13:02,-1266
CANBK,2026-02-24,148.0,10.95,81000.0,0.0,3.74,405000.0,0.0,155.49,155.49,155.49,0.498,2026-01-28 09:13:02,-3309
CANBK,2026-02-24,149.0,10.25,101250.0,0.0,4.05,607500.0,0.0,155.49,155.49,155.49,0.498,2026-01-28 09:13:02,-5305
CANBK,2026-02-24,150.0,9.8,3186000.0,0.0,4.4,7155000.0,0.0,155.49,155.49,155.49,0.498,2026-01-28 09:13:02,-7309
CANBK,2026-02-24,151.0,9.0,310500.0,0.0,4.77,654750.0,0.0,155.49,155.49,155.49,0.498,2026-01-28 09:13:02,-8163
CANBK,2026-02-24,152.0,8.4,540000.0,0.0,5.14,594000.0,0.0,155.49,155.49,155.49,0.498,2026-01-28 09:13:02,-8928
CANBK,2026-02-24,153.0,7.83,573750.0,0.0,5.57,877500.0,0.0,155.49,155.49,155.49,0.498,2026-01-28 09:13:02,-9398
CANBK,2026-02-24,154.0,7.23,729000.0,0.0,6.0,931500.0,0.0,155.49,155.49,155.49,0.498,2026-01-28 09:13:02,-9911
CANBK,2026-02-24,155.0,6.78,5251500.0,0.0,6.41,3064500.0,0.0,155.49,155.49,155.49,0.498,2026-01-28 09:13:02,-10250
CANBK,2026-02-24,156.0,6.29,1140750.0,0.0,7.02,297000.0,0.0,155.49,155.49,155.49,0.498,2026-01-28 09:13:02,-8129
CANBK,2026-02-24,157.0,5.83,951750.0,0.0,7.49,391500.0,0.0,155.49,155.49,155.49,0.498,2026-01-28 09:13:02,-6952
CANBK,2026-02-24,158.0,5.38,553500.0,0.0,8.06,202500.0,0.0,155.49,155.49,155.49,0.498,2026-01-28 09:13:02,-5888
CANBK,2026-02-24,159.0,4.89,324000.0,0.0,8.64,27000.0,0.0,155.49,155.49,155.49,0.498,2026-01-28 09:13:02,-4875
CANBK,2026-02-24,160.0,4.6,7384500.0,0.0,9.07,5332500.0,0.0,155.49,155.49,155.49,0.498,2026-01-28 09:13:02,-3826
CANBK,2026-02-24,161.0,4.23,276750.0,0.0,10.09,6750.0,0.0,155.49,155.49,155.49,0.498,2026-01-28 09:13:02,-3081
CANBK,2026-02-24,162.0,3.87,506250.0,0.0,10.53,276750.0,0.0,155.49,155.49,155.49,0.498,2026-01-28 09:13:02,-758
CANBK,2026-02-24,163.0,3.46,459000.0,0.0,0.0,0.0,0.0,155.49,155.49,155.49,0.498,2026-01-28 09:13:02,1438
CANBK,2026-02-24,164.0,3.17,378000.0,0.0,0.0,0.0,0.0,155.49,155.49,155.49,0.498,2026-01-28 09:13:02,3934
CANBK,2026-02-24,165.0,3.02,2679750.0,0.0,12.62,654750.0,0.0,155.49,155.49,155.49,0.498,2026-01-28 09:13:02,6429
CANBK,2026-02-24,166.0,2.68,175500.0,0.0,16.35,54000.0,0.0,155.49,155.49,155.49,0.498,2026-01-28 09:13:02,9121
CANBK,2026-02-24,167.0,2.49,351000.0,0.0,0.0,0.0,0.0,155.49,155.49,155.49,0.498,2026-01-28 09:13:02,11811
CANBK,2026-02-24,168.0,2.3,330750.0,0.0,0.0,0.0,0.0,155.49,155.49,155.49,0.498,2026-01-28 09:13:02,14666
CANBK,2026-02-24,169.0,2.0,148500.0,0.0,0.0,0.0,0.0,155.49,155.49,155.49,0.498,2026-01-28 09:13:02,17542
CANBK,2026-02-24,170.0,1.88,5825250.0,0.0,17.0,371250.0,0.0,155.49,155.49,155.49,0.498,2026-01-28 09:13:02,20386
CANBK,2026-02-24,172.0,1.56,580500.0,0.0,0.0,0.0,0.0,155.49,155.49,155.49,0.498,2026-01-28 09:13:02,27719
CANBK,2026-02-24,174.0,1.28,634500.0,0.0,0.0,0.0,0.0,155.49,155.49,155.49,0.498,2026-01-28 09:13:02,34794
CANBK,2026-02-24,176.0,1.08,1498500.0,0.0,0.0,0.0,0.0,155.49,155.49,155.49,0.498,2026-01-28 09:13:02,41987
CANBK,2026-02-24,178.0,0.87,222750.0,0.0,0.0,0.0,0.0,155.49,155.49,155.49,0.498,2026-01-28 09:13:02,49561
CANBK,2026-02-24,180.0,0.74,1491750.0,0.0,25.25,229500.0,0.0,155.49,155.49,155.49,0.498,2026-01-28 09:13:02,57036
CDSL,2026-02-24,1080.0,0.0,0.0,0.0,5.5,10450.0,0.0,1327.0,1327.0,1327.0,0.371,2026-01-28 09:13:02,96341
CDSL,2026-02-24,1120.0,0.0,0.0,0.0,7.0,103075.0,0.0,1327.0,1327.0,1327.0,0.371,2026-01-28 09:13:02,82099
CDSL,2026-02-24,1140.0,189.15,3800.0,0.0,8.25,52725.0,0.0,1327.0,1327.0,1327.0,0.371,2026-01-28 09:13:02,75114
CDSL,2026-02-24,1160.0,0.0,0.0,0.0,10.35,58900.0,0.0,1327.0,1327.0,1327.0,0.371,2026-01-28 09:13:02,68344
CDSL,2026-02-24,1180.0,0.0,0.0,0.0,13.0,12825.0,0.0,1327.0,1327.0,1327.0,0.371,2026-01-28 09:13:02,61601
CDSL,2026-02-24,1200.0,141.65,8075.0,0.0,15.8,209000.0,0.0,1327.0,1327.0,1327.0,0.371,2026-01-28 09:13:02,54929
CDSL,2026-02-24,1220.0,0.0,0.0,0.0,19.25,36575.0,0.0,1327.0,1327.0,1327.0,0.371,2026-01-28 09:13:02,48492
CDSL,2026-02-24,1240.0,0.0,0.0,0.0,23.55,77900.0,0.0,1327.0,1327.0,1327.0,0.371,2026-01-28 09:13:02,42273
CDSL,2026-02-24,1260.0,87.3,7600.0,0.0,29.15,93100.0,0.0,1327.0,1327.0,1327.0,0.371,2026-01-28 09:13:02,36097
CDSL,2026-02-24,1280.0,0.0,0.0,0.0,36.4,133950.0,0.0,1327.0,1327.0,1327.0,0.371,2026-01-28 09:13:02,30101
CDSL,2026-02-24,1300.0,76.2,115425.0,0.0,43.05,481650.0,0.0,1327.0,1327.0,1327.0,0.371,2026-01-28 09:13:02,24090
CDSL,2026-02-24,1320.0,63.35,65075.0,0.0,51.85,124925.0,0.0,1327.0,1327.0,1327.0,0.371,2026-01-28 09:13:02,18567
CDSL,2026-02-24,1340.0,53.55,212800.0,0.0,61.0,231325.0,0.0,1327.0,1327.0,1327.0,0.371,2026-01-28 09:13:02,14382
CDSL,2026-02-24,1360.0,44.55,315400.0,0.0,72.75,273600.0,0.0,1327.0,1327.0,1327.0,0.371,2026-01-28 09:13:02,11049
CDSL,2026-02-24,1380.0,36.15,104025.0,0.0,85.5,80275.0,0.0,1327.0,1327.0,1327.0,0.371,2026-01-28 09:13:02,8581
CDSL,2026-02-24,1400.0,30.2,1271575.0,0.0,96.6,518225.0,0.0,1327.0,1327.0,1327.0,0.371,2026-01-28 09:13:02,6757
CDSL,2026-02-24,1420.0,23.65,90725.0,0.0,112.95,19475.0,0.0,1327.0,1327.0,1327.0,0.371,2026-01-28 09:13:02,7656
CDSL,2026-02-24,1440.0,19.15,142500.0,0.0,119.25,101175.0,0.0,1327.0,1327.0,1327.0,0.371,2026-01-28 09:13:02,9936
CDSL,2026-02-24,1460.0,14.45,96900.0,0.0,148.0,76475.0,0.0,1327.0,1327.0,1327.0,0.371,2026-01-28 09:13:02,11776
CDSL,2026-02-24,1480.0,11.95,188100.0,0.0,177.0,42275.0,0.0,1327.0,1327.0,1327.0,0.371,2026-01-28 09:13:02,13904
CDSL,2026-02-24,1500.0,9.3,503975.0,0.0,178.0,338200.0,0.0,1327.0,1327.0,1327.0,0.371,2026-01-28 09:13:02,16961
CDSL,2026-02-24,1520.0,7.35,159600.0,0.0,216.0,26125.0,0.0,1327.0,1327.0,1327.0,0.371,2026-01-28 09:13:02,16674
CDSL,2026-02-24,1540.0,5.5,39900.0,0.0,208.0,18525.0,0.0,1327.0,1327.0,1327.0,0.371,2026-01-28 09:13:02,21864
CDSL,2026-02-24,1560.0,4.35,69350.0,0.0,250.0,18050.0,0.0,1327.0,1327.0,1327.0,0.371,2026-01-28 09:13:02,27254
CDSL,2026-02-24,1580.0,6.7,7600.0,0.0,246.0,21850.0,0.0,1327.0,1327.0,1327.0,0.371,2026-01-28 09:13:02,32761
CDSL,2026-02-24,1600.0,2.95,134900.0,0.0,260.35,238925.0,0.0,1327.0,1327.0,1327.0,0.371,2026-01-28 09:13:02,38215
CDSL,2026-02-24,1620.0,2.35,11875.0,0.0,0.0,0.0,0.0,1327.0,1327.0,1327.0,0.371,2026-01-28 09:13:02,38769
CDSL,2026-02-24,1640.0,0.0,0.0,0.0,315.0,26600.0,0.0,1327.0,1327.0,1327.0,0.371,2026-01-28 09:13:02,45530
CDSL,2026-02-24,1680.0,1.45,40850.0,0.0,364.25,88825.0,0.0,1327.0,1327.0,1327.0,0.371,2026-01-28 09:13:02,58315
CDSL,2026-02-24,1720.0,0.0,0.0,0.0,385.0,32775.0,0.0,1327.0,1327.0,1327.0,0.371,2026-01-28 09:13:02,69227
CDSL,2026-02-24,1800.0,0.0,0.0,0.0,465.0,21850.0,0.0,1327.0,1327.0,1327.0,0.371,2026-01-28 09:13:02,96511
CGPOWER,2026-02-24,440.0,0.0,0.0,0.0,3.3,5100.0,0.0,535.2,535.2,535.2,0.857,2026-01-28 09:13:02,36063
CGPOWER,2026-02-24,460.0,0.0,0.0,0.0,5.15,169150.0,0.0,535.2,535.2,535.2,0.857,2026-01-28 09:13:02,28433
CGPOWER,2026-02-24,470.0,0.0,0.0,0.0,0.0,0.0,0.0,535.2,535.2,535.2,0.857,2026-01-28 09:13:02,24701
CGPOWER,2026-02-24,480.0,61.0,2550.0,0.0,8.35,202300.0,0.0,535.2,535.2,535.2,0.857,2026-01-28 09:13:02,21056
CGPOWER,2026-02-24,490.0,0.0,0.0,0.0,0.0,0.0,0.0,535.2,535.2,535.2,0.857,2026-01-28 09:13:02,17463
CGPOWER,2026-02-24,500.0,46.95,20400.0,0.0,13.25,324700.0,0.0,535.2,535.2,535.2,0.857,2026-01-28 09:13:02,14023
CGPOWER,2026-02-24,510.0,0.0,0.0,0.0,15.8,119000.0,0.0,535.2,535.2,535.2,0.857,2026-01-28 09:13:02,10594
CGPOWER,2026-02-24,520.0,34.5,331500.0,0.0,19.95,400350.0,0.0,535.2,535.2,535.2,0.857,2026-01-28 09:13:02,7430
CGPOWER,2026-02-24,530.0,27.6,192100.0,0.0,24.3,370600.0,0.0,535.2,535.2,535.2,0.857,2026-01-28 09:13:02,5531
CGPOWER,2026-02-24,540.0,23.5,243950.0,0.0,29.15,332350.0,0.0,535.2,535.2,535.2,0.857,2026-01-28 09:13:02,3479
CGPOWER,2026-02-24,550.0,19.25,677450.0,0.0,35.1,678300.0,0.0,535.2,535.2,535.2,0.857,2026-01-28 09:13:02,1979
CGPOWER,2026-02-24,560.0,15.5,425850.0,0.0,42.15,172550.0,0.0,535.2,535.2,535.2,0.857,2026-01-28 09:13:02,1153
CGPOWER,2026-02-24,570.0,12.85,371450.0,0.0,46.85,102000.0,0.0,535.2,535.2,535.2,0.857,2026-01-28 09:13:02,1935
CGPOWER,2026-02-24,580.0,10.25,437750.0,0.0,56.65,121550.0,0.0,535.2,535.2,535.2,0.857,2026-01-28 09:13:02,3257
CGPOWER,2026-02-24,590.0,8.1,284750.0,0.0,57.0,29750.0,0.0,535.2,535.2,535.2,0.857,2026-01-28 09:13:02,4899
CGPOWER,2026-02-24,600.0,6.65,1030200.0,0.0,72.25,343400.0,0.0,535.2,535.2,535.2,0.857,2026-01-28 09:13:02,7156
CGPOWER,2026-02-24,610.0,4.95,306000.0,0.0,67.0,16150.0,0.0,535.2,535.2,535.2,0.857,2026-01-28 09:13:02,8930
CGPOWER,2026-02-24,620.0,4.35,345100.0,0.0,80.25,22100.0,0.0,535.2,535.2,535.2,0.857,2026-01-28 09:13:02,12865
CGPOWER,2026-02-24,630.0,3.4,137700.0,0.0,93.15,27200.0,0.0,535.2,535.2,535.2,0.857,2026-01-28 09:13:02,17098
CGPOWER,2026-02-24,640.0,2.7,152150.0,0.0,101.6,38250.0,0.0,535.2,535.2,535.2,0.857,2026-01-28 09:13:02,21315
CGPOWER,2026-02-24,650.0,2.3,216750.0,0.0,112.35,113050.0,0.0,535.2,535.2,535.2,0.857,2026-01-28 09:13:02,25582
CGPOWER,2026-02-24,660.0,1.8,39950.0,0.0,120.0,10200.0,0.0,535.2,535.2,535.2,0.857,2026-01-28 09:13:02,29307
CGPOWER,2026-02-24,670.0,1.55,15300.0,0.0,120.0,7650.0,0.0,535.2,535.2,535.2,0.857,2026-01-28 09:13:02,34186
CGPOWER,2026-02-24,680.0,1.4,26350.0,0.0,135.0,4250.0,0.0,535.2,535.2,535.2,0.857,2026-01-28 09:13:02,39114
CGPOWER,2026-02-24,690.0,3.95,850.0,0.0,145.0,15300.0,0.0,535.2,535.2,535.2,0.857,2026-01-28 09:13:02,44109
CGPOWER,2026-02-24,700.0,1.0,279650.0,0.0,157.45,133450.0,0.0,535.2,535.2,535.2,0.857,2026-01-28 09:13:02,48951
CGPOWER,2026-02-24,710.0,0.0,0.0,0.0,156.6,3400.0,0.0,535.2,535.2,535.2,0.857,2026-01-28 09:13:02,52356
CGPOWER,2026-02-24,720.0,0.85,8500.0,0.0,170.0,31450.0,0.0,535.2,535.2,535.2,0.857,2026-01-28 09:13:02,57783
CGPOWER,2026-02-24,740.0,0.75,7650.0,0.0,190.0,25500.0,0.0,535.2,535.2,535.2,0.857,2026-01-28 09:13:02,68291
CGPOWER,2026-02-24,760.0,0.75,7650.0,0.0,0.0,0.0,0.0,535.2,535.2,535.2,0.857,2026-01-28 09:13:02,78915
CGPOWER,2026-02-24,800.0,0.4,15300.0,0.0,0.0,0.0,0.0,535.2,535.2,535.2,0.857,2026-01-28 09:13:02,101161
CHOLAFIN,2026-02-24,1320.0,0.0,0.0,0.0,3.2,3750.0,0.0,1650.9,1650.9,1650.9,0.683,2026-01-28 09:13:02,28559
CHOLAFIN,2026-02-24,1360.0,0.0,0.0,0.0,5.35,6250.0,0.0,1650.9,1650.9,1650.9,0.683,2026-01-28 09:13:02,24421
CHOLAFIN,2026-02-24,1400.0,253.0,10000.0,0.0,7.1,15000.0,0.0,1650.9,1650.9,1650.9,0.683,2026-01-28 09:13:02,20305
CHOLAFIN,2026-02-24,1440.0,0.0,0.0,0.0,9.3,25000.0,0.0,1650.9,1650.9,1650.9,0.683,2026-01-28 09:13:02,16535
CHOLAFIN,2026-02-24,1460.0,0.0,0.0,0.0,12.0,6875.0,0.0,1650.9,1650.9,1650.9,0.683,2026-01-28 09:13:02,14555
CHOLAFIN,2026-02-24,1480.0,0.0,0.0,0.0,14.4,15625.0,0.0,1650.9,1650.9,1650.9,0.683,2026-01-28 09:13:02,12604
CHOLAFIN,2026-02-24,1500.0,0.0,0.0,0.0,16.5,136875.0,0.0,1650.9,1650.9,1650.9,0.683,2026-01-28 09:13:02,10671
CHOLAFIN,2026-02-24,1520.0,0.0,0.0,0.0,21.8,76875.0,0.0,1650.9,1650.9,1650.9,0.683,2026-01-28 09:13:02,8807
CHOLAFIN,2026-02-24,1540.0,150.0,1250.0,0.0,25.0,25000.0,0.0,1650.9,1650.9,1650.9,0.683,2026-01-28 09:13:02,7156
CHOLAFIN,2026-02-24,1560.0,0.0,0.0,0.0,28.9,31875.0,0.0,1650.9,1650.9,1650.9,0.683,2026-01-28 09:13:02,5681
CHOLAFIN,2026-02-24,1580.0,141.0,625.0,0.0,35.6,18750.0,0.0,1650.9,1650.9,1650.9,0.683,2026-01-28 09:13:02,4221
CHOLAFIN,2026-02-24,1600.0,91.0,66250.0,0.0,41.2,207500.0,0.0,1650.9,1650.9,1650.9,0.683,2026-01-28 09:13:02,2835
CHOLAFIN,2026-02-24,1620.0,81.15,10625.0,0.0,48.5,28750.0,0.0,1650.9,1650.9,1650.9,0.683,2026-01-28 09:13:02,1801
CHOLAFIN,2026-02-24,1640.0,69.95,27500.0,0.0,57.75,46250.0,0.0,1650.9,1650.9,1650.9,0.683,2026-01-28 09:13:02,1046
CHOLAFIN,2026-02-24,1660.0,61.3,63125.0,0.0,68.35,46875.0,0.0,1650.9,1650.9,1650.9,0.683,2026-01-28 09:13:02,416
CHOLAFIN,2026-02-24,1680.0,51.1,36875.0,0.0,80.0,28125.0,0.0,1650.9,1650.9,1650.9,0.683,2026-01-28 09:13:02,147
CHOLAFIN,2026-02-24,1700.0,43.2,138750.0,0.0,92.0,40000.0,0.0,1650.9,1650.9,1650.9,0.683,2026-01-28 09:13:02,-93
CHOLAFIN,2026-02-24,1720.0,36.75,91875.0,0.0,88.0,15625.0,0.0,1650.9,1650.9,1650.9,0.683,2026-01-28 09:13:02,290
CHOLAFIN,2026-02-24,1740.0,29.05,37500.0,0.0,118.05,11250.0,0.0,1650.9,1650.9,1650.9,0.683,2026-01-28 09:13:02,857
CHOLAFIN,2026-02-24,1760.0,24.05,38125.0,0.0,123.65,6250.0,0.0,1650.9,1650.9,1650.9,0.683,2026-01-28 09:13:02,1299
CHOLAFIN,2026-02-24,1780.0,20.5,14375.0,0.0,152.0,170625.0,0.0,1650.9,1650.9,1650.9,0.683,2026-01-28 09:13:02,1867
CHOLAFIN,2026-02-24,1800.0,16.1,180000.0,0.0,163.0,60000.0,0.0,1650.9,1650.9,1650.9,0.683,2026-01-28 09:13:02,226
CHOLAFIN,2026-02-24,1820.0,17.0,1250.0,0.0,153.7,1250.0,0.0,1650.9,1650.9,1650.9,0.683,2026-01-28 09:13:02,942
CHOLAFIN,2026-02-24,1840.0,10.1,33750.0,0.0,0.0,0.0,0.0,1650.9,1650.9,1650.9,0.683,2026-01-28 09:13:02,2334
CHOLAFIN,2026-02-24,1860.0,0.0,0.0,0.0,104.0,1250.0,0.0,1650.9,1650.9,1650.9,0.683,2026-01-28 09:13:02,3844
CHOLAFIN,2026-02-24,1880.0,0.0,0.0,0.0,111.1,5625.0,0.0,1650.9,1650.9,1650.9,0.683,2026-01-28 09:13:02,5310
CHOLAFIN,2026-02-24,1900.0,4.7,46875.0,0.0,0.0,0.0,0.0,1650.9,1650.9,1650.9,0.683,2026-01-28 09:13:02,6737
CHOLAFIN,2026-02-24,1920.0,4.25,10000.0,0.0,176.7,1875.0,0.0,1650.9,1650.9,1650.9,0.683,2026-01-28 09:13:02,8343
CHOLAFIN,2026-02-24,1940.0,0.0,0.0,0.0,0.0,0.0,0.0,1650.9,1650.9,1650.9,0.683,2026-01-28 09:13:02,9922
CHOLAFIN,2026-02-24,1960.0,5.95,30000.0,0.0,270.2,1875.0,0.0,1650.9,1650.9,1650.9,0.683,2026-01-28 09:13:02,11529
CHOLAFIN,2026-02-24,1980.0,10.85,1875.0,0.0,0.0,0.0,0.0,1650.9,1650.9,1650.9,0.683,2026-01-28 09:13:02,13168
CHOLAFIN,2026-02-24,2000.0,2.55,91875.0,0.0,340.0,3125.0,0.0,1650.9,1650.9,1650.9,0.683,2026-01-28 09:13:02,14845
CHOLAFIN,2026-02-24,2040.0,11.5,3750.0,0.0,0.0,0.0,0.0,1650.9,1650.9,1650.9,0.683,2026-01-28 09:13:02,18492
CHOLAFIN,2026-02-24,2080.0,11.5,625.0,0.0,0.0,0.0,0.0,1650.9,1650.9,1650.9,0.683,2026-01-28 09:13:02,22241
CIPLA,2026-02-24,1100.0,0.0,0.0,0.0,1.55,9750.0,0.0,1313.0,1313.0,1313.0,0.0,2026-01-28 09:13:02,57615
CIPLA,2026-02-24,1120.0,0.0,0.0,0.0,1.45,4125.0,0.0,1313.0,1313.0,1313.0,0.0,2026-01-28 09:13:02,52363
CIPLA,2026-02-24,1140.0,0.0,0.0,0.0,2.3,22500.0,0.0,1313.0,1313.0,1313.0,0.0,2026-01-28 09:13:02,47120
CIPLA,2026-02-24,1160.0,0.0,0.0,0.0,3.35,7500.0,0.0,1313.0,1313.0,1313.0,0.0,2026-01-28 09:13:02,41917
CIPLA,2026-02-24,1180.0,0.0,0.0,0.0,4.25,61125.0,0.0,1313.0,1313.0,1313.0,0.0,2026-01-28 09:13:02,36732
CIPLA,2026-02-24,1190.0,0.0,0.0,0.0,0.0,0.0,0.0,1313.0,1313.0,1313.0,0.0,2026-01-28 09:13:02,34176
CIPLA,2026-02-24,1200.0,127.0,3000.0,0.0,5.8,104250.0,0.0,1313.0,1313.0,1313.0,0.0,2026-01-28 09:13:02,31646
CIPLA,2026-02-24,1210.0,0.0,0.0,0.0,6.5,9375.0,0.0,1313.0,1313.0,1313.0,0.0,2026-01-28 09:13:02,29201
CIPLA,2026-02-24,1220.0,0.0,0.0,0.0,7.65,55875.0,0.0,1313.0,1313.0,1313.0,0.0,2026-01-28 09:13:02,26781
CIPLA,2026-02-24,1230.0,0.0,0.0,0.0,9.7,9000.0,0.0,1313.0,1313.0,1313.0,0.0,2026-01-28 09:13:02,24381
CIPLA,2026-02-24,1240.0,0.0,0.0,0.0,10.2,29625.0,0.0,1313.0,1313.0,1313.0,0.0,2026-01-28 09:13:02,22023
CIPLA,2026-02-24,1250.0,90.05,0.0,0.0,11.75,95625.0,0.0,1313.0,1313.0,1313.0,0.0,2026-01-28 09:13:02,19674
CIPLA,2026-02-24,1260.0,68.5,1500.0,0.0,13.5,63750.0,0.0,1313.0,1313.0,1313.0,0.0,2026-01-28 09:13:02,17338
CIPLA,2026-02-24,1270.0,65.15,1875.0,0.0,15.95,46500.0,0.0,1313.0,1313.0,1313.0,0.0,2026-01-28 09:13:02,15104
CIPLA,2026-02-24,1280.0,62.65,750.0,0.0,18.35,93750.0,0.0,1313.0,1313.0,1313.0,0.0,2026-01-28 09:13:02,12933
CIPLA,2026-02-24,1290.0,53.65,8625.0,0.0,21.35,89625.0,0.0,1313.0,1313.0,1313.0,0.0,2026-01-28 09:13:02,10750
CIPLA,2026-02-24,1300.0,46.6,166125.0,0.0,24.65,591000.0,0.0,1313.0,1313.0,1313.0,0.0,2026-01-28 09:13:02,8688
CIPLA,2026-02-24,1310.0,40.55,42750.0,0.0,28.5,75375.0,0.0,1313.0,1313.0,1313.0,0.0,2026-01-28 09:13:02,6845
CIPLA,2026-02-24,1320.0,34.6,66000.0,0.0,32.65,123000.0,0.0,1313.0,1313.0,1313.0,0.0,2026-01-28 09:13:02,5762
CIPLA,2026-02-24,1330.0,29.3,71625.0,0.0,37.3,74625.0,0.0,1313.0,1313.0,1313.0,0.0,2026-01-28 09:13:02,4736
CIPLA,2026-02-24,1340.0,25.05,119250.0,0.0,42.8,79500.0,0.0,1313.0,1313.0,1313.0,0.0,2026-01-28 09:13:02,3961
CIPLA,2026-02-24,1350.0,20.8,149625.0,0.0,48.55,60000.0,0.0,1313.0,1313.0,1313.0,0.0,2026-01-28 09:13:02,3412
CIPLA,2026-02-24,1360.0,17.35,96000.0,0.0,55.2,110625.0,0.0,1313.0,1313.0,1313.0,0.0,2026-01-28 09:13:02,3134
CIPLA,2026-02-24,1370.0,14.35,63000.0,0.0,63.8,47250.0,0.0,1313.0,1313.0,1313.0,0.0,2026-01-28 09:13:02,2598
CIPLA,2026-02-24,1380.0,12.05,221625.0,0.0,67.0,103125.0,0.0,1313.0,1313.0,1313.0,0.0,2026-01-28 09:13:02,2406
CIPLA,2026-02-24,1390.0,9.85,47625.0,0.0,78.0,7875.0,0.0,1313.0,1313.0,1313.0,0.0,2026-01-28 09:13:02,2326
CIPLA,2026-02-24,1400.0,8.35,512250.0,0.0,85.5,232875.0,0.0,1313.0,1313.0,1313.0,0.0,2026-01-28 09:13:02,2710
CIPLA,2026-02-24,1410.0,6.9,61500.0,0.0,93.0,7125.0,0.0,1313.0,1313.0,1313.0,0.0,2026-01-28 09:13:02,2291
CIPLA,2026-02-24,1420.0,5.85,291750.0,0.0,102.6,35250.0,0.0,1313.0,1313.0,1313.0,0.0,2026-01-28 09:13:02,3480
CIPLA,2026-02-24,1430.0,4.95,31875.0,0.0,108.5,1500.0,0.0,1313.0,1313.0,1313.0,0.0,2026-01-28 09:13:02,4828
CIPLA,2026-02-24,1440.0,4.25,38625.0,0.0,120.0,28875.0,0.0,1313.0,1313.0,1313.0,0.0,2026-01-28 09:13:02,6401
CIPLA,2026-02-24,1450.0,3.7,150750.0,0.0,129.35,37500.0,0.0,1313.0,1313.0,1313.0,0.0,2026-01-28 09:13:02,7712
CIPLA,2026-02-24,1460.0,3.25,74250.0,0.0,140.85,97125.0,0.0,1313.0,1313.0,1313.0,0.0,2026-01-28 09:13:02,9111
CIPLA,2026-02-24,1470.0,2.75,26250.0,0.0,154.05,2250.0,0.0,1313.0,1313.0,1313.0,0.0,2026-01-28 09:13:02,9768
CIPLA,2026-02-24,1480.0,2.4,35625.0,0.0,161.55,22500.0,0.0,1313.0,1313.0,1313.0,0.0,2026-01-28 09:13:02,11769
CIPLA,2026-02-24,1490.0,2.1,15750.0,0.0,0.0,0.0,0.0,1313.0,1313.0,1313.0,0.0,2026-01-28 09:13:02,13501
CIPLA,2026-02-24,1500.0,2.0,468750.0,0.0,178.5,166500.0,0.0,1313.0,1313.0,1313.0,0.0,2026-01-28 09:13:02,15607
CIPLA,2026-02-24,1510.0,2.25,12000.0,0.0,128.5,2250.0,0.0,1313.0,1313.0,1313.0,0.0,2026-01-28 09:13:02,15466
CIPLA,2026-02-24,1520.0,1.9,23625.0,0.0,139.0,9000.0,0.0,1313.0,1313.0,1313.0,0.0,2026-01-28 09:13:02,18192
CIPLA,2026-02-24,1530.0,1.55,5625.0,0.0,208.5,3750.0,0.0,1313.0,1313.0,1313.0,0.0,2026-01-28 09:13:02,20856
CIPLA,2026-02-24,1540.0,1.2,15000.0,0.0,218.5,750.0,0.0,1313.0,1313.0,1313.0,0.0,2026-01-28 09:13:02,23573
CIPLA,2026-02-24,1550.0,1.95,19875.0,0.0,160.75,3375.0,0.0,1313.0,1313.0,1313.0,0.0,2026-01-28 09:13:02,26369
CIPLA,2026-02-24,1560.0,1.5,4875.0,0.0,237.5,2625.0,0.0,1313.0,1313.0,1313.0,0.0,2026-01-28 09:13:02,29151
CIPLA,2026-02-24,1570.0,0.0,0.0,0.0,0.0,0.0,0.0,1313.0,1313.0,1313.0,0.0,2026-01-28 09:13:02,31930
CIPLA,2026-02-24,1580.0,1.95,3000.0,0.0,0.0,0.0,0.0,1313.0,1313.0,1313.0,0.0,2026-01-28 09:13:02,34771
CIPLA,2026-02-24,1590.0,0.0,0.0,0.0,0.0,0.0,0.0,1313.0,1313.0,1313.0,0.0,2026-01-28 09:13:02,37615
CIPLA,2026-02-24,1600.0,1.2,51375.0,0.0,275.0,7125.0,0.0,1313.0,1313.0,1313.0,0.0,2026-01-28 09:13:02,40459
CIPLA,2026-02-24,1610.0,0.0,0.0,0.0,0.0,0.0,0.0,1313.0,1313.0,1313.0,0.0,2026-01-28 09:13:02,43171
CIPLA,2026-02-24,1620.0,0.0,0.0,0.0,0.0,0.0,0.0,1313.0,1313.0,1313.0,0.0,2026-01-28 09:13:02,46073
CIPLA,2026-02-24,1630.0,0.0,0.0,0.0,0.0,0.0,0.0,1313.0,1313.0,1313.0,0.0,2026-01-28 09:13:02,48975
CIPLA,2026-02-24,1640.0,0.8,19500.0,0.0,0.0,0.0,0.0,1313.0,1313.0,1313.0,0.0,2026-01-28 09:13:02,51877
CIPLA,2026-02-24,1650.0,0.0,0.0,0.0,0.0,0.0,0.0,1313.0,1313.0,1313.0,0.0,2026-01-28 09:13:02,54801
CIPLA,2026-02-24,1660.0,0.0,0.0,0.0,0.0,0.0,0.0,1313.0,1313.0,1313.0,0.0,2026-01-28 09:13:02,57722
CIPLA,2026-02-24,1680.0,0.0,0.0,0.0,0.0,0.0,0.0,1313.0,1313.0,1313.0,0.0,2026-01-28 09:13:02,63566
CIPLA,2026-02-24,1700.0,1.1,11250.0,0.0,0.0,0.0,0.0,1313.0,1313.0,1313.0,0.0,2026-01-28 09:13:02,69409
CIPLA,2026-02-24,1720.0,0.0,0.0,0.0,0.0,0.0,0.0,1313.0,1313.0,1313.0,0.0,2026-01-28 09:13:02,75276
CIPLA,2026-02-24,1740.0,0.0,0.0,0.0,0.0,0.0,0.0,1313.0,1313.0,1313.0,0.0,2026-01-28 09:13:02,81141
CIPLA,2026-02-24,1760.0,0.0,0.0,0.0,0.0,0.0,0.0,1313.0,1313.0,1313.0,0.0,2026-01-28 09:13:02,87007
COALINDIA,2026-02-24,330.0,0.0,0.0,0.0,0.35,27000.0,0.0,423.5,423.5,423.5,0.142,2026-01-28 09:13:02,62652
COALINDIA,2026-02-24,340.0,86.0,13500.0,0.0,0.4,0.0,0.0,423.5,423.5,423.5,0.142,2026-01-28 09:13:02,53626
COALINDIA,2026-02-24,345.0,0.0,0.0,0.0,0.0,0.0,0.0,423.5,423.5,423.5,0.142,2026-01-28 09:13:02,49237
COALINDIA,2026-02-24,350.0,69.2,4050.0,0.0,0.0,0.0,0.0,423.5,423.5,423.5,0.142,2026-01-28 09:13:02,44731
COALINDIA,2026-02-24,355.0,0.0,0.0,0.0,0.0,0.0,0.0,423.5,423.5,423.5,0.142,2026-01-28 09:13:02,40255
COALINDIA,2026-02-24,360.0,58.4,4050.0,0.0,0.8,201150.0,0.0,423.5,423.5,423.5,0.142,2026-01-28 09:13:02,35752
COALINDIA,2026-02-24,365.0,0.0,0.0,0.0,1.1,4050.0,0.0,423.5,423.5,423.5,0.142,2026-01-28 09:13:02,31358
COALINDIA,2026-02-24,370.0,51.0,2700.0,0.0,1.3,275400.0,0.0,423.5,423.5,423.5,0.142,2026-01-28 09:13:02,26959
COALINDIA,2026-02-24,372.5,0.0,0.0,0.0,0.0,0.0,0.0,423.5,423.5,423.5,0.142,2026-01-28 09:13:02,24807
COALINDIA,2026-02-24,375.0,0.0,0.0,0.0,1.6,101250.0,0.0,423.5,423.5,423.5,0.142,2026-01-28 09:13:02,22677
COALINDIA,2026-02-24,377.5,0.0,0.0,0.0,1.75,41850.0,0.0,423.5,423.5,423.5,0.142,2026-01-28 09:13:02,20556
COALINDIA,2026-02-24,380.0,40.2,59400.0,0.0,1.95,284850.0,0.0,423.5,423.5,423.5,0.142,2026-01-28 09:13:02,18455
COALINDIA,2026-02-24,382.5,0.0,0.0,0.0,2.25,79650.0,0.0,423.5,423.5,423.5,0.142,2026-01-28 09:13:02,16630
COALINDIA,2026-02-24,385.0,37.75,4050.0,0.0,2.45,106650.0,0.0,423.5,423.5,423.5,0.142,2026-01-28 09:13:02,14624
COALINDIA,2026-02-24,387.5,32.55,5400.0,0.0,2.75,71550.0,0.0,423.5,423.5,423.5,0.142,2026-01-28 09:13:02,12652
COALINDIA,2026-02-24,390.0,31.0,74250.0,0.0,3.05,311850.0,0.0,423.5,423.5,423.5,0.142,2026-01-28 09:13:02,10709
COALINDIA,2026-02-24,392.5,0.0,0.0,0.0,3.45,70200.0,0.0,423.5,423.5,423.5,0.142,2026-01-28 09:13:02,8999
COALINDIA,2026-02-24,395.0,28.2,17550.0,0.0,3.9,226800.0,0.0,423.5,423.5,423.5,0.142,2026-01-28 09:13:02,7148
COALINDIA,2026-02-24,397.5,0.0,0.0,0.0,4.3,70200.0,0.0,423.5,423.5,423.5,0.142,2026-01-28 09:13:02,5343
COALINDIA,2026-02-24,400.0,25.3,437400.0,0.0,4.9,1273050.0,0.0,423.5,423.5,423.5,0.142,2026-01-28 09:13:02,3564
COALINDIA,2026-02-24,402.5,0.0,0.0,0.0,6.25,70200.0,0.0,423.5,423.5,423.5,0.142,2026-01-28 09:13:02,2726
COALINDIA,2026-02-24,405.0,19.45,54000.0,0.0,6.2,180900.0,0.0,423.5,423.5,423.5,0.142,2026-01-28 09:13:02,1378
COALINDIA,2026-02-24,407.5,18.45,1350.0,0.0,7.1,67500.0,0.0,423.5,423.5,423.5,0.142,2026-01-28 09:13:02,127
COALINDIA,2026-02-24,410.0,18.25,205200.0,0.0,7.75,804600.0,0.0,423.5,423.5,423.5,0.142,2026-01-28 09:13:02,-1145
COALINDIA,2026-02-24,412.5,16.8,47250.0,0.0,8.75,79650.0,0.0,423.5,423.5,423.5,0.142,2026-01-28 09:13:02,-2370
COALINDIA,2026-02-24,415.0,15.2,228150.0,0.0,9.65,345600.0,0.0,423.5,423.5,423.5,0.142,2026-01-28 09:13:02,-3303
COALINDIA,2026-02-24,417.5,13.75,76950.0,0.0,10.8,152550.0,0.0,423.5,423.5,423.5,0.142,2026-01-28 09:13:02,-4090
COALINDIA,2026-02-24,420.0,12.4,1672650.0,0.0,11.85,2034450.0,0.0,423.5,423.5,423.5,0.142,2026-01-28 09:13:02,-4891
COALINDIA,2026-02-24,422.5,11.2,136350.0,0.0,13.05,55350.0,0.0,423.5,423.5,423.5,0.142,2026-01-28 09:13:02,-5044
COALINDIA,2026-02-24,425.0,10.05,1317600.0,0.0,14.45,595350.0,0.0,423.5,423.5,423.5,0.142,2026-01-28 09:13:02,-4731
COALINDIA,2026-02-24,427.5,9.05,129600.0,0.0,17.25,17550.0,0.0,423.5,423.5,423.5,0.142,2026-01-28 09:13:02,-3557
COALINDIA,2026-02-24,430.0,8.05,1472850.0,0.0,17.4,653400.0,0.0,423.5,423.5,423.5,0.142,2026-01-28 09:13:02,-2722
COALINDIA,2026-02-24,432.5,7.15,116100.0,0.0,18.0,55350.0,0.0,423.5,423.5,423.5,0.142,2026-01-28 09:13:02,-1395
COALINDIA,2026-02-24,435.0,6.35,442800.0,0.0,21.0,39150.0,0.0,423.5,423.5,423.5,0.142,2026-01-28 09:13:02,-90
COALINDIA,2026-02-24,437.5,5.0,51300.0,0.0,0.0,0.0,0.0,423.5,423.5,423.5,0.142,2026-01-28 09:13:02,1550
COALINDIA,2026-02-24,440.0,5.05,1246050.0,0.0,24.0,511650.0,0.0,423.5,423.5,423.5,0.142,2026-01-28 09:13:02,3031
COALINDIA,2026-02-24,442.5,4.5,79650.0,0.0,0.0,0.0,0.0,423.5,423.5,423.5,0.142,2026-01-28 09:13:02,4327
COALINDIA,2026-02-24,445.0,3.95,248400.0,0.0,0.0,0.0,0.0,423.5,423.5,423.5,0.142,2026-01-28 09:13:02,6277
COALINDIA,2026-02-24,447.5,3.6,87750.0,0.0,0.0,0.0,0.0,423.5,423.5,423.5,0.142,2026-01-28 09:13:02,8351
COALINDIA,2026-02-24,450.0,3.2,2521800.0,0.0,32.3,156600.0,0.0,423.5,423.5,423.5,0.142,2026-01-28 09:13:02,10381
COALINDIA,2026-02-24,452.5,2.6,124200.0,0.0,0.0,0.0,0.0,423.5,423.5,423.5,0.142,2026-01-28 09:13:02,13350
COALINDIA,2026-02-24,455.0,2.5,81000.0,0.0,0.0,0.0,0.0,423.5,423.5,423.5,0.142,2026-01-28 09:13:02,16082
COALINDIA,2026-02-24,457.5,2.2,94500.0,0.0,0.0,0.0,0.0,423.5,423.5,423.5,0.142,2026-01-28 09:13:02,18821
COALINDIA,2026-02-24,460.0,1.95,2269350.0,0.0,42.1,2700.0,0.0,423.5,423.5,423.5,0.142,2026-01-28 09:13:02,21585
COALINDIA,2026-02-24,462.5,1.8,74250.0,0.0,0.0,0.0,0.0,423.5,423.5,423.5,0.142,2026-01-28 09:13:02,25327
COALINDIA,2026-02-24,465.0,1.6,157950.0,0.0,46.45,4050.0,0.0,423.5,423.5,423.5,0.142,2026-01-28 09:13:02,28669
COALINDIA,2026-02-24,467.5,1.55,64800.0,0.0,0.0,0.0,0.0,423.5,423.5,423.5,0.142,2026-01-28 09:13:02,32046
COALINDIA,2026-02-24,470.0,1.3,468450.0,0.0,51.35,44550.0,0.0,423.5,423.5,423.5,0.142,2026-01-28 09:13:02,35442
COALINDIA,2026-02-24,472.5,1.15,56700.0,0.0,0.0,0.0,0.0,423.5,423.5,423.5,0.142,2026-01-28 09:13:02,38789
COALINDIA,2026-02-24,475.0,1.05,91800.0,0.0,56.85,2700.0,0.0,423.5,423.5,423.5,0.142,2026-01-28 09:13:02,42324
COALINDIA,2026-02-24,477.5,1.05,48600.0,0.0,0.0,0.0,0.0,423.5,423.5,423.5,0.142,2026-01-28 09:13:02,45870
COALINDIA,2026-02-24,480.0,0.9,294300.0,0.0,60.0,12150.0,0.0,423.5,423.5,423.5,0.142,2026-01-28 09:13:02,49440
COALINDIA,2026-02-24,485.0,0.8,72900.0,0.0,0.0,0.0,0.0,423.5,423.5,423.5,0.142,2026-01-28 09:13:02,56675
COALINDIA,2026-02-24,490.0,0.65,549450.0,0.0,62.3,20250.0,0.0,423.5,423.5,423.5,0.142,2026-01-28 09:13:02,63999
COFORGE,2026-02-24,1360.0,0.0,0.0,0.0,3.4,8625.0,0.0,1671.0,1671.0,1671.0,0.403,2026-01-28 09:13:02,40099
COFORGE,2026-02-24,1380.0,0.0,0.0,0.0,6.2,375.0,0.0,1671.0,1671.0,1671.0,0.403,2026-01-28 09:13:02,36333
COFORGE,2026-02-24,1400.0,264.15,1125.0,0.0,4.45,124125.0,0.0,1671.0,1671.0,1671.0,0.403,2026-01-28 09:13:02,32571
COFORGE,2026-02-24,1420.0,0.0,0.0,0.0,0.0,0.0,0.0,1671.0,1671.0,1671.0,0.403,2026-01-28 09:13:02,29034
COFORGE,2026-02-24,1440.0,276.2,2250.0,0.0,6.35,45375.0,0.0,1671.0,1671.0,1671.0,0.403,2026-01-28 09:13:02,25522
COFORGE,2026-02-24,1460.0,0.0,0.0,0.0,7.8,24750.0,0.0,1671.0,1671.0,1671.0,0.403,2026-01-28 09:13:02,22140
COFORGE,2026-02-24,1480.0,0.0,0.0,0.0,9.45,13500.0,0.0,1671.0,1671.0,1671.0,0.403,2026-01-28 09:13:02,18754
COFORGE,2026-02-24,1500.0,159.0,3375.0,0.0,12.0,147000.0,0.0,1671.0,1671.0,1671.0,0.403,2026-01-28 09:13:02,15401
COFORGE,2026-02-24,1520.0,188.7,375.0,0.0,15.0,34500.0,0.0,1671.0,1671.0,1671.0,0.403,2026-01-28 09:13:02,12239
COFORGE,2026-02-24,1540.0,0.0,0.0,0.0,18.05,24375.0,0.0,1671.0,1671.0,1671.0,0.403,2026-01-28 09:13:02,9225
COFORGE,2026-02-24,1560.0,139.95,750.0,0.0,21.85,41250.0,0.0,1671.0,1671.0,1671.0,0.403,2026-01-28 09:13:02,6261
COFORGE,2026-02-24,1580.0,150.2,375.0,0.0,26.5,45000.0,0.0,1671.0,1671.0,1671.0,0.403,2026-01-28 09:13:02,3345
COFORGE,2026-02-24,1600.0,103.3,108375.0,0.0,32.15,350625.0,0.0,1671.0,1671.0,1671.0,0.403,2026-01-28 09:13:02,485
COFORGE,2026-02-24,1620.0,90.0,25500.0,0.0,38.45,134250.0,0.0,1671.0,1671.0,1671.0,0.403,2026-01-28 09:13:02,-1349
COFORGE,2026-02-24,1640.0,77.7,153375.0,0.0,46.1,153000.0,0.0,1671.0,1671.0,1671.0,0.403,2026-01-28 09:13:02,-3144
COFORGE,2026-02-24,1660.0,66.3,457875.0,0.0,54.5,132750.0,0.0,1671.0,1671.0,1671.0,0.403,2026-01-28 09:13:02,-3553
COFORGE,2026-02-24,1680.0,56.1,184500.0,0.0,64.35,77625.0,0.0,1671.0,1671.0,1671.0,0.403,2026-01-28 09:13:02,-955
COFORGE,2026-02-24,1700.0,47.35,432000.0,0.0,74.95,213750.0,0.0,1671.0,1671.0,1671.0,0.403,2026-01-28 09:13:02,389
COFORGE,2026-02-24,1720.0,39.0,74250.0,0.0,86.6,25875.0,0.0,1671.0,1671.0,1671.0,0.403,2026-01-28 09:13:02,2934
COFORGE,2026-02-24,1740.0,32.55,153375.0,0.0,99.1,21375.0,0.0,1671.0,1671.0,1671.0,0.403,2026-01-28 09:13:02,5302
COFORGE,2026-02-24,1760.0,26.35,62250.0,0.0,115.6,11250.0,0.0,1671.0,1671.0,1671.0,0.403,2026-01-28 09:13:02,8240
COFORGE,2026-02-24,1780.0,21.4,63375.0,0.0,128.95,25875.0,0.0,1671.0,1671.0,1671.0,0.403,2026-01-28 09:13:02,11072
COFORGE,2026-02-24,1800.0,17.55,319125.0,0.0,143.8,135750.0,0.0,1671.0,1671.0,1671.0,0.403,2026-01-28 09:13:02,13851
COFORGE,2026-02-24,1820.0,14.15,28500.0,0.0,190.0,1875.0,0.0,1671.0,1671.0,1671.0,0.403,2026-01-28 09:13:02,16346
COFORGE,2026-02-24,1840.0,11.6,37500.0,0.0,180.0,20250.0,0.0,1671.0,1671.0,1671.0,0.403,2026-01-28 09:13:02,20298
COFORGE,2026-02-24,1860.0,9.55,32250.0,0.0,175.0,1500.0,0.0,1671.0,1671.0,1671.0,0.403,2026-01-28 09:13:02,24039
COFORGE,2026-02-24,1880.0,7.95,42375.0,0.0,222.0,1500.0,0.0,1671.0,1671.0,1671.0,0.403,2026-01-28 09:13:02,28174
COFORGE,2026-02-24,1900.0,6.6,58875.0,0.0,234.0,28125.0,0.0,1671.0,1671.0,1671.0,0.403,2026-01-28 09:13:02,32392
COFORGE,2026-02-24,1920.0,5.35,21750.0,0.0,207.95,20250.0,0.0,1671.0,1671.0,1671.0,0.403,2026-01-28 09:13:02,36165
COFORGE,2026-02-24,1960.0,4.0,15750.0,0.0,100.0,375.0,0.0,1671.0,1671.0,1671.0,0.403,2026-01-28 09:13:02,44708
COFORGE,2026-02-24,2000.0,2.7,91125.0,0.0,327.0,25125.0,0.0,1671.0,1671.0,1671.0,0.403,2026-01-28 09:13:02,53727
COFORGE,2026-02-24,2040.0,8.0,375.0,0.0,0.0,0.0,0.0,1671.0,1671.0,1671.0,0.403,2026-01-28 09:13:02,62411
COFORGE,2026-02-24,2080.0,2.5,1125.0,0.0,0.0,0.0,0.0,1671.0,1671.0,1671.0,0.403,2026-01-28 09:13:02,71895
COFORGE,2026-02-24,2160.0,1.4,1875.0,0.0,0.0,0.0,0.0,1671.0,1671.0,1671.0,0.403,2026-01-28 09:13:02,90870
COFORGE,2026-02-24,2240.0,1.8,4125.0,0.0,0.0,0.0,0.0,1671.0,1671.0,1671.0,0.403,2026-01-28 09:13:02,109860
COLPAL,2026-02-24,1720.0,455.0,225.0,0.0,0.0,0.0,0.0,2146.0,2146.0,2146.0,-0.367,2026-01-28 09:13:02,26392
COLPAL,2026-02-24,1760.0,0.0,0.0,0.0,3.5,225.0,0.0,2146.0,2146.0,2146.0,-0.367,2026-01-28 09:13:02,23448
COLPAL,2026-02-24,1800.0,0.0,0.0,0.0,0.0,0.0,0.0,2146.0,2146.0,2146.0,-0.367,2026-01-28 09:13:02,20495
COLPAL,2026-02-24,1820.0,0.0,0.0,0.0,4.0,1800.0,0.0,2146.0,2146.0,2146.0,-0.367,2026-01-28 09:13:02,19019
COLPAL,2026-02-24,1840.0,335.0,225.0,0.0,4.75,225.0,0.0,2146.0,2146.0,2146.0,-0.367,2026-01-28 09:13:02,17545
COLPAL,2026-02-24,1860.0,0.0,0.0,0.0,0.0,0.0,0.0,2146.0,2146.0,2146.0,-0.367,2026-01-28 09:13:02,16081
COLPAL,2026-02-24,1880.0,0.0,0.0,0.0,6.15,3150.0,0.0,2146.0,2146.0,2146.0,-0.367,2026-01-28 09:13:02,14609
COLPAL,2026-02-24,1900.0,0.0,0.0,0.0,7.2,19800.0,0.0,2146.0,2146.0,2146.0,-0.367,2026-01-28 09:13:02,13141
COLPAL,2026-02-24,1920.0,193.8,1125.0,0.0,8.45,12825.0,0.0,2146.0,2146.0,2146.0,-0.367,2026-01-28 09:13:02,11701
COLPAL,2026-02-24,1940.0,220.8,225.0,0.0,10.85,11925.0,0.0,2146.0,2146.0,2146.0,-0.367,2026-01-28 09:13:02,10314
COLPAL,2026-02-24,1960.0,0.0,0.0,0.0,13.1,45450.0,0.0,2146.0,2146.0,2146.0,-0.367,2026-01-28 09:13:02,8932
COLPAL,2026-02-24,1980.0,222.0,225.0,0.0,15.45,38700.0,0.0,2146.0,2146.0,2146.0,-0.367,2026-01-28 09:13:02,7589
COLPAL,2026-02-24,2000.0,191.0,4275.0,0.0,18.3,88425.0,0.0,2146.0,2146.0,2146.0,-0.367,2026-01-28 09:13:02,6330
COLPAL,2026-02-24,2020.0,0.0,0.0,0.0,21.5,14625.0,0.0,2146.0,2146.0,2146.0,-0.367,2026-01-28 09:13:02,5230
COLPAL,2026-02-24,2040.0,0.0,0.0,0.0,25.9,8100.0,0.0,2146.0,2146.0,2146.0,-0.367,2026-01-28 09:13:02,4208
COLPAL,2026-02-24,2060.0,82.0,225.0,0.0,30.55,25200.0,0.0,2146.0,2146.0,2146.0,-0.367,2026-01-28 09:13:02,3213
COLPAL,2026-02-24,2080.0,101.8,2250.0,0.0,36.1,29925.0,0.0,2146.0,2146.0,2146.0,-0.367,2026-01-28 09:13:02,2214
COLPAL,2026-02-24,2100.0,106.9,44550.0,0.0,42.6,74475.0,0.0,2146.0,2146.0,2146.0,-0.367,2026-01-28 09:13:02,1270
COLPAL,2026-02-24,2120.0,92.35,7425.0,0.0,50.25,13725.0,0.0,2146.0,2146.0,2146.0,-0.367,2026-01-28 09:13:02,808
COLPAL,2026-02-24,2140.0,82.0,21150.0,0.0,58.25,20700.0,0.0,2146.0,2146.0,2146.0,-0.367,2026-01-28 09:13:02,229
COLPAL,2026-02-24,2160.0,71.8,59400.0,0.0,68.05,43425.0,0.0,2146.0,2146.0,2146.0,-0.367,2026-01-28 09:13:02,-212
COLPAL,2026-02-24,2180.0,61.9,45675.0,0.0,77.25,32625.0,0.0,2146.0,2146.0,2146.0,-0.367,2026-01-28 09:13:02,-371
COLPAL,2026-02-24,2200.0,53.65,244575.0,0.0,89.25,109575.0,0.0,2146.0,2146.0,2146.0,-0.367,2026-01-28 09:13:02,-473
COLPAL,2026-02-24,2220.0,45.75,11250.0,0.0,0.0,0.0,0.0,2146.0,2146.0,2146.0,-0.367,2026-01-28 09:13:02,436
COLPAL,2026-02-24,2240.0,39.15,27225.0,0.0,79.95,675.0,0.0,2146.0,2146.0,2146.0,-0.367,2026-01-28 09:13:02,1085
COLPAL,2026-02-24,2260.0,33.0,29700.0,0.0,124.5,6300.0,0.0,2146.0,2146.0,2146.0,-0.367,2026-01-28 09:13:02,1841
COLPAL,2026-02-24,2280.0,27.95,11250.0,0.0,148.0,1125.0,0.0,2146.0,2146.0,2146.0,-0.367,2026-01-28 09:13:02,2586
COLPAL,2026-02-24,2300.0,23.2,80550.0,0.0,156.7,88425.0,0.0,2146.0,2146.0,2146.0,-0.367,2026-01-28 09:13:02,3351
COLPAL,2026-02-24,2320.0,24.4,21150.0,0.0,250.0,450.0,0.0,2146.0,2146.0,2146.0,-0.367,2026-01-28 09:13:02,3241
COLPAL,2026-02-24,2340.0,16.3,15300.0,0.0,185.0,225.0,0.0,2146.0,2146.0,2146.0,-0.367,2026-01-28 09:13:02,4413
COLPAL,2026-02-24,2360.0,13.2,7875.0,0.0,236.0,5850.0,0.0,2146.0,2146.0,2146.0,-0.367,2026-01-28 09:13:02,5597
COLPAL,2026-02-24,2380.0,11.8,7875.0,0.0,0.0,0.0,0.0,2146.0,2146.0,2146.0,-0.367,2026-01-28 09:13:02,6659
COLPAL,2026-02-24,2400.0,9.9,106200.0,0.0,245.0,17325.0,0.0,2146.0,2146.0,2146.0,-0.367,2026-01-28 09:13:02,7875
COLPAL,2026-02-24,2440.0,6.65,44775.0,0.0,264.0,3150.0,0.0,2146.0,2146.0,2146.0,-0.367,2026-01-28 09:13:02,10461
COLPAL,2026-02-24,2480.0,4.9,9000.0,0.0,332.0,20250.0,0.0,2146.0,2146.0,2146.0,-0.367,2026-01-28 09:13:02,13506
CONCOR,2026-02-24,400.0,80.95,2500.0,0.0,1.4,41250.0,0.0,484.9,484.9,484.9,-0.093,2026-01-28 09:13:02,69173
CONCOR,2026-02-24,410.0,0.0,0.0,0.0,0.0,0.0,0.0,484.9,484.9,484.9,-0.093,2026-01-28 09:13:02,62314
CONCOR,2026-02-24,420.0,0.0,0.0,0.0,2.5,172500.0,0.0,484.9,484.9,484.9,-0.093,2026-01-28 09:13:02,55440
CONCOR,2026-02-24,430.0,0.0,0.0,0.0,3.25,50000.0,0.0,484.9,484.9,484.9,-0.093,2026-01-28 09:13:02,48695
CONCOR,2026-02-24,435.0,0.0,0.0,0.0,0.0,0.0,0.0,484.9,484.9,484.9,-0.093,2026-01-28 09:13:02,45354
CONCOR,2026-02-24,440.0,0.0,0.0,0.0,4.6,226250.0,0.0,484.9,484.9,484.9,-0.093,2026-01-28 09:13:02,42028
CONCOR,2026-02-24,445.0,0.0,0.0,0.0,5.25,28750.0,0.0,484.9,484.9,484.9,-0.093,2026-01-28 09:13:02,38711
CONCOR,2026-02-24,450.0,43.85,137500.0,0.0,6.45,270000.0,0.0,484.9,484.9,484.9,-0.093,2026-01-28 09:13:02,35498
CONCOR,2026-02-24,455.0,0.0,0.0,0.0,7.5,8750.0,0.0,484.9,484.9,484.9,-0.093,2026-01-28 09:13:02,32933
CONCOR,2026-02-24,460.0,28.7,5000.0,0.0,8.5,112500.0,0.0,484.9,484.9,484.9,-0.093,2026-01-28 09:13:02,29936
CONCOR,2026-02-24,465.0,0.0,0.0,0.0,9.5,22500.0,0.0,484.9,484.9,484.9,-0.093,2026-01-28 09:13:02,26923
CONCOR,2026-02-24,470.0,26.45,108750.0,0.0,11.6,371250.0,0.0,484.9,484.9,484.9,-0.093,2026-01-28 09:13:02,23982
CONCOR,2026-02-24,475.0,23.9,23750.0,0.0,13.05,200000.0,0.0,484.9,484.9,484.9,-0.093,2026-01-28 09:13:02,21159
CONCOR,2026-02-24,480.0,20.5,405000.0,0.0,15.2,632500.0,0.0,484.9,484.9,484.9,-0.093,2026-01-28 09:13:02,18387
CONCOR,2026-02-24,485.0,17.9,92500.0,0.0,17.45,115000.0,0.0,484.9,484.9,484.9,-0.093,2026-01-28 09:13:02,16206
CONCOR,2026-02-24,490.0,15.35,437500.0,0.0,20.1,666250.0,0.0,484.9,484.9,484.9,-0.093,2026-01-28 09:13:02,14225
CONCOR,2026-02-24,495.0,13.4,140000.0,0.0,22.7,126250.0,0.0,484.9,484.9,484.9,-0.093,2026-01-28 09:13:02,12164
CONCOR,2026-02-24,500.0,11.3,1111250.0,0.0,26.2,967500.0,0.0,484.9,484.9,484.9,-0.093,2026-01-28 09:13:02,10804
CONCOR,2026-02-24,505.0,9.8,111250.0,0.0,29.0,62500.0,0.0,484.9,484.9,484.9,-0.093,2026-01-28 09:13:02,9304
CONCOR,2026-02-24,510.0,7.7,307500.0,0.0,32.75,167500.0,0.0,484.9,484.9,484.9,-0.093,2026-01-28 09:13:02,9097
CONCOR,2026-02-24,515.0,6.2,36250.0,0.0,0.0,0.0,0.0,484.9,484.9,484.9,-0.093,2026-01-28 09:13:02,8889
CONCOR,2026-02-24,520.0,5.35,653750.0,0.0,40.75,673750.0,0.0,484.9,484.9,484.9,-0.093,2026-01-28 09:13:02,9033
CONCOR,2026-02-24,525.0,4.6,42500.0,0.0,50.0,10000.0,0.0,484.9,484.9,484.9,-0.093,2026-01-28 09:13:02,7422
CONCOR,2026-02-24,530.0,3.9,448750.0,0.0,47.05,152500.0,0.0,484.9,484.9,484.9,-0.093,2026-01-28 09:13:02,8203
CONCOR,2026-02-24,535.0,0.0,0.0,0.0,56.9,22500.0,0.0,484.9,484.9,484.9,-0.093,2026-01-28 09:13:02,8772
CONCOR,2026-02-24,540.0,2.5,572500.0,0.0,62.0,522500.0,0.0,484.9,484.9,484.9,-0.093,2026-01-28 09:13:02,9767
CONCOR,2026-02-24,545.0,3.05,23750.0,0.0,66.75,2500.0,0.0,484.9,484.9,484.9,-0.093,2026-01-28 09:13:02,8341
CONCOR,2026-02-24,550.0,1.75,466250.0,0.0,64.65,381250.0,0.0,484.9,484.9,484.9,-0.093,2026-01-28 09:13:02,10016
CONCOR,2026-02-24,555.0,1.35,38750.0,0.0,76.5,1250.0,0.0,484.9,484.9,484.9,-0.093,2026-01-28 09:13:02,9740
CONCOR,2026-02-24,560.0,1.35,91250.0,0.0,72.0,87500.0,0.0,484.9,484.9,484.9,-0.093,2026-01-28 09:13:02,11863
CONCOR,2026-02-24,565.0,5.3,1250.0,0.0,0.0,0.0,0.0,484.9,484.9,484.9,-0.093,2026-01-28 09:13:02,13462
CONCOR,2026-02-24,570.0,0.7,65000.0,0.0,90.5,36250.0,0.0,484.9,484.9,484.9,-0.093,2026-01-28 09:13:02,15680
CONCOR,2026-02-24,575.0,0.0,0.0,0.0,97.0,0.0,0.0,484.9,484.9,484.9,-0.093,2026-01-28 09:13:02,17625
CONCOR,2026-02-24,580.0,0.75,37500.0,0.0,99.0,48750.0,0.0,484.9,484.9,484.9,-0.093,2026-01-28 09:13:02,19893
CONCOR,2026-02-24,585.0,0.0,0.0,0.0,0.0,0.0,0.0,484.9,484.9,484.9,-0.093,2026-01-28 09:13:02,21725
CONCOR,2026-02-24,590.0,0.0,0.0,0.0,110.65,31250.0,0.0,484.9,484.9,484.9,-0.093,2026-01-28 09:13:02,24036
CONCOR,2026-02-24,600.0,0.45,365000.0,0.0,112.5,706250.0,0.0,484.9,484.9,484.9,-0.093,2026-01-28 09:13:02,28344
CONCOR,2026-02-24,610.0,0.35,0.0,0.0,0.0,0.0,0.0,484.9,484.9,484.9,-0.093,2026-01-28 09:13:02,26140
CROMPTON,2026-02-24,180.0,0.0,0.0,0.0,0.0,0.0,0.0,222.7,222.7,222.7,0.248,2026-01-28 09:13:02,26356
CROMPTON,2026-02-24,185.0,0.0,0.0,0.0,1.0,1800.0,0.0,222.7,222.7,222.7,0.248,2026-01-28 09:13:02,23912
CROMPTON,2026-02-24,190.0,0.0,0.0,0.0,1.25,46800.0,0.0,222.7,222.7,222.7,0.248,2026-01-28 09:13:02,21468
CROMPTON,2026-02-24,195.0,0.0,0.0,0.0,0.0,0.0,0.0,222.7,222.7,222.7,0.248,2026-01-28 09:13:02,19042
CROMPTON,2026-02-24,197.5,0.0,0.0,0.0,0.0,0.0,0.0,222.7,222.7,222.7,0.248,2026-01-28 09:13:02,17832
CROMPTON,2026-02-24,200.0,23.75,1800.0,0.0,2.15,408600.0,0.0,222.7,222.7,222.7,0.248,2026-01-28 09:13:02,16622
CROMPTON,2026-02-24,202.5,0.0,0.0,0.0,0.0,0.0,0.0,222.7,222.7,222.7,0.248,2026-01-28 09:13:02,15431
CROMPTON,2026-02-24,205.0,0.0,0.0,0.0,0.0,0.0,0.0,222.7,222.7,222.7,0.248,2026-01-28 09:13:02,14323
CROMPTON,2026-02-24,207.5,0.0,0.0,0.0,0.0,0.0,0.0,222.7,222.7,222.7,0.248,2026-01-28 09:13:02,13216
CROMPTON,2026-02-24,210.0,18.0,43200.0,0.0,4.0,199800.0,0.0,222.7,222.7,222.7,0.248,2026-01-28 09:13:02,12108
CROMPTON,2026-02-24,212.5,0.0,0.0,0.0,4.5,7200.0,0.0,222.7,222.7,222.7,0.248,2026-01-28 09:13:02,11060
CROMPTON,2026-02-24,215.0,0.0,0.0,0.0,5.55,104400.0,0.0,222.7,222.7,222.7,0.248,2026-01-28 09:13:02,10011
CROMPTON,2026-02-24,217.5,11.95,1800.0,0.0,6.3,9000.0,0.0,222.7,222.7,222.7,0.248,2026-01-28 09:13:02,8935
CROMPTON,2026-02-24,220.0,11.25,165600.0,0.0,7.25,604800.0,0.0,222.7,222.7,222.7,0.248,2026-01-28 09:13:02,7915
CROMPTON,2026-02-24,222.5,9.95,100800.0,0.0,8.6,122400.0,0.0,222.7,222.7,222.7,0.248,2026-01-28 09:13:02,6839
CROMPTON,2026-02-24,225.0,8.8,333000.0,0.0,9.75,417600.0,0.0,222.7,222.7,222.7,0.248,2026-01-28 09:13:02,6067
CROMPTON,2026-02-24,227.5,7.2,190800.0,0.0,11.2,194400.0,0.0,222.7,222.7,222.7,0.248,2026-01-28 09:13:02,5373
CROMPTON,2026-02-24,230.0,6.5,1269000.0,0.0,12.5,716400.0,0.0,222.7,222.7,222.7,0.248,2026-01-28 09:13:02,4808
CROMPTON,2026-02-24,232.5,5.7,16200.0,0.0,0.0,0.0,0.0,222.7,222.7,222.7,0.248,2026-01-28 09:13:02,4750
CROMPTON,2026-02-24,235.0,4.85,284400.0,0.0,18.0,187200.0,0.0,222.7,222.7,222.7,0.248,2026-01-28 09:13:02,4776
CROMPTON,2026-02-24,237.5,4.2,12600.0,0.0,0.0,0.0,0.0,222.7,222.7,222.7,0.248,2026-01-28 09:13:02,4712
CROMPTON,2026-02-24,240.0,3.55,855000.0,0.0,19.3,403200.0,0.0,222.7,222.7,222.7,0.248,2026-01-28 09:13:02,4855
CROMPTON,2026-02-24,242.5,4.75,5400.0,0.0,0.0,0.0,0.0,222.7,222.7,222.7,0.248,2026-01-28 09:13:02,4832
CROMPTON,2026-02-24,245.0,2.55,196200.0,0.0,24.0,1800.0,0.0,222.7,222.7,222.7,0.248,2026-01-28 09:13:02,5289
CROMPTON,2026-02-24,247.5,0.0,0.0,0.0,26.05,3600.0,0.0,222.7,222.7,222.7,0.248,2026-01-28 09:13:02,5837
CROMPTON,2026-02-24,250.0,1.95,1686600.0,0.0,27.7,354600.0,0.0,222.7,222.7,222.7,0.248,2026-01-28 09:13:02,6332
CROMPTON,2026-02-24,252.5,5.35,1800.0,0.0,0.0,0.0,0.0,222.7,222.7,222.7,0.248,2026-01-28 09:13:02,6693
CROMPTON,2026-02-24,255.0,1.25,10800.0,0.0,34.2,12600.0,0.0,222.7,222.7,222.7,0.248,2026-01-28 09:13:02,7709
CROMPTON,2026-02-24,257.5,0.0,0.0,0.0,0.0,0.0,0.0,222.7,222.7,222.7,0.248,2026-01-28 09:13:02,8687
CROMPTON,2026-02-24,260.0,1.05,739800.0,0.0,35.0,109800.0,0.0,222.7,222.7,222.7,0.248,2026-01-28 09:13:02,9708
CROMPTON,2026-02-24,262.5,0.0,0.0,0.0,0.0,0.0,0.0,222.7,222.7,222.7,0.248,2026-01-28 09:13:02,10634
CROMPTON,2026-02-24,265.0,0.9,50400.0,0.0,39.4,25200.0,0.0,222.7,222.7,222.7,0.248,2026-01-28 09:13:02,11867
CROMPTON,2026-02-24,267.5,0.0,0.0,0.0,0.0,0.0,0.0,222.7,222.7,222.7,0.248,2026-01-28 09:13:02,13025
CROMPTON,2026-02-24,270.0,0.5,696600.0,0.0,46.55,192600.0,0.0,222.7,222.7,222.7,0.248,2026-01-28 09:13:02,14277
CROMPTON,2026-02-24,272.5,0.0,0.0,0.0,0.0,0.0,0.0,222.7,222.7,222.7,0.248,2026-01-28 09:13:02,14889
CROMPTON,2026-02-24,275.0,0.25,1800.0,0.0,53.8,21600.0,0.0,222.7,222.7,222.7,0.248,2026-01-28 09:13:02,16363
CROMPTON,2026-02-24,277.5,0.0,0.0,0.0,0.0,0.0,0.0,222.7,222.7,222.7,0.248,2026-01-28 09:13:02,17727
CROMPTON,2026-02-24,280.0,0.45,243000.0,0.0,58.7,97200.0,0.0,222.7,222.7,222.7,0.248,2026-01-28 09:13:02,19207
CROMPTON,2026-02-24,282.5,0.0,0.0,0.0,0.0,0.0,0.0,222.7,222.7,222.7,0.248,2026-01-28 09:13:02,20213
CROMPTON,2026-02-24,285.0,0.0,0.0,0.0,63.0,7200.0,0.0,222.7,222.7,222.7,0.248,2026-01-28 09:13:02,21778
CROMPTON,2026-02-24,287.5,0.0,0.0,0.0,0.0,0.0,0.0,222.7,222.7,222.7,0.248,2026-01-28 09:13:02,23299
CROMPTON,2026-02-24,290.0,0.3,21600.0,0.0,64.1,72000.0,0.0,222.7,222.7,222.7,0.248,2026-01-28 09:13:02,24866
CROMPTON,2026-02-24,295.0,0.0,0.0,0.0,68.0,64800.0,0.0,222.7,222.7,222.7,0.248,2026-01-28 09:13:02,27586
CROMPTON,2026-02-24,300.0,0.15,169200.0,0.0,75.0,424800.0,0.0,222.7,222.7,222.7,0.248,2026-01-28 09:13:02,30358
CROMPTON,2026-02-24,305.0,0.0,0.0,0.0,79.9,77400.0,0.0,222.7,222.7,222.7,0.248,2026-01-28 09:13:02,30685
CUMMINSIND,2026-02-24,3200.0,0.0,0.0,0.0,12.1,1800.0,0.0,3929.0,3929.0,3929.0,0.018,2026-01-28 09:13:02,16097
CUMMINSIND,2026-02-24,3300.0,0.0,0.0,0.0,15.0,200.0,0.0,3929.0,3929.0,3929.0,0.018,2026-01-28 09:13:02,13701
CUMMINSIND,2026-02-24,3350.0,0.0,0.0,0.0,0.0,0.0,0.0,3929.0,3929.0,3929.0,0.018,2026-01-28 09:13:02,12505
CUMMINSIND,2026-02-24,3400.0,0.0,0.0,0.0,20.0,600.0,0.0,3929.0,3929.0,3929.0,0.018,2026-01-28 09:13:02,11309
CUMMINSIND,2026-02-24,3450.0,0.0,0.0,0.0,0.0,0.0,0.0,3929.0,3929.0,3929.0,0.018,2026-01-28 09:13:02,10114
CUMMINSIND,2026-02-24,3500.0,0.0,0.0,0.0,28.6,5000.0,0.0,3929.0,3929.0,3929.0,0.018,2026-01-28 09:13:02,8921
CUMMINSIND,2026-02-24,3550.0,0.0,0.0,0.0,0.0,0.0,0.0,3929.0,3929.0,3929.0,0.018,2026-01-28 09:13:02,7739
CUMMINSIND,2026-02-24,3600.0,0.0,0.0,0.0,43.5,35400.0,0.0,3929.0,3929.0,3929.0,0.018,2026-01-28 09:13:02,6571
CUMMINSIND,2026-02-24,3650.0,0.0,0.0,0.0,40.45,200.0,0.0,3929.0,3929.0,3929.0,0.018,2026-01-28 09:13:02,5426
CUMMINSIND,2026-02-24,3700.0,0.0,0.0,0.0,64.85,2800.0,0.0,3929.0,3929.0,3929.0,0.018,2026-01-28 09:13:02,4435
CUMMINSIND,2026-02-24,3750.0,0.0,0.0,0.0,54.5,5200.0,0.0,3929.0,3929.0,3929.0,0.018,2026-01-28 09:13:02,3441
CUMMINSIND,2026-02-24,3800.0,232.0,7000.0,0.0,94.7,44000.0,0.0,3929.0,3929.0,3929.0,0.018,2026-01-28 09:13:02,2463
CUMMINSIND,2026-02-24,3850.0,204.5,2400.0,0.0,113.95,1000.0,0.0,3929.0,3929.0,3929.0,0.018,2026-01-28 09:13:02,1514
CUMMINSIND,2026-02-24,3900.0,171.45,11800.0,0.0,134.6,18800.0,0.0,3929.0,3929.0,3929.0,0.018,2026-01-28 09:13:02,873
CUMMINSIND,2026-02-24,3950.0,145.2,10000.0,0.0,154.35,8200.0,0.0,3929.0,3929.0,3929.0,0.018,2026-01-28 09:13:02,298
CUMMINSIND,2026-02-24,4000.0,123.55,47800.0,0.0,180.3,61200.0,0.0,3929.0,3929.0,3929.0,0.018,2026-01-28 09:13:02,-117
CUMMINSIND,2026-02-24,4050.0,93.05,2600.0,0.0,0.0,0.0,0.0,3929.0,3929.0,3929.0,0.018,2026-01-28 09:13:02,-519
CUMMINSIND,2026-02-24,4100.0,86.35,25800.0,0.0,278.45,12000.0,0.0,3929.0,3929.0,3929.0,0.018,2026-01-28 09:13:02,-371
CUMMINSIND,2026-02-24,4150.0,71.3,2800.0,0.0,0.0,0.0,0.0,3929.0,3929.0,3929.0,0.018,2026-01-28 09:13:02,-169
CUMMINSIND,2026-02-24,4200.0,58.1,32000.0,0.0,321.15,14200.0,0.0,3929.0,3929.0,3929.0,0.018,2026-01-28 09:13:02,177
CUMMINSIND,2026-02-24,4250.0,62.05,2600.0,0.0,375.0,200.0,0.0,3929.0,3929.0,3929.0,0.018,2026-01-28 09:13:02,465
CUMMINSIND,2026-02-24,4300.0,38.35,4800.0,0.0,405.0,3800.0,0.0,3929.0,3929.0,3929.0,0.018,2026-01-28 09:13:02,1046
CUMMINSIND,2026-02-24,4350.0,21.5,200.0,0.0,0.0,0.0,0.0,3929.0,3929.0,3929.0,0.018,2026-01-28 09:13:02,1525
CUMMINSIND,2026-02-24,4400.0,24.8,13800.0,0.0,480.0,17400.0,0.0,3929.0,3929.0,3929.0,0.018,2026-01-28 09:13:02,2142
CUMMINSIND,2026-02-24,4450.0,21.0,1000.0,0.0,0.0,0.0,0.0,3929.0,3929.0,3929.0,0.018,2026-01-28 09:13:02,2113
CUMMINSIND,2026-02-24,4500.0,17.1,25600.0,0.0,582.65,5000.0,0.0,3929.0,3929.0,3929.0,0.018,2026-01-28 09:13:02,2892
CUMMINSIND,2026-02-24,4550.0,24.15,2000.0,0.0,0.0,0.0,0.0,3929.0,3929.0,3929.0,0.018,2026-01-28 09:13:02,3574
CUMMINSIND,2026-02-24,4600.0,15.1,800.0,0.0,599.3,3000.0,0.0,3929.0,3929.0,3929.0,0.018,2026-01-28 09:13:02,4519
CUMMINSIND,2026-02-24,4650.0,70.4,400.0,0.0,0.0,0.0,0.0,3929.0,3929.0,3929.0,0.018,2026-01-28 09:13:02,5299
CUMMINSIND,2026-02-24,4700.0,97.0,600.0,0.0,690.9,200.0,0.0,3929.0,3929.0,3929.0,0.018,2026-01-28 09:13:02,6263
CUMMINSIND,2026-02-24,4750.0,15.0,400.0,0.0,0.0,0.0,0.0,3929.0,3929.0,3929.0,0.018,2026-01-28 09:13:02,7220
CUMMINSIND,2026-02-24,4800.0,7.0,1000.0,0.0,0.0,0.0,0.0,3929.0,3929.0,3929.0,0.018,2026-01-28 09:13:02,8188
CUMMINSIND,2026-02-24,4850.0,0.0,0.0,0.0,587.9,0.0,0.0,3929.0,3929.0,3929.0,0.018,2026-01-28 09:13:02,9160
CUMMINSIND,2026-02-24,4900.0,93.0,3000.0,0.0,0.0,0.0,0.0,3929.0,3929.0,3929.0,0.018,2026-01-28 09:13:02,10132
CUMMINSIND,2026-02-24,4950.0,0.0,0.0,0.0,0.0,0.0,0.0,3929.0,3929.0,3929.0,0.018,2026-01-28 09:13:02,11147
CUMMINSIND,2026-02-24,5000.0,0.0,0.0,0.0,1050.0,400.0,0.0,3929.0,3929.0,3929.0,0.018,2026-01-28 09:13:02,12134
CUMMINSIND,2026-02-24,5100.0,0.0,0.0,0.0,1160.0,600.0,0.0,3929.0,3929.0,3929.0,0.018,2026-01-28 09:13:02,14070
CUMMINSIND,2026-02-24,5200.0,10.0,1000.0,0.0,0.0,0.0,0.0,3929.0,3929.0,3929.0,0.018,2026-01-28 09:13:02,15985
DABUR,2026-02-24,430.0,0.0,0.0,0.0,0.0,0.0,0.0,513.95,513.95,513.95,0.107,2026-01-28 09:13:02,14129
DABUR,2026-02-24,440.0,0.0,0.0,0.0,1.25,212500.0,0.0,513.95,513.95,513.95,0.107,2026-01-28 09:13:02,11558
DABUR,2026-02-24,450.0,0.0,0.0,0.0,2.05,17500.0,0.0,513.95,513.95,513.95,0.107,2026-01-28 09:13:02,9173
DABUR,2026-02-24,455.0,0.0,0.0,0.0,0.0,0.0,0.0,513.95,513.95,513.95,0.107,2026-01-28 09:13:02,7998
DABUR,2026-02-24,460.0,0.0,0.0,0.0,2.35,192500.0,0.0,513.95,513.95,513.95,0.107,2026-01-28 09:13:02,6828
DABUR,2026-02-24,465.0,0.0,0.0,0.0,0.0,0.0,0.0,513.95,513.95,513.95,0.107,2026-01-28 09:13:02,5708
DABUR,2026-02-24,470.0,0.0,0.0,0.0,3.35,72500.0,0.0,513.95,513.95,513.95,0.107,2026-01-28 09:13:02,4634
DABUR,2026-02-24,475.0,0.0,0.0,0.0,4.0,41250.0,0.0,513.95,513.95,513.95,0.107,2026-01-28 09:13:02,3571
DABUR,2026-02-24,480.0,42.75,21250.0,0.0,4.8,318750.0,0.0,513.95,513.95,513.95,0.107,2026-01-28 09:13:02,2537
DABUR,2026-02-24,485.0,0.0,0.0,0.0,6.0,125000.0,0.0,513.95,513.95,513.95,0.107,2026-01-28 09:13:02,1628
DABUR,2026-02-24,490.0,36.0,12500.0,0.0,6.35,237500.0,0.0,513.95,513.95,513.95,0.107,2026-01-28 09:13:02,768
DABUR,2026-02-24,495.0,0.0,0.0,0.0,7.8,16250.0,0.0,513.95,513.95,513.95,0.107,2026-01-28 09:13:02,2
DABUR,2026-02-24,500.0,26.95,233750.0,0.0,9.4,286250.0,0.0,513.95,513.95,513.95,0.107,2026-01-28 09:13:02,-662
DABUR,2026-02-24,505.0,25.75,3750.0,0.0,11.1,37500.0,0.0,513.95,513.95,513.95,0.107,2026-01-28 09:13:02,-693
DABUR,2026-02-24,510.0,20.6,93750.0,0.0,13.2,153750.0,0.0,513.95,513.95,513.95,0.107,2026-01-28 09:13:02,-1096
DABUR,2026-02-24,515.0,17.75,91250.0,0.0,15.45,63750.0,0.0,513.95,513.95,513.95,0.107,2026-01-28 09:13:02,-1353
DABUR,2026-02-24,520.0,15.3,273750.0,0.0,17.35,266250.0,0.0,513.95,513.95,513.95,0.107,2026-01-28 09:13:02,-1460
DABUR,2026-02-24,525.0,13.3,118750.0,0.0,19.4,96250.0,0.0,513.95,513.95,513.95,0.107,2026-01-28 09:13:02,-1403
DABUR,2026-02-24,530.0,11.05,616250.0,0.0,23.85,202500.0,0.0,513.95,513.95,513.95,0.107,2026-01-28 09:13:02,-1224
DABUR,2026-02-24,535.0,9.4,70000.0,0.0,23.8,5000.0,0.0,513.95,513.95,513.95,0.107,2026-01-28 09:13:02,-409
DABUR,2026-02-24,540.0,7.9,217500.0,0.0,30.6,91250.0,0.0,513.95,513.95,513.95,0.107,2026-01-28 09:13:02,298
DABUR,2026-02-24,545.0,6.65,30000.0,0.0,0.0,0.0,0.0,513.95,513.95,513.95,0.107,2026-01-28 09:13:02,999
DABUR,2026-02-24,550.0,5.55,462500.0,0.0,38.5,85000.0,0.0,513.95,513.95,513.95,0.107,2026-01-28 09:13:02,1843
DABUR,2026-02-24,555.0,6.45,38750.0,0.0,0.0,0.0,0.0,513.95,513.95,513.95,0.107,2026-01-28 09:13:02,2870
DABUR,2026-02-24,560.0,3.8,186250.0,0.0,44.5,23750.0,0.0,513.95,513.95,513.95,0.107,2026-01-28 09:13:02,4012
DABUR,2026-02-24,565.0,3.8,3750.0,0.0,0.0,0.0,0.0,513.95,513.95,513.95,0.107,2026-01-28 09:13:02,5199
DABUR,2026-02-24,570.0,2.65,293750.0,0.0,45.0,8750.0,0.0,513.95,513.95,513.95,0.107,2026-01-28 09:13:02,6424
DABUR,2026-02-24,575.0,0.0,0.0,0.0,0.0,0.0,0.0,513.95,513.95,513.95,0.107,2026-01-28 09:13:02,7838
DABUR,2026-02-24,580.0,1.85,193750.0,0.0,63.0,8750.0,0.0,513.95,513.95,513.95,0.107,2026-01-28 09:13:02,9213
DABUR,2026-02-24,585.0,0.0,0.0,0.0,0.0,0.0,0.0,513.95,513.95,513.95,0.107,2026-01-28 09:13:02,10670
DABUR,2026-02-24,590.0,1.4,17500.0,0.0,73.0,6250.0,0.0,513.95,513.95,513.95,0.107,2026-01-28 09:13:02,12146
DABUR,2026-02-24,595.0,0.0,0.0,0.0,0.0,0.0,0.0,513.95,513.95,513.95,0.107,2026-01-28 09:13:02,13591
DABUR,2026-02-24,600.0,1.0,406250.0,0.0,81.0,2500.0,0.0,513.95,513.95,513.95,0.107,2026-01-28 09:13:02,15079
DALBHARAT,2026-02-24,1720.0,0.0,0.0,0.0,0.0,0.0,0.0,2114.4,2114.4,2114.4,0.346,2026-01-28 09:13:02,7895
DALBHARAT,2026-02-24,1760.0,0.0,0.0,0.0,3.25,650.0,0.0,2114.4,2114.4,2114.4,0.346,2026-01-28 09:13:02,6558
DALBHARAT,2026-02-24,1800.0,0.0,0.0,0.0,5.85,650.0,0.0,2114.4,2114.4,2114.4,0.346,2026-01-28 09:13:02,5224
DALBHARAT,2026-02-24,1840.0,0.0,0.0,0.0,0.0,0.0,0.0,2114.4,2114.4,2114.4,0.346,2026-01-28 09:13:02,3893
DALBHARAT,2026-02-24,1860.0,0.0,0.0,0.0,6.95,0.0,0.0,2114.4,2114.4,2114.4,0.346,2026-01-28 09:13:02,3227
DALBHARAT,2026-02-24,1880.0,0.0,0.0,0.0,0.0,0.0,0.0,2114.4,2114.4,2114.4,0.346,2026-01-28 09:13:02,2561
DALBHARAT,2026-02-24,1900.0,281.05,325.0,0.0,12.6,172250.0,0.0,2114.4,2114.4,2114.4,0.346,2026-01-28 09:13:02,1896
DALBHARAT,2026-02-24,1920.0,0.0,0.0,0.0,0.0,0.0,0.0,2114.4,2114.4,2114.4,0.346,2026-01-28 09:13:02,1367
DALBHARAT,2026-02-24,1940.0,226.55,975.0,0.0,23.8,650.0,0.0,2114.4,2114.4,2114.4,0.346,2026-01-28 09:13:02,1047
DALBHARAT,2026-02-24,1960.0,0.0,0.0,0.0,0.0,0.0,0.0,2114.4,2114.4,2114.4,0.346,2026-01-28 09:13:02,750
DALBHARAT,2026-02-24,1980.0,0.0,0.0,0.0,23.75,3575.0,0.0,2114.4,2114.4,2114.4,0.346,2026-01-28 09:13:02,433
DALBHARAT,2026-02-24,2000.0,147.0,325.0,0.0,25.95,37700.0,0.0,2114.4,2114.4,2114.4,0.346,2026-01-28 09:13:02,115
DALBHARAT,2026-02-24,2020.0,0.0,0.0,0.0,33.8,6500.0,0.0,2114.4,2114.4,2114.4,0.346,2026-01-28 09:13:02,-211
DALBHARAT,2026-02-24,2040.0,90.0,650.0,0.0,38.1,12025.0,0.0,2114.4,2114.4,2114.4,0.346,2026-01-28 09:13:02,-454
DALBHARAT,2026-02-24,2060.0,100.0,3575.0,0.0,51.5,650.0,0.0,2114.4,2114.4,2114.4,0.346,2026-01-28 09:13:02,-690
DALBHARAT,2026-02-24,2080.0,103.0,325.0,0.0,50.0,975.0,0.0,2114.4,2114.4,2114.4,0.346,2026-01-28 09:13:02,-845
DALBHARAT,2026-02-24,2100.0,87.85,25025.0,0.0,59.6,44850.0,0.0,2114.4,2114.4,2114.4,0.346,2026-01-28 09:13:02,-1031
DALBHARAT,2026-02-24,2120.0,71.15,1300.0,0.0,73.45,3900.0,0.0,2114.4,2114.4,2114.4,0.346,2026-01-28 09:13:02,-1123
DALBHARAT,2026-02-24,2140.0,65.9,17225.0,0.0,83.85,4550.0,0.0,2114.4,2114.4,2114.4,0.346,2026-01-28 09:13:02,-1177
DALBHARAT,2026-02-24,2160.0,0.0,0.0,0.0,83.65,2925.0,0.0,2114.4,2114.4,2114.4,0.346,2026-01-28 09:13:02,-1093
DALBHARAT,2026-02-24,2180.0,41.0,3900.0,0.0,109.0,1300.0,0.0,2114.4,2114.4,2114.4,0.346,2026-01-28 09:13:02,-1102
DALBHARAT,2026-02-24,2200.0,43.2,64025.0,0.0,117.5,23400.0,0.0,2114.4,2114.4,2114.4,0.346,2026-01-28 09:13:02,-1075
DALBHARAT,2026-02-24,2220.0,38.5,9425.0,0.0,0.0,0.0,0.0,2114.4,2114.4,2114.4,0.346,2026-01-28 09:13:02,-873
DALBHARAT,2026-02-24,2240.0,32.25,32825.0,0.0,122.35,5850.0,0.0,2114.4,2114.4,2114.4,0.346,2026-01-28 09:13:02,-618
DALBHARAT,2026-02-24,2260.0,25.0,2275.0,0.0,0.0,0.0,0.0,2114.4,2114.4,2114.4,0.346,2026-01-28 09:13:02,-287
DALBHARAT,2026-02-24,2280.0,12.2,650.0,0.0,130.0,1625.0,0.0,2114.4,2114.4,2114.4,0.346,2026-01-28 09:13:02,18
DALBHARAT,2026-02-24,2300.0,20.0,223275.0,0.0,191.0,6825.0,0.0,2114.4,2114.4,2114.4,0.346,2026-01-28 09:13:02,304
DALBHARAT,2026-02-24,2320.0,16.15,7475.0,0.0,0.0,0.0,0.0,2114.4,2114.4,2114.4,0.346,2026-01-28 09:13:02,1386
DALBHARAT,2026-02-24,2340.0,21.0,10725.0,0.0,0.0,0.0,0.0,2114.4,2114.4,2114.4,0.346,2026-01-28 09:13:02,2178
DALBHARAT,2026-02-24,2360.0,0.0,0.0,0.0,0.0,0.0,0.0,2114.4,2114.4,2114.4,0.346,2026-01-28 09:13:02,3003
DALBHARAT,2026-02-24,2380.0,16.85,2275.0,0.0,0.0,0.0,0.0,2114.4,2114.4,2114.4,0.346,2026-01-28 09:13:02,3805
DALBHARAT,2026-02-24,2400.0,9.1,36400.0,0.0,228.0,2925.0,0.0,2114.4,2114.4,2114.4,0.346,2026-01-28 09:13:02,4615
DALBHARAT,2026-02-24,2420.0,0.0,0.0,0.0,0.0,0.0,0.0,2114.4,2114.4,2114.4,0.346,2026-01-28 09:13:02,5467
DALBHARAT,2026-02-24,2440.0,8.2,8125.0,0.0,0.0,0.0,0.0,2114.4,2114.4,2114.4,0.346,2026-01-28 09:13:02,6352
DALBHARAT,2026-02-24,2460.0,0.0,0.0,0.0,0.0,0.0,0.0,2114.4,2114.4,2114.4,0.346,2026-01-28 09:13:02,7261
DALBHARAT,2026-02-24,2480.0,5.0,325.0,0.0,275.15,325.0,0.0,2114.4,2114.4,2114.4,0.346,2026-01-28 09:13:02,8162
DALBHARAT,2026-02-24,2520.0,3.2,3575.0,0.0,0.0,0.0,0.0,2114.4,2114.4,2114.4,0.346,2026-01-28 09:13:02,9959
DALBHARAT,2026-02-24,2560.0,4.0,0.0,0.0,0.0,0.0,0.0,2114.4,2114.4,2114.4,0.346,2026-01-28 09:13:02,11780
DELHIVERY,2026-02-24,320.0,79.5,2075.0,0.0,1.0,22825.0,0.0,400.4,400.4,400.4,0.012,2026-01-28 09:13:02,14555
DELHIVERY,2026-02-24,325.0,0.0,0.0,0.0,0.0,0.0,0.0,400.4,400.4,400.4,0.012,2026-01-28 09:13:02,13227
DELHIVERY,2026-02-24,330.0,0.0,0.0,0.0,0.0,0.0,0.0,400.4,400.4,400.4,0.012,2026-01-28 09:13:02,11886
DELHIVERY,2026-02-24,335.0,0.0,0.0,0.0,0.0,0.0,0.0,400.4,400.4,400.4,0.012,2026-01-28 09:13:02,10544
DELHIVERY,2026-02-24,340.0,0.0,0.0,0.0,2.05,251075.0,0.0,400.4,400.4,400.4,0.012,2026-01-28 09:13:02,9203
DELHIVERY,2026-02-24,345.0,0.0,0.0,0.0,0.0,0.0,0.0,400.4,400.4,400.4,0.012,2026-01-28 09:13:02,7935
DELHIVERY,2026-02-24,350.0,0.0,0.0,0.0,2.85,207500.0,0.0,400.4,400.4,400.4,0.012,2026-01-28 09:13:02,6719
DELHIVERY,2026-02-24,355.0,0.0,0.0,0.0,0.0,0.0,0.0,400.4,400.4,400.4,0.012,2026-01-28 09:13:02,5548
DELHIVERY,2026-02-24,360.0,0.0,0.0,0.0,4.0,78850.0,0.0,400.4,400.4,400.4,0.012,2026-01-28 09:13:02,4436
DELHIVERY,2026-02-24,365.0,0.0,0.0,0.0,5.5,8300.0,0.0,400.4,400.4,400.4,0.012,2026-01-28 09:13:02,3332
DELHIVERY,2026-02-24,370.0,0.0,0.0,0.0,5.85,139025.0,0.0,400.4,400.4,400.4,0.012,2026-01-28 09:13:02,2258
DELHIVERY,2026-02-24,375.0,20.65,6225.0,0.0,7.0,47725.0,0.0,400.4,400.4,400.4,0.012,2026-01-28 09:13:02,1178
DELHIVERY,2026-02-24,380.0,31.05,31125.0,0.0,8.15,367275.0,0.0,400.4,400.4,400.4,0.012,2026-01-28 09:13:02,185
DELHIVERY,2026-02-24,385.0,27.65,24900.0,0.0,9.75,120350.0,0.0,400.4,400.4,400.4,0.012,2026-01-28 09:13:02,-789
DELHIVERY,2026-02-24,390.0,23.9,136950.0,0.0,11.45,589300.0,0.0,400.4,400.4,400.4,0.012,2026-01-28 09:13:02,-1538
DELHIVERY,2026-02-24,395.0,20.9,87150.0,0.0,13.45,103750.0,0.0,400.4,400.4,400.4,0.012,2026-01-28 09:13:02,-2223
DELHIVERY,2026-02-24,400.0,18.65,527050.0,0.0,15.5,412925.0,0.0,400.4,400.4,400.4,0.012,2026-01-28 09:13:02,-2422
DELHIVERY,2026-02-24,405.0,16.0,76775.0,0.0,0.0,0.0,0.0,400.4,400.4,400.4,0.012,2026-01-28 09:13:02,-1851
DELHIVERY,2026-02-24,410.0,13.8,329925.0,0.0,21.9,126575.0,0.0,400.4,400.4,400.4,0.012,2026-01-28 09:13:02,-1461
DELHIVERY,2026-02-24,415.0,11.6,43575.0,0.0,20.0,6225.0,0.0,400.4,400.4,400.4,0.012,2026-01-28 09:13:02,-788
DELHIVERY,2026-02-24,420.0,9.95,170150.0,0.0,27.5,74700.0,0.0,400.4,400.4,400.4,0.012,2026-01-28 09:13:02,-230
DELHIVERY,2026-02-24,425.0,8.55,72625.0,0.0,0.0,0.0,0.0,400.4,400.4,400.4,0.012,2026-01-28 09:13:02,375
DELHIVERY,2026-02-24,430.0,7.05,302950.0,0.0,37.25,26975.0,0.0,400.4,400.4,400.4,0.012,2026-01-28 09:13:02,1115
DELHIVERY,2026-02-24,435.0,8.1,2075.0,0.0,0.0,0.0,0.0,400.4,400.4,400.4,0.012,2026-01-28 09:13:02,2072
DELHIVERY,2026-02-24,440.0,4.95,97525.0,0.0,40.25,37350.0,0.0,400.4,400.4,400.4,0.012,2026-01-28 09:13:02,2918
DELHIVERY,2026-02-24,445.0,2.8,6225.0,0.0,28.5,24900.0,0.0,400.4,400.4,400.4,0.012,2026-01-28 09:13:02,3728
DELHIVERY,2026-02-24,450.0,3.45,284275.0,0.0,53.2,33200.0,0.0,400.4,400.4,400.4,0.012,2026-01-28 09:13:02,4586
DELHIVERY,2026-02-24,455.0,0.0,0.0,0.0,0.0,0.0,0.0,400.4,400.4,400.4,0.012,2026-01-28 09:13:02,5594
DELHIVERY,2026-02-24,460.0,1.8,6225.0,0.0,69.0,22825.0,0.0,400.4,400.4,400.4,0.012,2026-01-28 09:13:02,6680
DELHIVERY,2026-02-24,470.0,2.45,6225.0,0.0,73.0,6225.0,0.0,400.4,400.4,400.4,0.012,2026-01-28 09:13:02,8725
DELHIVERY,2026-02-24,480.0,3.6,2075.0,0.0,0.0,0.0,0.0,400.4,400.4,400.4,0.012,2026-01-28 09:13:02,10896
DELHIVERY,2026-02-24,500.0,0.9,49800.0,0.0,0.0,0.0,0.0,400.4,400.4,400.4,0.012,2026-01-28 09:13:02,15329
DIVISLAB,2026-02-24,5000.0,0.0,0.0,0.0,10.0,300.0,0.0,6100.0,6100.0,6100.0,0.727,2026-01-28 09:13:02,19524
DIVISLAB,2026-02-24,5100.0,0.0,0.0,0.0,0.0,0.0,0.0,6100.0,6100.0,6100.0,0.727,2026-01-28 09:13:02,17374
DIVISLAB,2026-02-24,5200.0,0.0,0.0,0.0,0.0,0.0,0.0,6100.0,6100.0,6100.0,0.727,2026-01-28 09:13:02,15225
DIVISLAB,2026-02-24,5300.0,0.0,0.0,0.0,0.0,0.0,0.0,6100.0,6100.0,6100.0,0.727,2026-01-28 09:13:02,13076
DIVISLAB,2026-02-24,5400.0,0.0,0.0,0.0,28.0,5600.0,0.0,6100.0,6100.0,6100.0,0.727,2026-01-28 09:13:02,10927
DIVISLAB,2026-02-24,5450.0,0.0,0.0,0.0,29.6,300.0,0.0,6100.0,6100.0,6100.0,0.727,2026-01-28 09:13:02,9865
DIVISLAB,2026-02-24,5500.0,0.0,0.0,0.0,37.65,25800.0,0.0,6100.0,6100.0,6100.0,0.727,2026-01-28 09:13:02,8819
DIVISLAB,2026-02-24,5550.0,0.0,0.0,0.0,43.25,400.0,0.0,6100.0,6100.0,6100.0,0.727,2026-01-28 09:13:02,7806
DIVISLAB,2026-02-24,5600.0,513.5,300.0,0.0,49.15,3900.0,0.0,6100.0,6100.0,6100.0,0.727,2026-01-28 09:13:02,6890
DIVISLAB,2026-02-24,5650.0,0.0,0.0,0.0,70.8,400.0,0.0,6100.0,6100.0,6100.0,0.727,2026-01-28 09:13:02,5994
DIVISLAB,2026-02-24,5700.0,445.0,800.0,0.0,66.65,3700.0,0.0,6100.0,6100.0,6100.0,0.727,2026-01-28 09:13:02,5100
DIVISLAB,2026-02-24,5750.0,0.0,0.0,0.0,74.5,700.0,0.0,6100.0,6100.0,6100.0,0.727,2026-01-28 09:13:02,4242
DIVISLAB,2026-02-24,5800.0,358.7,300.0,0.0,90.15,17000.0,0.0,6100.0,6100.0,6100.0,0.727,2026-01-28 09:13:02,3372
DIVISLAB,2026-02-24,5850.0,0.0,0.0,0.0,107.1,900.0,0.0,6100.0,6100.0,6100.0,0.727,2026-01-28 09:13:02,2451
DIVISLAB,2026-02-24,5900.0,0.0,0.0,0.0,121.0,8200.0,0.0,6100.0,6100.0,6100.0,0.727,2026-01-28 09:13:02,1667
DIVISLAB,2026-02-24,5950.0,270.0,200.0,0.0,148.0,2500.0,0.0,6100.0,6100.0,6100.0,0.727,2026-01-28 09:13:02,835
DIVISLAB,2026-02-24,6000.0,254.2,12900.0,0.0,154.2,29900.0,0.0,6100.0,6100.0,6100.0,0.727,2026-01-28 09:13:02,84
DIVISLAB,2026-02-24,6050.0,229.15,13800.0,0.0,181.7,19900.0,0.0,6100.0,6100.0,6100.0,0.727,2026-01-28 09:13:02,-554
DIVISLAB,2026-02-24,6100.0,198.15,22700.0,0.0,204.25,28600.0,0.0,6100.0,6100.0,6100.0,0.727,2026-01-28 09:13:02,-936
DIVISLAB,2026-02-24,6150.0,165.65,200.0,0.0,0.0,0.0,0.0,6100.0,6100.0,6100.0,0.727,2026-01-28 09:13:02,-1151
DIVISLAB,2026-02-24,6200.0,153.9,41800.0,0.0,256.4,16700.0,0.0,6100.0,6100.0,6100.0,0.727,2026-01-28 09:13:02,-1227
DIVISLAB,2026-02-24,6250.0,0.0,0.0,0.0,0.0,0.0,0.0,6100.0,6100.0,6100.0,0.727,2026-01-28 09:13:02,-799
DIVISLAB,2026-02-24,6300.0,113.45,16000.0,0.0,314.0,16200.0,0.0,6100.0,6100.0,6100.0,0.727,2026-01-28 09:13:02,-586
DIVISLAB,2026-02-24,6350.0,0.0,0.0,0.0,330.0,200.0,0.0,6100.0,6100.0,6100.0,0.727,2026-01-28 09:13:02,-539
DIVISLAB,2026-02-24,6400.0,86.7,14400.0,0.0,395.0,3300.0,0.0,6100.0,6100.0,6100.0,0.727,2026-01-28 09:13:02,-171
DIVISLAB,2026-02-24,6450.0,0.0,0.0,0.0,165.0,100.0,0.0,6100.0,6100.0,6100.0,0.727,2026-01-28 09:13:02,286
DIVISLAB,2026-02-24,6500.0,65.55,47900.0,0.0,455.0,15500.0,0.0,6100.0,6100.0,6100.0,0.727,2026-01-28 09:13:02,749
DIVISLAB,2026-02-24,6550.0,0.0,0.0,0.0,0.0,0.0,0.0,6100.0,6100.0,6100.0,0.727,2026-01-28 09:13:02,1138
DIVISLAB,2026-02-24,6600.0,50.05,27800.0,0.0,560.0,12400.0,0.0,6100.0,6100.0,6100.0,0.727,2026-01-28 09:13:02,1919
DIVISLAB,2026-02-24,6650.0,40.55,300.0,0.0,0.0,0.0,0.0,6100.0,6100.0,6100.0,0.727,2026-01-28 09:13:02,2346
DIVISLAB,2026-02-24,6700.0,35.0,5900.0,0.0,595.0,800.0,0.0,6100.0,6100.0,6100.0,0.727,2026-01-28 09:13:02,3331
DIVISLAB,2026-02-24,6750.0,0.0,0.0,0.0,0.0,0.0,0.0,6100.0,6100.0,6100.0,0.727,2026-01-28 09:13:02,4321
DIVISLAB,2026-02-24,6800.0,25.85,800.0,0.0,730.0,600.0,0.0,6100.0,6100.0,6100.0,0.727,2026-01-28 09:13:02,5338
DIVISLAB,2026-02-24,6850.0,0.0,0.0,0.0,0.0,0.0,0.0,6100.0,6100.0,6100.0,0.727,2026-01-28 09:13:02,6320
DIVISLAB,2026-02-24,6900.0,20.0,2700.0,0.0,0.0,0.0,0.0,6100.0,6100.0,6100.0,0.727,2026-01-28 09:13:02,7344
DIVISLAB,2026-02-24,6950.0,31.6,2200.0,0.0,0.0,0.0,0.0,6100.0,6100.0,6100.0,0.727,2026-01-28 09:13:02,8387
DIVISLAB,2026-02-24,7000.0,16.8,31700.0,0.0,930.0,1100.0,0.0,6100.0,6100.0,6100.0,0.727,2026-01-28 09:13:02,9443
DIVISLAB,2026-02-24,7050.0,29.95,200.0,0.0,0.0,0.0,0.0,6100.0,6100.0,6100.0,0.727,2026-01-28 09:13:02,10606
DIVISLAB,2026-02-24,7100.0,56.45,200.0,0.0,1025.0,200.0,0.0,6100.0,6100.0,6100.0,0.727,2026-01-28 09:13:02,11820
DIVISLAB,2026-02-24,7150.0,14.2,0.0,0.0,0.0,0.0,0.0,6100.0,6100.0,6100.0,0.727,2026-01-28 09:13:02,13016
DIVISLAB,2026-02-24,7200.0,40.0,200.0,0.0,0.0,0.0,0.0,6100.0,6100.0,6100.0,0.727,2026-01-28 09:13:02,14232
DIVISLAB,2026-02-24,7250.0,14.3,100.0,0.0,0.0,0.0,0.0,6100.0,6100.0,6100.0,0.727,2026-01-28 09:13:02,15449
DIVISLAB,2026-02-24,7300.0,9.0,2400.0,0.0,0.0,0.0,0.0,6100.0,6100.0,6100.0,0.727,2026-01-28 09:13:02,16666
DIVISLAB,2026-02-24,7400.0,6.2,2200.0,0.0,0.0,0.0,0.0,6100.0,6100.0,6100.0,0.727,2026-01-28 09:13:02,19126
DIVISLAB,2026-02-24,7500.0,0.0,0.0,0.0,0.0,0.0,0.0,6100.0,6100.0,6100.0,0.727,2026-01-28 09:13:02,21608
DIVISLAB,2026-02-24,7600.0,0.0,0.0,0.0,0.0,0.0,0.0,6100.0,6100.0,6100.0,0.727,2026-01-28 09:13:02,24088
DIXON,2026-02-24,8200.0,0.0,0.0,0.0,0.0,0.0,0.0,10189.0,10189.0,10189.0,0.049,2026-01-28 09:13:02,128985
DIXON,2026-02-24,8400.0,0.0,0.0,0.0,72.2,10700.0,0.0,10189.0,10189.0,10189.0,0.049,2026-01-28 09:13:02,115404
DIXON,2026-02-24,8600.0,0.0,0.0,0.0,91.25,25500.0,0.0,10189.0,10189.0,10189.0,0.049,2026-01-28 09:13:02,101960
DIXON,2026-02-24,8800.0,0.0,0.0,0.0,118.95,23350.0,0.0,10189.0,10189.0,10189.0,0.049,2026-01-28 09:13:02,88870
DIXON,2026-02-24,9000.0,0.0,0.0,0.0,151.15,81700.0,0.0,10189.0,10189.0,10189.0,0.049,2026-01-28 09:13:02,76203
DIXON,2026-02-24,9100.0,0.0,0.0,0.0,0.0,0.0,0.0,10189.0,10189.0,10189.0,0.049,2026-01-28 09:13:02,69590
DIXON,2026-02-24,9200.0,0.0,0.0,0.0,190.85,17750.0,0.0,10189.0,10189.0,10189.0,0.049,2026-01-28 09:13:02,64212
DIXON,2026-02-24,9300.0,0.0,0.0,0.0,205.85,1650.0,0.0,10189.0,10189.0,10189.0,0.049,2026-01-28 09:13:02,58672
DIXON,2026-02-24,9400.0,0.0,0.0,0.0,239.35,11500.0,0.0,10189.0,10189.0,10189.0,0.049,2026-01-28 09:13:02,53455
DIXON,2026-02-24,9500.0,990.0,2350.0,0.0,268.05,48950.0,0.0,10189.0,10189.0,10189.0,0.049,2026-01-28 09:13:02,48110
DIXON,2026-02-24,9600.0,0.0,0.0,0.0,300.35,4750.0,0.0,10189.0,10189.0,10189.0,0.049,2026-01-28 09:13:02,42475
DIXON,2026-02-24,9700.0,797.2,300.0,0.0,326.85,6450.0,0.0,10189.0,10189.0,10189.0,0.049,2026-01-28 09:13:02,37824
DIXON,2026-02-24,9800.0,735.15,300.0,0.0,362.7,13550.0,0.0,10189.0,10189.0,10189.0,0.049,2026-01-28 09:13:02,33196
DIXON,2026-02-24,9900.0,738.1,500.0,0.0,406.45,7250.0,0.0,10189.0,10189.0,10189.0,0.049,2026-01-28 09:13:02,28424
DIXON,2026-02-24,10000.0,688.3,37200.0,0.0,448.6,92600.0,0.0,10189.0,10189.0,10189.0,0.049,2026-01-28 09:13:02,23941
DIXON,2026-02-24,10100.0,637.2,14250.0,0.0,494.9,13450.0,0.0,10189.0,10189.0,10189.0,0.049,2026-01-28 09:13:02,19421
DIXON,2026-02-24,10200.0,591.05,18000.0,0.0,545.15,35950.0,0.0,10189.0,10189.0,10189.0,0.049,2026-01-28 09:13:02,17013
DIXON,2026-02-24,10300.0,549.9,9150.0,0.0,586.9,7750.0,0.0,10189.0,10189.0,10189.0,0.049,2026-01-28 09:13:02,14006
DIXON,2026-02-24,10400.0,501.55,13400.0,0.0,660.85,9000.0,0.0,10189.0,10189.0,10189.0,0.049,2026-01-28 09:13:02,12113
DIXON,2026-02-24,10500.0,455.8,65550.0,0.0,706.7,60500.0,0.0,10189.0,10189.0,10189.0,0.049,2026-01-28 09:13:02,10473
DIXON,2026-02-24,10600.0,412.85,14350.0,0.0,765.6,6650.0,0.0,10189.0,10189.0,10189.0,0.049,2026-01-28 09:13:02,8728
DIXON,2026-02-24,10700.0,381.6,11950.0,0.0,824.8,6300.0,0.0,10189.0,10189.0,10189.0,0.049,2026-01-28 09:13:02,8565
DIXON,2026-02-24,10800.0,342.55,11650.0,0.0,891.0,6100.0,0.0,10189.0,10189.0,10189.0,0.049,2026-01-28 09:13:02,8437
DIXON,2026-02-24,10900.0,312.9,6200.0,0.0,960.0,2600.0,0.0,10189.0,10189.0,10189.0,0.049,2026-01-28 09:13:02,8405
DIXON,2026-02-24,11000.0,282.2,109500.0,0.0,1034.65,50100.0,0.0,10189.0,10189.0,10189.0,0.049,2026-01-28 09:13:02,8550
DIXON,2026-02-24,11100.0,256.05,5800.0,0.0,1259.05,50.0,0.0,10189.0,10189.0,10189.0,0.049,2026-01-28 09:13:02,8254
DIXON,2026-02-24,11200.0,230.6,9950.0,0.0,1085.0,6650.0,0.0,10189.0,10189.0,10189.0,0.049,2026-01-28 09:13:02,10252
DIXON,2026-02-24,11300.0,205.8,4000.0,0.0,1284.0,150.0,0.0,10189.0,10189.0,10189.0,0.049,2026-01-28 09:13:02,11781
DIXON,2026-02-24,11400.0,190.35,5200.0,0.0,0.0,0.0,0.0,10189.0,10189.0,10189.0,0.049,2026-01-28 09:13:02,13907
DIXON,2026-02-24,11500.0,169.1,73800.0,0.0,1415.25,26250.0,0.0,10189.0,10189.0,10189.0,0.049,2026-01-28 09:13:02,16121
DIXON,2026-02-24,11600.0,152.5,3600.0,0.0,1285.0,350.0,0.0,10189.0,10189.0,10189.0,0.049,2026-01-28 09:13:02,16770
DIXON,2026-02-24,11700.0,137.85,5250.0,0.0,1547.55,1450.0,0.0,10189.0,10189.0,10189.0,0.049,2026-01-28 09:13:02,19935
DIXON,2026-02-24,11800.0,124.1,7300.0,0.0,1638.3,1600.0,0.0,10189.0,10189.0,10189.0,0.049,2026-01-28 09:13:02,23004
DIXON,2026-02-24,11900.0,111.65,4550.0,0.0,1450.0,100.0,0.0,10189.0,10189.0,10189.0,0.049,2026-01-28 09:13:02,26144
DIXON,2026-02-24,12000.0,100.7,121450.0,0.0,1846.8,31650.0,0.0,10189.0,10189.0,10189.0,0.049,2026-01-28 09:13:02,29538
DIXON,2026-02-24,12100.0,89.45,4700.0,0.0,1129.45,50.0,0.0,10189.0,10189.0,10189.0,0.049,2026-01-28 09:13:02,29804
DIXON,2026-02-24,12200.0,80.0,950.0,0.0,0.0,0.0,0.0,10189.0,10189.0,10189.0,0.049,2026-01-28 09:13:02,34777
DIXON,2026-02-24,12300.0,72.3,4800.0,0.0,1930.0,900.0,0.0,10189.0,10189.0,10189.0,0.049,2026-01-28 09:13:02,39730
DIXON,2026-02-24,12400.0,63.05,2150.0,0.0,0.0,0.0,0.0,10189.0,10189.0,10189.0,0.049,2026-01-28 09:13:02,44593
DIXON,2026-02-24,12500.0,55.5,34050.0,0.0,2277.75,7550.0,0.0,10189.0,10189.0,10189.0,0.049,2026-01-28 09:13:02,49631
DIXON,2026-02-24,12600.0,52.0,2350.0,0.0,0.0,0.0,0.0,10189.0,10189.0,10189.0,0.049,2026-01-28 09:13:02,53540
DIXON,2026-02-24,12700.0,86.7,750.0,0.0,0.0,0.0,0.0,10189.0,10189.0,10189.0,0.049,2026-01-28 09:13:02,59016
DIXON,2026-02-24,12800.0,35.5,850.0,0.0,2660.0,500.0,0.0,10189.0,10189.0,10189.0,0.049,2026-01-28 09:13:02,64493
DIXON,2026-02-24,12900.0,170.0,100.0,0.0,0.0,0.0,0.0,10189.0,10189.0,10189.0,0.049,2026-01-28 09:13:02,69848
DIXON,2026-02-24,13000.0,34.85,54900.0,0.0,2767.55,19650.0,0.0,10189.0,10189.0,10189.0,0.049,2026-01-28 09:13:02,75335
DIXON,2026-02-24,13100.0,0.0,0.0,0.0,0.0,0.0,0.0,10189.0,10189.0,10189.0,0.049,2026-01-28 09:13:02,76319
DIXON,2026-02-24,13200.0,0.0,0.0,0.0,2700.0,750.0,0.0,10189.0,10189.0,10189.0,0.049,2026-01-28 09:13:02,82550
DIXON,2026-02-24,13300.0,0.0,0.0,0.0,0.0,0.0,0.0,10189.0,10189.0,10189.0,0.049,2026-01-28 09:13:02,88586
DIXON,2026-02-24,13400.0,250.0,50.0,0.0,0.0,0.0,0.0,10189.0,10189.0,10189.0,0.049,2026-01-28 09:13:02,94824
DIXON,2026-02-24,13500.0,23.5,7650.0,0.0,3260.0,3650.0,0.0,10189.0,10189.0,10189.0,0.049,2026-01-28 09:13:02,101065
DIXON,2026-02-24,13600.0,35.0,100.0,0.0,1850.0,100.0,0.0,10189.0,10189.0,10189.0,0.049,2026-01-28 09:13:02,106245
DIXON,2026-02-24,13800.0,52.65,100.0,0.0,0.0,0.0,0.0,10189.0,10189.0,10189.0,0.049,2026-01-28 09:13:02,118935
DIXON,2026-02-24,14000.0,17.75,47900.0,0.0,3723.95,21850.0,0.0,10189.0,10189.0,10189.0,0.049,2026-01-28 09:13:02,131645
DIXON,2026-02-24,14200.0,12.6,3000.0,0.0,3943.65,11700.0,0.0,10189.0,10189.0,10189.0,0.049,2026-01-28 09:13:02,137698
DIXON,2026-02-24,14500.0,15.0,2000.0,0.0,0.0,0.0,0.0,10189.0,10189.0,10189.0,0.049,2026-01-28 09:13:02,154687
DIXON,2026-02-24,15000.0,12.75,15950.0,0.0,0.0,0.0,0.0,10189.0,10189.0,10189.0,0.049,2026-01-28 09:13:02,190787
DIXON,2026-02-24,17000.0,7.0,6250.0,0.0,0.0,0.0,0.0,10189.0,10189.0,10189.0,0.049,2026-01-28 09:13:02,338387
DLF,2026-02-24,480.0,121.9,1650.0,0.0,1.35,13200.0,0.0,610.0,610.0,610.0,0.074,2026-01-28 09:13:02,104589
DLF,2026-02-24,500.0,0.0,0.0,0.0,2.05,84150.0,0.0,610.0,610.0,610.0,0.074,2026-01-28 09:13:02,88383
DLF,2026-02-24,520.0,88.0,825.0,0.0,3.15,965250.0,0.0,610.0,610.0,610.0,0.074,2026-01-28 09:13:02,72310
DLF,2026-02-24,530.0,0.0,0.0,0.0,3.9,160875.0,0.0,610.0,610.0,610.0,0.074,2026-01-28 09:13:02,64951
DLF,2026-02-24,540.0,0.0,0.0,0.0,4.9,210375.0,0.0,610.0,610.0,610.0,0.074,2026-01-28 09:13:02,57987
DLF,2026-02-24,550.0,68.6,30525.0,0.0,6.2,297825.0,0.0,610.0,610.0,610.0,0.074,2026-01-28 09:13:02,51193
DLF,2026-02-24,560.0,60.45,31350.0,0.0,7.9,200475.0,0.0,610.0,610.0,610.0,0.074,2026-01-28 09:13:02,44855
DLF,2026-02-24,570.0,52.5,42900.0,0.0,9.7,172425.0,0.0,610.0,610.0,610.0,0.074,2026-01-28 09:13:02,38756
DLF,2026-02-24,580.0,43.95,78375.0,0.0,12.1,452925.0,0.0,610.0,610.0,610.0,0.074,2026-01-28 09:13:02,32899
DLF,2026-02-24,590.0,37.55,240075.0,0.0,15.1,386100.0,0.0,610.0,610.0,610.0,0.074,2026-01-28 09:13:02,27311
DLF,2026-02-24,600.0,30.95,1362075.0,0.0,18.75,1036200.0,0.0,610.0,610.0,610.0,0.074,2026-01-28 09:13:02,22872
DLF,2026-02-24,610.0,25.55,438075.0,0.0,22.9,297000.0,0.0,610.0,610.0,610.0,0.074,2026-01-28 09:13:02,22785
DLF,2026-02-24,620.0,20.6,1367025.0,0.0,27.65,570075.0,0.0,610.0,610.0,610.0,0.074,2026-01-28 09:13:02,21600
DLF,2026-02-24,630.0,16.3,584100.0,0.0,33.35,274725.0,0.0,610.0,610.0,610.0,0.074,2026-01-28 09:13:02,23152
DLF,2026-02-24,640.0,12.85,711150.0,0.0,40.25,296175.0,0.0,610.0,610.0,610.0,0.074,2026-01-28 09:13:02,24360
DLF,2026-02-24,650.0,9.95,1114575.0,0.0,46.85,515625.0,0.0,610.0,610.0,610.0,0.074,2026-01-28 09:13:02,26260
DLF,2026-02-24,660.0,7.7,745800.0,0.0,54.75,198825.0,0.0,610.0,610.0,610.0,0.074,2026-01-28 09:13:02,28763
DLF,2026-02-24,670.0,5.95,281325.0,0.0,71.5,22275.0,0.0,610.0,610.0,610.0,0.074,2026-01-28 09:13:02,33002
DLF,2026-02-24,680.0,4.5,412500.0,0.0,70.7,129525.0,0.0,610.0,610.0,610.0,0.074,2026-01-28 09:13:02,38067
DLF,2026-02-24,690.0,3.5,65175.0,0.0,80.0,39600.0,0.0,610.0,610.0,610.0,0.074,2026-01-28 09:13:02,42936
DLF,2026-02-24,700.0,2.85,2014650.0,0.0,89.5,449625.0,0.0,610.0,610.0,610.0,0.074,2026-01-28 09:13:02,48346
DLF,2026-02-24,710.0,2.15,61050.0,0.0,99.5,29700.0,0.0,610.0,610.0,610.0,0.074,2026-01-28 09:13:02,53065
DLF,2026-02-24,720.0,1.7,271425.0,0.0,117.0,120450.0,0.0,610.0,610.0,610.0,0.074,2026-01-28 09:13:02,61042
DLF,2026-02-24,730.0,1.3,14850.0,0.0,137.0,30525.0,0.0,610.0,610.0,610.0,0.074,2026-01-28 09:13:02,68329
DLF,2026-02-24,740.0,1.15,39600.0,0.0,135.85,99000.0,0.0,610.0,610.0,610.0,0.074,2026-01-28 09:13:02,76609
DLF,2026-02-24,750.0,0.95,222750.0,0.0,140.4,389400.0,0.0,610.0,610.0,610.0,0.074,2026-01-28 09:13:02,84104
DLF,2026-02-24,760.0,0.65,30525.0,0.0,156.75,23925.0,0.0,610.0,610.0,610.0,0.074,2026-01-28 09:13:02,88105
DLF,2026-02-24,770.0,3.5,825.0,0.0,158.0,22275.0,0.0,610.0,610.0,610.0,0.074,2026-01-28 09:13:02,97234
DLF,2026-02-24,780.0,0.65,10725.0,0.0,180.0,104775.0,0.0,610.0,610.0,610.0,0.074,2026-01-28 09:13:02,106406
DLF,2026-02-24,800.0,0.4,42075.0,0.0,185.75,163350.0,0.0,610.0,610.0,610.0,0.074,2026-01-28 09:13:02,123801
DLF,2026-02-24,820.0,0.0,0.0,0.0,214.0,273900.0,0.0,610.0,610.0,610.0,0.074,2026-01-28 09:13:02,140460
DLF,2026-02-24,840.0,0.2,14850.0,0.0,223.5,96525.0,0.0,610.0,610.0,610.0,0.074,2026-01-28 09:13:02,154837
DMART,2026-02-24,3000.0,655.0,600.0,0.0,8.6,3000.0,0.0,3663.0,3663.0,3663.0,-0.207,2026-01-28 09:13:02,34419
DMART,2026-02-24,3100.0,0.0,0.0,0.0,10.0,450.0,0.0,3663.0,3663.0,3663.0,-0.207,2026-01-28 09:13:02,28184
DMART,2026-02-24,3200.0,0.0,0.0,0.0,14.5,8100.0,0.0,3663.0,3663.0,3663.0,-0.207,2026-01-28 09:13:02,21917
DMART,2026-02-24,3250.0,0.0,0.0,0.0,17.65,750.0,0.0,3663.0,3663.0,3663.0,-0.207,2026-01-28 09:13:02,18812
DMART,2026-02-24,3300.0,0.0,0.0,0.0,22.8,33300.0,0.0,3663.0,3663.0,3663.0,-0.207,2026-01-28 09:13:02,15721
DMART,2026-02-24,3350.0,340.0,150.0,0.0,13.5,150.0,0.0,3663.0,3663.0,3663.0,-0.207,2026-01-28 09:13:02,12723
DMART,2026-02-24,3400.0,322.1,450.0,0.0,34.3,182400.0,0.0,3663.0,3663.0,3663.0,-0.207,2026-01-28 09:13:02,9806
DMART,2026-02-24,3450.0,0.0,0.0,0.0,35.95,1800.0,0.0,3663.0,3663.0,3663.0,-0.207,2026-01-28 09:13:02,7188
DMART,2026-02-24,3500.0,228.5,4200.0,0.0,51.05,45600.0,0.0,3663.0,3663.0,3663.0,-0.207,2026-01-28 09:13:02,5184
DMART,2026-02-24,3550.0,187.3,2250.0,0.0,63.85,19800.0,0.0,3663.0,3663.0,3663.0,-0.207,2026-01-28 09:13:02,3298
DMART,2026-02-24,3600.0,161.9,30000.0,0.0,77.15,60300.0,0.0,3663.0,3663.0,3663.0,-0.207,2026-01-28 09:13:02,1575
DMART,2026-02-24,3650.0,131.4,13200.0,0.0,97.15,21600.0,0.0,3663.0,3663.0,3663.0,-0.207,2026-01-28 09:13:02,408
DMART,2026-02-24,3700.0,104.2,105300.0,0.0,119.1,111750.0,0.0,3663.0,3663.0,3663.0,-0.207,2026-01-28 09:13:02,-641
DMART,2026-02-24,3750.0,80.15,21000.0,0.0,145.0,10350.0,0.0,3663.0,3663.0,3663.0,-0.207,2026-01-28 09:13:02,-802
DMART,2026-02-24,3800.0,59.95,232500.0,0.0,177.75,33150.0,0.0,3663.0,3663.0,3663.0,-0.207,2026-01-28 09:13:02,-555
DMART,2026-02-24,3850.0,45.1,11250.0,0.0,195.0,750.0,0.0,3663.0,3663.0,3663.0,-0.207,2026-01-28 09:13:02,1805
DMART,2026-02-24,3900.0,34.2,57150.0,0.0,250.0,15000.0,0.0,3663.0,3663.0,3663.0,-0.207,2026-01-28 09:13:02,3458
DMART,2026-02-24,3950.0,25.6,12000.0,0.0,320.0,1650.0,0.0,3663.0,3663.0,3663.0,-0.207,2026-01-28 09:13:02,5257
DMART,2026-02-24,4000.0,19.6,117150.0,0.0,332.1,51150.0,0.0,3663.0,3663.0,3663.0,-0.207,2026-01-28 09:13:02,7280
DMART,2026-02-24,4050.0,29.65,2250.0,0.0,0.0,0.0,0.0,3663.0,3663.0,3663.0,-0.207,2026-01-28 09:13:02,8699
DMART,2026-02-24,4100.0,11.9,41400.0,0.0,450.0,13200.0,0.0,3663.0,3663.0,3663.0,-0.207,2026-01-28 09:13:02,11604
DMART,2026-02-24,4150.0,14.55,2100.0,0.0,362.0,450.0,0.0,3663.0,3663.0,3663.0,-0.207,2026-01-28 09:13:02,14231
DMART,2026-02-24,4200.0,6.55,28800.0,0.0,540.0,3300.0,0.0,3663.0,3663.0,3663.0,-0.207,2026-01-28 09:13:02,17403
DMART,2026-02-24,4250.0,0.0,0.0,0.0,0.0,0.0,0.0,3663.0,3663.0,3663.0,-0.207,2026-01-28 09:13:02,20588
DMART,2026-02-24,4300.0,8.0,4650.0,0.0,625.0,4800.0,0.0,3663.0,3663.0,3663.0,-0.207,2026-01-28 09:13:02,23933
DMART,2026-02-24,4350.0,0.0,0.0,0.0,680.0,150.0,0.0,3663.0,3663.0,3663.0,-0.207,2026-01-28 09:13:02,27029
DMART,2026-02-24,4400.0,5.5,750.0,0.0,715.0,7800.0,0.0,3663.0,3663.0,3663.0,-0.207,2026-01-28 09:13:02,30412
DMART,2026-02-24,4500.0,3.5,18300.0,0.0,0.0,0.0,0.0,3663.0,3663.0,3663.0,-0.207,2026-01-28 09:13:02,36726
DRREDDY,2026-02-24,960.0,0.0,0.0,0.0,1.0,1875.0,0.0,1241.9,1241.9,1241.9,0.169,2026-01-28 09:13:02,35909
DRREDDY,2026-02-24,980.0,0.0,0.0,0.0,1.15,22500.0,0.0,1241.9,1241.9,1241.9,0.169,2026-01-28 09:13:02,32277
DRREDDY,2026-02-24,1000.0,195.6,625.0,0.0,0.8,10625.0,0.0,1241.9,1241.9,1241.9,0.169,2026-01-28 09:13:02,28688
DRREDDY,2026-02-24,1020.0,175.8,625.0,0.0,1.5,12500.0,0.0,1241.9,1241.9,1241.9,0.169,2026-01-28 09:13:02,25136
DRREDDY,2026-02-24,1040.0,156.45,625.0,0.0,1.3,21875.0,0.0,1241.9,1241.9,1241.9,0.169,2026-01-28 09:13:02,21608
DRREDDY,2026-02-24,1050.0,0.0,0.0,0.0,1.85,21875.0,0.0,1241.9,1241.9,1241.9,0.169,2026-01-28 09:13:02,19868
DRREDDY,2026-02-24,1060.0,135.65,2500.0,0.0,0.0,0.0,0.0,1241.9,1241.9,1241.9,0.169,2026-01-28 09:13:02,18140
DRREDDY,2026-02-24,1070.0,0.0,0.0,0.0,0.0,0.0,0.0,1241.9,1241.9,1241.9,0.169,2026-01-28 09:13:02,16452
DRREDDY,2026-02-24,1080.0,149.4,3750.0,0.0,2.35,45000.0,0.0,1241.9,1241.9,1241.9,0.169,2026-01-28 09:13:02,14730
DRREDDY,2026-02-24,1090.0,111.35,1250.0,0.0,0.0,0.0,0.0,1241.9,1241.9,1241.9,0.169,2026-01-28 09:13:02,13102
DRREDDY,2026-02-24,1100.0,148.6,1875.0,0.0,3.15,156875.0,0.0,1241.9,1241.9,1241.9,0.169,2026-01-28 09:13:02,11444
DRREDDY,2026-02-24,1110.0,0.0,0.0,0.0,7.85,1250.0,0.0,1241.9,1241.9,1241.9,0.169,2026-01-28 09:13:02,9910
DRREDDY,2026-02-24,1120.0,0.0,0.0,0.0,4.1,23125.0,0.0,1241.9,1241.9,1241.9,0.169,2026-01-28 09:13:02,8397
DRREDDY,2026-02-24,1130.0,0.0,0.0,0.0,4.75,5000.0,0.0,1241.9,1241.9,1241.9,0.169,2026-01-28 09:13:02,6899
DRREDDY,2026-02-24,1140.0,0.0,0.0,0.0,5.6,49375.0,0.0,1241.9,1241.9,1241.9,0.169,2026-01-28 09:13:02,5413
DRREDDY,2026-02-24,1150.0,112.0,3750.0,0.0,6.6,100000.0,0.0,1241.9,1241.9,1241.9,0.169,2026-01-28 09:13:02,3951
DRREDDY,2026-02-24,1160.0,93.45,3750.0,0.0,7.7,63750.0,0.0,1241.9,1241.9,1241.9,0.169,2026-01-28 09:13:02,2596
DRREDDY,2026-02-24,1170.0,73.8,3125.0,0.0,9.7,23125.0,0.0,1241.9,1241.9,1241.9,0.169,2026-01-28 09:13:02,1319
DRREDDY,2026-02-24,1180.0,83.5,53125.0,0.0,10.9,233125.0,0.0,1241.9,1241.9,1241.9,0.169,2026-01-28 09:13:02,82
DRREDDY,2026-02-24,1190.0,67.0,15000.0,0.0,12.75,37500.0,0.0,1241.9,1241.9,1241.9,0.169,2026-01-28 09:13:02,-678
DRREDDY,2026-02-24,1200.0,62.0,149375.0,0.0,15.2,356250.0,0.0,1241.9,1241.9,1241.9,0.169,2026-01-28 09:13:02,-1523
DRREDDY,2026-02-24,1210.0,53.45,28750.0,0.0,18.15,50625.0,0.0,1241.9,1241.9,1241.9,0.169,2026-01-28 09:13:02,-1531
DRREDDY,2026-02-24,1220.0,49.05,56250.0,0.0,21.3,115625.0,0.0,1241.9,1241.9,1241.9,0.169,2026-01-28 09:13:02,-1782
DRREDDY,2026-02-24,1230.0,42.7,73750.0,0.0,25.0,64375.0,0.0,1241.9,1241.9,1241.9,0.169,2026-01-28 09:13:02,-1894
DRREDDY,2026-02-24,1240.0,36.85,135000.0,0.0,29.15,131875.0,0.0,1241.9,1241.9,1241.9,0.169,2026-01-28 09:13:02,-1743
DRREDDY,2026-02-24,1250.0,31.9,219375.0,0.0,34.1,133125.0,0.0,1241.9,1241.9,1241.9,0.169,2026-01-28 09:13:02,-1366
DRREDDY,2026-02-24,1260.0,27.25,98750.0,0.0,39.05,26250.0,0.0,1241.9,1241.9,1241.9,0.169,2026-01-28 09:13:02,-504
DRREDDY,2026-02-24,1270.0,23.15,35625.0,0.0,45.1,7500.0,0.0,1241.9,1241.9,1241.9,0.169,2026-01-28 09:13:02,403
DRREDDY,2026-02-24,1280.0,19.35,78125.0,0.0,50.8,24375.0,0.0,1241.9,1241.9,1241.9,0.169,2026-01-28 09:13:02,1236
DRREDDY,2026-02-24,1290.0,16.3,24375.0,0.0,61.7,5000.0,0.0,1241.9,1241.9,1241.9,0.169,2026-01-28 09:13:02,2150
DRREDDY,2026-02-24,1300.0,13.75,443125.0,0.0,64.4,41875.0,0.0,1241.9,1241.9,1241.9,0.169,2026-01-28 09:13:02,3075
DRREDDY,2026-02-24,1310.0,11.7,15625.0,0.0,74.65,8125.0,0.0,1241.9,1241.9,1241.9,0.169,2026-01-28 09:13:02,4816
DRREDDY,2026-02-24,1320.0,9.35,51875.0,0.0,79.0,1875.0,0.0,1241.9,1241.9,1241.9,0.169,2026-01-28 09:13:02,6199
DRREDDY,2026-02-24,1330.0,7.3,1875.0,0.0,138.95,1250.0,0.0,1241.9,1241.9,1241.9,0.169,2026-01-28 09:13:02,7711
DRREDDY,2026-02-24,1340.0,6.45,111875.0,0.0,165.7,1875.0,0.0,1241.9,1241.9,1241.9,0.169,2026-01-28 09:13:02,9177
DRREDDY,2026-02-24,1350.0,5.3,146250.0,0.0,112.15,3750.0,0.0,1241.9,1241.9,1241.9,0.169,2026-01-28 09:13:02,10814
DRREDDY,2026-02-24,1360.0,4.45,16875.0,0.0,109.85,4375.0,0.0,1241.9,1241.9,1241.9,0.169,2026-01-28 09:13:02,12595
DRREDDY,2026-02-24,1370.0,0.0,0.0,0.0,0.0,0.0,0.0,1241.9,1241.9,1241.9,0.169,2026-01-28 09:13:02,14321
DRREDDY,2026-02-24,1380.0,3.15,26875.0,0.0,140.0,4375.0,0.0,1241.9,1241.9,1241.9,0.169,2026-01-28 09:13:02,16088
DRREDDY,2026-02-24,1390.0,0.0,0.0,0.0,160.3,1875.0,0.0,1241.9,1241.9,1241.9,0.169,2026-01-28 09:13:02,17833
DRREDDY,2026-02-24,1400.0,2.4,144375.0,0.0,146.85,2500.0,0.0,1241.9,1241.9,1241.9,0.169,2026-01-28 09:13:02,19603
DRREDDY,2026-02-24,1420.0,1.8,31875.0,0.0,0.0,0.0,0.0,1241.9,1241.9,1241.9,0.169,2026-01-28 09:13:02,23495
DRREDDY,2026-02-24,1440.0,1.1,20625.0,0.0,0.0,0.0,0.0,1241.9,1241.9,1241.9,0.169,2026-01-28 09:13:02,27458
DRREDDY,2026-02-24,1460.0,1.55,5625.0,0.0,0.0,0.0,0.0,1241.9,1241.9,1241.9,0.169,2026-01-28 09:13:02,31459
DRREDDY,2026-02-24,1480.0,1.3,13750.0,0.0,314.55,1250.0,0.0,1241.9,1241.9,1241.9,0.169,2026-01-28 09:13:02,35470
EICHERMOT,2026-02-24,5900.0,0.0,0.0,0.0,0.0,0.0,0.0,7124.0,7124.0,7124.0,-0.565,2026-01-28 09:13:02,57618
EICHERMOT,2026-02-24,6000.0,1041.6,1000.0,0.0,15.0,1300.0,0.0,7124.0,7124.0,7124.0,-0.565,2026-01-28 09:13:02,51677
EICHERMOT,2026-02-24,6100.0,960.0,3000.0,0.0,19.0,4000.0,0.0,7124.0,7124.0,7124.0,-0.565,2026-01-28 09:13:02,45861
EICHERMOT,2026-02-24,6200.0,989.0,1800.0,0.0,17.85,100.0,0.0,7124.0,7124.0,7124.0,-0.565,2026-01-28 09:13:02,40293
EICHERMOT,2026-02-24,6300.0,1090.0,100.0,0.0,31.4,12600.0,0.0,7124.0,7124.0,7124.0,-0.565,2026-01-28 09:13:02,34642
EICHERMOT,2026-02-24,6350.0,0.0,0.0,0.0,0.0,0.0,0.0,7124.0,7124.0,7124.0,-0.565,2026-01-28 09:13:02,31762
EICHERMOT,2026-02-24,6400.0,741.9,100.0,0.0,38.85,30200.0,0.0,7124.0,7124.0,7124.0,-0.565,2026-01-28 09:13:02,28911
EICHERMOT,2026-02-24,6450.0,0.0,0.0,0.0,0.0,0.0,0.0,7124.0,7124.0,7124.0,-0.565,2026-01-28 09:13:02,26102
EICHERMOT,2026-02-24,6500.0,653.8,5600.0,0.0,49.95,48000.0,0.0,7124.0,7124.0,7124.0,-0.565,2026-01-28 09:13:02,23402
EICHERMOT,2026-02-24,6550.0,0.0,0.0,0.0,0.0,0.0,0.0,7124.0,7124.0,7124.0,-0.565,2026-01-28 09:13:02,21097
EICHERMOT,2026-02-24,6600.0,0.0,0.0,0.0,62.35,8100.0,0.0,7124.0,7124.0,7124.0,-0.565,2026-01-28 09:13:02,18666
EICHERMOT,2026-02-24,6650.0,0.0,0.0,0.0,0.0,0.0,0.0,7124.0,7124.0,7124.0,-0.565,2026-01-28 09:13:02,16224
EICHERMOT,2026-02-24,6700.0,0.0,0.0,0.0,79.1,38700.0,0.0,7124.0,7124.0,7124.0,-0.565,2026-01-28 09:13:02,13833
EICHERMOT,2026-02-24,6750.0,0.0,0.0,0.0,88.35,5000.0,0.0,7124.0,7124.0,7124.0,-0.565,2026-01-28 09:13:02,11330
EICHERMOT,2026-02-24,6800.0,482.6,2600.0,0.0,98.15,135000.0,0.0,7124.0,7124.0,7124.0,-0.565,2026-01-28 09:13:02,9113
EICHERMOT,2026-02-24,6850.0,378.5,400.0,0.0,109.1,10500.0,0.0,7124.0,7124.0,7124.0,-0.565,2026-01-28 09:13:02,6429
EICHERMOT,2026-02-24,6900.0,394.3,1000.0,0.0,120.25,24300.0,0.0,7124.0,7124.0,7124.0,-0.565,2026-01-28 09:13:02,4900
EICHERMOT,2026-02-24,6950.0,309.45,1500.0,0.0,133.65,3300.0,0.0,7124.0,7124.0,7124.0,-0.565,2026-01-28 09:13:02,3343
EICHERMOT,2026-02-24,7000.0,337.55,65900.0,0.0,149.1,46500.0,0.0,7124.0,7124.0,7124.0,-0.565,2026-01-28 09:13:02,2066
EICHERMOT,2026-02-24,7050.0,304.85,7700.0,0.0,166.7,10000.0,0.0,7124.0,7124.0,7124.0,-0.565,2026-01-28 09:13:02,2880
EICHERMOT,2026-02-24,7100.0,273.95,44700.0,0.0,185.4,33600.0,0.0,7124.0,7124.0,7124.0,-0.565,2026-01-28 09:13:02,2319
EICHERMOT,2026-02-24,7150.0,246.35,4000.0,0.0,208.75,3000.0,0.0,7124.0,7124.0,7124.0,-0.565,2026-01-28 09:13:02,2683
EICHERMOT,2026-02-24,7200.0,220.15,42700.0,0.0,231.7,11200.0,0.0,7124.0,7124.0,7124.0,-0.565,2026-01-28 09:13:02,2516
EICHERMOT,2026-02-24,7250.0,194.5,3400.0,0.0,306.6,3100.0,0.0,7124.0,7124.0,7124.0,-0.565,2026-01-28 09:13:02,3264
EICHERMOT,2026-02-24,7300.0,172.05,42000.0,0.0,282.65,10300.0,0.0,7124.0,7124.0,7124.0,-0.565,2026-01-28 09:13:02,3334
EICHERMOT,2026-02-24,7350.0,150.25,6700.0,0.0,327.85,400.0,0.0,7124.0,7124.0,7124.0,-0.565,2026-01-28 09:13:02,4127
EICHERMOT,2026-02-24,7400.0,133.5,29500.0,0.0,340.0,4600.0,0.0,7124.0,7124.0,7124.0,-0.565,2026-01-28 09:13:02,4611
EICHERMOT,2026-02-24,7450.0,117.2,4700.0,0.0,433.75,200.0,0.0,7124.0,7124.0,7124.0,-0.565,2026-01-28 09:13:02,5415
EICHERMOT,2026-02-24,7500.0,102.3,36900.0,0.0,410.0,11000.0,0.0,7124.0,7124.0,7124.0,-0.565,2026-01-28 09:13:02,6053
EICHERMOT,2026-02-24,7550.0,69.45,1300.0,0.0,0.0,0.0,0.0,7124.0,7124.0,7124.0,-0.565,2026-01-28 09:13:02,6811
EICHERMOT,2026-02-24,7600.0,77.2,19200.0,0.0,487.1,52600.0,0.0,7124.0,7124.0,7124.0,-0.565,2026-01-28 09:13:02,7657
EICHERMOT,2026-02-24,7650.0,75.0,300.0,0.0,0.0,0.0,0.0,7124.0,7124.0,7124.0,-0.565,2026-01-28 09:13:02,6440
EICHERMOT,2026-02-24,7700.0,58.5,23200.0,0.0,558.4,79000.0,0.0,7124.0,7124.0,7124.0,-0.565,2026-01-28 09:13:02,7640
EICHERMOT,2026-02-24,7750.0,50.95,4500.0,0.0,0.0,0.0,0.0,7124.0,7124.0,7124.0,-0.565,2026-01-28 09:13:02,5073
EICHERMOT,2026-02-24,7800.0,45.15,9000.0,0.0,675.0,7100.0,0.0,7124.0,7124.0,7124.0,-0.565,2026-01-28 09:13:02,6828
EICHERMOT,2026-02-24,7850.0,39.75,4800.0,0.0,0.0,0.0,0.0,7124.0,7124.0,7124.0,-0.565,2026-01-28 09:13:02,8201
EICHERMOT,2026-02-24,7900.0,35.5,7800.0,0.0,0.0,0.0,0.0,7124.0,7124.0,7124.0,-0.565,2026-01-28 09:13:02,10056
EICHERMOT,2026-02-24,7950.0,29.65,2700.0,0.0,0.0,0.0,0.0,7124.0,7124.0,7124.0,-0.565,2026-01-28 09:13:02,11959
EICHERMOT,2026-02-24,8000.0,28.0,150100.0,0.0,850.0,400.0,0.0,7124.0,7124.0,7124.0,-0.565,2026-01-28 09:13:02,13856
EICHERMOT,2026-02-24,8050.0,17.95,1600.0,0.0,0.0,0.0,0.0,7124.0,7124.0,7124.0,-0.565,2026-01-28 09:13:02,16883
EICHERMOT,2026-02-24,8100.0,16.75,2700.0,0.0,0.0,0.0,0.0,7124.0,7124.0,7124.0,-0.565,2026-01-28 09:13:02,19535
EICHERMOT,2026-02-24,8150.0,15.55,1700.0,0.0,0.0,0.0,0.0,7124.0,7124.0,7124.0,-0.565,2026-01-28 09:13:02,22202
EICHERMOT,2026-02-24,8200.0,16.75,6700.0,0.0,0.0,0.0,0.0,7124.0,7124.0,7124.0,-0.565,2026-01-28 09:13:02,24875
EICHERMOT,2026-02-24,8300.0,12.9,7700.0,0.0,0.0,0.0,0.0,7124.0,7124.0,7124.0,-0.565,2026-01-28 09:13:02,30296
EICHERMOT,2026-02-24,8400.0,20.0,1900.0,0.0,0.0,0.0,0.0,7124.0,7124.0,7124.0,-0.565,2026-01-28 09:13:02,35792
EICHERMOT,2026-02-24,8500.0,7.75,2600.0,0.0,0.0,0.0,0.0,7124.0,7124.0,7124.0,-0.565,2026-01-28 09:13:02,41300
EICHERMOT,2026-02-24,8600.0,8.4,17700.0,0.0,0.0,0.0,0.0,7124.0,7124.0,7124.0,-0.565,2026-01-28 09:13:02,46833
EICHERMOT,2026-02-24,8700.0,7.1,2100.0,0.0,0.0,0.0,0.0,7124.0,7124.0,7124.0,-0.565,2026-01-28 09:13:02,52556
ETERNAL,2026-02-24,200.0,0.0,0.0,0.0,0.0,0.0,0.0,256.0,256.0,256.0,0.847,2026-01-28 09:13:02,196143
ETERNAL,2026-02-24,210.0,0.0,0.0,0.0,1.05,404975.0,0.0,256.0,256.0,256.0,0.847,2026-01-28 09:13:02,160316
ETERNAL,2026-02-24,220.0,37.0,24250.0,0.0,1.8,2429850.0,0.0,256.0,256.0,256.0,0.847,2026-01-28 09:13:02,124851
ETERNAL,2026-02-24,225.0,0.0,0.0,0.0,2.45,681425.0,0.0,256.0,256.0,256.0,0.847,2026-01-28 09:13:02,108020
ETERNAL,2026-02-24,230.0,29.5,55775.0,0.0,3.25,2226150.0,0.0,256.0,256.0,256.0,0.847,2026-01-28 09:13:02,91709
ETERNAL,2026-02-24,235.0,0.0,0.0,0.0,4.3,426800.0,0.0,256.0,256.0,256.0,0.847,2026-01-28 09:13:02,76148
ETERNAL,2026-02-24,240.0,21.6,113975.0,0.0,5.5,4534750.0,0.0,256.0,256.0,256.0,0.847,2026-01-28 09:13:02,61176
ETERNAL,2026-02-24,245.0,18.2,174600.0,0.0,7.1,1382250.0,0.0,256.0,256.0,256.0,0.847,2026-01-28 09:13:02,46463
ETERNAL,2026-02-24,250.0,15.05,1513200.0,0.0,8.95,3484725.0,0.0,256.0,256.0,256.0,0.847,2026-01-28 09:13:02,34114
ETERNAL,2026-02-24,255.0,12.3,831775.0,0.0,11.3,1054875.0,0.0,256.0,256.0,256.0,0.847,2026-01-28 09:13:02,24085
ETERNAL,2026-02-24,260.0,9.9,3307700.0,0.0,13.95,3610825.0,0.0,256.0,256.0,256.0,0.847,2026-01-28 09:13:02,15672
ETERNAL,2026-02-24,265.0,7.8,3009425.0,0.0,16.65,2138850.0,0.0,256.0,256.0,256.0,0.847,2026-01-28 09:13:02,9125
ETERNAL,2026-02-24,270.0,6.15,3998825.0,0.0,19.9,3833925.0,0.0,256.0,256.0,256.0,0.847,2026-01-28 09:13:02,5701
ETERNAL,2026-02-24,275.0,4.8,2262525.0,0.0,23.35,700825.0,0.0,256.0,256.0,256.0,0.847,2026-01-28 09:13:02,2237
ETERNAL,2026-02-24,280.0,3.8,6026125.0,0.0,27.05,2281925.0,0.0,256.0,256.0,256.0,0.847,2026-01-28 09:13:02,4874
ETERNAL,2026-02-24,285.0,3.0,2037000.0,0.0,31.45,620800.0,0.0,256.0,256.0,256.0,0.847,2026-01-28 09:13:02,8333
ETERNAL,2026-02-24,290.0,2.4,5667225.0,0.0,36.0,1925450.0,0.0,256.0,256.0,256.0,0.847,2026-01-28 09:13:02,15662
ETERNAL,2026-02-24,295.0,1.95,1653850.0,0.0,41.85,582000.0,0.0,256.0,256.0,256.0,0.847,2026-01-28 09:13:02,22558
ETERNAL,2026-02-24,300.0,1.6,11533300.0,0.0,45.55,1789650.0,0.0,256.0,256.0,256.0,0.847,2026-01-28 09:13:02,34030
ETERNAL,2026-02-24,305.0,1.25,1001525.0,0.0,51.25,21825.0,0.0,256.0,256.0,256.0,0.847,2026-01-28 09:13:02,47969
ETERNAL,2026-02-24,310.0,1.1,2449250.0,0.0,54.25,361325.0,0.0,256.0,256.0,256.0,0.847,2026-01-28 09:13:02,68741
ETERNAL,2026-02-24,315.0,0.9,608675.0,0.0,60.5,84875.0,0.0,256.0,256.0,256.0,0.847,2026-01-28 09:13:02,89213
ETERNAL,2026-02-24,320.0,0.8,2204325.0,0.0,65.0,286150.0,0.0,256.0,256.0,256.0,0.847,2026-01-28 09:13:02,111265
ETERNAL,2026-02-24,325.0,0.7,295850.0,0.0,67.55,70325.0,0.0,256.0,256.0,256.0,0.847,2026-01-28 09:13:02,133336
ETERNAL,2026-02-24,330.0,0.6,1685375.0,0.0,74.6,298275.0,0.0,256.0,256.0,256.0,0.847,2026-01-28 09:13:02,156820
ETERNAL,2026-02-24,335.0,0.0,0.0,0.0,0.0,0.0,0.0,256.0,256.0,256.0,0.847,2026-01-28 09:13:02,179626
ETERNAL,2026-02-24,340.0,0.45,841475.0,0.0,81.0,276450.0,0.0,256.0,256.0,256.0,0.847,2026-01-28 09:13:02,204557
ETERNAL,2026-02-24,350.0,0.35,1003950.0,0.0,92.75,317675.0,0.0,256.0,256.0,256.0,0.847,2026-01-28 09:13:02,253334
EXIDEIND,2026-02-24,270.0,0.0,0.0,0.0,1.3,25200.0,0.0,323.25,323.25,323.25,0.0,2026-01-28 09:13:02,46075
EXIDEIND,2026-02-24,275.0,0.0,0.0,0.0,0.0,0.0,0.0,323.25,323.25,323.25,0.0,2026-01-28 09:13:02,42934
EXIDEIND,2026-02-24,280.0,0.0,0.0,0.0,1.75,21600.0,0.0,323.25,323.25,323.25,0.0,2026-01-28 09:13:02,39797
EXIDEIND,2026-02-24,285.0,0.0,0.0,0.0,0.0,0.0,0.0,323.25,323.25,323.25,0.0,2026-01-28 09:13:02,36666
EXIDEIND,2026-02-24,290.0,0.0,0.0,0.0,2.5,135000.0,0.0,323.25,323.25,323.25,0.0,2026-01-28 09:13:02,33540
EXIDEIND,2026-02-24,292.5,0.0,0.0,0.0,0.0,0.0,0.0,323.25,323.25,323.25,0.0,2026-01-28 09:13:02,31977
EXIDEIND,2026-02-24,295.0,0.0,0.0,0.0,0.0,0.0,0.0,323.25,323.25,323.25,0.0,2026-01-28 09:13:02,30447
EXIDEIND,2026-02-24,297.5,0.0,0.0,0.0,4.05,12600.0,0.0,323.25,323.25,323.25,0.0,2026-01-28 09:13:02,28917
EXIDEIND,2026-02-24,300.0,27.9,12600.0,0.0,3.8,423000.0,0.0,323.25,323.25,323.25,0.0,2026-01-28 09:13:02,27386
EXIDEIND,2026-02-24,302.5,0.0,0.0,0.0,0.0,0.0,0.0,323.25,323.25,323.25,0.0,2026-01-28 09:13:02,25843
EXIDEIND,2026-02-24,305.0,24.5,1800.0,0.0,4.7,12600.0,0.0,323.25,323.25,323.25,0.0,2026-01-28 09:13:02,24425
EXIDEIND,2026-02-24,307.5,0.0,0.0,0.0,0.0,0.0,0.0,323.25,323.25,323.25,0.0,2026-01-28 09:13:02,23010
EXIDEIND,2026-02-24,310.0,29.05,3600.0,0.0,5.7,248400.0,0.0,323.25,323.25,323.25,0.0,2026-01-28 09:13:02,21596
EXIDEIND,2026-02-24,312.5,0.0,0.0,0.0,6.25,18000.0,0.0,323.25,323.25,323.25,0.0,2026-01-28 09:13:02,20114
EXIDEIND,2026-02-24,315.0,0.0,0.0,0.0,7.05,54000.0,0.0,323.25,323.25,323.25,0.0,2026-01-28 09:13:02,18756
EXIDEIND,2026-02-24,317.5,0.0,0.0,0.0,0.0,0.0,0.0,323.25,323.25,323.25,0.0,2026-01-28 09:13:02,17385
EXIDEIND,2026-02-24,320.0,15.0,163800.0,0.0,9.0,811800.0,0.0,323.25,323.25,323.25,0.0,2026-01-28 09:13:02,16053
EXIDEIND,2026-02-24,322.5,14.0,61200.0,0.0,9.8,64800.0,0.0,323.25,323.25,323.25,0.0,2026-01-28 09:13:02,14479
EXIDEIND,2026-02-24,325.0,12.3,230400.0,0.0,10.95,374400.0,0.0,323.25,323.25,323.25,0.0,2026-01-28 09:13:02,13443
EXIDEIND,2026-02-24,327.5,11.05,54000.0,0.0,12.0,48600.0,0.0,323.25,323.25,323.25,0.0,2026-01-28 09:13:02,12410
EXIDEIND,2026-02-24,330.0,9.8,813600.0,0.0,13.6,1018800.0,0.0,323.25,323.25,323.25,0.0,2026-01-28 09:13:02,11531
EXIDEIND,2026-02-24,332.5,7.0,50400.0,0.0,16.4,50400.0,0.0,323.25,323.25,323.25,0.0,2026-01-28 09:13:02,10520
EXIDEIND,2026-02-24,335.0,7.7,313200.0,0.0,16.4,88200.0,0.0,323.25,323.25,323.25,0.0,2026-01-28 09:13:02,10076
EXIDEIND,2026-02-24,337.5,0.0,0.0,0.0,20.15,5400.0,0.0,323.25,323.25,323.25,0.0,2026-01-28 09:13:02,9875
EXIDEIND,2026-02-24,340.0,5.9,685800.0,0.0,19.5,567000.0,0.0,323.25,323.25,323.25,0.0,2026-01-28 09:13:02,9569
EXIDEIND,2026-02-24,342.5,8.35,5400.0,0.0,22.4,1800.0,0.0,323.25,323.25,323.25,0.0,2026-01-28 09:13:02,8885
EXIDEIND,2026-02-24,345.0,4.55,120600.0,0.0,23.05,63000.0,0.0,323.25,323.25,323.25,0.0,2026-01-28 09:13:02,8905
EXIDEIND,2026-02-24,347.5,0.0,0.0,0.0,24.0,3600.0,0.0,323.25,323.25,323.25,0.0,2026-01-28 09:13:02,8880
EXIDEIND,2026-02-24,350.0,3.35,918000.0,0.0,27.2,345600.0,0.0,323.25,323.25,323.25,0.0,2026-01-28 09:13:02,8937
EXIDEIND,2026-02-24,352.5,0.0,0.0,0.0,0.0,0.0,0.0,323.25,323.25,323.25,0.0,2026-01-28 09:13:02,8687
EXIDEIND,2026-02-24,355.0,2.6,61200.0,0.0,33.55,10800.0,0.0,323.25,323.25,323.25,0.0,2026-01-28 09:13:02,9069
EXIDEIND,2026-02-24,357.5,0.0,0.0,0.0,0.0,0.0,0.0,323.25,323.25,323.25,0.0,2026-01-28 09:13:02,9449
EXIDEIND,2026-02-24,360.0,2.0,552600.0,0.0,35.05,324000.0,0.0,323.25,323.25,323.25,0.0,2026-01-28 09:13:02,9849
EXIDEIND,2026-02-24,362.5,0.0,0.0,0.0,0.0,0.0,0.0,323.25,323.25,323.25,0.0,2026-01-28 09:13:02,9443
EXIDEIND,2026-02-24,365.0,1.1,12600.0,0.0,39.0,27000.0,0.0,323.25,323.25,323.25,0.0,2026-01-28 09:13:02,10062
EXIDEIND,2026-02-24,367.5,0.0,0.0,0.0,43.0,3600.0,0.0,323.25,323.25,323.25,0.0,2026-01-28 09:13:02,10587
EXIDEIND,2026-02-24,370.0,1.2,298800.0,0.0,44.45,156600.0,0.0,323.25,323.25,323.25,0.0,2026-01-28 09:13:02,11202
EXIDEIND,2026-02-24,372.5,0.0,0.0,0.0,0.0,0.0,0.0,323.25,323.25,323.25,0.0,2026-01-28 09:13:02,11285
EXIDEIND,2026-02-24,375.0,1.75,1800.0,0.0,40.6,23400.0,0.0,323.25,323.25,323.25,0.0,2026-01-28 09:13:02,12029
EXIDEIND,2026-02-24,377.5,0.0,0.0,0.0,0.0,0.0,0.0,323.25,323.25,323.25,0.0,2026-01-28 09:13:02,12685
EXIDEIND,2026-02-24,380.0,0.8,207000.0,0.0,54.25,160200.0,0.0,323.25,323.25,323.25,0.0,2026-01-28 09:13:02,13435
EXIDEIND,2026-02-24,382.5,0.0,0.0,0.0,0.0,0.0,0.0,323.25,323.25,323.25,0.0,2026-01-28 09:13:02,13424
EXIDEIND,2026-02-24,385.0,0.0,0.0,0.0,0.0,0.0,0.0,323.25,323.25,323.25,0.0,2026-01-28 09:13:02,14266
EXIDEIND,2026-02-24,387.5,0.0,0.0,0.0,0.0,0.0,0.0,323.25,323.25,323.25,0.0,2026-01-28 09:13:02,15108
EXIDEIND,2026-02-24,390.0,0.5,55800.0,0.0,67.5,108000.0,0.0,323.25,323.25,323.25,0.0,2026-01-28 09:13:02,15950
EXIDEIND,2026-02-24,392.5,0.0,0.0,0.0,0.0,0.0,0.0,323.25,323.25,323.25,0.0,2026-01-28 09:13:02,16107
EXIDEIND,2026-02-24,395.0,0.0,0.0,0.0,0.0,0.0,0.0,323.25,323.25,323.25,0.0,2026-01-28 09:13:02,16990
EXIDEIND,2026-02-24,397.5,0.0,0.0,0.0,0.0,0.0,0.0,323.25,323.25,323.25,0.0,2026-01-28 09:13:02,17873
EXIDEIND,2026-02-24,400.0,0.35,246600.0,0.0,72.0,361800.0,0.0,323.25,323.25,323.25,0.0,2026-01-28 09:13:02,18755
EXIDEIND,2026-02-24,405.0,0.0,0.0,0.0,0.0,0.0,0.0,323.25,323.25,323.25,0.0,2026-01-28 09:13:02,18229
EXIDEIND,2026-02-24,410.0,0.1,1800.0,0.0,87.5,45000.0,0.0,323.25,323.25,323.25,0.0,2026-01-28 09:13:02,20299
EXIDEIND,2026-02-24,415.0,0.0,0.0,0.0,0.0,0.0,0.0,323.25,323.25,323.25,0.0,2026-01-28 09:13:02,21999
EXIDEIND,2026-02-24,420.0,0.15,9000.0,0.0,95.0,88200.0,0.0,323.25,323.25,323.25,0.0,2026-01-28 09:13:02,24092
EXIDEIND,2026-02-24,425.0,0.15,16200.0,0.0,99.5,81000.0,0.0,323.25,323.25,323.25,0.0,2026-01-28 09:13:02,25396
EXIDEIND,2026-02-24,440.0,0.05,187200.0,0.0,120.95,516600.0,0.0,323.25,323.25,323.25,0.0,2026-01-28 09:13:02,31163
FEDERALBNK,2026-02-24,205.0,0.0,0.0,0.0,0.15,5000.0,0.0,286.45,286.45,286.45,0.526,2026-01-28 09:13:02,106656
FEDERALBNK,2026-02-24,210.0,0.0,0.0,0.0,0.2,15000.0,0.0,286.45,286.45,286.45,0.526,2026-01-28 09:13:02,94933
FEDERALBNK,2026-02-24,215.0,0.0,0.0,0.0,0.55,30000.0,0.0,286.45,286.45,286.45,0.526,2026-01-28 09:13:02,83218
FEDERALBNK,2026-02-24,220.0,63.95,90000.0,0.0,0.25,160000.0,0.0,286.45,286.45,286.45,0.526,2026-01-28 09:13:02,71516
FEDERALBNK,2026-02-24,222.5,0.0,0.0,0.0,0.0,0.0,0.0,286.45,286.45,286.45,0.526,2026-01-28 09:13:02,66300
FEDERALBNK,2026-02-24,225.0,59.0,20000.0,0.0,0.3,5000.0,0.0,286.45,286.45,286.45,0.526,2026-01-28 09:13:02,60513
FEDERALBNK,2026-02-24,227.5,0.0,0.0,0.0,0.0,0.0,0.0,286.45,286.45,286.45,0.526,2026-01-28 09:13:02,54849
FEDERALBNK,2026-02-24,230.0,52.0,120000.0,0.0,0.45,1125000.0,0.0,286.45,286.45,286.45,0.526,2026-01-28 09:13:02,49068
FEDERALBNK,2026-02-24,232.5,0.0,0.0,0.0,0.0,0.0,0.0,286.45,286.45,286.45,0.526,2026-01-28 09:13:02,44172
FEDERALBNK,2026-02-24,235.0,47.9,45000.0,0.0,0.55,455000.0,0.0,286.45,286.45,286.45,0.526,2026-01-28 09:13:02,38702
FEDERALBNK,2026-02-24,237.5,18.2,20000.0,0.0,0.7,40000.0,0.0,286.45,286.45,286.45,0.526,2026-01-28 09:13:02,33547
FEDERALBNK,2026-02-24,240.0,11.45,15000.0,0.0,0.6,1195000.0,0.0,286.45,286.45,286.45,0.526,2026-01-28 09:13:02,28251
FEDERALBNK,2026-02-24,242.5,15.4,20000.0,0.0,0.85,45000.0,0.0,286.45,286.45,286.45,0.526,2026-01-28 09:13:02,23169
FEDERALBNK,2026-02-24,245.0,38.5,10000.0,0.0,0.8,410000.0,0.0,286.45,286.45,286.45,0.526,2026-01-28 09:13:02,18184
FEDERALBNK,2026-02-24,247.5,0.0,0.0,0.0,0.85,270000.0,0.0,286.45,286.45,286.45,0.526,2026-01-28 09:13:02,13284
FEDERALBNK,2026-02-24,250.0,36.9,410000.0,0.0,1.05,7480000.0,0.0,286.45,286.45,286.45,0.526,2026-01-28 09:13:02,8422
FEDERALBNK,2026-02-24,252.5,0.0,0.0,0.0,1.15,355000.0,0.0,286.45,286.45,286.45,0.526,2026-01-28 09:13:02,6283
FEDERALBNK,2026-02-24,255.0,29.6,375000.0,0.0,1.3,435000.0,0.0,286.45,286.45,286.45,0.526,2026-01-28 09:13:02,3465
FEDERALBNK,2026-02-24,257.5,27.6,60000.0,0.0,1.55,190000.0,0.0,286.45,286.45,286.45,0.526,2026-01-28 09:13:02,1943
FEDERALBNK,2026-02-24,260.0,24.25,805000.0,0.0,1.75,2290000.0,0.0,286.45,286.45,286.45,0.526,2026-01-28 09:13:02,-432
FEDERALBNK,2026-02-24,262.5,22.1,50000.0,0.0,2.0,290000.0,0.0,286.45,286.45,286.45,0.526,2026-01-28 09:13:02,-619
FEDERALBNK,2026-02-24,265.0,20.9,170000.0,0.0,2.3,785000.0,0.0,286.45,286.45,286.45,0.526,2026-01-28 09:13:02,-2221
FEDERALBNK,2026-02-24,267.5,12.3,25000.0,0.0,2.65,140000.0,0.0,286.45,286.45,286.45,0.526,2026-01-28 09:13:02,-3461
FEDERALBNK,2026-02-24,270.0,19.45,1380000.0,0.0,3.15,1735000.0,0.0,286.45,286.45,286.45,0.526,2026-01-28 09:13:02,-4841
FEDERALBNK,2026-02-24,272.5,16.9,115000.0,0.0,3.7,470000.0,0.0,286.45,286.45,286.45,0.526,2026-01-28 09:13:02,-3298
FEDERALBNK,2026-02-24,275.0,15.5,1060000.0,0.0,4.35,830000.0,0.0,286.45,286.45,286.45,0.526,2026-01-28 09:13:02,-3727
FEDERALBNK,2026-02-24,277.5,12.9,130000.0,0.0,5.05,145000.0,0.0,286.45,286.45,286.45,0.526,2026-01-28 09:13:02,-2421
FEDERALBNK,2026-02-24,280.0,12.05,2515000.0,0.0,5.95,2445000.0,0.0,286.45,286.45,286.45,0.526,2026-01-28 09:13:02,-2234
FEDERALBNK,2026-02-24,282.5,10.55,480000.0,0.0,6.95,370000.0,0.0,286.45,286.45,286.45,0.526,2026-01-28 09:13:02,673
FEDERALBNK,2026-02-24,285.0,9.2,1625000.0,0.0,8.0,720000.0,0.0,286.45,286.45,286.45,0.526,2026-01-28 09:13:02,2468
FEDERALBNK,2026-02-24,287.5,7.95,260000.0,0.0,9.45,65000.0,0.0,286.45,286.45,286.45,0.526,2026-01-28 09:13:02,5518
FEDERALBNK,2026-02-24,290.0,6.85,2415000.0,0.0,10.7,550000.0,0.0,286.45,286.45,286.45,0.526,2026-01-28 09:13:02,7876
FEDERALBNK,2026-02-24,292.5,5.9,140000.0,0.0,14.7,90000.0,0.0,286.45,286.45,286.45,0.526,2026-01-28 09:13:02,11895
FEDERALBNK,2026-02-24,295.0,5.05,490000.0,0.0,15.9,65000.0,0.0,286.45,286.45,286.45,0.526,2026-01-28 09:13:02,14857
FEDERALBNK,2026-02-24,297.5,4.3,175000.0,0.0,15.4,50000.0,0.0,286.45,286.45,286.45,0.526,2026-01-28 09:13:02,18151
FEDERALBNK,2026-02-24,300.0,3.65,2930000.0,0.0,20.5,100000.0,0.0,286.45,286.45,286.45,0.526,2026-01-28 09:13:02,21355
FEDERALBNK,2026-02-24,302.5,3.1,185000.0,0.0,20.0,5000.0,0.0,286.45,286.45,286.45,0.526,2026-01-28 09:13:02,26184
FEDERALBNK,2026-02-24,305.0,2.6,820000.0,0.0,0.0,0.0,0.0,286.45,286.45,286.45,0.526,2026-01-28 09:13:02,30242
FEDERALBNK,2026-02-24,307.5,2.15,185000.0,0.0,0.0,0.0,0.0,286.45,286.45,286.45,0.526,2026-01-28 09:13:02,34672
FEDERALBNK,2026-02-24,310.0,1.9,1685000.0,0.0,33.5,35000.0,0.0,286.45,286.45,286.45,0.526,2026-01-28 09:13:02,38974
FEDERALBNK,2026-02-24,312.5,0.0,0.0,0.0,0.0,0.0,0.0,286.45,286.45,286.45,0.526,2026-01-28 09:13:02,43869
FEDERALBNK,2026-02-24,315.0,1.3,405000.0,0.0,0.0,0.0,0.0,286.45,286.45,286.45,0.526,2026-01-28 09:13:02,48562
FEDERALBNK,2026-02-24,320.0,0.9,1465000.0,0.0,37.15,55000.0,0.0,286.45,286.45,286.45,0.526,2026-01-28 09:13:02,58202
FEDERALBNK,2026-02-24,325.0,0.0,0.0,0.0,0.0,0.0,0.0,286.45,286.45,286.45,0.526,2026-01-28 09:13:02,68477
FORTIS,2026-02-24,700.0,0.0,0.0,0.0,2.85,2325.0,0.0,843.85,843.85,843.85,0.644,2026-01-28 09:13:02,11344
FORTIS,2026-02-24,720.0,0.0,0.0,0.0,0.0,0.0,0.0,843.85,843.85,843.85,0.644,2026-01-28 09:13:02,9916
FORTIS,2026-02-24,740.0,0.0,0.0,0.0,5.4,11625.0,0.0,843.85,843.85,843.85,0.644,2026-01-28 09:13:02,8488
FORTIS,2026-02-24,750.0,0.0,0.0,0.0,5.5,4650.0,0.0,843.85,843.85,843.85,0.644,2026-01-28 09:13:02,7780
FORTIS,2026-02-24,760.0,0.0,0.0,0.0,0.0,0.0,0.0,843.85,843.85,843.85,0.644,2026-01-28 09:13:02,7080
FORTIS,2026-02-24,770.0,0.0,0.0,0.0,8.25,9300.0,0.0,843.85,843.85,843.85,0.644,2026-01-28 09:13:02,6382
FORTIS,2026-02-24,780.0,0.0,0.0,0.0,10.25,25575.0,0.0,843.85,843.85,843.85,0.644,2026-01-28 09:13:02,5686
FORTIS,2026-02-24,790.0,0.0,0.0,0.0,13.0,19375.0,0.0,843.85,843.85,843.85,0.644,2026-01-28 09:13:02,4997
FORTIS,2026-02-24,800.0,54.75,4650.0,0.0,14.5,86800.0,0.0,843.85,843.85,843.85,0.644,2026-01-28 09:13:02,4329
FORTIS,2026-02-24,810.0,0.0,0.0,0.0,0.0,0.0,0.0,843.85,843.85,843.85,0.644,2026-01-28 09:13:02,3677
FORTIS,2026-02-24,820.0,40.0,1550.0,0.0,20.05,27900.0,0.0,843.85,843.85,843.85,0.644,2026-01-28 09:13:02,3125
FORTIS,2026-02-24,830.0,39.8,1550.0,0.0,23.8,21700.0,0.0,843.85,843.85,843.85,0.644,2026-01-28 09:13:02,2553
FORTIS,2026-02-24,840.0,33.3,25575.0,0.0,29.75,155775.0,0.0,843.85,843.85,843.85,0.644,2026-01-28 09:13:02,2008
FORTIS,2026-02-24,850.0,28.25,51150.0,0.0,32.75,44950.0,0.0,843.85,843.85,843.85,0.644,2026-01-28 09:13:02,1312
FORTIS,2026-02-24,860.0,23.95,53475.0,0.0,39.5,21700.0,0.0,843.85,843.85,843.85,0.644,2026-01-28 09:13:02,1088
FORTIS,2026-02-24,870.0,20.0,6975.0,0.0,50.95,4650.0,0.0,843.85,843.85,843.85,0.644,2026-01-28 09:13:02,984
FORTIS,2026-02-24,880.0,15.05,11625.0,0.0,52.1,14725.0,0.0,843.85,843.85,843.85,0.644,2026-01-28 09:13:02,839
FORTIS,2026-02-24,890.0,11.1,25575.0,0.0,60.0,3100.0,0.0,843.85,843.85,843.85,0.644,2026-01-28 09:13:02,671
FORTIS,2026-02-24,900.0,10.9,228625.0,0.0,72.0,81375.0,0.0,843.85,843.85,843.85,0.644,2026-01-28 09:13:02,601
FORTIS,2026-02-24,910.0,7.35,33325.0,0.0,63.0,2325.0,0.0,843.85,843.85,843.85,0.644,2026-01-28 09:13:02,495
FORTIS,2026-02-24,920.0,7.1,9300.0,0.0,89.0,30225.0,0.0,843.85,843.85,843.85,0.644,2026-01-28 09:13:02,771
FORTIS,2026-02-24,930.0,40.45,1550.0,0.0,76.0,3100.0,0.0,843.85,843.85,843.85,0.644,2026-01-28 09:13:02,813
FORTIS,2026-02-24,940.0,35.0,1550.0,0.0,0.0,0.0,0.0,843.85,843.85,843.85,0.644,2026-01-28 09:13:02,1106
FORTIS,2026-02-24,950.0,3.7,6200.0,0.0,106.65,46500.0,0.0,843.85,843.85,843.85,0.644,2026-01-28 09:13:02,1423
FORTIS,2026-02-24,960.0,3.15,26350.0,0.0,116.15,775.0,0.0,843.85,843.85,843.85,0.644,2026-01-28 09:13:02,1294
FORTIS,2026-02-24,970.0,6.8,2325.0,0.0,124.15,11625.0,0.0,843.85,843.85,843.85,0.644,2026-01-28 09:13:02,1684
FORTIS,2026-02-24,980.0,2.0,2325.0,0.0,69.0,3875.0,0.0,843.85,843.85,843.85,0.644,2026-01-28 09:13:02,1947
FORTIS,2026-02-24,990.0,0.0,0.0,0.0,143.5,775.0,0.0,843.85,843.85,843.85,0.644,2026-01-28 09:13:02,2332
FORTIS,2026-02-24,1000.0,1.5,83700.0,0.0,160.0,75175.0,0.0,843.85,843.85,843.85,0.644,2026-01-28 09:13:02,2733
FORTIS,2026-02-24,1010.0,0.0,0.0,0.0,0.0,0.0,0.0,843.85,843.85,843.85,0.644,2026-01-28 09:13:02,2114
FORTIS,2026-02-24,1020.0,11.95,775.0,0.0,149.35,0.0,0.0,843.85,843.85,843.85,0.644,2026-01-28 09:13:02,2686
FORTIS,2026-02-24,1030.0,0.0,0.0,0.0,0.0,0.0,0.0,843.85,843.85,843.85,0.644,2026-01-28 09:13:02,3258
FORTIS,2026-02-24,1040.0,0.0,0.0,0.0,104.0,2325.0,0.0,843.85,843.85,843.85,0.644,2026-01-28 09:13:02,3830
FORTIS,2026-02-24,1060.0,1.3,775.0,0.0,215.0,3875.0,0.0,843.85,843.85,843.85,0.644,2026-01-28 09:13:02,4955
FORTIS,2026-02-24,1080.0,0.0,0.0,0.0,0.0,0.0,0.0,843.85,843.85,843.85,0.644,2026-01-28 09:13:02,6029
GAIL,2026-02-24,136.0,0.0,0.0,0.0,0.46,236250.0,0.0,161.1,161.1,161.1,0.7,2026-01-28 09:13:02,69762
GAIL,2026-02-24,138.0,0.0,0.0,0.0,0.41,63000.0,0.0,161.1,161.1,161.1,0.7,2026-01-28 09:13:02,65369
GAIL,2026-02-24,140.0,21.0,3150.0,0.0,0.69,359100.0,0.0,161.1,161.1,161.1,0.7,2026-01-28 09:13:02,60998
GAIL,2026-02-24,142.0,0.0,0.0,0.0,0.53,6300.0,0.0,161.1,161.1,161.1,0.7,2026-01-28 09:13:02,56683
GAIL,2026-02-24,144.0,0.0,0.0,0.0,0.79,12600.0,0.0,161.1,161.1,161.1,0.7,2026-01-28 09:13:02,52387
GAIL,2026-02-24,145.0,0.0,0.0,0.0,1.11,551250.0,0.0,161.1,161.1,161.1,0.7,2026-01-28 09:13:02,50240
GAIL,2026-02-24,146.0,0.0,0.0,0.0,1.23,72450.0,0.0,161.1,161.1,161.1,0.7,2026-01-28 09:13:02,48087
GAIL,2026-02-24,148.0,0.0,0.0,0.0,1.43,40950.0,0.0,161.1,161.1,161.1,0.7,2026-01-28 09:13:02,43910
GAIL,2026-02-24,149.0,0.0,0.0,0.0,1.55,100800.0,0.0,161.1,161.1,161.1,0.7,2026-01-28 09:13:02,41825
GAIL,2026-02-24,150.0,13.0,116550.0,0.0,1.79,1748250.0,0.0,161.1,161.1,161.1,0.7,2026-01-28 09:13:02,39739
GAIL,2026-02-24,151.0,0.0,0.0,0.0,1.25,9450.0,0.0,161.1,161.1,161.1,0.7,2026-01-28 09:13:02,37694
GAIL,2026-02-24,152.0,10.7,18900.0,0.0,2.23,37800.0,0.0,161.1,161.1,161.1,0.7,2026-01-28 09:13:02,35811
GAIL,2026-02-24,153.0,0.0,0.0,0.0,1.5,37800.0,0.0,161.1,161.1,161.1,0.7,2026-01-28 09:13:02,33946
GAIL,2026-02-24,154.0,12.7,0.0,0.0,3.06,12600.0,0.0,161.1,161.1,161.1,0.7,2026-01-28 09:13:02,32067
GAIL,2026-02-24,155.0,9.32,126000.0,0.0,2.97,1036350.0,0.0,161.1,161.1,161.1,0.7,2026-01-28 09:13:02,30191
GAIL,2026-02-24,156.0,7.72,66150.0,0.0,3.96,40950.0,0.0,161.1,161.1,161.1,0.7,2026-01-28 09:13:02,28246
GAIL,2026-02-24,157.0,7.94,18900.0,0.0,3.57,91350.0,0.0,161.1,161.1,161.1,0.7,2026-01-28 09:13:02,26536
GAIL,2026-02-24,158.0,0.0,0.0,0.0,3.94,88200.0,0.0,161.1,161.1,161.1,0.7,2026-01-28 09:13:02,24784
GAIL,2026-02-24,159.0,6.7,15750.0,0.0,4.32,179550.0,0.0,161.1,161.1,161.1,0.7,2026-01-28 09:13:02,23025
GAIL,2026-02-24,160.0,6.04,2494800.0,0.0,4.78,4117050.0,0.0,161.1,161.1,161.1,0.7,2026-01-28 09:13:02,21252
GAIL,2026-02-24,161.0,5.52,387450.0,0.0,5.18,633150.0,0.0,161.1,161.1,161.1,0.7,2026-01-28 09:13:02,19747
GAIL,2026-02-24,162.0,5.04,526050.0,0.0,5.61,743400.0,0.0,161.1,161.1,161.1,0.7,2026-01-28 09:13:02,18691
GAIL,2026-02-24,163.0,4.6,302400.0,0.0,6.63,384300.0,0.0,161.1,161.1,161.1,0.7,2026-01-28 09:13:02,17723
GAIL,2026-02-24,164.0,4.09,160650.0,0.0,6.9,135450.0,0.0,161.1,161.1,161.1,0.7,2026-01-28 09:13:02,16861
GAIL,2026-02-24,165.0,3.67,2315250.0,0.0,7.33,2056950.0,0.0,161.1,161.1,161.1,0.7,2026-01-28 09:13:02,16117
GAIL,2026-02-24,166.0,3.31,113400.0,0.0,6.25,37800.0,0.0,161.1,161.1,161.1,0.7,2026-01-28 09:13:02,15179
GAIL,2026-02-24,167.0,2.91,141750.0,0.0,8.67,107100.0,0.0,161.1,161.1,161.1,0.7,2026-01-28 09:13:02,14928
GAIL,2026-02-24,168.0,2.63,97650.0,0.0,9.18,40950.0,0.0,161.1,161.1,161.1,0.7,2026-01-28 09:13:02,14637
GAIL,2026-02-24,169.0,2.34,126000.0,0.0,10.65,6300.0,0.0,161.1,161.1,161.1,0.7,2026-01-28 09:13:02,14399
GAIL,2026-02-24,170.0,2.08,3600450.0,0.0,10.49,2173500.0,0.0,161.1,161.1,161.1,0.7,2026-01-28 09:13:02,14209
GAIL,2026-02-24,171.0,1.84,132300.0,0.0,0.0,0.0,0.0,161.1,161.1,161.1,0.7,2026-01-28 09:13:02,13043
GAIL,2026-02-24,172.0,1.6,6300.0,0.0,13.25,15750.0,0.0,161.1,161.1,161.1,0.7,2026-01-28 09:13:02,13445
GAIL,2026-02-24,173.0,0.0,0.0,0.0,13.7,9450.0,0.0,161.1,161.1,161.1,0.7,2026-01-28 09:13:02,13805
GAIL,2026-02-24,174.0,1.24,97650.0,0.0,14.0,3150.0,0.0,161.1,161.1,161.1,0.7,2026-01-28 09:13:02,14174
GAIL,2026-02-24,175.0,1.11,1502550.0,0.0,14.61,1111950.0,0.0,161.1,161.1,161.1,0.7,2026-01-28 09:13:02,14573
GAIL,2026-02-24,176.0,0.0,0.0,0.0,0.0,0.0,0.0,161.1,161.1,161.1,0.7,2026-01-28 09:13:02,13767
GAIL,2026-02-24,177.0,0.88,56700.0,0.0,13.75,6300.0,0.0,161.1,161.1,161.1,0.7,2026-01-28 09:13:02,14420
GAIL,2026-02-24,178.0,0.76,37800.0,0.0,13.0,3150.0,0.0,161.1,161.1,161.1,0.7,2026-01-28 09:13:02,15075
GAIL,2026-02-24,179.0,4.29,3150.0,0.0,0.0,0.0,0.0,161.1,161.1,161.1,0.7,2026-01-28 09:13:02,15737
GAIL,2026-02-24,180.0,0.59,2097900.0,0.0,18.99,1244250.0,0.0,161.1,161.1,161.1,0.7,2026-01-28 09:13:02,16402
GAIL,2026-02-24,181.0,0.0,0.0,0.0,0.0,0.0,0.0,161.1,161.1,161.1,0.7,2026-01-28 09:13:02,15161
GAIL,2026-02-24,182.0,1.52,3150.0,0.0,19.25,6300.0,0.0,161.1,161.1,161.1,0.7,2026-01-28 09:13:02,16158
GAIL,2026-02-24,183.0,0.0,0.0,0.0,23.05,3150.0,0.0,161.1,161.1,161.1,0.7,2026-01-28 09:13:02,17145
GAIL,2026-02-24,184.0,0.7,9450.0,0.0,0.0,0.0,0.0,161.1,161.1,161.1,0.7,2026-01-28 09:13:02,18137
GAIL,2026-02-24,185.0,0.31,418950.0,0.0,23.75,113400.0,0.0,161.1,161.1,161.1,0.7,2026-01-28 09:13:02,19137
GAIL,2026-02-24,186.0,0.98,6300.0,0.0,0.0,0.0,0.0,161.1,161.1,161.1,0.7,2026-01-28 09:13:02,19934
GAIL,2026-02-24,187.0,0.0,0.0,0.0,0.0,0.0,0.0,161.1,161.1,161.1,0.7,2026-01-28 09:13:02,20988
GAIL,2026-02-24,188.0,0.0,0.0,0.0,26.8,3150.0,0.0,161.1,161.1,161.1,0.7,2026-01-28 09:13:02,22042
GAIL,2026-02-24,190.0,0.16,349650.0,0.0,28.7,359100.0,0.0,161.1,161.1,161.1,0.7,2026-01-28 09:13:02,24141
GAIL,2026-02-24,192.0,0.0,0.0,0.0,26.0,18900.0,0.0,161.1,161.1,161.1,0.7,2026-01-28 09:13:02,25366
GAIL,2026-02-24,194.0,0.15,3150.0,0.0,32.5,25200.0,0.0,161.1,161.1,161.1,0.7,2026-01-28 09:13:02,27571
GAIL,2026-02-24,195.0,0.04,75600.0,0.0,0.0,0.0,0.0,161.1,161.1,161.1,0.7,2026-01-28 09:13:02,28618
GAIL,2026-02-24,196.0,0.78,6300.0,0.0,0.0,0.0,0.0,161.1,161.1,161.1,0.7,2026-01-28 09:13:02,29756
GAIL,2026-02-24,198.0,0.0,0.0,0.0,0.0,0.0,0.0,161.1,161.1,161.1,0.7,2026-01-28 09:13:02,32032
GAIL,2026-02-24,200.0,0.04,2412900.0,0.0,38.29,3524850.0,0.0,161.1,161.1,161.1,0.7,2026-01-28 09:13:02,34307
GAIL,2026-02-24,205.0,0.07,18900.0,0.0,0.0,0.0,0.0,161.1,161.1,161.1,0.7,2026-01-28 09:13:02,29478
GAIL,2026-02-24,210.0,0.02,63000.0,0.0,48.04,535500.0,0.0,161.1,161.1,161.1,0.7,2026-01-28 09:13:02,38145
GAIL,2026-02-24,220.0,0.02,18900.0,0.0,0.0,0.0,0.0,161.1,161.1,161.1,0.7,2026-01-28 09:13:02,53506
GLENMARK,2026-02-24,1640.0,0.0,0.0,0.0,0.0,0.0,0.0,2011.5,2011.5,2011.5,0.59,2026-01-28 09:13:02,20286
GLENMARK,2026-02-24,1680.0,318.5,1875.0,0.0,8.0,1125.0,0.0,2011.5,2011.5,2011.5,0.59,2026-01-28 09:13:02,17127
GLENMARK,2026-02-24,1720.0,0.0,0.0,0.0,7.0,7125.0,0.0,2011.5,2011.5,2011.5,0.59,2026-01-28 09:13:02,14039
GLENMARK,2026-02-24,1740.0,0.0,0.0,0.0,9.0,375.0,0.0,2011.5,2011.5,2011.5,0.59,2026-01-28 09:13:02,12474
GLENMARK,2026-02-24,1760.0,0.0,0.0,0.0,0.0,0.0,0.0,2011.5,2011.5,2011.5,0.59,2026-01-28 09:13:02,10916
GLENMARK,2026-02-24,1780.0,206.0,3000.0,0.0,11.9,12750.0,0.0,2011.5,2011.5,2011.5,0.59,2026-01-28 09:13:02,9357
GLENMARK,2026-02-24,1800.0,200.0,4500.0,0.0,13.8,72000.0,0.0,2011.5,2011.5,2011.5,0.59,2026-01-28 09:13:02,7877
GLENMARK,2026-02-24,1820.0,0.0,0.0,0.0,0.0,0.0,0.0,2011.5,2011.5,2011.5,0.59,2026-01-28 09:13:02,6493
GLENMARK,2026-02-24,1840.0,0.0,0.0,0.0,0.0,0.0,0.0,2011.5,2011.5,2011.5,0.59,2026-01-28 09:13:02,5119
GLENMARK,2026-02-24,1860.0,170.0,2250.0,0.0,23.2,11625.0,0.0,2011.5,2011.5,2011.5,0.59,2026-01-28 09:13:02,3745
GLENMARK,2026-02-24,1880.0,141.0,375.0,0.0,26.9,19125.0,0.0,2011.5,2011.5,2011.5,0.59,2026-01-28 09:13:02,2410
GLENMARK,2026-02-24,1900.0,150.0,5250.0,0.0,32.65,140625.0,0.0,2011.5,2011.5,2011.5,0.59,2026-01-28 09:13:02,1057
GLENMARK,2026-02-24,1920.0,118.0,9750.0,0.0,38.55,21000.0,0.0,2011.5,2011.5,2011.5,0.59,2026-01-28 09:13:02,-338
GLENMARK,2026-02-24,1940.0,101.0,18750.0,0.0,44.0,30000.0,0.0,2011.5,2011.5,2011.5,0.59,2026-01-28 09:13:02,-1258
GLENMARK,2026-02-24,1960.0,103.25,31875.0,0.0,51.35,7875.0,0.0,2011.5,2011.5,2011.5,0.59,2026-01-28 09:13:02,-2057
GLENMARK,2026-02-24,1980.0,91.85,28875.0,0.0,59.1,94500.0,0.0,2011.5,2011.5,2011.5,0.59,2026-01-28 09:13:02,-2545
GLENMARK,2026-02-24,2000.0,81.3,301500.0,0.0,68.1,142875.0,0.0,2011.5,2011.5,2011.5,0.59,2026-01-28 09:13:02,-3369
GLENMARK,2026-02-24,2020.0,70.9,27375.0,0.0,85.35,16875.0,0.0,2011.5,2011.5,2011.5,0.59,2026-01-28 09:13:02,-1532
GLENMARK,2026-02-24,2040.0,62.5,78750.0,0.0,97.2,8250.0,0.0,2011.5,2011.5,2011.5,0.59,2026-01-28 09:13:02,-1035
GLENMARK,2026-02-24,2060.0,54.9,44250.0,0.0,101.9,109500.0,0.0,2011.5,2011.5,2011.5,0.59,2026-01-28 09:13:02,-2
GLENMARK,2026-02-24,2080.0,46.55,119250.0,0.0,131.15,1500.0,0.0,2011.5,2011.5,2011.5,0.59,2026-01-28 09:13:02,53
GLENMARK,2026-02-24,2100.0,40.3,255375.0,0.0,127.2,33000.0,0.0,2011.5,2011.5,2011.5,0.59,2026-01-28 09:13:02,1758
GLENMARK,2026-02-24,2120.0,34.85,4125.0,0.0,143.5,5250.0,0.0,2011.5,2011.5,2011.5,0.59,2026-01-28 09:13:02,4114
GLENMARK,2026-02-24,2140.0,0.0,0.0,0.0,168.0,3750.0,0.0,2011.5,2011.5,2011.5,0.59,2026-01-28 09:13:02,5819
GLENMARK,2026-02-24,2160.0,40.0,1125.0,0.0,195.0,1500.0,0.0,2011.5,2011.5,2011.5,0.59,2026-01-28 09:13:02,7529
GLENMARK,2026-02-24,2180.0,47.0,375.0,0.0,0.0,0.0,0.0,2011.5,2011.5,2011.5,0.59,2026-01-28 09:13:02,9282
GLENMARK,2026-02-24,2200.0,18.65,76875.0,0.0,215.0,7500.0,0.0,2011.5,2011.5,2011.5,0.59,2026-01-28 09:13:02,11063
GLENMARK,2026-02-24,2220.0,11.6,375.0,0.0,235.0,1125.0,0.0,2011.5,2011.5,2011.5,0.59,2026-01-28 09:13:02,12993
GLENMARK,2026-02-24,2240.0,11.45,1500.0,0.0,266.5,2250.0,0.0,2011.5,2011.5,2011.5,0.59,2026-01-28 09:13:02,14918
GLENMARK,2026-02-24,2260.0,48.6,750.0,0.0,0.0,0.0,0.0,2011.5,2011.5,2011.5,0.59,2026-01-28 09:13:02,16818
GLENMARK,2026-02-24,2280.0,10.15,9750.0,0.0,0.0,0.0,0.0,2011.5,2011.5,2011.5,0.59,2026-01-28 09:13:02,18781
GLENMARK,2026-02-24,2300.0,7.0,375.0,0.0,310.0,38250.0,0.0,2011.5,2011.5,2011.5,0.59,2026-01-28 09:13:02,20770
GLENMARK,2026-02-24,2320.0,7.1,21375.0,0.0,0.0,0.0,0.0,2011.5,2011.5,2011.5,0.59,2026-01-28 09:13:02,21641
GLENMARK,2026-02-24,2360.0,3.55,375.0,0.0,0.0,0.0,0.0,2011.5,2011.5,2011.5,0.59,2026-01-28 09:13:02,25855
GLENMARK,2026-02-24,2400.0,4.0,2250.0,0.0,0.0,0.0,0.0,2011.5,2011.5,2011.5,0.59,2026-01-28 09:13:02,30055
GMRAIRPORT,2026-02-24,76.0,0.0,0.0,0.0,0.0,0.0,0.0,93.1,93.1,93.1,0.497,2026-01-28 09:13:02,68460
GMRAIRPORT,2026-02-24,78.0,0.0,0.0,0.0,0.0,0.0,0.0,93.1,93.1,93.1,0.497,2026-01-28 09:13:02,60694
GMRAIRPORT,2026-02-24,80.0,0.0,0.0,0.0,0.46,850950.0,0.0,93.1,93.1,93.1,0.497,2026-01-28 09:13:02,52928
GMRAIRPORT,2026-02-24,81.0,0.0,0.0,0.0,0.0,0.0,0.0,93.1,93.1,93.1,0.497,2026-01-28 09:13:02,49091
GMRAIRPORT,2026-02-24,82.0,0.0,0.0,0.0,0.6,62775.0,0.0,93.1,93.1,93.1,0.497,2026-01-28 09:13:02,45293
GMRAIRPORT,2026-02-24,83.0,8.35,6975.0,0.0,0.71,279000.0,0.0,93.1,93.1,93.1,0.497,2026-01-28 09:13:02,41497
GMRAIRPORT,2026-02-24,84.0,0.0,0.0,0.0,0.85,139500.0,0.0,93.1,93.1,93.1,0.497,2026-01-28 09:13:02,37721
GMRAIRPORT,2026-02-24,85.0,7.69,48825.0,0.0,1.02,620775.0,0.0,93.1,93.1,93.1,0.497,2026-01-28 09:13:02,33960
GMRAIRPORT,2026-02-24,86.0,0.0,0.0,0.0,1.19,216225.0,0.0,93.1,93.1,93.1,0.497,2026-01-28 09:13:02,30252
GMRAIRPORT,2026-02-24,87.0,0.0,0.0,0.0,1.43,48825.0,0.0,93.1,93.1,93.1,0.497,2026-01-28 09:13:02,26565
GMRAIRPORT,2026-02-24,88.0,7.0,474300.0,0.0,1.66,1541475.0,0.0,93.1,93.1,93.1,0.497,2026-01-28 09:13:02,22903
GMRAIRPORT,2026-02-24,89.0,0.0,0.0,0.0,1.94,418500.0,0.0,93.1,93.1,93.1,0.497,2026-01-28 09:13:02,19525
GMRAIRPORT,2026-02-24,90.0,5.45,1415925.0,0.0,2.22,3250350.0,0.0,93.1,93.1,93.1,0.497,2026-01-28 09:13:02,16032
GMRAIRPORT,2026-02-24,91.0,4.8,327825.0,0.0,2.62,809100.0,0.0,93.1,93.1,93.1,0.497,2026-01-28 09:13:02,13136
GMRAIRPORT,2026-02-24,92.0,4.36,1157850.0,0.0,2.96,2106450.0,0.0,93.1,93.1,93.1,0.497,2026-01-28 09:13:02,10250
GMRAIRPORT,2026-02-24,93.0,3.75,941625.0,0.0,3.41,690525.0,0.0,93.1,93.1,93.1,0.497,2026-01-28 09:13:02,7626
GMRAIRPORT,2026-02-24,94.0,3.2,885825.0,0.0,3.85,697500.0,0.0,93.1,93.1,93.1,0.497,2026-01-28 09:13:02,5401
GMRAIRPORT,2026-02-24,95.0,2.8,4457025.0,0.0,4.46,2859750.0,0.0,93.1,93.1,93.1,0.497,2026-01-28 09:13:02,3232
GMRAIRPORT,2026-02-24,96.0,2.45,676575.0,0.0,6.95,1395000.0,0.0,93.1,93.1,93.1,0.497,2026-01-28 09:13:02,1752
GMRAIRPORT,2026-02-24,97.0,2.05,3473550.0,0.0,5.59,6110100.0,0.0,93.1,93.1,93.1,0.497,2026-01-28 09:13:02,-295
GMRAIRPORT,2026-02-24,98.0,1.73,5719500.0,0.0,6.24,8690850.0,0.0,93.1,93.1,93.1,0.497,2026-01-28 09:13:02,-3285
GMRAIRPORT,2026-02-24,99.0,1.52,850950.0,0.0,9.14,2776050.0,0.0,93.1,93.1,93.1,0.497,2026-01-28 09:13:02,-6565
GMRAIRPORT,2026-02-24,100.0,1.34,9283725.0,0.0,7.66,3138750.0,0.0,93.1,93.1,93.1,0.497,2026-01-28 09:13:02,-7456
GMRAIRPORT,2026-02-24,101.0,1.09,313875.0,0.0,3.65,6975.0,0.0,93.1,93.1,93.1,0.497,2026-01-28 09:13:02,-5857
GMRAIRPORT,2026-02-24,102.0,0.92,1708875.0,0.0,9.04,132525.0,0.0,93.1,93.1,93.1,0.497,2026-01-28 09:13:02,-3034
GMRAIRPORT,2026-02-24,103.0,0.77,139500.0,0.0,10.16,90675.0,0.0,93.1,93.1,93.1,0.497,2026-01-28 09:13:02,-21
GMRAIRPORT,2026-02-24,104.0,0.64,1129950.0,0.0,13.75,55800.0,0.0,93.1,93.1,93.1,0.497,2026-01-28 09:13:02,2896
GMRAIRPORT,2026-02-24,105.0,0.55,3975750.0,0.0,12.07,1206675.0,0.0,93.1,93.1,93.1,0.497,2026-01-28 09:13:02,6008
GMRAIRPORT,2026-02-24,106.0,0.39,34875.0,0.0,14.6,6975.0,0.0,93.1,93.1,93.1,0.497,2026-01-28 09:13:02,8406
GMRAIRPORT,2026-02-24,107.0,0.41,355725.0,0.0,9.65,48825.0,0.0,93.1,93.1,93.1,0.497,2026-01-28 09:13:02,12037
GMRAIRPORT,2026-02-24,108.0,0.33,34875.0,0.0,14.55,34875.0,0.0,93.1,93.1,93.1,0.497,2026-01-28 09:13:02,15684
GMRAIRPORT,2026-02-24,109.0,0.24,13950.0,0.0,17.75,6975.0,0.0,93.1,93.1,93.1,0.497,2026-01-28 09:13:02,19321
GMRAIRPORT,2026-02-24,110.0,0.27,5824125.0,0.0,18.34,411525.0,0.0,93.1,93.1,93.1,0.497,2026-01-28 09:13:02,22999
GMRAIRPORT,2026-02-24,111.0,0.0,0.0,0.0,0.0,0.0,0.0,93.1,93.1,93.1,0.497,2026-01-28 09:13:02,26714
GMRAIRPORT,2026-02-24,112.0,0.21,139500.0,0.0,0.0,0.0,0.0,93.1,93.1,93.1,0.497,2026-01-28 09:13:02,31026
GMRAIRPORT,2026-02-24,113.0,0.0,0.0,0.0,0.0,0.0,0.0,93.1,93.1,93.1,0.497,2026-01-28 09:13:02,35356
GMRAIRPORT,2026-02-24,114.0,0.0,0.0,0.0,0.0,0.0,0.0,93.1,93.1,93.1,0.497,2026-01-28 09:13:02,39682
GMRAIRPORT,2026-02-24,115.0,0.2,27900.0,0.0,0.0,0.0,0.0,93.1,93.1,93.1,0.497,2026-01-28 09:13:02,44009
GMRAIRPORT,2026-02-24,116.0,0.19,0.0,0.0,0.0,0.0,0.0,93.1,93.1,93.1,0.497,2026-01-28 09:13:02,48339
GMRAIRPORT,2026-02-24,117.0,0.63,48825.0,0.0,0.0,0.0,0.0,93.1,93.1,93.1,0.497,2026-01-28 09:13:02,52668
GMRAIRPORT,2026-02-24,118.0,0.54,132525.0,0.0,0.0,0.0,0.0,93.1,93.1,93.1,0.497,2026-01-28 09:13:02,57006
GMRAIRPORT,2026-02-24,120.0,0.08,871875.0,0.0,29.25,125550.0,0.0,93.1,93.1,93.1,0.497,2026-01-28 09:13:02,65708
GMRAIRPORT,2026-02-24,122.0,0.71,20925.0,0.0,0.0,0.0,0.0,93.1,93.1,93.1,0.497,2026-01-28 09:13:02,74242
GODREJCP,2026-02-24,1000.0,0.0,0.0,0.0,2.15,7000.0,0.0,1174.0,1174.0,1174.0,0.009,2026-01-28 09:13:02,10535
GODREJCP,2026-02-24,1010.0,0.0,0.0,0.0,0.0,0.0,0.0,1174.0,1174.0,1174.0,0.009,2026-01-28 09:13:02,9794
GODREJCP,2026-02-24,1020.0,0.0,0.0,0.0,0.0,0.0,0.0,1174.0,1174.0,1174.0,0.009,2026-01-28 09:13:02,9054
GODREJCP,2026-02-24,1030.0,0.0,0.0,0.0,0.0,0.0,0.0,1174.0,1174.0,1174.0,0.009,2026-01-28 09:13:02,8315
GODREJCP,2026-02-24,1040.0,0.0,0.0,0.0,3.35,40500.0,0.0,1174.0,1174.0,1174.0,0.009,2026-01-28 09:13:02,7575
GODREJCP,2026-02-24,1050.0,0.0,0.0,0.0,0.0,0.0,0.0,1174.0,1174.0,1174.0,0.009,2026-01-28 09:13:02,6863
GODREJCP,2026-02-24,1060.0,0.0,0.0,0.0,7.15,7000.0,0.0,1174.0,1174.0,1174.0,0.009,2026-01-28 09:13:02,6164
GODREJCP,2026-02-24,1070.0,0.0,0.0,0.0,0.0,0.0,0.0,1174.0,1174.0,1174.0,0.009,2026-01-28 09:13:02,5467
GODREJCP,2026-02-24,1080.0,0.0,0.0,0.0,8.3,21000.0,0.0,1174.0,1174.0,1174.0,0.009,2026-01-28 09:13:02,4775
GODREJCP,2026-02-24,1090.0,0.0,0.0,0.0,8.0,2000.0,0.0,1174.0,1174.0,1174.0,0.009,2026-01-28 09:13:02,4086
GODREJCP,2026-02-24,1100.0,82.0,1000.0,0.0,12.05,113000.0,0.0,1174.0,1174.0,1174.0,0.009,2026-01-28 09:13:02,3416
GODREJCP,2026-02-24,1110.0,0.0,0.0,0.0,14.15,18000.0,0.0,1174.0,1174.0,1174.0,0.009,2026-01-28 09:13:02,2733
GODREJCP,2026-02-24,1120.0,0.0,0.0,0.0,17.95,17000.0,0.0,1174.0,1174.0,1174.0,0.009,2026-01-28 09:13:02,2170
GODREJCP,2026-02-24,1130.0,122.0,1000.0,0.0,8.0,3500.0,0.0,1174.0,1174.0,1174.0,0.009,2026-01-28 09:13:02,1620
GODREJCP,2026-02-24,1140.0,113.0,500.0,0.0,22.95,8500.0,0.0,1174.0,1174.0,1174.0,0.009,2026-01-28 09:13:02,1114
GODREJCP,2026-02-24,1150.0,0.0,0.0,0.0,26.4,61000.0,0.0,1174.0,1174.0,1174.0,0.009,2026-01-28 09:13:02,593
GODREJCP,2026-02-24,1160.0,46.1,15000.0,0.0,30.55,87000.0,0.0,1174.0,1174.0,1174.0,0.009,2026-01-28 09:13:02,-12
GODREJCP,2026-02-24,1170.0,39.55,17500.0,0.0,35.0,38000.0,0.0,1174.0,1174.0,1174.0,0.009,2026-01-28 09:13:02,-552
GODREJCP,2026-02-24,1180.0,34.85,44000.0,0.0,40.3,90500.0,0.0,1174.0,1174.0,1174.0,0.009,2026-01-28 09:13:02,-904
GODREJCP,2026-02-24,1190.0,31.6,28500.0,0.0,20.3,1000.0,0.0,1174.0,1174.0,1174.0,0.009,2026-01-28 09:13:02,-1269
GODREJCP,2026-02-24,1200.0,26.5,94500.0,0.0,51.2,109000.0,0.0,1174.0,1174.0,1174.0,0.009,2026-01-28 09:13:02,-1305
GODREJCP,2026-02-24,1210.0,47.0,1500.0,0.0,0.0,0.0,0.0,1174.0,1174.0,1174.0,0.009,2026-01-28 09:13:02,-1533
GODREJCP,2026-02-24,1220.0,19.45,67500.0,0.0,0.0,0.0,0.0,1174.0,1174.0,1174.0,0.009,2026-01-28 09:13:02,-1445
GODREJCP,2026-02-24,1230.0,45.0,1500.0,0.0,70.0,7000.0,0.0,1174.0,1174.0,1174.0,0.009,2026-01-28 09:13:02,-1165
GODREJCP,2026-02-24,1240.0,14.05,135500.0,0.0,75.15,64500.0,0.0,1174.0,1174.0,1174.0,0.009,2026-01-28 09:13:02,-1051
GODREJCP,2026-02-24,1250.0,11.95,106500.0,0.0,88.7,39000.0,0.0,1174.0,1174.0,1174.0,0.009,2026-01-28 09:13:02,-988
GODREJCP,2026-02-24,1260.0,10.05,86500.0,0.0,51.5,1000.0,0.0,1174.0,1174.0,1174.0,0.009,2026-01-28 09:13:02,-704
GODREJCP,2026-02-24,1270.0,8.55,7000.0,0.0,100.0,1500.0,0.0,1174.0,1174.0,1174.0,0.009,2026-01-28 09:13:02,-32
GODREJCP,2026-02-24,1280.0,7.2,52000.0,0.0,0.0,0.0,0.0,1174.0,1174.0,1174.0,0.009,2026-01-28 09:13:02,556
GODREJCP,2026-02-24,1290.0,5.95,1000.0,0.0,0.0,0.0,0.0,1174.0,1174.0,1174.0,0.009,2026-01-28 09:13:02,1244
GODREJCP,2026-02-24,1300.0,5.0,119000.0,0.0,130.0,9500.0,0.0,1174.0,1174.0,1174.0,0.009,2026-01-28 09:13:02,1896
GODREJCP,2026-02-24,1310.0,0.0,0.0,0.0,0.0,0.0,0.0,1174.0,1174.0,1174.0,0.009,2026-01-28 09:13:02,2612
GODREJCP,2026-02-24,1320.0,3.7,62000.0,0.0,0.0,0.0,0.0,1174.0,1174.0,1174.0,0.009,2026-01-28 09:13:02,3392
GODREJCP,2026-02-24,1330.0,0.0,0.0,0.0,0.0,0.0,0.0,1174.0,1174.0,1174.0,0.009,2026-01-28 09:13:02,4257
GODREJCP,2026-02-24,1340.0,2.9,54000.0,0.0,0.0,0.0,0.0,1174.0,1174.0,1174.0,0.009,2026-01-28 09:13:02,5099
GODREJCP,2026-02-24,1350.0,3.7,1000.0,0.0,0.0,0.0,0.0,1174.0,1174.0,1174.0,0.009,2026-01-28 09:13:02,6011
GODREJCP,2026-02-24,1360.0,0.0,0.0,0.0,122.75,0.0,0.0,1174.0,1174.0,1174.0,0.009,2026-01-28 09:13:02,6908
GODREJCP,2026-02-24,1370.0,1.55,42500.0,0.0,0.0,0.0,0.0,1174.0,1174.0,1174.0,0.009,2026-01-28 09:13:02,7805
GODREJCP,2026-02-24,1380.0,5.0,9500.0,0.0,0.0,0.0,0.0,1174.0,1174.0,1174.0,0.009,2026-01-28 09:13:02,8751
GODREJCP,2026-02-24,1400.0,1.55,17500.0,0.0,0.0,0.0,0.0,1174.0,1174.0,1174.0,0.009,2026-01-28 09:13:02,10654
GODREJCP,2026-02-24,1420.0,0.0,0.0,0.0,0.0,0.0,0.0,1174.0,1174.0,1174.0,0.009,2026-01-28 09:13:02,12590
GODREJCP,2026-02-24,1440.0,3.5,9500.0,0.0,0.0,0.0,0.0,1174.0,1174.0,1174.0,0.009,2026-01-28 09:13:02,14523
GODREJPROP,2026-02-24,1200.0,0.0,0.0,0.0,0.0,0.0,0.0,1515.0,1515.0,1515.0,-0.191,2026-01-28 09:13:02,75613
GODREJPROP,2026-02-24,1240.0,0.0,0.0,0.0,9.35,21450.0,0.0,1515.0,1515.0,1515.0,-0.191,2026-01-28 09:13:02,67276
GODREJPROP,2026-02-24,1280.0,0.0,0.0,0.0,13.45,3025.0,0.0,1515.0,1515.0,1515.0,-0.191,2026-01-28 09:13:02,59005
GODREJPROP,2026-02-24,1300.0,210.0,1100.0,0.0,15.0,59125.0,0.0,1515.0,1515.0,1515.0,-0.191,2026-01-28 09:13:02,54881
GODREJPROP,2026-02-24,1320.0,280.8,550.0,0.0,17.05,32175.0,0.0,1515.0,1515.0,1515.0,-0.191,2026-01-28 09:13:02,50816
GODREJPROP,2026-02-24,1340.0,0.0,0.0,0.0,20.75,8525.0,0.0,1515.0,1515.0,1515.0,-0.191,2026-01-28 09:13:02,46843
GODREJPROP,2026-02-24,1360.0,0.0,0.0,0.0,23.8,27500.0,0.0,1515.0,1515.0,1515.0,-0.191,2026-01-28 09:13:02,42909
GODREJPROP,2026-02-24,1380.0,0.0,0.0,0.0,28.05,7975.0,0.0,1515.0,1515.0,1515.0,-0.191,2026-01-28 09:13:02,38982
GODREJPROP,2026-02-24,1400.0,159.45,12375.0,0.0,33.4,153450.0,0.0,1515.0,1515.0,1515.0,-0.191,2026-01-28 09:13:02,35114
GODREJPROP,2026-02-24,1420.0,125.25,1375.0,0.0,38.85,36850.0,0.0,1515.0,1515.0,1515.0,-0.191,2026-01-28 09:13:02,31285
GODREJPROP,2026-02-24,1440.0,128.65,1925.0,0.0,44.15,39050.0,0.0,1515.0,1515.0,1515.0,-0.191,2026-01-28 09:13:02,27722
GODREJPROP,2026-02-24,1460.0,123.7,6875.0,0.0,50.9,70950.0,0.0,1515.0,1515.0,1515.0,-0.191,2026-01-28 09:13:02,24218
GODREJPROP,2026-02-24,1480.0,109.75,17875.0,0.0,57.8,65725.0,0.0,1515.0,1515.0,1515.0,-0.191,2026-01-28 09:13:02,20742
GODREJPROP,2026-02-24,1500.0,98.4,286550.0,0.0,67.15,285725.0,0.0,1515.0,1515.0,1515.0,-0.191,2026-01-28 09:13:02,17526
GODREJPROP,2026-02-24,1520.0,87.35,72600.0,0.0,76.3,119900.0,0.0,1515.0,1515.0,1515.0,-0.191,2026-01-28 09:13:02,16539
GODREJPROP,2026-02-24,1540.0,79.05,84975.0,0.0,86.1,69025.0,0.0,1515.0,1515.0,1515.0,-0.191,2026-01-28 09:13:02,14755
GODREJPROP,2026-02-24,1560.0,69.05,87450.0,0.0,96.2,94875.0,0.0,1515.0,1515.0,1515.0,-0.191,2026-01-28 09:13:02,13637
GODREJPROP,2026-02-24,1580.0,60.65,58300.0,0.0,108.9,46475.0,0.0,1515.0,1515.0,1515.0,-0.191,2026-01-28 09:13:02,12498
GODREJPROP,2026-02-24,1600.0,53.85,471625.0,0.0,121.5,137225.0,0.0,1515.0,1515.0,1515.0,-0.191,2026-01-28 09:13:02,11725
GODREJPROP,2026-02-24,1620.0,47.45,73700.0,0.0,158.5,28325.0,0.0,1515.0,1515.0,1515.0,-0.191,2026-01-28 09:13:02,13194
GODREJPROP,2026-02-24,1640.0,41.25,81950.0,0.0,143.8,77550.0,0.0,1515.0,1515.0,1515.0,-0.191,2026-01-28 09:13:02,13895
GODREJPROP,2026-02-24,1660.0,35.7,88825.0,0.0,183.0,38225.0,0.0,1515.0,1515.0,1515.0,-0.191,2026-01-28 09:13:02,14238
GODREJPROP,2026-02-24,1680.0,30.7,59675.0,0.0,199.45,16225.0,0.0,1515.0,1515.0,1515.0,-0.191,2026-01-28 09:13:02,15229
GODREJPROP,2026-02-24,1700.0,27.15,539000.0,0.0,192.75,122100.0,0.0,1515.0,1515.0,1515.0,-0.191,2026-01-28 09:13:02,16615
GODREJPROP,2026-02-24,1720.0,23.75,41250.0,0.0,237.0,7425.0,0.0,1515.0,1515.0,1515.0,-0.191,2026-01-28 09:13:02,18573
GODREJPROP,2026-02-24,1740.0,20.4,51425.0,0.0,225.0,4675.0,0.0,1515.0,1515.0,1515.0,-0.191,2026-01-28 09:13:02,21440
GODREJPROP,2026-02-24,1760.0,18.15,36850.0,0.0,258.0,7150.0,0.0,1515.0,1515.0,1515.0,-0.191,2026-01-28 09:13:02,24497
GODREJPROP,2026-02-24,1780.0,15.85,49500.0,0.0,285.0,14575.0,0.0,1515.0,1515.0,1515.0,-0.191,2026-01-28 09:13:02,27525
GODREJPROP,2026-02-24,1800.0,13.75,591250.0,0.0,281.85,153725.0,0.0,1515.0,1515.0,1515.0,-0.191,2026-01-28 09:13:02,30461
GODREJPROP,2026-02-24,1820.0,11.9,34100.0,0.0,295.5,15675.0,0.0,1515.0,1515.0,1515.0,-0.191,2026-01-28 09:13:02,31705
GODREJPROP,2026-02-24,1840.0,10.05,27775.0,0.0,350.0,5225.0,0.0,1515.0,1515.0,1515.0,-0.191,2026-01-28 09:13:02,36146
GODREJPROP,2026-02-24,1860.0,9.3,36300.0,0.0,360.5,9625.0,0.0,1515.0,1515.0,1515.0,-0.191,2026-01-28 09:13:02,40920
GODREJPROP,2026-02-24,1880.0,8.05,15950.0,0.0,328.45,7425.0,0.0,1515.0,1515.0,1515.0,-0.191,2026-01-28 09:13:02,45628
GODREJPROP,2026-02-24,1900.0,7.45,184525.0,0.0,369.0,85250.0,0.0,1515.0,1515.0,1515.0,-0.191,2026-01-28 09:13:02,50464
GODREJPROP,2026-02-24,1920.0,5.55,16775.0,0.0,91.25,2475.0,0.0,1515.0,1515.0,1515.0,-0.191,2026-01-28 09:13:02,53063
GODREJPROP,2026-02-24,1940.0,4.8,12375.0,0.0,425.0,4400.0,0.0,1515.0,1515.0,1515.0,-0.191,2026-01-28 09:13:02,58696
GODREJPROP,2026-02-24,1960.0,4.6,14300.0,0.0,455.0,4125.0,0.0,1515.0,1515.0,1515.0,-0.191,2026-01-28 09:13:02,64194
GODREJPROP,2026-02-24,1980.0,13.15,5500.0,0.0,475.0,2750.0,0.0,1515.0,1515.0,1515.0,-0.191,2026-01-28 09:13:02,69729
GODREJPROP,2026-02-24,2000.0,3.9,308275.0,0.0,469.0,71500.0,0.0,1515.0,1515.0,1515.0,-0.191,2026-01-28 09:13:02,75338
GODREJPROP,2026-02-24,2020.0,14.05,4950.0,0.0,490.0,2200.0,0.0,1515.0,1515.0,1515.0,-0.191,2026-01-28 09:13:02,78597
GODREJPROP,2026-02-24,2040.0,10.15,1375.0,0.0,420.0,550.0,0.0,1515.0,1515.0,1515.0,-0.191,2026-01-28 09:13:02,85003
GODREJPROP,2026-02-24,2060.0,35.85,275.0,0.0,530.0,3025.0,0.0,1515.0,1515.0,1515.0,-0.191,2026-01-28 09:13:02,91492
GODREJPROP,2026-02-24,2080.0,3.05,7150.0,0.0,576.5,12925.0,0.0,1515.0,1515.0,1515.0,-0.191,2026-01-28 09:13:02,97849
GODREJPROP,2026-02-24,2100.0,2.75,65175.0,0.0,595.0,15675.0,0.0,1515.0,1515.0,1515.0,-0.191,2026-01-28 09:13:02,103663
GODREJPROP,2026-02-24,2120.0,0.0,0.0,0.0,599.0,275.0,0.0,1515.0,1515.0,1515.0,-0.191,2026-01-28 09:13:02,109467
GODREJPROP,2026-02-24,2140.0,2.0,550.0,0.0,584.0,1650.0,0.0,1515.0,1515.0,1515.0,-0.191,2026-01-28 09:13:02,116170
GODREJPROP,2026-02-24,2160.0,3.7,9900.0,0.0,650.0,5225.0,0.0,1515.0,1515.0,1515.0,-0.191,2026-01-28 09:13:02,122798
GODREJPROP,2026-02-24,2180.0,18.0,275.0,0.0,0.0,0.0,0.0,1515.0,1515.0,1515.0,-0.191,2026-01-28 09:13:02,129216
GODREJPROP,2026-02-24,2200.0,1.2,82225.0,0.0,630.0,47575.0,0.0,1515.0,1515.0,1515.0,-0.191,2026-01-28 09:13:02,135971
GODREJPROP,2026-02-24,2220.0,0.0,0.0,0.0,0.0,0.0,0.0,1515.0,1515.0,1515.0,-0.191,2026-01-28 09:13:02,139998
GODREJPROP,2026-02-24,2240.0,0.0,0.0,0.0,0.0,0.0,0.0,1515.0,1515.0,1515.0,-0.191,2026-01-28 09:13:02,147012
GODREJPROP,2026-02-24,2260.0,1.1,550.0,0.0,0.0,0.0,0.0,1515.0,1515.0,1515.0,-0.191,2026-01-28 09:13:02,154026
GODREJPROP,2026-02-24,2280.0,0.95,1925.0,0.0,170.0,275.0,0.0,1515.0,1515.0,1515.0,-0.191,2026-01-28 09:13:02,161041
GODREJPROP,2026-02-24,2300.0,1.0,16500.0,0.0,773.3,17875.0,0.0,1515.0,1515.0,1515.0,-0.191,2026-01-28 09:13:02,168057
GODREJPROP,2026-02-24,2320.0,1.7,1375.0,0.0,800.0,1650.0,0.0,1515.0,1515.0,1515.0,-0.191,2026-01-28 09:13:02,173764
GODREJPROP,2026-02-24,2340.0,0.55,550.0,0.0,0.0,0.0,0.0,1515.0,1515.0,1515.0,-0.191,2026-01-28 09:13:02,180727
GODREJPROP,2026-02-24,2360.0,0.0,0.0,0.0,832.0,550.0,0.0,1515.0,1515.0,1515.0,-0.191,2026-01-28 09:13:02,187823
GODREJPROP,2026-02-24,2400.0,1.35,7700.0,0.0,888.0,11550.0,0.0,1515.0,1515.0,1515.0,-0.191,2026-01-28 09:13:02,201970
GODREJPROP,2026-02-24,2440.0,0.95,4400.0,0.0,833.45,5775.0,0.0,1515.0,1515.0,1515.0,-0.191,2026-01-28 09:13:02,215216
GRASIM,2026-02-24,2280.0,0.0,0.0,0.0,0.0,0.0,0.0,2870.1,2870.1,2870.1,0.487,2026-01-28 09:13:02,18241
GRASIM,2026-02-24,2320.0,0.0,0.0,0.0,0.0,0.0,0.0,2870.1,2870.1,2870.1,0.487,2026-01-28 09:13:02,16469
GRASIM,2026-02-24,2360.0,0.0,0.0,0.0,0.0,0.0,0.0,2870.1,2870.1,2870.1,0.487,2026-01-28 09:13:02,14697
GRASIM,2026-02-24,2400.0,0.0,0.0,0.0,0.0,0.0,0.0,2870.1,2870.1,2870.1,0.487,2026-01-28 09:13:02,12925
GRASIM,2026-02-24,2440.0,0.0,0.0,0.0,0.0,0.0,0.0,2870.1,2870.1,2870.1,0.487,2026-01-28 09:13:02,11153
GRASIM,2026-02-24,2480.0,0.0,0.0,0.0,0.0,0.0,0.0,2870.1,2870.1,2870.1,0.487,2026-01-28 09:13:02,9381
GRASIM,2026-02-24,2500.0,0.0,0.0,0.0,4.85,8500.0,0.0,2870.1,2870.1,2870.1,0.487,2026-01-28 09:13:02,8495
GRASIM,2026-02-24,2520.0,0.0,0.0,0.0,0.0,0.0,0.0,2870.1,2870.1,2870.1,0.487,2026-01-28 09:13:02,7622
GRASIM,2026-02-24,2540.0,0.0,0.0,0.0,8.0,250.0,0.0,2870.1,2870.1,2870.1,0.487,2026-01-28 09:13:02,6753
GRASIM,2026-02-24,2560.0,0.0,0.0,0.0,8.5,3000.0,0.0,2870.1,2870.1,2870.1,0.487,2026-01-28 09:13:02,5884
GRASIM,2026-02-24,2580.0,0.0,0.0,0.0,0.0,0.0,0.0,2870.1,2870.1,2870.1,0.487,2026-01-28 09:13:02,5019
GRASIM,2026-02-24,2600.0,195.0,250.0,0.0,10.2,90500.0,0.0,2870.1,2870.1,2870.1,0.487,2026-01-28 09:13:02,4157
GRASIM,2026-02-24,2620.0,0.0,0.0,0.0,11.35,4750.0,0.0,2870.1,2870.1,2870.1,0.487,2026-01-28 09:13:02,3388
GRASIM,2026-02-24,2640.0,0.0,0.0,0.0,16.95,500.0,0.0,2870.1,2870.1,2870.1,0.487,2026-01-28 09:13:02,2712
GRASIM,2026-02-24,2660.0,0.0,0.0,0.0,16.75,11500.0,0.0,2870.1,2870.1,2870.1,0.487,2026-01-28 09:13:02,2040
GRASIM,2026-02-24,2680.0,0.0,0.0,0.0,16.7,1500.0,0.0,2870.1,2870.1,2870.1,0.487,2026-01-28 09:13:02,1373
GRASIM,2026-02-24,2700.0,188.9,3250.0,0.0,20.45,75500.0,0.0,2870.1,2870.1,2870.1,0.487,2026-01-28 09:13:02,726
GRASIM,2026-02-24,2720.0,182.0,1500.0,0.0,24.5,2000.0,0.0,2870.1,2870.1,2870.1,0.487,2026-01-28 09:13:02,146
GRASIM,2026-02-24,2740.0,0.0,0.0,0.0,28.45,28750.0,0.0,2870.1,2870.1,2870.1,0.487,2026-01-28 09:13:02,-310
GRASIM,2026-02-24,2760.0,135.0,7500.0,0.0,32.95,9000.0,0.0,2870.1,2870.1,2870.1,0.487,2026-01-28 09:13:02,-815
GRASIM,2026-02-24,2780.0,124.0,8000.0,0.0,38.35,22750.0,0.0,2870.1,2870.1,2870.1,0.487,2026-01-28 09:13:02,-1132
GRASIM,2026-02-24,2800.0,122.35,47000.0,0.0,44.7,77500.0,0.0,2870.1,2870.1,2870.1,0.487,2026-01-28 09:13:02,-1448
GRASIM,2026-02-24,2820.0,107.65,8750.0,0.0,52.45,5000.0,0.0,2870.1,2870.1,2870.1,0.487,2026-01-28 09:13:02,-1299
GRASIM,2026-02-24,2840.0,96.4,33750.0,0.0,59.35,30250.0,0.0,2870.1,2870.1,2870.1,0.487,2026-01-28 09:13:02,-1282
GRASIM,2026-02-24,2860.0,87.35,28250.0,0.0,69.45,9500.0,0.0,2870.1,2870.1,2870.1,0.487,2026-01-28 09:13:02,-1060
GRASIM,2026-02-24,2880.0,75.55,4500.0,0.0,77.55,3250.0,0.0,2870.1,2870.1,2870.1,0.487,2026-01-28 09:13:02,-727
GRASIM,2026-02-24,2900.0,66.1,103000.0,0.0,89.7,36750.0,0.0,2870.1,2870.1,2870.1,0.487,2026-01-28 09:13:02,-551
GRASIM,2026-02-24,2920.0,58.35,4250.0,0.0,0.0,0.0,0.0,2870.1,2870.1,2870.1,0.487,2026-01-28 09:13:02,246
GRASIM,2026-02-24,2940.0,50.4,13750.0,0.0,0.0,0.0,0.0,2870.1,2870.1,2870.1,0.487,2026-01-28 09:13:02,727
GRASIM,2026-02-24,2960.0,43.35,16000.0,0.0,0.0,0.0,0.0,2870.1,2870.1,2870.1,0.487,2026-01-28 09:13:02,1279
GRASIM,2026-02-24,2980.0,37.15,4250.0,0.0,0.0,0.0,0.0,2870.1,2870.1,2870.1,0.487,2026-01-28 09:13:02,1863
GRASIM,2026-02-24,3000.0,31.4,64750.0,0.0,152.0,9750.0,0.0,2870.1,2870.1,2870.1,0.487,2026-01-28 09:13:02,2402
GRASIM,2026-02-24,3020.0,27.35,11250.0,0.0,0.0,0.0,0.0,2870.1,2870.1,2870.1,0.487,2026-01-28 09:13:02,3130
GRASIM,2026-02-24,3040.0,23.15,5750.0,0.0,0.0,0.0,0.0,2870.1,2870.1,2870.1,0.487,2026-01-28 09:13:02,3856
GRASIM,2026-02-24,3060.0,19.65,8750.0,0.0,0.0,0.0,0.0,2870.1,2870.1,2870.1,0.487,2026-01-28 09:13:02,4576
GRASIM,2026-02-24,3080.0,16.3,500.0,0.0,0.0,0.0,0.0,2870.1,2870.1,2870.1,0.487,2026-01-28 09:13:02,5317
GRASIM,2026-02-24,3100.0,14.85,12500.0,0.0,0.0,0.0,0.0,2870.1,2870.1,2870.1,0.487,2026-01-28 09:13:02,6043
GRASIM,2026-02-24,3120.0,12.5,8000.0,0.0,0.0,0.0,0.0,2870.1,2870.1,2870.1,0.487,2026-01-28 09:13:02,6811
GRASIM,2026-02-24,3160.0,9.0,58250.0,0.0,0.0,0.0,0.0,2870.1,2870.1,2870.1,0.487,2026-01-28 09:13:02,8353
GRASIM,2026-02-24,3200.0,7.1,4250.0,0.0,0.0,0.0,0.0,2870.1,2870.1,2870.1,0.487,2026-01-28 09:13:02,10171
GRASIM,2026-02-24,3240.0,0.0,0.0,0.0,0.0,0.0,0.0,2870.1,2870.1,2870.1,0.487,2026-01-28 09:13:02,11956
GRASIM,2026-02-24,3280.0,0.0,0.0,0.0,0.0,0.0,0.0,2870.1,2870.1,2870.1,0.487,2026-01-28 09:13:02,13738
GRASIM,2026-02-24,3320.0,2.35,4000.0,0.0,451.0,12500.0,0.0,2870.1,2870.1,2870.1,0.487,2026-01-28 09:13:02,15520
HAL,2026-02-24,3700.0,645.0,300.0,0.0,23.55,98250.0,0.0,4370.0,4370.0,4370.0,0.494,2026-01-28 09:13:02,124722
HAL,2026-02-24,3800.0,550.4,5850.0,0.0,32.25,114450.0,0.0,4370.0,4370.0,4370.0,0.494,2026-01-28 09:13:02,103616
HAL,2026-02-24,3850.0,488.1,450.0,0.0,37.25,6450.0,0.0,4370.0,4370.0,4370.0,0.494,2026-01-28 09:13:02,93724
HAL,2026-02-24,3900.0,0.0,0.0,0.0,42.5,60600.0,0.0,4370.0,4370.0,4370.0,0.494,2026-01-28 09:13:02,83911
HAL,2026-02-24,3950.0,0.0,0.0,0.0,53.0,8250.0,0.0,4370.0,4370.0,4370.0,0.494,2026-01-28 09:13:02,74146
HAL,2026-02-24,4000.0,412.25,10200.0,0.0,58.65,86400.0,0.0,4370.0,4370.0,4370.0,0.494,2026-01-28 09:13:02,64636
HAL,2026-02-24,4050.0,351.75,300.0,0.0,69.1,9300.0,0.0,4370.0,4370.0,4370.0,0.494,2026-01-28 09:13:02,55566
HAL,2026-02-24,4100.0,326.8,7950.0,0.0,78.7,75300.0,0.0,4370.0,4370.0,4370.0,0.494,2026-01-28 09:13:02,46577
HAL,2026-02-24,4150.0,278.95,15600.0,0.0,92.4,18900.0,0.0,4370.0,4370.0,4370.0,0.494,2026-01-28 09:13:02,37725
HAL,2026-02-24,4200.0,259.95,62850.0,0.0,106.2,161700.0,0.0,4370.0,4370.0,4370.0,0.494,2026-01-28 09:13:02,29638
HAL,2026-02-24,4250.0,229.9,29250.0,0.0,124.8,42150.0,0.0,4370.0,4370.0,4370.0,0.494,2026-01-28 09:13:02,22331
HAL,2026-02-24,4300.0,200.8,278700.0,0.0,143.55,313500.0,0.0,4370.0,4370.0,4370.0,0.494,2026-01-28 09:13:02,15610
HAL,2026-02-24,4350.0,173.45,145050.0,0.0,168.15,138300.0,0.0,4370.0,4370.0,4370.0,0.494,2026-01-28 09:13:02,12800
HAL,2026-02-24,4400.0,148.8,235800.0,0.0,191.8,211650.0,0.0,4370.0,4370.0,4370.0,0.494,2026-01-28 09:13:02,10501
HAL,2026-02-24,4450.0,126.95,40350.0,0.0,217.75,21750.0,0.0,4370.0,4370.0,4370.0,0.494,2026-01-28 09:13:02,9699
HAL,2026-02-24,4500.0,107.9,348000.0,0.0,250.15,191850.0,0.0,4370.0,4370.0,4370.0,0.494,2026-01-28 09:13:02,9796
HAL,2026-02-24,4550.0,90.0,45900.0,0.0,314.65,14400.0,0.0,4370.0,4370.0,4370.0,0.494,2026-01-28 09:13:02,11509
HAL,2026-02-24,4600.0,75.0,210300.0,0.0,319.35,133050.0,0.0,4370.0,4370.0,4370.0,0.494,2026-01-28 09:13:02,14529
HAL,2026-02-24,4650.0,63.35,23400.0,0.0,369.45,11700.0,0.0,4370.0,4370.0,4370.0,0.494,2026-01-28 09:13:02,16633
HAL,2026-02-24,4700.0,52.0,164400.0,0.0,394.05,110250.0,0.0,4370.0,4370.0,4370.0,0.494,2026-01-28 09:13:02,21300
HAL,2026-02-24,4750.0,41.75,15450.0,0.0,473.0,5700.0,0.0,4370.0,4370.0,4370.0,0.494,2026-01-28 09:13:02,24136
HAL,2026-02-24,4800.0,35.1,209550.0,0.0,480.2,133650.0,0.0,4370.0,4370.0,4370.0,0.494,2026-01-28 09:13:02,30361
HAL,2026-02-24,4850.0,30.05,21750.0,0.0,575.0,450.0,0.0,4370.0,4370.0,4370.0,0.494,2026-01-28 09:13:02,32825
HAL,2026-02-24,4900.0,24.95,119850.0,0.0,576.5,25650.0,0.0,4370.0,4370.0,4370.0,0.494,2026-01-28 09:13:02,41122
HAL,2026-02-24,4950.0,20.7,10050.0,0.0,0.0,0.0,0.0,4370.0,4370.0,4370.0,0.494,2026-01-28 09:13:02,48927
HAL,2026-02-24,5000.0,18.1,302550.0,0.0,659.95,118500.0,0.0,4370.0,4370.0,4370.0,0.494,2026-01-28 09:13:02,57984
HAL,2026-02-24,5100.0,12.9,61650.0,0.0,765.0,75750.0,0.0,4370.0,4370.0,4370.0,0.494,2026-01-28 09:13:02,72992
HAVELLS,2026-02-24,1060.0,0.0,0.0,0.0,0.0,0.0,0.0,1290.0,1290.0,1290.0,0.085,2026-01-28 09:13:02,35282
HAVELLS,2026-02-24,1080.0,0.0,0.0,0.0,0.0,0.0,0.0,1290.0,1290.0,1290.0,0.085,2026-01-28 09:13:02,32088
HAVELLS,2026-02-24,1100.0,0.0,0.0,0.0,2.45,9000.0,0.0,1290.0,1290.0,1290.0,0.085,2026-01-28 09:13:02,28894
HAVELLS,2026-02-24,1120.0,0.0,0.0,0.0,2.8,15000.0,0.0,1290.0,1290.0,1290.0,0.085,2026-01-28 09:13:02,25715
HAVELLS,2026-02-24,1140.0,0.0,0.0,0.0,4.7,1000.0,0.0,1290.0,1290.0,1290.0,0.085,2026-01-28 09:13:02,22565
HAVELLS,2026-02-24,1160.0,0.0,0.0,0.0,4.3,26000.0,0.0,1290.0,1290.0,1290.0,0.085,2026-01-28 09:13:02,19421
HAVELLS,2026-02-24,1170.0,0.0,0.0,0.0,1.65,500.0,0.0,1290.0,1290.0,1290.0,0.085,2026-01-28 09:13:02,17864
HAVELLS,2026-02-24,1180.0,0.0,0.0,0.0,3.85,500.0,0.0,1290.0,1290.0,1290.0,0.085,2026-01-28 09:13:02,16318
HAVELLS,2026-02-24,1190.0,0.0,0.0,0.0,0.0,0.0,0.0,1290.0,1290.0,1290.0,0.085,2026-01-28 09:13:02,14773
HAVELLS,2026-02-24,1200.0,93.0,5000.0,0.0,7.9,346000.0,0.0,1290.0,1290.0,1290.0,0.085,2026-01-28 09:13:02,13228
HAVELLS,2026-02-24,1210.0,0.0,0.0,0.0,8.85,9500.0,0.0,1290.0,1290.0,1290.0,0.085,2026-01-28 09:13:02,11807
HAVELLS,2026-02-24,1220.0,0.0,0.0,0.0,10.55,49000.0,0.0,1290.0,1290.0,1290.0,0.085,2026-01-28 09:13:02,10614
HAVELLS,2026-02-24,1230.0,0.0,0.0,0.0,0.0,0.0,0.0,1290.0,1290.0,1290.0,0.085,2026-01-28 09:13:02,9427
HAVELLS,2026-02-24,1240.0,0.0,0.0,0.0,15.0,97500.0,0.0,1290.0,1290.0,1290.0,0.085,2026-01-28 09:13:02,8291
HAVELLS,2026-02-24,1250.0,76.0,500.0,0.0,17.35,83000.0,0.0,1290.0,1290.0,1290.0,0.085,2026-01-28 09:13:02,7107
HAVELLS,2026-02-24,1260.0,56.85,4000.0,0.0,20.55,79000.0,0.0,1290.0,1290.0,1290.0,0.085,2026-01-28 09:13:02,6012
HAVELLS,2026-02-24,1270.0,53.95,13500.0,0.0,26.4,2000.0,0.0,1290.0,1290.0,1290.0,0.085,2026-01-28 09:13:02,5001
HAVELLS,2026-02-24,1280.0,45.6,41000.0,0.0,28.75,103000.0,0.0,1290.0,1290.0,1290.0,0.085,2026-01-28 09:13:02,4213
HAVELLS,2026-02-24,1290.0,0.0,0.0,0.0,33.15,12500.0,0.0,1290.0,1290.0,1290.0,0.085,2026-01-28 09:13:02,3392
HAVELLS,2026-02-24,1300.0,35.2,207000.0,0.0,38.1,286500.0,0.0,1290.0,1290.0,1290.0,0.085,2026-01-28 09:13:02,2651
HAVELLS,2026-02-24,1310.0,31.05,8500.0,0.0,47.1,5000.0,0.0,1290.0,1290.0,1290.0,0.085,2026-01-28 09:13:02,2082
HAVELLS,2026-02-24,1320.0,26.4,97000.0,0.0,48.25,91000.0,0.0,1290.0,1290.0,1290.0,0.085,2026-01-28 09:13:02,1892
HAVELLS,2026-02-24,1330.0,29.75,2500.0,0.0,31.55,500.0,0.0,1290.0,1290.0,1290.0,0.085,2026-01-28 09:13:02,1705
HAVELLS,2026-02-24,1340.0,19.75,62000.0,0.0,72.0,35000.0,0.0,1290.0,1290.0,1290.0,0.085,2026-01-28 09:13:02,1709
HAVELLS,2026-02-24,1350.0,17.1,109000.0,0.0,67.1,50000.0,0.0,1290.0,1290.0,1290.0,0.085,2026-01-28 09:13:02,1675
HAVELLS,2026-02-24,1360.0,14.55,69000.0,0.0,79.5,18500.0,0.0,1290.0,1290.0,1290.0,0.085,2026-01-28 09:13:02,1780
HAVELLS,2026-02-24,1370.0,11.9,17000.0,0.0,83.0,500.0,0.0,1290.0,1290.0,1290.0,0.085,2026-01-28 09:13:02,2076
HAVELLS,2026-02-24,1380.0,10.85,52000.0,0.0,95.75,16500.0,0.0,1290.0,1290.0,1290.0,0.085,2026-01-28 09:13:02,2451
HAVELLS,2026-02-24,1390.0,14.7,1000.0,0.0,0.0,0.0,0.0,1290.0,1290.0,1290.0,0.085,2026-01-28 09:13:02,2778
HAVELLS,2026-02-24,1400.0,7.7,309000.0,0.0,106.0,101000.0,0.0,1290.0,1290.0,1290.0,0.085,2026-01-28 09:13:02,3208
HAVELLS,2026-02-24,1410.0,5.2,5500.0,0.0,0.0,0.0,0.0,1290.0,1290.0,1290.0,0.085,2026-01-28 09:13:02,3214
HAVELLS,2026-02-24,1420.0,5.7,67000.0,0.0,131.15,24500.0,0.0,1290.0,1290.0,1290.0,0.085,2026-01-28 09:13:02,4062
HAVELLS,2026-02-24,1430.0,13.25,3000.0,0.0,123.35,1000.0,0.0,1290.0,1290.0,1290.0,0.085,2026-01-28 09:13:02,4715
HAVELLS,2026-02-24,1440.0,4.0,60000.0,0.0,145.0,3500.0,0.0,1290.0,1290.0,1290.0,0.085,2026-01-28 09:13:02,5646
HAVELLS,2026-02-24,1450.0,3.8,40500.0,0.0,0.0,0.0,0.0,1290.0,1290.0,1290.0,0.085,2026-01-28 09:13:02,6623
HAVELLS,2026-02-24,1460.0,2.8,95500.0,0.0,158.4,9500.0,0.0,1290.0,1290.0,1290.0,0.085,2026-01-28 09:13:02,7682
HAVELLS,2026-02-24,1470.0,0.0,0.0,0.0,172.95,500.0,0.0,1290.0,1290.0,1290.0,0.085,2026-01-28 09:13:02,8708
HAVELLS,2026-02-24,1480.0,2.8,23500.0,0.0,50.9,500.0,0.0,1290.0,1290.0,1290.0,0.085,2026-01-28 09:13:02,9849
HAVELLS,2026-02-24,1490.0,0.0,0.0,0.0,0.0,0.0,0.0,1290.0,1290.0,1290.0,0.085,2026-01-28 09:13:02,11026
HAVELLS,2026-02-24,1500.0,2.3,254500.0,0.0,215.6,58000.0,0.0,1290.0,1290.0,1290.0,0.085,2026-01-28 09:13:02,12200
HAVELLS,2026-02-24,1510.0,0.0,0.0,0.0,0.0,0.0,0.0,1290.0,1290.0,1290.0,0.085,2026-01-28 09:13:02,12494
HAVELLS,2026-02-24,1520.0,1.5,23000.0,0.0,227.0,7000.0,0.0,1290.0,1290.0,1290.0,0.085,2026-01-28 09:13:02,13980
HAVELLS,2026-02-24,1530.0,0.0,0.0,0.0,0.0,0.0,0.0,1290.0,1290.0,1290.0,0.085,2026-01-28 09:13:02,15340
HAVELLS,2026-02-24,1540.0,3.85,2000.0,0.0,234.45,1500.0,0.0,1290.0,1290.0,1290.0,0.085,2026-01-28 09:13:02,16856
HAVELLS,2026-02-24,1550.0,1.0,15500.0,0.0,0.0,0.0,0.0,1290.0,1290.0,1290.0,0.085,2026-01-28 09:13:02,18341
HAVELLS,2026-02-24,1560.0,2.5,17000.0,0.0,121.0,7500.0,0.0,1290.0,1290.0,1290.0,0.085,2026-01-28 09:13:02,19878
HAVELLS,2026-02-24,1570.0,5.0,9000.0,0.0,0.0,0.0,0.0,1290.0,1290.0,1290.0,0.085,2026-01-28 09:13:02,21351
HAVELLS,2026-02-24,1580.0,1.85,4500.0,0.0,269.5,3500.0,0.0,1290.0,1290.0,1290.0,0.085,2026-01-28 09:13:02,22924
HAVELLS,2026-02-24,1590.0,0.0,0.0,0.0,0.0,0.0,0.0,1290.0,1290.0,1290.0,0.085,2026-01-28 09:13:02,24407
HAVELLS,2026-02-24,1600.0,0.8,61500.0,0.0,305.0,4000.0,0.0,1290.0,1290.0,1290.0,0.085,2026-01-28 09:13:02,25983
HAVELLS,2026-02-24,1610.0,1.05,500.0,0.0,0.0,0.0,0.0,1290.0,1290.0,1290.0,0.085,2026-01-28 09:13:02,27508
HAVELLS,2026-02-24,1620.0,12.75,1500.0,0.0,282.0,500.0,0.0,1290.0,1290.0,1290.0,0.085,2026-01-28 09:13:02,29151
HAVELLS,2026-02-24,1640.0,1.3,4500.0,0.0,346.0,3000.0,0.0,1290.0,1290.0,1290.0,0.085,2026-01-28 09:13:02,32428
HAVELLS,2026-02-24,1660.0,1.15,13500.0,0.0,0.0,0.0,0.0,1290.0,1290.0,1290.0,0.085,2026-01-28 09:13:02,35628
HAVELLS,2026-02-24,1680.0,6.0,500.0,0.0,392.0,34500.0,0.0,1290.0,1290.0,1290.0,0.085,2026-01-28 09:13:02,38961
HAVELLS,2026-02-24,1700.0,0.0,0.0,0.0,0.0,0.0,0.0,1290.0,1290.0,1290.0,0.085,2026-01-28 09:13:02,41010
HAVELLS,2026-02-24,1720.0,0.65,5000.0,0.0,0.0,0.0,0.0,1290.0,1290.0,1290.0,0.085,2026-01-28 09:13:02,44411
HCLTECH,2026-02-24,1360.0,0.0,0.0,0.0,1.0,350.0,0.0,1705.1,1705.1,1705.1,-0.878,2026-01-28 09:13:02,29923
HCLTECH,2026-02-24,1400.0,293.5,350.0,0.0,2.2,8050.0,0.0,1705.1,1705.1,1705.1,-0.878,2026-01-28 09:13:02,24908
HCLTECH,2026-02-24,1440.0,0.0,0.0,0.0,2.0,14350.0,0.0,1705.1,1705.1,1705.1,-0.878,2026-01-28 09:13:02,19935
HCLTECH,2026-02-24,1460.0,0.0,0.0,0.0,8.0,0.0,0.0,1705.1,1705.1,1705.1,-0.878,2026-01-28 09:13:02,17470
HCLTECH,2026-02-24,1480.0,0.0,0.0,0.0,3.5,7350.0,0.0,1705.1,1705.1,1705.1,-0.878,2026-01-28 09:13:02,15008
HCLTECH,2026-02-24,1500.0,222.0,1050.0,0.0,2.9,41300.0,0.0,1705.1,1705.1,1705.1,-0.878,2026-01-28 09:13:02,12559
HCLTECH,2026-02-24,1520.0,179.5,1750.0,0.0,3.4,31150.0,0.0,1705.1,1705.1,1705.1,-0.878,2026-01-28 09:13:02,10207
HCLTECH,2026-02-24,1540.0,0.0,0.0,0.0,4.75,34650.0,0.0,1705.1,1705.1,1705.1,-0.878,2026-01-28 09:13:02,7932
HCLTECH,2026-02-24,1560.0,0.0,0.0,0.0,5.8,31150.0,0.0,1705.1,1705.1,1705.1,-0.878,2026-01-28 09:13:02,5688
HCLTECH,2026-02-24,1580.0,0.0,0.0,0.0,7.5,81550.0,0.0,1705.1,1705.1,1705.1,-0.878,2026-01-28 09:13:02,3505
HCLTECH,2026-02-24,1600.0,136.0,24150.0,0.0,9.4,93800.0,0.0,1705.1,1705.1,1705.1,-0.878,2026-01-28 09:13:02,1441
HCLTECH,2026-02-24,1620.0,120.0,2800.0,0.0,12.05,279300.0,0.0,1705.1,1705.1,1705.1,-0.878,2026-01-28 09:13:02,-83
HCLTECH,2026-02-24,1640.0,96.65,19600.0,0.0,15.35,49350.0,0.0,1705.1,1705.1,1705.1,-0.878,2026-01-28 09:13:02,-1588
HCLTECH,2026-02-24,1660.0,87.35,22050.0,0.0,19.2,106050.0,0.0,1705.1,1705.1,1705.1,-0.878,2026-01-28 09:13:02,-2539
HCLTECH,2026-02-24,1680.0,71.9,29400.0,0.0,24.5,114100.0,0.0,1705.1,1705.1,1705.1,-0.878,2026-01-28 09:13:02,-3357
HCLTECH,2026-02-24,1700.0,59.15,237300.0,0.0,30.85,123900.0,0.0,1705.1,1705.1,1705.1,-0.878,2026-01-28 09:13:02,-3946
HCLTECH,2026-02-24,1720.0,46.95,200550.0,0.0,39.2,120750.0,0.0,1705.1,1705.1,1705.1,-0.878,2026-01-28 09:13:02,-2723
HCLTECH,2026-02-24,1740.0,36.8,182350.0,0.0,48.15,46200.0,0.0,1705.1,1705.1,1705.1,-0.878,2026-01-28 09:13:02,-1411
HCLTECH,2026-02-24,1760.0,28.05,347200.0,0.0,59.9,17850.0,0.0,1705.1,1705.1,1705.1,-0.878,2026-01-28 09:13:02,338
HCLTECH,2026-02-24,1780.0,21.1,56000.0,0.0,0.0,0.0,0.0,1705.1,1705.1,1705.1,-0.878,2026-01-28 09:13:02,3236
HCLTECH,2026-02-24,1800.0,15.7,218050.0,0.0,86.6,33950.0,0.0,1705.1,1705.1,1705.1,-0.878,2026-01-28 09:13:02,5498
HCLTECH,2026-02-24,1820.0,11.45,46200.0,0.0,0.0,0.0,0.0,1705.1,1705.1,1705.1,-0.878,2026-01-28 09:13:02,8194
HCLTECH,2026-02-24,1840.0,8.1,65800.0,0.0,137.05,700.0,0.0,1705.1,1705.1,1705.1,-0.878,2026-01-28 09:13:02,10986
HCLTECH,2026-02-24,1860.0,5.9,27650.0,0.0,137.0,11200.0,0.0,1705.1,1705.1,1705.1,-0.878,2026-01-28 09:13:02,13903
HCLTECH,2026-02-24,1880.0,4.3,93450.0,0.0,171.0,5250.0,0.0,1705.1,1705.1,1705.1,-0.878,2026-01-28 09:13:02,16716
HCLTECH,2026-02-24,1920.0,2.25,46200.0,0.0,223.0,1750.0,0.0,1705.1,1705.1,1705.1,-0.878,2026-01-28 09:13:02,22962
HCLTECH,2026-02-24,1960.0,1.45,2800.0,0.0,0.0,0.0,0.0,1705.1,1705.1,1705.1,-0.878,2026-01-28 09:13:02,29421
HDFCAMC,2026-02-24,2040.0,0.0,0.0,0.0,0.0,0.0,0.0,2460.0,2460.0,2460.0,0.952,2026-01-28 09:13:02,20021
HDFCAMC,2026-02-24,2080.0,0.0,0.0,0.0,5.0,600.0,0.0,2460.0,2460.0,2460.0,0.952,2026-01-28 09:13:02,17982
HDFCAMC,2026-02-24,2120.0,0.0,0.0,0.0,0.0,0.0,0.0,2460.0,2460.0,2460.0,0.952,2026-01-28 09:13:02,15946
HDFCAMC,2026-02-24,2160.0,0.0,0.0,0.0,8.0,900.0,0.0,2460.0,2460.0,2460.0,0.952,2026-01-28 09:13:02,13909
HDFCAMC,2026-02-24,2180.0,0.0,0.0,0.0,0.0,0.0,0.0,2460.0,2460.0,2460.0,0.952,2026-01-28 09:13:02,12892
HDFCAMC,2026-02-24,2200.0,0.0,0.0,0.0,10.15,19800.0,0.0,2460.0,2460.0,2460.0,0.952,2026-01-28 09:13:02,11876
HDFCAMC,2026-02-24,2220.0,0.0,0.0,0.0,0.0,0.0,0.0,2460.0,2460.0,2460.0,0.952,2026-01-28 09:13:02,10879
HDFCAMC,2026-02-24,2240.0,0.0,0.0,0.0,9.1,300.0,0.0,2460.0,2460.0,2460.0,0.952,2026-01-28 09:13:02,9902
HDFCAMC,2026-02-24,2260.0,0.0,0.0,0.0,0.0,0.0,0.0,2460.0,2460.0,2460.0,0.952,2026-01-28 09:13:02,8925
HDFCAMC,2026-02-24,2280.0,0.0,0.0,0.0,0.0,0.0,0.0,2460.0,2460.0,2460.0,0.952,2026-01-28 09:13:02,7949
HDFCAMC,2026-02-24,2300.0,222.0,900.0,0.0,21.25,31800.0,0.0,2460.0,2460.0,2460.0,0.952,2026-01-28 09:13:02,6973
HDFCAMC,2026-02-24,2320.0,0.0,0.0,0.0,24.4,23400.0,0.0,2460.0,2460.0,2460.0,0.952,2026-01-28 09:13:02,6015
HDFCAMC,2026-02-24,2340.0,0.0,0.0,0.0,27.4,5100.0,0.0,2460.0,2460.0,2460.0,0.952,2026-01-28 09:13:02,5094
HDFCAMC,2026-02-24,2360.0,0.0,0.0,0.0,33.1,12300.0,0.0,2460.0,2460.0,2460.0,0.952,2026-01-28 09:13:02,4226
HDFCAMC,2026-02-24,2380.0,0.0,0.0,0.0,0.0,0.0,0.0,2460.0,2460.0,2460.0,0.952,2026-01-28 09:13:02,3356
HDFCAMC,2026-02-24,2400.0,101.35,21600.0,0.0,45.95,108300.0,0.0,2460.0,2460.0,2460.0,0.952,2026-01-28 09:13:02,2527
HDFCAMC,2026-02-24,2420.0,90.0,4800.0,0.0,53.5,4800.0,0.0,2460.0,2460.0,2460.0,0.952,2026-01-28 09:13:02,1679
HDFCAMC,2026-02-24,2440.0,77.4,16200.0,0.0,61.65,15000.0,0.0,2460.0,2460.0,2460.0,0.952,2026-01-28 09:13:02,1146
HDFCAMC,2026-02-24,2460.0,66.9,17400.0,0.0,71.3,62400.0,0.0,2460.0,2460.0,2460.0,0.952,2026-01-28 09:13:02,691
HDFCAMC,2026-02-24,2480.0,57.45,13200.0,0.0,81.55,11400.0,0.0,2460.0,2460.0,2460.0,0.952,2026-01-28 09:13:02,34
HDFCAMC,2026-02-24,2500.0,48.7,157500.0,0.0,92.5,84300.0,0.0,2460.0,2460.0,2460.0,0.952,2026-01-28 09:13:02,-261
HDFCAMC,2026-02-24,2520.0,41.05,4800.0,0.0,120.0,300.0,0.0,2460.0,2460.0,2460.0,0.952,2026-01-28 09:13:02,-69
HDFCAMC,2026-02-24,2540.0,0.0,0.0,0.0,116.0,3000.0,0.0,2460.0,2460.0,2460.0,0.952,2026-01-28 09:13:02,161
HDFCAMC,2026-02-24,2560.0,28.25,73500.0,0.0,131.8,11700.0,0.0,2460.0,2460.0,2460.0,0.952,2026-01-28 09:13:02,347
HDFCAMC,2026-02-24,2580.0,24.0,600.0,0.0,147.35,3000.0,0.0,2460.0,2460.0,2460.0,0.952,2026-01-28 09:13:02,791
HDFCAMC,2026-02-24,2600.0,20.15,129000.0,0.0,179.0,52200.0,0.0,2460.0,2460.0,2460.0,0.952,2026-01-28 09:13:02,1147
HDFCAMC,2026-02-24,2620.0,17.1,7500.0,0.0,201.0,1800.0,0.0,2460.0,2460.0,2460.0,0.952,2026-01-28 09:13:02,1233
HDFCAMC,2026-02-24,2640.0,14.2,20700.0,0.0,155.0,900.0,0.0,2460.0,2460.0,2460.0,0.952,2026-01-28 09:13:02,1990
HDFCAMC,2026-02-24,2660.0,0.0,0.0,0.0,170.0,600.0,0.0,2460.0,2460.0,2460.0,0.952,2026-01-28 09:13:02,2828
HDFCAMC,2026-02-24,2680.0,10.15,11700.0,0.0,0.0,0.0,0.0,2460.0,2460.0,2460.0,0.952,2026-01-28 09:13:02,3641
HDFCAMC,2026-02-24,2700.0,8.65,170400.0,0.0,281.45,27600.0,0.0,2460.0,2460.0,2460.0,0.952,2026-01-28 09:13:02,4500
HDFCAMC,2026-02-24,2720.0,6.25,10800.0,0.0,245.0,300.0,0.0,2460.0,2460.0,2460.0,0.952,2026-01-28 09:13:02,5114
HDFCAMC,2026-02-24,2740.0,11.95,600.0,0.0,302.0,900.0,0.0,2460.0,2460.0,2460.0,0.952,2026-01-28 09:13:02,6379
HDFCAMC,2026-02-24,2760.0,6.0,4800.0,0.0,260.0,2400.0,0.0,2460.0,2460.0,2460.0,0.952,2026-01-28 09:13:02,7621
HDFCAMC,2026-02-24,2780.0,0.0,0.0,0.0,169.95,600.0,0.0,2460.0,2460.0,2460.0,0.952,2026-01-28 09:13:02,8844
HDFCAMC,2026-02-24,2800.0,4.4,76500.0,0.0,368.0,19500.0,0.0,2460.0,2460.0,2460.0,0.952,2026-01-28 09:13:02,10118
HDFCAMC,2026-02-24,2820.0,0.0,0.0,0.0,0.0,0.0,0.0,2460.0,2460.0,2460.0,0.952,2026-01-28 09:13:02,10910
HDFCAMC,2026-02-24,2840.0,2.9,12600.0,0.0,0.0,0.0,0.0,2460.0,2460.0,2460.0,0.952,2026-01-28 09:13:02,12386
HDFCAMC,2026-02-24,2860.0,0.0,0.0,0.0,399.7,600.0,0.0,2460.0,2460.0,2460.0,0.952,2026-01-28 09:13:02,13891
HDFCAMC,2026-02-24,2880.0,0.0,0.0,0.0,0.0,0.0,0.0,2460.0,2460.0,2460.0,0.952,2026-01-28 09:13:02,15369
HDFCAMC,2026-02-24,2900.0,3.45,3600.0,0.0,0.0,0.0,0.0,2460.0,2460.0,2460.0,0.952,2026-01-28 09:13:02,16872
HDFCAMC,2026-02-24,2920.0,3.35,1200.0,0.0,0.0,0.0,0.0,2460.0,2460.0,2460.0,0.952,2026-01-28 09:13:02,18382
HDFCAMC,2026-02-24,2940.0,4.9,1800.0,0.0,0.0,0.0,0.0,2460.0,2460.0,2460.0,0.952,2026-01-28 09:13:02,19895
HDFCAMC,2026-02-24,2960.0,0.0,0.0,0.0,0.0,0.0,0.0,2460.0,2460.0,2460.0,0.952,2026-01-28 09:13:02,21411
HDFCAMC,2026-02-24,2980.0,0.0,0.0,0.0,0.0,0.0,0.0,2460.0,2460.0,2460.0,0.952,2026-01-28 09:13:02,22927
HDFCAMC,2026-02-24,3000.0,2.4,34800.0,0.0,510.0,2700.0,0.0,2460.0,2460.0,2460.0,0.952,2026-01-28 09:13:02,24443
HDFCAMC,2026-02-24,3020.0,0.0,0.0,0.0,0.0,0.0,0.0,2460.0,2460.0,2460.0,0.952,2026-01-28 09:13:02,25904
HDFCAMC,2026-02-24,3040.0,0.0,0.0,0.0,0.0,0.0,0.0,2460.0,2460.0,2460.0,0.952,2026-01-28 09:13:02,27494
HDFCAMC,2026-02-24,3060.0,0.0,0.0,0.0,0.0,0.0,0.0,2460.0,2460.0,2460.0,0.952,2026-01-28 09:13:02,29085
HDFCAMC,2026-02-24,3080.0,0.0,0.0,0.0,634.0,1200.0,0.0,2460.0,2460.0,2460.0,0.952,2026-01-28 09:13:02,30676
HDFCBANK,2026-02-24,800.0,123.5,11550.0,0.0,1.25,155100.0,0.0,932.5,932.5,932.5,0.658,2026-01-28 09:13:02,240865
HDFCBANK,2026-02-24,810.0,0.0,0.0,0.0,1.45,134750.0,0.0,932.5,932.5,932.5,0.658,2026-01-28 09:13:02,216963
HDFCBANK,2026-02-24,820.0,105.0,1100.0,0.0,1.75,38500.0,0.0,932.5,932.5,932.5,0.658,2026-01-28 09:13:02,193054
HDFCBANK,2026-02-24,830.0,0.0,0.0,0.0,2.1,216700.0,0.0,932.5,932.5,932.5,0.658,2026-01-28 09:13:02,169209
HDFCBANK,2026-02-24,840.0,90.65,4400.0,0.0,2.6,261250.0,0.0,932.5,932.5,932.5,0.658,2026-01-28 09:13:02,145530
HDFCBANK,2026-02-24,850.0,87.5,42900.0,0.0,3.15,640200.0,0.0,932.5,932.5,932.5,0.658,2026-01-28 09:13:02,122134
HDFCBANK,2026-02-24,855.0,82.9,16500.0,0.0,3.45,82500.0,0.0,932.5,932.5,932.5,0.658,2026-01-28 09:13:02,110965
HDFCBANK,2026-02-24,860.0,77.6,26950.0,0.0,3.9,1365650.0,0.0,932.5,932.5,932.5,0.658,2026-01-28 09:13:02,99781
HDFCBANK,2026-02-24,865.0,73.15,20900.0,0.0,4.2,145750.0,0.0,932.5,932.5,932.5,0.658,2026-01-28 09:13:02,88861
HDFCBANK,2026-02-24,870.0,67.2,21450.0,0.0,4.65,595100.0,0.0,932.5,932.5,932.5,0.658,2026-01-28 09:13:02,78439
HDFCBANK,2026-02-24,875.0,62.25,32450.0,0.0,5.15,437250.0,0.0,932.5,932.5,932.5,0.658,2026-01-28 09:13:02,68101
HDFCBANK,2026-02-24,880.0,58.25,67650.0,0.0,5.85,819500.0,0.0,932.5,932.5,932.5,0.658,2026-01-28 09:13:02,58108
HDFCBANK,2026-02-24,885.0,54.2,50600.0,0.0,6.65,297550.0,0.0,932.5,932.5,932.5,0.658,2026-01-28 09:13:02,48496
HDFCBANK,2026-02-24,890.0,50.9,48400.0,0.0,7.4,489500.0,0.0,932.5,932.5,932.5,0.658,2026-01-28 09:13:02,39220
HDFCBANK,2026-02-24,895.0,47.75,68750.0,0.0,8.45,306350.0,0.0,932.5,932.5,932.5,0.658,2026-01-28 09:13:02,30021
HDFCBANK,2026-02-24,900.0,42.15,2979350.0,0.0,9.4,2455750.0,0.0,932.5,932.5,932.5,0.658,2026-01-28 09:13:02,21194
HDFCBANK,2026-02-24,905.0,38.0,121550.0,0.0,10.6,377300.0,0.0,932.5,932.5,932.5,0.658,2026-01-28 09:13:02,25265
HDFCBANK,2026-02-24,910.0,34.6,596750.0,0.0,11.8,895400.0,0.0,932.5,932.5,932.5,0.658,2026-01-28 09:13:02,19398
HDFCBANK,2026-02-24,915.0,31.2,654500.0,0.0,13.4,839850.0,0.0,932.5,932.5,932.5,0.658,2026-01-28 09:13:02,15224
HDFCBANK,2026-02-24,920.0,27.65,3358300.0,0.0,15.05,2627350.0,0.0,932.5,932.5,932.5,0.658,2026-01-28 09:13:02,11704
HDFCBANK,2026-02-24,925.0,24.8,1395900.0,0.0,16.95,1203400.0,0.0,932.5,932.5,932.5,0.658,2026-01-28 09:13:02,15593
HDFCBANK,2026-02-24,930.0,22.0,3140500.0,0.0,18.95,2136200.0,0.0,932.5,932.5,932.5,0.658,2026-01-28 09:13:02,16872
HDFCBANK,2026-02-24,935.0,19.4,674850.0,0.0,21.25,333850.0,0.0,932.5,932.5,932.5,0.658,2026-01-28 09:13:02,22228
HDFCBANK,2026-02-24,940.0,17.0,1973400.0,0.0,23.45,928400.0,0.0,932.5,932.5,932.5,0.658,2026-01-28 09:13:02,25827
HDFCBANK,2026-02-24,945.0,14.85,1504250.0,0.0,26.75,149050.0,0.0,932.5,932.5,932.5,0.658,2026-01-28 09:13:02,31455
HDFCBANK,2026-02-24,950.0,13.05,4200350.0,0.0,29.8,1292500.0,0.0,932.5,932.5,932.5,0.658,2026-01-28 09:13:02,38567
HDFCBANK,2026-02-24,955.0,11.2,239800.0,0.0,33.5,71500.0,0.0,932.5,932.5,932.5,0.658,2026-01-28 09:13:02,48220
HDFCBANK,2026-02-24,960.0,9.8,1290300.0,0.0,37.5,474100.0,0.0,932.5,932.5,932.5,0.658,2026-01-28 09:13:02,56428
HDFCBANK,2026-02-24,965.0,8.45,292600.0,0.0,47.6,53350.0,0.0,932.5,932.5,932.5,0.658,2026-01-28 09:13:02,64976
HDFCBANK,2026-02-24,970.0,7.4,1144000.0,0.0,43.65,308000.0,0.0,932.5,932.5,932.5,0.658,2026-01-28 09:13:02,74204
HDFCBANK,2026-02-24,975.0,6.65,435050.0,0.0,47.4,21450.0,0.0,932.5,932.5,932.5,0.658,2026-01-28 09:13:02,83666
HDFCBANK,2026-02-24,980.0,5.65,1589500.0,0.0,53.55,478500.0,0.0,932.5,932.5,932.5,0.658,2026-01-28 09:13:02,94042
HDFCBANK,2026-02-24,985.0,5.05,493350.0,0.0,53.0,12650.0,0.0,932.5,932.5,932.5,0.658,2026-01-28 09:13:02,103601
HDFCBANK,2026-02-24,990.0,4.45,1025200.0,0.0,60.15,129250.0,0.0,932.5,932.5,932.5,0.658,2026-01-28 09:13:02,115258
HDFCBANK,2026-02-24,995.0,3.75,136950.0,0.0,63.5,44550.0,0.0,932.5,932.5,932.5,0.658,2026-01-28 09:13:02,126990
HDFCBANK,2026-02-24,1000.0,3.3,4798200.0,0.0,69.5,2554750.0,0.0,932.5,932.5,932.5,0.658,2026-01-28 09:13:02,138901
HDFCBANK,2026-02-24,1005.0,2.85,121550.0,0.0,88.0,1650.0,0.0,932.5,932.5,932.5,0.658,2026-01-28 09:13:02,138549
HDFCBANK,2026-02-24,1010.0,2.6,193050.0,0.0,78.9,52250.0,0.0,932.5,932.5,932.5,0.658,2026-01-28 09:13:02,154451
HDFCBANK,2026-02-24,1015.0,2.3,28600.0,0.0,82.0,1100.0,0.0,932.5,932.5,932.5,0.658,2026-01-28 09:13:02,170093
HDFCBANK,2026-02-24,1020.0,2.0,653400.0,0.0,97.0,181500.0,0.0,932.5,932.5,932.5,0.658,2026-01-28 09:13:02,186110
HDFCBANK,2026-02-24,1025.0,1.9,35750.0,0.0,90.4,3300.0,0.0,932.5,932.5,932.5,0.658,2026-01-28 09:13:02,200916
HDFCBANK,2026-02-24,1030.0,1.6,147950.0,0.0,106.85,550.0,0.0,932.5,932.5,932.5,0.658,2026-01-28 09:13:02,217349
HDFCBANK,2026-02-24,1035.0,0.0,0.0,0.0,0.0,0.0,0.0,932.5,932.5,932.5,0.658,2026-01-28 09:13:02,233897
HDFCBANK,2026-02-24,1040.0,1.3,180400.0,0.0,116.0,6050.0,0.0,932.5,932.5,932.5,0.658,2026-01-28 09:13:02,250428
HDFCBANK,2026-02-24,1045.0,1.25,22000.0,0.0,0.0,0.0,0.0,932.5,932.5,932.5,0.658,2026-01-28 09:13:02,267004
HDFCBANK,2026-02-24,1050.0,1.1,473550.0,0.0,115.2,344300.0,0.0,932.5,932.5,932.5,0.658,2026-01-28 09:13:02,283641
HDFCBANK,2026-02-24,1055.0,0.0,0.0,0.0,0.0,0.0,0.0,932.5,932.5,932.5,0.658,2026-01-28 09:13:02,296771
HDFCBANK,2026-02-24,1060.0,0.95,41800.0,0.0,0.0,0.0,0.0,932.5,932.5,932.5,0.658,2026-01-28 09:13:02,313814
HDFCBANK,2026-02-24,1070.0,0.9,154000.0,0.0,0.0,0.0,0.0,932.5,932.5,932.5,0.658,2026-01-28 09:13:02,347947
HDFCBANK,2026-02-24,1080.0,0.75,13750.0,0.0,146.0,13200.0,0.0,932.5,932.5,932.5,0.658,2026-01-28 09:13:02,382243
HDFCBANK,2026-02-24,1090.0,0.75,24200.0,0.0,0.0,0.0,0.0,932.5,932.5,932.5,0.658,2026-01-28 09:13:02,416361
HDFCBANK,2026-02-24,1100.0,0.75,460350.0,0.0,166.1,207900.0,0.0,932.5,932.5,932.5,0.658,2026-01-28 09:13:02,450696
HDFCBANK,2026-02-24,1110.0,1.5,2750.0,0.0,0.0,0.0,0.0,932.5,932.5,932.5,0.658,2026-01-28 09:13:02,482280
HDFCBANK,2026-02-24,1120.0,0.7,22000.0,0.0,195.75,6600.0,0.0,932.5,932.5,932.5,0.658,2026-01-28 09:13:02,517285
HDFCLIFE,2026-02-24,600.0,0.0,0.0,0.0,0.0,0.0,0.0,722.2,722.2,722.2,0.299,2026-01-28 09:13:02,30722
HDFCLIFE,2026-02-24,620.0,0.0,0.0,0.0,0.0,0.0,0.0,722.2,722.2,722.2,0.299,2026-01-28 09:13:02,25004
HDFCLIFE,2026-02-24,630.0,0.0,0.0,0.0,0.0,0.0,0.0,722.2,722.2,722.2,0.299,2026-01-28 09:13:02,22145
HDFCLIFE,2026-02-24,640.0,0.0,0.0,0.0,0.0,0.0,0.0,722.2,722.2,722.2,0.299,2026-01-28 09:13:02,19286
HDFCLIFE,2026-02-24,650.0,78.0,1100.0,0.0,2.2,95700.0,0.0,722.2,722.2,722.2,0.299,2026-01-28 09:13:02,16427
HDFCLIFE,2026-02-24,660.0,68.35,5500.0,0.0,2.75,50600.0,0.0,722.2,722.2,722.2,0.299,2026-01-28 09:13:02,13653
HDFCLIFE,2026-02-24,670.0,96.15,3300.0,0.0,3.75,101200.0,0.0,722.2,722.2,722.2,0.299,2026-01-28 09:13:02,10971
HDFCLIFE,2026-02-24,680.0,45.0,2200.0,0.0,4.95,185900.0,0.0,722.2,722.2,722.2,0.299,2026-01-28 09:13:02,8363
HDFCLIFE,2026-02-24,690.0,0.0,0.0,0.0,6.65,94600.0,0.0,722.2,722.2,722.2,0.299,2026-01-28 09:13:02,5867
HDFCLIFE,2026-02-24,700.0,32.55,47300.0,0.0,9.05,487300.0,0.0,722.2,722.2,722.2,0.299,2026-01-28 09:13:02,3486
HDFCLIFE,2026-02-24,710.0,26.7,33000.0,0.0,12.1,192500.0,0.0,722.2,722.2,722.2,0.299,2026-01-28 09:13:02,1414
HDFCLIFE,2026-02-24,720.0,20.7,562100.0,0.0,15.85,530200.0,0.0,722.2,722.2,722.2,0.299,2026-01-28 09:13:02,-288
HDFCLIFE,2026-02-24,730.0,15.75,404800.0,0.0,20.5,352000.0,0.0,722.2,722.2,722.2,0.299,2026-01-28 09:13:02,-431
HDFCLIFE,2026-02-24,740.0,11.35,266200.0,0.0,26.2,162800.0,0.0,722.2,722.2,722.2,0.299,2026-01-28 09:13:02,-225
HDFCLIFE,2026-02-24,750.0,8.1,393800.0,0.0,32.4,348700.0,0.0,722.2,722.2,722.2,0.299,2026-01-28 09:13:02,369
HDFCLIFE,2026-02-24,760.0,5.8,404800.0,0.0,43.1,94600.0,0.0,722.2,722.2,722.2,0.299,2026-01-28 09:13:02,1020
HDFCLIFE,2026-02-24,770.0,4.05,386100.0,0.0,52.8,37400.0,0.0,722.2,722.2,722.2,0.299,2026-01-28 09:13:02,2808
HDFCLIFE,2026-02-24,780.0,2.9,178200.0,0.0,61.5,33000.0,0.0,722.2,722.2,722.2,0.299,2026-01-28 09:13:02,5152
HDFCLIFE,2026-02-24,790.0,2.0,62700.0,0.0,72.0,3300.0,0.0,722.2,722.2,722.2,0.299,2026-01-28 09:13:02,7597
HDFCLIFE,2026-02-24,800.0,1.5,405900.0,0.0,78.2,56100.0,0.0,722.2,722.2,722.2,0.299,2026-01-28 09:13:02,10248
HDFCLIFE,2026-02-24,810.0,1.2,9900.0,0.0,74.0,9900.0,0.0,722.2,722.2,722.2,0.299,2026-01-28 09:13:02,12994
HDFCLIFE,2026-02-24,820.0,1.0,92400.0,0.0,0.0,0.0,0.0,722.2,722.2,722.2,0.299,2026-01-28 09:13:02,16066
HDFCLIFE,2026-02-24,830.0,1.0,3300.0,0.0,0.0,0.0,0.0,722.2,722.2,722.2,0.299,2026-01-28 09:13:02,19311
HDFCLIFE,2026-02-24,840.0,0.45,49500.0,0.0,0.0,0.0,0.0,722.2,722.2,722.2,0.299,2026-01-28 09:13:02,22551
HDFCLIFE,2026-02-24,850.0,0.0,0.0,0.0,129.6,11000.0,0.0,722.2,722.2,722.2,0.299,2026-01-28 09:13:02,25842
HDFCLIFE,2026-02-24,860.0,3.3,4400.0,0.0,145.5,5500.0,0.0,722.2,722.2,722.2,0.299,2026-01-28 09:13:02,29000
HDFCLIFE,2026-02-24,880.0,3.7,3300.0,0.0,157.0,6600.0,0.0,722.2,722.2,722.2,0.299,2026-01-28 09:13:02,35541
HDFCLIFE,2026-02-24,900.0,0.0,0.0,0.0,0.0,0.0,0.0,722.2,722.2,722.2,0.299,2026-01-28 09:13:02,42078
HEROMOTOCO,2026-02-24,4500.0,0.0,0.0,0.0,0.0,0.0,0.0,5407.0,5407.0,5407.0,0.502,2026-01-28 09:13:02,45097
HEROMOTOCO,2026-02-24,4600.0,757.5,300.0,0.0,13.0,150.0,0.0,5407.0,5407.0,5407.0,0.502,2026-01-28 09:13:02,39232
HEROMOTOCO,2026-02-24,4700.0,761.35,4350.0,0.0,17.65,3900.0,0.0,5407.0,5407.0,5407.0,0.502,2026-01-28 09:13:02,33394
HEROMOTOCO,2026-02-24,4800.0,568.0,900.0,0.0,25.15,19050.0,0.0,5407.0,5407.0,5407.0,0.502,2026-01-28 09:13:02,27940
HEROMOTOCO,2026-02-24,4850.0,0.0,0.0,0.0,38.15,450.0,0.0,5407.0,5407.0,5407.0,0.502,2026-01-28 09:13:02,25154
HEROMOTOCO,2026-02-24,4900.0,470.0,3000.0,0.0,35.05,13350.0,0.0,5407.0,5407.0,5407.0,0.502,2026-01-28 09:13:02,22366
HEROMOTOCO,2026-02-24,4950.0,415.1,750.0,0.0,40.0,2850.0,0.0,5407.0,5407.0,5407.0,0.502,2026-01-28 09:13:02,19755
HEROMOTOCO,2026-02-24,5000.0,379.5,6450.0,0.0,51.8,91350.0,0.0,5407.0,5407.0,5407.0,0.502,2026-01-28 09:13:02,17087
HEROMOTOCO,2026-02-24,5050.0,399.4,750.0,0.0,61.55,6000.0,0.0,5407.0,5407.0,5407.0,0.502,2026-01-28 09:13:02,14660
HEROMOTOCO,2026-02-24,5100.0,317.0,1350.0,0.0,77.0,36750.0,0.0,5407.0,5407.0,5407.0,0.502,2026-01-28 09:13:02,12489
HEROMOTOCO,2026-02-24,5150.0,270.65,2250.0,0.0,88.35,3000.0,0.0,5407.0,5407.0,5407.0,0.502,2026-01-28 09:13:02,10275
HEROMOTOCO,2026-02-24,5200.0,288.1,10800.0,0.0,105.95,48150.0,0.0,5407.0,5407.0,5407.0,0.502,2026-01-28 09:13:02,8361
HEROMOTOCO,2026-02-24,5250.0,238.4,2700.0,0.0,120.5,7350.0,0.0,5407.0,5407.0,5407.0,0.502,2026-01-28 09:13:02,6509
HEROMOTOCO,2026-02-24,5300.0,218.0,6300.0,0.0,144.0,50700.0,0.0,5407.0,5407.0,5407.0,0.502,2026-01-28 09:13:02,4883
HEROMOTOCO,2026-02-24,5350.0,189.8,13500.0,0.0,163.95,17700.0,0.0,5407.0,5407.0,5407.0,0.502,2026-01-28 09:13:02,2972
HEROMOTOCO,2026-02-24,5400.0,166.05,36300.0,0.0,194.8,43350.0,0.0,5407.0,5407.0,5407.0,0.502,2026-01-28 09:13:02,1776
HEROMOTOCO,2026-02-24,5450.0,145.0,15450.0,0.0,210.0,6750.0,0.0,5407.0,5407.0,5407.0,0.502,2026-01-28 09:13:02,771
HEROMOTOCO,2026-02-24,5500.0,123.75,62850.0,0.0,242.1,82350.0,0.0,5407.0,5407.0,5407.0,0.502,2026-01-28 09:13:02,201
HEROMOTOCO,2026-02-24,5550.0,104.85,18600.0,0.0,311.55,4650.0,0.0,5407.0,5407.0,5407.0,0.502,2026-01-28 09:13:02,-941
HEROMOTOCO,2026-02-24,5600.0,90.1,56550.0,0.0,333.0,34050.0,0.0,5407.0,5407.0,5407.0,0.502,2026-01-28 09:13:02,-701
HEROMOTOCO,2026-02-24,5650.0,76.65,12150.0,0.0,284.7,750.0,0.0,5407.0,5407.0,5407.0,0.502,2026-01-28 09:13:02,-682
HEROMOTOCO,2026-02-24,5700.0,64.2,64650.0,0.0,403.4,46650.0,0.0,5407.0,5407.0,5407.0,0.502,2026-01-28 09:13:02,96
HEROMOTOCO,2026-02-24,5750.0,54.25,4050.0,0.0,457.0,1350.0,0.0,5407.0,5407.0,5407.0,0.502,2026-01-28 09:13:02,-106
HEROMOTOCO,2026-02-24,5800.0,45.9,106200.0,0.0,461.4,12900.0,0.0,5407.0,5407.0,5407.0,0.502,2026-01-28 09:13:02,1144
HEROMOTOCO,2026-02-24,5850.0,38.5,5100.0,0.0,415.0,150.0,0.0,5407.0,5407.0,5407.0,0.502,2026-01-28 09:13:02,2922
HEROMOTOCO,2026-02-24,5900.0,32.55,34050.0,0.0,565.0,12600.0,0.0,5407.0,5407.0,5407.0,0.502,2026-01-28 09:13:02,4848
HEROMOTOCO,2026-02-24,5950.0,27.25,16500.0,0.0,640.0,750.0,0.0,5407.0,5407.0,5407.0,0.502,2026-01-28 09:13:02,6393
HEROMOTOCO,2026-02-24,6000.0,22.85,140100.0,0.0,666.0,23400.0,0.0,5407.0,5407.0,5407.0,0.502,2026-01-28 09:13:02,8622
HEROMOTOCO,2026-02-24,6050.0,15.6,8850.0,0.0,0.0,0.0,0.0,5407.0,5407.0,5407.0,0.502,2026-01-28 09:13:02,10433
HEROMOTOCO,2026-02-24,6100.0,15.6,25200.0,0.0,652.95,3150.0,0.0,5407.0,5407.0,5407.0,0.502,2026-01-28 09:13:02,13541
HEROMOTOCO,2026-02-24,6150.0,12.35,1800.0,0.0,0.0,0.0,0.0,5407.0,5407.0,5407.0,0.502,2026-01-28 09:13:02,16610
HEROMOTOCO,2026-02-24,6200.0,10.95,38250.0,0.0,880.0,11850.0,0.0,5407.0,5407.0,5407.0,0.502,2026-01-28 09:13:02,19856
HEROMOTOCO,2026-02-24,6250.0,22.7,300.0,0.0,0.0,0.0,0.0,5407.0,5407.0,5407.0,0.502,2026-01-28 09:13:02,22351
HEROMOTOCO,2026-02-24,6300.0,7.0,300.0,0.0,900.0,750.0,0.0,5407.0,5407.0,5407.0,0.502,2026-01-28 09:13:02,25848
HEROMOTOCO,2026-02-24,6350.0,0.0,0.0,0.0,0.0,0.0,0.0,5407.0,5407.0,5407.0,0.502,2026-01-28 09:13:02,29282
HEROMOTOCO,2026-02-24,6400.0,4.95,48300.0,0.0,0.0,0.0,0.0,5407.0,5407.0,5407.0,0.502,2026-01-28 09:13:02,32784
HEROMOTOCO,2026-02-24,6450.0,10.0,3150.0,0.0,0.0,0.0,0.0,5407.0,5407.0,5407.0,0.502,2026-01-28 09:13:02,36551
HEROMOTOCO,2026-02-24,6500.0,4.55,3450.0,0.0,0.0,0.0,0.0,5407.0,5407.0,5407.0,0.502,2026-01-28 09:13:02,40313
HEROMOTOCO,2026-02-24,6550.0,8.9,3150.0,0.0,0.0,0.0,0.0,5407.0,5407.0,5407.0,0.502,2026-01-28 09:13:02,44091
HEROMOTOCO,2026-02-24,6600.0,0.0,0.0,0.0,0.0,0.0,0.0,5407.0,5407.0,5407.0,0.502,2026-01-28 09:13:02,47886
HEROMOTOCO,2026-02-24,6700.0,12.15,300.0,0.0,0.0,0.0,0.0,5407.0,5407.0,5407.0,0.502,2026-01-28 09:13:02,55470
HEROMOTOCO,2026-02-24,6800.0,2.5,17100.0,0.0,0.0,0.0,0.0,5407.0,5407.0,5407.0,0.502,2026-01-28 09:13:02,63057
HEROMOTOCO,2026-02-24,6900.0,5.75,0.0,0.0,1500.0,300.0,0.0,5407.0,5407.0,5407.0,0.502,2026-01-28 09:13:02,70819
HINDALCO,2026-02-24,680.0,0.0,0.0,0.0,0.55,2100.0,0.0,971.05,971.05,971.05,0.956,2026-01-28 09:13:02,69675
HINDALCO,2026-02-24,760.0,200.0,2800.0,0.0,1.0,13300.0,0.0,971.05,971.05,971.05,0.956,2026-01-28 09:13:02,40667
HINDALCO,2026-02-24,780.0,180.0,13300.0,0.0,1.5,3500.0,0.0,971.05,971.05,971.05,0.956,2026-01-28 09:13:02,33502
HINDALCO,2026-02-24,800.0,163.15,64400.0,0.0,2.1,104300.0,0.0,971.05,971.05,971.05,0.956,2026-01-28 09:13:02,26555
HINDALCO,2026-02-24,810.0,140.0,700.0,0.0,2.3,12600.0,0.0,971.05,971.05,971.05,0.956,2026-01-28 09:13:02,24159
HINDALCO,2026-02-24,820.0,142.0,11900.0,0.0,2.6,37100.0,0.0,971.05,971.05,971.05,0.956,2026-01-28 09:13:02,20755
HINDALCO,2026-02-24,830.0,0.0,0.0,0.0,2.9,18900.0,0.0,971.05,971.05,971.05,0.956,2026-01-28 09:13:02,17552
HINDALCO,2026-02-24,840.0,130.0,11200.0,0.0,3.6,28700.0,0.0,971.05,971.05,971.05,0.956,2026-01-28 09:13:02,14204
HINDALCO,2026-02-24,850.0,113.0,70000.0,0.0,4.55,118300.0,0.0,971.05,971.05,971.05,0.956,2026-01-28 09:13:02,11036
HINDALCO,2026-02-24,860.0,106.3,11900.0,0.0,5.35,143500.0,0.0,971.05,971.05,971.05,0.956,2026-01-28 09:13:02,8658
HINDALCO,2026-02-24,870.0,99.85,9800.0,0.0,6.5,54600.0,0.0,971.05,971.05,971.05,0.956,2026-01-28 09:13:02,5748
HINDALCO,2026-02-24,880.0,88.0,16800.0,0.0,7.85,207200.0,0.0,971.05,971.05,971.05,0.956,2026-01-28 09:13:02,2915
HINDALCO,2026-02-24,890.0,78.0,4900.0,0.0,9.55,65800.0,0.0,971.05,971.05,971.05,0.956,2026-01-28 09:13:02,229
HINDALCO,2026-02-24,900.0,75.25,217700.0,0.0,11.35,935200.0,0.0,971.05,971.05,971.05,0.956,2026-01-28 09:13:02,-2395
HINDALCO,2026-02-24,910.0,52.0,4900.0,0.0,13.65,95900.0,0.0,971.05,971.05,971.05,0.956,2026-01-28 09:13:02,-3266
HINDALCO,2026-02-24,920.0,59.8,137200.0,0.0,16.6,235900.0,0.0,971.05,971.05,971.05,0.956,2026-01-28 09:13:02,-4718
HINDALCO,2026-02-24,930.0,54.3,296100.0,0.0,19.5,301000.0,0.0,971.05,971.05,971.05,0.956,2026-01-28 09:13:02,-5263
HINDALCO,2026-02-24,940.0,47.65,219800.0,0.0,23.4,228200.0,0.0,971.05,971.05,971.05,0.956,2026-01-28 09:13:02,-4619
HINDALCO,2026-02-24,950.0,41.85,341600.0,0.0,27.65,247800.0,0.0,971.05,971.05,971.05,0.956,2026-01-28 09:13:02,-4034
HINDALCO,2026-02-24,960.0,36.65,423500.0,0.0,32.45,338800.0,0.0,971.05,971.05,971.05,0.956,2026-01-28 09:13:02,-2629
HINDALCO,2026-02-24,970.0,31.7,267400.0,0.0,37.4,123900.0,0.0,971.05,971.05,971.05,0.956,2026-01-28 09:13:02,-753
HINDALCO,2026-02-24,980.0,27.35,373100.0,0.0,43.1,91700.0,0.0,971.05,971.05,971.05,0.956,2026-01-28 09:13:02,1445
HINDALCO,2026-02-24,990.0,23.7,189000.0,0.0,48.95,23100.0,0.0,971.05,971.05,971.05,0.956,2026-01-28 09:13:02,4349
HINDALCO,2026-02-24,1000.0,20.25,744100.0,0.0,56.0,167300.0,0.0,971.05,971.05,971.05,0.956,2026-01-28 09:13:02,7175
HINDALCO,2026-02-24,1010.0,17.1,64400.0,0.0,0.0,0.0,0.0,971.05,971.05,971.05,0.956,2026-01-28 09:13:02,11148
HINDALCO,2026-02-24,1020.0,14.55,133000.0,0.0,98.0,1400.0,0.0,971.05,971.05,971.05,0.956,2026-01-28 09:13:02,14725
HINDALCO,2026-02-24,1030.0,12.45,212800.0,0.0,0.0,0.0,0.0,971.05,971.05,971.05,0.956,2026-01-28 09:13:02,18506
HINDALCO,2026-02-24,1040.0,10.25,163800.0,0.0,86.0,2100.0,0.0,971.05,971.05,971.05,0.956,2026-01-28 09:13:02,22586
HINDALCO,2026-02-24,1050.0,8.7,183400.0,0.0,93.0,700.0,0.0,971.05,971.05,971.05,0.956,2026-01-28 09:13:02,26716
HINDALCO,2026-02-24,1060.0,7.3,126000.0,0.0,98.55,24500.0,0.0,971.05,971.05,971.05,0.956,2026-01-28 09:13:02,31033
HINDALCO,2026-02-24,1080.0,5.2,183400.0,0.0,111.75,700.0,0.0,971.05,971.05,971.05,0.956,2026-01-28 09:13:02,39513
HINDPETRO,2026-02-24,340.0,0.0,0.0,0.0,0.0,0.0,0.0,421.0,421.0,421.0,0.393,2026-01-28 09:13:02,50468
HINDPETRO,2026-02-24,350.0,0.0,0.0,0.0,0.0,0.0,0.0,421.0,421.0,421.0,0.393,2026-01-28 09:13:02,43852
HINDPETRO,2026-02-24,360.0,0.0,0.0,0.0,1.65,164025.0,0.0,421.0,421.0,421.0,0.393,2026-01-28 09:13:02,37237
HINDPETRO,2026-02-24,370.0,52.0,2025.0,0.0,2.45,151875.0,0.0,421.0,421.0,421.0,0.393,2026-01-28 09:13:02,30758
HINDPETRO,2026-02-24,375.0,0.0,0.0,0.0,0.0,0.0,0.0,421.0,421.0,421.0,0.393,2026-01-28 09:13:02,27583
HINDPETRO,2026-02-24,380.0,0.0,0.0,0.0,3.65,587250.0,0.0,421.0,421.0,421.0,0.393,2026-01-28 09:13:02,24434
HINDPETRO,2026-02-24,385.0,0.0,0.0,0.0,4.3,95175.0,0.0,421.0,421.0,421.0,0.393,2026-01-28 09:13:02,21364
HINDPETRO,2026-02-24,390.0,34.85,32400.0,0.0,5.45,439425.0,0.0,421.0,421.0,421.0,0.393,2026-01-28 09:13:02,18515
HINDPETRO,2026-02-24,395.0,30.85,36450.0,0.0,6.15,50625.0,0.0,421.0,421.0,421.0,0.393,2026-01-28 09:13:02,15817
HINDPETRO,2026-02-24,400.0,30.25,58725.0,0.0,7.45,577125.0,0.0,421.0,421.0,421.0,0.393,2026-01-28 09:13:02,13370
HINDPETRO,2026-02-24,405.0,24.1,36450.0,0.0,8.55,66825.0,0.0,421.0,421.0,421.0,0.393,2026-01-28 09:13:02,10908
HINDPETRO,2026-02-24,410.0,23.7,113400.0,0.0,10.2,265275.0,0.0,421.0,421.0,421.0,0.393,2026-01-28 09:13:02,8780
HINDPETRO,2026-02-24,415.0,19.8,196425.0,0.0,12.7,287550.0,0.0,421.0,421.0,421.0,0.393,2026-01-28 09:13:02,6809
HINDPETRO,2026-02-24,420.0,16.9,607500.0,0.0,14.55,735075.0,0.0,421.0,421.0,421.0,0.393,2026-01-28 09:13:02,5105
HINDPETRO,2026-02-24,425.0,14.5,249075.0,0.0,16.95,313875.0,0.0,421.0,421.0,421.0,0.393,2026-01-28 09:13:02,4006
HINDPETRO,2026-02-24,430.0,12.2,726975.0,0.0,19.7,564975.0,0.0,421.0,421.0,421.0,0.393,2026-01-28 09:13:02,3061
HINDPETRO,2026-02-24,435.0,10.3,125550.0,0.0,24.9,83025.0,0.0,421.0,421.0,421.0,0.393,2026-01-28 09:13:02,2706
HINDPETRO,2026-02-24,440.0,8.25,637875.0,0.0,28.1,429300.0,0.0,421.0,421.0,421.0,0.393,2026-01-28 09:13:02,2604
HINDPETRO,2026-02-24,445.0,6.75,101250.0,0.0,24.25,4050.0,0.0,421.0,421.0,421.0,0.393,2026-01-28 09:13:02,2433
HINDPETRO,2026-02-24,450.0,5.6,921375.0,0.0,32.5,688500.0,0.0,421.0,421.0,421.0,0.393,2026-01-28 09:13:02,3054
HINDPETRO,2026-02-24,455.0,4.3,277425.0,0.0,39.0,20250.0,0.0,421.0,421.0,421.0,0.393,2026-01-28 09:13:02,2699
HINDPETRO,2026-02-24,460.0,3.65,514350.0,0.0,43.0,251100.0,0.0,421.0,421.0,421.0,0.393,2026-01-28 09:13:02,4255
HINDPETRO,2026-02-24,465.0,2.9,48600.0,0.0,47.9,30375.0,0.0,421.0,421.0,421.0,0.393,2026-01-28 09:13:02,5262
HINDPETRO,2026-02-24,470.0,2.4,400950.0,0.0,50.7,176175.0,0.0,421.0,421.0,421.0,0.393,2026-01-28 09:13:02,7068
HINDPETRO,2026-02-24,475.0,1.8,66825.0,0.0,57.15,32400.0,0.0,421.0,421.0,421.0,0.393,2026-01-28 09:13:02,8498
HINDPETRO,2026-02-24,480.0,1.6,429300.0,0.0,58.05,263250.0,0.0,421.0,421.0,421.0,0.393,2026-01-28 09:13:02,10601
HINDPETRO,2026-02-24,485.0,1.3,8100.0,0.0,52.0,8100.0,0.0,421.0,421.0,421.0,0.393,2026-01-28 09:13:02,11763
HINDPETRO,2026-02-24,490.0,1.3,125550.0,0.0,71.9,74925.0,0.0,421.0,421.0,421.0,0.393,2026-01-28 09:13:02,14353
HINDPETRO,2026-02-24,495.0,1.55,26325.0,0.0,0.0,0.0,0.0,421.0,421.0,421.0,0.393,2026-01-28 09:13:02,16561
HINDPETRO,2026-02-24,500.0,0.9,666225.0,0.0,79.0,212625.0,0.0,421.0,421.0,421.0,0.393,2026-01-28 09:13:02,19309
HINDPETRO,2026-02-24,505.0,0.0,0.0,0.0,0.0,0.0,0.0,421.0,421.0,421.0,0.393,2026-01-28 09:13:02,20873
HINDPETRO,2026-02-24,510.0,3.25,30375.0,0.0,85.2,18225.0,0.0,421.0,421.0,421.0,0.393,2026-01-28 09:13:02,24056
HINDPETRO,2026-02-24,515.0,0.0,0.0,0.0,0.0,0.0,0.0,421.0,421.0,421.0,0.393,2026-01-28 09:13:02,27118
HINDPETRO,2026-02-24,520.0,0.55,178200.0,0.0,0.0,0.0,0.0,421.0,421.0,421.0,0.393,2026-01-28 09:13:02,30326
HINDPETRO,2026-02-24,525.0,0.0,0.0,0.0,0.0,0.0,0.0,421.0,421.0,421.0,0.393,2026-01-28 09:13:02,33632
HINDPETRO,2026-02-24,530.0,0.55,36450.0,0.0,110.0,4050.0,0.0,421.0,421.0,421.0,0.393,2026-01-28 09:13:02,36929
HINDPETRO,2026-02-24,535.0,0.0,0.0,0.0,0.0,0.0,0.0,421.0,421.0,421.0,0.393,2026-01-28 09:13:02,40203
HINDPETRO,2026-02-24,540.0,0.5,101250.0,0.0,85.5,20250.0,0.0,421.0,421.0,421.0,0.393,2026-01-28 09:13:02,43520
HINDPETRO,2026-02-24,545.0,0.3,2025.0,0.0,0.0,0.0,0.0,421.0,421.0,421.0,0.393,2026-01-28 09:13:02,46730
HINDPETRO,2026-02-24,550.0,0.3,123525.0,0.0,0.0,0.0,0.0,421.0,421.0,421.0,0.393,2026-01-28 09:13:02,50109
HINDPETRO,2026-02-24,560.0,0.0,0.0,0.0,0.0,0.0,0.0,421.0,421.0,421.0,0.393,2026-01-28 09:13:02,56993
HINDPETRO,2026-02-24,570.0,0.0,0.0,0.0,0.0,0.0,0.0,421.0,421.0,421.0,0.393,2026-01-28 09:13:02,63874
HINDUNILVR,2026-02-24,1960.0,0.0,0.0,0.0,0.0,0.0,0.0,2403.1,2403.1,2403.1,0.092,2026-01-28 09:13:02,45546
HINDUNILVR,2026-02-24,2000.0,0.0,0.0,0.0,2.0,3900.0,0.0,2403.1,2403.1,2403.1,0.092,2026-01-28 09:13:02,39966
HINDUNILVR,2026-02-24,2040.0,0.0,0.0,0.0,1.75,1200.0,0.0,2403.1,2403.1,2403.1,0.092,2026-01-28 09:13:02,34401
HINDUNILVR,2026-02-24,2080.0,0.0,0.0,0.0,3.05,4200.0,0.0,2403.1,2403.1,2403.1,0.092,2026-01-28 09:13:02,28841
HINDUNILVR,2026-02-24,2100.0,0.0,0.0,0.0,4.45,15900.0,0.0,2403.1,2403.1,2403.1,0.092,2026-01-28 09:13:02,26068
HINDUNILVR,2026-02-24,2120.0,0.0,0.0,0.0,5.6,13500.0,0.0,2403.1,2403.1,2403.1,0.092,2026-01-28 09:13:02,23322
HINDUNILVR,2026-02-24,2140.0,0.0,0.0,0.0,5.45,18900.0,0.0,2403.1,2403.1,2403.1,0.092,2026-01-28 09:13:02,20601
HINDUNILVR,2026-02-24,2160.0,0.0,0.0,0.0,6.45,18900.0,0.0,2403.1,2403.1,2403.1,0.092,2026-01-28 09:13:02,17916
HINDUNILVR,2026-02-24,2180.0,0.0,0.0,0.0,8.5,16800.0,0.0,2403.1,2403.1,2403.1,0.092,2026-01-28 09:13:02,15267
HINDUNILVR,2026-02-24,2200.0,223.0,1500.0,0.0,10.3,126300.0,0.0,2403.1,2403.1,2403.1,0.092,2026-01-28 09:13:02,12649
HINDUNILVR,2026-02-24,2220.0,0.0,0.0,0.0,11.75,96600.0,0.0,2403.1,2403.1,2403.1,0.092,2026-01-28 09:13:02,10205
HINDUNILVR,2026-02-24,2240.0,0.0,0.0,0.0,14.35,94800.0,0.0,2403.1,2403.1,2403.1,0.092,2026-01-28 09:13:02,7937
HINDUNILVR,2026-02-24,2260.0,0.0,0.0,0.0,16.55,51900.0,0.0,2403.1,2403.1,2403.1,0.092,2026-01-28 09:13:02,5836
HINDUNILVR,2026-02-24,2280.0,128.0,300.0,0.0,19.6,36000.0,0.0,2403.1,2403.1,2403.1,0.092,2026-01-28 09:13:02,3889
HINDUNILVR,2026-02-24,2300.0,131.0,37500.0,0.0,23.5,158700.0,0.0,2403.1,2403.1,2403.1,0.092,2026-01-28 09:13:02,2033
HINDUNILVR,2026-02-24,2320.0,115.55,4800.0,0.0,28.75,30000.0,0.0,2403.1,2403.1,2403.1,0.092,2026-01-28 09:13:02,755
HINDUNILVR,2026-02-24,2340.0,101.9,5400.0,0.0,33.3,103800.0,0.0,2403.1,2403.1,2403.1,0.092,2026-01-28 09:13:02,-601
HINDUNILVR,2026-02-24,2360.0,98.4,16200.0,0.0,38.95,53100.0,0.0,2403.1,2403.1,2403.1,0.092,2026-01-28 09:13:02,-2000
HINDUNILVR,2026-02-24,2380.0,83.75,29400.0,0.0,46.85,77100.0,0.0,2403.1,2403.1,2403.1,0.092,2026-01-28 09:13:02,-3017
HINDUNILVR,2026-02-24,2400.0,73.7,133800.0,0.0,55.35,134100.0,0.0,2403.1,2403.1,2403.1,0.092,2026-01-28 09:13:02,-3888
HINDUNILVR,2026-02-24,2420.0,63.4,94200.0,0.0,63.9,118500.0,0.0,2403.1,2403.1,2403.1,0.092,2026-01-28 09:13:02,-3865
HINDUNILVR,2026-02-24,2440.0,53.85,180600.0,0.0,74.8,69000.0,0.0,2403.1,2403.1,2403.1,0.092,2026-01-28 09:13:02,-3821
HINDUNILVR,2026-02-24,2460.0,45.95,91800.0,0.0,96.05,6000.0,0.0,2403.1,2403.1,2403.1,0.092,2026-01-28 09:13:02,-2660
HINDUNILVR,2026-02-24,2480.0,38.4,37800.0,0.0,111.25,3000.0,0.0,2403.1,2403.1,2403.1,0.092,2026-01-28 09:13:02,-1397
HINDUNILVR,2026-02-24,2500.0,32.35,330000.0,0.0,114.8,105900.0,0.0,2403.1,2403.1,2403.1,0.092,2026-01-28 09:13:02,-304
HINDUNILVR,2026-02-24,2520.0,27.05,43500.0,0.0,124.05,300.0,0.0,2403.1,2403.1,2403.1,0.092,2026-01-28 09:13:02,1400
HINDUNILVR,2026-02-24,2540.0,22.8,38400.0,0.0,163.95,300.0,0.0,2403.1,2403.1,2403.1,0.092,2026-01-28 09:13:02,3454
HINDUNILVR,2026-02-24,2560.0,19.25,39600.0,0.0,175.05,2400.0,0.0,2403.1,2403.1,2403.1,0.092,2026-01-28 09:13:02,5554
HINDUNILVR,2026-02-24,2580.0,16.2,51000.0,0.0,180.2,300.0,0.0,2403.1,2403.1,2403.1,0.092,2026-01-28 09:13:02,7690
HINDUNILVR,2026-02-24,2600.0,13.45,153300.0,0.0,204.0,26100.0,0.0,2403.1,2403.1,2403.1,0.092,2026-01-28 09:13:02,9972
HINDUNILVR,2026-02-24,2620.0,11.05,45300.0,0.0,0.0,0.0,0.0,2403.1,2403.1,2403.1,0.092,2026-01-28 09:13:02,12209
HINDUNILVR,2026-02-24,2640.0,9.65,45900.0,0.0,235.7,300.0,0.0,2403.1,2403.1,2403.1,0.092,2026-01-28 09:13:02,14913
HINDUNILVR,2026-02-24,2660.0,8.45,52800.0,0.0,273.15,300.0,0.0,2403.1,2403.1,2403.1,0.092,2026-01-28 09:13:02,17696
HINDUNILVR,2026-02-24,2680.0,6.95,76200.0,0.0,248.25,1200.0,0.0,2403.1,2403.1,2403.1,0.092,2026-01-28 09:13:02,20585
HINDUNILVR,2026-02-24,2720.0,5.35,30600.0,0.0,306.0,1500.0,0.0,2403.1,2403.1,2403.1,0.092,2026-01-28 09:13:02,26623
HINDUNILVR,2026-02-24,2760.0,4.05,30000.0,0.0,338.0,300.0,0.0,2403.1,2403.1,2403.1,0.092,2026-01-28 09:13:02,32736
HINDUNILVR,2026-02-24,2800.0,3.45,49500.0,0.0,396.95,3900.0,0.0,2403.1,2403.1,2403.1,0.092,2026-01-28 09:13:02,39002
HINDZINC,2026-02-24,420.0,0.0,0.0,0.0,0.1,20825.0,0.0,712.0,712.0,712.0,-2.09,2026-01-28 09:13:02,246098
HINDZINC,2026-02-24,440.0,0.0,0.0,0.0,0.7,22050.0,0.0,712.0,712.0,712.0,-2.09,2026-01-28 09:13:02,215166
HINDZINC,2026-02-24,460.0,0.0,0.0,0.0,0.3,11025.0,0.0,712.0,712.0,712.0,-2.09,2026-01-28 09:13:02,184277
HINDZINC,2026-02-24,470.0,0.0,0.0,0.0,0.75,4900.0,0.0,712.0,712.0,712.0,-2.09,2026-01-28 09:13:02,168844
HINDZINC,2026-02-24,480.0,0.0,0.0,0.0,0.9,55125.0,0.0,712.0,712.0,712.0,-2.09,2026-01-28 09:13:02,153416
HINDZINC,2026-02-24,490.0,0.0,0.0,0.0,1.4,6125.0,0.0,712.0,712.0,712.0,-2.09,2026-01-28 09:13:02,138039
HINDZINC,2026-02-24,500.0,214.0,34300.0,0.0,1.0,243775.0,0.0,712.0,712.0,712.0,-2.09,2026-01-28 09:13:02,122672
HINDZINC,2026-02-24,505.0,0.0,0.0,0.0,0.0,0.0,0.0,712.0,712.0,712.0,-2.09,2026-01-28 09:13:02,115837
HINDZINC,2026-02-24,510.0,0.0,0.0,0.0,1.2,71050.0,0.0,712.0,712.0,712.0,-2.09,2026-01-28 09:13:02,108293
HINDZINC,2026-02-24,515.0,0.0,0.0,0.0,3.35,4900.0,0.0,712.0,712.0,712.0,-2.09,2026-01-28 09:13:02,100776
HINDZINC,2026-02-24,520.0,192.0,6125.0,0.0,2.5,11025.0,0.0,712.0,712.0,712.0,-2.09,2026-01-28 09:13:02,93268
HINDZINC,2026-02-24,525.0,153.25,1225.0,0.0,2.55,9800.0,0.0,712.0,712.0,712.0,-2.09,2026-01-28 09:13:02,85885
HINDZINC,2026-02-24,530.0,0.0,0.0,0.0,1.7,79625.0,0.0,712.0,712.0,712.0,-2.09,2026-01-28 09:13:02,78409
HINDZINC,2026-02-24,535.0,0.0,0.0,0.0,1.9,1225.0,0.0,712.0,712.0,712.0,-2.09,2026-01-28 09:13:02,70944
HINDZINC,2026-02-24,540.0,164.0,1225.0,0.0,2.3,90650.0,0.0,712.0,712.0,712.0,-2.09,2026-01-28 09:13:02,63492
HINDZINC,2026-02-24,545.0,0.0,0.0,0.0,3.05,4900.0,0.0,712.0,712.0,712.0,-2.09,2026-01-28 09:13:02,56085
HINDZINC,2026-02-24,550.0,175.0,40425.0,0.0,2.8,318500.0,0.0,712.0,712.0,712.0,-2.09,2026-01-28 09:13:02,48680
HINDZINC,2026-02-24,555.0,0.0,0.0,0.0,2.8,49000.0,0.0,712.0,712.0,712.0,-2.09,2026-01-28 09:13:02,42075
HINDZINC,2026-02-24,560.0,154.0,17150.0,0.0,3.15,155575.0,0.0,712.0,712.0,712.0,-2.09,2026-01-28 09:13:02,34862
HINDZINC,2026-02-24,565.0,0.0,0.0,0.0,3.6,22050.0,0.0,712.0,712.0,712.0,-2.09,2026-01-28 09:13:02,27964
HINDZINC,2026-02-24,570.0,139.0,18375.0,0.0,3.75,165375.0,0.0,712.0,712.0,712.0,-2.09,2026-01-28 09:13:02,20854
HINDZINC,2026-02-24,575.0,0.0,0.0,0.0,4.35,50225.0,0.0,712.0,712.0,712.0,-2.09,2026-01-28 09:13:02,14037
HINDZINC,2026-02-24,580.0,145.0,74725.0,0.0,4.7,699475.0,0.0,712.0,712.0,712.0,-2.09,2026-01-28 09:13:02,7031
HINDZINC,2026-02-24,585.0,0.0,0.0,0.0,5.25,41650.0,0.0,712.0,712.0,712.0,-2.09,2026-01-28 09:13:02,1188
HINDZINC,2026-02-24,590.0,104.25,0.0,0.0,5.75,238875.0,0.0,712.0,712.0,712.0,-2.09,2026-01-28 09:13:02,-5410
HINDZINC,2026-02-24,595.0,0.0,0.0,0.0,6.6,12250.0,0.0,712.0,712.0,712.0,-2.09,2026-01-28 09:13:02,-12005
HINDZINC,2026-02-24,600.0,132.3,367500.0,0.0,6.85,1406300.0,0.0,712.0,712.0,712.0,-2.09,2026-01-28 09:13:02,-18465
HINDZINC,2026-02-24,605.0,75.75,1225.0,0.0,7.35,31850.0,0.0,712.0,712.0,712.0,-2.09,2026-01-28 09:13:02,-20131
HINDZINC,2026-02-24,610.0,122.9,26950.0,0.0,8.15,290325.0,0.0,712.0,712.0,712.0,-2.09,2026-01-28 09:13:02,-25693
HINDZINC,2026-02-24,615.0,94.75,2450.0,0.0,8.8,66150.0,0.0,712.0,712.0,712.0,-2.09,2026-01-28 09:13:02,-30988
HINDZINC,2026-02-24,620.0,114.45,147000.0,0.0,9.6,532875.0,0.0,712.0,712.0,712.0,-2.09,2026-01-28 09:13:02,-36378
HINDZINC,2026-02-24,625.0,108.0,25725.0,0.0,10.2,109025.0,0.0,712.0,712.0,712.0,-2.09,2026-01-28 09:13:02,-40222
HINDZINC,2026-02-24,630.0,105.15,131075.0,0.0,11.3,322175.0,0.0,712.0,712.0,712.0,-2.09,2026-01-28 09:13:02,-45003
HINDZINC,2026-02-24,635.0,99.7,3675.0,0.0,12.1,101675.0,0.0,712.0,712.0,712.0,-2.09,2026-01-28 09:13:02,-48710
HINDZINC,2026-02-24,640.0,99.9,376075.0,0.0,13.25,461825.0,0.0,712.0,712.0,712.0,-2.09,2026-01-28 09:13:02,-53465
HINDZINC,2026-02-24,645.0,73.0,40425.0,0.0,14.25,124950.0,0.0,712.0,712.0,712.0,-2.09,2026-01-28 09:13:02,-54569
HINDZINC,2026-02-24,650.0,91.15,982450.0,0.0,15.45,1293600.0,0.0,712.0,712.0,712.0,-2.09,2026-01-28 09:13:02,-58619
HINDZINC,2026-02-24,655.0,75.5,83300.0,0.0,16.8,169050.0,0.0,712.0,712.0,712.0,-2.09,2026-01-28 09:13:02,-54692
HINDZINC,2026-02-24,660.0,82.8,388325.0,0.0,18.1,505925.0,0.0,712.0,712.0,712.0,-2.09,2026-01-28 09:13:02,-57249
HINDZINC,2026-02-24,665.0,79.4,68600.0,0.0,19.25,187425.0,0.0,712.0,712.0,712.0,-2.09,2026-01-28 09:13:02,-57405
HINDZINC,2026-02-24,670.0,76.25,238875.0,0.0,20.95,411600.0,0.0,712.0,712.0,712.0,-2.09,2026-01-28 09:13:02,-59549
HINDZINC,2026-02-24,675.0,72.05,118825.0,0.0,22.2,360150.0,0.0,712.0,712.0,712.0,-2.09,2026-01-28 09:13:02,-60592
HINDZINC,2026-02-24,680.0,69.0,482650.0,0.0,24.1,575750.0,0.0,712.0,712.0,712.0,-2.09,2026-01-28 09:13:02,-62298
HINDZINC,2026-02-24,685.0,66.15,159250.0,0.0,25.45,200900.0,0.0,712.0,712.0,712.0,-2.09,2026-01-28 09:13:02,-61589
HINDZINC,2026-02-24,690.0,63.5,438550.0,0.0,27.8,998375.0,0.0,712.0,712.0,712.0,-2.09,2026-01-28 09:13:02,-62100
HINDZINC,2026-02-24,695.0,60.4,162925.0,0.0,29.35,194775.0,0.0,712.0,712.0,712.0,-2.09,2026-01-28 09:13:02,-62426
HINDZINC,2026-02-24,700.0,57.55,2632525.0,0.0,31.85,1493275.0,0.0,712.0,712.0,712.0,-2.09,2026-01-28 09:13:02,-62170
HINDZINC,2026-02-24,705.0,54.85,162925.0,0.0,33.95,253575.0,0.0,712.0,712.0,712.0,-2.09,2026-01-28 09:13:02,-49869
HINDZINC,2026-02-24,710.0,52.2,535325.0,0.0,36.7,884450.0,0.0,712.0,712.0,712.0,-2.09,2026-01-28 09:13:02,-47721
HINDZINC,2026-02-24,715.0,49.6,290325.0,0.0,38.7,210700.0,0.0,712.0,712.0,712.0,-2.09,2026-01-28 09:13:02,-45348
HINDZINC,2026-02-24,720.0,47.25,1470000.0,0.0,41.45,824425.0,0.0,712.0,712.0,712.0,-2.09,2026-01-28 09:13:02,-41648
HINDZINC,2026-02-24,725.0,44.9,443450.0,0.0,44.05,156800.0,0.0,712.0,712.0,712.0,-2.09,2026-01-28 09:13:02,-33897
HINDZINC,2026-02-24,730.0,42.75,2012675.0,0.0,46.4,338100.0,0.0,712.0,712.0,712.0,-2.09,2026-01-28 09:13:02,-28074
HINDZINC,2026-02-24,735.0,40.5,264600.0,0.0,49.9,90650.0,0.0,712.0,712.0,712.0,-2.09,2026-01-28 09:13:02,-15340
HINDZINC,2026-02-24,740.0,38.3,926100.0,0.0,52.7,111475.0,0.0,712.0,712.0,712.0,-2.09,2026-01-28 09:13:02,-8845
HINDZINC,2026-02-24,745.0,36.3,154350.0,0.0,57.0,40425.0,0.0,712.0,712.0,712.0,-2.09,2026-01-28 09:13:02,508
HINDZINC,2026-02-24,750.0,34.3,3830575.0,0.0,57.95,287875.0,0.0,712.0,712.0,712.0,-2.09,2026-01-28 09:13:02,7329
HINDZINC,2026-02-24,755.0,32.6,520625.0,0.0,90.0,6125.0,0.0,712.0,712.0,712.0,-2.09,2026-01-28 09:13:02,27351
HINDZINC,2026-02-24,760.0,30.8,542675.0,0.0,0.0,0.0,0.0,712.0,712.0,712.0,-2.09,2026-01-28 09:13:02,37808
HINDZINC,2026-02-24,765.0,29.1,110250.0,0.0,0.0,0.0,0.0,712.0,712.0,712.0,-2.09,2026-01-28 09:13:02,48565
HINDZINC,2026-02-24,770.0,27.5,410375.0,0.0,74.0,1225.0,0.0,712.0,712.0,712.0,-2.09,2026-01-28 09:13:02,58027
HINDZINC,2026-02-24,775.0,26.65,150675.0,0.0,0.0,0.0,0.0,712.0,712.0,712.0,-2.09,2026-01-28 09:13:02,68493
HINDZINC,2026-02-24,780.0,24.8,1316875.0,0.0,0.0,0.0,0.0,712.0,712.0,712.0,-2.09,2026-01-28 09:13:02,78317
HINDZINC,2026-02-24,785.0,23.4,124950.0,0.0,0.0,0.0,0.0,712.0,712.0,712.0,-2.09,2026-01-28 09:13:02,91663
HINDZINC,2026-02-24,790.0,22.2,1174775.0,0.0,106.0,31850.0,0.0,712.0,712.0,712.0,-2.09,2026-01-28 09:13:02,102098
HINDZINC,2026-02-24,795.0,21.05,134750.0,0.0,0.0,0.0,0.0,712.0,712.0,712.0,-2.09,2026-01-28 09:13:02,115115
HINDZINC,2026-02-24,800.0,20.0,4286275.0,0.0,94.0,20825.0,0.0,712.0,712.0,712.0,-2.09,2026-01-28 09:13:02,126212
HINDZINC,2026-02-24,810.0,0.0,0.0,0.0,0.0,0.0,0.0,712.0,712.0,712.0,-2.09,2026-01-28 09:13:02,160524
HINDZINC,2026-02-24,820.0,0.0,0.0,0.0,0.0,0.0,0.0,712.0,712.0,712.0,-2.09,2026-01-28 09:13:02,186458
HUDCO,2026-02-24,165.0,32.01,197025.0,0.0,1.43,83250.0,0.0,198.99,198.99,198.99,0.434,2026-01-28 09:13:02,30410
HUDCO,2026-02-24,167.5,0.0,0.0,0.0,0.0,0.0,0.0,198.99,198.99,198.99,0.434,2026-01-28 09:13:02,28602
HUDCO,2026-02-24,170.0,30.5,27750.0,0.0,1.8,183150.0,0.0,198.99,198.99,198.99,0.434,2026-01-28 09:13:02,26175
HUDCO,2026-02-24,172.5,0.0,0.0,0.0,0.0,0.0,0.0,198.99,198.99,198.99,0.434,2026-01-28 09:13:02,23853
HUDCO,2026-02-24,175.0,0.0,0.0,0.0,2.38,191475.0,0.0,198.99,198.99,198.99,0.434,2026-01-28 09:13:02,21479
HUDCO,2026-02-24,177.5,0.0,0.0,0.0,3.18,2775.0,0.0,198.99,198.99,198.99,0.434,2026-01-28 09:13:02,19107
HUDCO,2026-02-24,180.0,20.5,2775.0,0.0,3.27,1229325.0,0.0,198.99,198.99,198.99,0.434,2026-01-28 09:13:02,16781
HUDCO,2026-02-24,182.5,0.0,0.0,0.0,4.09,113775.0,0.0,198.99,198.99,198.99,0.434,2026-01-28 09:13:02,14367
HUDCO,2026-02-24,185.0,0.0,0.0,0.0,4.58,321900.0,0.0,198.99,198.99,198.99,0.434,2026-01-28 09:13:02,12331
HUDCO,2026-02-24,187.5,0.0,0.0,0.0,5.26,188700.0,0.0,198.99,198.99,198.99,0.434,2026-01-28 09:13:02,10276
HUDCO,2026-02-24,190.0,15.35,77700.0,0.0,6.47,1051725.0,0.0,198.99,198.99,198.99,0.434,2026-01-28 09:13:02,8315
HUDCO,2026-02-24,192.5,12.3,2775.0,0.0,7.15,77700.0,0.0,198.99,198.99,198.99,0.434,2026-01-28 09:13:02,6175
HUDCO,2026-02-24,195.0,11.89,357975.0,0.0,8.28,943500.0,0.0,198.99,198.99,198.99,0.434,2026-01-28 09:13:02,4564
HUDCO,2026-02-24,197.5,10.65,197025.0,0.0,9.41,252525.0,0.0,198.99,198.99,198.99,0.434,2026-01-28 09:13:02,2975
HUDCO,2026-02-24,200.0,9.66,1440225.0,0.0,10.68,1817625.0,0.0,198.99,198.99,198.99,0.434,2026-01-28 09:13:02,1826
HUDCO,2026-02-24,202.5,7.02,27750.0,0.0,11.88,24975.0,0.0,198.99,198.99,198.99,0.434,2026-01-28 09:13:02,969
HUDCO,2026-02-24,205.0,7.4,682650.0,0.0,13.32,488400.0,0.0,198.99,198.99,198.99,0.434,2026-01-28 09:13:02,666
HUDCO,2026-02-24,207.5,6.58,86025.0,0.0,17.43,38850.0,0.0,198.99,198.99,198.99,0.434,2026-01-28 09:13:02,519
HUDCO,2026-02-24,210.0,5.58,2336550.0,0.0,17.94,549450.0,0.0,198.99,198.99,198.99,0.434,2026-01-28 09:13:02,539
HUDCO,2026-02-24,212.5,5.37,77700.0,0.0,21.33,8325.0,0.0,198.99,198.99,198.99,0.434,2026-01-28 09:13:02,1609
HUDCO,2026-02-24,215.0,4.19,463425.0,0.0,21.78,308025.0,0.0,198.99,198.99,198.99,0.434,2026-01-28 09:13:02,2406
HUDCO,2026-02-24,217.5,6.63,22200.0,0.0,0.0,0.0,0.0,198.99,198.99,198.99,0.434,2026-01-28 09:13:02,2896
HUDCO,2026-02-24,220.0,3.26,1628925.0,0.0,24.5,999000.0,0.0,198.99,198.99,198.99,0.434,2026-01-28 09:13:02,3883
HUDCO,2026-02-24,222.5,2.86,11100.0,0.0,28.0,2775.0,0.0,198.99,198.99,198.99,0.434,2026-01-28 09:13:02,3595
HUDCO,2026-02-24,225.0,2.45,316350.0,0.0,32.0,149850.0,0.0,198.99,198.99,198.99,0.434,2026-01-28 09:13:02,5223
HUDCO,2026-02-24,227.5,0.0,0.0,0.0,0.0,0.0,0.0,198.99,198.99,198.99,0.434,2026-01-28 09:13:02,6570
HUDCO,2026-02-24,230.0,1.85,1037850.0,0.0,32.9,366300.0,0.0,198.99,198.99,198.99,0.434,2026-01-28 09:13:02,8319
HUDCO,2026-02-24,232.5,1.26,5550.0,0.0,37.9,5550.0,0.0,198.99,198.99,198.99,0.434,2026-01-28 09:13:02,9406
HUDCO,2026-02-24,235.0,1.61,33300.0,0.0,39.25,41625.0,0.0,198.99,198.99,198.99,0.434,2026-01-28 09:13:02,11488
HUDCO,2026-02-24,237.5,0.0,0.0,0.0,0.0,0.0,0.0,198.99,198.99,198.99,0.434,2026-01-28 09:13:02,13452
HUDCO,2026-02-24,240.0,1.02,296925.0,0.0,44.77,177600.0,0.0,198.99,198.99,198.99,0.434,2026-01-28 09:13:02,15573
HUDCO,2026-02-24,242.5,0.0,0.0,0.0,47.24,5550.0,0.0,198.99,198.99,198.99,0.434,2026-01-28 09:13:02,17048
HUDCO,2026-02-24,245.0,0.7,69375.0,0.0,50.0,33300.0,0.0,198.99,198.99,198.99,0.434,2026-01-28 09:13:02,19264
HUDCO,2026-02-24,247.5,0.0,0.0,0.0,0.0,0.0,0.0,198.99,198.99,198.99,0.434,2026-01-28 09:13:02,21369
HUDCO,2026-02-24,250.0,0.64,546675.0,0.0,51.63,105450.0,0.0,198.99,198.99,198.99,0.434,2026-01-28 09:13:02,23636
HUDCO,2026-02-24,252.5,0.0,0.0,0.0,0.0,0.0,0.0,198.99,198.99,198.99,0.434,2026-01-28 09:13:02,25557
HUDCO,2026-02-24,255.0,0.46,24975.0,0.0,59.9,11100.0,0.0,198.99,198.99,198.99,0.434,2026-01-28 09:13:02,27987
HUDCO,2026-02-24,260.0,0.36,180375.0,0.0,61.9,213675.0,0.0,198.99,198.99,198.99,0.434,2026-01-28 09:13:02,32800
HUDCO,2026-02-24,270.0,1.71,8325.0,0.0,0.0,0.0,0.0,198.99,198.99,198.99,0.434,2026-01-28 09:13:02,41635
ICICIBANK,2026-02-24,1140.0,0.0,0.0,0.0,0.0,0.0,0.0,1362.6,1362.6,1362.6,0.088,2026-01-28 09:13:02,270365
ICICIBANK,2026-02-24,1160.0,0.0,0.0,0.0,0.0,0.0,0.0,1362.6,1362.6,1362.6,0.088,2026-01-28 09:13:02,241105
ICICIBANK,2026-02-24,1180.0,173.3,700.0,0.0,1.6,3500.0,0.0,1362.6,1362.6,1362.6,0.088,2026-01-28 09:13:02,211845
ICICIBANK,2026-02-24,1200.0,163.0,9100.0,0.0,2.0,137200.0,0.0,1362.6,1362.6,1362.6,0.088,2026-01-28 09:13:02,182605
ICICIBANK,2026-02-24,1220.0,0.0,0.0,0.0,2.35,29400.0,0.0,1362.6,1362.6,1362.6,0.088,2026-01-28 09:13:02,153767
ICICIBANK,2026-02-24,1230.0,0.0,0.0,0.0,2.65,19600.0,0.0,1362.6,1362.6,1362.6,0.088,2026-01-28 09:13:02,139310
ICICIBANK,2026-02-24,1240.0,112.0,2800.0,0.0,3.05,350000.0,0.0,1362.6,1362.6,1362.6,0.088,2026-01-28 09:13:02,124874
ICICIBANK,2026-02-24,1250.0,0.0,0.0,0.0,3.65,490000.0,0.0,1362.6,1362.6,1362.6,0.088,2026-01-28 09:13:02,110721
ICICIBANK,2026-02-24,1260.0,0.0,0.0,0.0,4.05,331800.0,0.0,1362.6,1362.6,1362.6,0.088,2026-01-28 09:13:02,96954
ICICIBANK,2026-02-24,1270.0,98.5,15400.0,0.0,4.65,343700.0,0.0,1362.6,1362.6,1362.6,0.088,2026-01-28 09:13:02,83564
ICICIBANK,2026-02-24,1280.0,0.0,0.0,0.0,5.35,377300.0,0.0,1362.6,1362.6,1362.6,0.088,2026-01-28 09:13:02,70659
ICICIBANK,2026-02-24,1290.0,0.0,0.0,0.0,6.05,218400.0,0.0,1362.6,1362.6,1362.6,0.088,2026-01-28 09:13:02,57938
ICICIBANK,2026-02-24,1300.0,77.75,212100.0,0.0,7.05,982800.0,0.0,1362.6,1362.6,1362.6,0.088,2026-01-28 09:13:02,45505
ICICIBANK,2026-02-24,1310.0,56.95,10500.0,0.0,8.4,345800.0,0.0,1362.6,1362.6,1362.6,0.088,2026-01-28 09:13:02,35355
ICICIBANK,2026-02-24,1320.0,62.95,39200.0,0.0,9.95,430500.0,0.0,1362.6,1362.6,1362.6,0.088,2026-01-28 09:13:02,24374
ICICIBANK,2026-02-24,1330.0,54.55,340200.0,0.0,11.9,808500.0,0.0,1362.6,1362.6,1362.6,0.088,2026-01-28 09:13:02,13912
ICICIBANK,2026-02-24,1340.0,45.4,1143800.0,0.0,14.15,1439200.0,0.0,1362.6,1362.6,1362.6,0.088,2026-01-28 09:13:02,5674
ICICIBANK,2026-02-24,1350.0,38.45,1779400.0,0.0,17.1,1857100.0,0.0,1362.6,1362.6,1362.6,0.088,2026-01-28 09:13:02,2282
ICICIBANK,2026-02-24,1360.0,32.25,1501500.0,0.0,20.6,888300.0,0.0,1362.6,1362.6,1362.6,0.088,2026-01-28 09:13:02,3037
ICICIBANK,2026-02-24,1370.0,26.5,1010800.0,0.0,24.45,658000.0,0.0,1362.6,1362.6,1362.6,0.088,2026-01-28 09:13:02,5527
ICICIBANK,2026-02-24,1380.0,21.95,1507800.0,0.0,29.8,1026900.0,0.0,1362.6,1362.6,1362.6,0.088,2026-01-28 09:13:02,7743
ICICIBANK,2026-02-24,1390.0,18.25,794500.0,0.0,35.75,135800.0,0.0,1362.6,1362.6,1362.6,0.088,2026-01-28 09:13:02,11674
ICICIBANK,2026-02-24,1400.0,13.9,2377200.0,0.0,41.25,3050600.0,0.0,1362.6,1362.6,1362.6,0.088,2026-01-28 09:13:02,17250
ICICIBANK,2026-02-24,1410.0,11.25,254100.0,0.0,49.5,53900.0,0.0,1362.6,1362.6,1362.6,0.088,2026-01-28 09:13:02,18010
ICICIBANK,2026-02-24,1420.0,8.85,547400.0,0.0,59.05,110600.0,0.0,1362.6,1362.6,1362.6,0.088,2026-01-28 09:13:02,28376
ICICIBANK,2026-02-24,1430.0,7.1,224000.0,0.0,68.95,107100.0,0.0,1362.6,1362.6,1362.6,0.088,2026-01-28 09:13:02,39213
ICICIBANK,2026-02-24,1440.0,5.7,333900.0,0.0,86.0,7000.0,0.0,1362.6,1362.6,1362.6,0.088,2026-01-28 09:13:02,49970
ICICIBANK,2026-02-24,1450.0,4.8,934500.0,0.0,85.0,172200.0,0.0,1362.6,1362.6,1362.6,0.088,2026-01-28 09:13:02,61778
ICICIBANK,2026-02-24,1460.0,3.8,165200.0,0.0,101.0,2100.0,0.0,1362.6,1362.6,1362.6,0.088,2026-01-28 09:13:02,73547
ICICIBANK,2026-02-24,1470.0,3.05,104300.0,0.0,125.0,4200.0,0.0,1362.6,1362.6,1362.6,0.088,2026-01-28 09:13:02,86540
ICICIBANK,2026-02-24,1480.0,2.4,269500.0,0.0,107.55,14700.0,0.0,1362.6,1362.6,1362.6,0.088,2026-01-28 09:13:02,99579
ICICIBANK,2026-02-24,1490.0,2.15,56000.0,0.0,0.0,0.0,0.0,1362.6,1362.6,1362.6,0.088,2026-01-28 09:13:02,112830
ICICIBANK,2026-02-24,1500.0,2.0,828100.0,0.0,127.4,220500.0,0.0,1362.6,1362.6,1362.6,0.088,2026-01-28 09:13:02,126242
ICICIBANK,2026-02-24,1510.0,1.95,39900.0,0.0,0.0,0.0,0.0,1362.6,1362.6,1362.6,0.088,2026-01-28 09:13:02,138047
ICICIBANK,2026-02-24,1520.0,1.55,103600.0,0.0,156.0,2100.0,0.0,1362.6,1362.6,1362.6,0.088,2026-01-28 09:13:02,152543
ICICIBANK,2026-02-24,1530.0,1.3,49000.0,0.0,0.0,0.0,0.0,1362.6,1362.6,1362.6,0.088,2026-01-28 09:13:02,167121
ICICIBANK,2026-02-24,1540.0,1.05,105700.0,0.0,184.0,700.0,0.0,1362.6,1362.6,1362.6,0.088,2026-01-28 09:13:02,181771
ICICIBANK,2026-02-24,1550.0,1.1,120400.0,0.0,0.0,0.0,0.0,1362.6,1362.6,1362.6,0.088,2026-01-28 09:13:02,196518
ICICIBANK,2026-02-24,1560.0,0.8,49000.0,0.0,0.0,0.0,0.0,1362.6,1362.6,1362.6,0.088,2026-01-28 09:13:02,211402
ICICIBANK,2026-02-24,1580.0,0.55,14000.0,0.0,0.0,0.0,0.0,1362.6,1362.6,1362.6,0.088,2026-01-28 09:13:02,241244
ICICIBANK,2026-02-24,1600.0,0.9,104300.0,0.0,222.0,9100.0,0.0,1362.6,1362.6,1362.6,0.088,2026-01-28 09:13:02,271111
ICICIBANK,2026-02-24,1620.0,0.7,79800.0,0.0,260.2,1400.0,0.0,1362.6,1362.6,1362.6,0.088,2026-01-28 09:13:02,301011
ICICIBANK,2026-02-24,1640.0,0.25,25900.0,0.0,0.0,0.0,0.0,1362.6,1362.6,1362.6,0.088,2026-01-28 09:13:02,331236
ICICIGI,2026-02-24,1520.0,0.0,0.0,0.0,0.0,0.0,0.0,1805.9,1805.9,1805.9,0.0,2026-01-28 09:13:02,8505
ICICIGI,2026-02-24,1560.0,0.0,0.0,0.0,1.7,650.0,0.0,1805.9,1805.9,1805.9,0.0,2026-01-28 09:13:02,7109
ICICIGI,2026-02-24,1600.0,0.0,0.0,0.0,4.0,325.0,0.0,1805.9,1805.9,1805.9,0.0,2026-01-28 09:13:02,5715
ICICIGI,2026-02-24,1620.0,0.0,0.0,0.0,0.0,0.0,0.0,1805.9,1805.9,1805.9,0.0,2026-01-28 09:13:02,5019
ICICIGI,2026-02-24,1640.0,0.0,0.0,0.0,5.65,4875.0,0.0,1805.9,1805.9,1805.9,0.0,2026-01-28 09:13:02,4323
ICICIGI,2026-02-24,1660.0,0.0,0.0,0.0,7.1,25675.0,0.0,1805.9,1805.9,1805.9,0.0,2026-01-28 09:13:02,3634
ICICIGI,2026-02-24,1680.0,0.0,0.0,0.0,9.3,9100.0,0.0,1805.9,1805.9,1805.9,0.0,2026-01-28 09:13:02,2980
ICICIGI,2026-02-24,1700.0,0.0,0.0,0.0,12.1,93600.0,0.0,1805.9,1805.9,1805.9,0.0,2026-01-28 09:13:02,2355
ICICIGI,2026-02-24,1720.0,110.0,325.0,0.0,0.0,0.0,0.0,1805.9,1805.9,1805.9,0.0,2026-01-28 09:13:02,1812
ICICIGI,2026-02-24,1740.0,0.0,0.0,0.0,19.0,15925.0,0.0,1805.9,1805.9,1805.9,0.0,2026-01-28 09:13:02,1387
ICICIGI,2026-02-24,1760.0,0.0,0.0,0.0,25.2,4875.0,0.0,1805.9,1805.9,1805.9,0.0,2026-01-28 09:13:02,959
ICICIGI,2026-02-24,1780.0,97.0,0.0,0.0,35.1,2600.0,0.0,1805.9,1805.9,1805.9,0.0,2026-01-28 09:13:02,560
ICICIGI,2026-02-24,1800.0,60.15,8450.0,0.0,39.0,70850.0,0.0,1805.9,1805.9,1805.9,0.0,2026-01-28 09:13:02,168
ICICIGI,2026-02-24,1820.0,50.1,42900.0,0.0,47.45,47450.0,0.0,1805.9,1805.9,1805.9,0.0,2026-01-28 09:13:02,-280
ICICIGI,2026-02-24,1840.0,40.3,19825.0,0.0,61.3,14300.0,0.0,1805.9,1805.9,1805.9,0.0,2026-01-28 09:13:02,-333
ICICIGI,2026-02-24,1860.0,37.0,14300.0,0.0,0.0,0.0,0.0,1805.9,1805.9,1805.9,0.0,2026-01-28 09:13:02,-315
ICICIGI,2026-02-24,1880.0,23.3,2925.0,0.0,78.75,1625.0,0.0,1805.9,1805.9,1805.9,0.0,2026-01-28 09:13:02,-208
ICICIGI,2026-02-24,1900.0,19.8,43550.0,0.0,100.0,31200.0,0.0,1805.9,1805.9,1805.9,0.0,2026-01-28 09:13:02,-151
ICICIGI,2026-02-24,1920.0,15.35,5200.0,0.0,33.5,4225.0,0.0,1805.9,1805.9,1805.9,0.0,2026-01-28 09:13:02,-165
ICICIGI,2026-02-24,1940.0,18.0,975.0,0.0,0.0,0.0,0.0,1805.9,1805.9,1805.9,0.0,2026-01-28 09:13:02,60
ICICIGI,2026-02-24,1960.0,10.0,15600.0,0.0,148.0,16250.0,0.0,1805.9,1805.9,1805.9,0.0,2026-01-28 09:13:02,295
ICICIGI,2026-02-24,1980.0,6.05,6825.0,0.0,0.0,0.0,0.0,1805.9,1805.9,1805.9,0.0,2026-01-28 09:13:02,367
ICICIGI,2026-02-24,2000.0,5.05,73775.0,0.0,194.0,2600.0,0.0,1805.9,1805.9,1805.9,0.0,2026-01-28 09:13:02,682
ICICIGI,2026-02-24,2020.0,0.0,0.0,0.0,190.0,650.0,0.0,1805.9,1805.9,1805.9,0.0,2026-01-28 09:13:02,1132
ICICIGI,2026-02-24,2040.0,47.05,1625.0,0.0,0.0,0.0,0.0,1805.9,1805.9,1805.9,0.0,2026-01-28 09:13:02,1584
ICICIGI,2026-02-24,2060.0,0.0,0.0,0.0,240.0,1300.0,0.0,1805.9,1805.9,1805.9,0.0,2026-01-28 09:13:02,2060
ICICIGI,2026-02-24,2080.0,9.0,1300.0,0.0,0.0,0.0,0.0,1805.9,1805.9,1805.9,0.0,2026-01-28 09:13:02,2500
ICICIGI,2026-02-24,2100.0,0.0,0.0,0.0,0.0,0.0,0.0,1805.9,1805.9,1805.9,0.0,2026-01-28 09:13:02,2974
ICICIGI,2026-02-24,2120.0,0.0,0.0,0.0,0.0,0.0,0.0,1805.9,1805.9,1805.9,0.0,2026-01-28 09:13:02,3447
ICICIGI,2026-02-24,2140.0,3.15,2275.0,0.0,0.0,0.0,0.0,1805.9,1805.9,1805.9,0.0,2026-01-28 09:13:02,3920
ICICIGI,2026-02-24,2160.0,3.5,1625.0,0.0,0.0,0.0,0.0,1805.9,1805.9,1805.9,0.0,2026-01-28 09:13:02,4399
ICICIGI,2026-02-24,2180.0,0.0,0.0,0.0,0.0,0.0,0.0,1805.9,1805.9,1805.9,0.0,2026-01-28 09:13:02,4880
ICICIGI,2026-02-24,2200.0,1.55,3900.0,0.0,0.0,0.0,0.0,1805.9,1805.9,1805.9,0.0,2026-01-28 09:13:02,5361
ICICIGI,2026-02-24,2220.0,0.0,0.0,0.0,0.0,0.0,0.0,1805.9,1805.9,1805.9,0.0,2026-01-28 09:13:02,5851
ICICIGI,2026-02-24,2240.0,0.25,5525.0,0.0,384.95,975.0,0.0,1805.9,1805.9,1805.9,0.0,2026-01-28 09:13:02,6340
ICICIGI,2026-02-24,2280.0,5.45,1300.0,0.0,0.0,0.0,0.0,1805.9,1805.9,1805.9,0.0,2026-01-28 09:13:02,7306
ICICIPRULI,2026-02-24,540.0,0.0,0.0,0.0,0.0,0.0,0.0,640.8,640.8,640.8,-0.474,2026-01-28 09:13:02,6502
ICICIPRULI,2026-02-24,550.0,0.0,0.0,0.0,1.6,28675.0,0.0,640.8,640.8,640.8,-0.474,2026-01-28 09:13:02,5591
ICICIPRULI,2026-02-24,560.0,0.0,0.0,0.0,0.0,0.0,0.0,640.8,640.8,640.8,-0.474,2026-01-28 09:13:02,4705
ICICIPRULI,2026-02-24,570.0,0.0,0.0,0.0,0.0,0.0,0.0,640.8,640.8,640.8,-0.474,2026-01-28 09:13:02,3824
ICICIPRULI,2026-02-24,580.0,0.0,0.0,0.0,0.0,0.0,0.0,640.8,640.8,640.8,-0.474,2026-01-28 09:13:02,2942
ICICIPRULI,2026-02-24,585.0,0.0,0.0,0.0,2.45,925.0,0.0,640.8,640.8,640.8,-0.474,2026-01-28 09:13:02,2501
ICICIPRULI,2026-02-24,590.0,0.0,0.0,0.0,4.95,925.0,0.0,640.8,640.8,640.8,-0.474,2026-01-28 09:13:02,2061
ICICIPRULI,2026-02-24,595.0,0.0,0.0,0.0,0.0,0.0,0.0,640.8,640.8,640.8,-0.474,2026-01-28 09:13:02,1621
ICICIPRULI,2026-02-24,600.0,56.0,925.0,0.0,5.05,409775.0,0.0,640.8,640.8,640.8,-0.474,2026-01-28 09:13:02,1181
ICICIPRULI,2026-02-24,605.0,0.0,0.0,0.0,4.95,2775.0,0.0,640.8,640.8,640.8,-0.474,2026-01-28 09:13:02,745
ICICIPRULI,2026-02-24,610.0,38.5,2775.0,0.0,0.0,0.0,0.0,640.8,640.8,640.8,-0.474,2026-01-28 09:13:02,510
ICICIPRULI,2026-02-24,615.0,0.0,0.0,0.0,0.0,0.0,0.0,640.8,640.8,640.8,-0.474,2026-01-28 09:13:02,289
ICICIPRULI,2026-02-24,620.0,43.85,925.0,0.0,9.0,24975.0,0.0,640.8,640.8,640.8,-0.474,2026-01-28 09:13:02,57
ICICIPRULI,2026-02-24,625.0,0.0,0.0,0.0,10.95,14800.0,0.0,640.8,640.8,640.8,-0.474,2026-01-28 09:13:02,-179
ICICIPRULI,2026-02-24,630.0,28.4,925.0,0.0,10.75,36075.0,0.0,640.8,640.8,640.8,-0.474,2026-01-28 09:13:02,-406
ICICIPRULI,2026-02-24,635.0,0.0,0.0,0.0,6.8,0.0,0.0,640.8,640.8,640.8,-0.474,2026-01-28 09:13:02,-635
ICICIPRULI,2026-02-24,640.0,23.9,55500.0,0.0,14.8,102675.0,0.0,640.8,640.8,640.8,-0.474,2026-01-28 09:13:02,-828
ICICIPRULI,2026-02-24,645.0,0.0,0.0,0.0,0.0,0.0,0.0,640.8,640.8,640.8,-0.474,2026-01-28 09:13:02,-961
ICICIPRULI,2026-02-24,650.0,17.9,129500.0,0.0,18.8,173900.0,0.0,640.8,640.8,640.8,-0.474,2026-01-28 09:13:02,-1075
ICICIPRULI,2026-02-24,655.0,0.0,0.0,0.0,0.0,0.0,0.0,640.8,640.8,640.8,-0.474,2026-01-28 09:13:02,-1132
ICICIPRULI,2026-02-24,660.0,12.95,444925.0,0.0,30.0,35150.0,0.0,640.8,640.8,640.8,-0.474,2026-01-28 09:13:02,-1094
ICICIPRULI,2026-02-24,665.0,0.0,0.0,0.0,0.0,0.0,0.0,640.8,640.8,640.8,-0.474,2026-01-28 09:13:02,-346
ICICIPRULI,2026-02-24,670.0,9.6,62900.0,0.0,27.5,22200.0,0.0,640.8,640.8,640.8,-0.474,2026-01-28 09:13:02,-68
ICICIPRULI,2026-02-24,675.0,0.0,0.0,0.0,0.0,0.0,0.0,640.8,640.8,640.8,-0.474,2026-01-28 09:13:02,251
ICICIPRULI,2026-02-24,680.0,7.05,70300.0,0.0,42.0,18500.0,0.0,640.8,640.8,640.8,-0.474,2026-01-28 09:13:02,572
ICICIPRULI,2026-02-24,685.0,0.0,0.0,0.0,0.0,0.0,0.0,640.8,640.8,640.8,-0.474,2026-01-28 09:13:02,908
ICICIPRULI,2026-02-24,690.0,4.5,14800.0,0.0,42.6,10175.0,0.0,640.8,640.8,640.8,-0.474,2026-01-28 09:13:02,1273
ICICIPRULI,2026-02-24,695.0,0.0,0.0,0.0,0.0,0.0,0.0,640.8,640.8,640.8,-0.474,2026-01-28 09:13:02,1614
ICICIPRULI,2026-02-24,700.0,3.9,242350.0,0.0,55.5,26825.0,0.0,640.8,640.8,640.8,-0.474,2026-01-28 09:13:02,1991
ICICIPRULI,2026-02-24,705.0,0.0,0.0,0.0,0.0,0.0,0.0,640.8,640.8,640.8,-0.474,2026-01-28 09:13:02,2449
ICICIPRULI,2026-02-24,710.0,13.85,2775.0,0.0,0.0,0.0,0.0,640.8,640.8,640.8,-0.474,2026-01-28 09:13:02,2961
ICICIPRULI,2026-02-24,715.0,0.0,0.0,0.0,0.0,0.0,0.0,640.8,640.8,640.8,-0.474,2026-01-28 09:13:02,3478
ICICIPRULI,2026-02-24,720.0,1.9,49950.0,0.0,0.0,0.0,0.0,640.8,640.8,640.8,-0.474,2026-01-28 09:13:02,3992
ICICIPRULI,2026-02-24,725.0,0.0,0.0,0.0,0.0,0.0,0.0,640.8,640.8,640.8,-0.474,2026-01-28 09:13:02,4539
ICICIPRULI,2026-02-24,730.0,10.0,925.0,0.0,0.0,0.0,0.0,640.8,640.8,640.8,-0.474,2026-01-28 09:13:02,5078
ICICIPRULI,2026-02-24,735.0,1.85,925.0,0.0,0.0,0.0,0.0,640.8,640.8,640.8,-0.474,2026-01-28 09:13:02,5618
ICICIPRULI,2026-02-24,740.0,0.75,42550.0,0.0,0.0,0.0,0.0,640.8,640.8,640.8,-0.474,2026-01-28 09:13:02,6157
ICICIPRULI,2026-02-24,745.0,0.0,0.0,0.0,0.0,0.0,0.0,640.8,640.8,640.8,-0.474,2026-01-28 09:13:02,6721
ICICIPRULI,2026-02-24,750.0,0.0,0.0,0.0,92.8,1850.0,0.0,640.8,640.8,640.8,-0.474,2026-01-28 09:13:02,7281
ICICIPRULI,2026-02-24,760.0,0.0,0.0,0.0,0.0,0.0,0.0,640.8,640.8,640.8,-0.474,2026-01-28 09:13:02,8387
ICICIPRULI,2026-02-24,770.0,0.0,0.0,0.0,0.0,0.0,0.0,640.8,640.8,640.8,-0.474,2026-01-28 09:13:02,9510
ICICIPRULI,2026-02-24,780.0,0.8,1850.0,0.0,0.0,0.0,0.0,640.8,640.8,640.8,-0.474,2026-01-28 09:13:02,10633
ICICIPRULI,2026-02-24,790.0,0.0,0.0,0.0,0.0,0.0,0.0,640.8,640.8,640.8,-0.474,2026-01-28 09:13:02,11758
IDEA,2026-02-24,6.0,4.05,285900.0,0.0,0.03,5646525.0,0.0,9.93,9.93,9.93,1.017,2026-01-28 09:13:02,279727
IDEA,2026-02-24,7.0,2.99,1858350.0,0.0,0.04,8719950.0,0.0,9.93,9.93,9.93,1.017,2026-01-28 09:13:02,209673
IDEA,2026-02-24,8.0,2.04,5146200.0,0.0,0.11,61897350.0,0.0,9.93,9.93,9.93,1.017,2026-01-28 09:13:02,141099
IDEA,2026-02-24,9.0,1.22,52677075.0,0.0,0.28,138661500.0,0.0,9.93,9.93,9.93,1.017,2026-01-28 09:13:02,79078
IDEA,2026-02-24,10.0,0.58,175899975.0,0.0,0.63,203560800.0,0.0,9.93,9.93,9.93,1.017,2026-01-28 09:13:02,38365
IDEA,2026-02-24,11.0,0.28,221858400.0,0.0,1.32,109213800.0,0.0,9.93,9.93,9.93,1.017,2026-01-28 09:13:02,30432
IDEA,2026-02-24,12.0,0.14,185763525.0,0.0,2.16,114931800.0,0.0,9.93,9.93,9.93,1.017,2026-01-28 09:13:02,50025
IDEA,2026-02-24,13.0,0.08,126153375.0,0.0,3.09,36023400.0,0.0,9.93,9.93,9.93,1.017,2026-01-28 09:13:02,85666
IDEA,2026-02-24,14.0,0.05,83768700.0,0.0,4.05,23515275.0,0.0,9.93,9.93,9.93,1.017,2026-01-28 09:13:02,149628
IDEA,2026-02-24,15.0,0.04,27589350.0,0.0,5.05,5289150.0,0.0,9.93,9.93,9.93,1.017,2026-01-28 09:13:02,225335
IDEA,2026-02-24,16.0,0.03,44457450.0,0.0,0.0,0.0,0.0,9.93,9.93,9.93,1.017,2026-01-28 09:13:02,310875
IDEA,2026-02-24,18.0,0.02,33450300.0,0.0,0.0,0.0,0.0,9.93,9.93,9.93,1.017,2026-01-28 09:13:02,496100
IDFCFIRSTB,2026-02-24,68.0,0.0,0.0,0.0,0.12,1326325.0,0.0,83.94,83.94,83.94,0.527,2026-01-28 09:13:02,49022
IDFCFIRSTB,2026-02-24,70.0,13.06,129850.0,0.0,0.21,2133250.0,0.0,83.94,83.94,83.94,0.527,2026-01-28 09:13:02,39102
IDFCFIRSTB,2026-02-24,72.0,12.25,27825.0,0.0,0.35,723450.0,0.0,83.94,83.94,83.94,0.527,2026-01-28 09:13:02,29776
IDFCFIRSTB,2026-02-24,74.0,9.5,18550.0,0.0,0.54,3626525.0,0.0,83.94,83.94,83.94,0.527,2026-01-28 09:13:02,20483
IDFCFIRSTB,2026-02-24,75.0,9.25,1641675.0,0.0,0.69,2355850.0,0.0,83.94,83.94,83.94,0.527,2026-01-28 09:13:02,16019
IDFCFIRSTB,2026-02-24,76.0,7.35,166950.0,0.0,0.84,1177925.0,0.0,83.94,83.94,83.94,0.527,2026-01-28 09:13:02,13489
IDFCFIRSTB,2026-02-24,77.0,8.1,37100.0,0.0,1.03,973875.0,0.0,83.94,83.94,83.94,0.527,2026-01-28 09:13:02,9761
IDFCFIRSTB,2026-02-24,78.0,7.04,844025.0,0.0,1.24,2021950.0,0.0,83.94,83.94,83.94,0.527,2026-01-28 09:13:02,6040
IDFCFIRSTB,2026-02-24,79.0,5.2,102025.0,0.0,1.5,1001700.0,0.0,83.94,83.94,83.94,0.527,2026-01-28 09:13:02,3019
IDFCFIRSTB,2026-02-24,80.0,5.68,2290925.0,0.0,1.8,11074350.0,0.0,83.94,83.94,83.94,0.527,2026-01-28 09:13:02,-330
IDFCFIRSTB,2026-02-24,81.0,4.98,908950.0,0.0,2.07,2411500.0,0.0,83.94,83.94,83.94,0.527,2026-01-28 09:13:02,-2940
IDFCFIRSTB,2026-02-24,82.0,4.24,2893800.0,0.0,2.45,3626525.0,0.0,83.94,83.94,83.94,0.527,2026-01-28 09:13:02,-4571
IDFCFIRSTB,2026-02-24,83.0,3.69,2624825.0,0.0,2.9,2318750.0,0.0,83.94,83.94,83.94,0.527,2026-01-28 09:13:02,-5166
IDFCFIRSTB,2026-02-24,84.0,3.2,4285050.0,0.0,3.29,3329725.0,0.0,83.94,83.94,83.94,0.527,2026-01-28 09:13:02,-5308
IDFCFIRSTB,2026-02-24,85.0,2.71,15136800.0,0.0,3.82,5184725.0,0.0,83.94,83.94,83.94,0.527,2026-01-28 09:13:02,-4710
IDFCFIRSTB,2026-02-24,86.0,2.25,1929200.0,0.0,4.37,2318750.0,0.0,83.94,83.94,83.94,0.527,2026-01-28 09:13:02,-234
IDFCFIRSTB,2026-02-24,87.0,1.88,2615550.0,0.0,5.05,371000.0,0.0,83.94,83.94,83.94,0.527,2026-01-28 09:13:02,1966
IDFCFIRSTB,2026-02-24,88.0,1.58,3283350.0,0.0,5.6,1233575.0,0.0,83.94,83.94,83.94,0.527,2026-01-28 09:13:02,5349
IDFCFIRSTB,2026-02-24,89.0,1.31,408100.0,0.0,6.2,27825.0,0.0,83.94,83.94,83.94,0.527,2026-01-28 09:13:02,8707
IDFCFIRSTB,2026-02-24,90.0,1.06,12122425.0,0.0,7.12,2893800.0,0.0,83.94,83.94,83.94,0.527,2026-01-28 09:13:02,12317
IDFCFIRSTB,2026-02-24,91.0,0.88,797650.0,0.0,7.82,9275.0,0.0,83.94,83.94,83.94,0.527,2026-01-28 09:13:02,16616
IDFCFIRSTB,2026-02-24,92.0,0.69,2671200.0,0.0,9.5,64925.0,0.0,83.94,83.94,83.94,0.527,2026-01-28 09:13:02,21835
IDFCFIRSTB,2026-02-24,93.0,0.54,1511825.0,0.0,0.0,0.0,0.0,83.94,83.94,83.94,0.527,2026-01-28 09:13:02,27388
IDFCFIRSTB,2026-02-24,94.0,0.45,3524500.0,0.0,10.75,9275.0,0.0,83.94,83.94,83.94,0.527,2026-01-28 09:13:02,33050
IDFCFIRSTB,2026-02-24,96.0,0.29,3710000.0,0.0,13.8,166950.0,0.0,83.94,83.94,83.94,0.527,2026-01-28 09:13:02,45067
IDFCFIRSTB,2026-02-24,98.0,0.17,3830575.0,0.0,14.0,463750.0,0.0,83.94,83.94,83.94,0.527,2026-01-28 09:13:02,57588
IEX,2026-02-24,106.0,0.0,0.0,0.0,0.89,378750.0,0.0,127.55,127.55,127.55,0.0,2026-01-28 09:13:02,70507
IEX,2026-02-24,108.0,0.0,0.0,0.0,1.07,168750.0,0.0,127.55,127.55,127.55,0.0,2026-01-28 09:13:02,64797
IEX,2026-02-24,110.0,0.0,0.0,0.0,1.29,1552500.0,0.0,127.55,127.55,127.55,0.0,2026-01-28 09:13:02,59137
IEX,2026-02-24,111.0,0.0,0.0,0.0,0.0,0.0,0.0,127.55,127.55,127.55,0.0,2026-01-28 09:13:02,56271
IEX,2026-02-24,112.0,0.0,0.0,0.0,1.93,468750.0,0.0,127.55,127.55,127.55,0.0,2026-01-28 09:13:02,53605
IEX,2026-02-24,113.0,0.0,0.0,0.0,0.0,0.0,0.0,127.55,127.55,127.55,0.0,2026-01-28 09:13:02,50895
IEX,2026-02-24,114.0,0.0,0.0,0.0,1.83,228750.0,0.0,127.55,127.55,127.55,0.0,2026-01-28 09:13:02,48276
IEX,2026-02-24,115.0,12.99,18750.0,0.0,2.0,378750.0,0.0,127.55,127.55,127.55,0.0,2026-01-28 09:13:02,45638
IEX,2026-02-24,116.0,0.0,0.0,0.0,2.19,292500.0,0.0,127.55,127.55,127.55,0.0,2026-01-28 09:13:02,43031
IEX,2026-02-24,117.0,0.0,0.0,0.0,2.42,221250.0,0.0,127.55,127.55,127.55,0.0,2026-01-28 09:13:02,40439
IEX,2026-02-24,118.0,0.0,0.0,0.0,2.64,540000.0,0.0,127.55,127.55,127.55,0.0,2026-01-28 09:13:02,37881
IEX,2026-02-24,119.0,0.0,0.0,0.0,2.9,236250.0,0.0,127.55,127.55,127.55,0.0,2026-01-28 09:13:02,35287
IEX,2026-02-24,120.0,10.61,146250.0,0.0,3.21,2576250.0,0.0,127.55,127.55,127.55,0.0,2026-01-28 09:13:02,32791
IEX,2026-02-24,121.0,9.81,37500.0,0.0,3.5,225000.0,0.0,127.55,127.55,127.55,0.0,2026-01-28 09:13:02,29964
IEX,2026-02-24,122.0,8.84,22500.0,0.0,3.84,217500.0,0.0,127.55,127.55,127.55,0.0,2026-01-28 09:13:02,27794
IEX,2026-02-24,123.0,0.0,0.0,0.0,4.19,135000.0,0.0,127.55,127.55,127.55,0.0,2026-01-28 09:13:02,25625
IEX,2026-02-24,124.0,7.86,157500.0,0.0,4.63,191250.0,0.0,127.55,127.55,127.55,0.0,2026-01-28 09:13:02,23477
IEX,2026-02-24,125.0,7.31,1031250.0,0.0,5.05,2471250.0,0.0,127.55,127.55,127.55,0.0,2026-01-28 09:13:02,21456
IEX,2026-02-24,126.0,6.77,213750.0,0.0,5.46,277500.0,0.0,127.55,127.55,127.55,0.0,2026-01-28 09:13:02,19256
IEX,2026-02-24,127.0,6.26,442500.0,0.0,5.99,281250.0,0.0,127.55,127.55,127.55,0.0,2026-01-28 09:13:02,17592
IEX,2026-02-24,128.0,5.77,142500.0,0.0,6.72,7500.0,0.0,127.55,127.55,127.55,0.0,2026-01-28 09:13:02,16115
IEX,2026-02-24,129.0,5.29,525000.0,0.0,7.02,416250.0,0.0,127.55,127.55,127.55,0.0,2026-01-28 09:13:02,14623
IEX,2026-02-24,130.0,4.85,3296250.0,0.0,7.58,3810000.0,0.0,127.55,127.55,127.55,0.0,2026-01-28 09:13:02,13133
IEX,2026-02-24,131.0,4.51,450000.0,0.0,8.24,243750.0,0.0,127.55,127.55,127.55,0.0,2026-01-28 09:13:02,11078
IEX,2026-02-24,132.0,4.0,622500.0,0.0,9.63,337500.0,0.0,127.55,127.55,127.55,0.0,2026-01-28 09:13:02,10385
IEX,2026-02-24,133.0,3.65,217500.0,0.0,9.71,78750.0,0.0,127.55,127.55,127.55,0.0,2026-01-28 09:13:02,9709
IEX,2026-02-24,134.0,3.44,168750.0,0.0,10.7,15000.0,0.0,127.55,127.55,127.55,0.0,2026-01-28 09:13:02,9142
IEX,2026-02-24,135.0,3.1,2302500.0,0.0,10.78,1826250.0,0.0,127.55,127.55,127.55,0.0,2026-01-28 09:13:02,8633
IEX,2026-02-24,136.0,2.85,142500.0,0.0,12.6,3750.0,0.0,127.55,127.55,127.55,0.0,2026-01-28 09:13:02,7239
IEX,2026-02-24,137.0,2.6,296250.0,0.0,12.84,142500.0,0.0,127.55,127.55,127.55,0.0,2026-01-28 09:13:02,7151
IEX,2026-02-24,138.0,2.08,120000.0,0.0,13.05,7500.0,0.0,127.55,127.55,127.55,0.0,2026-01-28 09:13:02,6964
IEX,2026-02-24,139.0,2.2,33750.0,0.0,14.2,3750.0,0.0,127.55,127.55,127.55,0.0,2026-01-28 09:13:02,6912
IEX,2026-02-24,140.0,1.98,5598750.0,0.0,14.39,5347500.0,0.0,127.55,127.55,127.55,0.0,2026-01-28 09:13:02,6850
IEX,2026-02-24,141.0,1.78,168750.0,0.0,0.0,0.0,0.0,127.55,127.55,127.55,0.0,2026-01-28 09:13:02,1295
IEX,2026-02-24,142.0,2.65,3750.0,0.0,15.0,7500.0,0.0,127.55,127.55,127.55,0.0,2026-01-28 09:13:02,2373
IEX,2026-02-24,143.0,1.48,285000.0,0.0,0.0,0.0,0.0,127.55,127.55,127.55,0.0,2026-01-28 09:13:02,3411
IEX,2026-02-24,144.0,1.45,22500.0,0.0,0.0,0.0,0.0,127.55,127.55,127.55,0.0,2026-01-28 09:13:02,4531
IEX,2026-02-24,145.0,1.28,1845000.0,0.0,20.0,1260000.0,0.0,127.55,127.55,127.55,0.0,2026-01-28 09:13:02,5614
IEX,2026-02-24,146.0,1.38,11250.0,0.0,20.16,3750.0,0.0,127.55,127.55,127.55,0.0,2026-01-28 09:13:02,4720
IEX,2026-02-24,147.0,1.13,18750.0,0.0,22.0,7500.0,0.0,127.55,127.55,127.55,0.0,2026-01-28 09:13:02,6106
IEX,2026-02-24,148.0,10.98,18750.0,0.0,24.0,3750.0,0.0,127.55,127.55,127.55,0.0,2026-01-28 09:13:02,7485
IEX,2026-02-24,149.0,1.48,30000.0,0.0,0.0,0.0,0.0,127.55,127.55,127.55,0.0,2026-01-28 09:13:02,8894
IEX,2026-02-24,150.0,0.91,4507500.0,0.0,23.42,2006250.0,0.0,127.55,127.55,127.55,0.0,2026-01-28 09:13:02,10297
IEX,2026-02-24,151.0,0.0,0.0,0.0,15.04,7500.0,0.0,127.55,127.55,127.55,0.0,2026-01-28 09:13:02,8060
IEX,2026-02-24,152.0,4.35,11250.0,0.0,0.0,0.0,0.0,127.55,127.55,127.55,0.0,2026-01-28 09:13:02,10100
IEX,2026-02-24,153.0,4.39,3750.0,0.0,0.0,0.0,0.0,127.55,127.55,127.55,0.0,2026-01-28 09:13:02,12158
IEX,2026-02-24,154.0,0.0,0.0,0.0,18.46,3750.0,0.0,127.55,127.55,127.55,0.0,2026-01-28 09:13:02,14213
IEX,2026-02-24,155.0,0.7,712500.0,0.0,29.73,277500.0,0.0,127.55,127.55,127.55,0.0,2026-01-28 09:13:02,16259
IEX,2026-02-24,156.0,6.49,7500.0,0.0,0.0,0.0,0.0,127.55,127.55,127.55,0.0,2026-01-28 09:13:02,17637
IEX,2026-02-24,157.0,7.72,11250.0,0.0,30.6,0.0,0.0,127.55,127.55,127.55,0.0,2026-01-28 09:13:02,19795
IEX,2026-02-24,158.0,0.0,0.0,0.0,0.0,0.0,0.0,127.55,127.55,127.55,0.0,2026-01-28 09:13:02,21958
IEX,2026-02-24,159.0,3.9,11250.0,0.0,0.0,0.0,0.0,127.55,127.55,127.55,0.0,2026-01-28 09:13:02,24112
IEX,2026-02-24,160.0,0.5,1758750.0,0.0,32.88,498750.0,0.0,127.55,127.55,127.55,0.0,2026-01-28 09:13:02,26272
IEX,2026-02-24,161.0,0.0,0.0,0.0,0.0,0.0,0.0,127.55,127.55,127.55,0.0,2026-01-28 09:13:02,27101
IEX,2026-02-24,162.0,0.0,0.0,0.0,0.0,0.0,0.0,127.55,127.55,127.55,0.0,2026-01-28 09:13:02,29483
IEX,2026-02-24,163.0,0.0,0.0,0.0,0.0,0.0,0.0,127.55,127.55,127.55,0.0,2026-01-28 09:13:02,31864
IEX,2026-02-24,164.0,0.0,0.0,0.0,26.59,3750.0,0.0,127.55,127.55,127.55,0.0,2026-01-28 09:13:02,34245
IEX,2026-02-24,165.0,0.42,116250.0,0.0,37.5,210000.0,0.0,127.55,127.55,127.55,0.0,2026-01-28 09:13:02,36617
IEX,2026-02-24,166.0,0.0,0.0,0.0,0.0,0.0,0.0,127.55,127.55,127.55,0.0,2026-01-28 09:13:02,38248
IEX,2026-02-24,167.0,0.0,0.0,0.0,0.0,0.0,0.0,127.55,127.55,127.55,0.0,2026-01-28 09:13:02,40663
IEX,2026-02-24,168.0,2.3,11250.0,0.0,0.0,0.0,0.0,127.55,127.55,127.55,0.0,2026-01-28 09:13:02,43077
IEX,2026-02-24,169.0,2.2,3750.0,0.0,0.0,0.0,0.0,127.55,127.55,127.55,0.0,2026-01-28 09:13:02,45495
IEX,2026-02-24,170.0,0.34,1552500.0,0.0,42.5,1383750.0,0.0,127.55,127.55,127.55,0.0,2026-01-28 09:13:02,47911
IEX,2026-02-24,171.0,5.0,0.0,0.0,0.0,0.0,0.0,127.55,127.55,127.55,0.0,2026-01-28 09:13:02,44793
IEX,2026-02-24,172.0,2.5,7500.0,0.0,0.0,0.0,0.0,127.55,127.55,127.55,0.0,2026-01-28 09:13:02,47502
IEX,2026-02-24,173.0,1.85,3750.0,0.0,0.0,0.0,0.0,127.55,127.55,127.55,0.0,2026-01-28 09:13:02,50214
IEX,2026-02-24,174.0,1.7,15000.0,0.0,0.0,0.0,0.0,127.55,127.55,127.55,0.0,2026-01-28 09:13:02,52925
IEX,2026-02-24,175.0,0.35,168750.0,0.0,0.0,0.0,0.0,127.55,127.55,127.55,0.0,2026-01-28 09:13:02,55640
IEX,2026-02-24,176.0,0.0,0.0,0.0,0.0,0.0,0.0,127.55,127.55,127.55,0.0,2026-01-28 09:13:02,58375
IEX,2026-02-24,177.0,2.05,3750.0,0.0,0.0,0.0,0.0,127.55,127.55,127.55,0.0,2026-01-28 09:13:02,61103
IEX,2026-02-24,178.0,0.0,0.0,0.0,0.0,0.0,0.0,127.55,127.55,127.55,0.0,2026-01-28 09:13:02,63833
IEX,2026-02-24,179.0,0.0,0.0,0.0,0.0,0.0,0.0,127.55,127.55,127.55,0.0,2026-01-28 09:13:02,66563
IEX,2026-02-24,180.0,0.27,502500.0,0.0,42.0,3750.0,0.0,127.55,127.55,127.55,0.0,2026-01-28 09:13:02,69292
INDHOTEL,2026-02-24,540.0,0.0,0.0,0.0,1.0,66000.0,0.0,651.4,651.4,651.4,0.008,2026-01-28 09:13:02,64472
INDHOTEL,2026-02-24,550.0,0.0,0.0,0.0,3.75,2000.0,0.0,651.4,651.4,651.4,0.008,2026-01-28 09:13:02,58896
INDHOTEL,2026-02-24,560.0,0.0,0.0,0.0,0.0,0.0,0.0,651.4,651.4,651.4,0.008,2026-01-28 09:13:02,53329
INDHOTEL,2026-02-24,570.0,0.0,0.0,0.0,2.0,114000.0,0.0,651.4,651.4,651.4,0.008,2026-01-28 09:13:02,47762
INDHOTEL,2026-02-24,580.0,0.0,0.0,0.0,2.7,142000.0,0.0,651.4,651.4,651.4,0.008,2026-01-28 09:13:02,42286
INDHOTEL,2026-02-24,585.0,0.0,0.0,0.0,0.0,0.0,0.0,651.4,651.4,651.4,0.008,2026-01-28 09:13:02,39592
INDHOTEL,2026-02-24,590.0,0.0,0.0,0.0,3.45,339000.0,0.0,651.4,651.4,651.4,0.008,2026-01-28 09:13:02,36936
INDHOTEL,2026-02-24,595.0,0.0,0.0,0.0,5.0,9000.0,0.0,651.4,651.4,651.4,0.008,2026-01-28 09:13:02,34333
INDHOTEL,2026-02-24,600.0,55.0,6000.0,0.0,4.45,388000.0,0.0,651.4,651.4,651.4,0.008,2026-01-28 09:13:02,31847
INDHOTEL,2026-02-24,605.0,0.0,0.0,0.0,6.9,1000.0,0.0,651.4,651.4,651.4,0.008,2026-01-28 09:13:02,29423
INDHOTEL,2026-02-24,610.0,0.0,0.0,0.0,6.25,124000.0,0.0,651.4,651.4,651.4,0.008,2026-01-28 09:13:02,27139
INDHOTEL,2026-02-24,615.0,0.0,0.0,0.0,7.0,18000.0,0.0,651.4,651.4,651.4,0.008,2026-01-28 09:13:02,24839
INDHOTEL,2026-02-24,620.0,44.35,6000.0,0.0,7.95,181000.0,0.0,651.4,651.4,651.4,0.008,2026-01-28 09:13:02,22614
INDHOTEL,2026-02-24,625.0,0.0,0.0,0.0,9.5,30000.0,0.0,651.4,651.4,651.4,0.008,2026-01-28 09:13:02,20377
INDHOTEL,2026-02-24,630.0,38.7,42000.0,0.0,10.7,304000.0,0.0,651.4,651.4,651.4,0.008,2026-01-28 09:13:02,18244
INDHOTEL,2026-02-24,635.0,0.0,0.0,0.0,11.85,46000.0,0.0,651.4,651.4,651.4,0.008,2026-01-28 09:13:02,16149
INDHOTEL,2026-02-24,640.0,31.15,88000.0,0.0,13.85,248000.0,0.0,651.4,651.4,651.4,0.008,2026-01-28 09:13:02,14186
INDHOTEL,2026-02-24,645.0,27.5,74000.0,0.0,16.25,67000.0,0.0,651.4,651.4,651.4,0.008,2026-01-28 09:13:02,12377
INDHOTEL,2026-02-24,650.0,24.9,784000.0,0.0,18.0,937000.0,0.0,651.4,651.4,651.4,0.008,2026-01-28 09:13:02,10801
INDHOTEL,2026-02-24,655.0,23.25,142000.0,0.0,24.4,45000.0,0.0,651.4,651.4,651.4,0.008,2026-01-28 09:13:02,10257
INDHOTEL,2026-02-24,660.0,20.15,342000.0,0.0,22.85,479000.0,0.0,651.4,651.4,651.4,0.008,2026-01-28 09:13:02,9762
INDHOTEL,2026-02-24,665.0,18.2,58000.0,0.0,29.9,13000.0,0.0,651.4,651.4,651.4,0.008,2026-01-28 09:13:02,9051
INDHOTEL,2026-02-24,670.0,15.5,187000.0,0.0,28.15,129000.0,0.0,651.4,651.4,651.4,0.008,2026-01-28 09:13:02,8847
INDHOTEL,2026-02-24,675.0,13.8,49000.0,0.0,36.0,5000.0,0.0,651.4,651.4,651.4,0.008,2026-01-28 09:13:02,8662
INDHOTEL,2026-02-24,680.0,11.7,513000.0,0.0,37.05,250000.0,0.0,651.4,651.4,651.4,0.008,2026-01-28 09:13:02,8627
INDHOTEL,2026-02-24,685.0,8.0,157000.0,0.0,0.0,0.0,0.0,651.4,651.4,651.4,0.008,2026-01-28 09:13:02,8597
INDHOTEL,2026-02-24,690.0,9.05,161000.0,0.0,47.25,86000.0,0.0,651.4,651.4,651.4,0.008,2026-01-28 09:13:02,9098
INDHOTEL,2026-02-24,695.0,7.5,9000.0,0.0,51.3,10000.0,0.0,651.4,651.4,651.4,0.008,2026-01-28 09:13:02,9336
INDHOTEL,2026-02-24,700.0,6.45,932000.0,0.0,50.4,434000.0,0.0,651.4,651.4,651.4,0.008,2026-01-28 09:13:02,9799
INDHOTEL,2026-02-24,705.0,5.75,34000.0,0.0,0.0,0.0,0.0,651.4,651.4,651.4,0.008,2026-01-28 09:13:02,9404
INDHOTEL,2026-02-24,710.0,4.95,131000.0,0.0,64.5,35000.0,0.0,651.4,651.4,651.4,0.008,2026-01-28 09:13:02,10631
INDHOTEL,2026-02-24,715.0,4.25,16000.0,0.0,70.0,8000.0,0.0,651.4,651.4,651.4,0.008,2026-01-28 09:13:02,11762
INDHOTEL,2026-02-24,720.0,3.65,349000.0,0.0,66.9,166000.0,0.0,651.4,651.4,651.4,0.008,2026-01-28 09:13:02,13015
INDHOTEL,2026-02-24,725.0,2.95,25000.0,0.0,0.0,0.0,0.0,651.4,651.4,651.4,0.008,2026-01-28 09:13:02,13593
INDHOTEL,2026-02-24,730.0,2.65,63000.0,0.0,82.0,64000.0,0.0,651.4,651.4,651.4,0.008,2026-01-28 09:13:02,15173
INDHOTEL,2026-02-24,735.0,2.25,20000.0,0.0,0.0,0.0,0.0,651.4,651.4,651.4,0.008,2026-01-28 09:13:02,16301
INDHOTEL,2026-02-24,740.0,2.0,57000.0,0.0,85.0,91000.0,0.0,651.4,651.4,651.4,0.008,2026-01-28 09:13:02,17952
INDHOTEL,2026-02-24,745.0,2.35,23000.0,0.0,92.6,4000.0,0.0,651.4,651.4,651.4,0.008,2026-01-28 09:13:02,18911
INDHOTEL,2026-02-24,750.0,1.65,586000.0,0.0,101.5,250000.0,0.0,651.4,651.4,651.4,0.008,2026-01-28 09:13:02,20613
INDHOTEL,2026-02-24,755.0,1.75,28000.0,0.0,0.0,0.0,0.0,651.4,651.4,651.4,0.008,2026-01-28 09:13:02,20324
INDHOTEL,2026-02-24,760.0,1.15,47000.0,0.0,111.4,119000.0,0.0,651.4,651.4,651.4,0.008,2026-01-28 09:13:02,22495
INDHOTEL,2026-02-24,765.0,1.25,42000.0,0.0,0.0,0.0,0.0,651.4,651.4,651.4,0.008,2026-01-28 09:13:02,23424
INDHOTEL,2026-02-24,770.0,0.5,3000.0,0.0,119.5,94000.0,0.0,651.4,651.4,651.4,0.008,2026-01-28 09:13:02,25699
INDHOTEL,2026-02-24,775.0,0.0,0.0,0.0,0.0,0.0,0.0,651.4,651.4,651.4,0.008,2026-01-28 09:13:02,26895
INDHOTEL,2026-02-24,780.0,0.65,49000.0,0.0,120.0,102000.0,0.0,651.4,651.4,651.4,0.008,2026-01-28 09:13:02,29213
INDHOTEL,2026-02-24,785.0,0.65,1000.0,0.0,0.0,0.0,0.0,651.4,651.4,651.4,0.008,2026-01-28 09:13:02,30386
INDHOTEL,2026-02-24,790.0,0.0,0.0,0.0,142.0,1000.0,0.0,651.4,651.4,651.4,0.008,2026-01-28 09:13:02,32781
INDHOTEL,2026-02-24,795.0,0.0,0.0,0.0,0.0,0.0,0.0,651.4,651.4,651.4,0.008,2026-01-28 09:13:02,35162
INDHOTEL,2026-02-24,800.0,0.6,100000.0,0.0,141.0,147000.0,0.0,651.4,651.4,651.4,0.008,2026-01-28 09:13:02,37557
INDHOTEL,2026-02-24,805.0,0.0,0.0,0.0,0.0,0.0,0.0,651.4,651.4,651.4,0.008,2026-01-28 09:13:02,38009
INDHOTEL,2026-02-24,810.0,0.25,2000.0,0.0,155.2,2000.0,0.0,651.4,651.4,651.4,0.008,2026-01-28 09:13:02,40527
INDHOTEL,2026-02-24,820.0,0.2,5000.0,0.0,0.0,0.0,0.0,651.4,651.4,651.4,0.008,2026-01-28 09:13:02,45537
INDHOTEL,2026-02-24,830.0,0.15,5000.0,0.0,178.75,12000.0,0.0,651.4,651.4,651.4,0.008,2026-01-28 09:13:02,50583
INDHOTEL,2026-02-24,840.0,0.1,7000.0,0.0,0.0,0.0,0.0,651.4,651.4,651.4,0.008,2026-01-28 09:13:02,55432
INDHOTEL,2026-02-24,850.0,0.0,0.0,0.0,0.0,0.0,0.0,651.4,651.4,651.4,0.008,2026-01-28 09:13:02,60502
INDHOTEL,2026-02-24,860.0,0.0,0.0,0.0,0.0,0.0,0.0,651.4,651.4,651.4,0.008,2026-01-28 09:13:02,65572
INDHOTEL,2026-02-24,880.0,0.05,13000.0,0.0,224.0,73000.0,0.0,651.4,651.4,651.4,0.008,2026-01-28 09:13:02,75712
INDIANB,2026-02-24,680.0,200.0,4000.0,0.0,0.0,0.0,0.0,877.85,877.85,877.85,0.131,2026-01-28 09:13:02,16558
INDIANB,2026-02-24,700.0,0.0,0.0,0.0,1.8,2000.0,0.0,877.85,877.85,877.85,0.131,2026-01-28 09:13:02,13900
INDIANB,2026-02-24,720.0,160.9,3000.0,0.0,0.9,2000.0,0.0,877.85,877.85,877.85,0.131,2026-01-28 09:13:02,11165
INDIANB,2026-02-24,730.0,151.3,5000.0,0.0,0.0,0.0,0.0,877.85,877.85,877.85,0.131,2026-01-28 09:13:02,9852
INDIANB,2026-02-24,740.0,141.8,9000.0,0.0,1.7,41000.0,0.0,877.85,877.85,877.85,0.131,2026-01-28 09:13:02,8570
INDIANB,2026-02-24,750.0,0.0,0.0,0.0,3.1,3000.0,0.0,877.85,877.85,877.85,0.131,2026-01-28 09:13:02,7384
INDIANB,2026-02-24,760.0,125.0,1000.0,0.0,3.3,18000.0,0.0,877.85,877.85,877.85,0.131,2026-01-28 09:13:02,6079
INDIANB,2026-02-24,770.0,114.3,1000.0,0.0,5.7,15000.0,0.0,877.85,877.85,877.85,0.131,2026-01-28 09:13:02,4800
INDIANB,2026-02-24,780.0,104.0,5000.0,0.0,4.75,79000.0,0.0,877.85,877.85,877.85,0.131,2026-01-28 09:13:02,3534
INDIANB,2026-02-24,790.0,0.0,0.0,0.0,6.75,2000.0,0.0,877.85,877.85,877.85,0.131,2026-01-28 09:13:02,2364
INDIANB,2026-02-24,800.0,90.4,45000.0,0.0,7.45,189000.0,0.0,877.85,877.85,877.85,0.131,2026-01-28 09:13:02,1180
INDIANB,2026-02-24,810.0,0.0,0.0,0.0,9.6,21000.0,0.0,877.85,877.85,877.85,0.131,2026-01-28 09:13:02,496
INDIANB,2026-02-24,820.0,73.55,6000.0,0.0,10.35,102000.0,0.0,877.85,877.85,877.85,0.131,2026-01-28 09:13:02,-451
INDIANB,2026-02-24,830.0,52.8,8000.0,0.0,12.95,35000.0,0.0,877.85,877.85,877.85,0.131,2026-01-28 09:13:02,-1332
INDIANB,2026-02-24,840.0,49.65,34000.0,0.0,15.85,251000.0,0.0,877.85,877.85,877.85,0.131,2026-01-28 09:13:02,-2112
INDIANB,2026-02-24,850.0,52.2,84000.0,0.0,19.0,127000.0,0.0,877.85,877.85,877.85,0.131,2026-01-28 09:13:02,-2833
INDIANB,2026-02-24,860.0,46.55,52000.0,0.0,22.65,103000.0,0.0,877.85,877.85,877.85,0.131,2026-01-28 09:13:02,-2917
INDIANB,2026-02-24,870.0,40.5,84000.0,0.0,26.75,92000.0,0.0,877.85,877.85,877.85,0.131,2026-01-28 09:13:02,-3034
INDIANB,2026-02-24,880.0,36.25,165000.0,0.0,31.05,107000.0,0.0,877.85,877.85,877.85,0.131,2026-01-28 09:13:02,-2890
INDIANB,2026-02-24,890.0,30.65,108000.0,0.0,37.4,56000.0,0.0,877.85,877.85,877.85,0.131,2026-01-28 09:13:02,-2302
INDIANB,2026-02-24,900.0,25.9,565000.0,0.0,40.55,98000.0,0.0,877.85,877.85,877.85,0.131,2026-01-28 09:13:02,-1695
INDIANB,2026-02-24,910.0,22.4,56000.0,0.0,59.0,15000.0,0.0,877.85,877.85,877.85,0.131,2026-01-28 09:13:02,519
INDIANB,2026-02-24,920.0,18.75,93000.0,0.0,66.45,1000.0,0.0,877.85,877.85,877.85,0.131,2026-01-28 09:13:02,1776
INDIANB,2026-02-24,930.0,15.5,83000.0,0.0,67.15,1000.0,0.0,877.85,877.85,877.85,0.131,2026-01-28 09:13:02,3258
INDIANB,2026-02-24,940.0,12.15,80000.0,0.0,74.5,1000.0,0.0,877.85,877.85,877.85,0.131,2026-01-28 09:13:02,4778
INDIANB,2026-02-24,950.0,9.4,27000.0,0.0,0.0,0.0,0.0,877.85,877.85,877.85,0.131,2026-01-28 09:13:02,6347
INDIANB,2026-02-24,960.0,8.85,81000.0,0.0,90.0,4000.0,0.0,877.85,877.85,877.85,0.131,2026-01-28 09:13:02,7878
INDIANB,2026-02-24,970.0,7.0,9000.0,0.0,0.0,0.0,0.0,877.85,877.85,877.85,0.131,2026-01-28 09:13:02,9505
INDIANB,2026-02-24,980.0,6.5,47000.0,0.0,0.0,0.0,0.0,877.85,877.85,877.85,0.131,2026-01-28 09:13:02,11111
INDIANB,2026-02-24,990.0,3.3,30000.0,0.0,0.0,0.0,0.0,877.85,877.85,877.85,0.131,2026-01-28 09:13:02,12789
INDIANB,2026-02-24,1000.0,4.15,400000.0,0.0,124.1,3000.0,0.0,877.85,877.85,877.85,0.131,2026-01-28 09:13:02,14475
INDIANB,2026-02-24,1010.0,2.35,36000.0,0.0,0.0,0.0,0.0,877.85,877.85,877.85,0.131,2026-01-28 09:13:02,16684
INDIANB,2026-02-24,1020.0,2.8,93000.0,0.0,142.25,5000.0,0.0,877.85,877.85,877.85,0.131,2026-01-28 09:13:02,18809
INDIGO,2026-02-24,4000.0,791.5,1500.0,0.0,10.6,54600.0,0.0,4777.0,4777.0,4777.0,0.168,2026-01-28 09:13:02,113857
INDIGO,2026-02-24,4100.0,0.0,0.0,0.0,11.85,5850.0,0.0,4777.0,4777.0,4777.0,0.168,2026-01-28 09:13:02,98429
INDIGO,2026-02-24,4200.0,0.0,0.0,0.0,17.7,38550.0,0.0,4777.0,4777.0,4777.0,0.168,2026-01-28 09:13:02,82992
INDIGO,2026-02-24,4250.0,0.0,0.0,0.0,22.3,7350.0,0.0,4777.0,4777.0,4777.0,0.168,2026-01-28 09:13:02,75401
INDIGO,2026-02-24,4300.0,0.0,0.0,0.0,24.25,42300.0,0.0,4777.0,4777.0,4777.0,0.168,2026-01-28 09:13:02,67899
INDIGO,2026-02-24,4350.0,0.0,0.0,0.0,30.55,16500.0,0.0,4777.0,4777.0,4777.0,0.168,2026-01-28 09:13:02,60522
INDIGO,2026-02-24,4400.0,370.5,6900.0,0.0,35.95,45750.0,0.0,4777.0,4777.0,4777.0,0.168,2026-01-28 09:13:02,53280
INDIGO,2026-02-24,4450.0,0.0,0.0,0.0,42.25,11700.0,0.0,4777.0,4777.0,4777.0,0.168,2026-01-28 09:13:02,46443
INDIGO,2026-02-24,4500.0,358.3,32400.0,0.0,50.8,130800.0,0.0,4777.0,4777.0,4777.0,0.168,2026-01-28 09:13:02,39523
INDIGO,2026-02-24,4550.0,0.0,0.0,0.0,60.65,12750.0,0.0,4777.0,4777.0,4777.0,0.168,2026-01-28 09:13:02,33966
INDIGO,2026-02-24,4600.0,278.25,15600.0,0.0,73.2,175350.0,0.0,4777.0,4777.0,4777.0,0.168,2026-01-28 09:13:02,27898
INDIGO,2026-02-24,4650.0,244.05,10800.0,0.0,86.45,42900.0,0.0,4777.0,4777.0,4777.0,0.168,2026-01-28 09:13:02,22013
INDIGO,2026-02-24,4700.0,207.2,141300.0,0.0,103.95,279900.0,0.0,4777.0,4777.0,4777.0,0.168,2026-01-28 09:13:02,17139
INDIGO,2026-02-24,4750.0,176.2,32550.0,0.0,120.3,40050.0,0.0,4777.0,4777.0,4777.0,0.168,2026-01-28 09:13:02,14496
INDIGO,2026-02-24,4800.0,149.2,311250.0,0.0,143.6,171600.0,0.0,4777.0,4777.0,4777.0,0.168,2026-01-28 09:13:02,12290
INDIGO,2026-02-24,4850.0,124.45,39750.0,0.0,165.0,19050.0,0.0,4777.0,4777.0,4777.0,0.168,2026-01-28 09:13:02,14586
INDIGO,2026-02-24,4900.0,102.35,164100.0,0.0,194.6,93450.0,0.0,4777.0,4777.0,4777.0,0.168,2026-01-28 09:13:02,15176
INDIGO,2026-02-24,4950.0,84.5,38250.0,0.0,261.05,2400.0,0.0,4777.0,4777.0,4777.0,0.168,2026-01-28 09:13:02,16735
INDIGO,2026-02-24,5000.0,67.85,233700.0,0.0,258.55,112350.0,0.0,4777.0,4777.0,4777.0,0.168,2026-01-28 09:13:02,18897
INDIGO,2026-02-24,5050.0,54.95,15300.0,0.0,295.3,1650.0,0.0,4777.0,4777.0,4777.0,0.168,2026-01-28 09:13:02,21209
INDIGO,2026-02-24,5100.0,43.95,104100.0,0.0,325.85,20400.0,0.0,4777.0,4777.0,4777.0,0.168,2026-01-28 09:13:02,24961
INDIGO,2026-02-24,5150.0,35.35,6000.0,0.0,428.95,1200.0,0.0,4777.0,4777.0,4777.0,0.168,2026-01-28 09:13:02,29093
INDIGO,2026-02-24,5200.0,28.95,112650.0,0.0,413.45,14700.0,0.0,4777.0,4777.0,4777.0,0.168,2026-01-28 09:13:02,33437
INDIGO,2026-02-24,5250.0,23.8,16050.0,0.0,0.0,0.0,0.0,4777.0,4777.0,4777.0,0.168,2026-01-28 09:13:02,38167
INDIGO,2026-02-24,5300.0,19.3,84450.0,0.0,507.7,21900.0,0.0,4777.0,4777.0,4777.0,0.168,2026-01-28 09:13:02,43297
INDIGO,2026-02-24,5350.0,17.4,4350.0,0.0,560.0,150.0,0.0,4777.0,4777.0,4777.0,0.168,2026-01-28 09:13:02,47972
INDIGO,2026-02-24,5400.0,13.3,48750.0,0.0,663.0,9600.0,0.0,4777.0,4777.0,4777.0,0.168,2026-01-28 09:13:02,53617
INDIGO,2026-02-24,5450.0,9.3,4500.0,0.0,674.2,1200.0,0.0,4777.0,4777.0,4777.0,0.168,2026-01-28 09:13:02,58983
INDIGO,2026-02-24,5500.0,9.55,113550.0,0.0,714.0,150450.0,0.0,4777.0,4777.0,4777.0,0.168,2026-01-28 09:13:02,64872
INDIGO,2026-02-24,5550.0,8.0,5100.0,0.0,767.4,3300.0,0.0,4777.0,4777.0,4777.0,0.168,2026-01-28 09:13:02,61525
INDIGO,2026-02-24,5600.0,6.25,33600.0,0.0,800.5,18600.0,0.0,4777.0,4777.0,4777.0,0.168,2026-01-28 09:13:02,68604
INDIGO,2026-02-24,5700.0,6.05,169500.0,0.0,870.0,7050.0,0.0,4777.0,4777.0,4777.0,0.168,2026-01-28 09:13:02,82315
INDIGO,2026-02-24,5800.0,4.5,11700.0,0.0,1036.0,3900.0,0.0,4777.0,4777.0,4777.0,0.168,2026-01-28 09:13:02,98748
INDIGO,2026-02-24,5900.0,0.0,0.0,0.0,1137.9,4050.0,0.0,4777.0,4777.0,4777.0,0.168,2026-01-28 09:13:02,115449
INDIGO,2026-02-24,6000.0,3.8,27000.0,0.0,1240.0,43650.0,0.0,4777.0,4777.0,4777.0,0.168,2026-01-28 09:13:02,132129
INDIGO,2026-02-24,6100.0,2.8,22950.0,0.0,0.0,0.0,0.0,4777.0,4777.0,4777.0,0.168,2026-01-28 09:13:02,144573
INDIGO,2026-02-24,6200.0,0.45,2700.0,0.0,0.0,0.0,0.0,4777.0,4777.0,4777.0,0.168,2026-01-28 09:13:02,162656
INDIGO,2026-02-24,6400.0,0.15,1350.0,0.0,0.0,0.0,0.0,4777.0,4777.0,4777.0,0.168,2026-01-28 09:13:02,198863
INDUSINDBK,2026-02-24,740.0,0.0,0.0,0.0,2.95,31500.0,0.0,898.75,898.75,898.75,0.447,2026-01-28 09:13:02,50176
INDUSINDBK,2026-02-24,760.0,0.0,0.0,0.0,3.75,74200.0,0.0,898.75,898.75,898.75,0.447,2026-01-28 09:13:02,41045
INDUSINDBK,2026-02-24,770.0,137.0,2100.0,0.0,4.2,60900.0,0.0,898.75,898.75,898.75,0.447,2026-01-28 09:13:02,36530
INDUSINDBK,2026-02-24,780.0,0.0,0.0,0.0,4.9,35000.0,0.0,898.75,898.75,898.75,0.447,2026-01-28 09:13:02,32109
INDUSINDBK,2026-02-24,790.0,0.0,0.0,0.0,5.6,53900.0,0.0,898.75,898.75,898.75,0.447,2026-01-28 09:13:02,27703
INDUSINDBK,2026-02-24,800.0,107.0,44800.0,0.0,6.35,382200.0,0.0,898.75,898.75,898.75,0.447,2026-01-28 09:13:02,23338
INDUSINDBK,2026-02-24,810.0,109.0,700.0,0.0,7.45,58800.0,0.0,898.75,898.75,898.75,0.447,2026-01-28 09:13:02,19666
INDUSINDBK,2026-02-24,820.0,86.8,7700.0,0.0,8.8,119700.0,0.0,898.75,898.75,898.75,0.447,2026-01-28 09:13:02,15781
INDUSINDBK,2026-02-24,830.0,73.45,2800.0,0.0,10.2,134400.0,0.0,898.75,898.75,898.75,0.447,2026-01-28 09:13:02,12022
INDUSINDBK,2026-02-24,840.0,67.2,3500.0,0.0,12.2,168000.0,0.0,898.75,898.75,898.75,0.447,2026-01-28 09:13:02,8321
INDUSINDBK,2026-02-24,850.0,63.85,87500.0,0.0,14.35,333900.0,0.0,898.75,898.75,898.75,0.447,2026-01-28 09:13:02,4727
INDUSINDBK,2026-02-24,860.0,56.75,68600.0,0.0,16.8,290500.0,0.0,898.75,898.75,898.75,0.447,2026-01-28 09:13:02,1816
INDUSINDBK,2026-02-24,870.0,49.6,70700.0,0.0,19.9,242200.0,0.0,898.75,898.75,898.75,0.447,2026-01-28 09:13:02,-914
INDUSINDBK,2026-02-24,880.0,43.4,317100.0,0.0,23.35,452200.0,0.0,898.75,898.75,898.75,0.447,2026-01-28 09:13:02,-3365
INDUSINDBK,2026-02-24,890.0,37.35,273700.0,0.0,27.3,213500.0,0.0,898.75,898.75,898.75,0.447,2026-01-28 09:13:02,-4594
INDUSINDBK,2026-02-24,900.0,32.05,749000.0,0.0,32.35,840700.0,0.0,898.75,898.75,898.75,0.447,2026-01-28 09:13:02,-5217
INDUSINDBK,2026-02-24,910.0,27.1,434700.0,0.0,37.05,344400.0,0.0,898.75,898.75,898.75,0.447,2026-01-28 09:13:02,-5009
INDUSINDBK,2026-02-24,920.0,22.75,434700.0,0.0,42.5,188300.0,0.0,898.75,898.75,898.75,0.447,2026-01-28 09:13:02,-3801
INDUSINDBK,2026-02-24,930.0,19.05,168700.0,0.0,48.3,69300.0,0.0,898.75,898.75,898.75,0.447,2026-01-28 09:13:02,-1683
INDUSINDBK,2026-02-24,940.0,15.8,335300.0,0.0,54.9,151900.0,0.0,898.75,898.75,898.75,0.447,2026-01-28 09:13:02,470
INDUSINDBK,2026-02-24,950.0,13.2,830200.0,0.0,64.1,82600.0,0.0,898.75,898.75,898.75,0.447,2026-01-28 09:13:02,2820
INDUSINDBK,2026-02-24,960.0,10.8,169400.0,0.0,68.95,248500.0,0.0,898.75,898.75,898.75,0.447,2026-01-28 09:13:02,6954
INDUSINDBK,2026-02-24,970.0,8.9,65100.0,0.0,86.7,4900.0,0.0,898.75,898.75,898.75,0.447,2026-01-28 09:13:02,9408
INDUSINDBK,2026-02-24,980.0,7.4,58100.0,0.0,0.0,0.0,0.0,898.75,898.75,898.75,0.447,2026-01-28 09:13:02,13479
INDUSINDBK,2026-02-24,990.0,6.1,44800.0,0.0,0.0,0.0,0.0,898.75,898.75,898.75,0.447,2026-01-28 09:13:02,17635
INDUSINDBK,2026-02-24,1000.0,5.15,669900.0,0.0,112.1,9800.0,0.0,898.75,898.75,898.75,0.447,2026-01-28 09:13:02,21820
INDUSINDBK,2026-02-24,1010.0,4.25,11900.0,0.0,0.0,0.0,0.0,898.75,898.75,898.75,0.447,2026-01-28 09:13:02,26893
INDUSINDBK,2026-02-24,1020.0,3.55,238000.0,0.0,0.0,0.0,0.0,898.75,898.75,898.75,0.447,2026-01-28 09:13:02,31748
INDUSINDBK,2026-02-24,1030.0,3.05,26600.0,0.0,0.0,0.0,0.0,898.75,898.75,898.75,0.447,2026-01-28 09:13:02,36920
INDUSINDBK,2026-02-24,1040.0,2.65,26600.0,0.0,151.0,1400.0,0.0,898.75,898.75,898.75,0.447,2026-01-28 09:13:02,42042
INDUSINDBK,2026-02-24,1060.0,1.95,41300.0,0.0,0.0,0.0,0.0,898.75,898.75,898.75,0.447,2026-01-28 09:13:02,52312
INDUSINDBK,2026-02-24,1080.0,1.5,70000.0,0.0,0.0,0.0,0.0,898.75,898.75,898.75,0.447,2026-01-28 09:13:02,62688
INDUSTOWER,2026-02-24,350.0,0.0,0.0,0.0,1.35,25500.0,0.0,425.25,425.25,425.25,0.639,2026-01-28 09:13:02,24267
INDUSTOWER,2026-02-24,360.0,0.0,0.0,0.0,1.85,209100.0,0.0,425.25,425.25,425.25,0.639,2026-01-28 09:13:02,18929
INDUSTOWER,2026-02-24,370.0,56.25,1700.0,0.0,2.45,375700.0,0.0,425.25,425.25,425.25,0.639,2026-01-28 09:13:02,13764
INDUSTOWER,2026-02-24,375.0,51.7,1700.0,0.0,0.0,0.0,0.0,425.25,425.25,425.25,0.639,2026-01-28 09:13:02,11308
INDUSTOWER,2026-02-24,380.0,0.0,0.0,0.0,3.6,549100.0,0.0,425.25,425.25,425.25,0.639,2026-01-28 09:13:02,8944
INDUSTOWER,2026-02-24,385.0,0.0,0.0,0.0,4.2,61200.0,0.0,425.25,425.25,425.25,0.639,2026-01-28 09:13:02,6647
INDUSTOWER,2026-02-24,390.0,34.3,5100.0,0.0,4.95,324700.0,0.0,425.25,425.25,425.25,0.639,2026-01-28 09:13:02,4553
INDUSTOWER,2026-02-24,395.0,35.6,5100.0,0.0,5.8,64600.0,0.0,425.25,425.25,425.25,0.639,2026-01-28 09:13:02,2507
INDUSTOWER,2026-02-24,400.0,32.1,175100.0,0.0,7.2,770100.0,0.0,425.25,425.25,425.25,0.639,2026-01-28 09:13:02,619
INDUSTOWER,2026-02-24,405.0,28.55,10200.0,0.0,8.3,81600.0,0.0,425.25,425.25,425.25,0.639,2026-01-28 09:13:02,-768
INDUSTOWER,2026-02-24,410.0,24.8,197200.0,0.0,9.75,557600.0,0.0,425.25,425.25,425.25,0.639,2026-01-28 09:13:02,-2156
INDUSTOWER,2026-02-24,415.0,21.65,163200.0,0.0,11.45,232900.0,0.0,425.25,425.25,425.25,0.639,2026-01-28 09:13:02,-3183
INDUSTOWER,2026-02-24,420.0,18.55,906100.0,0.0,13.95,659600.0,0.0,425.25,425.25,425.25,0.639,2026-01-28 09:13:02,-3871
INDUSTOWER,2026-02-24,425.0,16.2,187000.0,0.0,15.45,85000.0,0.0,425.25,425.25,425.25,0.639,2026-01-28 09:13:02,-3102
INDUSTOWER,2026-02-24,430.0,13.45,780300.0,0.0,18.3,489600.0,0.0,425.25,425.25,425.25,0.639,2026-01-28 09:13:02,-2785
INDUSTOWER,2026-02-24,435.0,11.85,108800.0,0.0,21.2,40800.0,0.0,425.25,425.25,425.25,0.639,2026-01-28 09:13:02,-1852
INDUSTOWER,2026-02-24,440.0,9.9,574600.0,0.0,28.15,139400.0,0.0,425.25,425.25,425.25,0.639,2026-01-28 09:13:02,-956
INDUSTOWER,2026-02-24,445.0,8.15,289000.0,0.0,32.6,27200.0,0.0,425.25,425.25,425.25,0.639,2026-01-28 09:13:02,431
INDUSTOWER,2026-02-24,450.0,6.65,1479000.0,0.0,31.0,642600.0,0.0,425.25,425.25,425.25,0.639,2026-01-28 09:13:02,1947
INDUSTOWER,2026-02-24,455.0,5.35,122400.0,0.0,0.0,0.0,0.0,425.25,425.25,425.25,0.639,2026-01-28 09:13:02,3369
INDUSTOWER,2026-02-24,460.0,4.55,365500.0,0.0,0.0,0.0,0.0,425.25,425.25,425.25,0.639,2026-01-28 09:13:02,5926
INDUSTOWER,2026-02-24,465.0,3.5,95200.0,0.0,0.0,0.0,0.0,425.25,425.25,425.25,0.639,2026-01-28 09:13:02,8766
INDUSTOWER,2026-02-24,470.0,3.1,486200.0,0.0,55.3,17000.0,0.0,425.25,425.25,425.25,0.639,2026-01-28 09:13:02,11521
INDUSTOWER,2026-02-24,475.0,2.8,102000.0,0.0,0.0,0.0,0.0,425.25,425.25,425.25,0.639,2026-01-28 09:13:02,14551
INDUSTOWER,2026-02-24,480.0,2.35,195500.0,0.0,62.25,6800.0,0.0,425.25,425.25,425.25,0.639,2026-01-28 09:13:02,17604
INDUSTOWER,2026-02-24,485.0,0.0,0.0,0.0,0.0,0.0,0.0,425.25,425.25,425.25,0.639,2026-01-28 09:13:02,20733
INDUSTOWER,2026-02-24,490.0,0.0,0.0,0.0,0.0,0.0,0.0,425.25,425.25,425.25,0.639,2026-01-28 09:13:02,23858
INDUSTOWER,2026-02-24,495.0,0.0,0.0,0.0,0.0,0.0,0.0,425.25,425.25,425.25,0.639,2026-01-28 09:13:02,26984
INDUSTOWER,2026-02-24,500.0,1.45,827900.0,0.0,0.0,0.0,0.0,425.25,425.25,425.25,0.639,2026-01-28 09:13:02,30109
INDUSTOWER,2026-02-24,505.0,1.0,10200.0,0.0,0.0,0.0,0.0,425.25,425.25,425.25,0.639,2026-01-28 09:13:02,33769
INDUSTOWER,2026-02-24,510.0,0.0,0.0,0.0,0.0,0.0,0.0,425.25,425.25,425.25,0.639,2026-01-28 09:13:02,37314
INDUSTOWER,2026-02-24,515.0,0.65,56100.0,0.0,0.0,0.0,0.0,425.25,425.25,425.25,0.639,2026-01-28 09:13:02,40859
INFY,2026-02-24,1360.0,330.0,4400.0,0.0,1.7,27600.0,0.0,1680.0,1680.0,1680.0,-0.16,2026-01-28 09:13:02,78118
INFY,2026-02-24,1400.0,280.0,16800.0,0.0,2.1,202400.0,0.0,1680.0,1680.0,1680.0,-0.16,2026-01-28 09:13:02,62156
INFY,2026-02-24,1440.0,249.0,12800.0,0.0,2.65,51600.0,0.0,1680.0,1680.0,1680.0,-0.16,2026-01-28 09:13:02,47359
INFY,2026-02-24,1460.0,0.0,0.0,0.0,3.25,48000.0,0.0,1680.0,1680.0,1680.0,-0.16,2026-01-28 09:13:02,40180
INFY,2026-02-24,1480.0,0.0,0.0,0.0,3.65,90800.0,0.0,1680.0,1680.0,1680.0,-0.16,2026-01-28 09:13:02,32776
INFY,2026-02-24,1500.0,201.0,112800.0,0.0,4.75,364400.0,0.0,1680.0,1680.0,1680.0,-0.16,2026-01-28 09:13:02,25537
INFY,2026-02-24,1520.0,175.0,400.0,0.0,5.45,109200.0,0.0,1680.0,1680.0,1680.0,-0.16,2026-01-28 09:13:02,21379
INFY,2026-02-24,1540.0,159.0,37200.0,0.0,7.0,131200.0,0.0,1680.0,1680.0,1680.0,-0.16,2026-01-28 09:13:02,15293
INFY,2026-02-24,1560.0,137.8,3600.0,0.0,8.95,136800.0,0.0,1680.0,1680.0,1680.0,-0.16,2026-01-28 09:13:02,10097
INFY,2026-02-24,1580.0,123.5,21600.0,0.0,10.95,541600.0,0.0,1680.0,1680.0,1680.0,-0.16,2026-01-28 09:13:02,4609
INFY,2026-02-24,1600.0,109.55,273200.0,0.0,13.75,406400.0,0.0,1680.0,1680.0,1680.0,-0.16,2026-01-28 09:13:02,-5
INFY,2026-02-24,1620.0,91.05,54000.0,0.0,17.0,347600.0,0.0,1680.0,1680.0,1680.0,-0.16,2026-01-28 09:13:02,-501
INFY,2026-02-24,1640.0,77.6,134800.0,0.0,21.45,345600.0,0.0,1680.0,1680.0,1680.0,-0.16,2026-01-28 09:13:02,-2726
INFY,2026-02-24,1660.0,62.8,222800.0,0.0,27.0,306000.0,0.0,1680.0,1680.0,1680.0,-0.16,2026-01-28 09:13:02,-3587
INFY,2026-02-24,1680.0,51.45,665600.0,0.0,33.85,301200.0,0.0,1680.0,1680.0,1680.0,-0.16,2026-01-28 09:13:02,-3122
INFY,2026-02-24,1700.0,38.8,787200.0,0.0,42.25,337200.0,0.0,1680.0,1680.0,1680.0,-0.16,2026-01-28 09:13:02,1107
INFY,2026-02-24,1720.0,29.2,381200.0,0.0,52.5,120800.0,0.0,1680.0,1680.0,1680.0,-0.16,2026-01-28 09:13:02,6812
INFY,2026-02-24,1740.0,22.25,406000.0,0.0,65.55,12000.0,0.0,1680.0,1680.0,1680.0,-0.16,2026-01-28 09:13:02,12369
INFY,2026-02-24,1760.0,15.6,226000.0,0.0,79.2,31600.0,0.0,1680.0,1680.0,1680.0,-0.16,2026-01-28 09:13:02,19108
INFY,2026-02-24,1780.0,11.2,212000.0,0.0,95.1,2800.0,0.0,1680.0,1680.0,1680.0,-0.16,2026-01-28 09:13:02,25640
INFY,2026-02-24,1800.0,8.8,641200.0,0.0,111.45,108400.0,0.0,1680.0,1680.0,1680.0,-0.16,2026-01-28 09:13:02,32710
INFY,2026-02-24,1820.0,6.2,140000.0,0.0,152.0,400.0,0.0,1680.0,1680.0,1680.0,-0.16,2026-01-28 09:13:02,40424
INFY,2026-02-24,1840.0,4.7,216800.0,0.0,149.0,20000.0,0.0,1680.0,1680.0,1680.0,-0.16,2026-01-28 09:13:02,49144
INFY,2026-02-24,1860.0,3.3,70000.0,0.0,0.0,0.0,0.0,1680.0,1680.0,1680.0,-0.16,2026-01-28 09:13:02,58061
INFY,2026-02-24,1880.0,2.55,50400.0,0.0,188.45,11200.0,0.0,1680.0,1680.0,1680.0,-0.16,2026-01-28 09:13:02,67337
INFY,2026-02-24,1900.0,2.35,58000.0,0.0,218.0,800.0,0.0,1680.0,1680.0,1680.0,-0.16,2026-01-28 09:13:02,76515
INFY,2026-02-24,1920.0,1.65,145200.0,0.0,240.0,2000.0,0.0,1680.0,1680.0,1680.0,-0.16,2026-01-28 09:13:02,86004
INOXWIND,2026-02-24,85.0,0.0,0.0,0.0,0.92,103675.0,0.0,105.48,105.48,105.48,0.726,2026-01-28 09:13:02,30795
INOXWIND,2026-02-24,90.0,14.97,7150.0,0.0,1.46,954525.0,0.0,105.48,105.48,105.48,0.726,2026-01-28 09:13:02,25268
INOXWIND,2026-02-24,92.5,0.0,0.0,0.0,1.4,3575.0,0.0,105.48,105.48,105.48,0.726,2026-01-28 09:13:02,22621
INOXWIND,2026-02-24,95.0,0.0,0.0,0.0,2.37,464750.0,0.0,105.48,105.48,105.48,0.726,2026-01-28 09:13:02,20103
INOXWIND,2026-02-24,97.5,0.0,0.0,0.0,0.0,0.0,0.0,105.48,105.48,105.48,0.726,2026-01-28 09:13:02,17591
INOXWIND,2026-02-24,100.0,9.11,235950.0,0.0,3.74,1072500.0,0.0,105.48,105.48,105.48,0.726,2026-01-28 09:13:02,15189
INOXWIND,2026-02-24,102.5,7.68,114400.0,0.0,4.48,396825.0,0.0,105.48,105.48,105.48,0.726,2026-01-28 09:13:02,12929
INOXWIND,2026-02-24,105.0,6.09,1076075.0,0.0,5.67,1458600.0,0.0,105.48,105.48,105.48,0.726,2026-01-28 09:13:02,10892
INOXWIND,2026-02-24,107.5,4.8,614900.0,0.0,6.97,439725.0,0.0,105.48,105.48,105.48,0.726,2026-01-28 09:13:02,9408
INOXWIND,2026-02-24,110.0,3.68,2109250.0,0.0,8.13,1154725.0,0.0,105.48,105.48,105.48,0.726,2026-01-28 09:13:02,8347
INOXWIND,2026-02-24,112.5,2.88,50050.0,0.0,10.29,314600.0,0.0,105.48,105.48,105.48,0.726,2026-01-28 09:13:02,7951
INOXWIND,2026-02-24,115.0,2.13,822250.0,0.0,11.48,436150.0,0.0,105.48,105.48,105.48,0.726,2026-01-28 09:13:02,7500
INOXWIND,2026-02-24,117.5,1.6,64350.0,0.0,13.75,114400.0,0.0,105.48,105.48,105.48,0.726,2026-01-28 09:13:02,7347
INOXWIND,2026-02-24,120.0,1.12,1437150.0,0.0,15.41,822250.0,0.0,105.48,105.48,105.48,0.726,2026-01-28 09:13:02,7417
INOXWIND,2026-02-24,122.5,1.18,14300.0,0.0,19.0,50050.0,0.0,105.48,105.48,105.48,0.726,2026-01-28 09:13:02,7093
INOXWIND,2026-02-24,125.0,0.64,561275.0,0.0,20.15,468325.0,0.0,105.48,105.48,105.48,0.726,2026-01-28 09:13:02,7798
INOXWIND,2026-02-24,127.5,0.68,17875.0,0.0,22.87,28600.0,0.0,105.48,105.48,105.48,0.726,2026-01-28 09:13:02,7945
INOXWIND,2026-02-24,130.0,0.39,1744600.0,0.0,26.0,425425.0,0.0,105.48,105.48,105.48,0.726,2026-01-28 09:13:02,8948
INOXWIND,2026-02-24,132.5,0.0,0.0,0.0,28.65,14300.0,0.0,105.48,105.48,105.48,0.726,2026-01-28 09:13:02,9520
INOXWIND,2026-02-24,135.0,0.16,10725.0,0.0,30.5,429000.0,0.0,105.48,105.48,105.48,0.726,2026-01-28 09:13:02,11092
INOXWIND,2026-02-24,137.5,0.2,32175.0,0.0,31.0,3575.0,0.0,105.48,105.48,105.48,0.726,2026-01-28 09:13:02,11507
INOXWIND,2026-02-24,140.0,0.12,464750.0,0.0,34.4,1329900.0,0.0,105.48,105.48,105.48,0.726,2026-01-28 09:13:02,13229
INOXWIND,2026-02-24,145.0,0.1,60775.0,0.0,39.69,96525.0,0.0,105.48,105.48,105.48,0.726,2026-01-28 09:13:02,13021
INOXWIND,2026-02-24,150.0,0.05,196625.0,0.0,44.0,557700.0,0.0,105.48,105.48,105.48,0.726,2026-01-28 09:13:02,17078
IOC,2026-02-24,132.0,0.0,0.0,0.0,0.0,0.0,0.0,159.0,159.0,159.0,0.063,2026-01-28 09:13:02,36979
IOC,2026-02-24,134.0,0.0,0.0,0.0,0.0,0.0,0.0,159.0,159.0,159.0,0.063,2026-01-28 09:13:02,33535
IOC,2026-02-24,135.0,0.0,0.0,0.0,0.37,711750.0,0.0,159.0,159.0,159.0,0.063,2026-01-28 09:13:02,31814
IOC,2026-02-24,136.0,0.0,0.0,0.0,0.32,9750.0,0.0,159.0,159.0,159.0,0.063,2026-01-28 09:13:02,30137
IOC,2026-02-24,138.0,20.8,277875.0,0.0,0.49,4875.0,0.0,159.0,159.0,159.0,0.063,2026-01-28 09:13:02,26837
IOC,2026-02-24,140.0,20.0,19500.0,0.0,0.6,780000.0,0.0,159.0,159.0,159.0,0.063,2026-01-28 09:13:02,24172
IOC,2026-02-24,142.0,0.0,0.0,0.0,0.81,58500.0,0.0,159.0,159.0,159.0,0.063,2026-01-28 09:13:02,21081
IOC,2026-02-24,143.0,0.0,0.0,0.0,0.95,185250.0,0.0,159.0,159.0,159.0,0.063,2026-01-28 09:13:02,19541
IOC,2026-02-24,144.0,0.0,0.0,0.0,0.99,9750.0,0.0,159.0,159.0,159.0,0.063,2026-01-28 09:13:02,18006
IOC,2026-02-24,145.0,14.4,204750.0,0.0,0.93,760500.0,0.0,159.0,159.0,159.0,0.063,2026-01-28 09:13:02,16489
IOC,2026-02-24,146.0,0.0,0.0,0.0,1.25,39000.0,0.0,159.0,159.0,159.0,0.063,2026-01-28 09:13:02,15293
IOC,2026-02-24,147.0,0.0,0.0,0.0,1.25,4875.0,0.0,159.0,159.0,159.0,0.063,2026-01-28 09:13:02,13873
IOC,2026-02-24,148.0,0.0,0.0,0.0,1.42,448500.0,0.0,159.0,159.0,159.0,0.063,2026-01-28 09:13:02,12457
IOC,2026-02-24,149.0,0.0,0.0,0.0,1.76,78000.0,0.0,159.0,159.0,159.0,0.063,2026-01-28 09:13:02,11023
IOC,2026-02-24,150.0,11.3,336375.0,0.0,1.71,1642875.0,0.0,159.0,159.0,159.0,0.063,2026-01-28 09:13:02,9647
IOC,2026-02-24,151.0,10.0,4875.0,0.0,2.23,73125.0,0.0,159.0,159.0,159.0,0.063,2026-01-28 09:13:02,8581
IOC,2026-02-24,152.0,8.75,4875.0,0.0,2.46,121875.0,0.0,159.0,159.0,159.0,0.063,2026-01-28 09:13:02,7413
IOC,2026-02-24,153.0,9.0,14625.0,0.0,2.48,292500.0,0.0,159.0,159.0,159.0,0.063,2026-01-28 09:13:02,6243
IOC,2026-02-24,154.0,0.0,0.0,0.0,2.7,351000.0,0.0,159.0,159.0,159.0,0.063,2026-01-28 09:13:02,5070
IOC,2026-02-24,155.0,7.97,916500.0,0.0,3.02,2681250.0,0.0,159.0,159.0,159.0,0.063,2026-01-28 09:13:02,3897
IOC,2026-02-24,156.0,6.04,4875.0,0.0,3.19,151125.0,0.0,159.0,159.0,159.0,0.063,2026-01-28 09:13:02,3099
IOC,2026-02-24,157.0,5.67,375375.0,0.0,3.49,380250.0,0.0,159.0,159.0,159.0,0.063,2026-01-28 09:13:02,2351
IOC,2026-02-24,158.0,5.64,292500.0,0.0,3.87,589875.0,0.0,159.0,159.0,159.0,0.063,2026-01-28 09:13:02,1804
IOC,2026-02-24,159.0,5.19,643500.0,0.0,4.34,619125.0,0.0,159.0,159.0,159.0,0.063,2026-01-28 09:13:02,1201
IOC,2026-02-24,160.0,4.75,4099875.0,0.0,5.11,2715375.0,0.0,159.0,159.0,159.0,0.063,2026-01-28 09:13:02,854
IOC,2026-02-24,161.0,4.38,292500.0,0.0,5.12,78000.0,0.0,159.0,159.0,159.0,0.063,2026-01-28 09:13:02,1682
IOC,2026-02-24,162.0,3.87,468000.0,0.0,6.15,165750.0,0.0,159.0,159.0,159.0,0.063,2026-01-28 09:13:02,2076
IOC,2026-02-24,163.0,3.26,126750.0,0.0,7.17,82875.0,0.0,159.0,159.0,159.0,0.063,2026-01-28 09:13:02,2524
IOC,2026-02-24,164.0,3.18,185250.0,0.0,6.6,9750.0,0.0,159.0,159.0,159.0,0.063,2026-01-28 09:13:02,2896
IOC,2026-02-24,165.0,2.64,2671500.0,0.0,8.15,1423500.0,0.0,159.0,159.0,159.0,0.063,2026-01-28 09:13:02,3358
IOC,2026-02-24,166.0,2.07,78000.0,0.0,0.0,0.0,0.0,159.0,159.0,159.0,0.063,2026-01-28 09:13:02,3722
IOC,2026-02-24,167.0,2.07,185250.0,0.0,9.25,9750.0,0.0,159.0,159.0,159.0,0.063,2026-01-28 09:13:02,4565
IOC,2026-02-24,168.0,1.85,136500.0,0.0,0.0,0.0,0.0,159.0,159.0,159.0,0.063,2026-01-28 09:13:02,5441
IOC,2026-02-24,169.0,1.6,97500.0,0.0,0.0,0.0,0.0,159.0,159.0,159.0,0.063,2026-01-28 09:13:02,6326
IOC,2026-02-24,170.0,1.42,1842750.0,0.0,12.48,502125.0,0.0,159.0,159.0,159.0,0.063,2026-01-28 09:13:02,7211
IOC,2026-02-24,171.0,1.2,24375.0,0.0,0.0,0.0,0.0,159.0,159.0,159.0,0.063,2026-01-28 09:13:02,7950
IOC,2026-02-24,172.0,1.12,487500.0,0.0,8.0,9750.0,0.0,159.0,159.0,159.0,0.063,2026-01-28 09:13:02,9060
IOC,2026-02-24,173.0,0.94,248625.0,0.0,0.0,0.0,0.0,159.0,159.0,159.0,0.063,2026-01-28 09:13:02,10263
IOC,2026-02-24,174.0,0.94,112125.0,0.0,0.0,0.0,0.0,159.0,159.0,159.0,0.063,2026-01-28 09:13:02,11468
IOC,2026-02-24,175.0,0.73,1223625.0,0.0,15.87,2013375.0,0.0,159.0,159.0,159.0,0.063,2026-01-28 09:13:02,12671
IOC,2026-02-24,176.0,0.84,34125.0,0.0,15.81,4875.0,0.0,159.0,159.0,159.0,0.063,2026-01-28 09:13:02,11081
IOC,2026-02-24,177.0,0.77,24375.0,0.0,18.0,34125.0,0.0,159.0,159.0,159.0,0.063,2026-01-28 09:13:02,12596
IOC,2026-02-24,178.0,0.0,0.0,0.0,0.0,0.0,0.0,159.0,159.0,159.0,0.063,2026-01-28 09:13:02,14062
IOC,2026-02-24,179.0,0.0,0.0,0.0,0.0,0.0,0.0,159.0,159.0,159.0,0.063,2026-01-28 09:13:02,15588
IOC,2026-02-24,180.0,0.4,1574625.0,0.0,21.5,151125.0,0.0,159.0,159.0,159.0,0.063,2026-01-28 09:13:02,17114
IOC,2026-02-24,182.0,0.0,0.0,0.0,0.0,0.0,0.0,159.0,159.0,159.0,0.063,2026-01-28 09:13:02,20249
IOC,2026-02-24,184.0,0.68,9750.0,0.0,0.0,0.0,0.0,159.0,159.0,159.0,0.063,2026-01-28 09:13:02,23646
IOC,2026-02-24,186.0,0.94,9750.0,0.0,0.0,0.0,0.0,159.0,159.0,159.0,0.063,2026-01-28 09:13:02,27046
IOC,2026-02-24,188.0,0.88,141375.0,0.0,0.0,0.0,0.0,159.0,159.0,159.0,0.063,2026-01-28 09:13:02,30447
IOC,2026-02-24,190.0,0.14,199875.0,0.0,30.5,24375.0,0.0,159.0,159.0,159.0,0.063,2026-01-28 09:13:02,33889
IRCTC,2026-02-24,510.0,0.0,0.0,0.0,1.85,69125.0,0.0,612.95,612.95,612.95,0.897,2026-01-28 09:13:02,67807
IRCTC,2026-02-24,520.0,0.0,0.0,0.0,2.2,12250.0,0.0,612.95,612.95,612.95,0.897,2026-01-28 09:13:02,61143
IRCTC,2026-02-24,530.0,0.0,0.0,0.0,2.75,84000.0,0.0,612.95,612.95,612.95,0.897,2026-01-28 09:13:02,54502
IRCTC,2026-02-24,540.0,71.25,2625.0,0.0,3.6,81375.0,0.0,612.95,612.95,612.95,0.897,2026-01-28 09:13:02,47924
IRCTC,2026-02-24,550.0,55.9,5250.0,0.0,4.65,273000.0,0.0,612.95,612.95,612.95,0.897,2026-01-28 09:13:02,41443
IRCTC,2026-02-24,555.0,0.0,0.0,0.0,5.15,29750.0,0.0,612.95,612.95,612.95,0.897,2026-01-28 09:13:02,38249
IRCTC,2026-02-24,560.0,0.0,0.0,0.0,6.0,112875.0,0.0,612.95,612.95,612.95,0.897,2026-01-28 09:13:02,35152
IRCTC,2026-02-24,565.0,0.0,0.0,0.0,8.3,14875.0,0.0,612.95,612.95,612.95,0.897,2026-01-28 09:13:02,32060
IRCTC,2026-02-24,570.0,0.0,0.0,0.0,7.85,146125.0,0.0,612.95,612.95,612.95,0.897,2026-01-28 09:13:02,29030
IRCTC,2026-02-24,575.0,0.0,0.0,0.0,9.1,54250.0,0.0,612.95,612.95,612.95,0.897,2026-01-28 09:13:02,25971
IRCTC,2026-02-24,580.0,40.0,75250.0,0.0,10.3,482125.0,0.0,612.95,612.95,612.95,0.897,2026-01-28 09:13:02,23004
IRCTC,2026-02-24,585.0,36.3,4375.0,0.0,12.05,101500.0,0.0,612.95,612.95,612.95,0.897,2026-01-28 09:13:02,20170
IRCTC,2026-02-24,590.0,33.6,26250.0,0.0,13.3,180250.0,0.0,612.95,612.95,612.95,0.897,2026-01-28 09:13:02,17478
IRCTC,2026-02-24,595.0,25.75,1750.0,0.0,15.45,95375.0,0.0,612.95,612.95,612.95,0.897,2026-01-28 09:13:02,14844
IRCTC,2026-02-24,600.0,27.3,565250.0,0.0,17.3,1211000.0,0.0,612.95,612.95,612.95,0.897,2026-01-28 09:13:02,12267
IRCTC,2026-02-24,605.0,23.95,160125.0,0.0,19.65,137375.0,0.0,612.95,612.95,612.95,0.897,2026-01-28 09:13:02,10170
IRCTC,2026-02-24,610.0,21.65,308000.0,0.0,21.85,323750.0,0.0,612.95,612.95,612.95,0.897,2026-01-28 09:13:02,8886
IRCTC,2026-02-24,615.0,19.55,140000.0,0.0,24.65,129500.0,0.0,612.95,612.95,612.95,0.897,2026-01-28 09:13:02,7765
IRCTC,2026-02-24,620.0,17.55,530250.0,0.0,27.6,366625.0,0.0,612.95,612.95,612.95,0.897,2026-01-28 09:13:02,6773
IRCTC,2026-02-24,625.0,15.8,114625.0,0.0,30.4,98875.0,0.0,612.95,612.95,612.95,0.897,2026-01-28 09:13:02,6194
IRCTC,2026-02-24,630.0,13.85,795375.0,0.0,34.05,599375.0,0.0,612.95,612.95,612.95,0.897,2026-01-28 09:13:02,5683
IRCTC,2026-02-24,635.0,12.4,107625.0,0.0,37.55,78750.0,0.0,612.95,612.95,612.95,0.897,2026-01-28 09:13:02,5050
IRCTC,2026-02-24,640.0,10.9,936250.0,0.0,41.1,329000.0,0.0,612.95,612.95,612.95,0.897,2026-01-28 09:13:02,5287
IRCTC,2026-02-24,645.0,10.05,77000.0,0.0,50.7,4375.0,0.0,612.95,612.95,612.95,0.897,2026-01-28 09:13:02,5988
IRCTC,2026-02-24,650.0,8.6,742875.0,0.0,48.6,502250.0,0.0,612.95,612.95,612.95,0.897,2026-01-28 09:13:02,7116
IRCTC,2026-02-24,655.0,6.75,65625.0,0.0,49.75,11375.0,0.0,612.95,612.95,612.95,0.897,2026-01-28 09:13:02,7009
IRCTC,2026-02-24,660.0,6.65,369250.0,0.0,55.45,106750.0,0.0,612.95,612.95,612.95,0.897,2026-01-28 09:13:02,8730
IRCTC,2026-02-24,665.0,5.8,56000.0,0.0,65.0,28000.0,0.0,612.95,612.95,612.95,0.897,2026-01-28 09:13:02,10356
IRCTC,2026-02-24,670.0,5.25,295750.0,0.0,65.5,70000.0,0.0,612.95,612.95,612.95,0.897,2026-01-28 09:13:02,12220
IRCTC,2026-02-24,675.0,4.5,84000.0,0.0,0.0,0.0,0.0,612.95,612.95,612.95,0.897,2026-01-28 09:13:02,14114
IRCTC,2026-02-24,680.0,4.25,224000.0,0.0,79.0,81375.0,0.0,612.95,612.95,612.95,0.897,2026-01-28 09:13:02,16390
IRCTC,2026-02-24,685.0,4.1,71750.0,0.0,0.0,0.0,0.0,612.95,612.95,612.95,0.897,2026-01-28 09:13:02,18234
IRCTC,2026-02-24,690.0,3.4,135625.0,0.0,90.0,28000.0,0.0,612.95,612.95,612.95,0.897,2026-01-28 09:13:02,20690
IRCTC,2026-02-24,695.0,2.75,59500.0,0.0,0.0,0.0,0.0,612.95,612.95,612.95,0.897,2026-01-28 09:13:02,22994
IRCTC,2026-02-24,700.0,2.85,1172500.0,0.0,90.5,462000.0,0.0,612.95,612.95,612.95,0.897,2026-01-28 09:13:02,25549
IRCTC,2026-02-24,705.0,0.75,11375.0,0.0,0.0,0.0,0.0,612.95,612.95,612.95,0.897,2026-01-28 09:13:02,25058
IRCTC,2026-02-24,710.0,2.25,73500.0,0.0,103.0,24500.0,0.0,612.95,612.95,612.95,0.897,2026-01-28 09:13:02,28421
IRCTC,2026-02-24,715.0,0.0,0.0,0.0,0.0,0.0,0.0,612.95,612.95,612.95,0.897,2026-01-28 09:13:02,31595
IRCTC,2026-02-24,720.0,1.9,351750.0,0.0,116.0,28875.0,0.0,612.95,612.95,612.95,0.897,2026-01-28 09:13:02,35006
IRCTC,2026-02-24,725.0,0.3,1750.0,0.0,114.5,3500.0,0.0,612.95,612.95,612.95,0.897,2026-01-28 09:13:02,38339
IRCTC,2026-02-24,730.0,1.5,28000.0,0.0,126.0,21000.0,0.0,612.95,612.95,612.95,0.897,2026-01-28 09:13:02,41903
IRCTC,2026-02-24,735.0,0.0,0.0,0.0,124.35,875.0,0.0,612.95,612.95,612.95,0.897,2026-01-28 09:13:02,45271
IRCTC,2026-02-24,740.0,0.15,2625.0,0.0,140.1,25375.0,0.0,612.95,612.95,612.95,0.897,2026-01-28 09:13:02,48888
IRCTC,2026-02-24,745.0,0.0,0.0,0.0,0.0,0.0,0.0,612.95,612.95,612.95,0.897,2026-01-28 09:13:02,52175
IRCTC,2026-02-24,750.0,1.1,169750.0,0.0,138.7,35875.0,0.0,612.95,612.95,612.95,0.897,2026-01-28 09:13:02,55818
IRCTC,2026-02-24,755.0,0.0,0.0,0.0,0.0,0.0,0.0,612.95,612.95,612.95,0.897,2026-01-28 09:13:02,59085
IRCTC,2026-02-24,760.0,0.65,13125.0,0.0,153.0,23625.0,0.0,612.95,612.95,612.95,0.897,2026-01-28 09:13:02,62830
IRCTC,2026-02-24,770.0,0.0,0.0,0.0,165.0,4375.0,0.0,612.95,612.95,612.95,0.897,2026-01-28 09:13:02,69997
IRCTC,2026-02-24,780.0,0.75,28000.0,0.0,173.0,2625.0,0.0,612.95,612.95,612.95,0.897,2026-01-28 09:13:02,77457
IRCTC,2026-02-24,790.0,0.05,875.0,0.0,178.9,3500.0,0.0,612.95,612.95,612.95,0.897,2026-01-28 09:13:02,84976
IRCTC,2026-02-24,800.0,0.55,56000.0,0.0,191.0,240625.0,0.0,612.95,612.95,612.95,0.897,2026-01-28 09:13:02,92481
IREDA,2026-02-24,108.0,0.0,0.0,0.0,1.13,89700.0,0.0,129.99,129.99,129.99,0.861,2026-01-28 09:13:02,27375
IREDA,2026-02-24,110.0,16.75,3450.0,0.0,1.19,579600.0,0.0,129.99,129.99,129.99,0.861,2026-01-28 09:13:02,24787
IREDA,2026-02-24,112.0,0.0,0.0,0.0,1.85,10350.0,0.0,129.99,129.99,129.99,0.861,2026-01-28 09:13:02,22263
IREDA,2026-02-24,114.0,0.0,0.0,0.0,2.23,3450.0,0.0,129.99,129.99,129.99,0.861,2026-01-28 09:13:02,19802
IREDA,2026-02-24,115.0,14.86,3450.0,0.0,1.98,752100.0,0.0,129.99,129.99,129.99,0.861,2026-01-28 09:13:02,18572
IREDA,2026-02-24,116.0,0.0,0.0,0.0,2.1,200100.0,0.0,129.99,129.99,129.99,0.861,2026-01-28 09:13:02,17274
IREDA,2026-02-24,117.0,0.0,0.0,0.0,0.0,0.0,0.0,129.99,129.99,129.99,0.861,2026-01-28 09:13:02,16099
IREDA,2026-02-24,118.0,0.0,0.0,0.0,2.62,24150.0,0.0,129.99,129.99,129.99,0.861,2026-01-28 09:13:02,14965
IREDA,2026-02-24,119.0,0.0,0.0,0.0,0.0,0.0,0.0,129.99,129.99,129.99,0.861,2026-01-28 09:13:02,13827
IREDA,2026-02-24,120.0,9.98,169050.0,0.0,2.93,1086750.0,0.0,129.99,129.99,129.99,0.861,2026-01-28 09:13:02,12696
IREDA,2026-02-24,121.0,0.0,0.0,0.0,3.53,27600.0,0.0,129.99,129.99,129.99,0.861,2026-01-28 09:13:02,11541
IREDA,2026-02-24,122.0,0.0,0.0,0.0,4.62,155250.0,0.0,129.99,129.99,129.99,0.861,2026-01-28 09:13:02,10528
IREDA,2026-02-24,123.0,0.0,0.0,0.0,0.0,0.0,0.0,129.99,129.99,129.99,0.861,2026-01-28 09:13:02,9469
IREDA,2026-02-24,124.0,7.54,24150.0,0.0,5.3,262200.0,0.0,129.99,129.99,129.99,0.861,2026-01-28 09:13:02,8482
IREDA,2026-02-24,125.0,7.42,341550.0,0.0,4.73,1204050.0,0.0,129.99,129.99,129.99,0.861,2026-01-28 09:13:02,7402
IREDA,2026-02-24,126.0,7.18,51750.0,0.0,5.3,386400.0,0.0,129.99,129.99,129.99,0.861,2026-01-28 09:13:02,6282
IREDA,2026-02-24,127.0,6.3,65550.0,0.0,5.6,200100.0,0.0,129.99,129.99,129.99,0.861,2026-01-28 09:13:02,5354
IREDA,2026-02-24,128.0,5.74,282900.0,0.0,6.07,241500.0,0.0,129.99,129.99,129.99,0.861,2026-01-28 09:13:02,4549
IREDA,2026-02-24,129.0,5.41,227700.0,0.0,6.76,193200.0,0.0,129.99,129.99,129.99,0.861,2026-01-28 09:13:02,3884
IREDA,2026-02-24,130.0,5.02,2490900.0,0.0,7.09,2473650.0,0.0,129.99,129.99,129.99,0.861,2026-01-28 09:13:02,3237
IREDA,2026-02-24,131.0,4.47,200100.0,0.0,8.54,175950.0,0.0,129.99,129.99,129.99,0.861,2026-01-28 09:13:02,2591
IREDA,2026-02-24,132.0,4.14,196650.0,0.0,8.0,13800.0,0.0,129.99,129.99,129.99,0.861,2026-01-28 09:13:02,2425
IREDA,2026-02-24,133.0,3.98,134550.0,0.0,9.77,6900.0,0.0,129.99,129.99,129.99,0.861,2026-01-28 09:13:02,2411
IREDA,2026-02-24,134.0,3.9,100050.0,0.0,13.11,13800.0,0.0,129.99,129.99,129.99,0.861,2026-01-28 09:13:02,2388
IREDA,2026-02-24,135.0,3.37,1704300.0,0.0,10.5,565800.0,0.0,129.99,129.99,129.99,0.861,2026-01-28 09:13:02,2350
IREDA,2026-02-24,136.0,2.92,110400.0,0.0,12.24,0.0,0.0,129.99,129.99,129.99,0.861,2026-01-28 09:13:02,2498
IREDA,2026-02-24,137.0,2.6,20700.0,0.0,13.06,17250.0,0.0,129.99,129.99,129.99,0.861,2026-01-28 09:13:02,2710
IREDA,2026-02-24,138.0,2.55,255300.0,0.0,13.18,3450.0,0.0,129.99,129.99,129.99,0.861,2026-01-28 09:13:02,2876
IREDA,2026-02-24,139.0,0.0,0.0,0.0,11.79,6900.0,0.0,129.99,129.99,129.99,0.861,2026-01-28 09:13:02,3146
IREDA,2026-02-24,140.0,2.16,3222300.0,0.0,14.39,1031550.0,0.0,129.99,129.99,129.99,0.861,2026-01-28 09:13:02,3347
IREDA,2026-02-24,141.0,2.11,3450.0,0.0,0.0,0.0,0.0,129.99,129.99,129.99,0.861,2026-01-28 09:13:02,3194
IREDA,2026-02-24,142.0,2.5,13800.0,0.0,16.8,3450.0,0.0,129.99,129.99,129.99,0.861,2026-01-28 09:13:02,3830
IREDA,2026-02-24,143.0,1.36,6900.0,0.0,18.02,10350.0,0.0,129.99,129.99,129.99,0.861,2026-01-28 09:13:02,4465
IREDA,2026-02-24,144.0,4.2,27600.0,0.0,8.85,10350.0,0.0,129.99,129.99,129.99,0.861,2026-01-28 09:13:02,5087
IREDA,2026-02-24,145.0,1.37,1555950.0,0.0,18.25,1573200.0,0.0,129.99,129.99,129.99,0.861,2026-01-28 09:13:02,5732
IREDA,2026-02-24,146.0,2.99,6900.0,0.0,23.0,0.0,0.0,129.99,129.99,129.99,0.861,2026-01-28 09:13:02,4029
IREDA,2026-02-24,147.0,1.29,37950.0,0.0,23.76,6900.0,0.0,129.99,129.99,129.99,0.861,2026-01-28 09:13:02,4988
IREDA,2026-02-24,148.0,0.0,0.0,0.0,0.0,0.0,0.0,129.99,129.99,129.99,0.861,2026-01-28 09:13:02,5937
IREDA,2026-02-24,149.0,0.95,3450.0,0.0,15.82,13800.0,0.0,129.99,129.99,129.99,0.861,2026-01-28 09:13:02,6898
IREDA,2026-02-24,150.0,0.99,3381000.0,0.0,25.0,576150.0,0.0,129.99,129.99,129.99,0.861,2026-01-28 09:13:02,7839
IREDA,2026-02-24,151.0,0.0,0.0,0.0,0.0,0.0,0.0,129.99,129.99,129.99,0.861,2026-01-28 09:13:02,8092
IREDA,2026-02-24,152.0,0.06,6900.0,0.0,26.65,10350.0,0.0,129.99,129.99,129.99,0.861,2026-01-28 09:13:02,9450
IREDA,2026-02-24,153.0,0.0,0.0,0.0,13.35,13800.0,0.0,129.99,129.99,129.99,0.861,2026-01-28 09:13:02,10782
IREDA,2026-02-24,154.0,0.0,0.0,0.0,0.0,0.0,0.0,129.99,129.99,129.99,0.861,2026-01-28 09:13:02,12125
IREDA,2026-02-24,155.0,0.71,379500.0,0.0,30.0,189750.0,0.0,129.99,129.99,129.99,0.861,2026-01-28 09:13:02,13487
IREDA,2026-02-24,156.0,1.3,3450.0,0.0,0.0,0.0,0.0,129.99,129.99,129.99,0.861,2026-01-28 09:13:02,14363
IREDA,2026-02-24,157.0,0.0,0.0,0.0,0.0,0.0,0.0,129.99,129.99,129.99,0.861,2026-01-28 09:13:02,15782
IREDA,2026-02-24,158.0,0.0,0.0,0.0,0.0,0.0,0.0,129.99,129.99,129.99,0.861,2026-01-28 09:13:02,17200
IREDA,2026-02-24,159.0,0.0,0.0,0.0,0.0,0.0,0.0,129.99,129.99,129.99,0.861,2026-01-28 09:13:02,18619
IREDA,2026-02-24,160.0,0.55,1635300.0,0.0,32.9,341550.0,0.0,129.99,129.99,129.99,0.861,2026-01-28 09:13:02,20038
IREDA,2026-02-24,161.0,0.0,0.0,0.0,0.0,0.0,0.0,129.99,129.99,129.99,0.861,2026-01-28 09:13:02,20620
IREDA,2026-02-24,162.0,0.0,0.0,0.0,0.0,0.0,0.0,129.99,129.99,129.99,0.861,2026-01-28 09:13:02,22237
IREDA,2026-02-24,163.0,0.0,0.0,0.0,0.0,0.0,0.0,129.99,129.99,129.99,0.861,2026-01-28 09:13:02,23853
IREDA,2026-02-24,164.0,0.0,0.0,0.0,0.0,0.0,0.0,129.99,129.99,129.99,0.861,2026-01-28 09:13:02,25469
IREDA,2026-02-24,165.0,0.37,103500.0,0.0,39.4,248400.0,0.0,129.99,129.99,129.99,0.861,2026-01-28 09:13:02,27085
IREDA,2026-02-24,166.0,0.0,0.0,0.0,40.5,3450.0,0.0,129.99,129.99,129.99,0.861,2026-01-28 09:13:02,27762
IREDA,2026-02-24,167.0,0.0,0.0,0.0,42.0,251850.0,0.0,129.99,129.99,129.99,0.861,2026-01-28 09:13:02,29400
IRFC,2026-02-24,96.0,0.0,0.0,0.0,0.63,539750.0,0.0,115.18,115.18,115.18,0.497,2026-01-28 09:13:02,31498
IRFC,2026-02-24,98.0,0.0,0.0,0.0,0.0,0.0,0.0,115.18,115.18,115.18,0.497,2026-01-28 09:13:02,26841
IRFC,2026-02-24,100.0,14.82,8500.0,0.0,0.97,1721250.0,0.0,115.18,115.18,115.18,0.497,2026-01-28 09:13:02,22217
IRFC,2026-02-24,102.0,0.0,0.0,0.0,0.0,0.0,0.0,115.18,115.18,115.18,0.497,2026-01-28 09:13:02,17786
IRFC,2026-02-24,103.0,0.0,0.0,0.0,1.26,629000.0,0.0,115.18,115.18,115.18,0.497,2026-01-28 09:13:02,15647
IRFC,2026-02-24,104.0,0.0,0.0,0.0,1.44,429250.0,0.0,115.18,115.18,115.18,0.497,2026-01-28 09:13:02,13492
IRFC,2026-02-24,105.0,0.0,0.0,0.0,1.65,4543250.0,0.0,115.18,115.18,115.18,0.497,2026-01-28 09:13:02,11398
IRFC,2026-02-24,106.0,12.26,8500.0,0.0,1.89,701250.0,0.0,115.18,115.18,115.18,0.497,2026-01-28 09:13:02,9070
IRFC,2026-02-24,107.0,9.4,0.0,0.0,2.55,229500.0,0.0,115.18,115.18,115.18,0.497,2026-01-28 09:13:02,7440
IRFC,2026-02-24,108.0,11.28,8500.0,0.0,2.4,416500.0,0.0,115.18,115.18,115.18,0.497,2026-01-28 09:13:02,5897
IRFC,2026-02-24,109.0,0.0,0.0,0.0,2.59,161500.0,0.0,115.18,115.18,115.18,0.497,2026-01-28 09:13:02,4365
IRFC,2026-02-24,110.0,8.32,310250.0,0.0,3.02,2958000.0,0.0,115.18,115.18,115.18,0.497,2026-01-28 09:13:02,2897
IRFC,2026-02-24,111.0,0.0,0.0,0.0,3.37,187000.0,0.0,115.18,115.18,115.18,0.497,2026-01-28 09:13:02,1163
IRFC,2026-02-24,112.0,7.2,34000.0,0.0,3.68,263500.0,0.0,115.18,115.18,115.18,0.497,2026-01-28 09:13:02,19
IRFC,2026-02-24,113.0,6.63,157250.0,0.0,4.22,425000.0,0.0,115.18,115.18,115.18,0.497,2026-01-28 09:13:02,-1103
IRFC,2026-02-24,114.0,6.06,680000.0,0.0,4.61,578000.0,0.0,115.18,115.18,115.18,0.497,2026-01-28 09:13:02,-2170
IRFC,2026-02-24,115.0,5.55,1853000.0,0.0,5.21,1772250.0,0.0,115.18,115.18,115.18,0.497,2026-01-28 09:13:02,-2891
IRFC,2026-02-24,116.0,5.1,803250.0,0.0,5.61,705500.0,0.0,115.18,115.18,115.18,0.497,2026-01-28 09:13:02,-3290
IRFC,2026-02-24,117.0,4.68,926500.0,0.0,6.4,450500.0,0.0,115.18,115.18,115.18,0.497,2026-01-28 09:13:02,-3629
IRFC,2026-02-24,118.0,4.32,960500.0,0.0,7.03,603500.0,0.0,115.18,115.18,115.18,0.497,2026-01-28 09:13:02,-3700
IRFC,2026-02-24,119.0,3.87,578000.0,0.0,7.37,267750.0,0.0,115.18,115.18,115.18,0.497,2026-01-28 09:13:02,-3768
IRFC,2026-02-24,120.0,3.62,6438750.0,0.0,8.02,1797750.0,0.0,115.18,115.18,115.18,0.497,2026-01-28 09:13:02,-3716
IRFC,2026-02-24,121.0,3.23,548250.0,0.0,9.7,216750.0,0.0,115.18,115.18,115.18,0.497,2026-01-28 09:13:02,-1978
IRFC,2026-02-24,122.0,2.96,688500.0,0.0,9.5,195500.0,0.0,115.18,115.18,115.18,0.497,2026-01-28 09:13:02,-1085
IRFC,2026-02-24,123.0,2.78,484500.0,0.0,9.3,8500.0,0.0,115.18,115.18,115.18,0.497,2026-01-28 09:13:02,-53
IRFC,2026-02-24,124.0,2.41,1105000.0,0.0,12.35,229500.0,0.0,115.18,115.18,115.18,0.497,2026-01-28 09:13:02,1136
IRFC,2026-02-24,125.0,2.27,3621000.0,0.0,12.05,437750.0,0.0,115.18,115.18,115.18,0.497,2026-01-28 09:13:02,2315
IRFC,2026-02-24,126.0,2.07,229500.0,0.0,0.0,0.0,0.0,115.18,115.18,115.18,0.497,2026-01-28 09:13:02,4213
IRFC,2026-02-24,127.0,1.8,119000.0,0.0,12.0,8500.0,0.0,115.18,115.18,115.18,0.497,2026-01-28 09:13:02,5886
IRFC,2026-02-24,128.0,1.72,459000.0,0.0,14.0,12750.0,0.0,115.18,115.18,115.18,0.497,2026-01-28 09:13:02,7535
IRFC,2026-02-24,129.0,4.31,8500.0,0.0,15.14,4250.0,0.0,115.18,115.18,115.18,0.497,2026-01-28 09:13:02,9282
IRFC,2026-02-24,130.0,1.44,8138750.0,0.0,16.02,2065500.0,0.0,115.18,115.18,115.18,0.497,2026-01-28 09:13:02,10966
IRFC,2026-02-24,131.0,1.49,51000.0,0.0,0.0,0.0,0.0,115.18,115.18,115.18,0.497,2026-01-28 09:13:02,11536
IRFC,2026-02-24,132.0,1.19,170000.0,0.0,17.9,8500.0,0.0,115.18,115.18,115.18,0.497,2026-01-28 09:13:02,14256
IRFC,2026-02-24,133.0,3.16,17000.0,0.0,20.0,12750.0,0.0,115.18,115.18,115.18,0.497,2026-01-28 09:13:02,16991
IRFC,2026-02-24,134.0,0.97,110500.0,0.0,0.0,0.0,0.0,115.18,115.18,115.18,0.497,2026-01-28 09:13:02,19705
IRFC,2026-02-24,135.0,0.91,1470500.0,0.0,20.36,131750.0,0.0,115.18,115.18,115.18,0.497,2026-01-28 09:13:02,22459
IRFC,2026-02-24,136.0,0.84,612000.0,0.0,14.8,12750.0,0.0,115.18,115.18,115.18,0.497,2026-01-28 09:13:02,25229
IRFC,2026-02-24,137.0,0.95,0.0,0.0,0.0,0.0,0.0,115.18,115.18,115.18,0.497,2026-01-28 09:13:02,28229
IRFC,2026-02-24,138.0,0.81,131750.0,0.0,0.0,0.0,0.0,115.18,115.18,115.18,0.497,2026-01-28 09:13:02,31196
IRFC,2026-02-24,139.0,0.65,72250.0,0.0,0.0,0.0,0.0,115.18,115.18,115.18,0.497,2026-01-28 09:13:02,34187
IRFC,2026-02-24,140.0,0.61,3595500.0,0.0,24.39,862750.0,0.0,115.18,115.18,115.18,0.497,2026-01-28 09:13:02,37179
IRFC,2026-02-24,142.0,0.85,76500.0,0.0,23.3,8500.0,0.0,115.18,115.18,115.18,0.497,2026-01-28 09:13:02,42160
IRFC,2026-02-24,144.0,1.12,8500.0,0.0,29.6,59500.0,0.0,115.18,115.18,115.18,0.497,2026-01-28 09:13:02,49030
IRFC,2026-02-24,150.0,0.35,2690250.0,0.0,0.0,0.0,0.0,115.18,115.18,115.18,0.497,2026-01-28 09:13:02,69546
IRFC,2026-02-24,152.0,0.25,76500.0,0.0,0.0,0.0,0.0,115.18,115.18,115.18,0.497,2026-01-28 09:13:02,77075
ITC,2026-02-24,260.0,0.0,0.0,0.0,0.0,0.0,0.0,319.95,319.95,319.95,0.408,2026-01-28 09:13:02,380941
ITC,2026-02-24,265.0,0.0,0.0,0.0,0.8,371200.0,0.0,319.95,319.95,319.95,0.408,2026-01-28 09:13:02,352639
ITC,2026-02-24,270.0,53.75,3200.0,0.0,1.0,427200.0,0.0,319.95,319.95,319.95,0.408,2026-01-28 09:13:02,324494
ITC,2026-02-24,275.0,0.0,0.0,0.0,1.3,100800.0,0.0,319.95,319.95,319.95,0.408,2026-01-28 09:13:02,296567
ITC,2026-02-24,280.0,0.0,0.0,0.0,1.65,963200.0,0.0,319.95,319.95,319.95,0.408,2026-01-28 09:13:02,268704
ITC,2026-02-24,285.0,36.7,8000.0,0.0,2.1,251200.0,0.0,319.95,319.95,319.95,0.408,2026-01-28 09:13:02,241176
ITC,2026-02-24,287.5,0.0,0.0,0.0,0.0,0.0,0.0,319.95,319.95,319.95,0.408,2026-01-28 09:13:02,227533
ITC,2026-02-24,290.0,32.9,59200.0,0.0,2.55,1377600.0,0.0,319.95,319.95,319.95,0.408,2026-01-28 09:13:02,213914
ITC,2026-02-24,292.5,0.0,0.0,0.0,2.85,232000.0,0.0,319.95,319.95,319.95,0.408,2026-01-28 09:13:02,200497
ITC,2026-02-24,295.0,0.0,0.0,0.0,3.1,601600.0,0.0,319.95,319.95,319.95,0.408,2026-01-28 09:13:02,187228
ITC,2026-02-24,297.5,26.65,72000.0,0.0,3.45,603200.0,0.0,319.95,319.95,319.95,0.408,2026-01-28 09:13:02,173990
ITC,2026-02-24,300.0,24.55,1577600.0,0.0,3.85,5656000.0,0.0,319.95,319.95,319.95,0.408,2026-01-28 09:13:02,161090
ITC,2026-02-24,302.5,24.55,16000.0,0.0,4.1,366400.0,0.0,319.95,319.95,319.95,0.408,2026-01-28 09:13:02,151711
ITC,2026-02-24,305.0,21.1,59200.0,0.0,4.65,907200.0,0.0,319.95,319.95,319.95,0.408,2026-01-28 09:13:02,140621
ITC,2026-02-24,307.5,17.8,1600.0,0.0,5.2,427200.0,0.0,319.95,319.95,319.95,0.408,2026-01-28 09:13:02,129586
ITC,2026-02-24,310.0,16.5,228800.0,0.0,5.8,2422400.0,0.0,319.95,319.95,319.95,0.408,2026-01-28 09:13:02,118736
ITC,2026-02-24,312.5,14.95,86400.0,0.0,6.4,438400.0,0.0,319.95,319.95,319.95,0.408,2026-01-28 09:13:02,107741
ITC,2026-02-24,315.0,12.95,438400.0,0.0,7.25,1276800.0,0.0,319.95,319.95,319.95,0.408,2026-01-28 09:13:02,97754
ITC,2026-02-24,317.5,11.45,355200.0,0.0,8.2,633600.0,0.0,319.95,319.95,319.95,0.408,2026-01-28 09:13:02,87988
ITC,2026-02-24,320.0,9.95,2843200.0,0.0,9.15,5292800.0,0.0,319.95,319.95,319.95,0.408,2026-01-28 09:13:02,78715
ITC,2026-02-24,322.5,8.6,2060800.0,0.0,10.35,2070400.0,0.0,319.95,319.95,319.95,0.408,2026-01-28 09:13:02,69574
ITC,2026-02-24,325.0,7.45,5857600.0,0.0,11.45,6084800.0,0.0,319.95,319.95,319.95,0.408,2026-01-28 09:13:02,63110
ITC,2026-02-24,327.5,6.35,1454400.0,0.0,13.15,1352000.0,0.0,319.95,319.95,319.95,0.408,2026-01-28 09:13:02,57399
ITC,2026-02-24,330.0,5.5,6049600.0,0.0,14.45,5211200.0,0.0,319.95,319.95,319.95,0.408,2026-01-28 09:13:02,54138
ITC,2026-02-24,332.5,4.7,512000.0,0.0,16.4,192000.0,0.0,319.95,319.95,319.95,0.408,2026-01-28 09:13:02,50344
ITC,2026-02-24,335.0,3.95,2088000.0,0.0,17.95,1148800.0,0.0,319.95,319.95,319.95,0.408,2026-01-28 09:13:02,50855
ITC,2026-02-24,337.5,3.4,492800.0,0.0,20.1,131200.0,0.0,319.95,319.95,319.95,0.408,2026-01-28 09:13:02,51011
ITC,2026-02-24,340.0,2.95,5889600.0,0.0,21.95,2908800.0,0.0,319.95,319.95,319.95,0.408,2026-01-28 09:13:02,52465
ITC,2026-02-24,342.5,2.5,168000.0,0.0,20.8,75200.0,0.0,319.95,319.95,319.95,0.408,2026-01-28 09:13:02,51568
ITC,2026-02-24,345.0,2.1,1264000.0,0.0,25.75,675200.0,0.0,319.95,319.95,319.95,0.408,2026-01-28 09:13:02,55263
ITC,2026-02-24,347.5,1.85,259200.0,0.0,28.15,25600.0,0.0,319.95,319.95,319.95,0.408,2026-01-28 09:13:02,58085
ITC,2026-02-24,350.0,1.6,10619200.0,0.0,30.15,3841600.0,0.0,319.95,319.95,319.95,0.408,2026-01-28 09:13:02,62428
ITC,2026-02-24,352.5,1.4,265600.0,0.0,32.85,153600.0,0.0,319.95,319.95,319.95,0.408,2026-01-28 09:13:02,60526
ITC,2026-02-24,355.0,1.2,764800.0,0.0,34.65,342400.0,0.0,319.95,319.95,319.95,0.408,2026-01-28 09:13:02,68145
ITC,2026-02-24,357.5,1.1,166400.0,0.0,38.0,6400.0,0.0,319.95,319.95,319.95,0.408,2026-01-28 09:13:02,75414
ITC,2026-02-24,360.0,0.95,5745600.0,0.0,39.75,1809600.0,0.0,319.95,319.95,319.95,0.408,2026-01-28 09:13:02,83814
ITC,2026-02-24,362.5,0.9,97600.0,0.0,0.0,0.0,0.0,319.95,319.95,319.95,0.408,2026-01-28 09:13:02,87462
ITC,2026-02-24,365.0,0.75,659200.0,0.0,44.55,212800.0,0.0,319.95,319.95,319.95,0.408,2026-01-28 09:13:02,97790
ITC,2026-02-24,367.5,0.65,44800.0,0.0,0.0,0.0,0.0,319.95,319.95,319.95,0.408,2026-01-28 09:13:02,107429
ITC,2026-02-24,370.0,0.65,2657600.0,0.0,49.1,1636800.0,0.0,319.95,319.95,319.95,0.408,2026-01-28 09:13:02,117981
ITC,2026-02-24,372.5,0.6,38400.0,0.0,0.0,0.0,0.0,319.95,319.95,319.95,0.408,2026-01-28 09:13:02,121739
ITC,2026-02-24,375.0,0.55,651200.0,0.0,54.7,211200.0,0.0,319.95,319.95,319.95,0.408,2026-01-28 09:13:02,133374
ITC,2026-02-24,377.5,0.35,20800.0,0.0,0.0,0.0,0.0,319.95,319.95,319.95,0.408,2026-01-28 09:13:02,144102
ITC,2026-02-24,380.0,0.45,3148800.0,0.0,58.6,1212800.0,0.0,319.95,319.95,319.95,0.408,2026-01-28 09:13:02,155955
ITC,2026-02-24,382.5,0.6,27200.0,0.0,60.0,1600.0,0.0,319.95,319.95,319.95,0.408,2026-01-28 09:13:02,161933
ITC,2026-02-24,385.0,0.4,212800.0,0.0,64.7,76800.0,0.0,319.95,319.95,319.95,0.408,2026-01-28 09:13:02,174876
ITC,2026-02-24,387.5,0.45,24000.0,0.0,43.9,0.0,0.0,319.95,319.95,319.95,0.408,2026-01-28 09:13:02,187410
ITC,2026-02-24,390.0,0.3,913600.0,0.0,68.5,536000.0,0.0,319.95,319.95,319.95,0.408,2026-01-28 09:13:02,200440
ITC,2026-02-24,392.5,0.85,70400.0,0.0,67.9,1600.0,0.0,319.95,319.95,319.95,0.408,2026-01-28 09:13:02,210187
ITC,2026-02-24,395.0,0.3,94400.0,0.0,73.15,30400.0,0.0,319.95,319.95,319.95,0.408,2026-01-28 09:13:02,223591
ITC,2026-02-24,397.5,2.05,9600.0,0.0,71.0,1600.0,0.0,319.95,319.95,319.95,0.408,2026-01-28 09:13:02,236812
ITC,2026-02-24,400.0,0.3,6484800.0,0.0,78.25,2819200.0,0.0,319.95,319.95,319.95,0.408,2026-01-28 09:13:02,250246
ITC,2026-02-24,402.5,0.0,0.0,0.0,77.0,11200.0,0.0,319.95,319.95,319.95,0.408,2026-01-28 09:13:02,244150
ITC,2026-02-24,405.0,0.4,118400.0,0.0,83.0,17600.0,0.0,319.95,319.95,319.95,0.408,2026-01-28 09:13:02,259835
ITC,2026-02-24,407.5,0.0,0.0,0.0,81.0,11200.0,0.0,319.95,319.95,319.95,0.408,2026-01-28 09:13:02,275500
ITC,2026-02-24,410.0,0.3,1014400.0,0.0,87.7,358400.0,0.0,319.95,319.95,319.95,0.408,2026-01-28 09:13:02,291218
ITC,2026-02-24,412.5,0.0,0.0,0.0,87.0,16000.0,0.0,319.95,319.95,319.95,0.408,2026-01-28 09:13:02,304257
ITC,2026-02-24,415.0,0.5,9600.0,0.0,90.7,24000.0,0.0,319.95,319.95,319.95,0.408,2026-01-28 09:13:02,320274
ITC,2026-02-24,417.5,0.0,0.0,0.0,0.0,0.0,0.0,319.95,319.95,319.95,0.408,2026-01-28 09:13:02,336221
ITC,2026-02-24,420.0,0.25,513600.0,0.0,96.0,251200.0,0.0,319.95,319.95,319.95,0.408,2026-01-28 09:13:02,352386
ITC,2026-02-24,422.5,0.0,0.0,0.0,0.0,0.0,0.0,319.95,319.95,319.95,0.408,2026-01-28 09:13:02,366343
ITC,2026-02-24,425.0,0.2,6400.0,0.0,101.0,11200.0,0.0,319.95,319.95,319.95,0.408,2026-01-28 09:13:02,382698
ITC,2026-02-24,427.5,0.0,0.0,0.0,0.0,0.0,0.0,319.95,319.95,319.95,0.408,2026-01-28 09:13:02,398945
ITC,2026-02-24,430.0,0.2,180800.0,0.0,108.0,104000.0,0.0,319.95,319.95,319.95,0.408,2026-01-28 09:13:02,415305
ITC,2026-02-24,432.5,0.0,0.0,0.0,0.0,0.0,0.0,319.95,319.95,319.95,0.408,2026-01-28 09:13:02,430617
ITC,2026-02-24,435.0,0.3,4800.0,0.0,113.0,27200.0,0.0,319.95,319.95,319.95,0.408,2026-01-28 09:13:02,447048
ITC,2026-02-24,440.0,0.25,91200.0,0.0,117.95,97600.0,0.0,319.95,319.95,319.95,0.408,2026-01-28 09:13:02,479619
ITC,2026-02-24,445.0,0.0,0.0,0.0,79.25,3200.0,0.0,319.95,319.95,319.95,0.408,2026-01-28 09:13:02,511443
ITC,2026-02-24,450.0,0.2,1204800.0,0.0,128.0,486400.0,0.0,319.95,319.95,319.95,0.408,2026-01-28 09:13:02,544392
ITC,2026-02-24,455.0,0.0,0.0,0.0,0.0,0.0,0.0,319.95,319.95,319.95,0.408,2026-01-28 09:13:02,572010
ITC,2026-02-24,460.0,0.15,32000.0,0.0,136.0,59200.0,0.0,319.95,319.95,319.95,0.408,2026-01-28 09:13:02,605830
ITC,2026-02-24,465.0,0.0,0.0,0.0,143.5,4800.0,0.0,319.95,319.95,319.95,0.408,2026-01-28 09:13:02,638891
ITC,2026-02-24,470.0,0.1,19200.0,0.0,66.5,1600.0,0.0,319.95,319.95,319.95,0.408,2026-01-28 09:13:02,672690
JINDALSTEL,2026-02-24,860.0,0.0,0.0,0.0,4.2,15000.0,0.0,1090.0,1090.0,1090.0,0.861,2026-01-28 09:13:02,17169
JINDALSTEL,2026-02-24,870.0,0.0,0.0,0.0,0.35,625.0,0.0,1090.0,1090.0,1090.0,0.861,2026-01-28 09:13:02,15743
JINDALSTEL,2026-02-24,880.0,0.0,0.0,0.0,0.0,0.0,0.0,1090.0,1090.0,1090.0,0.861,2026-01-28 09:13:02,14323
JINDALSTEL,2026-02-24,890.0,0.0,0.0,0.0,0.7,10625.0,0.0,1090.0,1090.0,1090.0,0.861,2026-01-28 09:13:02,12904
JINDALSTEL,2026-02-24,900.0,185.75,3125.0,0.0,2.6,16875.0,0.0,1090.0,1090.0,1090.0,0.861,2026-01-28 09:13:02,11494
JINDALSTEL,2026-02-24,910.0,0.0,0.0,0.0,1.25,19375.0,0.0,1090.0,1090.0,1090.0,0.861,2026-01-28 09:13:02,10159
JINDALSTEL,2026-02-24,920.0,0.0,0.0,0.0,3.65,31875.0,0.0,1090.0,1090.0,1090.0,0.861,2026-01-28 09:13:02,8787
JINDALSTEL,2026-02-24,930.0,0.0,0.0,0.0,0.0,0.0,0.0,1090.0,1090.0,1090.0,0.861,2026-01-28 09:13:02,7438
JINDALSTEL,2026-02-24,940.0,0.0,0.0,0.0,0.0,0.0,0.0,1090.0,1090.0,1090.0,0.861,2026-01-28 09:13:02,6101
JINDALSTEL,2026-02-24,950.0,0.0,0.0,0.0,5.65,81875.0,0.0,1090.0,1090.0,1090.0,0.861,2026-01-28 09:13:02,4763
JINDALSTEL,2026-02-24,960.0,0.0,0.0,0.0,4.65,10000.0,0.0,1090.0,1090.0,1090.0,0.861,2026-01-28 09:13:02,3461
JINDALSTEL,2026-02-24,970.0,0.0,0.0,0.0,7.8,5625.0,0.0,1090.0,1090.0,1090.0,0.861,2026-01-28 09:13:02,2211
JINDALSTEL,2026-02-24,980.0,112.45,0.0,0.0,9.3,234375.0,0.0,1090.0,1090.0,1090.0,0.861,2026-01-28 09:13:02,967
JINDALSTEL,2026-02-24,990.0,0.0,0.0,0.0,8.95,16875.0,0.0,1090.0,1090.0,1090.0,0.861,2026-01-28 09:13:02,-256
JINDALSTEL,2026-02-24,1000.0,96.15,11250.0,0.0,12.45,190000.0,0.0,1090.0,1090.0,1090.0,0.861,2026-01-28 09:13:02,-1260
JINDALSTEL,2026-02-24,1010.0,0.0,0.0,0.0,14.15,6875.0,0.0,1090.0,1090.0,1090.0,0.861,2026-01-28 09:13:02,-2176
JINDALSTEL,2026-02-24,1020.0,81.1,9375.0,0.0,17.95,75000.0,0.0,1090.0,1090.0,1090.0,0.861,2026-01-28 09:13:02,-2966
JINDALSTEL,2026-02-24,1030.0,78.85,625.0,0.0,20.55,30000.0,0.0,1090.0,1090.0,1090.0,0.861,2026-01-28 09:13:02,-3721
JINDALSTEL,2026-02-24,1040.0,63.35,11875.0,0.0,28.1,60000.0,0.0,1090.0,1090.0,1090.0,0.861,2026-01-28 09:13:02,-4443
JINDALSTEL,2026-02-24,1050.0,65.75,26250.0,0.0,26.55,113125.0,0.0,1090.0,1090.0,1090.0,0.861,2026-01-28 09:13:02,-5130
JINDALSTEL,2026-02-24,1060.0,60.0,102500.0,0.0,30.5,110000.0,0.0,1090.0,1090.0,1090.0,0.861,2026-01-28 09:13:02,-5712
JINDALSTEL,2026-02-24,1070.0,53.25,42500.0,0.0,34.3,52500.0,0.0,1090.0,1090.0,1090.0,0.861,2026-01-28 09:13:02,-5675
JINDALSTEL,2026-02-24,1080.0,48.7,218125.0,0.0,39.7,127500.0,0.0,1090.0,1090.0,1090.0,0.861,2026-01-28 09:13:02,-5775
JINDALSTEL,2026-02-24,1090.0,43.3,80000.0,0.0,44.05,26250.0,0.0,1090.0,1090.0,1090.0,0.861,2026-01-28 09:13:02,-5020
JINDALSTEL,2026-02-24,1100.0,39.15,416875.0,0.0,49.2,134375.0,0.0,1090.0,1090.0,1090.0,0.861,2026-01-28 09:13:02,-4485
JINDALSTEL,2026-02-24,1110.0,34.55,49375.0,0.0,62.55,22500.0,0.0,1090.0,1090.0,1090.0,0.861,2026-01-28 09:13:02,-2658
JINDALSTEL,2026-02-24,1120.0,31.05,268750.0,0.0,70.9,5000.0,0.0,1090.0,1090.0,1090.0,0.861,2026-01-28 09:13:02,-1700
JINDALSTEL,2026-02-24,1130.0,27.15,16250.0,0.0,67.95,1250.0,0.0,1090.0,1090.0,1090.0,0.861,2026-01-28 09:13:02,300
JINDALSTEL,2026-02-24,1140.0,24.05,107500.0,0.0,74.85,1250.0,0.0,1090.0,1090.0,1090.0,0.861,2026-01-28 09:13:02,1555
JINDALSTEL,2026-02-24,1150.0,21.15,224375.0,0.0,89.0,26875.0,0.0,1090.0,1090.0,1090.0,0.861,2026-01-28 09:13:02,3133
JINDALSTEL,2026-02-24,1160.0,18.6,26875.0,0.0,98.0,625.0,0.0,1090.0,1090.0,1090.0,0.861,2026-01-28 09:13:02,4947
JINDALSTEL,2026-02-24,1170.0,18.55,25000.0,0.0,0.0,0.0,0.0,1090.0,1090.0,1090.0,0.861,2026-01-28 09:13:02,6598
JINDALSTEL,2026-02-24,1180.0,14.25,29375.0,0.0,105.45,1250.0,0.0,1090.0,1090.0,1090.0,0.861,2026-01-28 09:13:02,8276
JINDALSTEL,2026-02-24,1200.0,11.05,251875.0,0.0,122.2,7500.0,0.0,1090.0,1090.0,1090.0,0.861,2026-01-28 09:13:02,11630
JINDALSTEL,2026-02-24,1220.0,8.3,10000.0,0.0,0.0,0.0,0.0,1090.0,1090.0,1090.0,0.861,2026-01-28 09:13:02,15660
JINDALSTEL,2026-02-24,1240.0,6.3,92500.0,0.0,0.0,0.0,0.0,1090.0,1090.0,1090.0,0.861,2026-01-28 09:13:02,19533
JIOFIN,2026-02-24,210.0,0.0,0.0,0.0,0.75,103400.0,0.0,257.85,257.85,257.85,0.703,2026-01-28 09:13:02,213758
JIOFIN,2026-02-24,215.0,0.0,0.0,0.0,0.0,0.0,0.0,257.85,257.85,257.85,0.703,2026-01-28 09:13:02,196254
JIOFIN,2026-02-24,220.0,34.35,4700.0,0.0,1.05,808400.0,0.0,257.85,257.85,257.85,0.703,2026-01-28 09:13:02,178759
JIOFIN,2026-02-24,222.5,0.0,0.0,0.0,1.25,42300.0,0.0,257.85,257.85,257.85,0.703,2026-01-28 09:13:02,170145
JIOFIN,2026-02-24,225.0,0.0,0.0,0.0,1.25,159800.0,0.0,257.85,257.85,257.85,0.703,2026-01-28 09:13:02,161606
JIOFIN,2026-02-24,227.5,0.0,0.0,0.0,1.55,68150.0,0.0,257.85,257.85,257.85,0.703,2026-01-28 09:13:02,153092
JIOFIN,2026-02-24,230.0,27.25,122200.0,0.0,1.8,1306600.0,0.0,257.85,257.85,257.85,0.703,2026-01-28 09:13:02,144604
JIOFIN,2026-02-24,232.5,26.2,2350.0,0.0,2.15,169200.0,0.0,257.85,257.85,257.85,0.703,2026-01-28 09:13:02,136582
JIOFIN,2026-02-24,235.0,24.1,23500.0,0.0,2.35,425350.0,0.0,257.85,257.85,257.85,0.703,2026-01-28 09:13:02,128475
JIOFIN,2026-02-24,237.5,0.0,0.0,0.0,2.75,143350.0,0.0,257.85,257.85,257.85,0.703,2026-01-28 09:13:02,120467
JIOFIN,2026-02-24,240.0,21.4,72850.0,0.0,3.2,1569800.0,0.0,257.85,257.85,257.85,0.703,2026-01-28 09:13:02,112499
JIOFIN,2026-02-24,242.5,16.05,39950.0,0.0,3.7,272600.0,0.0,257.85,257.85,257.85,0.703,2026-01-28 09:13:02,104634
JIOFIN,2026-02-24,245.0,14.1,49350.0,0.0,4.4,935300.0,0.0,257.85,257.85,257.85,0.703,2026-01-28 09:13:02,97157
JIOFIN,2026-02-24,247.5,15.0,133950.0,0.0,5.1,333700.0,0.0,257.85,257.85,257.85,0.703,2026-01-28 09:13:02,89621
JIOFIN,2026-02-24,250.0,13.35,1675550.0,0.0,5.9,3769400.0,0.0,257.85,257.85,257.85,0.703,2026-01-28 09:13:02,82575
JIOFIN,2026-02-24,252.5,11.8,321950.0,0.0,6.6,608650.0,0.0,257.85,257.85,257.85,0.703,2026-01-28 09:13:02,76872
JIOFIN,2026-02-24,255.0,10.3,2009250.0,0.0,7.75,1959900.0,0.0,257.85,257.85,257.85,0.703,2026-01-28 09:13:02,71367
JIOFIN,2026-02-24,257.5,8.85,484100.0,0.0,8.6,491150.0,0.0,257.85,257.85,257.85,0.703,2026-01-28 09:13:02,67427
JIOFIN,2026-02-24,260.0,7.75,3123150.0,0.0,10.2,2949250.0,0.0,257.85,257.85,257.85,0.703,2026-01-28 09:13:02,63186
JIOFIN,2026-02-24,262.5,6.7,338400.0,0.0,13.45,274950.0,0.0,257.85,257.85,257.85,0.703,2026-01-28 09:13:02,59869
JIOFIN,2026-02-24,265.0,5.65,1558050.0,0.0,13.0,1198500.0,0.0,257.85,257.85,257.85,0.703,2026-01-28 09:13:02,57151
JIOFIN,2026-02-24,267.5,4.7,467650.0,0.0,15.5,298450.0,0.0,257.85,257.85,257.85,0.703,2026-01-28 09:13:02,54586
JIOFIN,2026-02-24,270.0,4.05,3933900.0,0.0,15.7,1551000.0,0.0,257.85,257.85,257.85,0.703,2026-01-28 09:13:02,52649
JIOFIN,2026-02-24,272.5,3.45,166850.0,0.0,18.15,44650.0,0.0,257.85,257.85,257.85,0.703,2026-01-28 09:13:02,51483
JIOFIN,2026-02-24,275.0,2.85,1269000.0,0.0,19.95,829550.0,0.0,257.85,257.85,257.85,0.703,2026-01-28 09:13:02,51189
JIOFIN,2026-02-24,277.5,2.35,251450.0,0.0,25.25,18800.0,0.0,257.85,257.85,257.85,0.703,2026-01-28 09:13:02,50149
JIOFIN,2026-02-24,280.0,2.0,4410950.0,0.0,24.25,2002200.0,0.0,257.85,257.85,257.85,0.703,2026-01-28 09:13:02,50482
JIOFIN,2026-02-24,282.5,1.65,300800.0,0.0,28.95,21150.0,0.0,257.85,257.85,257.85,0.703,2026-01-28 09:13:02,48434
JIOFIN,2026-02-24,285.0,1.45,1353600.0,0.0,28.7,831900.0,0.0,257.85,257.85,257.85,0.703,2026-01-28 09:13:02,50427
JIOFIN,2026-02-24,287.5,1.2,192700.0,0.0,33.0,23500.0,0.0,257.85,257.85,257.85,0.703,2026-01-28 09:13:02,50788
JIOFIN,2026-02-24,290.0,1.0,3052650.0,0.0,33.05,1938750.0,0.0,257.85,257.85,257.85,0.703,2026-01-28 09:13:02,53339
JIOFIN,2026-02-24,292.5,0.9,162150.0,0.0,36.1,14100.0,0.0,257.85,257.85,257.85,0.703,2026-01-28 09:13:02,51090
JIOFIN,2026-02-24,295.0,0.8,975250.0,0.0,38.8,394800.0,0.0,257.85,257.85,257.85,0.703,2026-01-28 09:13:02,54951
JIOFIN,2026-02-24,297.5,0.7,176250.0,0.0,40.75,7050.0,0.0,257.85,257.85,257.85,0.703,2026-01-28 09:13:02,57737
JIOFIN,2026-02-24,300.0,0.65,6561200.0,0.0,42.6,3043250.0,0.0,257.85,257.85,257.85,0.703,2026-01-28 09:13:02,62007
JIOFIN,2026-02-24,302.5,0.45,63450.0,0.0,0.0,0.0,0.0,257.85,257.85,257.85,0.703,2026-01-28 09:13:02,56156
JIOFIN,2026-02-24,305.0,0.5,401850.0,0.0,50.5,115150.0,0.0,257.85,257.85,257.85,0.703,2026-01-28 09:13:02,62861
JIOFIN,2026-02-24,307.5,0.3,35250.0,0.0,0.0,0.0,0.0,257.85,257.85,257.85,0.703,2026-01-28 09:13:02,69132
JIOFIN,2026-02-24,310.0,0.4,1567450.0,0.0,54.0,737900.0,0.0,257.85,257.85,257.85,0.703,2026-01-28 09:13:02,75974
JIOFIN,2026-02-24,312.5,0.2,21150.0,0.0,0.0,0.0,0.0,257.85,257.85,257.85,0.703,2026-01-28 09:13:02,79469
JIOFIN,2026-02-24,315.0,0.25,615700.0,0.0,61.75,178600.0,0.0,257.85,257.85,257.85,0.703,2026-01-28 09:13:02,86892
JIOFIN,2026-02-24,317.5,0.1,2350.0,0.0,61.1,2350.0,0.0,257.85,257.85,257.85,0.703,2026-01-28 09:13:02,93426
JIOFIN,2026-02-24,320.0,0.15,1957550.0,0.0,65.5,907100.0,0.0,257.85,257.85,257.85,0.703,2026-01-28 09:13:02,101034
JIOFIN,2026-02-24,322.5,0.1,14100.0,0.0,67.8,4700.0,0.0,257.85,257.85,257.85,0.703,2026-01-28 09:13:02,103460
JIOFIN,2026-02-24,325.0,0.1,260850.0,0.0,67.55,7050.0,0.0,257.85,257.85,257.85,0.703,2026-01-28 09:13:02,111771
JIOFIN,2026-02-24,327.5,0.05,14100.0,0.0,0.0,0.0,0.0,257.85,257.85,257.85,0.703,2026-01-28 09:13:02,120136
JIOFIN,2026-02-24,330.0,0.15,2263050.0,0.0,70.15,3294700.0,0.0,257.85,257.85,257.85,0.703,2026-01-28 09:13:02,128550
JIOFIN,2026-02-24,332.5,0.0,0.0,0.0,0.0,0.0,0.0,257.85,257.85,257.85,0.703,2026-01-28 09:13:02,115275
JIOFIN,2026-02-24,335.0,0.05,9400.0,0.0,0.0,0.0,0.0,257.85,257.85,257.85,0.703,2026-01-28 09:13:02,125078
JIOFIN,2026-02-24,340.0,0.15,674450.0,0.0,84.7,829550.0,0.0,257.85,257.85,257.85,0.703,2026-01-28 09:13:02,144688
JIOFIN,2026-02-24,345.0,0.1,11750.0,0.0,0.0,0.0,0.0,257.85,257.85,257.85,0.703,2026-01-28 09:13:02,158035
JIOFIN,2026-02-24,350.0,0.1,303150.0,0.0,94.35,408900.0,0.0,257.85,257.85,257.85,0.703,2026-01-28 09:13:02,178404
JSWENERGY,2026-02-24,360.0,0.0,0.0,0.0,0.0,0.0,0.0,442.0,442.0,442.0,0.443,2026-01-28 09:13:02,63807
JSWENERGY,2026-02-24,365.0,0.0,0.0,0.0,0.0,0.0,0.0,442.0,442.0,442.0,0.443,2026-01-28 09:13:02,60515
JSWENERGY,2026-02-24,370.0,0.0,0.0,0.0,0.0,0.0,0.0,442.0,442.0,442.0,0.443,2026-01-28 09:13:02,57222
JSWENERGY,2026-02-24,375.0,0.0,0.0,0.0,0.0,0.0,0.0,442.0,442.0,442.0,0.443,2026-01-28 09:13:02,53930
JSWENERGY,2026-02-24,380.0,0.0,0.0,0.0,2.95,2000.0,0.0,442.0,442.0,442.0,0.443,2026-01-28 09:13:02,50637
JSWENERGY,2026-02-24,385.0,0.0,0.0,0.0,3.3,31000.0,0.0,442.0,442.0,442.0,0.443,2026-01-28 09:13:02,47345
JSWENERGY,2026-02-24,390.0,0.0,0.0,0.0,3.5,45000.0,0.0,442.0,442.0,442.0,0.443,2026-01-28 09:13:02,44059
JSWENERGY,2026-02-24,395.0,0.0,0.0,0.0,5.2,3000.0,0.0,442.0,442.0,442.0,0.443,2026-01-28 09:13:02,40790
JSWENERGY,2026-02-24,400.0,0.0,0.0,0.0,5.1,803000.0,0.0,442.0,442.0,442.0,0.443,2026-01-28 09:13:02,37536
JSWENERGY,2026-02-24,405.0,0.0,0.0,0.0,8.5,2000.0,0.0,442.0,442.0,442.0,0.443,2026-01-28 09:13:02,34276
JSWENERGY,2026-02-24,410.0,39.65,39000.0,0.0,6.55,36000.0,0.0,442.0,442.0,442.0,0.443,2026-01-28 09:13:02,31425
JSWENERGY,2026-02-24,415.0,0.0,0.0,0.0,8.05,125000.0,0.0,442.0,442.0,442.0,0.443,2026-01-28 09:13:02,28744
JSWENERGY,2026-02-24,420.0,0.0,0.0,0.0,9.15,312000.0,0.0,442.0,442.0,442.0,0.443,2026-01-28 09:13:02,25894
JSWENERGY,2026-02-24,425.0,27.25,1000.0,0.0,11.6,23000.0,0.0,442.0,442.0,442.0,0.443,2026-01-28 09:13:02,23015
JSWENERGY,2026-02-24,430.0,24.3,140000.0,0.0,12.65,331000.0,0.0,442.0,442.0,442.0,0.443,2026-01-28 09:13:02,20409
JSWENERGY,2026-02-24,435.0,21.25,88000.0,0.0,14.35,178000.0,0.0,442.0,442.0,442.0,0.443,2026-01-28 09:13:02,17985
JSWENERGY,2026-02-24,440.0,18.7,677000.0,0.0,16.55,660000.0,0.0,442.0,442.0,442.0,0.443,2026-01-28 09:13:02,15703
JSWENERGY,2026-02-24,445.0,16.45,258000.0,0.0,18.8,176000.0,0.0,442.0,442.0,442.0,0.443,2026-01-28 09:13:02,14333
JSWENERGY,2026-02-24,450.0,14.0,811000.0,0.0,21.45,579000.0,0.0,442.0,442.0,442.0,0.443,2026-01-28 09:13:02,13099
JSWENERGY,2026-02-24,455.0,12.0,100000.0,0.0,26.0,72000.0,0.0,442.0,442.0,442.0,0.443,2026-01-28 09:13:02,12360
JSWENERGY,2026-02-24,460.0,10.1,405000.0,0.0,27.75,164000.0,0.0,442.0,442.0,442.0,0.443,2026-01-28 09:13:02,11746
JSWENERGY,2026-02-24,465.0,8.35,96000.0,0.0,27.2,29000.0,0.0,442.0,442.0,442.0,0.443,2026-01-28 09:13:02,11438
JSWENERGY,2026-02-24,470.0,7.05,282000.0,0.0,34.6,555000.0,0.0,442.0,442.0,442.0,0.443,2026-01-28 09:13:02,11240
JSWENERGY,2026-02-24,475.0,5.9,74000.0,0.0,36.0,16000.0,0.0,442.0,442.0,442.0,0.443,2026-01-28 09:13:02,9737
JSWENERGY,2026-02-24,480.0,5.05,662000.0,0.0,42.75,261000.0,0.0,442.0,442.0,442.0,0.443,2026-01-28 09:13:02,9987
JSWENERGY,2026-02-24,485.0,4.2,63000.0,0.0,49.65,21000.0,0.0,442.0,442.0,442.0,0.443,2026-01-28 09:13:02,9931
JSWENERGY,2026-02-24,490.0,3.65,359000.0,0.0,50.2,356000.0,0.0,442.0,442.0,442.0,0.443,2026-01-28 09:13:02,10621
JSWENERGY,2026-02-24,495.0,2.95,48000.0,0.0,0.0,0.0,0.0,442.0,442.0,442.0,0.443,2026-01-28 09:13:02,10090
JSWENERGY,2026-02-24,500.0,2.5,872000.0,0.0,59.6,186000.0,0.0,442.0,442.0,442.0,0.443,2026-01-28 09:13:02,11253
JSWENERGY,2026-02-24,505.0,2.2,53000.0,0.0,66.4,1000.0,0.0,442.0,442.0,442.0,0.443,2026-01-28 09:13:02,12040
JSWENERGY,2026-02-24,510.0,1.65,145000.0,0.0,71.0,95000.0,0.0,442.0,442.0,442.0,0.443,2026-01-28 09:13:02,13750
JSWENERGY,2026-02-24,515.0,6.5,11000.0,0.0,75.3,1000.0,0.0,442.0,442.0,442.0,0.443,2026-01-28 09:13:02,14925
JSWENERGY,2026-02-24,520.0,1.25,256000.0,0.0,78.75,259000.0,0.0,442.0,442.0,442.0,0.443,2026-01-28 09:13:02,16756
JSWENERGY,2026-02-24,525.0,1.2,0.0,0.0,0.0,0.0,0.0,442.0,442.0,442.0,0.443,2026-01-28 09:13:02,16836
JSWENERGY,2026-02-24,530.0,0.9,402000.0,0.0,93.1,931000.0,0.0,442.0,442.0,442.0,0.443,2026-01-28 09:13:02,18925
JSWENERGY,2026-02-24,535.0,0.0,0.0,0.0,0.0,0.0,0.0,442.0,442.0,442.0,0.443,2026-01-28 09:13:02,13048
JSWENERGY,2026-02-24,540.0,1.15,305000.0,0.0,97.2,262000.0,0.0,442.0,442.0,442.0,0.443,2026-01-28 09:13:02,15803
JSWENERGY,2026-02-24,545.0,0.0,0.0,0.0,0.0,0.0,0.0,442.0,442.0,442.0,0.443,2026-01-28 09:13:02,16330
JSWENERGY,2026-02-24,550.0,0.75,77000.0,0.0,110.0,21000.0,0.0,442.0,442.0,442.0,0.443,2026-01-28 09:13:02,19369
JSWENERGY,2026-02-24,555.0,0.0,0.0,0.0,0.0,0.0,0.0,442.0,442.0,442.0,0.443,2026-01-28 09:13:02,22231
JSWENERGY,2026-02-24,560.0,0.35,29000.0,0.0,116.7,45000.0,0.0,442.0,442.0,442.0,0.443,2026-01-28 09:13:02,25319
JSWENERGY,2026-02-24,565.0,0.0,0.0,0.0,0.0,0.0,0.0,442.0,442.0,442.0,0.443,2026-01-28 09:13:02,27919
JSWENERGY,2026-02-24,570.0,0.35,4000.0,0.0,0.0,0.0,0.0,442.0,442.0,442.0,0.443,2026-01-28 09:13:02,31044
JSWENERGY,2026-02-24,580.0,1.0,23000.0,0.0,137.95,4000.0,0.0,442.0,442.0,442.0,0.443,2026-01-28 09:13:02,37297
JSWENERGY,2026-02-24,590.0,0.0,0.0,0.0,0.0,0.0,0.0,442.0,442.0,442.0,0.443,2026-01-28 09:13:02,43524
JSWSTEEL,2026-02-24,980.0,0.0,0.0,0.0,1.75,1350.0,0.0,1232.0,1232.0,1232.0,0.818,2026-01-28 09:13:02,30523
JSWSTEEL,2026-02-24,1000.0,178.0,62775.0,0.0,1.25,40500.0,0.0,1232.0,1232.0,1232.0,0.818,2026-01-28 09:13:02,25773
JSWSTEEL,2026-02-24,1020.0,0.0,0.0,0.0,0.0,0.0,0.0,1232.0,1232.0,1232.0,0.818,2026-01-28 09:13:02,22343
JSWSTEEL,2026-02-24,1040.0,143.2,675.0,0.0,19.6,1350.0,0.0,1232.0,1232.0,1232.0,0.818,2026-01-28 09:13:02,17800
JSWSTEEL,2026-02-24,1050.0,164.0,8775.0,0.0,0.0,0.0,0.0,1232.0,1232.0,1232.0,0.818,2026-01-28 09:13:02,15538
JSWSTEEL,2026-02-24,1060.0,65.0,675.0,0.0,3.05,35775.0,0.0,1232.0,1232.0,1232.0,0.818,2026-01-28 09:13:02,13421
JSWSTEEL,2026-02-24,1070.0,0.0,0.0,0.0,3.3,9450.0,0.0,1232.0,1232.0,1232.0,0.818,2026-01-28 09:13:02,11190
JSWSTEEL,2026-02-24,1080.0,0.0,0.0,0.0,4.0,21600.0,0.0,1232.0,1232.0,1232.0,0.818,2026-01-28 09:13:02,8972
JSWSTEEL,2026-02-24,1090.0,0.0,0.0,0.0,5.9,5400.0,0.0,1232.0,1232.0,1232.0,0.818,2026-01-28 09:13:02,6771
JSWSTEEL,2026-02-24,1100.0,134.0,64800.0,0.0,5.3,280800.0,0.0,1232.0,1232.0,1232.0,0.818,2026-01-28 09:13:02,4580
JSWSTEEL,2026-02-24,1110.0,0.0,0.0,0.0,6.1,16875.0,0.0,1232.0,1232.0,1232.0,0.818,2026-01-28 09:13:02,3457
JSWSTEEL,2026-02-24,1120.0,99.0,2025.0,0.0,7.25,54000.0,0.0,1232.0,1232.0,1232.0,0.818,2026-01-28 09:13:02,1622
JSWSTEEL,2026-02-24,1130.0,0.0,0.0,0.0,7.95,69525.0,0.0,1232.0,1232.0,1232.0,0.818,2026-01-28 09:13:02,-165
JSWSTEEL,2026-02-24,1140.0,58.95,1350.0,0.0,9.35,399600.0,0.0,1232.0,1232.0,1232.0,0.818,2026-01-28 09:13:02,-1920
JSWSTEEL,2026-02-24,1150.0,73.5,41175.0,0.0,10.75,332775.0,0.0,1232.0,1232.0,1232.0,0.818,2026-01-28 09:13:02,-3585
JSWSTEEL,2026-02-24,1160.0,70.0,23625.0,0.0,12.75,125550.0,0.0,1232.0,1232.0,1232.0,0.818,2026-01-28 09:13:02,-4565
JSWSTEEL,2026-02-24,1170.0,76.0,49275.0,0.0,15.45,91800.0,0.0,1232.0,1232.0,1232.0,0.818,2026-01-28 09:13:02,-5335
JSWSTEEL,2026-02-24,1180.0,66.85,97200.0,0.0,17.75,131625.0,0.0,1232.0,1232.0,1232.0,0.818,2026-01-28 09:13:02,-5737
JSWSTEEL,2026-02-24,1190.0,59.6,95175.0,0.0,20.5,111375.0,0.0,1232.0,1232.0,1232.0,0.818,2026-01-28 09:13:02,-5726
JSWSTEEL,2026-02-24,1200.0,53.65,350325.0,0.0,23.6,306450.0,0.0,1232.0,1232.0,1232.0,0.818,2026-01-28 09:13:02,-5586
JSWSTEEL,2026-02-24,1210.0,47.3,64125.0,0.0,28.0,91800.0,0.0,1232.0,1232.0,1232.0,0.818,2026-01-28 09:13:02,-3973
JSWSTEEL,2026-02-24,1220.0,41.65,257850.0,0.0,31.0,114750.0,0.0,1232.0,1232.0,1232.0,0.818,2026-01-28 09:13:02,-3313
JSWSTEEL,2026-02-24,1230.0,37.15,132975.0,0.0,36.25,59400.0,0.0,1232.0,1232.0,1232.0,0.818,2026-01-28 09:13:02,-1608
JSWSTEEL,2026-02-24,1240.0,31.45,560250.0,0.0,41.65,24975.0,0.0,1232.0,1232.0,1232.0,0.818,2026-01-28 09:13:02,-151
JSWSTEEL,2026-02-24,1250.0,27.1,217350.0,0.0,47.8,24300.0,0.0,1232.0,1232.0,1232.0,0.818,2026-01-28 09:13:02,3270
JSWSTEEL,2026-02-24,1260.0,23.3,148500.0,0.0,67.25,14850.0,0.0,1232.0,1232.0,1232.0,0.818,2026-01-28 09:13:02,5748
JSWSTEEL,2026-02-24,1270.0,19.45,35775.0,0.0,0.0,0.0,0.0,1232.0,1232.0,1232.0,0.818,2026-01-28 09:13:02,8163
JSWSTEEL,2026-02-24,1280.0,16.4,135675.0,0.0,0.0,0.0,0.0,1232.0,1232.0,1232.0,0.818,2026-01-28 09:13:02,10437
JSWSTEEL,2026-02-24,1290.0,14.15,39825.0,0.0,0.0,0.0,0.0,1232.0,1232.0,1232.0,0.818,2026-01-28 09:13:02,13000
JSWSTEEL,2026-02-24,1300.0,11.2,467100.0,0.0,78.0,9450.0,0.0,1232.0,1232.0,1232.0,0.818,2026-01-28 09:13:02,15436
JSWSTEEL,2026-02-24,1310.0,0.0,0.0,0.0,0.0,0.0,0.0,1232.0,1232.0,1232.0,0.818,2026-01-28 09:13:02,18742
JSWSTEEL,2026-02-24,1320.0,7.4,89100.0,0.0,101.0,675.0,0.0,1232.0,1232.0,1232.0,0.818,2026-01-28 09:13:02,21599
JSWSTEEL,2026-02-24,1330.0,0.0,0.0,0.0,0.0,0.0,0.0,1232.0,1232.0,1232.0,0.818,2026-01-28 09:13:02,24604
JSWSTEEL,2026-02-24,1340.0,5.2,286875.0,0.0,0.0,0.0,0.0,1232.0,1232.0,1232.0,0.818,2026-01-28 09:13:02,27551
JSWSTEEL,2026-02-24,1350.0,0.0,0.0,0.0,0.0,0.0,0.0,1232.0,1232.0,1232.0,0.818,2026-01-28 09:13:02,30933
JSWSTEEL,2026-02-24,1360.0,0.0,0.0,0.0,0.0,0.0,0.0,1232.0,1232.0,1232.0,0.818,2026-01-28 09:13:02,34166
JSWSTEEL,2026-02-24,1370.0,0.0,0.0,0.0,0.0,0.0,0.0,1232.0,1232.0,1232.0,0.818,2026-01-28 09:13:02,37400
JSWSTEEL,2026-02-24,1380.0,0.0,0.0,0.0,0.0,0.0,0.0,1232.0,1232.0,1232.0,0.818,2026-01-28 09:13:02,40633
JSWSTEEL,2026-02-24,1390.0,0.0,0.0,0.0,0.0,0.0,0.0,1232.0,1232.0,1232.0,0.818,2026-01-28 09:13:02,43866
JSWSTEEL,2026-02-24,1400.0,0.0,0.0,0.0,0.0,0.0,0.0,1232.0,1232.0,1232.0,0.818,2026-01-28 09:13:02,47099
JUBLFOOD,2026-02-24,400.0,0.0,0.0,0.0,1.15,20000.0,0.0,488.0,488.0,488.0,-0.061,2026-01-28 09:13:02,25692
JUBLFOOD,2026-02-24,410.0,0.0,0.0,0.0,0.0,0.0,0.0,488.0,488.0,488.0,-0.061,2026-01-28 09:13:02,23115
JUBLFOOD,2026-02-24,420.0,0.0,0.0,0.0,1.55,56250.0,0.0,488.0,488.0,488.0,-0.061,2026-01-28 09:13:02,20540
JUBLFOOD,2026-02-24,430.0,0.0,0.0,0.0,2.8,51250.0,0.0,488.0,488.0,488.0,-0.061,2026-01-28 09:13:02,18013
JUBLFOOD,2026-02-24,435.0,0.0,0.0,0.0,0.0,0.0,0.0,488.0,488.0,488.0,-0.061,2026-01-28 09:13:02,16764
JUBLFOOD,2026-02-24,440.0,0.0,0.0,0.0,3.8,107500.0,0.0,488.0,488.0,488.0,-0.061,2026-01-28 09:13:02,15531
JUBLFOOD,2026-02-24,445.0,0.0,0.0,0.0,3.05,2500.0,0.0,488.0,488.0,488.0,-0.061,2026-01-28 09:13:02,14310
JUBLFOOD,2026-02-24,450.0,0.0,0.0,0.0,5.4,326250.0,0.0,488.0,488.0,488.0,-0.061,2026-01-28 09:13:02,13130
JUBLFOOD,2026-02-24,455.0,0.0,0.0,0.0,0.0,0.0,0.0,488.0,488.0,488.0,-0.061,2026-01-28 09:13:02,11939
JUBLFOOD,2026-02-24,460.0,36.45,3750.0,0.0,7.35,62500.0,0.0,488.0,488.0,488.0,-0.061,2026-01-28 09:13:02,10923
JUBLFOOD,2026-02-24,465.0,0.0,0.0,0.0,12.0,3750.0,0.0,488.0,488.0,488.0,-0.061,2026-01-28 09:13:02,9908
JUBLFOOD,2026-02-24,470.0,31.0,1250.0,0.0,9.45,156250.0,0.0,488.0,488.0,488.0,-0.061,2026-01-28 09:13:02,8923
JUBLFOOD,2026-02-24,475.0,28.8,58750.0,0.0,11.15,10000.0,0.0,488.0,488.0,488.0,-0.061,2026-01-28 09:13:02,7877
JUBLFOOD,2026-02-24,480.0,25.35,86250.0,0.0,13.3,311250.0,0.0,488.0,488.0,488.0,-0.061,2026-01-28 09:13:02,7168
JUBLFOOD,2026-02-24,485.0,22.45,6250.0,0.0,15.4,27500.0,0.0,488.0,488.0,488.0,-0.061,2026-01-28 09:13:02,6304
JUBLFOOD,2026-02-24,490.0,19.7,97500.0,0.0,17.55,145000.0,0.0,488.0,488.0,488.0,-0.061,2026-01-28 09:13:02,5624
JUBLFOOD,2026-02-24,495.0,17.55,22500.0,0.0,19.0,16250.0,0.0,488.0,488.0,488.0,-0.061,2026-01-28 09:13:02,5031
JUBLFOOD,2026-02-24,500.0,15.2,470000.0,0.0,22.4,392500.0,0.0,488.0,488.0,488.0,-0.061,2026-01-28 09:13:02,4528
JUBLFOOD,2026-02-24,505.0,12.75,65000.0,0.0,0.0,0.0,0.0,488.0,488.0,488.0,-0.061,2026-01-28 09:13:02,4283
JUBLFOOD,2026-02-24,510.0,11.35,206250.0,0.0,28.8,55000.0,0.0,488.0,488.0,488.0,-0.061,2026-01-28 09:13:02,4319
JUBLFOOD,2026-02-24,515.0,8.0,5000.0,0.0,32.8,3750.0,0.0,488.0,488.0,488.0,-0.061,2026-01-28 09:13:02,4477
JUBLFOOD,2026-02-24,520.0,8.4,141250.0,0.0,36.15,66250.0,0.0,488.0,488.0,488.0,-0.061,2026-01-28 09:13:02,4557
JUBLFOOD,2026-02-24,525.0,6.0,25000.0,0.0,40.3,11250.0,0.0,488.0,488.0,488.0,-0.061,2026-01-28 09:13:02,4627
JUBLFOOD,2026-02-24,530.0,5.85,175000.0,0.0,46.2,48750.0,0.0,488.0,488.0,488.0,-0.061,2026-01-28 09:13:02,4806
JUBLFOOD,2026-02-24,535.0,0.0,0.0,0.0,0.0,0.0,0.0,488.0,488.0,488.0,-0.061,2026-01-28 09:13:02,5004
JUBLFOOD,2026-02-24,540.0,4.35,197500.0,0.0,51.75,120000.0,0.0,488.0,488.0,488.0,-0.061,2026-01-28 09:13:02,5326
JUBLFOOD,2026-02-24,545.0,2.85,6250.0,0.0,0.0,0.0,0.0,488.0,488.0,488.0,-0.061,2026-01-28 09:13:02,5271
JUBLFOOD,2026-02-24,550.0,3.3,202500.0,0.0,60.7,86250.0,0.0,488.0,488.0,488.0,-0.061,2026-01-28 09:13:02,5755
JUBLFOOD,2026-02-24,555.0,0.0,0.0,0.0,71.0,2500.0,0.0,488.0,488.0,488.0,-0.061,2026-01-28 09:13:02,5926
JUBLFOOD,2026-02-24,560.0,2.45,185000.0,0.0,71.75,70000.0,0.0,488.0,488.0,488.0,-0.061,2026-01-28 09:13:02,6537
JUBLFOOD,2026-02-24,565.0,0.0,0.0,0.0,0.0,0.0,0.0,488.0,488.0,488.0,-0.061,2026-01-28 09:13:02,6837
JUBLFOOD,2026-02-24,570.0,1.8,75000.0,0.0,82.0,17500.0,0.0,488.0,488.0,488.0,-0.061,2026-01-28 09:13:02,7593
JUBLFOOD,2026-02-24,575.0,0.8,1250.0,0.0,84.85,3750.0,0.0,488.0,488.0,488.0,-0.061,2026-01-28 09:13:02,8265
JUBLFOOD,2026-02-24,580.0,1.5,140000.0,0.0,94.0,33750.0,0.0,488.0,488.0,488.0,-0.061,2026-01-28 09:13:02,9039
JUBLFOOD,2026-02-24,585.0,0.0,0.0,0.0,100.7,2500.0,0.0,488.0,488.0,488.0,-0.061,2026-01-28 09:13:02,9634
JUBLFOOD,2026-02-24,590.0,0.0,0.0,0.0,99.4,25000.0,0.0,488.0,488.0,488.0,-0.061,2026-01-28 09:13:02,10502
JUBLFOOD,2026-02-24,595.0,0.0,0.0,0.0,104.3,7500.0,0.0,488.0,488.0,488.0,-0.061,2026-01-28 09:13:02,11159
JUBLFOOD,2026-02-24,600.0,1.1,1222500.0,0.0,105.0,141250.0,0.0,488.0,488.0,488.0,-0.061,2026-01-28 09:13:02,11990
JUBLFOOD,2026-02-24,605.0,0.0,0.0,0.0,0.0,0.0,0.0,488.0,488.0,488.0,-0.061,2026-01-28 09:13:02,12233
JUBLFOOD,2026-02-24,610.0,0.15,18750.0,0.0,122.25,23750.0,0.0,488.0,488.0,488.0,-0.061,2026-01-28 09:13:02,13824
JUBLFOOD,2026-02-24,615.0,0.1,2500.0,0.0,0.0,0.0,0.0,488.0,488.0,488.0,-0.061,2026-01-28 09:13:02,15147
JUBLFOOD,2026-02-24,620.0,0.1,47500.0,0.0,130.0,32500.0,0.0,488.0,488.0,488.0,-0.061,2026-01-28 09:13:02,16761
JUBLFOOD,2026-02-24,630.0,0.4,5000.0,0.0,143.0,6250.0,0.0,488.0,488.0,488.0,-0.061,2026-01-28 09:13:02,19646
JUBLFOOD,2026-02-24,640.0,0.55,7500.0,0.0,151.9,31250.0,0.0,488.0,488.0,488.0,-0.061,2026-01-28 09:13:02,22876
JUBLFOOD,2026-02-24,650.0,0.05,2500.0,0.0,163.0,80000.0,0.0,488.0,488.0,488.0,-0.061,2026-01-28 09:13:02,25759
JUBLFOOD,2026-02-24,680.0,0.2,6250.0,0.0,192.0,37500.0,0.0,488.0,488.0,488.0,-0.061,2026-01-28 09:13:02,34775
KALYANKJIL,2026-02-24,295.0,0.0,0.0,0.0,0.0,0.0,0.0,371.3,371.3,371.3,0.651,2026-01-28 09:13:02,56195
KALYANKJIL,2026-02-24,300.0,72.65,15275.0,0.0,2.9,1424100.0,0.0,371.3,371.3,371.3,0.651,2026-01-28 09:13:02,50951
KALYANKJIL,2026-02-24,305.0,0.0,0.0,0.0,0.0,0.0,0.0,371.3,371.3,371.3,0.651,2026-01-28 09:13:02,46124
KALYANKJIL,2026-02-24,310.0,0.0,0.0,0.0,4.15,21150.0,0.0,371.3,371.3,371.3,0.651,2026-01-28 09:13:02,41599
KALYANKJIL,2026-02-24,315.0,0.0,0.0,0.0,6.6,18800.0,0.0,371.3,371.3,371.3,0.651,2026-01-28 09:13:02,37076
KALYANKJIL,2026-02-24,320.0,56.25,99875.0,0.0,6.0,363075.0,0.0,371.3,371.3,371.3,0.651,2026-01-28 09:13:02,32558
KALYANKJIL,2026-02-24,325.0,0.0,0.0,0.0,0.0,0.0,0.0,371.3,371.3,371.3,0.651,2026-01-28 09:13:02,28629
KALYANKJIL,2026-02-24,330.0,37.95,5875.0,0.0,8.25,244400.0,0.0,371.3,371.3,371.3,0.651,2026-01-28 09:13:02,24355
KALYANKJIL,2026-02-24,335.0,41.25,1175.0,0.0,9.55,48175.0,0.0,371.3,371.3,371.3,0.651,2026-01-28 09:13:02,20028
KALYANKJIL,2026-02-24,340.0,41.35,12925.0,0.0,10.9,739075.0,0.0,371.3,371.3,371.3,0.651,2026-01-28 09:13:02,15863
KALYANKJIL,2026-02-24,345.0,39.25,5875.0,0.0,12.45,63450.0,0.0,371.3,371.3,371.3,0.651,2026-01-28 09:13:02,11363
KALYANKJIL,2026-02-24,350.0,36.95,92825.0,0.0,14.25,452375.0,0.0,371.3,371.3,371.3,0.651,2026-01-28 09:13:02,7594
KALYANKJIL,2026-02-24,355.0,34.2,28200.0,0.0,16.6,72850.0,0.0,371.3,371.3,371.3,0.651,2026-01-28 09:13:02,3852
KALYANKJIL,2026-02-24,360.0,30.2,207975.0,0.0,18.65,345450.0,0.0,371.3,371.3,371.3,0.651,2026-01-28 09:13:02,438
KALYANKJIL,2026-02-24,365.0,27.3,65800.0,0.0,20.9,121025.0,0.0,371.3,371.3,371.3,0.651,2026-01-28 09:13:02,-2691
KALYANKJIL,2026-02-24,370.0,25.0,1328925.0,0.0,23.55,3317025.0,0.0,371.3,371.3,371.3,0.651,2026-01-28 09:13:02,-5784
KALYANKJIL,2026-02-24,375.0,22.4,148050.0,0.0,26.15,178600.0,0.0,371.3,371.3,371.3,0.651,2026-01-28 09:13:02,-10970
KALYANKJIL,2026-02-24,380.0,20.05,3328775.0,0.0,28.4,1496950.0,0.0,371.3,371.3,371.3,0.651,2026-01-28 09:13:02,-11639
KALYANKJIL,2026-02-24,385.0,17.85,126900.0,0.0,31.6,79900.0,0.0,371.3,371.3,371.3,0.651,2026-01-28 09:13:02,-7336
KALYANKJIL,2026-02-24,390.0,16.2,210325.0,0.0,34.45,92825.0,0.0,371.3,371.3,371.3,0.651,2026-01-28 09:13:02,-5380
KALYANKJIL,2026-02-24,395.0,13.9,113975.0,0.0,36.8,41125.0,0.0,371.3,371.3,371.3,0.651,2026-01-28 09:13:02,-3224
KALYANKJIL,2026-02-24,400.0,12.5,2319450.0,0.0,40.35,445325.0,0.0,371.3,371.3,371.3,0.651,2026-01-28 09:13:02,-1005
KALYANKJIL,2026-02-24,405.0,9.9,135125.0,0.0,44.4,39950.0,0.0,371.3,371.3,371.3,0.651,2026-01-28 09:13:02,3691
KALYANKJIL,2026-02-24,410.0,9.4,301975.0,0.0,50.75,32900.0,0.0,371.3,371.3,371.3,0.651,2026-01-28 09:13:02,7329
KALYANKJIL,2026-02-24,415.0,8.2,88125.0,0.0,51.9,19975.0,0.0,371.3,371.3,371.3,0.651,2026-01-28 09:13:02,11295
KALYANKJIL,2026-02-24,420.0,7.85,459425.0,0.0,60.4,55225.0,0.0,371.3,371.3,371.3,0.651,2026-01-28 09:13:02,15167
KALYANKJIL,2026-02-24,425.0,6.35,41125.0,0.0,60.7,24675.0,0.0,371.3,371.3,371.3,0.651,2026-01-28 09:13:02,19355
KALYANKJIL,2026-02-24,430.0,6.35,182125.0,0.0,64.3,70500.0,0.0,371.3,371.3,371.3,0.651,2026-01-28 09:13:02,23425
KALYANKJIL,2026-02-24,435.0,5.8,11750.0,0.0,71.95,2350.0,0.0,371.3,371.3,371.3,0.651,2026-01-28 09:13:02,27407
KALYANKJIL,2026-02-24,440.0,5.35,188000.0,0.0,73.8,59925.0,0.0,371.3,371.3,371.3,0.651,2026-01-28 09:13:02,31724
KALYANKJIL,2026-02-24,445.0,2.5,58750.0,0.0,76.55,12925.0,0.0,371.3,371.3,371.3,0.651,2026-01-28 09:13:02,35833
KALYANKJIL,2026-02-24,450.0,4.45,681500.0,0.0,82.0,124550.0,0.0,371.3,371.3,371.3,0.651,2026-01-28 09:13:02,40235
KALYANKJIL,2026-02-24,455.0,1.8,8225.0,0.0,0.0,0.0,0.0,371.3,371.3,371.3,0.651,2026-01-28 09:13:02,44407
KALYANKJIL,2026-02-24,460.0,3.35,229125.0,0.0,92.0,43475.0,0.0,371.3,371.3,371.3,0.651,2026-01-28 09:13:02,49302
KALYANKJIL,2026-02-24,465.0,1.25,57575.0,0.0,95.25,11750.0,0.0,371.3,371.3,371.3,0.651,2026-01-28 09:13:02,54009
KALYANKJIL,2026-02-24,470.0,2.8,163325.0,0.0,103.5,14100.0,0.0,371.3,371.3,371.3,0.651,2026-01-28 09:13:02,58970
KALYANKJIL,2026-02-24,475.0,2.45,10575.0,0.0,108.3,5875.0,0.0,371.3,371.3,371.3,0.651,2026-01-28 09:13:02,64023
KALYANKJIL,2026-02-24,480.0,2.4,390100.0,0.0,125.0,55225.0,0.0,371.3,371.3,371.3,0.651,2026-01-28 09:13:02,69124
KALYANKJIL,2026-02-24,485.0,0.6,7050.0,0.0,0.0,0.0,0.0,371.3,371.3,371.3,0.651,2026-01-28 09:13:02,73911
KALYANKJIL,2026-02-24,490.0,2.05,136300.0,0.0,126.0,16450.0,0.0,371.3,371.3,371.3,0.651,2026-01-28 09:13:02,79300
KALYANKJIL,2026-02-24,495.0,0.45,14100.0,0.0,0.0,0.0,0.0,371.3,371.3,371.3,0.651,2026-01-28 09:13:02,84585
KALYANKJIL,2026-02-24,500.0,1.8,948225.0,0.0,132.0,162150.0,0.0,371.3,371.3,371.3,0.651,2026-01-28 09:13:02,90057
KALYANKJIL,2026-02-24,505.0,0.3,1175.0,0.0,0.0,0.0,0.0,371.3,371.3,371.3,0.651,2026-01-28 09:13:02,94114
KALYANKJIL,2026-02-24,510.0,0.25,1175.0,0.0,139.0,19975.0,0.0,371.3,371.3,371.3,0.651,2026-01-28 09:13:02,100141
KALYANKJIL,2026-02-24,515.0,0.0,0.0,0.0,0.0,0.0,0.0,371.3,371.3,371.3,0.651,2026-01-28 09:13:02,105901
KALYANKJIL,2026-02-24,520.0,1.3,267900.0,0.0,152.0,85775.0,0.0,371.3,371.3,371.3,0.651,2026-01-28 09:13:02,111939
KALYANKJIL,2026-02-24,525.0,0.0,0.0,0.0,153.85,4700.0,0.0,371.3,371.3,371.3,0.651,2026-01-28 09:13:02,116884
KALYANKJIL,2026-02-24,530.0,0.9,7050.0,0.0,158.8,7050.0,0.0,371.3,371.3,371.3,0.651,2026-01-28 09:13:02,123029
KALYANKJIL,2026-02-24,535.0,0.0,0.0,0.0,0.0,0.0,0.0,371.3,371.3,371.3,0.651,2026-01-28 09:13:02,129142
KALYANKJIL,2026-02-24,540.0,0.9,71675.0,0.0,171.0,47000.0,0.0,371.3,371.3,371.3,0.651,2026-01-28 09:13:02,135366
KALYANKJIL,2026-02-24,545.0,0.05,1175.0,0.0,0.0,0.0,0.0,371.3,371.3,371.3,0.651,2026-01-28 09:13:02,140852
KALYANKJIL,2026-02-24,550.0,0.9,145700.0,0.0,0.0,0.0,0.0,371.3,371.3,371.3,0.651,2026-01-28 09:13:02,147136
KALYANKJIL,2026-02-24,555.0,0.0,0.0,0.0,0.0,0.0,0.0,371.3,371.3,371.3,0.651,2026-01-28 09:13:02,153505
KALYANKJIL,2026-02-24,560.0,0.85,25850.0,0.0,0.0,0.0,0.0,371.3,371.3,371.3,0.651,2026-01-28 09:13:02,159862
KALYANKJIL,2026-02-24,565.0,0.0,0.0,0.0,0.0,0.0,0.0,371.3,371.3,371.3,0.651,2026-01-28 09:13:02,166234
KALYANKJIL,2026-02-24,570.0,0.0,0.0,0.0,0.0,0.0,0.0,371.3,371.3,371.3,0.651,2026-01-28 09:13:02,172604
KALYANKJIL,2026-02-24,575.0,0.05,1175.0,0.0,0.0,0.0,0.0,371.3,371.3,371.3,0.651,2026-01-28 09:13:02,178973
KALYANKJIL,2026-02-24,580.0,0.55,12925.0,0.0,213.65,7050.0,0.0,371.3,371.3,371.3,0.651,2026-01-28 09:13:02,185344
KALYANKJIL,2026-02-24,585.0,0.0,0.0,0.0,0.0,0.0,0.0,371.3,371.3,371.3,0.651,2026-01-28 09:13:02,191574
KALYANKJIL,2026-02-24,590.0,0.0,0.0,0.0,0.0,0.0,0.0,371.3,371.3,371.3,0.651,2026-01-28 09:13:02,197954
KALYANKJIL,2026-02-24,595.0,0.0,0.0,0.0,0.0,0.0,0.0,371.3,371.3,371.3,0.651,2026-01-28 09:13:02,204334
KALYANKJIL,2026-02-24,600.0,0.6,163325.0,0.0,0.0,0.0,0.0,371.3,371.3,371.3,0.651,2026-01-28 09:13:02,210715
KAYNES,2026-02-24,2700.0,0.0,0.0,0.0,0.0,0.0,0.0,3340.0,3340.0,3340.0,0.21,2026-01-28 09:13:02,42194
KAYNES,2026-02-24,2800.0,567.9,800.0,0.0,30.05,35200.0,0.0,3340.0,3340.0,3340.0,0.21,2026-01-28 09:13:02,36134
KAYNES,2026-02-24,2900.0,511.45,400.0,0.0,40.75,8400.0,0.0,3340.0,3340.0,3340.0,0.21,2026-01-28 09:13:02,30374
KAYNES,2026-02-24,2950.0,0.0,0.0,0.0,0.0,0.0,0.0,3340.0,3340.0,3340.0,0.21,2026-01-28 09:13:02,27554
KAYNES,2026-02-24,3000.0,413.35,8300.0,0.0,62.7,88000.0,0.0,3340.0,3340.0,3340.0,0.21,2026-01-28 09:13:02,24748
KAYNES,2026-02-24,3050.0,398.0,200.0,0.0,0.0,0.0,0.0,3340.0,3340.0,3340.0,0.21,2026-01-28 09:13:02,22215
KAYNES,2026-02-24,3100.0,0.0,0.0,0.0,90.45,25900.0,0.0,3340.0,3340.0,3340.0,0.21,2026-01-28 09:13:02,19899
KAYNES,2026-02-24,3150.0,336.0,100.0,0.0,0.0,0.0,0.0,3340.0,3340.0,3340.0,0.21,2026-01-28 09:13:02,17471
KAYNES,2026-02-24,3200.0,275.0,800.0,0.0,126.3,57500.0,0.0,3340.0,3340.0,3340.0,0.21,2026-01-28 09:13:02,15281
KAYNES,2026-02-24,3250.0,250.0,2000.0,0.0,138.8,3500.0,0.0,3340.0,3340.0,3340.0,0.21,2026-01-28 09:13:02,12675
KAYNES,2026-02-24,3300.0,225.3,38000.0,0.0,172.65,38900.0,0.0,3340.0,3340.0,3340.0,0.21,2026-01-28 09:13:02,10801
KAYNES,2026-02-24,3350.0,202.4,12900.0,0.0,191.8,10400.0,0.0,3340.0,3340.0,3340.0,0.21,2026-01-28 09:13:02,9496
KAYNES,2026-02-24,3400.0,177.05,37100.0,0.0,223.25,47100.0,0.0,3340.0,3340.0,3340.0,0.21,2026-01-28 09:13:02,8184
KAYNES,2026-02-24,3450.0,149.8,16500.0,0.0,254.2,7400.0,0.0,3340.0,3340.0,3340.0,0.21,2026-01-28 09:13:02,6837
KAYNES,2026-02-24,3500.0,135.1,105100.0,0.0,274.15,76500.0,0.0,3340.0,3340.0,3340.0,0.21,2026-01-28 09:13:02,6063
KAYNES,2026-02-24,3550.0,114.2,8300.0,0.0,302.15,11000.0,0.0,3340.0,3340.0,3340.0,0.21,2026-01-28 09:13:02,5461
KAYNES,2026-02-24,3600.0,97.2,54300.0,0.0,330.0,40300.0,0.0,3340.0,3340.0,3340.0,0.21,2026-01-28 09:13:02,5395
KAYNES,2026-02-24,3650.0,85.05,9700.0,0.0,400.0,5100.0,0.0,3340.0,3340.0,3340.0,0.21,2026-01-28 09:13:02,5237
KAYNES,2026-02-24,3700.0,71.7,45100.0,0.0,415.25,19800.0,0.0,3340.0,3340.0,3340.0,0.21,2026-01-28 09:13:02,5834
KAYNES,2026-02-24,3750.0,63.0,8100.0,0.0,487.0,500.0,0.0,3340.0,3340.0,3340.0,0.21,2026-01-28 09:13:02,6378
KAYNES,2026-02-24,3800.0,53.15,58100.0,0.0,497.5,23500.0,0.0,3340.0,3340.0,3340.0,0.21,2026-01-28 09:13:02,7491
KAYNES,2026-02-24,3850.0,52.05,2500.0,0.0,550.0,200.0,0.0,3340.0,3340.0,3340.0,0.21,2026-01-28 09:13:02,8124
KAYNES,2026-02-24,3900.0,40.65,18100.0,0.0,579.15,8100.0,0.0,3340.0,3340.0,3340.0,0.21,2026-01-28 09:13:02,9634
KAYNES,2026-02-24,3950.0,34.4,8700.0,0.0,651.1,900.0,0.0,3340.0,3340.0,3340.0,0.21,2026-01-28 09:13:02,10877
KAYNES,2026-02-24,4000.0,31.4,166300.0,0.0,655.35,31700.0,0.0,3340.0,3340.0,3340.0,0.21,2026-01-28 09:13:02,12535
KAYNES,2026-02-24,4050.0,39.6,300.0,0.0,726.2,200.0,0.0,3340.0,3340.0,3340.0,0.21,2026-01-28 09:13:02,13656
KAYNES,2026-02-24,4100.0,23.95,6000.0,0.0,799.0,4600.0,0.0,3340.0,3340.0,3340.0,0.21,2026-01-28 09:13:02,16322
KAYNES,2026-02-24,4150.0,29.75,3300.0,0.0,827.7,500.0,0.0,3340.0,3340.0,3340.0,0.21,2026-01-28 09:13:02,18701
KAYNES,2026-02-24,4200.0,15.8,16400.0,0.0,850.0,6800.0,0.0,3340.0,3340.0,3340.0,0.21,2026-01-28 09:13:02,21420
KAYNES,2026-02-24,4250.0,17.2,200.0,0.0,0.0,0.0,0.0,3340.0,3340.0,3340.0,0.21,2026-01-28 09:13:02,23735
KAYNES,2026-02-24,4300.0,15.0,4300.0,0.0,966.35,500.0,0.0,3340.0,3340.0,3340.0,0.21,2026-01-28 09:13:02,26603
KAYNES,2026-02-24,4350.0,16.4,100.0,0.0,0.0,0.0,0.0,3340.0,3340.0,3340.0,0.21,2026-01-28 09:13:02,29453
KAYNES,2026-02-24,4400.0,10.15,13300.0,0.0,1019.0,7100.0,0.0,3340.0,3340.0,3340.0,0.21,2026-01-28 09:13:02,32346
KAYNES,2026-02-24,4500.0,8.35,18900.0,0.0,1146.7,9500.0,0.0,3340.0,3340.0,3340.0,0.21,2026-01-28 09:13:02,37625
KAYNES,2026-02-24,4600.0,7.45,1300.0,0.0,1253.35,1500.0,0.0,3340.0,3340.0,3340.0,0.21,2026-01-28 09:13:02,42824
KAYNES,2026-02-24,4800.0,5.2,3000.0,0.0,1420.0,3800.0,0.0,3340.0,3340.0,3340.0,0.21,2026-01-28 09:13:02,55239
KAYNES,2026-02-24,5000.0,3.45,11500.0,0.0,1620.45,31600.0,0.0,3340.0,3340.0,3340.0,0.21,2026-01-28 09:13:02,67439
KAYNES,2026-02-24,5200.0,0.95,300.0,0.0,0.0,0.0,0.0,3340.0,3340.0,3340.0,0.21,2026-01-28 09:13:02,75923
KAYNES,2026-02-24,5400.0,4.3,1200.0,0.0,0.0,0.0,0.0,3340.0,3340.0,3340.0,0.21,2026-01-28 09:13:02,89529
KAYNES,2026-02-24,5600.0,0.25,500.0,0.0,0.0,0.0,0.0,3340.0,3340.0,3340.0,0.21,2026-01-28 09:13:02,103159
KAYNES,2026-02-24,6200.0,0.05,4000.0,0.0,0.0,0.0,0.0,3340.0,3340.0,3340.0,0.21,2026-01-28 09:13:02,144079
KEI,2026-02-24,3200.0,559.1,175.0,0.0,0.0,0.0,0.0,3830.0,3830.0,3830.0,0.652,2026-01-28 09:13:02,9083
KEI,2026-02-24,3250.0,0.0,0.0,0.0,0.0,0.0,0.0,3830.0,3830.0,3830.0,0.652,2026-01-28 09:13:02,8257
KEI,2026-02-24,3300.0,0.0,0.0,0.0,24.7,1925.0,0.0,3830.0,3830.0,3830.0,0.652,2026-01-28 09:13:02,7420
KEI,2026-02-24,3350.0,0.0,0.0,0.0,0.0,0.0,0.0,3830.0,3830.0,3830.0,0.652,2026-01-28 09:13:02,6589
KEI,2026-02-24,3400.0,461.05,525.0,0.0,40.3,1750.0,0.0,3830.0,3830.0,3830.0,0.652,2026-01-28 09:13:02,5762
KEI,2026-02-24,3450.0,0.0,0.0,0.0,50.4,1400.0,0.0,3830.0,3830.0,3830.0,0.652,2026-01-28 09:13:02,4963
KEI,2026-02-24,3500.0,383.6,350.0,0.0,54.35,7525.0,0.0,3830.0,3830.0,3830.0,0.652,2026-01-28 09:13:02,4148
KEI,2026-02-24,3550.0,347.45,350.0,0.0,83.0,3325.0,0.0,3830.0,3830.0,3830.0,0.652,2026-01-28 09:13:02,3351
KEI,2026-02-24,3600.0,258.2,350.0,0.0,79.3,8575.0,0.0,3830.0,3830.0,3830.0,0.652,2026-01-28 09:13:02,2585
KEI,2026-02-24,3650.0,281.1,1400.0,0.0,117.1,4900.0,0.0,3830.0,3830.0,3830.0,0.652,2026-01-28 09:13:02,1820
KEI,2026-02-24,3700.0,251.15,1400.0,0.0,119.65,22925.0,0.0,3830.0,3830.0,3830.0,0.652,2026-01-28 09:13:02,1127
KEI,2026-02-24,3750.0,223.3,525.0,0.0,151.0,2975.0,0.0,3830.0,3830.0,3830.0,0.652,2026-01-28 09:13:02,335
KEI,2026-02-24,3800.0,138.7,39550.0,0.0,162.05,40600.0,0.0,3830.0,3830.0,3830.0,0.652,2026-01-28 09:13:02,-233
KEI,2026-02-24,3850.0,113.8,5250.0,0.0,223.15,7175.0,0.0,3830.0,3830.0,3830.0,0.652,2026-01-28 09:13:02,-477
KEI,2026-02-24,3900.0,95.2,38500.0,0.0,223.5,14700.0,0.0,3830.0,3830.0,3830.0,0.652,2026-01-28 09:13:02,-650
KEI,2026-02-24,3950.0,74.05,8575.0,0.0,259.75,1750.0,0.0,3830.0,3830.0,3830.0,0.652,2026-01-28 09:13:02,-418
KEI,2026-02-24,4000.0,64.1,66500.0,0.0,285.0,28350.0,0.0,3830.0,3830.0,3830.0,0.652,2026-01-28 09:13:02,-155
KEI,2026-02-24,4050.0,41.55,5075.0,0.0,326.05,875.0,0.0,3830.0,3830.0,3830.0,0.652,2026-01-28 09:13:02,181
KEI,2026-02-24,4100.0,42.9,6125.0,0.0,361.85,525.0,0.0,3830.0,3830.0,3830.0,0.652,2026-01-28 09:13:02,923
KEI,2026-02-24,4150.0,0.0,0.0,0.0,399.5,700.0,0.0,3830.0,3830.0,3830.0,0.652,2026-01-28 09:13:02,1712
KEI,2026-02-24,4200.0,0.0,0.0,0.0,438.25,5600.0,0.0,3830.0,3830.0,3830.0,0.652,2026-01-28 09:13:02,2470
KEI,2026-02-24,4250.0,53.25,1050.0,0.0,478.55,875.0,0.0,3830.0,3830.0,3830.0,0.652,2026-01-28 09:13:02,3038
KEI,2026-02-24,4300.0,19.7,25550.0,0.0,520.0,2450.0,0.0,3830.0,3830.0,3830.0,0.652,2026-01-28 09:13:02,3825
KEI,2026-02-24,4350.0,19.0,2275.0,0.0,562.7,2275.0,0.0,3830.0,3830.0,3830.0,0.652,2026-01-28 09:13:02,4712
KEI,2026-02-24,4400.0,10.15,2975.0,0.0,645.0,2800.0,0.0,3830.0,3830.0,3830.0,0.652,2026-01-28 09:13:02,5574
KEI,2026-02-24,4450.0,26.4,525.0,0.0,650.8,700.0,0.0,3830.0,3830.0,3830.0,0.652,2026-01-28 09:13:02,6412
KEI,2026-02-24,4500.0,7.3,4550.0,0.0,750.0,700.0,0.0,3830.0,3830.0,3830.0,0.652,2026-01-28 09:13:02,7389
KEI,2026-02-24,4550.0,18.15,1050.0,0.0,742.1,1225.0,0.0,3830.0,3830.0,3830.0,0.652,2026-01-28 09:13:02,8387
KEI,2026-02-24,4600.0,0.0,0.0,0.0,0.0,0.0,0.0,3830.0,3830.0,3830.0,0.652,2026-01-28 09:13:02,9357
KEI,2026-02-24,4650.0,12.25,3675.0,0.0,0.0,0.0,0.0,3830.0,3830.0,3830.0,0.652,2026-01-28 09:13:02,10415
KEI,2026-02-24,4700.0,10.0,525.0,0.0,0.0,0.0,0.0,3830.0,3830.0,3830.0,0.652,2026-01-28 09:13:02,11497
KEI,2026-02-24,4750.0,0.0,0.0,0.0,0.0,0.0,0.0,3830.0,3830.0,3830.0,0.652,2026-01-28 09:13:02,12577
KEI,2026-02-24,4800.0,0.0,0.0,0.0,979.4,875.0,0.0,3830.0,3830.0,3830.0,0.652,2026-01-28 09:13:02,13657
KEI,2026-02-24,4850.0,0.0,0.0,0.0,0.0,0.0,0.0,3830.0,3830.0,3830.0,0.652,2026-01-28 09:13:02,14655
KEI,2026-02-24,4900.0,4.3,1050.0,0.0,0.0,0.0,0.0,3830.0,3830.0,3830.0,0.652,2026-01-28 09:13:02,15740
KEI,2026-02-24,4950.0,3.45,350.0,0.0,0.0,0.0,0.0,3830.0,3830.0,3830.0,0.652,2026-01-28 09:13:02,16829
KEI,2026-02-24,5000.0,2.8,875.0,0.0,0.0,0.0,0.0,3830.0,3830.0,3830.0,0.652,2026-01-28 09:13:02,17921
KEI,2026-02-24,5100.0,0.0,0.0,0.0,0.0,0.0,0.0,3830.0,3830.0,3830.0,0.652,2026-01-28 09:13:02,20112
KFINTECH,2026-02-24,840.0,0.0,0.0,0.0,0.0,0.0,0.0,1026.0,1026.0,1026.0,0.984,2026-01-28 09:13:02,6899
KFINTECH,2026-02-24,880.0,88.2,4500.0,0.0,9.4,3000.0,0.0,1026.0,1026.0,1026.0,0.984,2026-01-28 09:13:02,5021
KFINTECH,2026-02-24,900.0,97.55,9500.0,0.0,14.65,77000.0,0.0,1026.0,1026.0,1026.0,0.984,2026-01-28 09:13:02,4134
KFINTECH,2026-02-24,920.0,79.05,8000.0,0.0,19.25,31500.0,0.0,1026.0,1026.0,1026.0,0.984,2026-01-28 09:13:02,3362
KFINTECH,2026-02-24,940.0,0.0,0.0,0.0,25.95,12000.0,0.0,1026.0,1026.0,1026.0,0.984,2026-01-28 09:13:02,2693
KFINTECH,2026-02-24,960.0,62.5,7500.0,0.0,30.6,41000.0,0.0,1026.0,1026.0,1026.0,0.984,2026-01-28 09:13:02,2014
KFINTECH,2026-02-24,980.0,46.75,4500.0,0.0,39.7,5000.0,0.0,1026.0,1026.0,1026.0,0.984,2026-01-28 09:13:02,1384
KFINTECH,2026-02-24,1000.0,37.2,105000.0,0.0,49.75,118500.0,0.0,1026.0,1026.0,1026.0,0.984,2026-01-28 09:13:02,854
KFINTECH,2026-02-24,1020.0,28.45,82500.0,0.0,61.45,34500.0,0.0,1026.0,1026.0,1026.0,0.984,2026-01-28 09:13:02,570
KFINTECH,2026-02-24,1040.0,22.25,54500.0,0.0,77.0,49000.0,0.0,1026.0,1026.0,1026.0,0.984,2026-01-28 09:13:02,741
KFINTECH,2026-02-24,1060.0,16.9,23000.0,0.0,75.0,6000.0,0.0,1026.0,1026.0,1026.0,0.984,2026-01-28 09:13:02,841
KFINTECH,2026-02-24,1080.0,0.0,0.0,0.0,100.5,6000.0,0.0,1026.0,1026.0,1026.0,0.984,2026-01-28 09:13:02,1249
KFINTECH,2026-02-24,1100.0,9.9,62000.0,0.0,129.55,29500.0,0.0,1026.0,1026.0,1026.0,0.984,2026-01-28 09:13:02,1615
KFINTECH,2026-02-24,1120.0,9.55,1000.0,0.0,133.5,3000.0,0.0,1026.0,1026.0,1026.0,0.984,2026-01-28 09:13:02,1903
KFINTECH,2026-02-24,1140.0,5.7,2500.0,0.0,165.0,8000.0,0.0,1026.0,1026.0,1026.0,0.984,2026-01-28 09:13:02,2481
KFINTECH,2026-02-24,1160.0,4.15,3500.0,0.0,165.05,1500.0,0.0,1026.0,1026.0,1026.0,0.984,2026-01-28 09:13:02,2988
KFINTECH,2026-02-24,1180.0,0.0,0.0,0.0,200.55,0.0,0.0,1026.0,1026.0,1026.0,0.984,2026-01-28 09:13:02,3613
KFINTECH,2026-02-24,1200.0,1.55,12000.0,0.0,210.0,14000.0,0.0,1026.0,1026.0,1026.0,0.984,2026-01-28 09:13:02,4261
KFINTECH,2026-02-24,1240.0,2.4,36500.0,0.0,239.0,30000.0,0.0,1026.0,1026.0,1026.0,0.984,2026-01-28 09:13:02,5369
KOTAKBANK,2026-02-24,340.0,0.0,0.0,0.0,0.0,0.0,0.0,409.3,409.3,409.3,0.147,2026-01-28 09:13:02,99134
KOTAKBANK,2026-02-24,342.5,0.0,0.0,0.0,0.0,0.0,0.0,409.3,409.3,409.3,0.147,2026-01-28 09:13:02,95082
KOTAKBANK,2026-02-24,345.0,0.0,0.0,0.0,0.0,0.0,0.0,409.3,409.3,409.3,0.147,2026-01-28 09:13:02,91030
KOTAKBANK,2026-02-24,347.5,0.0,0.0,0.0,0.0,0.0,0.0,409.3,409.3,409.3,0.147,2026-01-28 09:13:02,86978
KOTAKBANK,2026-02-24,350.0,0.0,0.0,0.0,0.0,0.0,0.0,409.3,409.3,409.3,0.147,2026-01-28 09:13:02,82926
KOTAKBANK,2026-02-24,352.5,0.0,0.0,0.0,0.0,0.0,0.0,409.3,409.3,409.3,0.147,2026-01-28 09:13:02,78874
KOTAKBANK,2026-02-24,355.0,0.0,0.0,0.0,0.0,0.0,0.0,409.3,409.3,409.3,0.147,2026-01-28 09:13:02,74822
KOTAKBANK,2026-02-24,357.5,0.0,0.0,0.0,0.0,0.0,0.0,409.3,409.3,409.3,0.147,2026-01-28 09:13:02,70770
KOTAKBANK,2026-02-24,360.0,52.65,6000.0,0.0,1.1,346000.0,0.0,409.3,409.3,409.3,0.147,2026-01-28 09:13:02,66718
KOTAKBANK,2026-02-24,362.5,0.0,0.0,0.0,0.0,0.0,0.0,409.3,409.3,409.3,0.147,2026-01-28 09:13:02,62747
KOTAKBANK,2026-02-24,365.0,0.0,0.0,0.0,1.4,152000.0,0.0,409.3,409.3,409.3,0.147,2026-01-28 09:13:02,58783
KOTAKBANK,2026-02-24,367.5,0.0,0.0,0.0,0.0,0.0,0.0,409.3,409.3,409.3,0.147,2026-01-28 09:13:02,54836
KOTAKBANK,2026-02-24,368.0,0.0,0.0,0.0,1.5,114000.0,0.0,409.3,409.3,409.3,0.147,2026-01-28 09:13:02,54051
KOTAKBANK,2026-02-24,370.0,0.0,0.0,0.0,1.6,272000.0,0.0,409.3,409.3,409.3,0.147,2026-01-28 09:13:02,50916
KOTAKBANK,2026-02-24,372.5,0.0,0.0,0.0,0.0,0.0,0.0,409.3,409.3,409.3,0.147,2026-01-28 09:13:02,47043
KOTAKBANK,2026-02-24,375.0,49.0,2000.0,0.0,2.0,42000.0,0.0,409.3,409.3,409.3,0.147,2026-01-28 09:13:02,43213
KOTAKBANK,2026-02-24,376.0,35.85,2000.0,0.0,2.15,500000.0,0.0,409.3,409.3,409.3,0.147,2026-01-28 09:13:02,41687
KOTAKBANK,2026-02-24,377.5,0.0,0.0,0.0,0.0,0.0,0.0,409.3,409.3,409.3,0.147,2026-01-28 09:13:02,39371
KOTAKBANK,2026-02-24,380.0,32.0,20000.0,0.0,2.45,938000.0,0.0,409.3,409.3,409.3,0.147,2026-01-28 09:13:02,35678
KOTAKBANK,2026-02-24,382.5,0.0,0.0,0.0,0.0,0.0,0.0,409.3,409.3,409.3,0.147,2026-01-28 09:13:02,32059
KOTAKBANK,2026-02-24,384.0,29.0,12000.0,0.0,2.9,60000.0,0.0,409.3,409.3,409.3,0.147,2026-01-28 09:13:02,29987
KOTAKBANK,2026-02-24,385.0,0.0,0.0,0.0,2.9,1194000.0,0.0,409.3,409.3,409.3,0.147,2026-01-28 09:13:02,28630
KOTAKBANK,2026-02-24,387.5,40.5,14000.0,0.0,3.0,52000.0,0.0,409.3,409.3,409.3,0.147,2026-01-28 09:13:02,25147
KOTAKBANK,2026-02-24,388.0,25.8,2000.0,0.0,3.55,84000.0,0.0,409.3,409.3,409.3,0.147,2026-01-28 09:13:02,24564
KOTAKBANK,2026-02-24,390.0,41.0,2000.0,0.0,3.8,404000.0,0.0,409.3,409.3,409.3,0.147,2026-01-28 09:13:02,22060
KOTAKBANK,2026-02-24,392.0,19.55,14000.0,0.0,3.7,100000.0,0.0,409.3,409.3,409.3,0.147,2026-01-28 09:13:02,19517
KOTAKBANK,2026-02-24,392.5,21.35,4000.0,0.0,4.2,54000.0,0.0,409.3,409.3,409.3,0.147,2026-01-28 09:13:02,18913
KOTAKBANK,2026-02-24,395.0,0.0,0.0,0.0,4.4,300000.0,0.0,409.3,409.3,409.3,0.147,2026-01-28 09:13:02,15945
KOTAKBANK,2026-02-24,396.0,0.0,0.0,0.0,4.95,48000.0,0.0,409.3,409.3,409.3,0.147,2026-01-28 09:13:02,14661
KOTAKBANK,2026-02-24,397.5,0.0,0.0,0.0,4.8,86000.0,0.0,409.3,409.3,409.3,0.147,2026-01-28 09:13:02,12916
KOTAKBANK,2026-02-24,400.0,17.45,758000.0,0.0,5.75,2342000.0,0.0,409.3,409.3,409.3,0.147,2026-01-28 09:13:02,10029
KOTAKBANK,2026-02-24,402.5,15.75,24000.0,0.0,5.95,98000.0,0.0,409.3,409.3,409.3,0.147,2026-01-28 09:13:02,7934
KOTAKBANK,2026-02-24,404.0,14.45,38000.0,0.0,6.95,56000.0,0.0,409.3,409.3,409.3,0.147,2026-01-28 09:13:02,6689
KOTAKBANK,2026-02-24,405.0,13.8,264000.0,0.0,7.4,1028000.0,0.0,409.3,409.3,409.3,0.147,2026-01-28 09:13:02,5899
KOTAKBANK,2026-02-24,407.5,12.65,166000.0,0.0,8.2,420000.0,0.0,409.3,409.3,409.3,0.147,2026-01-28 09:13:02,3808
KOTAKBANK,2026-02-24,408.0,12.2,240000.0,0.0,8.3,176000.0,0.0,409.3,409.3,409.3,0.147,2026-01-28 09:13:02,3364
KOTAKBANK,2026-02-24,410.0,11.0,1014000.0,0.0,9.1,1036000.0,0.0,409.3,409.3,409.3,0.147,2026-01-28 09:13:02,2356
KOTAKBANK,2026-02-24,412.0,10.1,302000.0,0.0,10.2,270000.0,0.0,409.3,409.3,409.3,0.147,2026-01-28 09:13:02,1784
KOTAKBANK,2026-02-24,412.5,9.6,100000.0,0.0,10.25,204000.0,0.0,409.3,409.3,409.3,0.147,2026-01-28 09:13:02,1656
KOTAKBANK,2026-02-24,415.0,8.2,180000.0,0.0,11.05,362000.0,0.0,409.3,409.3,409.3,0.147,2026-01-28 09:13:02,831
KOTAKBANK,2026-02-24,416.0,8.35,60000.0,0.0,12.45,64000.0,0.0,409.3,409.3,409.3,0.147,2026-01-28 09:13:02,348
KOTAKBANK,2026-02-24,417.5,6.85,58000.0,0.0,13.45,12000.0,0.0,409.3,409.3,409.3,0.147,2026-01-28 09:13:02,-8
KOTAKBANK,2026-02-24,420.0,6.05,2330000.0,0.0,14.05,1938000.0,0.0,409.3,409.3,409.3,0.147,2026-01-28 09:13:02,-512
KOTAKBANK,2026-02-24,422.5,5.25,124000.0,0.0,15.65,56000.0,0.0,409.3,409.3,409.3,0.147,2026-01-28 09:13:02,-1287
KOTAKBANK,2026-02-24,424.0,4.75,254000.0,0.0,17.4,260000.0,0.0,409.3,409.3,409.3,0.147,2026-01-28 09:13:02,-959
KOTAKBANK,2026-02-24,425.0,4.45,384000.0,0.0,17.8,434000.0,0.0,409.3,409.3,409.3,0.147,2026-01-28 09:13:02,-1005
KOTAKBANK,2026-02-24,427.5,3.85,66000.0,0.0,26.0,36000.0,0.0,409.3,409.3,409.3,0.147,2026-01-28 09:13:02,-690
KOTAKBANK,2026-02-24,428.0,3.75,244000.0,0.0,20.35,522000.0,0.0,409.3,409.3,409.3,0.147,2026-01-28 09:13:02,-570
KOTAKBANK,2026-02-24,430.0,3.3,1296000.0,0.0,21.95,912000.0,0.0,409.3,409.3,409.3,0.147,2026-01-28 09:13:02,-633
KOTAKBANK,2026-02-24,432.0,3.0,210000.0,0.0,23.65,196000.0,0.0,409.3,409.3,409.3,0.147,2026-01-28 09:13:02,-859
KOTAKBANK,2026-02-24,432.5,2.8,104000.0,0.0,18.9,6000.0,0.0,409.3,409.3,409.3,0.147,2026-01-28 09:13:02,-902
KOTAKBANK,2026-02-24,435.0,2.45,114000.0,0.0,25.0,60000.0,0.0,409.3,409.3,409.3,0.147,2026-01-28 09:13:02,930
KOTAKBANK,2026-02-24,436.0,2.5,102000.0,0.0,28.8,4000.0,0.0,409.3,409.3,409.3,0.147,2026-01-28 09:13:02,1551
KOTAKBANK,2026-02-24,437.5,2.2,30000.0,0.0,0.0,0.0,0.0,409.3,409.3,409.3,0.147,2026-01-28 09:13:02,2696
KOTAKBANK,2026-02-24,440.0,1.9,1642000.0,0.0,30.05,756000.0,0.0,409.3,409.3,409.3,0.147,2026-01-28 09:13:02,4595
KOTAKBANK,2026-02-24,442.5,1.65,64000.0,0.0,0.0,0.0,0.0,409.3,409.3,409.3,0.147,2026-01-28 09:13:02,5128
KOTAKBANK,2026-02-24,444.0,1.55,48000.0,0.0,0.0,0.0,0.0,409.3,409.3,409.3,0.147,2026-01-28 09:13:02,6643
KOTAKBANK,2026-02-24,445.0,1.5,96000.0,0.0,0.0,0.0,0.0,409.3,409.3,409.3,0.147,2026-01-28 09:13:02,7658
KOTAKBANK,2026-02-24,447.5,1.3,38000.0,0.0,0.0,0.0,0.0,409.3,409.3,409.3,0.147,2026-01-28 09:13:02,10217
KOTAKBANK,2026-02-24,448.0,1.25,60000.0,0.0,39.1,4000.0,0.0,409.3,409.3,409.3,0.147,2026-01-28 09:13:02,10733
KOTAKBANK,2026-02-24,450.0,1.2,1546000.0,0.0,38.25,68000.0,0.0,409.3,409.3,409.3,0.147,2026-01-28 09:13:02,12780
KOTAKBANK,2026-02-24,452.0,1.1,604000.0,0.0,0.0,0.0,0.0,409.3,409.3,409.3,0.147,2026-01-28 09:13:02,15084
KOTAKBANK,2026-02-24,452.5,0.95,10000.0,0.0,0.0,0.0,0.0,409.3,409.3,409.3,0.147,2026-01-28 09:13:02,15775
KOTAKBANK,2026-02-24,455.0,1.0,140000.0,0.0,44.85,0.0,0.0,409.3,409.3,409.3,0.147,2026-01-28 09:13:02,18902
KOTAKBANK,2026-02-24,456.0,0.9,120000.0,0.0,46.5,2000.0,0.0,409.3,409.3,409.3,0.147,2026-01-28 09:13:02,20181
KOTAKBANK,2026-02-24,457.5,0.8,136000.0,0.0,0.0,0.0,0.0,409.3,409.3,409.3,0.147,2026-01-28 09:13:02,22098
KOTAKBANK,2026-02-24,460.0,0.7,722000.0,0.0,48.75,130000.0,0.0,409.3,409.3,409.3,0.147,2026-01-28 09:13:02,25335
KOTAKBANK,2026-02-24,464.0,0.75,218000.0,0.0,0.0,0.0,0.0,409.3,409.3,409.3,0.147,2026-01-28 09:13:02,30254
KOTAKBANK,2026-02-24,465.0,0.6,40000.0,0.0,0.0,0.0,0.0,409.3,409.3,409.3,0.147,2026-01-28 09:13:02,31668
KOTAKBANK,2026-02-24,468.0,0.65,110000.0,0.0,0.0,0.0,0.0,409.3,409.3,409.3,0.147,2026-01-28 09:13:02,35874
KOTAKBANK,2026-02-24,470.0,0.65,66000.0,0.0,0.0,0.0,0.0,409.3,409.3,409.3,0.147,2026-01-28 09:13:02,38706
KOTAKBANK,2026-02-24,472.0,0.0,0.0,0.0,0.0,0.0,0.0,409.3,409.3,409.3,0.147,2026-01-28 09:13:02,41548
KOTAKBANK,2026-02-24,475.0,1.5,2000.0,0.0,0.0,0.0,0.0,409.3,409.3,409.3,0.147,2026-01-28 09:13:02,45805
KOTAKBANK,2026-02-24,476.0,0.2,2000.0,0.0,0.0,0.0,0.0,409.3,409.3,409.3,0.147,2026-01-28 09:13:02,47225
KOTAKBANK,2026-02-24,480.0,0.4,378000.0,0.0,70.0,10000.0,0.0,409.3,409.3,409.3,0.147,2026-01-28 09:13:02,52903
KOTAKBANK,2026-02-24,484.0,0.4,12000.0,0.0,0.0,0.0,0.0,409.3,409.3,409.3,0.147,2026-01-28 09:13:02,58680
KOTAKBANK,2026-02-24,485.0,0.35,40000.0,0.0,0.0,0.0,0.0,409.3,409.3,409.3,0.147,2026-01-28 09:13:02,60140
KOTAKBANK,2026-02-24,488.0,0.1,54000.0,0.0,0.0,0.0,0.0,409.3,409.3,409.3,0.147,2026-01-28 09:13:02,64532
KOTAKBANK,2026-02-24,496.0,0.25,88000.0,0.0,0.0,0.0,0.0,409.3,409.3,409.3,0.147,2026-01-28 09:13:02,76283
KOTAKBANK,2026-02-24,504.0,0.0,0.0,0.0,0.0,0.0,0.0,409.3,409.3,409.3,0.147,2026-01-28 09:13:02,88106
KPITTECH,2026-02-24,920.0,0.0,0.0,0.0,0.0,0.0,0.0,1110.0,1110.0,1110.0,0.507,2026-01-28 09:13:02,8748
KPITTECH,2026-02-24,940.0,0.0,0.0,0.0,6.65,74800.0,0.0,1110.0,1110.0,1110.0,0.507,2026-01-28 09:13:02,7500
KPITTECH,2026-02-24,960.0,0.0,0.0,0.0,7.75,65025.0,0.0,1110.0,1110.0,1110.0,0.507,2026-01-28 09:13:02,6352
KPITTECH,2026-02-24,980.0,0.0,0.0,0.0,8.9,425.0,0.0,1110.0,1110.0,1110.0,0.507,2026-01-28 09:13:02,5333
KPITTECH,2026-02-24,990.0,0.0,0.0,0.0,0.0,0.0,0.0,1110.0,1110.0,1110.0,0.507,2026-01-28 09:13:02,4849
KPITTECH,2026-02-24,1000.0,121.75,425.0,0.0,12.95,80750.0,0.0,1110.0,1110.0,1110.0,0.507,2026-01-28 09:13:02,4366
KPITTECH,2026-02-24,1010.0,0.0,0.0,0.0,0.0,0.0,0.0,1110.0,1110.0,1110.0,0.507,2026-01-28 09:13:02,3864
KPITTECH,2026-02-24,1020.0,0.0,0.0,0.0,16.0,15300.0,0.0,1110.0,1110.0,1110.0,0.507,2026-01-28 09:13:02,3461
KPITTECH,2026-02-24,1030.0,0.0,0.0,0.0,19.65,850.0,0.0,1110.0,1110.0,1110.0,0.507,2026-01-28 09:13:02,3050
KPITTECH,2026-02-24,1040.0,0.0,0.0,0.0,19.65,25500.0,0.0,1110.0,1110.0,1110.0,0.507,2026-01-28 09:13:02,2662
KPITTECH,2026-02-24,1050.0,0.0,0.0,0.0,23.8,23800.0,0.0,1110.0,1110.0,1110.0,0.507,2026-01-28 09:13:02,2251
KPITTECH,2026-02-24,1060.0,0.0,0.0,0.0,30.0,425.0,0.0,1110.0,1110.0,1110.0,0.507,2026-01-28 09:13:02,1857
KPITTECH,2026-02-24,1070.0,0.0,0.0,0.0,31.3,2975.0,0.0,1110.0,1110.0,1110.0,0.507,2026-01-28 09:13:02,1519
KPITTECH,2026-02-24,1080.0,0.0,0.0,0.0,34.4,20400.0,0.0,1110.0,1110.0,1110.0,0.507,2026-01-28 09:13:02,1176
KPITTECH,2026-02-24,1090.0,0.0,0.0,0.0,0.0,0.0,0.0,1110.0,1110.0,1110.0,0.507,2026-01-28 09:13:02,793
KPITTECH,2026-02-24,1100.0,53.6,28050.0,0.0,42.65,76925.0,0.0,1110.0,1110.0,1110.0,0.507,2026-01-28 09:13:02,480
KPITTECH,2026-02-24,1110.0,49.15,17425.0,0.0,46.7,41225.0,0.0,1110.0,1110.0,1110.0,0.507,2026-01-28 09:13:02,94
KPITTECH,2026-02-24,1120.0,43.35,30600.0,0.0,52.5,18700.0,0.0,1110.0,1110.0,1110.0,0.507,2026-01-28 09:13:02,-162
KPITTECH,2026-02-24,1130.0,35.15,425.0,0.0,62.6,7650.0,0.0,1110.0,1110.0,1110.0,0.507,2026-01-28 09:13:02,-228
KPITTECH,2026-02-24,1140.0,35.05,33150.0,0.0,63.05,5100.0,0.0,1110.0,1110.0,1110.0,0.507,2026-01-28 09:13:02,-366
KPITTECH,2026-02-24,1150.0,31.85,59500.0,0.0,75.75,1275.0,0.0,1110.0,1110.0,1110.0,0.507,2026-01-28 09:13:02,-336
KPITTECH,2026-02-24,1160.0,28.2,20825.0,0.0,76.05,5525.0,0.0,1110.0,1110.0,1110.0,0.507,2026-01-28 09:13:02,-150
KPITTECH,2026-02-24,1170.0,27.95,850.0,0.0,88.65,23800.0,0.0,1110.0,1110.0,1110.0,0.507,2026-01-28 09:13:02,-100
KPITTECH,2026-02-24,1180.0,19.65,19550.0,0.0,88.0,2125.0,0.0,1110.0,1110.0,1110.0,0.507,2026-01-28 09:13:02,-251
KPITTECH,2026-02-24,1190.0,22.4,850.0,0.0,0.0,0.0,0.0,1110.0,1110.0,1110.0,0.507,2026-01-28 09:13:02,-151
KPITTECH,2026-02-24,1200.0,17.2,110500.0,0.0,103.6,87550.0,0.0,1110.0,1110.0,1110.0,0.507,2026-01-28 09:13:02,-69
KPITTECH,2026-02-24,1210.0,17.8,5950.0,0.0,0.0,0.0,0.0,1110.0,1110.0,1110.0,0.507,2026-01-28 09:13:02,-508
KPITTECH,2026-02-24,1220.0,13.5,13175.0,0.0,125.8,425.0,0.0,1110.0,1110.0,1110.0,0.507,2026-01-28 09:13:02,-213
KPITTECH,2026-02-24,1230.0,14.0,425.0,0.0,0.0,0.0,0.0,1110.0,1110.0,1110.0,0.507,2026-01-28 09:13:02,97
KPITTECH,2026-02-24,1240.0,11.2,31450.0,0.0,143.0,12750.0,0.0,1110.0,1110.0,1110.0,0.507,2026-01-28 09:13:02,396
KPITTECH,2026-02-24,1250.0,10.65,25075.0,0.0,0.0,0.0,0.0,1110.0,1110.0,1110.0,0.507,2026-01-28 09:13:02,591
KPITTECH,2026-02-24,1260.0,0.0,0.0,0.0,159.4,2550.0,0.0,1110.0,1110.0,1110.0,0.507,2026-01-28 09:13:02,985
KPITTECH,2026-02-24,1270.0,0.0,0.0,0.0,0.0,0.0,0.0,1110.0,1110.0,1110.0,0.507,2026-01-28 09:13:02,1315
KPITTECH,2026-02-24,1280.0,15.0,425.0,0.0,165.0,2125.0,0.0,1110.0,1110.0,1110.0,0.507,2026-01-28 09:13:02,1685
KPITTECH,2026-02-24,1290.0,6.4,12325.0,0.0,0.0,0.0,0.0,1110.0,1110.0,1110.0,0.507,2026-01-28 09:13:02,2023
KPITTECH,2026-02-24,1300.0,6.5,73950.0,0.0,204.95,14025.0,0.0,1110.0,1110.0,1110.0,0.507,2026-01-28 09:13:02,2416
KPITTECH,2026-02-24,1310.0,4.85,14450.0,0.0,0.0,0.0,0.0,1110.0,1110.0,1110.0,0.507,2026-01-28 09:13:02,2650
KPITTECH,2026-02-24,1320.0,11.0,4250.0,0.0,222.0,10200.0,0.0,1110.0,1110.0,1110.0,0.507,2026-01-28 09:13:02,3144
KPITTECH,2026-02-24,1330.0,3.65,17425.0,0.0,0.0,0.0,0.0,1110.0,1110.0,1110.0,0.507,2026-01-28 09:13:02,3425
KPITTECH,2026-02-24,1340.0,3.15,1275.0,0.0,0.0,0.0,0.0,1110.0,1110.0,1110.0,0.507,2026-01-28 09:13:02,3950
KPITTECH,2026-02-24,1350.0,2.7,8925.0,0.0,0.0,0.0,0.0,1110.0,1110.0,1110.0,0.507,2026-01-28 09:13:02,4471
KPITTECH,2026-02-24,1360.0,3.85,3825.0,0.0,0.0,0.0,0.0,1110.0,1110.0,1110.0,0.507,2026-01-28 09:13:02,5003
KPITTECH,2026-02-24,1380.0,2.75,9350.0,0.0,271.0,1700.0,0.0,1110.0,1110.0,1110.0,0.507,2026-01-28 09:13:02,6071
KPITTECH,2026-02-24,1440.0,3.35,4250.0,0.0,0.0,0.0,0.0,1110.0,1110.0,1110.0,0.507,2026-01-28 09:13:02,9295
LAURUSLABS,2026-02-24,820.0,195.0,1700.0,0.0,2.5,41650.0,0.0,1010.0,1010.0,1010.0,0.98,2026-01-28 09:13:02,49801
LAURUSLABS,2026-02-24,830.0,0.0,0.0,0.0,1.35,1700.0,0.0,1010.0,1010.0,1010.0,0.98,2026-01-28 09:13:02,46266
LAURUSLABS,2026-02-24,840.0,165.0,4250.0,0.0,0.0,0.0,0.0,1010.0,1010.0,1010.0,0.98,2026-01-28 09:13:02,42709
LAURUSLABS,2026-02-24,850.0,156.45,850.0,0.0,4.2,60350.0,0.0,1010.0,1010.0,1010.0,0.98,2026-01-28 09:13:02,39227
LAURUSLABS,2026-02-24,860.0,144.0,850.0,0.0,0.0,0.0,0.0,1010.0,1010.0,1010.0,0.98,2026-01-28 09:13:02,35724
LAURUSLABS,2026-02-24,870.0,153.55,850.0,0.0,5.0,1700.0,0.0,1010.0,1010.0,1010.0,0.98,2026-01-28 09:13:02,32246
LAURUSLABS,2026-02-24,880.0,165.0,5100.0,0.0,6.35,41650.0,0.0,1010.0,1010.0,1010.0,0.98,2026-01-28 09:13:02,28771
LAURUSLABS,2026-02-24,890.0,120.5,1700.0,0.0,0.0,0.0,0.0,1010.0,1010.0,1010.0,0.98,2026-01-28 09:13:02,25388
LAURUSLABS,2026-02-24,900.0,119.7,91800.0,0.0,8.2,538900.0,0.0,1010.0,1010.0,1010.0,0.98,2026-01-28 09:13:02,21969
LAURUSLABS,2026-02-24,910.0,118.35,850.0,0.0,9.55,15300.0,0.0,1010.0,1010.0,1010.0,0.98,2026-01-28 09:13:02,19818
LAURUSLABS,2026-02-24,920.0,111.45,2550.0,0.0,10.9,76500.0,0.0,1010.0,1010.0,1010.0,0.98,2026-01-28 09:13:02,17021
LAURUSLABS,2026-02-24,930.0,0.0,0.0,0.0,12.8,42500.0,0.0,1010.0,1010.0,1010.0,0.98,2026-01-28 09:13:02,14253
LAURUSLABS,2026-02-24,940.0,135.0,1700.0,0.0,14.55,53550.0,0.0,1010.0,1010.0,1010.0,0.98,2026-01-28 09:13:02,11528
LAURUSLABS,2026-02-24,950.0,75.6,51850.0,0.0,16.85,156400.0,0.0,1010.0,1010.0,1010.0,0.98,2026-01-28 09:13:02,8857
LAURUSLABS,2026-02-24,960.0,73.0,5100.0,0.0,19.45,122400.0,0.0,1010.0,1010.0,1010.0,0.98,2026-01-28 09:13:02,6579
LAURUSLABS,2026-02-24,970.0,61.4,9350.0,0.0,22.6,64600.0,0.0,1010.0,1010.0,1010.0,0.98,2026-01-28 09:13:02,4098
LAURUSLABS,2026-02-24,980.0,53.25,34000.0,0.0,25.85,128350.0,0.0,1010.0,1010.0,1010.0,0.98,2026-01-28 09:13:02,1804
LAURUSLABS,2026-02-24,990.0,47.65,33150.0,0.0,29.9,67150.0,0.0,1010.0,1010.0,1010.0,0.98,2026-01-28 09:13:02,-389
LAURUSLABS,2026-02-24,1000.0,42.15,946050.0,0.0,34.0,695300.0,0.0,1010.0,1010.0,1010.0,0.98,2026-01-28 09:13:02,-2375
LAURUSLABS,2026-02-24,1010.0,37.1,147050.0,0.0,39.3,113900.0,0.0,1010.0,1010.0,1010.0,0.98,2026-01-28 09:13:02,-1053
LAURUSLABS,2026-02-24,1020.0,33.1,293250.0,0.0,44.7,191250.0,0.0,1010.0,1010.0,1010.0,0.98,2026-01-28 09:13:02,-996
LAURUSLABS,2026-02-24,1030.0,28.45,274550.0,0.0,50.85,120700.0,0.0,1010.0,1010.0,1010.0,0.98,2026-01-28 09:13:02,-437
LAURUSLABS,2026-02-24,1040.0,24.8,295800.0,0.0,55.7,115600.0,0.0,1010.0,1010.0,1010.0,0.98,2026-01-28 09:13:02,569
LAURUSLABS,2026-02-24,1050.0,21.45,402900.0,0.0,63.55,459000.0,0.0,1010.0,1010.0,1010.0,0.98,2026-01-28 09:13:02,1909
LAURUSLABS,2026-02-24,1060.0,18.5,235450.0,0.0,70.0,74800.0,0.0,1010.0,1010.0,1010.0,0.98,2026-01-28 09:13:02,1968
LAURUSLABS,2026-02-24,1070.0,16.0,94350.0,0.0,77.5,32300.0,0.0,1010.0,1010.0,1010.0,0.98,2026-01-28 09:13:02,4303
LAURUSLABS,2026-02-24,1080.0,13.6,200600.0,0.0,92.0,30600.0,0.0,1010.0,1010.0,1010.0,0.98,2026-01-28 09:13:02,6752
LAURUSLABS,2026-02-24,1090.0,11.6,80750.0,0.0,90.0,2550.0,0.0,1010.0,1010.0,1010.0,0.98,2026-01-28 09:13:02,9524
LAURUSLABS,2026-02-24,1100.0,10.2,1122000.0,0.0,110.0,261800.0,0.0,1010.0,1010.0,1010.0,0.98,2026-01-28 09:13:02,12458
LAURUSLABS,2026-02-24,1110.0,8.75,77350.0,0.0,90.7,1700.0,0.0,1010.0,1010.0,1010.0,0.98,2026-01-28 09:13:02,14970
LAURUSLABS,2026-02-24,1120.0,7.65,129200.0,0.0,114.65,8500.0,0.0,1010.0,1010.0,1010.0,0.98,2026-01-28 09:13:02,19349
LAURUSLABS,2026-02-24,1130.0,5.9,47600.0,0.0,130.0,1700.0,0.0,1010.0,1010.0,1010.0,0.98,2026-01-28 09:13:02,23815
LAURUSLABS,2026-02-24,1140.0,5.65,155550.0,0.0,142.0,21250.0,0.0,1010.0,1010.0,1010.0,0.98,2026-01-28 09:13:02,28334
LAURUSLABS,2026-02-24,1150.0,5.0,283900.0,0.0,142.0,36550.0,0.0,1010.0,1010.0,1010.0,0.98,2026-01-28 09:13:02,32811
LAURUSLABS,2026-02-24,1160.0,4.3,58650.0,0.0,0.0,0.0,0.0,1010.0,1010.0,1010.0,0.98,2026-01-28 09:13:02,37444
LAURUSLABS,2026-02-24,1170.0,3.9,36550.0,0.0,0.0,0.0,0.0,1010.0,1010.0,1010.0,0.98,2026-01-28 09:13:02,42539
LAURUSLABS,2026-02-24,1180.0,3.4,70550.0,0.0,170.0,5950.0,0.0,1010.0,1010.0,1010.0,0.98,2026-01-28 09:13:02,47659
LAURUSLABS,2026-02-24,1190.0,2.7,850.0,0.0,0.0,0.0,0.0,1010.0,1010.0,1010.0,0.98,2026-01-28 09:13:02,52765
LAURUSLABS,2026-02-24,1200.0,2.65,631550.0,0.0,198.0,9350.0,0.0,1010.0,1010.0,1010.0,0.98,2026-01-28 09:13:02,57948
LAURUSLABS,2026-02-24,1210.0,0.0,0.0,0.0,0.0,0.0,0.0,1010.0,1010.0,1010.0,0.98,2026-01-28 09:13:02,63754
LAURUSLABS,2026-02-24,1220.0,0.0,0.0,0.0,131.0,3400.0,0.0,1010.0,1010.0,1010.0,0.98,2026-01-28 09:13:02,69579
LAURUSLABS,2026-02-24,1230.0,1.25,850.0,0.0,0.0,0.0,0.0,1010.0,1010.0,1010.0,0.98,2026-01-28 09:13:02,75362
LAURUSLABS,2026-02-24,1240.0,1.35,28900.0,0.0,149.0,850.0,0.0,1010.0,1010.0,1010.0,0.98,2026-01-28 09:13:02,81190
LAURUSLABS,2026-02-24,1260.0,3.0,1700.0,0.0,0.0,0.0,0.0,1010.0,1010.0,1010.0,0.98,2026-01-28 09:13:02,92898
LAURUSLABS,2026-02-24,1280.0,2.7,4250.0,0.0,170.0,1700.0,0.0,1010.0,1010.0,1010.0,0.98,2026-01-28 09:13:02,104618
LICHSGFIN,2026-02-24,430.0,0.0,0.0,0.0,0.0,0.0,0.0,511.15,511.15,511.15,0.216,2026-01-28 09:13:02,49193
LICHSGFIN,2026-02-24,440.0,0.0,0.0,0.0,1.5,91000.0,0.0,511.15,511.15,511.15,0.216,2026-01-28 09:13:02,43447
LICHSGFIN,2026-02-24,450.0,0.0,0.0,0.0,2.2,77000.0,0.0,511.15,511.15,511.15,0.216,2026-01-28 09:13:02,37778
LICHSGFIN,2026-02-24,455.0,0.0,0.0,0.0,2.2,1000.0,0.0,511.15,511.15,511.15,0.216,2026-01-28 09:13:02,34973
LICHSGFIN,2026-02-24,460.0,0.0,0.0,0.0,2.95,113000.0,0.0,511.15,511.15,511.15,0.216,2026-01-28 09:13:02,32184
LICHSGFIN,2026-02-24,465.0,0.0,0.0,0.0,0.0,0.0,0.0,511.15,511.15,511.15,0.216,2026-01-28 09:13:02,29418
LICHSGFIN,2026-02-24,470.0,0.0,0.0,0.0,4.3,265000.0,0.0,511.15,511.15,511.15,0.216,2026-01-28 09:13:02,26686
LICHSGFIN,2026-02-24,475.0,0.0,0.0,0.0,5.0,27000.0,0.0,511.15,511.15,511.15,0.216,2026-01-28 09:13:02,23973
LICHSGFIN,2026-02-24,480.0,35.0,10000.0,0.0,6.05,262000.0,0.0,511.15,511.15,511.15,0.216,2026-01-28 09:13:02,21374
LICHSGFIN,2026-02-24,485.0,0.0,0.0,0.0,7.5,9000.0,0.0,511.15,511.15,511.15,0.216,2026-01-28 09:13:02,18800
LICHSGFIN,2026-02-24,490.0,0.0,0.0,0.0,8.3,357000.0,0.0,511.15,511.15,511.15,0.216,2026-01-28 09:13:02,16348
LICHSGFIN,2026-02-24,495.0,0.0,0.0,0.0,9.45,10000.0,0.0,511.15,511.15,511.15,0.216,2026-01-28 09:13:02,13784
LICHSGFIN,2026-02-24,500.0,26.2,192000.0,0.0,11.3,962000.0,0.0,511.15,511.15,511.15,0.216,2026-01-28 09:13:02,11513
LICHSGFIN,2026-02-24,505.0,22.05,74000.0,0.0,13.5,157000.0,0.0,511.15,511.15,511.15,0.216,2026-01-28 09:13:02,9244
LICHSGFIN,2026-02-24,510.0,20.3,401000.0,0.0,15.4,344000.0,0.0,511.15,511.15,511.15,0.216,2026-01-28 09:13:02,7626
LICHSGFIN,2026-02-24,515.0,18.1,439000.0,0.0,17.85,235000.0,0.0,511.15,511.15,511.15,0.216,2026-01-28 09:13:02,6713
LICHSGFIN,2026-02-24,520.0,15.55,535000.0,0.0,21.65,493000.0,0.0,511.15,511.15,511.15,0.216,2026-01-28 09:13:02,6228
LICHSGFIN,2026-02-24,525.0,12.95,50000.0,0.0,23.0,9000.0,0.0,511.15,511.15,511.15,0.216,2026-01-28 09:13:02,5647
LICHSGFIN,2026-02-24,530.0,11.3,464000.0,0.0,25.0,334000.0,0.0,511.15,511.15,511.15,0.216,2026-01-28 09:13:02,5374
LICHSGFIN,2026-02-24,535.0,9.45,61000.0,0.0,35.6,74000.0,0.0,511.15,511.15,511.15,0.216,2026-01-28 09:13:02,5146
LICHSGFIN,2026-02-24,540.0,7.9,523000.0,0.0,32.5,256000.0,0.0,511.15,511.15,511.15,0.216,2026-01-28 09:13:02,5090
LICHSGFIN,2026-02-24,545.0,6.35,38000.0,0.0,43.5,8000.0,0.0,511.15,511.15,511.15,0.216,2026-01-28 09:13:02,5211
LICHSGFIN,2026-02-24,550.0,5.35,891000.0,0.0,39.55,610000.0,0.0,511.15,511.15,511.15,0.216,2026-01-28 09:13:02,5763
LICHSGFIN,2026-02-24,555.0,4.3,17000.0,0.0,51.3,7000.0,0.0,511.15,511.15,511.15,0.216,2026-01-28 09:13:02,5140
LICHSGFIN,2026-02-24,560.0,3.65,476000.0,0.0,47.85,231000.0,0.0,511.15,511.15,511.15,0.216,2026-01-28 09:13:02,6436
LICHSGFIN,2026-02-24,565.0,0.0,0.0,0.0,60.2,4000.0,0.0,511.15,511.15,511.15,0.216,2026-01-28 09:13:02,7183
LICHSGFIN,2026-02-24,570.0,2.25,396000.0,0.0,58.35,124000.0,0.0,511.15,511.15,511.15,0.216,2026-01-28 09:13:02,8840
LICHSGFIN,2026-02-24,575.0,0.0,0.0,0.0,0.0,0.0,0.0,511.15,511.15,511.15,0.216,2026-01-28 09:13:02,10146
LICHSGFIN,2026-02-24,580.0,1.45,142000.0,0.0,67.2,132000.0,0.0,511.15,511.15,511.15,0.216,2026-01-28 09:13:02,12086
LICHSGFIN,2026-02-24,585.0,2.2,1000.0,0.0,58.55,1000.0,0.0,511.15,511.15,511.15,0.216,2026-01-28 09:13:02,13297
LICHSGFIN,2026-02-24,590.0,1.0,47000.0,0.0,83.45,14000.0,0.0,511.15,511.15,511.15,0.216,2026-01-28 09:13:02,15370
LICHSGFIN,2026-02-24,595.0,4.0,1000.0,0.0,0.0,0.0,0.0,511.15,511.15,511.15,0.216,2026-01-28 09:13:02,17367
LICHSGFIN,2026-02-24,600.0,1.0,242000.0,0.0,86.4,247000.0,0.0,511.15,511.15,511.15,0.216,2026-01-28 09:13:02,19477
LICHSGFIN,2026-02-24,610.0,0.0,0.0,0.0,99.5,11000.0,0.0,511.15,511.15,511.15,0.216,2026-01-28 09:13:02,22075
LICHSGFIN,2026-02-24,620.0,0.3,4000.0,0.0,107.5,17000.0,0.0,511.15,511.15,511.15,0.216,2026-01-28 09:13:02,26685
LICHSGFIN,2026-02-24,630.0,0.0,0.0,0.0,121.5,7000.0,0.0,511.15,511.15,511.15,0.216,2026-01-28 09:13:02,31242
LICHSGFIN,2026-02-24,640.0,0.25,142000.0,0.0,125.85,257000.0,0.0,511.15,511.15,511.15,0.216,2026-01-28 09:13:02,35904
LICI,2026-02-24,680.0,0.0,0.0,0.0,0.0,0.0,0.0,808.9,808.9,808.9,0.136,2026-01-28 09:13:02,23629
LICI,2026-02-24,690.0,0.0,0.0,0.0,1.5,7000.0,0.0,808.9,808.9,808.9,0.136,2026-01-28 09:13:02,21632
LICI,2026-02-24,700.0,109.7,1400.0,0.0,1.95,106400.0,0.0,808.9,808.9,808.9,0.136,2026-01-28 09:13:02,19641
LICI,2026-02-24,710.0,0.0,0.0,0.0,0.0,0.0,0.0,808.9,808.9,808.9,0.136,2026-01-28 09:13:02,17753
LICI,2026-02-24,720.0,0.0,0.0,0.0,0.0,0.0,0.0,808.9,808.9,808.9,0.136,2026-01-28 09:13:02,15871
LICI,2026-02-24,730.0,83.8,700.0,0.0,3.2,700.0,0.0,808.9,808.9,808.9,0.136,2026-01-28 09:13:02,13989
LICI,2026-02-24,740.0,0.0,0.0,0.0,4.65,179900.0,0.0,808.9,808.9,808.9,0.136,2026-01-28 09:13:02,12113
LICI,2026-02-24,745.0,0.0,0.0,0.0,0.0,0.0,0.0,808.9,808.9,808.9,0.136,2026-01-28 09:13:02,11179
LICI,2026-02-24,750.0,0.0,0.0,0.0,5.9,34300.0,0.0,808.9,808.9,808.9,0.136,2026-01-28 09:13:02,10329
LICI,2026-02-24,755.0,0.0,0.0,0.0,0.0,0.0,0.0,808.9,808.9,808.9,0.136,2026-01-28 09:13:02,9475
LICI,2026-02-24,760.0,56.4,2100.0,0.0,7.7,35000.0,0.0,808.9,808.9,808.9,0.136,2026-01-28 09:13:02,8642
LICI,2026-02-24,765.0,0.0,0.0,0.0,0.0,0.0,0.0,808.9,808.9,808.9,0.136,2026-01-28 09:13:02,7812
LICI,2026-02-24,770.0,51.0,700.0,0.0,10.1,38500.0,0.0,808.9,808.9,808.9,0.136,2026-01-28 09:13:02,6997
LICI,2026-02-24,775.0,0.0,0.0,0.0,11.0,6300.0,0.0,808.9,808.9,808.9,0.136,2026-01-28 09:13:02,6167
LICI,2026-02-24,780.0,0.0,0.0,0.0,12.35,102900.0,0.0,808.9,808.9,808.9,0.136,2026-01-28 09:13:02,5368
LICI,2026-02-24,785.0,0.0,0.0,0.0,14.0,5600.0,0.0,808.9,808.9,808.9,0.136,2026-01-28 09:13:02,4500
LICI,2026-02-24,790.0,37.5,700.0,0.0,15.15,103600.0,0.0,808.9,808.9,808.9,0.136,2026-01-28 09:13:02,3754
LICI,2026-02-24,795.0,0.0,0.0,0.0,18.35,35700.0,0.0,808.9,808.9,808.9,0.136,2026-01-28 09:13:02,2914
LICI,2026-02-24,800.0,32.15,114800.0,0.0,19.35,282800.0,0.0,808.9,808.9,808.9,0.136,2026-01-28 09:13:02,2181
LICI,2026-02-24,805.0,28.9,7000.0,0.0,21.5,13300.0,0.0,808.9,808.9,808.9,0.136,2026-01-28 09:13:02,1534
LICI,2026-02-24,810.0,27.15,75600.0,0.0,22.9,89600.0,0.0,808.9,808.9,808.9,0.136,2026-01-28 09:13:02,1067
LICI,2026-02-24,815.0,25.5,28000.0,0.0,28.7,35700.0,0.0,808.9,808.9,808.9,0.136,2026-01-28 09:13:02,690
LICI,2026-02-24,820.0,21.55,223300.0,0.0,28.15,227500.0,0.0,808.9,808.9,808.9,0.136,2026-01-28 09:13:02,315
LICI,2026-02-24,825.0,18.0,7000.0,0.0,33.2,30100.0,0.0,808.9,808.9,808.9,0.136,2026-01-28 09:13:02,37
LICI,2026-02-24,830.0,17.45,140000.0,0.0,32.9,90300.0,0.0,808.9,808.9,808.9,0.136,2026-01-28 09:13:02,-150
LICI,2026-02-24,835.0,16.0,6300.0,0.0,39.4,700.0,0.0,808.9,808.9,808.9,0.136,2026-01-28 09:13:02,-188
LICI,2026-02-24,840.0,14.25,83300.0,0.0,40.45,71400.0,0.0,808.9,808.9,808.9,0.136,2026-01-28 09:13:02,-163
LICI,2026-02-24,845.0,11.65,11200.0,0.0,46.2,700.0,0.0,808.9,808.9,808.9,0.136,2026-01-28 09:13:02,-237
LICI,2026-02-24,850.0,11.2,235900.0,0.0,46.3,148400.0,0.0,808.9,808.9,808.9,0.136,2026-01-28 09:13:02,-126
LICI,2026-02-24,855.0,9.95,4900.0,0.0,0.0,0.0,0.0,808.9,808.9,808.9,0.136,2026-01-28 09:13:02,-255
LICI,2026-02-24,860.0,8.85,133700.0,0.0,54.0,76300.0,0.0,808.9,808.9,808.9,0.136,2026-01-28 09:13:02,45
LICI,2026-02-24,865.0,0.0,0.0,0.0,0.0,0.0,0.0,808.9,808.9,808.9,0.136,2026-01-28 09:13:02,152
LICI,2026-02-24,870.0,7.35,48300.0,0.0,61.8,44800.0,0.0,808.9,808.9,808.9,0.136,2026-01-28 09:13:02,553
LICI,2026-02-24,875.0,6.2,700.0,0.0,0.0,0.0,0.0,808.9,808.9,808.9,0.136,2026-01-28 09:13:02,760
LICI,2026-02-24,880.0,5.55,154700.0,0.0,73.0,63700.0,0.0,808.9,808.9,808.9,0.136,2026-01-28 09:13:02,1208
LICI,2026-02-24,885.0,0.0,0.0,0.0,0.0,0.0,0.0,808.9,808.9,808.9,0.136,2026-01-28 09:13:02,1386
LICI,2026-02-24,890.0,4.55,24500.0,0.0,77.5,5600.0,0.0,808.9,808.9,808.9,0.136,2026-01-28 09:13:02,1943
LICI,2026-02-24,895.0,0.0,0.0,0.0,0.0,0.0,0.0,808.9,808.9,808.9,0.136,2026-01-28 09:13:02,2483
LICI,2026-02-24,900.0,3.6,718900.0,0.0,90.5,123200.0,0.0,808.9,808.9,808.9,0.136,2026-01-28 09:13:02,3056
LICI,2026-02-24,905.0,2.7,9800.0,0.0,0.0,0.0,0.0,808.9,808.9,808.9,0.136,2026-01-28 09:13:02,3193
LICI,2026-02-24,910.0,2.35,1400.0,0.0,100.35,700.0,0.0,808.9,808.9,808.9,0.136,2026-01-28 09:13:02,4194
LICI,2026-02-24,915.0,0.0,0.0,0.0,0.0,0.0,0.0,808.9,808.9,808.9,0.136,2026-01-28 09:13:02,5186
LICI,2026-02-24,920.0,1.8,56700.0,0.0,106.9,22400.0,0.0,808.9,808.9,808.9,0.136,2026-01-28 09:13:02,6185
LICI,2026-02-24,930.0,0.0,0.0,0.0,0.0,0.0,0.0,808.9,808.9,808.9,0.136,2026-01-28 09:13:02,8034
LICI,2026-02-24,940.0,1.55,47600.0,0.0,0.0,0.0,0.0,808.9,808.9,808.9,0.136,2026-01-28 09:13:02,10111
LICI,2026-02-24,950.0,1.15,12600.0,0.0,137.5,4200.0,0.0,808.9,808.9,808.9,0.136,2026-01-28 09:13:02,12244
LICI,2026-02-24,960.0,2.0,2800.0,0.0,155.0,3500.0,0.0,808.9,808.9,808.9,0.136,2026-01-28 09:13:02,14330
LICI,2026-02-24,970.0,0.0,0.0,0.0,161.0,1400.0,0.0,808.9,808.9,808.9,0.136,2026-01-28 09:13:02,16424
LICI,2026-02-24,980.0,0.0,0.0,0.0,170.0,4900.0,0.0,808.9,808.9,808.9,0.136,2026-01-28 09:13:02,18551
LODHA,2026-02-24,740.0,0.0,0.0,0.0,0.0,0.0,0.0,912.0,912.0,912.0,0.529,2026-01-28 09:13:02,21956
LODHA,2026-02-24,760.0,0.0,0.0,0.0,6.5,4500.0,0.0,912.0,912.0,912.0,0.529,2026-01-28 09:13:02,19386
LODHA,2026-02-24,770.0,0.0,0.0,0.0,7.4,1350.0,0.0,912.0,912.0,912.0,0.529,2026-01-28 09:13:02,18102
LODHA,2026-02-24,780.0,0.0,0.0,0.0,7.9,34650.0,0.0,912.0,912.0,912.0,0.529,2026-01-28 09:13:02,16822
LODHA,2026-02-24,790.0,0.0,0.0,0.0,0.0,0.0,0.0,912.0,912.0,912.0,0.529,2026-01-28 09:13:02,15550
LODHA,2026-02-24,800.0,0.0,0.0,0.0,10.55,104400.0,0.0,912.0,912.0,912.0,0.529,2026-01-28 09:13:02,14305
LODHA,2026-02-24,810.0,0.0,0.0,0.0,0.0,0.0,0.0,912.0,912.0,912.0,0.529,2026-01-28 09:13:02,13055
LODHA,2026-02-24,820.0,0.0,0.0,0.0,14.7,11250.0,0.0,912.0,912.0,912.0,0.529,2026-01-28 09:13:02,11914
LODHA,2026-02-24,830.0,0.0,0.0,0.0,17.45,450.0,0.0,912.0,912.0,912.0,0.529,2026-01-28 09:13:02,10769
LODHA,2026-02-24,840.0,67.1,450.0,0.0,18.05,26550.0,0.0,912.0,912.0,912.0,0.529,2026-01-28 09:13:02,9639
LODHA,2026-02-24,850.0,77.0,3600.0,0.0,20.85,56250.0,0.0,912.0,912.0,912.0,0.529,2026-01-28 09:13:02,8493
LODHA,2026-02-24,860.0,69.35,5850.0,0.0,23.75,31950.0,0.0,912.0,912.0,912.0,0.529,2026-01-28 09:13:02,7361
LODHA,2026-02-24,870.0,72.05,17100.0,0.0,26.55,74250.0,0.0,912.0,912.0,912.0,0.529,2026-01-28 09:13:02,6322
LODHA,2026-02-24,880.0,64.35,22950.0,0.0,30.35,55800.0,0.0,912.0,912.0,912.0,0.529,2026-01-28 09:13:02,5336
LODHA,2026-02-24,890.0,57.9,40950.0,0.0,34.0,31950.0,0.0,912.0,912.0,912.0,0.529,2026-01-28 09:13:02,4480
LODHA,2026-02-24,900.0,52.15,117000.0,0.0,38.05,205200.0,0.0,912.0,912.0,912.0,0.529,2026-01-28 09:13:02,3848
LODHA,2026-02-24,910.0,47.2,24300.0,0.0,42.75,33750.0,0.0,912.0,912.0,912.0,0.529,2026-01-28 09:13:02,3238
LODHA,2026-02-24,920.0,41.8,25650.0,0.0,48.05,57150.0,0.0,912.0,912.0,912.0,0.529,2026-01-28 09:13:02,2828
LODHA,2026-02-24,930.0,37.85,29700.0,0.0,79.9,32850.0,0.0,912.0,912.0,912.0,0.529,2026-01-28 09:13:02,2363
LODHA,2026-02-24,940.0,32.8,45450.0,0.0,66.0,18900.0,0.0,912.0,912.0,912.0,0.529,2026-01-28 09:13:02,1977
LODHA,2026-02-24,950.0,29.7,97650.0,0.0,76.0,68850.0,0.0,912.0,912.0,912.0,0.529,2026-01-28 09:13:02,1831
LODHA,2026-02-24,960.0,25.9,83250.0,0.0,72.3,62100.0,0.0,912.0,912.0,912.0,0.529,2026-01-28 09:13:02,1593
LODHA,2026-02-24,970.0,23.05,27000.0,0.0,91.65,34200.0,0.0,912.0,912.0,912.0,0.529,2026-01-28 09:13:02,1500
LODHA,2026-02-24,980.0,15.95,2250.0,0.0,87.55,9450.0,0.0,912.0,912.0,912.0,0.529,2026-01-28 09:13:02,1451
LODHA,2026-02-24,990.0,18.1,26550.0,0.0,93.0,13050.0,0.0,912.0,912.0,912.0,0.529,2026-01-28 09:13:02,1586
LODHA,2026-02-24,1000.0,16.1,273150.0,0.0,99.15,112050.0,0.0,912.0,912.0,912.0,0.529,2026-01-28 09:13:02,1766
LODHA,2026-02-24,1010.0,9.7,13050.0,0.0,0.0,0.0,0.0,912.0,912.0,912.0,0.529,2026-01-28 09:13:02,1733
LODHA,2026-02-24,1020.0,11.95,24750.0,0.0,115.8,1350.0,0.0,912.0,912.0,912.0,0.529,2026-01-28 09:13:02,2398
LODHA,2026-02-24,1030.0,0.0,0.0,0.0,123.1,4500.0,0.0,912.0,912.0,912.0,0.529,2026-01-28 09:13:02,3089
LODHA,2026-02-24,1040.0,9.3,60750.0,0.0,173.0,14850.0,0.0,912.0,912.0,912.0,0.529,2026-01-28 09:13:02,3716
LODHA,2026-02-24,1050.0,9.05,32850.0,0.0,155.0,18900.0,0.0,912.0,912.0,912.0,0.529,2026-01-28 09:13:02,4273
LODHA,2026-02-24,1060.0,5.9,6750.0,0.0,155.35,12600.0,0.0,912.0,912.0,912.0,0.529,2026-01-28 09:13:02,4820
LODHA,2026-02-24,1070.0,0.0,0.0,0.0,163.1,450.0,0.0,912.0,912.0,912.0,0.529,2026-01-28 09:13:02,5457
LODHA,2026-02-24,1080.0,5.7,19350.0,0.0,172.25,21150.0,0.0,912.0,912.0,912.0,0.529,2026-01-28 09:13:02,6279
LODHA,2026-02-24,1090.0,0.0,0.0,0.0,0.0,0.0,0.0,912.0,912.0,912.0,0.529,2026-01-28 09:13:02,6795
LODHA,2026-02-24,1100.0,4.45,170550.0,0.0,189.35,68850.0,0.0,912.0,912.0,912.0,0.529,2026-01-28 09:13:02,7665
LODHA,2026-02-24,1110.0,0.0,0.0,0.0,0.0,0.0,0.0,912.0,912.0,912.0,0.529,2026-01-28 09:13:02,7547
LODHA,2026-02-24,1120.0,2.25,9900.0,0.0,209.9,3150.0,0.0,912.0,912.0,912.0,0.529,2026-01-28 09:13:02,8656
LODHA,2026-02-24,1130.0,1.9,4950.0,0.0,0.0,0.0,0.0,912.0,912.0,912.0,0.529,2026-01-28 09:13:02,9714
LODHA,2026-02-24,1140.0,0.0,0.0,0.0,239.0,7200.0,0.0,912.0,912.0,912.0,0.529,2026-01-28 09:13:02,10843
LODHA,2026-02-24,1150.0,2.75,900.0,0.0,0.0,0.0,0.0,912.0,912.0,912.0,0.529,2026-01-28 09:13:02,11805
LODHA,2026-02-24,1160.0,0.0,0.0,0.0,248.6,4050.0,0.0,912.0,912.0,912.0,0.529,2026-01-28 09:13:02,12941
LODHA,2026-02-24,1170.0,0.0,0.0,0.0,0.0,0.0,0.0,912.0,912.0,912.0,0.529,2026-01-28 09:13:02,13979
LODHA,2026-02-24,1180.0,3.95,2700.0,0.0,279.0,4500.0,0.0,912.0,912.0,912.0,0.529,2026-01-28 09:13:02,15119
LODHA,2026-02-24,1190.0,0.65,2250.0,0.0,0.0,0.0,0.0,912.0,912.0,912.0,0.529,2026-01-28 09:13:02,16141
LODHA,2026-02-24,1200.0,3.2,24750.0,0.0,280.0,36000.0,0.0,912.0,912.0,912.0,0.529,2026-01-28 09:13:02,17290
LODHA,2026-02-24,1210.0,0.0,0.0,0.0,0.0,0.0,0.0,912.0,912.0,912.0,0.529,2026-01-28 09:13:02,17499
LODHA,2026-02-24,1220.0,1.3,1800.0,0.0,307.55,900.0,0.0,912.0,912.0,912.0,0.529,2026-01-28 09:13:02,18709
LODHA,2026-02-24,1230.0,0.3,450.0,0.0,0.0,0.0,0.0,912.0,912.0,912.0,0.529,2026-01-28 09:13:02,19894
LODHA,2026-02-24,1240.0,0.25,1350.0,0.0,340.0,900.0,0.0,912.0,912.0,912.0,0.529,2026-01-28 09:13:02,21106
LODHA,2026-02-24,1260.0,0.0,0.0,0.0,0.0,0.0,0.0,912.0,912.0,912.0,0.529,2026-01-28 09:13:02,23506
LODHA,2026-02-24,1280.0,0.0,0.0,0.0,384.0,4950.0,0.0,912.0,912.0,912.0,0.529,2026-01-28 09:13:02,25936
LT,2026-02-24,3280.0,0.0,0.0,0.0,11.0,525.0,0.0,3804.3,3804.3,3804.3,0.436,2026-01-28 09:13:02,89244
LT,2026-02-24,3320.0,416.0,175.0,0.0,11.85,14000.0,0.0,3804.3,3804.3,3804.3,0.436,2026-01-28 09:13:02,81665
LT,2026-02-24,3360.0,0.0,0.0,0.0,4.1,875.0,0.0,3804.3,3804.3,3804.3,0.436,2026-01-28 09:13:02,74133
LT,2026-02-24,3400.0,409.55,175.0,0.0,16.1,28525.0,0.0,3804.3,3804.3,3804.3,0.436,2026-01-28 09:13:02,66614
LT,2026-02-24,3440.0,0.0,0.0,0.0,0.0,0.0,0.0,3804.3,3804.3,3804.3,0.436,2026-01-28 09:13:02,59171
LT,2026-02-24,3480.0,336.65,2450.0,0.0,25.15,8400.0,0.0,3804.3,3804.3,3804.3,0.436,2026-01-28 09:13:02,51767
LT,2026-02-24,3500.0,310.0,175.0,0.0,25.95,47425.0,0.0,3804.3,3804.3,3804.3,0.436,2026-01-28 09:13:02,48149
LT,2026-02-24,3520.0,300.0,12075.0,0.0,28.7,148050.0,0.0,3804.3,3804.3,3804.3,0.436,2026-01-28 09:13:02,44446
LT,2026-02-24,3540.0,0.0,0.0,0.0,35.45,4550.0,0.0,3804.3,3804.3,3804.3,0.436,2026-01-28 09:13:02,41118
LT,2026-02-24,3560.0,0.0,0.0,0.0,0.0,0.0,0.0,3804.3,3804.3,3804.3,0.436,2026-01-28 09:13:02,37847
LT,2026-02-24,3580.0,0.0,0.0,0.0,0.0,0.0,0.0,3804.3,3804.3,3804.3,0.436,2026-01-28 09:13:02,34591
LT,2026-02-24,3600.0,240.0,8225.0,0.0,42.25,234500.0,0.0,3804.3,3804.3,3804.3,0.436,2026-01-28 09:13:02,31335
LT,2026-02-24,3620.0,0.0,0.0,0.0,49.0,5425.0,0.0,3804.3,3804.3,3804.3,0.436,2026-01-28 09:13:02,27772
LT,2026-02-24,3640.0,0.0,0.0,0.0,49.35,9975.0,0.0,3804.3,3804.3,3804.3,0.436,2026-01-28 09:13:02,24986
LT,2026-02-24,3660.0,0.0,0.0,0.0,56.0,9100.0,0.0,3804.3,3804.3,3804.3,0.436,2026-01-28 09:13:02,22197
LT,2026-02-24,3680.0,179.45,175.0,0.0,65.4,3325.0,0.0,3804.3,3804.3,3804.3,0.436,2026-01-28 09:13:02,19425
LT,2026-02-24,3700.0,178.65,50750.0,0.0,67.8,61250.0,0.0,3804.3,3804.3,3804.3,0.436,2026-01-28 09:13:02,16692
LT,2026-02-24,3720.0,173.5,14000.0,0.0,73.2,8400.0,0.0,3804.3,3804.3,3804.3,0.436,2026-01-28 09:13:02,14693
LT,2026-02-24,3740.0,152.15,14525.0,0.0,80.5,13825.0,0.0,3804.3,3804.3,3804.3,0.436,2026-01-28 09:13:02,12429
LT,2026-02-24,3760.0,140.2,57925.0,0.0,87.9,75250.0,0.0,3804.3,3804.3,3804.3,0.436,2026-01-28 09:13:02,10150
LT,2026-02-24,3780.0,128.2,78575.0,0.0,95.15,71750.0,0.0,3804.3,3804.3,3804.3,0.436,2026-01-28 09:13:02,8178
LT,2026-02-24,3800.0,117.4,374850.0,0.0,104.85,350350.0,0.0,3804.3,3804.3,3804.3,0.436,2026-01-28 09:13:02,6681
LT,2026-02-24,3820.0,108.2,14350.0,0.0,115.3,6300.0,0.0,3804.3,3804.3,3804.3,0.436,2026-01-28 09:13:02,7037
LT,2026-02-24,3840.0,96.4,139300.0,0.0,125.15,28875.0,0.0,3804.3,3804.3,3804.3,0.436,2026-01-28 09:13:02,6790
LT,2026-02-24,3860.0,86.45,9975.0,0.0,134.4,6475.0,0.0,3804.3,3804.3,3804.3,0.436,2026-01-28 09:13:02,7777
LT,2026-02-24,3880.0,79.2,18025.0,0.0,149.0,7875.0,0.0,3804.3,3804.3,3804.3,0.436,2026-01-28 09:13:02,7816
LT,2026-02-24,3900.0,70.2,217175.0,0.0,157.2,111825.0,0.0,3804.3,3804.3,3804.3,0.436,2026-01-28 09:13:02,7932
LT,2026-02-24,3920.0,61.25,350.0,0.0,175.0,525.0,0.0,3804.3,3804.3,3804.3,0.436,2026-01-28 09:13:02,8448
LT,2026-02-24,3940.0,55.8,17850.0,0.0,189.0,1575.0,0.0,3804.3,3804.3,3804.3,0.436,2026-01-28 09:13:02,9192
LT,2026-02-24,3960.0,50.95,7000.0,0.0,199.0,350.0,0.0,3804.3,3804.3,3804.3,0.436,2026-01-28 09:13:02,10051
LT,2026-02-24,3980.0,44.1,2625.0,0.0,219.0,7525.0,0.0,3804.3,3804.3,3804.3,0.436,2026-01-28 09:13:02,10884
LT,2026-02-24,4000.0,39.85,465325.0,0.0,225.1,304500.0,0.0,3804.3,3804.3,3804.3,0.436,2026-01-28 09:13:02,11555
LT,2026-02-24,4020.0,34.0,3850.0,0.0,244.0,350.0,0.0,3804.3,3804.3,3804.3,0.436,2026-01-28 09:13:02,8920
LT,2026-02-24,4040.0,30.3,20825.0,0.0,0.0,0.0,0.0,3804.3,3804.3,3804.3,0.436,2026-01-28 09:13:02,11297
LT,2026-02-24,4060.0,26.8,2275.0,0.0,280.0,6300.0,0.0,3804.3,3804.3,3804.3,0.436,2026-01-28 09:13:02,13774
LT,2026-02-24,4080.0,26.0,700.0,0.0,297.65,350.0,0.0,3804.3,3804.3,3804.3,0.436,2026-01-28 09:13:02,16035
LT,2026-02-24,4100.0,21.3,178850.0,0.0,301.55,184275.0,0.0,3804.3,3804.3,3804.3,0.436,2026-01-28 09:13:02,18460
LT,2026-02-24,4120.0,0.0,0.0,0.0,0.0,0.0,0.0,3804.3,3804.3,3804.3,0.436,2026-01-28 09:13:02,16444
LT,2026-02-24,4140.0,0.0,0.0,0.0,0.0,0.0,0.0,3804.3,3804.3,3804.3,0.436,2026-01-28 09:13:02,19604
LT,2026-02-24,4160.0,0.0,0.0,0.0,0.0,0.0,0.0,3804.3,3804.3,3804.3,0.436,2026-01-28 09:13:02,22764
LT,2026-02-24,4180.0,10.8,8575.0,0.0,385.35,875.0,0.0,3804.3,3804.3,3804.3,0.436,2026-01-28 09:13:02,25924
LT,2026-02-24,4200.0,12.3,248150.0,0.0,397.3,94325.0,0.0,3804.3,3804.3,3804.3,0.436,2026-01-28 09:13:02,29078
LT,2026-02-24,4220.0,9.25,175.0,0.0,0.0,0.0,0.0,3804.3,3804.3,3804.3,0.436,2026-01-28 09:13:02,29499
LT,2026-02-24,4240.0,0.0,0.0,0.0,0.0,0.0,0.0,3804.3,3804.3,3804.3,0.436,2026-01-28 09:13:02,33363
LT,2026-02-24,4260.0,0.0,0.0,0.0,0.0,0.0,0.0,3804.3,3804.3,3804.3,0.436,2026-01-28 09:13:02,37227
LT,2026-02-24,4280.0,0.0,0.0,0.0,0.0,0.0,0.0,3804.3,3804.3,3804.3,0.436,2026-01-28 09:13:02,41091
LT,2026-02-24,4300.0,6.7,39725.0,0.0,455.6,18550.0,0.0,3804.3,3804.3,3804.3,0.436,2026-01-28 09:13:02,44955
LT,2026-02-24,4320.0,8.0,23100.0,0.0,0.0,0.0,0.0,3804.3,3804.3,3804.3,0.436,2026-01-28 09:13:02,48117
LT,2026-02-24,4340.0,0.0,0.0,0.0,0.0,0.0,0.0,3804.3,3804.3,3804.3,0.436,2026-01-28 09:13:02,52163
LT,2026-02-24,4360.0,0.0,0.0,0.0,570.0,175.0,0.0,3804.3,3804.3,3804.3,0.436,2026-01-28 09:13:02,56189
LT,2026-02-24,4380.0,0.0,0.0,0.0,0.0,0.0,0.0,3804.3,3804.3,3804.3,0.436,2026-01-28 09:13:02,60207
LT,2026-02-24,4400.0,3.55,10850.0,0.0,582.85,18375.0,0.0,3804.3,3804.3,3804.3,0.436,2026-01-28 09:13:02,64234
LT,2026-02-24,4440.0,0.0,0.0,0.0,650.0,175.0,0.0,3804.3,3804.3,3804.3,0.436,2026-01-28 09:13:02,71338
LT,2026-02-24,4480.0,1.1,350.0,0.0,0.0,0.0,0.0,3804.3,3804.3,3804.3,0.436,2026-01-28 09:13:02,79498
LT,2026-02-24,4520.0,0.0,0.0,0.0,712.25,175.0,0.0,3804.3,3804.3,3804.3,0.436,2026-01-28 09:13:02,87671
LT,2026-02-24,4560.0,0.0,0.0,0.0,0.0,0.0,0.0,3804.3,3804.3,3804.3,0.436,2026-01-28 09:13:02,95833
LT,2026-02-24,4600.0,0.0,0.0,0.0,0.0,0.0,0.0,3804.3,3804.3,3804.3,0.436,2026-01-28 09:13:02,104007
LT,2026-02-24,4640.0,0.25,5600.0,0.0,0.0,0.0,0.0,3804.3,3804.3,3804.3,0.436,2026-01-28 09:13:02,112181
LTF,2026-02-24,230.0,0.0,0.0,0.0,0.0,0.0,0.0,288.0,288.0,288.0,0.964,2026-01-28 09:13:02,54841
LTF,2026-02-24,235.0,0.0,0.0,0.0,0.9,45000.0,0.0,288.0,288.0,288.0,0.964,2026-01-28 09:13:02,48881
LTF,2026-02-24,240.0,64.35,20250.0,0.0,0.9,432000.0,0.0,288.0,288.0,288.0,0.964,2026-01-28 09:13:02,42939
LTF,2026-02-24,245.0,0.0,0.0,0.0,1.05,186750.0,0.0,288.0,288.0,288.0,0.964,2026-01-28 09:13:02,37319
LTF,2026-02-24,250.0,44.0,9000.0,0.0,1.5,321750.0,0.0,288.0,288.0,288.0,0.964,2026-01-28 09:13:02,31681
LTF,2026-02-24,255.0,0.0,0.0,0.0,1.85,33750.0,0.0,288.0,288.0,288.0,0.964,2026-01-28 09:13:02,26219
LTF,2026-02-24,260.0,30.8,87750.0,0.0,2.6,825750.0,0.0,288.0,288.0,288.0,0.964,2026-01-28 09:13:02,20777
LTF,2026-02-24,265.0,26.65,101250.0,0.0,3.35,423000.0,0.0,288.0,288.0,288.0,0.964,2026-01-28 09:13:02,15853
LTF,2026-02-24,270.0,22.5,177750.0,0.0,4.35,675000.0,0.0,288.0,288.0,288.0,0.964,2026-01-28 09:13:02,11264
LTF,2026-02-24,275.0,18.55,81000.0,0.0,5.7,247500.0,0.0,288.0,288.0,288.0,0.964,2026-01-28 09:13:02,7080
LTF,2026-02-24,280.0,15.6,1185750.0,0.0,7.7,1462500.0,0.0,288.0,288.0,288.0,0.964,2026-01-28 09:13:02,2963
LTF,2026-02-24,285.0,12.7,1341000.0,0.0,9.65,920250.0,0.0,288.0,288.0,288.0,0.964,2026-01-28 09:13:02,884
LTF,2026-02-24,290.0,10.1,1928250.0,0.0,11.75,1489500.0,0.0,288.0,288.0,288.0,0.964,2026-01-28 09:13:02,27
LTF,2026-02-24,295.0,7.95,1091250.0,0.0,14.35,461250.0,0.0,288.0,288.0,288.0,0.964,2026-01-28 09:13:02,262
LTF,2026-02-24,300.0,5.85,2812500.0,0.0,18.1,3552750.0,0.0,288.0,288.0,288.0,0.964,2026-01-28 09:13:02,1281
LTF,2026-02-24,305.0,4.45,724500.0,0.0,26.2,130500.0,0.0,288.0,288.0,288.0,0.964,2026-01-28 09:13:02,492
LTF,2026-02-24,310.0,3.25,1716750.0,0.0,24.6,297000.0,0.0,288.0,288.0,288.0,0.964,2026-01-28 09:13:02,4896
LTF,2026-02-24,315.0,2.55,834750.0,0.0,31.4,96750.0,0.0,288.0,288.0,288.0,0.964,2026-01-28 09:13:02,10153
LTF,2026-02-24,320.0,1.9,1323000.0,0.0,37.0,166500.0,0.0,288.0,288.0,288.0,0.964,2026-01-28 09:13:02,15958
LTF,2026-02-24,325.0,1.5,267750.0,0.0,32.9,74250.0,0.0,288.0,288.0,288.0,0.964,2026-01-28 09:13:02,22235
LTF,2026-02-24,330.0,1.15,675000.0,0.0,43.5,27000.0,0.0,288.0,288.0,288.0,0.964,2026-01-28 09:13:02,28842
LTF,2026-02-24,335.0,0.95,209250.0,0.0,20.6,13500.0,0.0,288.0,288.0,288.0,0.964,2026-01-28 09:13:02,35965
LTF,2026-02-24,340.0,0.85,483750.0,0.0,48.5,18000.0,0.0,288.0,288.0,288.0,0.964,2026-01-28 09:13:02,43232
LTF,2026-02-24,345.0,0.0,0.0,0.0,0.0,0.0,0.0,288.0,288.0,288.0,0.964,2026-01-28 09:13:02,50711
LTF,2026-02-24,350.0,0.5,542250.0,0.0,55.0,4500.0,0.0,288.0,288.0,288.0,0.964,2026-01-28 09:13:02,58236
LTF,2026-02-24,360.0,0.45,148500.0,0.0,66.05,2250.0,0.0,288.0,288.0,288.0,0.964,2026-01-28 09:13:02,73835
LTF,2026-02-24,370.0,0.4,81000.0,0.0,81.8,13500.0,0.0,288.0,288.0,288.0,0.964,2026-01-28 09:13:02,89575
LTIM,2026-02-24,4900.0,0.0,0.0,0.0,0.0,0.0,0.0,5960.0,5960.0,5960.0,0.328,2026-01-28 09:13:02,16469
LTIM,2026-02-24,5000.0,0.0,0.0,0.0,13.05,4200.0,0.0,5960.0,5960.0,5960.0,0.328,2026-01-28 09:13:02,14027
LTIM,2026-02-24,5100.0,830.0,300.0,0.0,11.6,3750.0,0.0,5960.0,5960.0,5960.0,0.328,2026-01-28 09:13:02,11622
LTIM,2026-02-24,5150.0,0.0,0.0,0.0,0.0,0.0,0.0,5960.0,5960.0,5960.0,0.328,2026-01-28 09:13:02,10463
LTIM,2026-02-24,5200.0,764.95,2100.0,0.0,15.5,11850.0,0.0,5960.0,5960.0,5960.0,0.328,2026-01-28 09:13:02,9283
LTIM,2026-02-24,5250.0,0.0,0.0,0.0,0.0,0.0,0.0,5960.0,5960.0,5960.0,0.328,2026-01-28 09:13:02,8315
LTIM,2026-02-24,5300.0,555.0,300.0,0.0,20.95,16800.0,0.0,5960.0,5960.0,5960.0,0.328,2026-01-28 09:13:02,7205
LTIM,2026-02-24,5350.0,0.0,0.0,0.0,29.05,150.0,0.0,5960.0,5960.0,5960.0,0.328,2026-01-28 09:13:02,6162
LTIM,2026-02-24,5400.0,0.0,0.0,0.0,27.6,14550.0,0.0,5960.0,5960.0,5960.0,0.328,2026-01-28 09:13:02,5138
LTIM,2026-02-24,5450.0,0.0,0.0,0.0,35.3,2850.0,0.0,5960.0,5960.0,5960.0,0.328,2026-01-28 09:13:02,4147
LTIM,2026-02-24,5500.0,510.15,600.0,0.0,36.0,33150.0,0.0,5960.0,5960.0,5960.0,0.328,2026-01-28 09:13:02,3200
LTIM,2026-02-24,5550.0,0.0,0.0,0.0,43.0,4050.0,0.0,5960.0,5960.0,5960.0,0.328,2026-01-28 09:13:02,2343
LTIM,2026-02-24,5600.0,379.95,1200.0,0.0,52.4,11550.0,0.0,5960.0,5960.0,5960.0,0.328,2026-01-28 09:13:02,1578
LTIM,2026-02-24,5650.0,0.0,0.0,0.0,53.3,900.0,0.0,5960.0,5960.0,5960.0,0.328,2026-01-28 09:13:02,879
LTIM,2026-02-24,5700.0,330.0,2250.0,0.0,70.1,17250.0,0.0,5960.0,5960.0,5960.0,0.328,2026-01-28 09:13:02,195
LTIM,2026-02-24,5750.0,290.25,600.0,0.0,83.85,6000.0,0.0,5960.0,5960.0,5960.0,0.328,2026-01-28 09:13:02,-433
LTIM,2026-02-24,5800.0,257.3,9450.0,0.0,98.7,20850.0,0.0,5960.0,5960.0,5960.0,0.328,2026-01-28 09:13:02,-1015
LTIM,2026-02-24,5850.0,243.9,4950.0,0.0,112.5,8250.0,0.0,5960.0,5960.0,5960.0,0.328,2026-01-28 09:13:02,-1375
LTIM,2026-02-24,5900.0,221.95,20250.0,0.0,132.25,22650.0,0.0,5960.0,5960.0,5960.0,0.328,2026-01-28 09:13:02,-1678
LTIM,2026-02-24,5950.0,196.75,5400.0,0.0,157.35,6750.0,0.0,5960.0,5960.0,5960.0,0.328,2026-01-28 09:13:02,-1645
LTIM,2026-02-24,6000.0,166.9,47100.0,0.0,178.8,21450.0,0.0,5960.0,5960.0,5960.0,0.328,2026-01-28 09:13:02,-1702
LTIM,2026-02-24,6050.0,145.55,5850.0,0.0,208.8,3000.0,0.0,5960.0,5960.0,5960.0,0.328,2026-01-28 09:13:02,-1013
LTIM,2026-02-24,6100.0,121.25,30750.0,0.0,239.0,13050.0,0.0,5960.0,5960.0,5960.0,0.328,2026-01-28 09:13:02,-659
LTIM,2026-02-24,6150.0,102.95,5100.0,0.0,310.0,150.0,0.0,5960.0,5960.0,5960.0,0.328,2026-01-28 09:13:02,-49
LTIM,2026-02-24,6200.0,87.65,33150.0,0.0,299.0,4200.0,0.0,5960.0,5960.0,5960.0,0.328,2026-01-28 09:13:02,574
LTIM,2026-02-24,6250.0,64.0,2100.0,0.0,435.7,6300.0,0.0,5960.0,5960.0,5960.0,0.328,2026-01-28 09:13:02,1502
LTIM,2026-02-24,6300.0,58.1,33300.0,0.0,432.0,6600.0,0.0,5960.0,5960.0,5960.0,0.328,2026-01-28 09:13:02,2046
LTIM,2026-02-24,6350.0,38.0,5250.0,0.0,437.85,450.0,0.0,5960.0,5960.0,5960.0,0.328,2026-01-28 09:13:02,2958
LTIM,2026-02-24,6400.0,40.35,19950.0,0.0,555.0,1350.0,0.0,5960.0,5960.0,5960.0,0.328,2026-01-28 09:13:02,3991
LTIM,2026-02-24,6450.0,34.4,3150.0,0.0,0.0,0.0,0.0,5960.0,5960.0,5960.0,0.328,2026-01-28 09:13:02,5136
LTIM,2026-02-24,6500.0,28.7,72000.0,0.0,506.3,300.0,0.0,5960.0,5960.0,5960.0,0.328,2026-01-28 09:13:02,6302
LTIM,2026-02-24,6550.0,24.75,1800.0,0.0,0.0,0.0,0.0,5960.0,5960.0,5960.0,0.328,2026-01-28 09:13:02,8010
LTIM,2026-02-24,6600.0,20.7,8100.0,0.0,640.75,150.0,0.0,5960.0,5960.0,5960.0,0.328,2026-01-28 09:13:02,9540
LTIM,2026-02-24,6650.0,130.0,1200.0,0.0,0.0,0.0,0.0,5960.0,5960.0,5960.0,0.328,2026-01-28 09:13:02,11114
LTIM,2026-02-24,6700.0,16.0,5700.0,0.0,436.0,1050.0,0.0,5960.0,5960.0,5960.0,0.328,2026-01-28 09:13:02,12702
LTIM,2026-02-24,6750.0,0.0,0.0,0.0,443.0,600.0,0.0,5960.0,5960.0,5960.0,0.328,2026-01-28 09:13:02,14272
LTIM,2026-02-24,6800.0,9.3,4800.0,0.0,0.0,0.0,0.0,5960.0,5960.0,5960.0,0.328,2026-01-28 09:13:02,15855
LTIM,2026-02-24,6850.0,19.45,300.0,0.0,0.0,0.0,0.0,5960.0,5960.0,5960.0,0.328,2026-01-28 09:13:02,17493
LTIM,2026-02-24,6900.0,14.2,1050.0,0.0,0.0,0.0,0.0,5960.0,5960.0,5960.0,0.328,2026-01-28 09:13:02,19128
LTIM,2026-02-24,6950.0,6.0,600.0,0.0,0.0,0.0,0.0,5960.0,5960.0,5960.0,0.328,2026-01-28 09:13:02,20770
LTIM,2026-02-24,7000.0,5.15,20550.0,0.0,0.0,0.0,0.0,5960.0,5960.0,5960.0,0.328,2026-01-28 09:13:02,22414
LTIM,2026-02-24,7050.0,30.15,150.0,0.0,0.0,0.0,0.0,5960.0,5960.0,5960.0,0.328,2026-01-28 09:13:02,24170
LTIM,2026-02-24,7100.0,14.3,600.0,0.0,0.0,0.0,0.0,5960.0,5960.0,5960.0,0.328,2026-01-28 09:13:02,25917
LTIM,2026-02-24,7150.0,0.0,0.0,0.0,0.0,0.0,0.0,5960.0,5960.0,5960.0,0.328,2026-01-28 09:13:02,27668
LTIM,2026-02-24,7200.0,8.0,2700.0,0.0,0.0,0.0,0.0,5960.0,5960.0,5960.0,0.328,2026-01-28 09:13:02,29418
LTIM,2026-02-24,7300.0,6.05,600.0,0.0,0.0,0.0,0.0,5960.0,5960.0,5960.0,0.328,2026-01-28 09:13:02,32946
LUPIN,2026-02-24,1760.0,0.0,0.0,0.0,0.0,0.0,0.0,2154.9,2154.9,2154.9,0.205,2026-01-28 09:13:02,13345
LUPIN,2026-02-24,1800.0,0.0,0.0,0.0,0.0,0.0,0.0,2154.9,2154.9,2154.9,0.205,2026-01-28 09:13:02,11497
LUPIN,2026-02-24,1840.0,0.0,0.0,0.0,0.0,0.0,0.0,2154.9,2154.9,2154.9,0.205,2026-01-28 09:13:02,9649
LUPIN,2026-02-24,1860.0,0.0,0.0,0.0,0.0,0.0,0.0,2154.9,2154.9,2154.9,0.205,2026-01-28 09:13:02,8725
LUPIN,2026-02-24,1880.0,0.0,0.0,0.0,6.8,2975.0,0.0,2154.9,2154.9,2154.9,0.205,2026-01-28 09:13:02,7801
LUPIN,2026-02-24,1900.0,309.0,850.0,0.0,7.75,10625.0,0.0,2154.9,2154.9,2154.9,0.205,2026-01-28 09:13:02,6881
LUPIN,2026-02-24,1920.0,0.0,0.0,0.0,9.9,9350.0,0.0,2154.9,2154.9,2154.9,0.205,2026-01-28 09:13:02,6004
LUPIN,2026-02-24,1940.0,0.0,0.0,0.0,0.0,0.0,0.0,2154.9,2154.9,2154.9,0.205,2026-01-28 09:13:02,5118
LUPIN,2026-02-24,1960.0,0.0,0.0,0.0,15.9,6375.0,0.0,2154.9,2154.9,2154.9,0.205,2026-01-28 09:13:02,4242
LUPIN,2026-02-24,1980.0,185.0,425.0,0.0,0.0,0.0,0.0,2154.9,2154.9,2154.9,0.205,2026-01-28 09:13:02,3368
LUPIN,2026-02-24,2000.0,189.5,3825.0,0.0,19.65,73525.0,0.0,2154.9,2154.9,2154.9,0.205,2026-01-28 09:13:02,2513
LUPIN,2026-02-24,2020.0,0.0,0.0,0.0,27.7,2550.0,0.0,2154.9,2154.9,2154.9,0.205,2026-01-28 09:13:02,1733
LUPIN,2026-02-24,2040.0,147.5,2975.0,0.0,31.85,7650.0,0.0,2154.9,2154.9,2154.9,0.205,2026-01-28 09:13:02,1023
LUPIN,2026-02-24,2060.0,0.0,0.0,0.0,33.3,15300.0,0.0,2154.9,2154.9,2154.9,0.205,2026-01-28 09:13:02,361
LUPIN,2026-02-24,2080.0,95.0,425.0,0.0,44.25,2550.0,0.0,2154.9,2154.9,2154.9,0.205,2026-01-28 09:13:02,-340
LUPIN,2026-02-24,2100.0,97.55,17000.0,0.0,44.75,115600.0,0.0,2154.9,2154.9,2154.9,0.205,2026-01-28 09:13:02,-992
LUPIN,2026-02-24,2120.0,0.0,0.0,0.0,51.35,15725.0,0.0,2154.9,2154.9,2154.9,0.205,2026-01-28 09:13:02,-1724
LUPIN,2026-02-24,2140.0,78.65,24225.0,0.0,61.5,20400.0,0.0,2154.9,2154.9,2154.9,0.205,2026-01-28 09:13:02,-2153
LUPIN,2026-02-24,2160.0,68.4,40800.0,0.0,69.15,37825.0,0.0,2154.9,2154.9,2154.9,0.205,2026-01-28 09:13:02,-2347
LUPIN,2026-02-24,2180.0,60.0,42075.0,0.0,91.3,24225.0,0.0,2154.9,2154.9,2154.9,0.205,2026-01-28 09:13:02,-2432
LUPIN,2026-02-24,2200.0,53.4,254575.0,0.0,103.0,91375.0,0.0,2154.9,2154.9,2154.9,0.205,2026-01-28 09:13:02,-2370
LUPIN,2026-02-24,2220.0,41.0,8500.0,0.0,0.0,0.0,0.0,2154.9,2154.9,2154.9,0.205,2026-01-28 09:13:02,-1229
LUPIN,2026-02-24,2240.0,39.35,14875.0,0.0,133.3,425.0,0.0,2154.9,2154.9,2154.9,0.205,2026-01-28 09:13:02,-455
LUPIN,2026-02-24,2260.0,27.6,5100.0,0.0,0.0,0.0,0.0,2154.9,2154.9,2154.9,0.205,2026-01-28 09:13:02,367
LUPIN,2026-02-24,2280.0,28.25,5100.0,0.0,0.0,0.0,0.0,2154.9,2154.9,2154.9,0.205,2026-01-28 09:13:02,1162
LUPIN,2026-02-24,2300.0,23.3,119425.0,0.0,168.0,14025.0,0.0,2154.9,2154.9,2154.9,0.205,2026-01-28 09:13:02,1966
LUPIN,2026-02-24,2320.0,19.8,12325.0,0.0,185.0,10200.0,0.0,2154.9,2154.9,2154.9,0.205,2026-01-28 09:13:02,3067
LUPIN,2026-02-24,2340.0,0.0,0.0,0.0,0.0,0.0,0.0,2154.9,2154.9,2154.9,0.205,2026-01-28 09:13:02,4005
LUPIN,2026-02-24,2360.0,14.3,7650.0,0.0,0.0,0.0,0.0,2154.9,2154.9,2154.9,0.205,2026-01-28 09:13:02,5107
LUPIN,2026-02-24,2380.0,0.0,0.0,0.0,0.0,0.0,0.0,2154.9,2154.9,2154.9,0.205,2026-01-28 09:13:02,6236
LUPIN,2026-02-24,2400.0,9.65,97750.0,0.0,216.75,1275.0,0.0,2154.9,2154.9,2154.9,0.205,2026-01-28 09:13:02,7354
LUPIN,2026-02-24,2420.0,0.0,0.0,0.0,0.0,0.0,0.0,2154.9,2154.9,2154.9,0.205,2026-01-28 09:13:02,8736
LUPIN,2026-02-24,2440.0,7.5,25925.0,0.0,0.0,0.0,0.0,2154.9,2154.9,2154.9,0.205,2026-01-28 09:13:02,10052
LUPIN,2026-02-24,2480.0,5.65,6800.0,0.0,0.0,0.0,0.0,2154.9,2154.9,2154.9,0.205,2026-01-28 09:13:02,12807
LUPIN,2026-02-24,2520.0,5.0,850.0,0.0,0.0,0.0,0.0,2154.9,2154.9,2154.9,0.205,2026-01-28 09:13:02,15573
M&M,2026-02-24,2850.0,0.0,0.0,0.0,0.0,0.0,0.0,3379.0,3379.0,3379.0,-0.427,2026-01-28 09:13:02,95292
M&M,2026-02-24,2900.0,0.0,0.0,0.0,13.65,1000.0,0.0,3379.0,3379.0,3379.0,-0.427,2026-01-28 09:13:02,85759
M&M,2026-02-24,2950.0,0.0,0.0,0.0,0.0,0.0,0.0,3379.0,3379.0,3379.0,-0.427,2026-01-28 09:13:02,76230
M&M,2026-02-24,3000.0,428.45,400.0,0.0,21.7,183400.0,0.0,3379.0,3379.0,3379.0,-0.427,2026-01-28 09:13:02,66702
M&M,2026-02-24,3050.0,0.0,0.0,0.0,0.0,0.0,0.0,3379.0,3379.0,3379.0,-0.427,2026-01-28 09:13:02,57712
M&M,2026-02-24,3100.0,324.55,34600.0,0.0,32.6,82400.0,0.0,3379.0,3379.0,3379.0,-0.427,2026-01-28 09:13:02,49103
M&M,2026-02-24,3150.0,0.0,0.0,0.0,0.0,0.0,0.0,3379.0,3379.0,3379.0,-0.427,2026-01-28 09:13:02,41933
M&M,2026-02-24,3200.0,263.05,7400.0,0.0,50.25,121000.0,0.0,3379.0,3379.0,3379.0,-0.427,2026-01-28 09:13:02,33909
M&M,2026-02-24,3250.0,226.4,2800.0,0.0,62.35,47600.0,0.0,3379.0,3379.0,3379.0,-0.427,2026-01-28 09:13:02,26114
M&M,2026-02-24,3300.0,194.7,18600.0,0.0,77.5,225600.0,0.0,3379.0,3379.0,3379.0,-0.427,2026-01-28 09:13:02,18750
M&M,2026-02-24,3350.0,162.9,22600.0,0.0,93.75,166600.0,0.0,3379.0,3379.0,3379.0,-0.427,2026-01-28 09:13:02,11455
M&M,2026-02-24,3400.0,132.7,163200.0,0.0,113.9,282800.0,0.0,3379.0,3379.0,3379.0,-0.427,2026-01-28 09:13:02,5298
M&M,2026-02-24,3450.0,106.75,92000.0,0.0,136.2,99800.0,0.0,3379.0,3379.0,3379.0,-0.427,2026-01-28 09:13:02,1510
M&M,2026-02-24,3500.0,84.15,171400.0,0.0,163.9,170000.0,0.0,3379.0,3379.0,3379.0,-0.427,2026-01-28 09:13:02,-640
M&M,2026-02-24,3550.0,65.3,81600.0,0.0,191.8,68400.0,0.0,3379.0,3379.0,3379.0,-0.427,2026-01-28 09:13:02,-2051
M&M,2026-02-24,3600.0,50.0,263000.0,0.0,229.75,157800.0,0.0,3379.0,3379.0,3379.0,-0.427,2026-01-28 09:13:02,-2147
M&M,2026-02-24,3650.0,37.85,119000.0,0.0,264.4,18200.0,0.0,3379.0,3379.0,3379.0,-0.427,2026-01-28 09:13:02,-1671
M&M,2026-02-24,3700.0,28.45,220600.0,0.0,305.45,201000.0,0.0,3379.0,3379.0,3379.0,-0.427,2026-01-28 09:13:02,1770
M&M,2026-02-24,3750.0,21.3,42400.0,0.0,360.05,2000.0,0.0,3379.0,3379.0,3379.0,-0.427,2026-01-28 09:13:02,1840
M&M,2026-02-24,3800.0,16.15,143600.0,0.0,394.8,48600.0,0.0,3379.0,3379.0,3379.0,-0.427,2026-01-28 09:13:02,7661
M&M,2026-02-24,3850.0,12.2,22800.0,0.0,427.25,2200.0,0.0,3379.0,3379.0,3379.0,-0.427,2026-01-28 09:13:02,12738
M&M,2026-02-24,3900.0,9.55,89000.0,0.0,460.0,10400.0,0.0,3379.0,3379.0,3379.0,-0.427,2026-01-28 09:13:02,19561
M&M,2026-02-24,3950.0,7.65,14800.0,0.0,544.25,1600.0,0.0,3379.0,3379.0,3379.0,-0.427,2026-01-28 09:13:02,26553
M&M,2026-02-24,4000.0,6.2,126000.0,0.0,599.8,11200.0,0.0,3379.0,3379.0,3379.0,-0.427,2026-01-28 09:13:02,33946
M&M,2026-02-24,4050.0,2.85,400.0,0.0,0.0,0.0,0.0,3379.0,3379.0,3379.0,-0.427,2026-01-28 09:13:02,41506
M&M,2026-02-24,4100.0,3.55,31200.0,0.0,700.0,400.0,0.0,3379.0,3379.0,3379.0,-0.427,2026-01-28 09:13:02,49662
M&M,2026-02-24,4150.0,1.35,3400.0,0.0,0.0,0.0,0.0,3379.0,3379.0,3379.0,-0.427,2026-01-28 09:13:02,57959
M&M,2026-02-24,4200.0,3.7,18200.0,0.0,0.0,0.0,0.0,3379.0,3379.0,3379.0,-0.427,2026-01-28 09:13:02,66291
M&M,2026-02-24,4300.0,4.05,800.0,0.0,891.0,4600.0,0.0,3379.0,3379.0,3379.0,-0.427,2026-01-28 09:13:02,83141
M&M,2026-02-24,4400.0,2.0,14800.0,0.0,0.0,0.0,0.0,3379.0,3379.0,3379.0,-0.427,2026-01-28 09:13:02,99630
MANAPPURAM,2026-02-24,230.0,0.0,0.0,0.0,0.65,21000.0,0.0,297.8,297.8,297.8,0.915,2026-01-28 09:13:02,29483
MANAPPURAM,2026-02-24,240.0,59.6,6000.0,0.0,1.0,3000.0,0.0,297.8,297.8,297.8,0.915,2026-01-28 09:13:02,22614
MANAPPURAM,2026-02-24,245.0,0.0,0.0,0.0,0.0,0.0,0.0,297.8,297.8,297.8,0.915,2026-01-28 09:13:02,19221
MANAPPURAM,2026-02-24,247.5,0.0,0.0,0.0,0.0,0.0,0.0,297.8,297.8,297.8,0.915,2026-01-28 09:13:02,17506
MANAPPURAM,2026-02-24,250.0,43.9,3000.0,0.0,1.8,564000.0,0.0,297.8,297.8,297.8,0.915,2026-01-28 09:13:02,15792
MANAPPURAM,2026-02-24,252.5,0.0,0.0,0.0,0.0,0.0,0.0,297.8,297.8,297.8,0.915,2026-01-28 09:13:02,14131
MANAPPURAM,2026-02-24,255.0,0.0,0.0,0.0,0.0,0.0,0.0,297.8,297.8,297.8,0.915,2026-01-28 09:13:02,12558
MANAPPURAM,2026-02-24,257.5,0.0,0.0,0.0,0.0,0.0,0.0,297.8,297.8,297.8,0.915,2026-01-28 09:13:02,10985
MANAPPURAM,2026-02-24,260.0,36.2,6000.0,0.0,2.95,750000.0,0.0,297.8,297.8,297.8,0.915,2026-01-28 09:13:02,9412
MANAPPURAM,2026-02-24,262.5,0.0,0.0,0.0,3.4,12000.0,0.0,297.8,297.8,297.8,0.915,2026-01-28 09:13:02,7829
MANAPPURAM,2026-02-24,265.0,0.0,0.0,0.0,3.65,159000.0,0.0,297.8,297.8,297.8,0.915,2026-01-28 09:13:02,6444
MANAPPURAM,2026-02-24,267.5,0.0,0.0,0.0,4.15,15000.0,0.0,297.8,297.8,297.8,0.915,2026-01-28 09:13:02,5045
MANAPPURAM,2026-02-24,270.0,36.95,66000.0,0.0,4.55,933000.0,0.0,297.8,297.8,297.8,0.915,2026-01-28 09:13:02,3702
MANAPPURAM,2026-02-24,272.5,0.0,0.0,0.0,5.05,30000.0,0.0,297.8,297.8,297.8,0.915,2026-01-28 09:13:02,2434
MANAPPURAM,2026-02-24,275.0,0.0,0.0,0.0,5.6,249000.0,0.0,297.8,297.8,297.8,0.915,2026-01-28 09:13:02,1338
MANAPPURAM,2026-02-24,277.5,24.8,3000.0,0.0,6.25,135000.0,0.0,297.8,297.8,297.8,0.915,2026-01-28 09:13:02,181
MANAPPURAM,2026-02-24,280.0,25.0,54000.0,0.0,6.9,597000.0,0.0,297.8,297.8,297.8,0.915,2026-01-28 09:13:02,-878
MANAPPURAM,2026-02-24,282.5,0.0,0.0,0.0,7.75,129000.0,0.0,297.8,297.8,297.8,0.915,2026-01-28 09:13:02,-1975
MANAPPURAM,2026-02-24,285.0,21.0,3000.0,0.0,8.45,201000.0,0.0,297.8,297.8,297.8,0.915,2026-01-28 09:13:02,-2864
MANAPPURAM,2026-02-24,287.5,18.45,3000.0,0.0,9.2,87000.0,0.0,297.8,297.8,297.8,0.915,2026-01-28 09:13:02,-3764
MANAPPURAM,2026-02-24,290.0,17.7,207000.0,0.0,10.1,810000.0,0.0,297.8,297.8,297.8,0.915,2026-01-28 09:13:02,-4554
MANAPPURAM,2026-02-24,292.5,16.1,30000.0,0.0,11.3,120000.0,0.0,297.8,297.8,297.8,0.915,2026-01-28 09:13:02,-5466
MANAPPURAM,2026-02-24,295.0,14.6,252000.0,0.0,12.45,339000.0,0.0,297.8,297.8,297.8,0.915,2026-01-28 09:13:02,-5976
MANAPPURAM,2026-02-24,297.5,13.5,195000.0,0.0,13.7,153000.0,0.0,297.8,297.8,297.8,0.915,2026-01-28 09:13:02,-6305
MANAPPURAM,2026-02-24,300.0,12.2,1839000.0,0.0,15.1,954000.0,0.0,297.8,297.8,297.8,0.915,2026-01-28 09:13:02,-6440
MANAPPURAM,2026-02-24,302.5,11.3,78000.0,0.0,17.1,36000.0,0.0,297.8,297.8,297.8,0.915,2026-01-28 09:13:02,-5127
MANAPPURAM,2026-02-24,305.0,10.15,177000.0,0.0,17.6,60000.0,0.0,297.8,297.8,297.8,0.915,2026-01-28 09:13:02,-4562
MANAPPURAM,2026-02-24,307.5,7.85,36000.0,0.0,20.2,30000.0,0.0,297.8,297.8,297.8,0.915,2026-01-28 09:13:02,-3890
MANAPPURAM,2026-02-24,310.0,8.3,840000.0,0.0,20.75,279000.0,0.0,297.8,297.8,297.8,0.915,2026-01-28 09:13:02,-3308
MANAPPURAM,2026-02-24,312.5,6.8,45000.0,0.0,0.0,0.0,0.0,297.8,297.8,297.8,0.915,2026-01-28 09:13:02,-2296
MANAPPURAM,2026-02-24,315.0,6.8,276000.0,0.0,23.8,93000.0,0.0,297.8,297.8,297.8,0.915,2026-01-28 09:13:02,-1360
MANAPPURAM,2026-02-24,317.5,6.05,117000.0,0.0,0.0,0.0,0.0,297.8,297.8,297.8,0.915,2026-01-28 09:13:02,-396
MANAPPURAM,2026-02-24,320.0,5.5,681000.0,0.0,30.5,30000.0,0.0,297.8,297.8,297.8,0.915,2026-01-28 09:13:02,700
MANAPPURAM,2026-02-24,322.5,4.75,291000.0,0.0,0.0,0.0,0.0,297.8,297.8,297.8,0.915,2026-01-28 09:13:02,2188
MANAPPURAM,2026-02-24,325.0,4.45,189000.0,0.0,0.0,0.0,0.0,297.8,297.8,297.8,0.915,2026-01-28 09:13:02,3603
MANAPPURAM,2026-02-24,327.5,3.9,120000.0,0.0,0.0,0.0,0.0,297.8,297.8,297.8,0.915,2026-01-28 09:13:02,5012
MANAPPURAM,2026-02-24,330.0,3.5,567000.0,0.0,36.55,27000.0,0.0,297.8,297.8,297.8,0.915,2026-01-28 09:13:02,6413
MANAPPURAM,2026-02-24,332.5,3.1,81000.0,0.0,0.0,0.0,0.0,297.8,297.8,297.8,0.915,2026-01-28 09:13:02,8016
MANAPPURAM,2026-02-24,335.0,2.75,207000.0,0.0,0.0,0.0,0.0,297.8,297.8,297.8,0.915,2026-01-28 09:13:02,9564
MANAPPURAM,2026-02-24,337.5,2.5,66000.0,0.0,43.35,0.0,0.0,297.8,297.8,297.8,0.915,2026-01-28 09:13:02,11196
MANAPPURAM,2026-02-24,340.0,2.3,297000.0,0.0,40.5,72000.0,0.0,297.8,297.8,297.8,0.915,2026-01-28 09:13:02,12804
MANAPPURAM,2026-02-24,342.5,0.0,0.0,0.0,0.0,0.0,0.0,297.8,297.8,297.8,0.915,2026-01-28 09:13:02,14265
MANAPPURAM,2026-02-24,345.0,2.05,9000.0,0.0,48.6,0.0,0.0,297.8,297.8,297.8,0.915,2026-01-28 09:13:02,15948
MANAPPURAM,2026-02-24,347.5,1.65,111000.0,0.0,0.0,0.0,0.0,297.8,297.8,297.8,0.915,2026-01-28 09:13:02,17636
MANAPPURAM,2026-02-24,350.0,1.55,948000.0,0.0,0.0,0.0,0.0,297.8,297.8,297.8,0.915,2026-01-28 09:13:02,19368
MANAPPURAM,2026-02-24,352.5,0.0,0.0,0.0,0.0,0.0,0.0,297.8,297.8,297.8,0.915,2026-01-28 09:13:02,21466
MANAPPURAM,2026-02-24,355.0,0.0,0.0,0.0,0.0,0.0,0.0,297.8,297.8,297.8,0.915,2026-01-28 09:13:02,23417
MANAPPURAM,2026-02-24,360.0,0.9,444000.0,0.0,0.0,0.0,0.0,297.8,297.8,297.8,0.915,2026-01-28 09:13:02,27318
MANAPPURAM,2026-02-24,365.0,1.5,30000.0,0.0,0.0,0.0,0.0,297.8,297.8,297.8,0.915,2026-01-28 09:13:02,31482
MANKIND,2026-02-24,1760.0,0.0,0.0,0.0,0.0,0.0,0.0,2106.6,2106.6,2106.6,0.592,2026-01-28 09:13:02,5341
MANKIND,2026-02-24,1800.0,288.55,675.0,0.0,8.35,675.0,0.0,2106.6,2106.6,2106.6,0.592,2026-01-28 09:13:02,4679
MANKIND,2026-02-24,1840.0,0.0,0.0,0.0,0.0,0.0,0.0,2106.6,2106.6,2106.6,0.592,2026-01-28 09:13:02,4041
MANKIND,2026-02-24,1880.0,239.6,225.0,0.0,14.55,450.0,0.0,2106.6,2106.6,2106.6,0.592,2026-01-28 09:13:02,3384
MANKIND,2026-02-24,1900.0,0.0,0.0,0.0,20.0,2475.0,0.0,2106.6,2106.6,2106.6,0.592,2026-01-28 09:13:02,3062
MANKIND,2026-02-24,1920.0,201.65,450.0,0.0,10.0,450.0,0.0,2106.6,2106.6,2106.6,0.592,2026-01-28 09:13:02,2734
MANKIND,2026-02-24,1940.0,183.65,900.0,0.0,19.2,900.0,0.0,2106.6,2106.6,2106.6,0.592,2026-01-28 09:13:02,2423
MANKIND,2026-02-24,1960.0,0.0,0.0,0.0,29.9,3375.0,0.0,2106.6,2106.6,2106.6,0.592,2026-01-28 09:13:02,2121
MANKIND,2026-02-24,1980.0,0.0,0.0,0.0,19.55,2700.0,0.0,2106.6,2106.6,2106.6,0.592,2026-01-28 09:13:02,1801
MANKIND,2026-02-24,2000.0,137.0,450.0,0.0,36.0,19350.0,0.0,2106.6,2106.6,2106.6,0.592,2026-01-28 09:13:02,1491
MANKIND,2026-02-24,2020.0,160.0,225.0,0.0,39.75,38250.0,0.0,2106.6,2106.6,2106.6,0.592,2026-01-28 09:13:02,1162
MANKIND,2026-02-24,2040.0,126.2,225.0,0.0,48.7,4950.0,0.0,2106.6,2106.6,2106.6,0.592,2026-01-28 09:13:02,826
MANKIND,2026-02-24,2060.0,126.35,450.0,0.0,55.3,8775.0,0.0,2106.6,2106.6,2106.6,0.592,2026-01-28 09:13:02,626
MANKIND,2026-02-24,2080.0,73.55,0.0,0.0,78.0,675.0,0.0,2106.6,2106.6,2106.6,0.592,2026-01-28 09:13:02,424
MANKIND,2026-02-24,2100.0,84.0,19125.0,0.0,71.3,34875.0,0.0,2106.6,2106.6,2106.6,0.592,2026-01-28 09:13:02,261
MANKIND,2026-02-24,2120.0,62.15,2925.0,0.0,82.85,1350.0,0.0,2106.6,2106.6,2106.6,0.592,2026-01-28 09:13:02,123
MANKIND,2026-02-24,2140.0,65.0,3375.0,0.0,85.5,3825.0,0.0,2106.6,2106.6,2106.6,0.592,2026-01-28 09:13:02,89
MANKIND,2026-02-24,2160.0,56.5,1125.0,0.0,73.0,3150.0,0.0,2106.6,2106.6,2106.6,0.592,2026-01-28 09:13:02,51
MANKIND,2026-02-24,2180.0,0.0,0.0,0.0,63.4,450.0,0.0,2106.6,2106.6,2106.6,0.592,2026-01-28 09:13:02,16
MANKIND,2026-02-24,2200.0,41.2,31500.0,0.0,145.0,13950.0,0.0,2106.6,2106.6,2106.6,0.592,2026-01-28 09:13:02,-3
MANKIND,2026-02-24,2220.0,0.0,0.0,0.0,0.0,0.0,0.0,2106.6,2106.6,2106.6,0.592,2026-01-28 09:13:02,-3
MANKIND,2026-02-24,2240.0,32.9,900.0,0.0,161.65,2025.0,0.0,2106.6,2106.6,2106.6,0.592,2026-01-28 09:13:02,70
MANKIND,2026-02-24,2260.0,33.0,900.0,0.0,130.0,225.0,0.0,2106.6,2106.6,2106.6,0.592,2026-01-28 09:13:02,119
MANKIND,2026-02-24,2280.0,0.0,0.0,0.0,0.0,0.0,0.0,2106.6,2106.6,2106.6,0.592,2026-01-28 09:13:02,201
MANKIND,2026-02-24,2300.0,17.95,17100.0,0.0,222.0,4500.0,0.0,2106.6,2106.6,2106.6,0.592,2026-01-28 09:13:02,282
MANKIND,2026-02-24,2320.0,0.0,0.0,0.0,0.0,0.0,0.0,2106.6,2106.6,2106.6,0.592,2026-01-28 09:13:02,338
MANKIND,2026-02-24,2340.0,16.2,4950.0,0.0,242.95,2475.0,0.0,2106.6,2106.6,2106.6,0.592,2026-01-28 09:13:02,462
MANKIND,2026-02-24,2360.0,23.05,225.0,0.0,245.0,225.0,0.0,2106.6,2106.6,2106.6,0.592,2026-01-28 09:13:02,550
MANKIND,2026-02-24,2380.0,0.0,0.0,0.0,0.0,0.0,0.0,2106.6,2106.6,2106.6,0.592,2026-01-28 09:13:02,685
MANKIND,2026-02-24,2400.0,6.55,9450.0,0.0,300.0,5850.0,0.0,2106.6,2106.6,2106.6,0.592,2026-01-28 09:13:02,825
MANKIND,2026-02-24,2420.0,6.3,900.0,0.0,325.25,900.0,0.0,2106.6,2106.6,2106.6,0.592,2026-01-28 09:13:02,827
MANKIND,2026-02-24,2440.0,5.55,450.0,0.0,305.0,450.0,0.0,2106.6,2106.6,2106.6,0.592,2026-01-28 09:13:02,973
MANKIND,2026-02-24,2460.0,4.8,675.0,0.0,315.0,2475.0,0.0,2106.6,2106.6,2106.6,0.592,2026-01-28 09:13:02,1136
MANKIND,2026-02-24,2480.0,0.0,0.0,0.0,0.0,0.0,0.0,2106.6,2106.6,2106.6,0.592,2026-01-28 09:13:02,1241
MANKIND,2026-02-24,2500.0,4.05,3600.0,0.0,398.75,4500.0,0.0,2106.6,2106.6,2106.6,0.592,2026-01-28 09:13:02,1424
MANKIND,2026-02-24,2520.0,3.7,675.0,0.0,419.4,675.0,0.0,2106.6,2106.6,2106.6,0.592,2026-01-28 09:13:02,1445
MANKIND,2026-02-24,2540.0,0.0,0.0,0.0,0.0,0.0,0.0,2106.6,2106.6,2106.6,0.592,2026-01-28 09:13:02,1618
MANKIND,2026-02-24,2560.0,0.0,0.0,0.0,0.0,0.0,0.0,2106.6,2106.6,2106.6,0.592,2026-01-28 09:13:02,1820
MANKIND,2026-02-24,2600.0,0.0,0.0,0.0,485.0,450.0,0.0,2106.6,2106.6,2106.6,0.592,2026-01-28 09:13:02,2223
MANKIND,2026-02-24,2640.0,0.0,0.0,0.0,510.0,225.0,0.0,2106.6,2106.6,2106.6,0.592,2026-01-28 09:13:02,2606
MARICO,2026-02-24,630.0,0.0,0.0,0.0,0.0,0.0,0.0,754.0,754.0,754.0,1.099,2026-01-28 09:13:02,15506
MARICO,2026-02-24,640.0,0.0,0.0,0.0,1.25,24000.0,0.0,754.0,754.0,754.0,1.099,2026-01-28 09:13:02,13612
MARICO,2026-02-24,650.0,99.1,1200.0,0.0,1.6,52800.0,0.0,754.0,754.0,754.0,1.099,2026-01-28 09:13:02,11740
MARICO,2026-02-24,660.0,0.0,0.0,0.0,2.55,2400.0,0.0,754.0,754.0,754.0,1.099,2026-01-28 09:13:02,9928
MARICO,2026-02-24,670.0,0.0,0.0,0.0,2.95,33600.0,0.0,754.0,754.0,754.0,1.099,2026-01-28 09:13:02,8114
MARICO,2026-02-24,680.0,0.0,0.0,0.0,4.0,99600.0,0.0,754.0,754.0,754.0,1.099,2026-01-28 09:13:02,6324
MARICO,2026-02-24,685.0,0.0,0.0,0.0,0.0,0.0,0.0,754.0,754.0,754.0,1.099,2026-01-28 09:13:02,5444
MARICO,2026-02-24,690.0,0.0,0.0,0.0,4.85,14400.0,0.0,754.0,754.0,754.0,1.099,2026-01-28 09:13:02,4604
MARICO,2026-02-24,695.0,0.0,0.0,0.0,3.2,9600.0,0.0,754.0,754.0,754.0,1.099,2026-01-28 09:13:02,3765
MARICO,2026-02-24,700.0,62.0,2400.0,0.0,6.7,295200.0,0.0,754.0,754.0,754.0,1.099,2026-01-28 09:13:02,2934
MARICO,2026-02-24,705.0,0.0,0.0,0.0,0.0,0.0,0.0,754.0,754.0,754.0,1.099,2026-01-28 09:13:02,2071
MARICO,2026-02-24,710.0,46.0,3600.0,0.0,8.8,8400.0,0.0,754.0,754.0,754.0,1.099,2026-01-28 09:13:02,1392
MARICO,2026-02-24,715.0,0.0,0.0,0.0,9.9,38400.0,0.0,754.0,754.0,754.0,1.099,2026-01-28 09:13:02,728
MARICO,2026-02-24,720.0,38.05,27600.0,0.0,11.35,176400.0,0.0,754.0,754.0,754.0,1.099,2026-01-28 09:13:02,36
MARICO,2026-02-24,725.0,0.0,0.0,0.0,12.65,40800.0,0.0,754.0,754.0,754.0,1.099,2026-01-28 09:13:02,-610
MARICO,2026-02-24,730.0,34.0,1200.0,0.0,14.3,58800.0,0.0,754.0,754.0,754.0,1.099,2026-01-28 09:13:02,-1193
MARICO,2026-02-24,735.0,0.0,0.0,0.0,16.25,22800.0,0.0,754.0,754.0,754.0,1.099,2026-01-28 09:13:02,-1775
MARICO,2026-02-24,740.0,29.1,92400.0,0.0,18.05,150000.0,0.0,754.0,754.0,754.0,1.099,2026-01-28 09:13:02,-2302
MARICO,2026-02-24,745.0,26.0,126000.0,0.0,20.25,350400.0,0.0,754.0,754.0,754.0,1.099,2026-01-28 09:13:02,-2673
MARICO,2026-02-24,750.0,23.5,399600.0,0.0,22.35,328800.0,0.0,754.0,754.0,754.0,1.099,2026-01-28 09:13:02,-3186
MARICO,2026-02-24,755.0,21.2,67200.0,0.0,0.0,0.0,0.0,754.0,754.0,754.0,1.099,2026-01-28 09:13:02,-2748
MARICO,2026-02-24,760.0,18.6,235200.0,0.0,27.05,27600.0,0.0,754.0,754.0,754.0,1.099,2026-01-28 09:13:02,-2339
MARICO,2026-02-24,765.0,17.25,1200.0,0.0,0.0,0.0,0.0,754.0,754.0,754.0,1.099,2026-01-28 09:13:02,-1577
MARICO,2026-02-24,770.0,14.95,79200.0,0.0,35.0,112800.0,0.0,754.0,754.0,754.0,1.099,2026-01-28 09:13:02,-1176
MARICO,2026-02-24,775.0,13.2,45600.0,0.0,0.0,0.0,0.0,754.0,754.0,754.0,1.099,2026-01-28 09:13:02,-958
MARICO,2026-02-24,780.0,11.4,164400.0,0.0,43.0,1200.0,0.0,754.0,754.0,754.0,1.099,2026-01-28 09:13:02,-380
MARICO,2026-02-24,785.0,10.2,9600.0,0.0,0.0,0.0,0.0,754.0,754.0,754.0,1.099,2026-01-28 09:13:02,402
MARICO,2026-02-24,790.0,8.65,8400.0,0.0,0.0,0.0,0.0,754.0,754.0,754.0,1.099,2026-01-28 09:13:02,1017
MARICO,2026-02-24,795.0,7.55,13200.0,0.0,0.0,0.0,0.0,754.0,754.0,754.0,1.099,2026-01-28 09:13:02,1634
MARICO,2026-02-24,800.0,6.9,360000.0,0.0,59.5,38400.0,0.0,754.0,754.0,754.0,1.099,2026-01-28 09:13:02,2260
MARICO,2026-02-24,805.0,7.25,4800.0,0.0,59.3,7200.0,0.0,754.0,754.0,754.0,1.099,2026-01-28 09:13:02,3096
MARICO,2026-02-24,810.0,3.15,2400.0,0.0,0.0,0.0,0.0,754.0,754.0,754.0,1.099,2026-01-28 09:13:02,3878
MARICO,2026-02-24,815.0,2.65,9600.0,0.0,0.0,0.0,0.0,754.0,754.0,754.0,1.099,2026-01-28 09:13:02,4701
MARICO,2026-02-24,820.0,3.95,171600.0,0.0,0.0,0.0,0.0,754.0,754.0,754.0,1.099,2026-01-28 09:13:02,5531
MARICO,2026-02-24,825.0,3.35,30000.0,0.0,0.0,0.0,0.0,754.0,754.0,754.0,1.099,2026-01-28 09:13:02,6512
MARICO,2026-02-24,830.0,3.05,30000.0,0.0,0.0,0.0,0.0,754.0,754.0,754.0,1.099,2026-01-28 09:13:02,7450
MARICO,2026-02-24,835.0,1.2,7200.0,0.0,0.0,0.0,0.0,754.0,754.0,754.0,1.099,2026-01-28 09:13:02,8403
MARICO,2026-02-24,840.0,2.35,33600.0,0.0,0.0,0.0,0.0,754.0,754.0,754.0,1.099,2026-01-28 09:13:02,9350
MARICO,2026-02-24,850.0,2.0,44400.0,0.0,0.0,0.0,0.0,754.0,754.0,754.0,1.099,2026-01-28 09:13:02,11285
MARICO,2026-02-24,860.0,1.2,4800.0,0.0,0.0,0.0,0.0,754.0,754.0,754.0,1.099,2026-01-28 09:13:02,13266
MARICO,2026-02-24,870.0,0.25,13200.0,0.0,0.0,0.0,0.0,754.0,754.0,754.0,1.099,2026-01-28 09:13:02,15243
MARICO,2026-02-24,880.0,1.2,44400.0,0.0,0.0,0.0,0.0,754.0,754.0,754.0,1.099,2026-01-28 09:13:02,17233
MARICO,2026-02-24,890.0,0.95,54000.0,0.0,0.0,0.0,0.0,754.0,754.0,754.0,1.099,2026-01-28 09:13:02,19272
MARUTI,2026-02-24,12800.0,0.0,0.0,0.0,0.0,0.0,0.0,15161.0,15161.0,15161.0,-0.551,2026-01-28 09:13:02,92029
MARUTI,2026-02-24,13000.0,0.0,0.0,0.0,0.0,0.0,0.0,15161.0,15161.0,15161.0,-0.551,2026-01-28 09:13:02,83430
MARUTI,2026-02-24,13200.0,0.0,0.0,0.0,23.05,750.0,0.0,15161.0,15161.0,15161.0,-0.551,2026-01-28 09:13:02,74831
MARUTI,2026-02-24,13400.0,0.0,0.0,0.0,31.2,350.0,0.0,15161.0,15161.0,15161.0,-0.551,2026-01-28 09:13:02,66245
MARUTI,2026-02-24,13600.0,0.0,0.0,0.0,50.9,100.0,0.0,15161.0,15161.0,15161.0,-0.551,2026-01-28 09:13:02,57667
MARUTI,2026-02-24,13800.0,1800.0,50.0,0.0,77.55,6500.0,0.0,15161.0,15161.0,15161.0,-0.551,2026-01-28 09:13:02,49091
MARUTI,2026-02-24,14000.0,1310.0,2300.0,0.0,100.05,35150.0,0.0,15161.0,15161.0,15161.0,-0.551,2026-01-28 09:13:02,40606
MARUTI,2026-02-24,14100.0,0.0,0.0,0.0,0.0,0.0,0.0,15161.0,15161.0,15161.0,-0.551,2026-01-28 09:13:02,36708
MARUTI,2026-02-24,14200.0,0.0,0.0,0.0,130.55,8700.0,0.0,15161.0,15161.0,15161.0,-0.551,2026-01-28 09:13:02,32860
MARUTI,2026-02-24,14300.0,0.0,0.0,0.0,0.0,0.0,0.0,15161.0,15161.0,15161.0,-0.551,2026-01-28 09:13:02,28986
MARUTI,2026-02-24,14400.0,0.0,0.0,0.0,167.25,5800.0,0.0,15161.0,15161.0,15161.0,-0.551,2026-01-28 09:13:02,25226
MARUTI,2026-02-24,14500.0,925.0,150.0,0.0,188.35,16250.0,0.0,15161.0,15161.0,15161.0,-0.551,2026-01-28 09:13:02,21426
MARUTI,2026-02-24,14600.0,1138.2,50.0,0.0,212.25,15600.0,0.0,15161.0,15161.0,15161.0,-0.551,2026-01-28 09:13:02,17596
MARUTI,2026-02-24,14700.0,758.55,650.0,0.0,242.95,11050.0,0.0,15161.0,15161.0,15161.0,-0.551,2026-01-28 09:13:02,13888
MARUTI,2026-02-24,14800.0,0.0,0.0,0.0,270.65,7950.0,0.0,15161.0,15161.0,15161.0,-0.551,2026-01-28 09:13:02,10404
MARUTI,2026-02-24,14900.0,734.85,400.0,0.0,303.3,4800.0,0.0,15161.0,15161.0,15161.0,-0.551,2026-01-28 09:13:02,7003
MARUTI,2026-02-24,15000.0,689.05,27000.0,0.0,340.1,80600.0,0.0,15161.0,15161.0,15161.0,-0.551,2026-01-28 09:13:02,3754
MARUTI,2026-02-24,15100.0,628.5,7000.0,0.0,379.1,13600.0,0.0,15161.0,15161.0,15161.0,-0.551,2026-01-28 09:13:02,816
MARUTI,2026-02-24,15200.0,567.7,12100.0,0.0,420.25,16800.0,0.0,15161.0,15161.0,15161.0,-0.551,2026-01-28 09:13:02,-1111
MARUTI,2026-02-24,15300.0,521.8,11150.0,0.0,462.85,21700.0,0.0,15161.0,15161.0,15161.0,-0.551,2026-01-28 09:13:02,-2692
MARUTI,2026-02-24,15400.0,468.55,6900.0,0.0,517.15,15050.0,0.0,15161.0,15161.0,15161.0,-0.551,2026-01-28 09:13:02,-4349
MARUTI,2026-02-24,15500.0,417.8,28950.0,0.0,568.35,47450.0,0.0,15161.0,15161.0,15161.0,-0.551,2026-01-28 09:13:02,-5818
MARUTI,2026-02-24,15600.0,376.35,50100.0,0.0,635.75,10600.0,0.0,15161.0,15161.0,15161.0,-0.551,2026-01-28 09:13:02,-7556
MARUTI,2026-02-24,15700.0,334.05,17500.0,0.0,683.95,10650.0,0.0,15161.0,15161.0,15161.0,-0.551,2026-01-28 09:13:02,-5988
MARUTI,2026-02-24,15800.0,298.65,24050.0,0.0,739.45,11550.0,0.0,15161.0,15161.0,15161.0,-0.551,2026-01-28 09:13:02,-5494
MARUTI,2026-02-24,15900.0,262.65,8350.0,0.0,849.3,3000.0,0.0,15161.0,15161.0,15161.0,-0.551,2026-01-28 09:13:02,-4636
MARUTI,2026-02-24,16000.0,233.05,78750.0,0.0,868.8,33050.0,0.0,15161.0,15161.0,15161.0,-0.551,2026-01-28 09:13:02,-3564
MARUTI,2026-02-24,16100.0,208.05,6350.0,0.0,940.0,5800.0,0.0,15161.0,15161.0,15161.0,-0.551,2026-01-28 09:13:02,-2374
MARUTI,2026-02-24,16200.0,182.45,13250.0,0.0,1050.0,5650.0,0.0,15161.0,15161.0,15161.0,-0.551,2026-01-28 09:13:02,-440
MARUTI,2026-02-24,16300.0,158.55,7500.0,0.0,1124.05,2200.0,0.0,15161.0,15161.0,15161.0,-0.551,2026-01-28 09:13:02,1743
MARUTI,2026-02-24,16400.0,140.55,7100.0,0.0,980.0,1100.0,0.0,15161.0,15161.0,15161.0,-0.551,2026-01-28 09:13:02,4248
MARUTI,2026-02-24,16500.0,122.65,70450.0,0.0,1259.65,22250.0,0.0,15161.0,15161.0,15161.0,-0.551,2026-01-28 09:13:02,6955
MARUTI,2026-02-24,16600.0,108.4,4450.0,0.0,1520.0,1300.0,0.0,15161.0,15161.0,15161.0,-0.551,2026-01-28 09:13:02,8658
MARUTI,2026-02-24,16700.0,97.45,6600.0,0.0,1430.95,1150.0,0.0,15161.0,15161.0,15161.0,-0.551,2026-01-28 09:13:02,12208
MARUTI,2026-02-24,16800.0,81.95,17850.0,0.0,1600.0,1650.0,0.0,15161.0,15161.0,15161.0,-0.551,2026-01-28 09:13:02,15885
MARUTI,2026-02-24,16900.0,72.3,5050.0,0.0,1750.0,200.0,0.0,15161.0,15161.0,15161.0,-0.551,2026-01-28 09:13:02,19739
MARUTI,2026-02-24,17000.0,63.8,68350.0,0.0,1876.45,10700.0,0.0,15161.0,15161.0,15161.0,-0.551,2026-01-28 09:13:02,23765
MARUTI,2026-02-24,17100.0,53.6,4300.0,0.0,1801.05,300.0,0.0,15161.0,15161.0,15161.0,-0.551,2026-01-28 09:13:02,27009
MARUTI,2026-02-24,17200.0,48.1,7750.0,0.0,1950.0,250.0,0.0,15161.0,15161.0,15161.0,-0.551,2026-01-28 09:13:02,31839
MARUTI,2026-02-24,17300.0,42.8,8200.0,0.0,1991.9,300.0,0.0,15161.0,15161.0,15161.0,-0.551,2026-01-28 09:13:02,36768
MARUTI,2026-02-24,17400.0,37.35,1350.0,0.0,0.0,0.0,0.0,15161.0,15161.0,15161.0,-0.551,2026-01-28 09:13:02,41770
MARUTI,2026-02-24,17500.0,31.65,23900.0,0.0,2300.0,50.0,0.0,15161.0,15161.0,15161.0,-0.551,2026-01-28 09:13:02,46814
MARUTI,2026-02-24,17600.0,45.45,850.0,0.0,0.0,0.0,0.0,15161.0,15161.0,15161.0,-0.551,2026-01-28 09:13:02,52157
MARUTI,2026-02-24,17700.0,25.2,1650.0,0.0,0.0,0.0,0.0,15161.0,15161.0,15161.0,-0.551,2026-01-28 09:13:02,57449
MARUTI,2026-02-24,17800.0,26.0,3650.0,0.0,0.0,0.0,0.0,15161.0,15161.0,15161.0,-0.551,2026-01-28 09:13:02,62757
MARUTI,2026-02-24,17900.0,18.85,2450.0,0.0,0.0,0.0,0.0,15161.0,15161.0,15161.0,-0.551,2026-01-28 09:13:02,68107
MARUTI,2026-02-24,18000.0,17.7,21250.0,0.0,0.0,0.0,0.0,15161.0,15161.0,15161.0,-0.551,2026-01-28 09:13:02,73476
MARUTI,2026-02-24,18100.0,21.0,650.0,0.0,0.0,0.0,0.0,15161.0,15161.0,15161.0,-0.551,2026-01-28 09:13:02,79091
MARUTI,2026-02-24,18200.0,16.95,1200.0,0.0,0.0,0.0,0.0,15161.0,15161.0,15161.0,-0.551,2026-01-28 09:13:02,84677
MARUTI,2026-02-24,18300.0,1.6,250.0,0.0,0.0,0.0,0.0,15161.0,15161.0,15161.0,-0.551,2026-01-28 09:13:02,90275
MARUTI,2026-02-24,18400.0,31.4,650.0,0.0,0.0,0.0,0.0,15161.0,15161.0,15161.0,-0.551,2026-01-28 09:13:02,95873
MARUTI,2026-02-24,18500.0,13.3,5000.0,0.0,0.0,0.0,0.0,15161.0,15161.0,15161.0,-0.551,2026-01-28 09:13:02,101480
MARUTI,2026-02-24,18600.0,0.0,0.0,0.0,0.0,0.0,0.0,15161.0,15161.0,15161.0,-0.551,2026-01-28 09:13:02,107142
MARUTI,2026-02-24,18800.0,0.0,0.0,0.0,0.0,0.0,0.0,15161.0,15161.0,15161.0,-0.551,2026-01-28 09:13:02,118452
MARUTI,2026-02-24,19000.0,7.3,1250.0,0.0,0.0,0.0,0.0,15161.0,15161.0,15161.0,-0.551,2026-01-28 09:13:02,129762
MARUTI,2026-02-24,19200.0,0.0,0.0,0.0,0.0,0.0,0.0,15161.0,15161.0,15161.0,-0.551,2026-01-28 09:13:02,141098
MARUTI,2026-02-24,19400.0,0.0,0.0,0.0,0.0,0.0,0.0,15161.0,15161.0,15161.0,-0.551,2026-01-28 09:13:02,152433
MARUTI,2026-02-24,19600.0,1.1,200.0,0.0,0.0,0.0,0.0,15161.0,15161.0,15161.0,-0.551,2026-01-28 09:13:02,163768
MAXHEALTH,2026-02-24,820.0,0.0,0.0,0.0,0.0,0.0,0.0,963.9,963.9,963.9,-1.189,2026-01-28 09:13:02,20769
MAXHEALTH,2026-02-24,840.0,0.0,0.0,0.0,3.8,2100.0,0.0,963.9,963.9,963.9,-1.189,2026-01-28 09:13:02,18686
MAXHEALTH,2026-02-24,860.0,0.0,0.0,0.0,5.2,525.0,0.0,963.9,963.9,963.9,-1.189,2026-01-28 09:13:02,16606
MAXHEALTH,2026-02-24,870.0,0.0,0.0,0.0,0.0,0.0,0.0,963.9,963.9,963.9,-1.189,2026-01-28 09:13:02,15567
MAXHEALTH,2026-02-24,880.0,0.0,0.0,0.0,6.45,11550.0,0.0,963.9,963.9,963.9,-1.189,2026-01-28 09:13:02,14528
MAXHEALTH,2026-02-24,890.0,0.0,0.0,0.0,0.0,0.0,0.0,963.9,963.9,963.9,-1.189,2026-01-28 09:13:02,13493
MAXHEALTH,2026-02-24,900.0,92.5,525.0,0.0,8.4,42000.0,0.0,963.9,963.9,963.9,-1.189,2026-01-28 09:13:02,12466
MAXHEALTH,2026-02-24,910.0,0.0,0.0,0.0,0.0,0.0,0.0,963.9,963.9,963.9,-1.189,2026-01-28 09:13:02,11450
MAXHEALTH,2026-02-24,920.0,151.5,1575.0,0.0,13.6,6300.0,0.0,963.9,963.9,963.9,-1.189,2026-01-28 09:13:02,10465
MAXHEALTH,2026-02-24,930.0,0.0,0.0,0.0,15.45,4200.0,0.0,963.9,963.9,963.9,-1.189,2026-01-28 09:13:02,9504
MAXHEALTH,2026-02-24,940.0,62.95,1575.0,0.0,18.05,35175.0,0.0,963.9,963.9,963.9,-1.189,2026-01-28 09:13:02,8524
MAXHEALTH,2026-02-24,950.0,50.1,1050.0,0.0,21.4,70350.0,0.0,963.9,963.9,963.9,-1.189,2026-01-28 09:13:02,7535
MAXHEALTH,2026-02-24,960.0,49.25,10500.0,0.0,24.35,77700.0,0.0,963.9,963.9,963.9,-1.189,2026-01-28 09:13:02,6525
MAXHEALTH,2026-02-24,970.0,42.7,1050.0,0.0,28.4,45150.0,0.0,963.9,963.9,963.9,-1.189,2026-01-28 09:13:02,5611
MAXHEALTH,2026-02-24,980.0,36.65,49875.0,0.0,33.2,95550.0,0.0,963.9,963.9,963.9,-1.189,2026-01-28 09:13:02,4757
MAXHEALTH,2026-02-24,990.0,31.75,11550.0,0.0,40.9,13125.0,0.0,963.9,963.9,963.9,-1.189,2026-01-28 09:13:02,4037
MAXHEALTH,2026-02-24,1000.0,27.15,260400.0,0.0,44.2,236250.0,0.0,963.9,963.9,963.9,-1.189,2026-01-28 09:13:02,3460
MAXHEALTH,2026-02-24,1010.0,23.45,19425.0,0.0,47.4,8925.0,0.0,963.9,963.9,963.9,-1.189,2026-01-28 09:13:02,3060
MAXHEALTH,2026-02-24,1020.0,19.95,104475.0,0.0,55.8,18900.0,0.0,963.9,963.9,963.9,-1.189,2026-01-28 09:13:02,3028
MAXHEALTH,2026-02-24,1030.0,16.8,23625.0,0.0,66.35,7350.0,0.0,963.9,963.9,963.9,-1.189,2026-01-28 09:13:02,3219
MAXHEALTH,2026-02-24,1040.0,14.3,84000.0,0.0,70.0,8400.0,0.0,963.9,963.9,963.9,-1.189,2026-01-28 09:13:02,3329
MAXHEALTH,2026-02-24,1050.0,12.15,77700.0,0.0,63.05,6825.0,0.0,963.9,963.9,963.9,-1.189,2026-01-28 09:13:02,3602
MAXHEALTH,2026-02-24,1060.0,10.35,37275.0,0.0,85.0,15225.0,0.0,963.9,963.9,963.9,-1.189,2026-01-28 09:13:02,3949
MAXHEALTH,2026-02-24,1070.0,0.0,0.0,0.0,0.0,0.0,0.0,963.9,963.9,963.9,-1.189,2026-01-28 09:13:02,4207
MAXHEALTH,2026-02-24,1080.0,7.25,21525.0,0.0,93.15,3675.0,0.0,963.9,963.9,963.9,-1.189,2026-01-28 09:13:02,4556
MAXHEALTH,2026-02-24,1090.0,0.0,0.0,0.0,116.45,11025.0,0.0,963.9,963.9,963.9,-1.189,2026-01-28 09:13:02,4911
MAXHEALTH,2026-02-24,1100.0,5.15,142800.0,0.0,123.55,105525.0,0.0,963.9,963.9,963.9,-1.189,2026-01-28 09:13:02,5167
MAXHEALTH,2026-02-24,1110.0,6.3,7875.0,0.0,0.0,0.0,0.0,963.9,963.9,963.9,-1.189,2026-01-28 09:13:02,4570
MAXHEALTH,2026-02-24,1120.0,3.85,56700.0,0.0,144.0,4725.0,0.0,963.9,963.9,963.9,-1.189,2026-01-28 09:13:02,5216
MAXHEALTH,2026-02-24,1130.0,3.1,8925.0,0.0,153.75,525.0,0.0,963.9,963.9,963.9,-1.189,2026-01-28 09:13:02,5872
MAXHEALTH,2026-02-24,1140.0,3.7,6300.0,0.0,163.0,525.0,0.0,963.9,963.9,963.9,-1.189,2026-01-28 09:13:02,6579
MAXHEALTH,2026-02-24,1150.0,3.1,1050.0,0.0,0.0,0.0,0.0,963.9,963.9,963.9,-1.189,2026-01-28 09:13:02,7291
MAXHEALTH,2026-02-24,1160.0,3.65,39900.0,0.0,187.0,12600.0,0.0,963.9,963.9,963.9,-1.189,2026-01-28 09:13:02,8012
MAXHEALTH,2026-02-24,1170.0,0.0,0.0,0.0,0.0,0.0,0.0,963.9,963.9,963.9,-1.189,2026-01-28 09:13:02,8563
MAXHEALTH,2026-02-24,1180.0,0.0,0.0,0.0,200.85,5250.0,0.0,963.9,963.9,963.9,-1.189,2026-01-28 09:13:02,9335
MAXHEALTH,2026-02-24,1200.0,2.0,9975.0,0.0,220.0,190575.0,0.0,963.9,963.9,963.9,-1.189,2026-01-28 09:13:02,10785
MAXHEALTH,2026-02-24,1220.0,0.0,0.0,0.0,239.7,1575.0,0.0,963.9,963.9,963.9,-1.189,2026-01-28 09:13:02,8550
MAXHEALTH,2026-02-24,1240.0,1.2,1050.0,0.0,0.0,0.0,0.0,963.9,963.9,963.9,-1.189,2026-01-28 09:13:02,10472
MAZDOCK,2026-02-24,1960.0,0.0,0.0,0.0,18.25,27800.0,0.0,2350.0,2350.0,2350.0,0.638,2026-01-28 09:13:02,29853
MAZDOCK,2026-02-24,2000.0,390.0,600.0,0.0,19.35,79800.0,0.0,2350.0,2350.0,2350.0,0.638,2026-01-28 09:13:02,26166
MAZDOCK,2026-02-24,2040.0,315.0,200.0,0.0,0.0,0.0,0.0,2350.0,2350.0,2350.0,0.638,2026-01-28 09:13:02,22720
MAZDOCK,2026-02-24,2060.0,0.0,0.0,0.0,0.0,0.0,0.0,2350.0,2350.0,2350.0,0.638,2026-01-28 09:13:02,21069
MAZDOCK,2026-02-24,2080.0,287.0,200.0,0.0,33.75,12400.0,0.0,2350.0,2350.0,2350.0,0.638,2026-01-28 09:13:02,19411
MAZDOCK,2026-02-24,2100.0,254.55,1200.0,0.0,29.85,58800.0,0.0,2350.0,2350.0,2350.0,0.638,2026-01-28 09:13:02,17743
MAZDOCK,2026-02-24,2120.0,251.85,200.0,0.0,39.05,9800.0,0.0,2350.0,2350.0,2350.0,0.638,2026-01-28 09:13:02,16086
MAZDOCK,2026-02-24,2140.0,0.0,0.0,0.0,36.25,8600.0,0.0,2350.0,2350.0,2350.0,0.638,2026-01-28 09:13:02,14561
MAZDOCK,2026-02-24,2160.0,0.0,0.0,0.0,45.85,4200.0,0.0,2350.0,2350.0,2350.0,0.638,2026-01-28 09:13:02,13055
MAZDOCK,2026-02-24,2180.0,0.0,0.0,0.0,45.0,9400.0,0.0,2350.0,2350.0,2350.0,0.638,2026-01-28 09:13:02,11570
MAZDOCK,2026-02-24,2200.0,182.9,2600.0,0.0,53.4,70200.0,0.0,2350.0,2350.0,2350.0,0.638,2026-01-28 09:13:02,10080
MAZDOCK,2026-02-24,2220.0,0.0,0.0,0.0,68.15,11000.0,0.0,2350.0,2350.0,2350.0,0.638,2026-01-28 09:13:02,8450
MAZDOCK,2026-02-24,2240.0,0.0,0.0,0.0,75.55,6000.0,0.0,2350.0,2350.0,2350.0,0.638,2026-01-28 09:13:02,7095
MAZDOCK,2026-02-24,2260.0,0.0,0.0,0.0,0.0,0.0,0.0,2350.0,2350.0,2350.0,0.638,2026-01-28 09:13:02,5782
MAZDOCK,2026-02-24,2280.0,154.35,15400.0,0.0,0.0,0.0,0.0,2350.0,2350.0,2350.0,0.638,2026-01-28 09:13:02,4514
MAZDOCK,2026-02-24,2300.0,137.95,119200.0,0.0,90.45,185000.0,0.0,2350.0,2350.0,2350.0,0.638,2026-01-28 09:13:02,3515
MAZDOCK,2026-02-24,2320.0,126.3,24200.0,0.0,103.85,39000.0,0.0,2350.0,2350.0,2350.0,0.638,2026-01-28 09:13:02,2857
MAZDOCK,2026-02-24,2340.0,119.3,20600.0,0.0,105.35,21200.0,0.0,2350.0,2350.0,2350.0,0.638,2026-01-28 09:13:02,2255
MAZDOCK,2026-02-24,2360.0,124.05,46400.0,0.0,119.2,38600.0,0.0,2350.0,2350.0,2350.0,0.638,2026-01-28 09:13:02,1859
MAZDOCK,2026-02-24,2380.0,105.05,21600.0,0.0,155.55,4800.0,0.0,2350.0,2350.0,2350.0,0.638,2026-01-28 09:13:02,1725
MAZDOCK,2026-02-24,2400.0,90.95,142600.0,0.0,132.9,98400.0,0.0,2350.0,2350.0,2350.0,0.638,2026-01-28 09:13:02,1682
MAZDOCK,2026-02-24,2420.0,86.0,4600.0,0.0,163.75,200.0,0.0,2350.0,2350.0,2350.0,0.638,2026-01-28 09:13:02,1957
MAZDOCK,2026-02-24,2440.0,69.3,26400.0,0.0,191.45,1000.0,0.0,2350.0,2350.0,2350.0,0.638,2026-01-28 09:13:02,2289
MAZDOCK,2026-02-24,2460.0,70.2,19200.0,0.0,200.0,4800.0,0.0,2350.0,2350.0,2350.0,0.638,2026-01-28 09:13:02,2803
MAZDOCK,2026-02-24,2480.0,83.95,6800.0,0.0,204.55,400.0,0.0,2350.0,2350.0,2350.0,0.638,2026-01-28 09:13:02,3240
MAZDOCK,2026-02-24,2500.0,56.7,229200.0,0.0,205.0,86600.0,0.0,2350.0,2350.0,2350.0,0.638,2026-01-28 09:13:02,3702
MAZDOCK,2026-02-24,2520.0,45.9,11800.0,0.0,0.0,0.0,0.0,2350.0,2350.0,2350.0,0.638,2026-01-28 09:13:02,4270
MAZDOCK,2026-02-24,2540.0,39.1,7800.0,0.0,259.45,600.0,0.0,2350.0,2350.0,2350.0,0.638,2026-01-28 09:13:02,5393
MAZDOCK,2026-02-24,2560.0,42.5,6400.0,0.0,275.0,200.0,0.0,2350.0,2350.0,2350.0,0.638,2026-01-28 09:13:02,6492
MAZDOCK,2026-02-24,2580.0,32.0,2800.0,0.0,289.35,200.0,0.0,2350.0,2350.0,2350.0,0.638,2026-01-28 09:13:02,7612
MAZDOCK,2026-02-24,2600.0,33.15,82400.0,0.0,264.05,38000.0,0.0,2350.0,2350.0,2350.0,0.638,2026-01-28 09:13:02,8719
MAZDOCK,2026-02-24,2620.0,0.0,0.0,0.0,0.0,0.0,0.0,2350.0,2350.0,2350.0,0.638,2026-01-28 09:13:02,9334
MAZDOCK,2026-02-24,2640.0,28.45,800.0,0.0,0.0,0.0,0.0,2350.0,2350.0,2350.0,0.638,2026-01-28 09:13:02,10679
MAZDOCK,2026-02-24,2660.0,23.5,200.0,0.0,350.05,800.0,0.0,2350.0,2350.0,2350.0,0.638,2026-01-28 09:13:02,12027
MAZDOCK,2026-02-24,2680.0,36.5,400.0,0.0,0.0,0.0,0.0,2350.0,2350.0,2350.0,0.638,2026-01-28 09:13:02,13348
MAZDOCK,2026-02-24,2700.0,19.65,64600.0,0.0,365.0,6800.0,0.0,2350.0,2350.0,2350.0,0.638,2026-01-28 09:13:02,14699
MAZDOCK,2026-02-24,2720.0,0.0,0.0,0.0,0.0,0.0,0.0,2350.0,2350.0,2350.0,0.638,2026-01-28 09:13:02,16069
MAZDOCK,2026-02-24,2740.0,0.0,0.0,0.0,0.0,0.0,0.0,2350.0,2350.0,2350.0,0.638,2026-01-28 09:13:02,17561
MAZDOCK,2026-02-24,2760.0,14.7,4200.0,0.0,460.0,600.0,0.0,2350.0,2350.0,2350.0,0.638,2026-01-28 09:13:02,19053
MAZDOCK,2026-02-24,2780.0,23.05,1600.0,0.0,0.0,0.0,0.0,2350.0,2350.0,2350.0,0.638,2026-01-28 09:13:02,20534
MAZDOCK,2026-02-24,2800.0,11.75,43600.0,0.0,468.0,40600.0,0.0,2350.0,2350.0,2350.0,0.638,2026-01-28 09:13:02,22042
MAZDOCK,2026-02-24,2820.0,0.0,0.0,0.0,0.0,0.0,0.0,2350.0,2350.0,2350.0,0.638,2026-01-28 09:13:02,21866
MAZDOCK,2026-02-24,2840.0,17.25,2000.0,0.0,0.0,0.0,0.0,2350.0,2350.0,2350.0,0.638,2026-01-28 09:13:02,23540
MAZDOCK,2026-02-24,2860.0,15.65,3200.0,0.0,493.15,200.0,0.0,2350.0,2350.0,2350.0,0.638,2026-01-28 09:13:02,25220
MAZDOCK,2026-02-24,2880.0,14.15,400.0,0.0,0.0,0.0,0.0,2350.0,2350.0,2350.0,0.638,2026-01-28 09:13:02,26899
MAZDOCK,2026-02-24,2900.0,7.75,11000.0,0.0,552.0,58600.0,0.0,2350.0,2350.0,2350.0,0.638,2026-01-28 09:13:02,28585
MAZDOCK,2026-02-24,2920.0,11.55,600.0,0.0,0.0,0.0,0.0,2350.0,2350.0,2350.0,0.638,2026-01-28 09:13:02,27183
MAZDOCK,2026-02-24,2940.0,10.45,3600.0,0.0,601.85,200.0,0.0,2350.0,2350.0,2350.0,0.638,2026-01-28 09:13:02,29009
MAZDOCK,2026-02-24,2960.0,3.05,5000.0,0.0,620.0,12200.0,0.0,2350.0,2350.0,2350.0,0.638,2026-01-28 09:13:02,30833
MAZDOCK,2026-02-24,3000.0,6.0,79000.0,0.0,0.0,0.0,0.0,2350.0,2350.0,2350.0,0.638,2026-01-28 09:13:02,33813
MCX,2026-02-24,1680.0,0.0,0.0,0.0,20.65,1250.0,0.0,2488.0,2488.0,2488.0,2.895,2026-01-28 09:13:02,127667
MCX,2026-02-24,1880.0,530.0,21250.0,0.0,3.7,12500.0,0.0,2488.0,2488.0,2488.0,2.895,2026-01-28 09:13:02,63314
MCX,2026-02-24,1920.0,410.0,2500.0,0.0,6.4,43125.0,0.0,2488.0,2488.0,2488.0,2.895,2026-01-28 09:13:02,51701
MCX,2026-02-24,1960.0,445.0,5000.0,0.0,8.2,88750.0,0.0,2488.0,2488.0,2488.0,2.895,2026-01-28 09:13:02,39223
MCX,2026-02-24,1980.0,453.2,1250.0,0.0,8.05,23125.0,0.0,2488.0,2488.0,2488.0,2.895,2026-01-28 09:13:02,33284
MCX,2026-02-24,2000.0,424.55,45000.0,0.0,9.25,316875.0,0.0,2488.0,2488.0,2488.0,2.895,2026-01-28 09:13:02,27282
MCX,2026-02-24,2020.0,401.05,1250.0,0.0,14.0,11875.0,0.0,2488.0,2488.0,2488.0,2.895,2026-01-28 09:13:02,23583
MCX,2026-02-24,2040.0,370.0,1250.0,0.0,11.45,6875.0,0.0,2488.0,2488.0,2488.0,2.895,2026-01-28 09:13:02,18327
MCX,2026-02-24,2060.0,338.0,1250.0,0.0,16.1,31875.0,0.0,2488.0,2488.0,2488.0,2.895,2026-01-28 09:13:02,13092
MCX,2026-02-24,2080.0,0.0,0.0,0.0,14.3,10625.0,0.0,2488.0,2488.0,2488.0,2.895,2026-01-28 09:13:02,7875
MCX,2026-02-24,2100.0,320.0,55000.0,0.0,18.2,245625.0,0.0,2488.0,2488.0,2488.0,2.895,2026-01-28 09:13:02,2674
MCX,2026-02-24,2120.0,190.0,5625.0,0.0,22.9,21250.0,0.0,2488.0,2488.0,2488.0,2.895,2026-01-28 09:13:02,-598
MCX,2026-02-24,2140.0,300.0,2500.0,0.0,21.1,23750.0,0.0,2488.0,2488.0,2488.0,2.895,2026-01-28 09:13:02,-5071
MCX,2026-02-24,2160.0,217.35,1250.0,0.0,27.3,92500.0,0.0,2488.0,2488.0,2488.0,2.895,2026-01-28 09:13:02,-9524
MCX,2026-02-24,2180.0,279.3,1250.0,0.0,27.75,10625.0,0.0,2488.0,2488.0,2488.0,2.895,2026-01-28 09:13:02,-14041
MCX,2026-02-24,2200.0,263.75,276875.0,0.0,32.35,432500.0,0.0,2488.0,2488.0,2488.0,2.895,2026-01-28 09:13:02,-18303
MCX,2026-02-24,2220.0,250.0,10000.0,0.0,36.9,43750.0,0.0,2488.0,2488.0,2488.0,2.895,2026-01-28 09:13:02,-15248
MCX,2026-02-24,2240.0,237.7,13125.0,0.0,39.9,62500.0,0.0,2488.0,2488.0,2488.0,2.895,2026-01-28 09:13:02,-17901
MCX,2026-02-24,2260.0,220.5,17500.0,0.0,47.75,65625.0,0.0,2488.0,2488.0,2488.0,2.895,2026-01-28 09:13:02,-20428
MCX,2026-02-24,2280.0,212.2,17500.0,0.0,52.55,60625.0,0.0,2488.0,2488.0,2488.0,2.895,2026-01-28 09:13:02,-22780
MCX,2026-02-24,2300.0,197.9,254375.0,0.0,58.45,740000.0,0.0,2488.0,2488.0,2488.0,2.895,2026-01-28 09:13:02,-24994
MCX,2026-02-24,2320.0,184.75,45625.0,0.0,64.85,72500.0,0.0,2488.0,2488.0,2488.0,2.895,2026-01-28 09:13:02,-24564
MCX,2026-02-24,2340.0,171.7,68125.0,0.0,69.55,86250.0,0.0,2488.0,2488.0,2488.0,2.895,2026-01-28 09:13:02,-24234
MCX,2026-02-24,2360.0,157.0,45625.0,0.0,76.85,64375.0,0.0,2488.0,2488.0,2488.0,2.895,2026-01-28 09:13:02,-23398
MCX,2026-02-24,2380.0,146.5,92500.0,0.0,86.75,61875.0,0.0,2488.0,2488.0,2488.0,2.895,2026-01-28 09:13:02,-22690
MCX,2026-02-24,2400.0,135.1,591875.0,0.0,96.75,385000.0,0.0,2488.0,2488.0,2488.0,2.895,2026-01-28 09:13:02,-21077
MCX,2026-02-24,2420.0,125.35,86875.0,0.0,101.9,45625.0,0.0,2488.0,2488.0,2488.0,2.895,2026-01-28 09:13:02,-14057
MCX,2026-02-24,2440.0,116.2,106875.0,0.0,109.35,29375.0,0.0,2488.0,2488.0,2488.0,2.895,2026-01-28 09:13:02,-10419
MCX,2026-02-24,2460.0,108.55,80625.0,0.0,122.7,20625.0,0.0,2488.0,2488.0,2488.0,2.895,2026-01-28 09:13:02,-6212
MCX,2026-02-24,2480.0,98.85,58125.0,0.0,132.85,10000.0,0.0,2488.0,2488.0,2488.0,2.895,2026-01-28 09:13:02,-2101
MCX,2026-02-24,2500.0,88.1,823750.0,0.0,150.45,89375.0,0.0,2488.0,2488.0,2488.0,2.895,2026-01-28 09:13:02,1965
MCX,2026-02-24,2520.0,79.6,78750.0,0.0,0.0,0.0,0.0,2488.0,2488.0,2488.0,2.895,2026-01-28 09:13:02,13328
MCX,2026-02-24,2540.0,73.7,50625.0,0.0,0.0,0.0,0.0,2488.0,2488.0,2488.0,2.895,2026-01-28 09:13:02,19564
MCX,2026-02-24,2560.0,69.0,30625.0,0.0,0.0,0.0,0.0,2488.0,2488.0,2488.0,2.895,2026-01-28 09:13:02,25647
MCX,2026-02-24,2580.0,61.2,29375.0,0.0,214.4,625.0,0.0,2488.0,2488.0,2488.0,2.895,2026-01-28 09:13:02,31630
MCX,2026-02-24,2600.0,54.7,627500.0,0.0,248.0,3125.0,0.0,2488.0,2488.0,2488.0,2.895,2026-01-28 09:13:02,37627
MCX,2026-02-24,2620.0,50.55,23750.0,0.0,0.0,0.0,0.0,2488.0,2488.0,2488.0,2.895,2026-01-28 09:13:02,48075
MCX,2026-02-24,2640.0,45.45,92500.0,0.0,0.0,0.0,0.0,2488.0,2488.0,2488.0,2.895,2026-01-28 09:13:02,55335
MCX,2026-02-24,2660.0,37.15,31250.0,0.0,0.0,0.0,0.0,2488.0,2488.0,2488.0,2.895,2026-01-28 09:13:02,63080
MCX,2026-02-24,2680.0,37.25,19375.0,0.0,0.0,0.0,0.0,2488.0,2488.0,2488.0,2.895,2026-01-28 09:13:02,70584
MCX,2026-02-24,2700.0,32.75,630625.0,0.0,325.0,4375.0,0.0,2488.0,2488.0,2488.0,2.895,2026-01-28 09:13:02,78082
MCX,2026-02-24,2720.0,28.1,38750.0,0.0,0.0,0.0,0.0,2488.0,2488.0,2488.0,2.895,2026-01-28 09:13:02,88702
MCX,2026-02-24,2740.0,25.75,61250.0,0.0,0.0,0.0,0.0,2488.0,2488.0,2488.0,2.895,2026-01-28 09:13:02,97584
MCX,2026-02-24,2760.0,23.4,381875.0,0.0,0.0,0.0,0.0,2488.0,2488.0,2488.0,2.895,2026-01-28 09:13:02,106638
MFSL,2026-02-24,1320.0,0.0,0.0,0.0,0.0,0.0,0.0,1576.6,1576.6,1576.6,0.0,2026-01-28 09:13:02,4929
MFSL,2026-02-24,1360.0,0.0,0.0,0.0,0.0,0.0,0.0,1576.6,1576.6,1576.6,0.0,2026-01-28 09:13:02,4026
MFSL,2026-02-24,1400.0,0.0,0.0,0.0,3.25,8400.0,0.0,1576.6,1576.6,1576.6,0.0,2026-01-28 09:13:02,3124
MFSL,2026-02-24,1420.0,0.0,0.0,0.0,0.0,0.0,0.0,1576.6,1576.6,1576.6,0.0,2026-01-28 09:13:02,2687
MFSL,2026-02-24,1440.0,0.0,0.0,0.0,11.05,4800.0,0.0,1576.6,1576.6,1576.6,0.0,2026-01-28 09:13:02,2252
MFSL,2026-02-24,1460.0,0.0,0.0,0.0,13.0,16800.0,0.0,1576.6,1576.6,1576.6,0.0,2026-01-28 09:13:02,1822
MFSL,2026-02-24,1480.0,0.0,0.0,0.0,13.7,3600.0,0.0,1576.6,1576.6,1576.6,0.0,2026-01-28 09:13:02,1409
MFSL,2026-02-24,1500.0,101.95,800.0,0.0,22.35,30400.0,0.0,1576.6,1576.6,1576.6,0.0,2026-01-28 09:13:02,1020
MFSL,2026-02-24,1520.0,0.0,0.0,0.0,26.1,3600.0,0.0,1576.6,1576.6,1576.6,0.0,2026-01-28 09:13:02,639
MFSL,2026-02-24,1540.0,0.0,0.0,0.0,35.0,0.0,0.0,1576.6,1576.6,1576.6,0.0,2026-01-28 09:13:02,315
MFSL,2026-02-24,1560.0,0.0,0.0,0.0,43.0,36000.0,0.0,1576.6,1576.6,1576.6,0.0,2026-01-28 09:13:02,1
MFSL,2026-02-24,1580.0,58.65,12800.0,0.0,50.15,8400.0,0.0,1576.6,1576.6,1576.6,0.0,2026-01-28 09:13:02,-395
MFSL,2026-02-24,1600.0,48.75,56800.0,0.0,60.6,80800.0,0.0,1576.6,1576.6,1576.6,0.0,2026-01-28 09:13:02,-562
MFSL,2026-02-24,1620.0,45.0,2000.0,0.0,0.0,0.0,0.0,1576.6,1576.6,1576.6,0.0,2026-01-28 09:13:02,-700
MFSL,2026-02-24,1640.0,32.3,36400.0,0.0,84.15,12800.0,0.0,1576.6,1576.6,1576.6,0.0,2026-01-28 09:13:02,-612
MFSL,2026-02-24,1660.0,0.0,0.0,0.0,98.3,2000.0,0.0,1576.6,1576.6,1576.6,0.0,2026-01-28 09:13:02,-424
MFSL,2026-02-24,1680.0,17.7,0.0,0.0,113.4,5200.0,0.0,1576.6,1576.6,1576.6,0.0,2026-01-28 09:13:02,-262
MFSL,2026-02-24,1700.0,16.8,70000.0,0.0,130.1,10000.0,0.0,1576.6,1576.6,1576.6,0.0,2026-01-28 09:13:02,-129
MFSL,2026-02-24,1720.0,0.0,0.0,0.0,0.0,0.0,0.0,1576.6,1576.6,1576.6,0.0,2026-01-28 09:13:02,209
MFSL,2026-02-24,1740.0,8.0,9200.0,0.0,0.0,0.0,0.0,1576.6,1576.6,1576.6,0.0,2026-01-28 09:13:02,561
MFSL,2026-02-24,1760.0,0.0,0.0,0.0,181.35,2000.0,0.0,1576.6,1576.6,1576.6,0.0,2026-01-28 09:13:02,939
MFSL,2026-02-24,1780.0,0.0,0.0,0.0,0.0,0.0,0.0,1576.6,1576.6,1576.6,0.0,2026-01-28 09:13:02,1277
MFSL,2026-02-24,1800.0,6.0,22400.0,0.0,0.0,0.0,0.0,1576.6,1576.6,1576.6,0.0,2026-01-28 09:13:02,1651
MFSL,2026-02-24,1820.0,2.35,400.0,0.0,0.0,0.0,0.0,1576.6,1576.6,1576.6,0.0,2026-01-28 09:13:02,2084
MFSL,2026-02-24,1840.0,1.7,1200.0,0.0,256.65,800.0,0.0,1576.6,1576.6,1576.6,0.0,2026-01-28 09:13:02,2504
MFSL,2026-02-24,1860.0,1.2,800.0,0.0,0.0,0.0,0.0,1576.6,1576.6,1576.6,0.0,2026-01-28 09:13:02,2908
MFSL,2026-02-24,1880.0,0.85,12800.0,0.0,0.0,0.0,0.0,1576.6,1576.6,1576.6,0.0,2026-01-28 09:13:02,3334
MFSL,2026-02-24,1900.0,0.0,0.0,0.0,0.0,0.0,0.0,1576.6,1576.6,1576.6,0.0,2026-01-28 09:13:02,3786
MFSL,2026-02-24,1920.0,0.4,2400.0,0.0,0.0,0.0,0.0,1576.6,1576.6,1576.6,0.0,2026-01-28 09:13:02,4237
MFSL,2026-02-24,1960.0,0.2,800.0,0.0,0.0,0.0,0.0,1576.6,1576.6,1576.6,0.0,2026-01-28 09:13:02,5149
MOTHERSON,2026-02-24,90.0,0.0,0.0,0.0,0.4,110700.0,0.0,110.09,110.09,110.09,0.383,2026-01-28 09:13:02,24358
MOTHERSON,2026-02-24,92.0,0.0,0.0,0.0,0.54,190650.0,0.0,110.09,110.09,110.09,0.383,2026-01-28 09:13:02,21006
MOTHERSON,2026-02-24,94.0,0.0,0.0,0.0,0.75,141450.0,0.0,110.09,110.09,110.09,0.383,2026-01-28 09:13:02,17686
MOTHERSON,2026-02-24,96.0,14.0,6150.0,0.0,0.83,676500.0,0.0,110.09,110.09,110.09,0.383,2026-01-28 09:13:02,14393
MOTHERSON,2026-02-24,97.0,0.0,0.0,0.0,0.94,190650.0,0.0,110.09,110.09,110.09,0.383,2026-01-28 09:13:02,12773
MOTHERSON,2026-02-24,98.0,0.0,0.0,0.0,1.28,18450.0,0.0,110.09,110.09,110.09,0.383,2026-01-28 09:13:02,11202
MOTHERSON,2026-02-24,99.0,0.0,0.0,0.0,0.88,6150.0,0.0,110.09,110.09,110.09,0.383,2026-01-28 09:13:02,9648
MOTHERSON,2026-02-24,100.0,11.48,239850.0,0.0,1.38,1629750.0,0.0,110.09,110.09,110.09,0.383,2026-01-28 09:13:02,8096
MOTHERSON,2026-02-24,101.0,0.0,0.0,0.0,1.76,92250.0,0.0,110.09,110.09,110.09,0.383,2026-01-28 09:13:02,6783
MOTHERSON,2026-02-24,102.0,0.0,0.0,0.0,2.17,196800.0,0.0,110.09,110.09,110.09,0.383,2026-01-28 09:13:02,5412
MOTHERSON,2026-02-24,103.0,0.0,0.0,0.0,2.07,1125450.0,0.0,110.09,110.09,110.09,0.383,2026-01-28 09:13:02,4034
MOTHERSON,2026-02-24,104.0,0.0,0.0,0.0,2.55,129150.0,0.0,110.09,110.09,110.09,0.383,2026-01-28 09:13:02,2578
MOTHERSON,2026-02-24,105.0,7.88,362850.0,0.0,2.66,2810550.0,0.0,110.09,110.09,110.09,0.383,2026-01-28 09:13:02,1335
MOTHERSON,2026-02-24,106.0,0.0,0.0,0.0,2.94,430500.0,0.0,110.09,110.09,110.09,0.383,2026-01-28 09:13:02,-18
MOTHERSON,2026-02-24,107.0,6.28,6150.0,0.0,3.62,282900.0,0.0,110.09,110.09,110.09,0.383,2026-01-28 09:13:02,-993
MOTHERSON,2026-02-24,108.0,6.14,559650.0,0.0,3.71,953250.0,0.0,110.09,110.09,110.09,0.383,2026-01-28 09:13:02,-1912
MOTHERSON,2026-02-24,109.0,5.54,738000.0,0.0,4.16,731850.0,0.0,110.09,110.09,110.09,0.383,2026-01-28 09:13:02,-2592
MOTHERSON,2026-02-24,110.0,4.98,2730600.0,0.0,4.61,2908950.0,0.0,110.09,110.09,110.09,0.383,2026-01-28 09:13:02,-3009
MOTHERSON,2026-02-24,111.0,4.47,842550.0,0.0,5.11,504300.0,0.0,110.09,110.09,110.09,0.383,2026-01-28 09:13:02,-2949
MOTHERSON,2026-02-24,112.0,4.11,676500.0,0.0,5.63,381300.0,0.0,110.09,110.09,110.09,0.383,2026-01-28 09:13:02,-2653
MOTHERSON,2026-02-24,113.0,3.65,418200.0,0.0,6.64,43050.0,0.0,110.09,110.09,110.09,0.383,2026-01-28 09:13:02,-2308
MOTHERSON,2026-02-24,114.0,3.3,381300.0,0.0,7.3,436650.0,0.0,110.09,110.09,110.09,0.383,2026-01-28 09:13:02,-1855
MOTHERSON,2026-02-24,115.0,2.96,2785950.0,0.0,7.46,885600.0,0.0,110.09,110.09,110.09,0.383,2026-01-28 09:13:02,-1638
MOTHERSON,2026-02-24,116.0,2.64,233700.0,0.0,8.15,55350.0,0.0,110.09,110.09,110.09,0.383,2026-01-28 09:13:02,-696
MOTHERSON,2026-02-24,117.0,2.35,49200.0,0.0,8.88,6150.0,0.0,110.09,110.09,110.09,0.383,2026-01-28 09:13:02,125
MOTHERSON,2026-02-24,118.0,2.08,399750.0,0.0,10.45,61500.0,0.0,110.09,110.09,110.09,0.383,2026-01-28 09:13:02,943
MOTHERSON,2026-02-24,119.0,1.85,215250.0,0.0,0.0,0.0,0.0,110.09,110.09,110.09,0.383,2026-01-28 09:13:02,1820
MOTHERSON,2026-02-24,120.0,1.66,5412000.0,0.0,11.45,1273050.0,0.0,110.09,110.09,110.09,0.383,2026-01-28 09:13:02,2739
MOTHERSON,2026-02-24,121.0,0.0,0.0,0.0,0.0,0.0,0.0,110.09,110.09,110.09,0.383,2026-01-28 09:13:02,3728
MOTHERSON,2026-02-24,122.0,1.28,375150.0,0.0,13.3,116850.0,0.0,110.09,110.09,110.09,0.383,2026-01-28 09:13:02,5276
MOTHERSON,2026-02-24,123.0,0.92,18450.0,0.0,0.0,0.0,0.0,110.09,110.09,110.09,0.383,2026-01-28 09:13:02,6766
MOTHERSON,2026-02-24,124.0,1.4,61500.0,0.0,15.4,24600.0,0.0,110.09,110.09,110.09,0.383,2026-01-28 09:13:02,8366
MOTHERSON,2026-02-24,125.0,0.89,2558400.0,0.0,15.45,153750.0,0.0,110.09,110.09,110.09,0.383,2026-01-28 09:13:02,9945
MOTHERSON,2026-02-24,126.0,2.0,36900.0,0.0,0.0,0.0,0.0,110.09,110.09,110.09,0.383,2026-01-28 09:13:02,11814
MOTHERSON,2026-02-24,127.0,0.0,0.0,0.0,0.0,0.0,0.0,110.09,110.09,110.09,0.383,2026-01-28 09:13:02,13704
MOTHERSON,2026-02-24,128.0,0.5,24600.0,0.0,0.0,0.0,0.0,110.09,110.09,110.09,0.383,2026-01-28 09:13:02,15586
MOTHERSON,2026-02-24,129.0,0.36,6150.0,0.0,0.0,0.0,0.0,110.09,110.09,110.09,0.383,2026-01-28 09:13:02,17472
MOTHERSON,2026-02-24,130.0,0.49,1211550.0,0.0,21.32,110700.0,0.0,110.09,110.09,110.09,0.383,2026-01-28 09:13:02,19358
MOTHERSON,2026-02-24,131.0,0.0,0.0,0.0,0.0,0.0,0.0,110.09,110.09,110.09,0.383,2026-01-28 09:13:02,21199
MOTHERSON,2026-02-24,132.0,0.48,30750.0,0.0,0.0,0.0,0.0,110.09,110.09,110.09,0.383,2026-01-28 09:13:02,23217
MOTHERSON,2026-02-24,133.0,0.0,0.0,0.0,0.0,0.0,0.0,110.09,110.09,110.09,0.383,2026-01-28 09:13:02,25240
MOTHERSON,2026-02-24,134.0,0.48,67650.0,0.0,0.0,0.0,0.0,110.09,110.09,110.09,0.383,2026-01-28 09:13:02,27260
MOTHERSON,2026-02-24,135.0,0.29,166050.0,0.0,25.75,12300.0,0.0,110.09,110.09,110.09,0.383,2026-01-28 09:13:02,29291
MOTHERSON,2026-02-24,136.0,0.4,116850.0,0.0,0.0,0.0,0.0,110.09,110.09,110.09,0.383,2026-01-28 09:13:02,31310
MOTHERSON,2026-02-24,138.0,0.57,159900.0,0.0,0.0,0.0,0.0,110.09,110.09,110.09,0.383,2026-01-28 09:13:02,35429
MOTHERSON,2026-02-24,140.0,0.17,276750.0,0.0,26.1,159900.0,0.0,110.09,110.09,110.09,0.383,2026-01-28 09:13:02,39584
MPHASIS,2026-02-24,2400.0,422.4,2200.0,0.0,6.05,19525.0,0.0,2816.0,2816.0,2816.0,0.353,2026-01-28 09:13:02,4783
MPHASIS,2026-02-24,2450.0,0.0,0.0,0.0,0.0,0.0,0.0,2816.0,2816.0,2816.0,0.353,2026-01-28 09:13:02,3592
MPHASIS,2026-02-24,2500.0,0.0,0.0,0.0,12.25,42075.0,0.0,2816.0,2816.0,2816.0,0.353,2026-01-28 09:13:02,2320
MPHASIS,2026-02-24,2550.0,0.0,0.0,0.0,17.65,2200.0,0.0,2816.0,2816.0,2816.0,0.353,2026-01-28 09:13:02,1207
MPHASIS,2026-02-24,2600.0,224.8,2750.0,0.0,24.7,41250.0,0.0,2816.0,2816.0,2816.0,0.353,2026-01-28 09:13:02,153
MPHASIS,2026-02-24,2650.0,0.0,0.0,0.0,34.15,17050.0,0.0,2816.0,2816.0,2816.0,0.353,2026-01-28 09:13:02,-717
MPHASIS,2026-02-24,2700.0,170.25,48950.0,0.0,46.4,31350.0,0.0,2816.0,2816.0,2816.0,0.353,2026-01-28 09:13:02,-1520
MPHASIS,2026-02-24,2750.0,138.55,24750.0,0.0,63.05,37950.0,0.0,2816.0,2816.0,2816.0,0.353,2026-01-28 09:13:02,-1176
MPHASIS,2026-02-24,2800.0,111.4,58850.0,0.0,83.5,51425.0,0.0,2816.0,2816.0,2816.0,0.353,2026-01-28 09:13:02,-1103
MPHASIS,2026-02-24,2850.0,85.2,28325.0,0.0,105.3,6600.0,0.0,2816.0,2816.0,2816.0,0.353,2026-01-28 09:13:02,-356
MPHASIS,2026-02-24,2900.0,64.9,61600.0,0.0,136.35,15675.0,0.0,2816.0,2816.0,2816.0,0.353,2026-01-28 09:13:02,511
MPHASIS,2026-02-24,2950.0,47.85,14850.0,0.0,0.0,0.0,0.0,2816.0,2816.0,2816.0,0.353,2026-01-28 09:13:02,1779
MPHASIS,2026-02-24,3000.0,35.45,66550.0,0.0,230.0,7700.0,0.0,2816.0,2816.0,2816.0,0.353,2026-01-28 09:13:02,3007
MPHASIS,2026-02-24,3050.0,25.9,10725.0,0.0,0.0,0.0,0.0,2816.0,2816.0,2816.0,0.353,2026-01-28 09:13:02,4593
MPHASIS,2026-02-24,3100.0,18.7,36575.0,0.0,320.0,1650.0,0.0,2816.0,2816.0,2816.0,0.353,2026-01-28 09:13:02,6202
MPHASIS,2026-02-24,3150.0,12.0,1375.0,0.0,0.0,0.0,0.0,2816.0,2816.0,2816.0,0.353,2026-01-28 09:13:02,7990
MPHASIS,2026-02-24,3200.0,10.0,14025.0,0.0,0.0,0.0,0.0,2816.0,2816.0,2816.0,0.353,2026-01-28 09:13:02,9771
MPHASIS,2026-02-24,3250.0,7.0,3300.0,0.0,0.0,0.0,0.0,2816.0,2816.0,2816.0,0.353,2026-01-28 09:13:02,11634
MPHASIS,2026-02-24,3300.0,6.75,2475.0,0.0,509.0,1650.0,0.0,2816.0,2816.0,2816.0,0.353,2026-01-28 09:13:02,13503
MPHASIS,2026-02-24,3400.0,3.0,12650.0,0.0,0.0,0.0,0.0,2816.0,2816.0,2816.0,0.353,2026-01-28 09:13:02,17193
MUTHOOTFIN,2026-02-24,3200.0,694.5,19800.0,0.0,14.7,8800.0,0.0,3905.0,3905.0,3905.0,0.972,2026-01-28 09:13:02,13104
MUTHOOTFIN,2026-02-24,3300.0,550.0,1650.0,0.0,21.0,28875.0,0.0,3905.0,3905.0,3905.0,0.972,2026-01-28 09:13:02,9360
MUTHOOTFIN,2026-02-24,3400.0,485.95,4675.0,0.0,30.35,44550.0,0.0,3905.0,3905.0,3905.0,0.972,2026-01-28 09:13:02,4589
MUTHOOTFIN,2026-02-24,3450.0,0.0,0.0,0.0,0.0,0.0,0.0,3905.0,3905.0,3905.0,0.972,2026-01-28 09:13:02,2526
MUTHOOTFIN,2026-02-24,3500.0,414.95,29150.0,0.0,44.55,144650.0,0.0,3905.0,3905.0,3905.0,0.972,2026-01-28 09:13:02,371
MUTHOOTFIN,2026-02-24,3550.0,0.0,0.0,0.0,52.2,2750.0,0.0,3905.0,3905.0,3905.0,0.972,2026-01-28 09:13:02,-348
MUTHOOTFIN,2026-02-24,3600.0,320.0,4400.0,0.0,61.9,38500.0,0.0,3905.0,3905.0,3905.0,0.972,2026-01-28 09:13:02,-1634
MUTHOOTFIN,2026-02-24,3650.0,0.0,0.0,0.0,73.0,4125.0,0.0,3905.0,3905.0,3905.0,0.972,2026-01-28 09:13:02,-2789
MUTHOOTFIN,2026-02-24,3700.0,285.45,93225.0,0.0,86.75,50600.0,0.0,3905.0,3905.0,3905.0,0.972,2026-01-28 09:13:02,-3856
MUTHOOTFIN,2026-02-24,3750.0,230.0,1650.0,0.0,104.85,15400.0,0.0,3905.0,3905.0,3905.0,0.972,2026-01-28 09:13:02,-1952
MUTHOOTFIN,2026-02-24,3800.0,221.55,44825.0,0.0,122.55,76175.0,0.0,3905.0,3905.0,3905.0,0.972,2026-01-28 09:13:02,-2308
MUTHOOTFIN,2026-02-24,3850.0,188.2,17325.0,0.0,142.0,16775.0,0.0,3905.0,3905.0,3905.0,0.972,2026-01-28 09:13:02,-1875
MUTHOOTFIN,2026-02-24,3900.0,162.75,85250.0,0.0,167.85,49225.0,0.0,3905.0,3905.0,3905.0,0.972,2026-01-28 09:13:02,-1244
MUTHOOTFIN,2026-02-24,3950.0,141.95,22825.0,0.0,200.65,4125.0,0.0,3905.0,3905.0,3905.0,0.972,2026-01-28 09:13:02,531
MUTHOOTFIN,2026-02-24,4000.0,117.35,140250.0,0.0,224.05,40425.0,0.0,3905.0,3905.0,3905.0,0.972,2026-01-28 09:13:02,2123
MUTHOOTFIN,2026-02-24,4050.0,95.6,7975.0,0.0,247.95,6050.0,0.0,3905.0,3905.0,3905.0,0.972,2026-01-28 09:13:02,5117
MUTHOOTFIN,2026-02-24,4100.0,83.7,41800.0,0.0,282.3,825.0,0.0,3905.0,3905.0,3905.0,0.972,2026-01-28 09:13:02,7367
MUTHOOTFIN,2026-02-24,4150.0,57.65,7425.0,0.0,0.0,0.0,0.0,3905.0,3905.0,3905.0,0.972,2026-01-28 09:13:02,10230
MUTHOOTFIN,2026-02-24,4200.0,57.15,81400.0,0.0,383.0,275.0,0.0,3905.0,3905.0,3905.0,0.972,2026-01-28 09:13:02,12847
MUTHOOTFIN,2026-02-24,4250.0,0.0,0.0,0.0,0.0,0.0,0.0,3905.0,3905.0,3905.0,0.972,2026-01-28 09:13:02,16284
MUTHOOTFIN,2026-02-24,4300.0,38.4,53075.0,0.0,0.0,0.0,0.0,3905.0,3905.0,3905.0,0.972,2026-01-28 09:13:02,19266
MUTHOOTFIN,2026-02-24,4350.0,23.65,3025.0,0.0,0.0,0.0,0.0,3905.0,3905.0,3905.0,0.972,2026-01-28 09:13:02,22718
MUTHOOTFIN,2026-02-24,4400.0,25.45,35200.0,0.0,606.05,7150.0,0.0,3905.0,3905.0,3905.0,0.972,2026-01-28 09:13:02,25988
MUTHOOTFIN,2026-02-24,4500.0,16.95,35750.0,0.0,0.0,0.0,0.0,3905.0,3905.0,3905.0,0.972,2026-01-28 09:13:02,32593
MUTHOOTFIN,2026-02-24,4600.0,11.6,19800.0,0.0,0.0,0.0,0.0,3905.0,3905.0,3905.0,0.972,2026-01-28 09:13:02,39961
NATIONALUM,2026-02-24,230.0,0.0,0.0,0.0,0.05,7500.0,0.0,388.3,388.3,388.3,0.962,2026-01-28 09:13:02,137511
NATIONALUM,2026-02-24,275.0,102.0,11250.0,0.0,0.1,7500.0,0.0,388.3,388.3,388.3,0.962,2026-01-28 09:13:02,71277
NATIONALUM,2026-02-24,280.0,96.0,41250.0,0.0,0.45,217500.0,0.0,388.3,388.3,388.3,0.962,2026-01-28 09:13:02,64042
NATIONALUM,2026-02-24,282.5,0.0,0.0,0.0,0.0,0.0,0.0,388.3,388.3,388.3,0.962,2026-01-28 09:13:02,60817
NATIONALUM,2026-02-24,285.0,89.0,41250.0,0.0,0.2,3750.0,0.0,388.3,388.3,388.3,0.962,2026-01-28 09:13:02,57207
NATIONALUM,2026-02-24,287.5,0.0,0.0,0.0,0.0,0.0,0.0,388.3,388.3,388.3,0.962,2026-01-28 09:13:02,53975
NATIONALUM,2026-02-24,290.0,89.55,41250.0,0.0,0.65,127500.0,0.0,388.3,388.3,388.3,0.962,2026-01-28 09:13:02,50376
NATIONALUM,2026-02-24,292.5,0.0,0.0,0.0,0.7,41250.0,0.0,388.3,388.3,388.3,0.962,2026-01-28 09:13:02,47180
NATIONALUM,2026-02-24,295.0,82.25,3750.0,0.0,0.35,48750.0,0.0,388.3,388.3,388.3,0.962,2026-01-28 09:13:02,43631
NATIONALUM,2026-02-24,297.5,0.0,0.0,0.0,0.0,0.0,0.0,388.3,388.3,388.3,0.962,2026-01-28 09:13:02,40127
NATIONALUM,2026-02-24,300.0,80.8,345000.0,0.0,0.95,1072500.0,0.0,388.3,388.3,388.3,0.962,2026-01-28 09:13:02,36593
NATIONALUM,2026-02-24,302.5,0.0,0.0,0.0,0.0,0.0,0.0,388.3,388.3,388.3,0.962,2026-01-28 09:13:02,36100
NATIONALUM,2026-02-24,305.0,0.0,0.0,0.0,1.05,176250.0,0.0,388.3,388.3,388.3,0.962,2026-01-28 09:13:02,32921
NATIONALUM,2026-02-24,307.5,0.0,0.0,0.0,1.15,37500.0,0.0,388.3,388.3,388.3,0.962,2026-01-28 09:13:02,29767
NATIONALUM,2026-02-24,310.0,76.95,30000.0,0.0,1.3,382500.0,0.0,388.3,388.3,388.3,0.962,2026-01-28 09:13:02,26637
NATIONALUM,2026-02-24,312.5,0.0,0.0,0.0,1.05,60000.0,0.0,388.3,388.3,388.3,0.962,2026-01-28 09:13:02,23796
NATIONALUM,2026-02-24,315.0,61.25,22500.0,0.0,1.6,67500.0,0.0,388.3,388.3,388.3,0.962,2026-01-28 09:13:02,20782
NATIONALUM,2026-02-24,317.5,60.5,7500.0,0.0,1.4,33750.0,0.0,388.3,388.3,388.3,0.962,2026-01-28 09:13:02,17924
NATIONALUM,2026-02-24,320.0,62.0,71250.0,0.0,1.85,690000.0,0.0,388.3,388.3,388.3,0.962,2026-01-28 09:13:02,14990
NATIONALUM,2026-02-24,322.5,65.4,0.0,0.0,1.95,41250.0,0.0,388.3,388.3,388.3,0.962,2026-01-28 09:13:02,12520
NATIONALUM,2026-02-24,325.0,47.0,41250.0,0.0,2.3,82500.0,0.0,388.3,388.3,388.3,0.962,2026-01-28 09:13:02,9738
NATIONALUM,2026-02-24,327.5,0.0,0.0,0.0,2.35,60000.0,0.0,388.3,388.3,388.3,0.962,2026-01-28 09:13:02,7169
NATIONALUM,2026-02-24,330.0,51.75,221250.0,0.0,2.7,855000.0,0.0,388.3,388.3,388.3,0.962,2026-01-28 09:13:02,4427
NATIONALUM,2026-02-24,332.5,0.0,0.0,0.0,2.9,75000.0,0.0,388.3,388.3,388.3,0.962,2026-01-28 09:13:02,2882
NATIONALUM,2026-02-24,335.0,50.0,41250.0,0.0,3.35,112500.0,0.0,388.3,388.3,388.3,0.962,2026-01-28 09:13:02,420
NATIONALUM,2026-02-24,337.5,0.0,0.0,0.0,4.55,3750.0,0.0,388.3,388.3,388.3,0.962,2026-01-28 09:13:02,-1812
NATIONALUM,2026-02-24,340.0,46.15,367500.0,0.0,3.95,1143750.0,0.0,388.3,388.3,388.3,0.962,2026-01-28 09:13:02,-4215
NATIONALUM,2026-02-24,342.5,0.0,0.0,0.0,4.35,48750.0,0.0,388.3,388.3,388.3,0.962,2026-01-28 09:13:02,-4994
NATIONALUM,2026-02-24,345.0,0.0,0.0,0.0,4.85,300000.0,0.0,388.3,388.3,388.3,0.962,2026-01-28 09:13:02,-7026
NATIONALUM,2026-02-24,347.5,35.0,7500.0,0.0,5.45,108750.0,0.0,388.3,388.3,388.3,0.962,2026-01-28 09:13:02,-9107
NATIONALUM,2026-02-24,350.0,38.0,570000.0,0.0,5.9,1650000.0,0.0,388.3,388.3,388.3,0.962,2026-01-28 09:13:02,-11047
NATIONALUM,2026-02-24,352.5,40.7,18750.0,0.0,6.35,52500.0,0.0,388.3,388.3,388.3,0.962,2026-01-28 09:13:02,-11206
NATIONALUM,2026-02-24,355.0,31.25,172500.0,0.0,7.15,367500.0,0.0,388.3,388.3,388.3,0.962,2026-01-28 09:13:02,-12498
NATIONALUM,2026-02-24,357.5,37.1,45000.0,0.0,7.65,60000.0,0.0,388.3,388.3,388.3,0.962,2026-01-28 09:13:02,-13420
NATIONALUM,2026-02-24,360.0,30.55,1155000.0,0.0,8.55,1432500.0,0.0,388.3,388.3,388.3,0.962,2026-01-28 09:13:02,-14472
NATIONALUM,2026-02-24,362.5,25.95,116250.0,0.0,9.55,108750.0,0.0,388.3,388.3,388.3,0.962,2026-01-28 09:13:02,-12694
NATIONALUM,2026-02-24,365.0,27.3,180000.0,0.0,10.15,243750.0,0.0,388.3,388.3,388.3,0.962,2026-01-28 09:13:02,-12966
NATIONALUM,2026-02-24,367.5,24.1,101250.0,0.0,11.15,112500.0,0.0,388.3,388.3,388.3,0.962,2026-01-28 09:13:02,-13086
NATIONALUM,2026-02-24,370.0,23.95,1702500.0,0.0,12.25,2178750.0,0.0,388.3,388.3,388.3,0.962,2026-01-28 09:13:02,-13278
NATIONALUM,2026-02-24,372.5,22.8,97500.0,0.0,13.1,168750.0,0.0,388.3,388.3,388.3,0.962,2026-01-28 09:13:02,-11209
NATIONALUM,2026-02-24,375.0,21.35,573750.0,0.0,14.25,333750.0,0.0,388.3,388.3,388.3,0.962,2026-01-28 09:13:02,-10481
NATIONALUM,2026-02-24,377.5,20.1,172500.0,0.0,15.4,168750.0,0.0,388.3,388.3,388.3,0.962,2026-01-28 09:13:02,-8779
NATIONALUM,2026-02-24,380.0,18.75,2756250.0,0.0,16.65,840000.0,0.0,388.3,388.3,388.3,0.962,2026-01-28 09:13:02,-7653
NATIONALUM,2026-02-24,382.5,17.55,221250.0,0.0,17.85,172500.0,0.0,388.3,388.3,388.3,0.962,2026-01-28 09:13:02,-1946
NATIONALUM,2026-02-24,385.0,16.45,828750.0,0.0,19.05,217500.0,0.0,388.3,388.3,388.3,0.962,2026-01-28 09:13:02,170
NATIONALUM,2026-02-24,387.5,15.45,180000.0,0.0,20.5,82500.0,0.0,388.3,388.3,388.3,0.962,2026-01-28 09:13:02,3417
NATIONALUM,2026-02-24,390.0,14.4,1556250.0,0.0,21.85,180000.0,0.0,388.3,388.3,388.3,0.962,2026-01-28 09:13:02,5889
NATIONALUM,2026-02-24,392.5,13.3,161250.0,0.0,23.35,7500.0,0.0,388.3,388.3,388.3,0.962,2026-01-28 09:13:02,10534
NATIONALUM,2026-02-24,395.0,12.3,671250.0,0.0,29.5,52500.0,0.0,388.3,388.3,388.3,0.962,2026-01-28 09:13:02,13571
NATIONALUM,2026-02-24,397.5,11.65,48750.0,0.0,0.0,0.0,0.0,388.3,388.3,388.3,0.962,2026-01-28 09:13:02,17262
NATIONALUM,2026-02-24,400.0,10.7,3292500.0,0.0,28.2,435000.0,0.0,388.3,388.3,388.3,0.962,2026-01-28 09:13:02,20352
NATIONALUM,2026-02-24,402.5,0.0,0.0,0.0,0.0,0.0,0.0,388.3,388.3,388.3,0.962,2026-01-28 09:13:02,26613
NATIONALUM,2026-02-24,405.0,9.15,221250.0,0.0,31.3,15000.0,0.0,388.3,388.3,388.3,0.962,2026-01-28 09:13:02,30578
NATIONALUM,2026-02-24,407.5,0.0,0.0,0.0,0.0,0.0,0.0,388.3,388.3,388.3,0.962,2026-01-28 09:13:02,34757
NATIONALUM,2026-02-24,410.0,7.8,975000.0,0.0,35.05,41250.0,0.0,388.3,388.3,388.3,0.962,2026-01-28 09:13:02,38781
NATIONALUM,2026-02-24,412.5,0.0,0.0,0.0,0.0,0.0,0.0,388.3,388.3,388.3,0.962,2026-01-28 09:13:02,43674
NATIONALUM,2026-02-24,415.0,6.65,2081250.0,0.0,0.0,0.0,0.0,388.3,388.3,388.3,0.962,2026-01-28 09:13:02,47952
NATIONALUM,2026-02-24,420.0,0.0,0.0,0.0,0.0,0.0,0.0,388.3,388.3,388.3,0.962,2026-01-28 09:13:02,58932
NATIONALUM,2026-02-24,425.0,0.0,0.0,0.0,0.0,0.0,0.0,388.3,388.3,388.3,0.962,2026-01-28 09:13:02,68529
NAUKRI,2026-02-24,1080.0,0.0,0.0,0.0,0.0,0.0,0.0,1280.0,1280.0,1280.0,0.078,2026-01-28 09:13:02,11472
NAUKRI,2026-02-24,1120.0,249.35,1125.0,0.0,8.8,16125.0,0.0,1280.0,1280.0,1280.0,0.078,2026-01-28 09:13:02,8308
NAUKRI,2026-02-24,1140.0,0.0,0.0,0.0,0.0,0.0,0.0,1280.0,1280.0,1280.0,0.078,2026-01-28 09:13:02,6775
NAUKRI,2026-02-24,1160.0,175.55,1125.0,0.0,13.9,15750.0,0.0,1280.0,1280.0,1280.0,0.078,2026-01-28 09:13:02,5228
NAUKRI,2026-02-24,1180.0,0.0,0.0,0.0,17.3,19125.0,0.0,1280.0,1280.0,1280.0,0.078,2026-01-28 09:13:02,3712
NAUKRI,2026-02-24,1200.0,134.7,750.0,0.0,21.5,346500.0,0.0,1280.0,1280.0,1280.0,0.078,2026-01-28 09:13:02,2204
NAUKRI,2026-02-24,1220.0,0.0,0.0,0.0,25.9,45000.0,0.0,1280.0,1280.0,1280.0,0.078,2026-01-28 09:13:02,688
NAUKRI,2026-02-24,1240.0,0.0,0.0,0.0,31.6,39375.0,0.0,1280.0,1280.0,1280.0,0.078,2026-01-28 09:13:02,-118
NAUKRI,2026-02-24,1260.0,64.4,15000.0,0.0,38.1,51000.0,0.0,1280.0,1280.0,1280.0,0.078,2026-01-28 09:13:02,-855
NAUKRI,2026-02-24,1280.0,52.4,27000.0,0.0,46.0,37875.0,0.0,1280.0,1280.0,1280.0,0.078,2026-01-28 09:13:02,-1432
NAUKRI,2026-02-24,1300.0,41.9,87375.0,0.0,55.2,106500.0,0.0,1280.0,1280.0,1280.0,0.078,2026-01-28 09:13:02,-1815
NAUKRI,2026-02-24,1320.0,33.1,297375.0,0.0,66.1,24000.0,0.0,1280.0,1280.0,1280.0,0.078,2026-01-28 09:13:02,-2000
NAUKRI,2026-02-24,1340.0,25.85,35625.0,0.0,91.0,13500.0,0.0,1280.0,1280.0,1280.0,0.078,2026-01-28 09:13:02,-494
NAUKRI,2026-02-24,1360.0,20.2,60375.0,0.0,90.75,11625.0,0.0,1280.0,1280.0,1280.0,0.078,2026-01-28 09:13:02,253
NAUKRI,2026-02-24,1380.0,15.7,33375.0,0.0,102.6,750.0,0.0,1280.0,1280.0,1280.0,0.078,2026-01-28 09:13:02,1192
NAUKRI,2026-02-24,1400.0,12.5,110250.0,0.0,125.85,30750.0,0.0,1280.0,1280.0,1280.0,0.078,2026-01-28 09:13:02,2227
NAUKRI,2026-02-24,1420.0,20.1,0.0,0.0,0.0,0.0,0.0,1280.0,1280.0,1280.0,0.078,2026-01-28 09:13:02,3251
NAUKRI,2026-02-24,1440.0,7.65,48000.0,0.0,0.0,0.0,0.0,1280.0,1280.0,1280.0,0.078,2026-01-28 09:13:02,4524
NAUKRI,2026-02-24,1460.0,5.9,21375.0,0.0,153.7,1500.0,0.0,1280.0,1280.0,1280.0,0.078,2026-01-28 09:13:02,5929
NAUKRI,2026-02-24,1480.0,12.55,1500.0,0.0,186.9,1500.0,0.0,1280.0,1280.0,1280.0,0.078,2026-01-28 09:13:02,7333
NAUKRI,2026-02-24,1500.0,3.95,58500.0,0.0,196.45,4500.0,0.0,1280.0,1280.0,1280.0,0.078,2026-01-28 09:13:02,8728
NAUKRI,2026-02-24,1520.0,5.3,5625.0,0.0,188.0,0.0,0.0,1280.0,1280.0,1280.0,0.078,2026-01-28 09:13:02,10209
NAUKRI,2026-02-24,1560.0,3.7,2625.0,0.0,291.0,25500.0,0.0,1280.0,1280.0,1280.0,0.078,2026-01-28 09:13:02,13327
NAUKRI,2026-02-24,1600.0,3.3,18375.0,0.0,0.0,0.0,0.0,1280.0,1280.0,1280.0,0.078,2026-01-28 09:13:02,15814
NBCC,2026-02-24,78.0,0.0,0.0,0.0,0.55,0.0,0.0,97.88,97.88,97.88,1.074,2026-01-28 09:13:02,27175
NBCC,2026-02-24,80.0,0.0,0.0,0.0,0.52,182000.0,0.0,97.88,97.88,97.88,1.074,2026-01-28 09:13:02,24140
NBCC,2026-02-24,82.0,15.51,19500.0,0.0,0.69,240500.0,0.0,97.88,97.88,97.88,1.074,2026-01-28 09:13:02,21133
NBCC,2026-02-24,83.0,0.0,0.0,0.0,0.0,0.0,0.0,97.88,97.88,97.88,1.074,2026-01-28 09:13:02,19674
NBCC,2026-02-24,84.0,0.0,0.0,0.0,0.88,279500.0,0.0,97.88,97.88,97.88,1.074,2026-01-28 09:13:02,18201
NBCC,2026-02-24,85.0,0.0,0.0,0.0,0.0,0.0,0.0,97.88,97.88,97.88,1.074,2026-01-28 09:13:02,16731
NBCC,2026-02-24,86.0,0.0,0.0,0.0,0.0,0.0,0.0,97.88,97.88,97.88,1.074,2026-01-28 09:13:02,15286
NBCC,2026-02-24,87.0,0.0,0.0,0.0,0.0,0.0,0.0,97.88,97.88,97.88,1.074,2026-01-28 09:13:02,13842
NBCC,2026-02-24,88.0,0.0,0.0,0.0,1.54,1508000.0,0.0,97.88,97.88,97.88,1.074,2026-01-28 09:13:02,12397
NBCC,2026-02-24,89.0,0.0,0.0,0.0,1.75,71500.0,0.0,97.88,97.88,97.88,1.074,2026-01-28 09:13:02,10870
NBCC,2026-02-24,90.0,7.89,39000.0,0.0,2.01,2476500.0,0.0,97.88,97.88,97.88,1.074,2026-01-28 09:13:02,9571
NBCC,2026-02-24,91.0,0.0,0.0,0.0,2.69,39000.0,0.0,97.88,97.88,97.88,1.074,2026-01-28 09:13:02,8068
NBCC,2026-02-24,92.0,0.0,0.0,0.0,3.03,91000.0,0.0,97.88,97.88,97.88,1.074,2026-01-28 09:13:02,7026
NBCC,2026-02-24,93.0,0.0,0.0,0.0,2.92,208000.0,0.0,97.88,97.88,97.88,1.074,2026-01-28 09:13:02,5976
NBCC,2026-02-24,94.0,6.38,240500.0,0.0,3.16,565500.0,0.0,97.88,97.88,97.88,1.074,2026-01-28 09:13:02,4914
NBCC,2026-02-24,95.0,5.89,676000.0,0.0,3.46,1332500.0,0.0,97.88,97.88,97.88,1.074,2026-01-28 09:13:02,3967
NBCC,2026-02-24,96.0,5.39,344500.0,0.0,4.14,682500.0,0.0,97.88,97.88,97.88,1.074,2026-01-28 09:13:02,3184
NBCC,2026-02-24,97.0,4.98,572000.0,0.0,4.41,708500.0,0.0,97.88,97.88,97.88,1.074,2026-01-28 09:13:02,2470
NBCC,2026-02-24,98.0,4.52,578500.0,0.0,5.06,533000.0,0.0,97.88,97.88,97.88,1.074,2026-01-28 09:13:02,1953
NBCC,2026-02-24,99.0,3.97,409500.0,0.0,0.0,0.0,0.0,97.88,97.88,97.88,1.074,2026-01-28 09:13:02,1566
NBCC,2026-02-24,100.0,3.59,3204500.0,0.0,6.12,2158000.0,0.0,97.88,97.88,97.88,1.074,2026-01-28 09:13:02,1392
NBCC,2026-02-24,101.0,2.49,71500.0,0.0,7.47,52000.0,0.0,97.88,97.88,97.88,1.074,2026-01-28 09:13:02,1420
NBCC,2026-02-24,102.0,2.92,247000.0,0.0,8.12,32500.0,0.0,97.88,97.88,97.88,1.074,2026-01-28 09:13:02,1611
NBCC,2026-02-24,103.0,2.5,78000.0,0.0,8.79,84500.0,0.0,97.88,97.88,97.88,1.074,2026-01-28 09:13:02,1895
NBCC,2026-02-24,104.0,2.27,71500.0,0.0,10.34,208000.0,0.0,97.88,97.88,97.88,1.074,2026-01-28 09:13:02,2096
NBCC,2026-02-24,105.0,2.06,1430000.0,0.0,9.91,559000.0,0.0,97.88,97.88,97.88,1.074,2026-01-28 09:13:02,2181
NBCC,2026-02-24,106.0,0.0,0.0,0.0,11.45,305500.0,0.0,97.88,97.88,97.88,1.074,2026-01-28 09:13:02,2404
NBCC,2026-02-24,107.0,0.0,0.0,0.0,11.71,13000.0,0.0,97.88,97.88,97.88,1.074,2026-01-28 09:13:02,2567
NBCC,2026-02-24,108.0,1.5,71500.0,0.0,13.21,84500.0,0.0,97.88,97.88,97.88,1.074,2026-01-28 09:13:02,3066
NBCC,2026-02-24,109.0,1.24,78000.0,0.0,14.5,13000.0,0.0,97.88,97.88,97.88,1.074,2026-01-28 09:13:02,3494
NBCC,2026-02-24,110.0,1.18,3360500.0,0.0,13.78,1072500.0,0.0,97.88,97.88,97.88,1.074,2026-01-28 09:13:02,4024
NBCC,2026-02-24,111.0,0.0,0.0,0.0,14.5,52000.0,0.0,97.88,97.88,97.88,1.074,2026-01-28 09:13:02,3925
NBCC,2026-02-24,112.0,0.0,0.0,0.0,15.79,13000.0,0.0,97.88,97.88,97.88,1.074,2026-01-28 09:13:02,4837
NBCC,2026-02-24,113.0,0.0,0.0,0.0,16.66,123500.0,0.0,97.88,97.88,97.88,1.074,2026-01-28 09:13:02,5805
NBCC,2026-02-24,114.0,0.79,351000.0,0.0,0.0,0.0,0.0,97.88,97.88,97.88,1.074,2026-01-28 09:13:02,6600
NBCC,2026-02-24,115.0,0.73,1241500.0,0.0,17.96,338000.0,0.0,97.88,97.88,97.88,1.074,2026-01-28 09:13:02,7664
NBCC,2026-02-24,116.0,0.0,0.0,0.0,19.33,6500.0,0.0,97.88,97.88,97.88,1.074,2026-01-28 09:13:02,8342
NBCC,2026-02-24,117.0,0.62,19500.0,0.0,20.0,65000.0,0.0,97.88,97.88,97.88,1.074,2026-01-28 09:13:02,9524
NBCC,2026-02-24,118.0,0.58,195000.0,0.0,21.16,13000.0,0.0,97.88,97.88,97.88,1.074,2026-01-28 09:13:02,10598
NBCC,2026-02-24,119.0,0.0,0.0,0.0,22.09,26000.0,0.0,97.88,97.88,97.88,1.074,2026-01-28 09:13:02,11806
NBCC,2026-02-24,120.0,0.42,1976000.0,0.0,23.45,520000.0,0.0,97.88,97.88,97.88,1.074,2026-01-28 09:13:02,12975
NBCC,2026-02-24,121.0,0.4,6500.0,0.0,0.0,0.0,0.0,97.88,97.88,97.88,1.074,2026-01-28 09:13:02,13315
NBCC,2026-02-24,122.0,0.0,0.0,0.0,0.0,0.0,0.0,97.88,97.88,97.88,1.074,2026-01-28 09:13:02,14792
NBCC,2026-02-24,123.0,0.27,143000.0,0.0,25.87,91000.0,0.0,97.88,97.88,97.88,1.074,2026-01-28 09:13:02,16269
NBCC,2026-02-24,124.0,0.0,0.0,0.0,0.0,0.0,0.0,97.88,97.88,97.88,1.074,2026-01-28 09:13:02,17537
NBCC,2026-02-24,125.0,0.38,344500.0,0.0,29.21,383500.0,0.0,97.88,97.88,97.88,1.074,2026-01-28 09:13:02,19037
NBCC,2026-02-24,126.0,0.18,6500.0,0.0,0.0,0.0,0.0,97.88,97.88,97.88,1.074,2026-01-28 09:13:02,19503
NBCC,2026-02-24,127.0,0.16,19500.0,0.0,0.0,0.0,0.0,97.88,97.88,97.88,1.074,2026-01-28 09:13:02,21077
NBCC,2026-02-24,128.0,0.0,0.0,0.0,0.0,0.0,0.0,97.88,97.88,97.88,1.074,2026-01-28 09:13:02,22653
NBCC,2026-02-24,129.0,0.0,0.0,0.0,0.0,0.0,0.0,97.88,97.88,97.88,1.074,2026-01-28 09:13:02,24229
NBCC,2026-02-24,130.0,0.27,487500.0,0.0,35.5,39000.0,0.0,97.88,97.88,97.88,1.074,2026-01-28 09:13:02,25804
NBCC,2026-02-24,131.0,0.09,19500.0,0.0,0.0,0.0,0.0,97.88,97.88,97.88,1.074,2026-01-28 09:13:02,27307
NBCC,2026-02-24,132.0,0.07,117000.0,0.0,0.0,0.0,0.0,97.88,97.88,97.88,1.074,2026-01-28 09:13:02,28938
NBCC,2026-02-24,133.0,0.06,13000.0,0.0,0.0,0.0,0.0,97.88,97.88,97.88,1.074,2026-01-28 09:13:02,30580
NBCC,2026-02-24,134.0,0.05,45500.0,0.0,0.0,0.0,0.0,97.88,97.88,97.88,1.074,2026-01-28 09:13:02,32224
NBCC,2026-02-24,135.0,0.05,52000.0,0.0,0.0,0.0,0.0,97.88,97.88,97.88,1.074,2026-01-28 09:13:02,33872
NBCC,2026-02-24,136.0,0.04,78000.0,0.0,0.0,0.0,0.0,97.88,97.88,97.88,1.074,2026-01-28 09:13:02,35525
NBCC,2026-02-24,138.0,0.03,78000.0,0.0,0.0,0.0,0.0,97.88,97.88,97.88,1.074,2026-01-28 09:13:02,38847
NBCC,2026-02-24,140.0,0.15,169000.0,0.0,0.0,0.0,0.0,97.88,97.88,97.88,1.074,2026-01-28 09:13:02,42184
NESTLEIND,2026-02-24,1100.0,200.0,500.0,0.0,0.1,2000.0,0.0,1297.2,1297.2,1297.2,-0.468,2026-01-28 09:13:02,9134
NESTLEIND,2026-02-24,1120.0,0.0,0.0,0.0,0.0,0.0,0.0,1297.2,1297.2,1297.2,-0.468,2026-01-28 09:13:02,7778
NESTLEIND,2026-02-24,1140.0,0.0,0.0,0.0,2.0,500.0,0.0,1297.2,1297.2,1297.2,-0.468,2026-01-28 09:13:02,6412
NESTLEIND,2026-02-24,1160.0,0.0,0.0,0.0,0.0,0.0,0.0,1297.2,1297.2,1297.2,-0.468,2026-01-28 09:13:02,5047
NESTLEIND,2026-02-24,1170.0,139.75,5000.0,0.0,0.0,0.0,0.0,1297.2,1297.2,1297.2,-0.468,2026-01-28 09:13:02,4365
NESTLEIND,2026-02-24,1180.0,0.0,0.0,0.0,0.0,0.0,0.0,1297.2,1297.2,1297.2,-0.468,2026-01-28 09:13:02,3757
NESTLEIND,2026-02-24,1190.0,0.0,0.0,0.0,0.0,0.0,0.0,1297.2,1297.2,1297.2,-0.468,2026-01-28 09:13:02,3080
NESTLEIND,2026-02-24,1200.0,107.95,51000.0,0.0,7.8,142000.0,0.0,1297.2,1297.2,1297.2,-0.468,2026-01-28 09:13:02,2402
NESTLEIND,2026-02-24,1210.0,0.0,0.0,0.0,0.0,0.0,0.0,1297.2,1297.2,1297.2,-0.468,2026-01-28 09:13:02,2357
NESTLEIND,2026-02-24,1220.0,95.0,500.0,0.0,11.35,12000.0,0.0,1297.2,1297.2,1297.2,-0.468,2026-01-28 09:13:02,1873
NESTLEIND,2026-02-24,1230.0,85.5,500.0,0.0,0.0,0.0,0.0,1297.2,1297.2,1297.2,-0.468,2026-01-28 09:13:02,1392
NESTLEIND,2026-02-24,1240.0,73.3,500.0,0.0,14.9,36000.0,0.0,1297.2,1297.2,1297.2,-0.468,2026-01-28 09:13:02,925
NESTLEIND,2026-02-24,1250.0,70.0,3000.0,0.0,17.0,29500.0,0.0,1297.2,1297.2,1297.2,-0.468,2026-01-28 09:13:02,440
NESTLEIND,2026-02-24,1260.0,63.0,11000.0,0.0,19.95,36000.0,0.0,1297.2,1297.2,1297.2,-0.468,2026-01-28 09:13:02,8
NESTLEIND,2026-02-24,1270.0,62.0,2000.0,0.0,22.75,9500.0,0.0,1297.2,1297.2,1297.2,-0.468,2026-01-28 09:13:02,-349
NESTLEIND,2026-02-24,1280.0,51.9,13000.0,0.0,26.15,32000.0,0.0,1297.2,1297.2,1297.2,-0.468,2026-01-28 09:13:02,-702
NESTLEIND,2026-02-24,1290.0,43.1,7500.0,0.0,30.25,20500.0,0.0,1297.2,1297.2,1297.2,-0.468,2026-01-28 09:13:02,-1017
NESTLEIND,2026-02-24,1300.0,40.05,264000.0,0.0,35.5,305500.0,0.0,1297.2,1297.2,1297.2,-0.468,2026-01-28 09:13:02,-1318
NESTLEIND,2026-02-24,1310.0,35.1,50500.0,0.0,41.0,18500.0,0.0,1297.2,1297.2,1297.2,-0.468,2026-01-28 09:13:02,-1047
NESTLEIND,2026-02-24,1320.0,30.4,42500.0,0.0,46.05,12500.0,0.0,1297.2,1297.2,1297.2,-0.468,2026-01-28 09:13:02,-578
NESTLEIND,2026-02-24,1330.0,26.85,18000.0,0.0,51.55,1500.0,0.0,1297.2,1297.2,1297.2,-0.468,2026-01-28 09:13:02,-84
NESTLEIND,2026-02-24,1340.0,22.85,13000.0,0.0,43.9,500.0,0.0,1297.2,1297.2,1297.2,-0.468,2026-01-28 09:13:02,398
NESTLEIND,2026-02-24,1350.0,19.7,82500.0,0.0,65.0,18500.0,0.0,1297.2,1297.2,1297.2,-0.468,2026-01-28 09:13:02,881
NESTLEIND,2026-02-24,1360.0,16.75,45500.0,0.0,64.2,500.0,0.0,1297.2,1297.2,1297.2,-0.468,2026-01-28 09:13:02,1480
NESTLEIND,2026-02-24,1370.0,14.7,7500.0,0.0,0.0,0.0,0.0,1297.2,1297.2,1297.2,-0.468,2026-01-28 09:13:02,2155
NESTLEIND,2026-02-24,1380.0,11.6,9500.0,0.0,0.0,0.0,0.0,1297.2,1297.2,1297.2,-0.468,2026-01-28 09:13:02,2776
NESTLEIND,2026-02-24,1390.0,0.0,0.0,0.0,0.0,0.0,0.0,1297.2,1297.2,1297.2,-0.468,2026-01-28 09:13:02,3407
NESTLEIND,2026-02-24,1400.0,9.1,93500.0,0.0,109.0,3000.0,0.0,1297.2,1297.2,1297.2,-0.468,2026-01-28 09:13:02,4026
NESTLEIND,2026-02-24,1410.0,7.85,10000.0,0.0,0.0,0.0,0.0,1297.2,1297.2,1297.2,-0.468,2026-01-28 09:13:02,4795
NESTLEIND,2026-02-24,1420.0,6.5,19000.0,0.0,0.0,0.0,0.0,1297.2,1297.2,1297.2,-0.468,2026-01-28 09:13:02,5528
NESTLEIND,2026-02-24,1430.0,6.0,4500.0,0.0,0.0,0.0,0.0,1297.2,1297.2,1297.2,-0.468,2026-01-28 09:13:02,6286
NESTLEIND,2026-02-24,1440.0,2.35,4000.0,0.0,0.0,0.0,0.0,1297.2,1297.2,1297.2,-0.468,2026-01-28 09:13:02,7038
NESTLEIND,2026-02-24,1460.0,0.0,0.0,0.0,0.0,0.0,0.0,1297.2,1297.2,1297.2,-0.468,2026-01-28 09:13:02,8546
NESTLEIND,2026-02-24,1480.0,0.8,14000.0,0.0,0.0,0.0,0.0,1297.2,1297.2,1297.2,-0.468,2026-01-28 09:13:02,10053
NESTLEIND,2026-02-24,1500.0,2.7,29500.0,0.0,195.5,5000.0,0.0,1297.2,1297.2,1297.2,-0.468,2026-01-28 09:13:02,11589
NHPC,2026-02-24,64.0,0.0,0.0,0.0,0.0,0.0,0.0,75.3,75.3,75.3,0.213,2026-01-28 09:13:02,9857
NHPC,2026-02-24,66.0,0.0,0.0,0.0,0.47,857600.0,0.0,75.3,75.3,75.3,0.213,2026-01-28 09:13:02,7755
NHPC,2026-02-24,67.0,0.0,0.0,0.0,0.0,0.0,0.0,75.3,75.3,75.3,0.213,2026-01-28 09:13:02,6750
NHPC,2026-02-24,68.0,7.98,19200.0,0.0,0.0,0.0,0.0,75.3,75.3,75.3,0.213,2026-01-28 09:13:02,5785
NHPC,2026-02-24,69.0,0.0,0.0,0.0,0.0,0.0,0.0,75.3,75.3,75.3,0.213,2026-01-28 09:13:02,4837
NHPC,2026-02-24,70.0,6.4,179200.0,0.0,1.05,1574400.0,0.0,75.3,75.3,75.3,0.213,2026-01-28 09:13:02,3874
NHPC,2026-02-24,71.0,0.0,0.0,0.0,1.28,345600.0,0.0,75.3,75.3,75.3,0.213,2026-01-28 09:13:02,3035
NHPC,2026-02-24,72.0,0.0,0.0,0.0,1.56,576000.0,0.0,75.3,75.3,75.3,0.213,2026-01-28 09:13:02,2238
NHPC,2026-02-24,73.0,4.06,25600.0,0.0,1.95,288000.0,0.0,75.3,75.3,75.3,0.213,2026-01-28 09:13:02,1452
NHPC,2026-02-24,74.0,3.65,179200.0,0.0,2.38,633600.0,0.0,75.3,75.3,75.3,0.213,2026-01-28 09:13:02,742
NHPC,2026-02-24,75.0,3.09,1024000.0,0.0,2.81,2572800.0,0.0,75.3,75.3,75.3,0.213,2026-01-28 09:13:02,74
NHPC,2026-02-24,76.0,2.64,384000.0,0.0,3.25,396800.0,0.0,75.3,75.3,75.3,0.213,2026-01-28 09:13:02,-555
NHPC,2026-02-24,77.0,2.21,576000.0,0.0,3.88,371200.0,0.0,75.3,75.3,75.3,0.213,2026-01-28 09:13:02,-728
NHPC,2026-02-24,78.0,1.87,1152000.0,0.0,4.57,307200.0,0.0,75.3,75.3,75.3,0.213,2026-01-28 09:13:02,-795
NHPC,2026-02-24,79.0,1.58,128000.0,0.0,5.7,12800.0,0.0,75.3,75.3,75.3,0.213,2026-01-28 09:13:02,-625
NHPC,2026-02-24,80.0,1.32,3059200.0,0.0,6.01,1702400.0,0.0,75.3,75.3,75.3,0.213,2026-01-28 09:13:02,-503
NHPC,2026-02-24,81.0,1.1,230400.0,0.0,6.56,51200.0,0.0,75.3,75.3,75.3,0.213,2026-01-28 09:13:02,-536
NHPC,2026-02-24,82.0,0.91,467200.0,0.0,8.26,89600.0,0.0,75.3,75.3,75.3,0.213,2026-01-28 09:13:02,68
NHPC,2026-02-24,83.0,0.76,300800.0,0.0,8.18,64000.0,0.0,75.3,75.3,75.3,0.213,2026-01-28 09:13:02,706
NHPC,2026-02-24,84.0,0.62,153600.0,0.0,10.03,64000.0,0.0,75.3,75.3,75.3,0.213,2026-01-28 09:13:02,1382
NHPC,2026-02-24,85.0,0.53,1465600.0,0.0,10.39,492800.0,0.0,75.3,75.3,75.3,0.213,2026-01-28 09:13:02,2055
NHPC,2026-02-24,86.0,0.35,12800.0,0.0,10.81,19200.0,0.0,75.3,75.3,75.3,0.213,2026-01-28 09:13:02,2545
NHPC,2026-02-24,87.0,0.5,32000.0,0.0,12.5,12800.0,0.0,75.3,75.3,75.3,0.213,2026-01-28 09:13:02,3451
NHPC,2026-02-24,88.0,0.32,755200.0,0.0,12.67,0.0,0.0,75.3,75.3,75.3,0.213,2026-01-28 09:13:02,4368
NHPC,2026-02-24,89.0,0.0,0.0,0.0,0.0,0.0,0.0,75.3,75.3,75.3,0.213,2026-01-28 09:13:02,5399
NHPC,2026-02-24,90.0,0.25,774400.0,0.0,15.5,64000.0,0.0,75.3,75.3,75.3,0.213,2026-01-28 09:13:02,6405
NHPC,2026-02-24,91.0,0.09,12800.0,0.0,0.0,0.0,0.0,75.3,75.3,75.3,0.213,2026-01-28 09:13:02,7416
NHPC,2026-02-24,92.0,0.21,140800.0,0.0,17.0,12800.0,0.0,75.3,75.3,75.3,0.213,2026-01-28 09:13:02,8508
NHPC,2026-02-24,93.0,0.0,0.0,0.0,0.0,0.0,0.0,75.3,75.3,75.3,0.213,2026-01-28 09:13:02,9597
NHPC,2026-02-24,94.0,0.0,0.0,0.0,0.0,0.0,0.0,75.3,75.3,75.3,0.213,2026-01-28 09:13:02,10704
NHPC,2026-02-24,95.0,0.17,345600.0,0.0,0.0,0.0,0.0,75.3,75.3,75.3,0.213,2026-01-28 09:13:02,11811
NHPC,2026-02-24,96.0,0.02,12800.0,0.0,0.0,0.0,0.0,75.3,75.3,75.3,0.213,2026-01-28 09:13:02,12959
NMDC,2026-02-24,64.0,0.0,0.0,0.0,0.24,256500.0,0.0,79.37,79.37,79.37,0.672,2026-01-28 09:13:02,34904
NMDC,2026-02-24,66.0,13.35,533250.0,0.0,0.32,1991250.0,0.0,79.37,79.37,79.37,0.672,2026-01-28 09:13:02,28518
NMDC,2026-02-24,68.0,11.39,27000.0,0.0,0.43,175500.0,0.0,79.37,79.37,79.37,0.672,2026-01-28 09:13:02,23291
NMDC,2026-02-24,69.0,0.0,0.0,0.0,0.51,364500.0,0.0,79.37,79.37,79.37,0.672,2026-01-28 09:13:02,20396
NMDC,2026-02-24,70.0,9.8,229500.0,0.0,0.61,5265000.0,0.0,79.37,79.37,79.37,0.672,2026-01-28 09:13:02,17497
NMDC,2026-02-24,71.0,0.0,0.0,0.0,0.58,47250.0,0.0,79.37,79.37,79.37,0.672,2026-01-28 09:13:02,15069
NMDC,2026-02-24,72.0,0.0,0.0,0.0,0.85,1404000.0,0.0,79.37,79.37,79.37,0.672,2026-01-28 09:13:02,12740
NMDC,2026-02-24,73.0,0.0,0.0,0.0,1.02,276750.0,0.0,79.37,79.37,79.37,0.672,2026-01-28 09:13:02,10434
NMDC,2026-02-24,74.0,7.0,94500.0,0.0,1.23,843750.0,0.0,79.37,79.37,79.37,0.672,2026-01-28 09:13:02,8247
NMDC,2026-02-24,75.0,5.94,2274750.0,0.0,1.52,2457000.0,0.0,79.37,79.37,79.37,0.672,2026-01-28 09:13:02,6145
NMDC,2026-02-24,76.0,5.33,357750.0,0.0,1.73,614250.0,0.0,79.37,79.37,79.37,0.672,2026-01-28 09:13:02,5531
NMDC,2026-02-24,77.0,4.61,2207250.0,0.0,2.0,837000.0,0.0,79.37,79.37,79.37,0.672,2026-01-28 09:13:02,4121
NMDC,2026-02-24,78.0,3.98,2288250.0,0.0,2.48,2187000.0,0.0,79.37,79.37,79.37,0.672,2026-01-28 09:13:02,3781
NMDC,2026-02-24,79.0,3.53,1181250.0,0.0,2.89,823500.0,0.0,79.37,79.37,79.37,0.672,2026-01-28 09:13:02,3407
NMDC,2026-02-24,80.0,3.03,7533000.0,0.0,3.34,5001750.0,0.0,79.37,79.37,79.37,0.672,2026-01-28 09:13:02,3044
NMDC,2026-02-24,81.0,2.52,1350000.0,0.0,4.12,546750.0,0.0,79.37,79.37,79.37,0.672,2026-01-28 09:13:02,4367
NMDC,2026-02-24,82.0,2.15,2457000.0,0.0,4.75,911250.0,0.0,79.37,79.37,79.37,0.672,2026-01-28 09:13:02,5383
NMDC,2026-02-24,83.0,1.84,985500.0,0.0,5.68,587250.0,0.0,79.37,79.37,79.37,0.672,2026-01-28 09:13:02,6716
NMDC,2026-02-24,84.0,1.5,1890000.0,0.0,6.1,762750.0,0.0,79.37,79.37,79.37,0.672,2026-01-28 09:13:02,7959
NMDC,2026-02-24,85.0,1.26,4765500.0,0.0,6.53,1559250.0,0.0,79.37,79.37,79.37,0.672,2026-01-28 09:13:02,9438
NMDC,2026-02-24,86.0,1.05,1080000.0,0.0,8.2,317250.0,0.0,79.37,79.37,79.37,0.672,2026-01-28 09:13:02,11313
NMDC,2026-02-24,87.0,0.89,796500.0,0.0,8.62,20250.0,0.0,79.37,79.37,79.37,0.672,2026-01-28 09:13:02,13599
NMDC,2026-02-24,88.0,0.73,823500.0,0.0,10.64,74250.0,0.0,79.37,79.37,79.37,0.672,2026-01-28 09:13:02,16167
NMDC,2026-02-24,89.0,0.57,6750.0,0.0,10.32,13500.0,0.0,79.37,79.37,79.37,0.672,2026-01-28 09:13:02,18752
NMDC,2026-02-24,90.0,0.51,9348750.0,0.0,10.64,4509000.0,0.0,79.37,79.37,79.37,0.672,2026-01-28 09:13:02,21345
NMDC,2026-02-24,91.0,0.41,2517750.0,0.0,13.52,60750.0,0.0,79.37,79.37,79.37,0.672,2026-01-28 09:13:02,21016
NMDC,2026-02-24,92.0,0.35,810000.0,0.0,13.06,94500.0,0.0,79.37,79.37,79.37,0.672,2026-01-28 09:13:02,25287
NMDC,2026-02-24,93.0,0.3,540000.0,0.0,0.0,0.0,0.0,79.37,79.37,79.37,0.672,2026-01-28 09:13:02,29532
NMDC,2026-02-24,94.0,0.25,1113750.0,0.0,14.91,128250.0,0.0,79.37,79.37,79.37,0.672,2026-01-28 09:13:02,33943
NMDC,2026-02-24,96.0,0.11,735750.0,0.0,16.83,6750.0,0.0,79.37,79.37,79.37,0.672,2026-01-28 09:13:02,42816
NMDC,2026-02-24,98.0,0.15,600750.0,0.0,19.0,20250.0,0.0,79.37,79.37,79.37,0.672,2026-01-28 09:13:02,51998
NTPC,2026-02-24,280.0,0.0,0.0,0.0,0.6,33000.0,0.0,344.7,344.7,344.7,0.0,2026-01-28 09:13:02,61430
NTPC,2026-02-24,285.0,0.0,0.0,0.0,0.0,0.0,0.0,344.7,344.7,344.7,0.0,2026-01-28 09:13:02,56164
NTPC,2026-02-24,290.0,56.1,3000.0,0.0,0.85,1500.0,0.0,344.7,344.7,344.7,0.0,2026-01-28 09:13:02,50900
NTPC,2026-02-24,295.0,0.0,0.0,0.0,0.0,0.0,0.0,344.7,344.7,344.7,0.0,2026-01-28 09:13:02,45655
NTPC,2026-02-24,300.0,46.35,1500.0,0.0,1.25,186000.0,0.0,344.7,344.7,344.7,0.0,2026-01-28 09:13:02,40393
NTPC,2026-02-24,302.5,0.0,0.0,0.0,0.0,0.0,0.0,344.7,344.7,344.7,0.0,2026-01-28 09:13:02,37792
NTPC,2026-02-24,305.0,0.0,0.0,0.0,0.0,0.0,0.0,344.7,344.7,344.7,0.0,2026-01-28 09:13:02,35208
NTPC,2026-02-24,307.5,0.0,0.0,0.0,1.65,61500.0,0.0,344.7,344.7,344.7,0.0,2026-01-28 09:13:02,32624
NTPC,2026-02-24,310.0,0.0,0.0,0.0,1.8,277500.0,0.0,344.7,344.7,344.7,0.0,2026-01-28 09:13:02,30045
NTPC,2026-02-24,312.5,0.0,0.0,0.0,2.0,163500.0,0.0,344.7,344.7,344.7,0.0,2026-01-28 09:13:02,27496
NTPC,2026-02-24,315.0,32.4,0.0,0.0,2.3,141000.0,0.0,344.7,344.7,344.7,0.0,2026-01-28 09:13:02,25004
NTPC,2026-02-24,317.5,0.0,0.0,0.0,2.65,22500.0,0.0,344.7,344.7,344.7,0.0,2026-01-28 09:13:02,22549
NTPC,2026-02-24,320.0,25.9,42000.0,0.0,2.9,1362000.0,0.0,344.7,344.7,344.7,0.0,2026-01-28 09:13:02,20125
NTPC,2026-02-24,322.5,0.0,0.0,0.0,3.15,211500.0,0.0,344.7,344.7,344.7,0.0,2026-01-28 09:13:02,17772
NTPC,2026-02-24,325.0,21.35,12000.0,0.0,3.6,246000.0,0.0,344.7,344.7,344.7,0.0,2026-01-28 09:13:02,15692
NTPC,2026-02-24,327.5,20.0,22500.0,0.0,4.1,97500.0,0.0,344.7,344.7,344.7,0.0,2026-01-28 09:13:02,13680
NTPC,2026-02-24,330.0,18.5,136500.0,0.0,4.8,832500.0,0.0,344.7,344.7,344.7,0.0,2026-01-28 09:13:02,11766
NTPC,2026-02-24,332.5,16.8,7500.0,0.0,5.45,162000.0,0.0,344.7,344.7,344.7,0.0,2026-01-28 09:13:02,9942
NTPC,2026-02-24,335.0,14.35,145500.0,0.0,6.0,508500.0,0.0,344.7,344.7,344.7,0.0,2026-01-28 09:13:02,8231
NTPC,2026-02-24,337.5,13.15,205500.0,0.0,6.9,187500.0,0.0,344.7,344.7,344.7,0.0,2026-01-28 09:13:02,6664
NTPC,2026-02-24,340.0,11.7,1092000.0,0.0,7.8,1245000.0,0.0,344.7,344.7,344.7,0.0,2026-01-28 09:13:02,5432
NTPC,2026-02-24,342.5,10.25,231000.0,0.0,9.1,186000.0,0.0,344.7,344.7,344.7,0.0,2026-01-28 09:13:02,4950
NTPC,2026-02-24,345.0,8.95,720000.0,0.0,9.9,297000.0,0.0,344.7,344.7,344.7,0.0,2026-01-28 09:13:02,4333
NTPC,2026-02-24,347.5,7.95,220500.0,0.0,0.0,0.0,0.0,344.7,344.7,344.7,0.0,2026-01-28 09:13:02,4253
NTPC,2026-02-24,350.0,6.75,2748000.0,0.0,12.65,1155000.0,0.0,344.7,344.7,344.7,0.0,2026-01-28 09:13:02,4053
NTPC,2026-02-24,352.5,5.6,355500.0,0.0,0.0,0.0,0.0,344.7,344.7,344.7,0.0,2026-01-28 09:13:02,5048
NTPC,2026-02-24,355.0,4.95,393000.0,0.0,16.1,105000.0,0.0,344.7,344.7,344.7,0.0,2026-01-28 09:13:02,5937
NTPC,2026-02-24,357.5,4.3,186000.0,0.0,0.0,0.0,0.0,344.7,344.7,344.7,0.0,2026-01-28 09:13:02,6776
NTPC,2026-02-24,360.0,3.65,1080000.0,0.0,18.8,636000.0,0.0,344.7,344.7,344.7,0.0,2026-01-28 09:13:02,7717
NTPC,2026-02-24,362.5,3.15,67500.0,0.0,0.0,0.0,0.0,344.7,344.7,344.7,0.0,2026-01-28 09:13:02,8205
NTPC,2026-02-24,365.0,2.7,94500.0,0.0,24.0,24000.0,0.0,344.7,344.7,344.7,0.0,2026-01-28 09:13:02,9533
NTPC,2026-02-24,367.5,2.35,75000.0,0.0,0.0,0.0,0.0,344.7,344.7,344.7,0.0,2026-01-28 09:13:02,10837
NTPC,2026-02-24,370.0,2.0,928500.0,0.0,26.5,150000.0,0.0,344.7,344.7,344.7,0.0,2026-01-28 09:13:02,12209
NTPC,2026-02-24,372.5,1.6,78000.0,0.0,0.0,0.0,0.0,344.7,344.7,344.7,0.0,2026-01-28 09:13:02,13622
NTPC,2026-02-24,375.0,1.5,261000.0,0.0,30.6,3000.0,0.0,344.7,344.7,344.7,0.0,2026-01-28 09:13:02,15278
NTPC,2026-02-24,377.5,1.35,108000.0,0.0,0.0,0.0,0.0,344.7,344.7,344.7,0.0,2026-01-28 09:13:02,17018
NTPC,2026-02-24,380.0,1.25,2038500.0,0.0,40.2,2260500.0,0.0,344.7,344.7,344.7,0.0,2026-01-28 09:13:02,18770
NTPC,2026-02-24,382.5,1.15,84000.0,0.0,0.0,0.0,0.0,344.7,344.7,344.7,0.0,2026-01-28 09:13:02,12749
NTPC,2026-02-24,385.0,1.0,61500.0,0.0,0.0,0.0,0.0,344.7,344.7,344.7,0.0,2026-01-28 09:13:02,15592
NTPC,2026-02-24,390.0,0.85,93000.0,0.0,44.2,3000.0,0.0,344.7,344.7,344.7,0.0,2026-01-28 09:13:02,21294
NTPC,2026-02-24,395.0,0.0,0.0,0.0,0.0,0.0,0.0,344.7,344.7,344.7,0.0,2026-01-28 09:13:02,27033
NTPC,2026-02-24,400.0,0.55,717000.0,0.0,53.75,3000.0,0.0,344.7,344.7,344.7,0.0,2026-01-28 09:13:02,32777
NUVAMA,2026-02-24,1040.0,0.0,0.0,0.0,0.0,0.0,0.0,1268.8,1268.8,1268.8,0.285,2026-01-28 09:13:02,8724
NUVAMA,2026-02-24,1080.0,0.0,0.0,0.0,7.5,6000.0,0.0,1268.8,1268.8,1268.8,0.285,2026-01-28 09:13:02,7122
NUVAMA,2026-02-24,1100.0,0.0,0.0,0.0,9.8,11000.0,0.0,1268.8,1268.8,1268.8,0.285,2026-01-28 09:13:02,6329
NUVAMA,2026-02-24,1120.0,0.0,0.0,0.0,11.0,2500.0,0.0,1268.8,1268.8,1268.8,0.285,2026-01-28 09:13:02,5551
NUVAMA,2026-02-24,1140.0,0.0,0.0,0.0,0.0,0.0,0.0,1268.8,1268.8,1268.8,0.285,2026-01-28 09:13:02,4786
NUVAMA,2026-02-24,1160.0,0.0,0.0,0.0,21.2,23500.0,0.0,1268.8,1268.8,1268.8,0.285,2026-01-28 09:13:02,4024
NUVAMA,2026-02-24,1180.0,0.0,0.0,0.0,25.05,6000.0,0.0,1268.8,1268.8,1268.8,0.285,2026-01-28 09:13:02,3259
NUVAMA,2026-02-24,1200.0,100.0,3000.0,0.0,29.2,71500.0,0.0,1268.8,1268.8,1268.8,0.285,2026-01-28 09:13:02,2541
NUVAMA,2026-02-24,1220.0,0.0,0.0,0.0,37.85,3500.0,0.0,1268.8,1268.8,1268.8,0.285,2026-01-28 09:13:02,1808
NUVAMA,2026-02-24,1240.0,71.75,17000.0,0.0,44.25,38500.0,0.0,1268.8,1268.8,1268.8,0.285,2026-01-28 09:13:02,1248
NUVAMA,2026-02-24,1260.0,0.0,0.0,0.0,50.35,24000.0,0.0,1268.8,1268.8,1268.8,0.285,2026-01-28 09:13:02,764
NUVAMA,2026-02-24,1280.0,54.45,6500.0,0.0,54.4,13000.0,0.0,1268.8,1268.8,1268.8,0.285,2026-01-28 09:13:02,255
NUVAMA,2026-02-24,1300.0,42.95,59000.0,0.0,68.55,53000.0,0.0,1268.8,1268.8,1268.8,0.285,2026-01-28 09:13:02,-128
NUVAMA,2026-02-24,1320.0,35.15,28500.0,0.0,95.0,6500.0,0.0,1268.8,1268.8,1268.8,0.285,2026-01-28 09:13:02,-363
NUVAMA,2026-02-24,1340.0,29.2,40500.0,0.0,85.0,9500.0,0.0,1268.8,1268.8,1268.8,0.285,2026-01-28 09:13:02,-380
NUVAMA,2026-02-24,1360.0,21.5,48000.0,0.0,122.5,67500.0,0.0,1268.8,1268.8,1268.8,0.285,2026-01-28 09:13:02,-297
NUVAMA,2026-02-24,1380.0,18.25,28500.0,0.0,137.5,5000.0,0.0,1268.8,1268.8,1268.8,0.285,2026-01-28 09:13:02,-745
NUVAMA,2026-02-24,1400.0,14.45,87000.0,0.0,131.7,48000.0,0.0,1268.8,1268.8,1268.8,0.285,2026-01-28 09:13:02,-419
NUVAMA,2026-02-24,1420.0,13.1,4500.0,0.0,138.05,1500.0,0.0,1268.8,1268.8,1268.8,0.285,2026-01-28 09:13:02,-312
NUVAMA,2026-02-24,1440.0,9.0,15500.0,0.0,83.0,500.0,0.0,1268.8,1268.8,1268.8,0.285,2026-01-28 09:13:02,297
NUVAMA,2026-02-24,1460.0,3.85,1000.0,0.0,0.0,0.0,0.0,1268.8,1268.8,1268.8,0.285,2026-01-28 09:13:02,964
NUVAMA,2026-02-24,1480.0,3.3,4000.0,0.0,75.0,2500.0,0.0,1268.8,1268.8,1268.8,0.285,2026-01-28 09:13:02,1623
NUVAMA,2026-02-24,1500.0,5.65,85500.0,0.0,225.0,3000.0,0.0,1268.8,1268.8,1268.8,0.285,2026-01-28 09:13:02,2278
NUVAMA,2026-02-24,1520.0,27.05,1500.0,0.0,86.0,500.0,0.0,1268.8,1268.8,1268.8,0.285,2026-01-28 09:13:02,3108
NUVAMA,2026-02-24,1540.0,5.1,0.0,0.0,0.0,0.0,0.0,1268.8,1268.8,1268.8,0.285,2026-01-28 09:13:02,3960
NUVAMA,2026-02-24,1560.0,0.0,0.0,0.0,0.0,0.0,0.0,1268.8,1268.8,1268.8,0.285,2026-01-28 09:13:02,4813
NUVAMA,2026-02-24,1580.0,0.0,0.0,0.0,0.0,0.0,0.0,1268.8,1268.8,1268.8,0.285,2026-01-28 09:13:02,5666
NUVAMA,2026-02-24,1600.0,1.2,1500.0,0.0,325.0,3500.0,0.0,1268.8,1268.8,1268.8,0.285,2026-01-28 09:13:02,6519
NUVAMA,2026-02-24,1620.0,0.0,0.0,0.0,0.0,0.0,0.0,1268.8,1268.8,1268.8,0.285,2026-01-28 09:13:02,7269
NUVAMA,2026-02-24,1640.0,0.0,0.0,0.0,0.0,0.0,0.0,1268.8,1268.8,1268.8,0.285,2026-01-28 09:13:02,8132
NUVAMA,2026-02-24,1660.0,0.0,0.0,0.0,0.0,0.0,0.0,1268.8,1268.8,1268.8,0.285,2026-01-28 09:13:02,8995
NUVAMA,2026-02-24,1680.0,0.0,0.0,0.0,0.0,0.0,0.0,1268.8,1268.8,1268.8,0.285,2026-01-28 09:13:02,9858
NUVAMA,2026-02-24,1720.0,7.3,3000.0,0.0,0.0,0.0,0.0,1268.8,1268.8,1268.8,0.285,2026-01-28 09:13:02,11584
NYKAA,2026-02-24,195.0,0.0,0.0,0.0,0.0,0.0,0.0,236.5,236.5,236.5,0.0,2026-01-28 09:13:02,21894
NYKAA,2026-02-24,200.0,0.0,0.0,0.0,1.15,109375.0,0.0,236.5,236.5,236.5,0.0,2026-01-28 09:13:02,19061
NYKAA,2026-02-24,205.0,0.0,0.0,0.0,0.0,0.0,0.0,236.5,236.5,236.5,0.0,2026-01-28 09:13:02,16271
NYKAA,2026-02-24,210.0,0.0,0.0,0.0,2.1,103125.0,0.0,236.5,236.5,236.5,0.0,2026-01-28 09:13:02,13493
NYKAA,2026-02-24,212.5,0.0,0.0,0.0,0.0,0.0,0.0,236.5,236.5,236.5,0.0,2026-01-28 09:13:02,12108
NYKAA,2026-02-24,215.0,0.0,0.0,0.0,3.35,84375.0,0.0,236.5,236.5,236.5,0.0,2026-01-28 09:13:02,10744
NYKAA,2026-02-24,217.5,0.0,0.0,0.0,3.1,78125.0,0.0,236.5,236.5,236.5,0.0,2026-01-28 09:13:02,9374
NYKAA,2026-02-24,220.0,20.25,3125.0,0.0,3.85,409375.0,0.0,236.5,236.5,236.5,0.0,2026-01-28 09:13:02,8027
NYKAA,2026-02-24,222.5,0.0,0.0,0.0,0.0,0.0,0.0,236.5,236.5,236.5,0.0,2026-01-28 09:13:02,6656
NYKAA,2026-02-24,225.0,0.0,0.0,0.0,4.85,284375.0,0.0,236.5,236.5,236.5,0.0,2026-01-28 09:13:02,5437
NYKAA,2026-02-24,227.5,0.0,0.0,0.0,5.35,125000.0,0.0,236.5,236.5,236.5,0.0,2026-01-28 09:13:02,4150
NYKAA,2026-02-24,230.0,14.95,37500.0,0.0,6.3,600000.0,0.0,236.5,236.5,236.5,0.0,2026-01-28 09:13:02,2966
NYKAA,2026-02-24,232.5,0.0,0.0,0.0,7.65,37500.0,0.0,236.5,236.5,236.5,0.0,2026-01-28 09:13:02,1687
NYKAA,2026-02-24,235.0,11.2,271875.0,0.0,8.15,1409375.0,0.0,236.5,236.5,236.5,0.0,2026-01-28 09:13:02,709
NYKAA,2026-02-24,237.5,0.0,0.0,0.0,9.15,6250.0,0.0,236.5,236.5,236.5,0.0,2026-01-28 09:13:02,-662
NYKAA,2026-02-24,240.0,8.95,753125.0,0.0,10.45,1421875.0,0.0,236.5,236.5,236.5,0.0,2026-01-28 09:13:02,-1194
NYKAA,2026-02-24,242.5,0.0,0.0,0.0,11.9,3125.0,0.0,236.5,236.5,236.5,0.0,2026-01-28 09:13:02,-1989
NYKAA,2026-02-24,245.0,7.0,200000.0,0.0,15.0,228125.0,0.0,236.5,236.5,236.5,0.0,2026-01-28 09:13:02,-1975
NYKAA,2026-02-24,247.5,0.0,0.0,0.0,0.0,0.0,0.0,236.5,236.5,236.5,0.0,2026-01-28 09:13:02,-2052
NYKAA,2026-02-24,250.0,5.2,456250.0,0.0,18.35,262500.0,0.0,236.5,236.5,236.5,0.0,2026-01-28 09:13:02,-1927
NYKAA,2026-02-24,252.5,3.85,28125.0,0.0,0.0,0.0,0.0,236.5,236.5,236.5,0.0,2026-01-28 09:13:02,-1866
NYKAA,2026-02-24,255.0,3.85,178125.0,0.0,0.0,0.0,0.0,236.5,236.5,236.5,0.0,2026-01-28 09:13:02,-1544
NYKAA,2026-02-24,257.5,0.0,0.0,0.0,0.0,0.0,0.0,236.5,236.5,236.5,0.0,2026-01-28 09:13:02,-1119
NYKAA,2026-02-24,260.0,2.9,387500.0,0.0,27.55,40625.0,0.0,236.5,236.5,236.5,0.0,2026-01-28 09:13:02,-763
NYKAA,2026-02-24,262.5,1.95,46875.0,0.0,0.0,0.0,0.0,236.5,236.5,236.5,0.0,2026-01-28 09:13:02,-299
NYKAA,2026-02-24,265.0,2.2,290625.0,0.0,31.0,18750.0,0.0,236.5,236.5,236.5,0.0,2026-01-28 09:13:02,184
NYKAA,2026-02-24,267.5,1.65,100000.0,0.0,31.1,3125.0,0.0,236.5,236.5,236.5,0.0,2026-01-28 09:13:02,742
NYKAA,2026-02-24,270.0,1.65,896875.0,0.0,34.7,284375.0,0.0,236.5,236.5,236.5,0.0,2026-01-28 09:13:02,1327
NYKAA,2026-02-24,272.5,1.25,50000.0,0.0,0.0,0.0,0.0,236.5,236.5,236.5,0.0,2026-01-28 09:13:02,1362
NYKAA,2026-02-24,275.0,0.0,0.0,0.0,38.0,12500.0,0.0,236.5,236.5,236.5,0.0,2026-01-28 09:13:02,2254
NYKAA,2026-02-24,277.5,0.0,0.0,0.0,40.35,15625.0,0.0,236.5,236.5,236.5,0.0,2026-01-28 09:13:02,3095
NYKAA,2026-02-24,280.0,0.85,750000.0,0.0,44.1,25000.0,0.0,236.5,236.5,236.5,0.0,2026-01-28 09:13:02,3925
NYKAA,2026-02-24,282.5,0.4,3125.0,0.0,0.0,0.0,0.0,236.5,236.5,236.5,0.0,2026-01-28 09:13:02,4966
NYKAA,2026-02-24,285.0,0.0,0.0,0.0,0.0,0.0,0.0,236.5,236.5,236.5,0.0,2026-01-28 09:13:02,6053
NYKAA,2026-02-24,287.5,0.0,0.0,0.0,0.0,0.0,0.0,236.5,236.5,236.5,0.0,2026-01-28 09:13:02,7141
NYKAA,2026-02-24,290.0,0.2,18750.0,0.0,0.0,0.0,0.0,236.5,236.5,236.5,0.0,2026-01-28 09:13:02,8228
NYKAA,2026-02-24,292.5,0.0,0.0,0.0,0.0,0.0,0.0,236.5,236.5,236.5,0.0,2026-01-28 09:13:02,9321
NYKAA,2026-02-24,295.0,0.0,0.0,0.0,0.0,0.0,0.0,236.5,236.5,236.5,0.0,2026-01-28 09:13:02,10413
NYKAA,2026-02-24,300.0,0.1,131250.0,0.0,63.1,103125.0,0.0,236.5,236.5,236.5,0.0,2026-01-28 09:13:02,12597
NYKAA,2026-02-24,305.0,0.0,0.0,0.0,0.0,0.0,0.0,236.5,236.5,236.5,0.0,2026-01-28 09:13:02,14250
NYKAA,2026-02-24,310.0,0.0,0.0,0.0,0.0,0.0,0.0,236.5,236.5,236.5,0.0,2026-01-28 09:13:02,16551
OBEROIRLTY,2026-02-24,1200.0,0.0,0.0,0.0,3.5,1050.0,0.0,1468.7,1468.7,1468.7,0.075,2026-01-28 09:13:02,17192
OBEROIRLTY,2026-02-24,1240.0,0.0,0.0,0.0,5.3,8400.0,0.0,1468.7,1468.7,1468.7,0.075,2026-01-28 09:13:02,14182
OBEROIRLTY,2026-02-24,1280.0,0.0,0.0,0.0,0.0,0.0,0.0,1468.7,1468.7,1468.7,0.075,2026-01-28 09:13:02,11201
OBEROIRLTY,2026-02-24,1300.0,0.0,0.0,0.0,8.35,17850.0,0.0,1468.7,1468.7,1468.7,0.075,2026-01-28 09:13:02,9713
OBEROIRLTY,2026-02-24,1320.0,0.0,0.0,0.0,13.45,38500.0,0.0,1468.7,1468.7,1468.7,0.075,2026-01-28 09:13:02,8245
OBEROIRLTY,2026-02-24,1340.0,0.0,0.0,0.0,13.5,164850.0,0.0,1468.7,1468.7,1468.7,0.075,2026-01-28 09:13:02,6818
OBEROIRLTY,2026-02-24,1360.0,131.8,1050.0,0.0,16.15,30450.0,0.0,1468.7,1468.7,1468.7,0.075,2026-01-28 09:13:02,5550
OBEROIRLTY,2026-02-24,1380.0,0.0,0.0,0.0,19.65,8050.0,0.0,1468.7,1468.7,1468.7,0.075,2026-01-28 09:13:02,4532
OBEROIRLTY,2026-02-24,1400.0,96.0,3150.0,0.0,26.25,144550.0,0.0,1468.7,1468.7,1468.7,0.075,2026-01-28 09:13:02,3549
OBEROIRLTY,2026-02-24,1420.0,0.0,0.0,0.0,31.55,15050.0,0.0,1468.7,1468.7,1468.7,0.075,2026-01-28 09:13:02,2529
OBEROIRLTY,2026-02-24,1440.0,58.95,700.0,0.0,35.8,43750.0,0.0,1468.7,1468.7,1468.7,0.075,2026-01-28 09:13:02,1840
OBEROIRLTY,2026-02-24,1460.0,65.8,53550.0,0.0,47.45,34300.0,0.0,1468.7,1468.7,1468.7,0.075,2026-01-28 09:13:02,1135
OBEROIRLTY,2026-02-24,1480.0,57.65,30800.0,0.0,51.0,25550.0,0.0,1468.7,1468.7,1468.7,0.075,2026-01-28 09:13:02,948
OBEROIRLTY,2026-02-24,1500.0,46.8,127050.0,0.0,68.25,70000.0,0.0,1468.7,1468.7,1468.7,0.075,2026-01-28 09:13:02,732
OBEROIRLTY,2026-02-24,1520.0,39.4,14350.0,0.0,77.0,17500.0,0.0,1468.7,1468.7,1468.7,0.075,2026-01-28 09:13:02,979
OBEROIRLTY,2026-02-24,1540.0,33.25,28350.0,0.0,99.65,4550.0,0.0,1468.7,1468.7,1468.7,0.075,2026-01-28 09:13:02,1094
OBEROIRLTY,2026-02-24,1560.0,27.2,10500.0,0.0,113.7,1400.0,0.0,1468.7,1468.7,1468.7,0.075,2026-01-28 09:13:02,1403
OBEROIRLTY,2026-02-24,1580.0,22.25,9800.0,0.0,0.0,0.0,0.0,1468.7,1468.7,1468.7,0.075,2026-01-28 09:13:02,1699
OBEROIRLTY,2026-02-24,1600.0,17.85,113400.0,0.0,152.0,51450.0,0.0,1468.7,1468.7,1468.7,0.075,2026-01-28 09:13:02,2024
OBEROIRLTY,2026-02-24,1620.0,15.5,350.0,0.0,0.0,0.0,0.0,1468.7,1468.7,1468.7,0.075,2026-01-28 09:13:02,2077
OBEROIRLTY,2026-02-24,1640.0,11.5,47250.0,0.0,193.05,700.0,0.0,1468.7,1468.7,1468.7,0.075,2026-01-28 09:13:02,2711
OBEROIRLTY,2026-02-24,1660.0,9.45,12250.0,0.0,208.0,12950.0,0.0,1468.7,1468.7,1468.7,0.075,2026-01-28 09:13:02,3481
OBEROIRLTY,2026-02-24,1680.0,7.9,4200.0,0.0,225.5,1400.0,0.0,1468.7,1468.7,1468.7,0.075,2026-01-28 09:13:02,4003
OBEROIRLTY,2026-02-24,1700.0,6.0,94150.0,0.0,225.0,24850.0,0.0,1468.7,1468.7,1468.7,0.075,2026-01-28 09:13:02,4766
OBEROIRLTY,2026-02-24,1720.0,0.0,0.0,0.0,0.0,0.0,0.0,1468.7,1468.7,1468.7,0.075,2026-01-28 09:13:02,5293
OBEROIRLTY,2026-02-24,1740.0,3.75,700.0,0.0,268.2,1400.0,0.0,1468.7,1468.7,1468.7,0.075,2026-01-28 09:13:02,6322
OBEROIRLTY,2026-02-24,1760.0,3.4,7700.0,0.0,287.25,0.0,0.0,1468.7,1468.7,1468.7,0.075,2026-01-28 09:13:02,7317
OBEROIRLTY,2026-02-24,1780.0,0.0,0.0,0.0,0.0,0.0,0.0,1468.7,1468.7,1468.7,0.075,2026-01-28 09:13:02,8369
OBEROIRLTY,2026-02-24,1800.0,0.0,0.0,0.0,325.85,11900.0,0.0,1468.7,1468.7,1468.7,0.075,2026-01-28 09:13:02,9417
OBEROIRLTY,2026-02-24,1820.0,0.0,0.0,0.0,345.35,350.0,0.0,1468.7,1468.7,1468.7,0.075,2026-01-28 09:13:02,10102
OBEROIRLTY,2026-02-24,1840.0,1.75,6650.0,0.0,364.95,1050.0,0.0,1468.7,1468.7,1468.7,0.075,2026-01-28 09:13:02,11163
OBEROIRLTY,2026-02-24,1860.0,0.0,0.0,0.0,0.0,0.0,0.0,1468.7,1468.7,1468.7,0.075,2026-01-28 09:13:02,12214
OBEROIRLTY,2026-02-24,1880.0,0.55,5250.0,0.0,404.3,4550.0,0.0,1468.7,1468.7,1468.7,0.075,2026-01-28 09:13:02,13303
OBEROIRLTY,2026-02-24,1900.0,0.4,700.0,0.0,0.0,0.0,0.0,1468.7,1468.7,1468.7,0.075,2026-01-28 09:13:02,14227
OBEROIRLTY,2026-02-24,1920.0,0.3,2800.0,0.0,443.9,1050.0,0.0,1468.7,1468.7,1468.7,0.075,2026-01-28 09:13:02,15337
OBEROIRLTY,2026-02-24,1960.0,0.15,700.0,0.0,483.6,1050.0,0.0,1468.7,1468.7,1468.7,0.075,2026-01-28 09:13:02,17525
OBEROIRLTY,2026-02-24,2000.0,0.2,7700.0,0.0,516.6,15050.0,0.0,1468.7,1468.7,1468.7,0.075,2026-01-28 09:13:02,19715
OFSS,2026-02-24,6400.0,1612.05,225.0,0.0,12.0,1425.0,0.0,8049.0,8049.0,8049.0,0.537,2026-01-28 09:13:02,18024
OFSS,2026-02-24,6600.0,0.0,0.0,0.0,14.55,1575.0,0.0,8049.0,8049.0,8049.0,0.537,2026-01-28 09:13:02,15042
OFSS,2026-02-24,6700.0,0.0,0.0,0.0,14.05,600.0,0.0,8049.0,8049.0,8049.0,0.537,2026-01-28 09:13:02,13547
OFSS,2026-02-24,6800.0,1222.55,450.0,0.0,84.8,1725.0,0.0,8049.0,8049.0,8049.0,0.537,2026-01-28 09:13:02,12060
OFSS,2026-02-24,6900.0,1164.7,225.0,0.0,27.05,1800.0,0.0,8049.0,8049.0,8049.0,0.537,2026-01-28 09:13:02,10635
OFSS,2026-02-24,7000.0,0.0,0.0,0.0,30.1,12375.0,0.0,8049.0,8049.0,8049.0,0.537,2026-01-28 09:13:02,9212
OFSS,2026-02-24,7100.0,986.95,0.0,0.0,38.0,4500.0,0.0,8049.0,8049.0,8049.0,0.537,2026-01-28 09:13:02,7854
OFSS,2026-02-24,7200.0,0.0,0.0,0.0,45.0,5850.0,0.0,8049.0,8049.0,8049.0,0.537,2026-01-28 09:13:02,6561
OFSS,2026-02-24,7300.0,0.0,0.0,0.0,81.0,1950.0,0.0,8049.0,8049.0,8049.0,0.537,2026-01-28 09:13:02,5318
OFSS,2026-02-24,7400.0,440.0,75.0,0.0,87.55,1650.0,0.0,8049.0,8049.0,8049.0,0.537,2026-01-28 09:13:02,4104
OFSS,2026-02-24,7500.0,668.3,675.0,0.0,85.1,17925.0,0.0,8049.0,8049.0,8049.0,0.537,2026-01-28 09:13:02,2913
OFSS,2026-02-24,7600.0,515.0,600.0,0.0,103.25,1800.0,0.0,8049.0,8049.0,8049.0,0.537,2026-01-28 09:13:02,1811
OFSS,2026-02-24,7700.0,447.25,1575.0,0.0,131.3,4800.0,0.0,8049.0,8049.0,8049.0,0.537,2026-01-28 09:13:02,853
OFSS,2026-02-24,7800.0,382.45,1425.0,0.0,159.35,3225.0,0.0,8049.0,8049.0,8049.0,0.537,2026-01-28 09:13:02,-46
OFSS,2026-02-24,7900.0,346.45,4425.0,0.0,200.45,7725.0,0.0,8049.0,8049.0,8049.0,0.537,2026-01-28 09:13:02,-903
OFSS,2026-02-24,8000.0,298.3,59325.0,0.0,242.8,45225.0,0.0,8049.0,8049.0,8049.0,0.537,2026-01-28 09:13:02,-1643
OFSS,2026-02-24,8100.0,249.05,17250.0,0.0,282.0,10500.0,0.0,8049.0,8049.0,8049.0,0.537,2026-01-28 09:13:02,-665
OFSS,2026-02-24,8200.0,208.45,12825.0,0.0,349.75,5925.0,0.0,8049.0,8049.0,8049.0,0.537,2026-01-28 09:13:02,52
OFSS,2026-02-24,8300.0,171.65,5925.0,0.0,407.35,1875.0,0.0,8049.0,8049.0,8049.0,0.537,2026-01-28 09:13:02,884
OFSS,2026-02-24,8400.0,140.1,2850.0,0.0,524.9,1650.0,0.0,8049.0,8049.0,8049.0,0.537,2026-01-28 09:13:02,1759
OFSS,2026-02-24,8500.0,111.75,25575.0,0.0,595.0,3975.0,0.0,8049.0,8049.0,8049.0,0.537,2026-01-28 09:13:02,2607
OFSS,2026-02-24,8600.0,89.25,5250.0,0.0,648.0,1125.0,0.0,8049.0,8049.0,8049.0,0.537,2026-01-28 09:13:02,3846
OFSS,2026-02-24,8700.0,72.0,3300.0,0.0,715.0,225.0,0.0,8049.0,8049.0,8049.0,0.537,2026-01-28 09:13:02,5074
OFSS,2026-02-24,8800.0,59.5,5025.0,0.0,831.05,6975.0,0.0,8049.0,8049.0,8049.0,0.537,2026-01-28 09:13:02,6371
OFSS,2026-02-24,8900.0,82.95,975.0,0.0,0.0,0.0,0.0,8049.0,8049.0,8049.0,0.537,2026-01-28 09:13:02,7231
OFSS,2026-02-24,9000.0,43.35,34500.0,0.0,1010.0,6000.0,0.0,8049.0,8049.0,8049.0,0.537,2026-01-28 09:13:02,8658
OFSS,2026-02-24,9200.0,29.5,1650.0,0.0,1180.0,75.0,0.0,8049.0,8049.0,8049.0,0.537,2026-01-28 09:13:02,11850
OFSS,2026-02-24,9600.0,18.0,1500.0,0.0,0.0,0.0,0.0,8049.0,8049.0,8049.0,0.537,2026-01-28 09:13:02,19211
OIL,2026-02-24,350.0,0.0,0.0,0.0,0.2,50400.0,0.0,455.0,455.0,455.0,1.438,2026-01-28 09:13:02,7154
OIL,2026-02-24,360.0,0.0,0.0,0.0,2.45,42000.0,0.0,455.0,455.0,455.0,1.438,2026-01-28 09:13:02,5594
OIL,2026-02-24,370.0,81.0,1400.0,0.0,0.0,0.0,0.0,455.0,455.0,455.0,1.438,2026-01-28 09:13:02,4066
OIL,2026-02-24,375.0,0.0,0.0,0.0,2.5,7000.0,0.0,455.0,455.0,455.0,1.438,2026-01-28 09:13:02,3319
OIL,2026-02-24,380.0,0.0,0.0,0.0,2.65,22400.0,0.0,455.0,455.0,455.0,1.438,2026-01-28 09:13:02,2563
OIL,2026-02-24,385.0,0.0,0.0,0.0,3.15,11200.0,0.0,455.0,455.0,455.0,1.438,2026-01-28 09:13:02,1813
OIL,2026-02-24,390.0,62.55,1400.0,0.0,3.5,95200.0,0.0,455.0,455.0,455.0,1.438,2026-01-28 09:13:02,1072
OIL,2026-02-24,395.0,0.0,0.0,0.0,0.0,0.0,0.0,455.0,455.0,455.0,1.438,2026-01-28 09:13:02,358
OIL,2026-02-24,400.0,53.95,11200.0,0.0,4.95,151200.0,0.0,455.0,455.0,455.0,1.438,2026-01-28 09:13:02,-330
OIL,2026-02-24,405.0,49.8,2800.0,0.0,5.7,44800.0,0.0,455.0,455.0,455.0,1.438,2026-01-28 09:13:02,-953
OIL,2026-02-24,410.0,0.0,0.0,0.0,6.45,138600.0,0.0,455.0,455.0,455.0,1.438,2026-01-28 09:13:02,-1549
OIL,2026-02-24,415.0,42.05,15400.0,0.0,6.55,1400.0,0.0,455.0,455.0,455.0,1.438,2026-01-28 09:13:02,-2154
OIL,2026-02-24,420.0,34.6,16800.0,0.0,8.85,336000.0,0.0,455.0,455.0,455.0,1.438,2026-01-28 09:13:02,-2597
OIL,2026-02-24,425.0,0.0,0.0,0.0,10.2,23800.0,0.0,455.0,455.0,455.0,1.438,2026-01-28 09:13:02,-3166
OIL,2026-02-24,430.0,30.25,88200.0,0.0,12.25,263200.0,0.0,455.0,455.0,455.0,1.438,2026-01-28 09:13:02,-3509
OIL,2026-02-24,435.0,24.5,36400.0,0.0,14.05,50400.0,0.0,455.0,455.0,455.0,1.438,2026-01-28 09:13:02,-3708
OIL,2026-02-24,440.0,22.7,302400.0,0.0,16.05,211400.0,0.0,455.0,455.0,455.0,1.438,2026-01-28 09:13:02,-3789
OIL,2026-02-24,445.0,19.75,54600.0,0.0,0.0,0.0,0.0,455.0,455.0,455.0,1.438,2026-01-28 09:13:02,-3284
OIL,2026-02-24,450.0,17.65,660800.0,0.0,21.3,148400.0,0.0,455.0,455.0,455.0,1.438,2026-01-28 09:13:02,-2991
OIL,2026-02-24,455.0,0.0,0.0,0.0,0.0,0.0,0.0,455.0,455.0,455.0,1.438,2026-01-28 09:13:02,-1552
OIL,2026-02-24,460.0,13.65,382200.0,0.0,25.9,5600.0,0.0,455.0,455.0,455.0,1.438,2026-01-28 09:13:02,-962
OIL,2026-02-24,465.0,12.3,11200.0,0.0,0.0,0.0,0.0,455.0,455.0,455.0,1.438,2026-01-28 09:13:02,327
OIL,2026-02-24,470.0,10.5,256200.0,0.0,0.0,0.0,0.0,455.0,455.0,455.0,1.438,2026-01-28 09:13:02,1130
OIL,2026-02-24,475.0,9.25,33600.0,0.0,0.0,0.0,0.0,455.0,455.0,455.0,1.438,2026-01-28 09:13:02,2316
OIL,2026-02-24,480.0,7.9,299600.0,0.0,38.6,4200.0,0.0,455.0,455.0,455.0,1.438,2026-01-28 09:13:02,3281
OIL,2026-02-24,485.0,8.1,1400.0,0.0,0.0,0.0,0.0,455.0,455.0,455.0,1.438,2026-01-28 09:13:02,4587
OIL,2026-02-24,490.0,5.9,142800.0,0.0,46.2,2800.0,0.0,455.0,455.0,455.0,1.438,2026-01-28 09:13:02,5674
OIL,2026-02-24,495.0,0.0,0.0,0.0,0.0,0.0,0.0,455.0,455.0,455.0,1.438,2026-01-28 09:13:02,6905
OIL,2026-02-24,500.0,4.3,288400.0,0.0,0.0,0.0,0.0,455.0,455.0,455.0,1.438,2026-01-28 09:13:02,8064
OIL,2026-02-24,505.0,0.0,0.0,0.0,0.0,0.0,0.0,455.0,455.0,455.0,1.438,2026-01-28 09:13:02,9492
OIL,2026-02-24,510.0,3.2,78400.0,0.0,0.0,0.0,0.0,455.0,455.0,455.0,1.438,2026-01-28 09:13:02,10795
OIL,2026-02-24,520.0,2.55,2800.0,0.0,0.0,0.0,0.0,455.0,455.0,455.0,1.438,2026-01-28 09:13:02,13505
ONGC,2026-02-24,200.0,0.0,0.0,0.0,0.4,108000.0,0.0,249.2,249.2,249.2,0.504,2026-01-28 09:13:02,40994
ONGC,2026-02-24,208.0,40.99,2250.0,0.0,0.0,0.0,0.0,249.2,249.2,249.2,0.504,2026-01-28 09:13:02,31292
ONGC,2026-02-24,210.0,38.59,4500.0,0.0,0.7,276750.0,0.0,249.2,249.2,249.2,0.504,2026-01-28 09:13:02,28877
ONGC,2026-02-24,212.0,0.0,0.0,0.0,0.62,15750.0,0.0,249.2,249.2,249.2,0.504,2026-01-28 09:13:02,26507
ONGC,2026-02-24,214.0,0.0,0.0,0.0,0.9,173250.0,0.0,249.2,249.2,249.2,0.504,2026-01-28 09:13:02,24141
ONGC,2026-02-24,216.0,0.0,0.0,0.0,0.8,29250.0,0.0,249.2,249.2,249.2,0.504,2026-01-28 09:13:02,21795
ONGC,2026-02-24,218.0,0.0,0.0,0.0,0.0,0.0,0.0,249.2,249.2,249.2,0.504,2026-01-28 09:13:02,19469
ONGC,2026-02-24,219.0,0.0,0.0,0.0,0.48,141750.0,0.0,249.2,249.2,249.2,0.504,2026-01-28 09:13:02,18307
ONGC,2026-02-24,220.0,29.34,22500.0,0.0,1.22,483750.0,0.0,249.2,249.2,249.2,0.504,2026-01-28 09:13:02,17152
ONGC,2026-02-24,221.0,0.0,0.0,0.0,0.62,69750.0,0.0,249.2,249.2,249.2,0.504,2026-01-28 09:13:02,16062
ONGC,2026-02-24,222.0,0.0,0.0,0.0,1.2,60750.0,0.0,249.2,249.2,249.2,0.504,2026-01-28 09:13:02,14967
ONGC,2026-02-24,223.0,0.0,0.0,0.0,1.45,94500.0,0.0,249.2,249.2,249.2,0.504,2026-01-28 09:13:02,13875
ONGC,2026-02-24,224.0,0.0,0.0,0.0,0.89,38250.0,0.0,249.2,249.2,249.2,0.504,2026-01-28 09:13:02,12787
ONGC,2026-02-24,225.0,24.5,6750.0,0.0,1.72,560250.0,0.0,249.2,249.2,249.2,0.504,2026-01-28 09:13:02,11712
ONGC,2026-02-24,226.0,0.0,0.0,0.0,1.12,186750.0,0.0,249.2,249.2,249.2,0.504,2026-01-28 09:13:02,10618
ONGC,2026-02-24,227.0,0.0,0.0,0.0,1.75,117000.0,0.0,249.2,249.2,249.2,0.504,2026-01-28 09:13:02,9602
ONGC,2026-02-24,228.0,0.0,0.0,0.0,2.03,157500.0,0.0,249.2,249.2,249.2,0.504,2026-01-28 09:13:02,8597
ONGC,2026-02-24,229.0,0.0,0.0,0.0,2.26,24750.0,0.0,249.2,249.2,249.2,0.504,2026-01-28 09:13:02,7597
ONGC,2026-02-24,230.0,20.24,211500.0,0.0,2.33,2511000.0,0.0,249.2,249.2,249.2,0.504,2026-01-28 09:13:02,6626
ONGC,2026-02-24,231.0,0.0,0.0,0.0,2.58,40500.0,0.0,249.2,249.2,249.2,0.504,2026-01-28 09:13:02,5776
ONGC,2026-02-24,232.0,0.0,0.0,0.0,2.71,36000.0,0.0,249.2,249.2,249.2,0.504,2026-01-28 09:13:02,5076
ONGC,2026-02-24,233.0,18.32,2250.0,0.0,2.5,22500.0,0.0,249.2,249.2,249.2,0.504,2026-01-28 09:13:02,4380
ONGC,2026-02-24,234.0,0.0,0.0,0.0,2.69,15750.0,0.0,249.2,249.2,249.2,0.504,2026-01-28 09:13:02,3695
ONGC,2026-02-24,235.0,15.6,146250.0,0.0,3.07,1134000.0,0.0,249.2,249.2,249.2,0.504,2026-01-28 09:13:02,3009
ONGC,2026-02-24,236.0,0.0,0.0,0.0,3.49,15750.0,0.0,249.2,249.2,249.2,0.504,2026-01-28 09:13:02,2336
ONGC,2026-02-24,237.0,0.0,0.0,0.0,3.57,36000.0,0.0,249.2,249.2,249.2,0.504,2026-01-28 09:13:02,1778
ONGC,2026-02-24,238.0,13.31,27000.0,0.0,3.94,33750.0,0.0,249.2,249.2,249.2,0.504,2026-01-28 09:13:02,1217
ONGC,2026-02-24,239.0,13.96,4500.0,0.0,4.02,42750.0,0.0,249.2,249.2,249.2,0.504,2026-01-28 09:13:02,697
ONGC,2026-02-24,240.0,12.41,558000.0,0.0,4.3,938250.0,0.0,249.2,249.2,249.2,0.504,2026-01-28 09:13:02,148
ONGC,2026-02-24,241.0,12.2,63000.0,0.0,4.5,92250.0,0.0,249.2,249.2,249.2,0.504,2026-01-28 09:13:02,49
ONGC,2026-02-24,242.0,10.5,87750.0,0.0,4.75,56250.0,0.0,249.2,249.2,249.2,0.504,2026-01-28 09:13:02,-287
ONGC,2026-02-24,243.0,11.4,128250.0,0.0,5.0,103500.0,0.0,249.2,249.2,249.2,0.504,2026-01-28 09:13:02,-580
ONGC,2026-02-24,244.0,9.62,119250.0,0.0,5.64,211500.0,0.0,249.2,249.2,249.2,0.504,2026-01-28 09:13:02,-821
ONGC,2026-02-24,245.0,9.09,654750.0,0.0,5.93,661500.0,0.0,249.2,249.2,249.2,0.504,2026-01-28 09:13:02,-1127
ONGC,2026-02-24,246.0,8.53,171000.0,0.0,6.33,153000.0,0.0,249.2,249.2,249.2,0.504,2026-01-28 09:13:02,-1095
ONGC,2026-02-24,247.0,7.95,198000.0,0.0,6.8,261000.0,0.0,249.2,249.2,249.2,0.504,2026-01-28 09:13:02,-1184
ONGC,2026-02-24,248.0,7.41,209250.0,0.0,7.31,141750.0,0.0,249.2,249.2,249.2,0.504,2026-01-28 09:13:02,-1296
ONGC,2026-02-24,249.0,6.87,117000.0,0.0,8.0,74250.0,0.0,249.2,249.2,249.2,0.504,2026-01-28 09:13:02,-1301
ONGC,2026-02-24,250.0,6.39,3368250.0,0.0,8.23,679500.0,0.0,249.2,249.2,249.2,0.504,2026-01-28 09:13:02,-1318
ONGC,2026-02-24,251.0,5.87,45000.0,0.0,9.12,38250.0,0.0,249.2,249.2,249.2,0.504,2026-01-28 09:13:02,641
ONGC,2026-02-24,252.0,5.48,578250.0,0.0,9.68,20250.0,0.0,249.2,249.2,249.2,0.504,2026-01-28 09:13:02,1008
ONGC,2026-02-24,253.0,4.91,67500.0,0.0,0.0,0.0,0.0,249.2,249.2,249.2,0.504,2026-01-28 09:13:02,1740
ONGC,2026-02-24,254.0,4.55,92250.0,0.0,10.86,49500.0,0.0,249.2,249.2,249.2,0.504,2026-01-28 09:13:02,2215
ONGC,2026-02-24,255.0,4.26,2637000.0,0.0,11.1,207000.0,0.0,249.2,249.2,249.2,0.504,2026-01-28 09:13:02,2660
ONGC,2026-02-24,256.0,3.82,123750.0,0.0,0.0,0.0,0.0,249.2,249.2,249.2,0.504,2026-01-28 09:13:02,4294
ONGC,2026-02-24,257.0,3.64,85500.0,0.0,0.0,0.0,0.0,249.2,249.2,249.2,0.504,2026-01-28 09:13:02,5094
ONGC,2026-02-24,258.0,3.29,42750.0,0.0,0.0,0.0,0.0,249.2,249.2,249.2,0.504,2026-01-28 09:13:02,5886
ONGC,2026-02-24,259.0,3.11,13500.0,0.0,0.0,0.0,0.0,249.2,249.2,249.2,0.504,2026-01-28 09:13:02,6666
ONGC,2026-02-24,260.0,2.82,2020500.0,0.0,14.62,256500.0,0.0,249.2,249.2,249.2,0.504,2026-01-28 09:13:02,7437
ONGC,2026-02-24,262.0,2.39,126000.0,0.0,0.0,0.0,0.0,249.2,249.2,249.2,0.504,2026-01-28 09:13:02,9622
ONGC,2026-02-24,264.0,2.95,31500.0,0.0,17.79,20250.0,0.0,249.2,249.2,249.2,0.504,2026-01-28 09:13:02,11666
ONGC,2026-02-24,265.0,1.8,614250.0,0.0,0.0,0.0,0.0,249.2,249.2,249.2,0.504,2026-01-28 09:13:02,12652
ONGC,2026-02-24,266.0,1.6,24750.0,0.0,20.0,6750.0,0.0,249.2,249.2,249.2,0.504,2026-01-28 09:13:02,13837
ONGC,2026-02-24,268.0,0.0,0.0,0.0,0.0,0.0,0.0,249.2,249.2,249.2,0.504,2026-01-28 09:13:02,15981
ONGC,2026-02-24,270.0,1.19,1932750.0,0.0,22.76,1775250.0,0.0,249.2,249.2,249.2,0.504,2026-01-28 09:13:02,18135
ONGC,2026-02-24,272.0,0.99,337500.0,0.0,25.0,58500.0,0.0,249.2,249.2,249.2,0.504,2026-01-28 09:13:02,17221
PAGEIND,2026-02-24,28000.0,0.0,0.0,0.0,67.9,345.0,0.0,32500.0,32500.0,32500.0,-0.062,2026-01-28 09:13:02,9443
PAGEIND,2026-02-24,29000.0,3063.9,30.0,0.0,230.85,945.0,0.0,32500.0,32500.0,32500.0,-0.062,2026-01-28 09:13:02,7532
PAGEIND,2026-02-24,29500.0,0.0,0.0,0.0,0.0,0.0,0.0,32500.0,32500.0,32500.0,-0.062,2026-01-28 09:13:02,6613
PAGEIND,2026-02-24,30000.0,0.0,0.0,0.0,423.25,330.0,0.0,32500.0,32500.0,32500.0,-0.062,2026-01-28 09:13:02,5707
PAGEIND,2026-02-24,30500.0,0.0,0.0,0.0,0.0,0.0,0.0,32500.0,32500.0,32500.0,-0.062,2026-01-28 09:13:02,4803
PAGEIND,2026-02-24,31000.0,1417.8,135.0,0.0,776.0,2400.0,0.0,32500.0,32500.0,32500.0,-0.062,2026-01-28 09:13:02,3914
PAGEIND,2026-02-24,31500.0,1662.45,120.0,0.0,850.0,240.0,0.0,32500.0,32500.0,32500.0,-0.062,2026-01-28 09:13:02,2984
PAGEIND,2026-02-24,32000.0,1004.1,2940.0,0.0,1153.95,2235.0,0.0,32500.0,32500.0,32500.0,-0.062,2026-01-28 09:13:02,2239
PAGEIND,2026-02-24,32500.0,750.5,2280.0,0.0,1527.45,2415.0,0.0,32500.0,32500.0,32500.0,-0.062,2026-01-28 09:13:02,1790
PAGEIND,2026-02-24,33000.0,581.55,3360.0,0.0,1711.35,2040.0,0.0,32500.0,32500.0,32500.0,-0.062,2026-01-28 09:13:02,1341
PAGEIND,2026-02-24,33500.0,469.2,555.0,0.0,2000.0,45.0,0.0,32500.0,32500.0,32500.0,-0.062,2026-01-28 09:13:02,1206
PAGEIND,2026-02-24,34000.0,335.4,10755.0,0.0,2561.0,3090.0,0.0,32500.0,32500.0,32500.0,-0.062,2026-01-28 09:13:02,1272
PAGEIND,2026-02-24,34500.0,283.95,450.0,0.0,2177.1,60.0,0.0,32500.0,32500.0,32500.0,-0.062,2026-01-28 09:13:02,1582
PAGEIND,2026-02-24,35000.0,199.6,2835.0,0.0,3110.0,1560.0,0.0,32500.0,32500.0,32500.0,-0.062,2026-01-28 09:13:02,2349
PAGEIND,2026-02-24,35500.0,167.0,300.0,0.0,3825.0,60.0,0.0,32500.0,32500.0,32500.0,-0.062,2026-01-28 09:13:02,2906
PAGEIND,2026-02-24,36000.0,129.95,3375.0,0.0,4000.0,1170.0,0.0,32500.0,32500.0,32500.0,-0.062,2026-01-28 09:13:02,3893
PAGEIND,2026-02-24,36500.0,155.0,240.0,0.0,0.0,0.0,0.0,32500.0,32500.0,32500.0,-0.062,2026-01-28 09:13:02,4700
PAGEIND,2026-02-24,37000.0,57.0,630.0,0.0,5150.0,285.0,0.0,32500.0,32500.0,32500.0,-0.062,2026-01-28 09:13:02,5947
PAGEIND,2026-02-24,37500.0,37.3,90.0,0.0,5480.0,30.0,0.0,32500.0,32500.0,32500.0,-0.062,2026-01-28 09:13:02,7093
PAGEIND,2026-02-24,38000.0,60.0,105.0,0.0,6180.0,405.0,0.0,32500.0,32500.0,32500.0,-0.062,2026-01-28 09:13:02,8372
PAGEIND,2026-02-24,38500.0,20.05,165.0,0.0,6578.0,150.0,0.0,32500.0,32500.0,32500.0,-0.062,2026-01-28 09:13:02,9443
PAGEIND,2026-02-24,39000.0,54.35,1455.0,0.0,7364.15,1110.0,0.0,32500.0,32500.0,32500.0,-0.062,2026-01-28 09:13:02,10682
PAGEIND,2026-02-24,39500.0,5.65,150.0,0.0,0.0,0.0,0.0,32500.0,32500.0,32500.0,-0.062,2026-01-28 09:13:02,11337
PAGEIND,2026-02-24,40000.0,0.0,0.0,0.0,8000.0,315.0,0.0,32500.0,32500.0,32500.0,-0.062,2026-01-28 09:13:02,12809
PAGEIND,2026-02-24,41000.0,0.0,0.0,0.0,9000.0,210.0,0.0,32500.0,32500.0,32500.0,-0.062,2026-01-28 09:13:02,15533
PATANJALI,2026-02-24,420.0,0.0,0.0,0.0,1.75,1800.0,0.0,505.0,505.0,505.0,0.378,2026-01-28 09:13:02,7101
PATANJALI,2026-02-24,430.0,0.0,0.0,0.0,0.0,0.0,0.0,505.0,505.0,505.0,0.378,2026-01-28 09:13:02,6299
PATANJALI,2026-02-24,440.0,0.0,0.0,0.0,0.0,0.0,0.0,505.0,505.0,505.0,0.378,2026-01-28 09:13:02,5498
PATANJALI,2026-02-24,445.0,0.0,0.0,0.0,0.0,0.0,0.0,505.0,505.0,505.0,0.378,2026-01-28 09:13:02,5098
PATANJALI,2026-02-24,450.0,0.0,0.0,0.0,0.0,0.0,0.0,505.0,505.0,505.0,0.378,2026-01-28 09:13:02,4697
PATANJALI,2026-02-24,455.0,0.0,0.0,0.0,0.0,0.0,0.0,505.0,505.0,505.0,0.378,2026-01-28 09:13:02,4297
PATANJALI,2026-02-24,460.0,0.0,0.0,0.0,6.75,28800.0,0.0,505.0,505.0,505.0,0.378,2026-01-28 09:13:02,3896
PATANJALI,2026-02-24,465.0,0.0,0.0,0.0,0.0,0.0,0.0,505.0,505.0,505.0,0.378,2026-01-28 09:13:02,3491
PATANJALI,2026-02-24,470.0,0.0,0.0,0.0,8.65,25200.0,0.0,505.0,505.0,505.0,0.378,2026-01-28 09:13:02,3105
PATANJALI,2026-02-24,475.0,0.0,0.0,0.0,0.0,0.0,0.0,505.0,505.0,505.0,0.378,2026-01-28 09:13:02,2709
PATANJALI,2026-02-24,480.0,0.0,0.0,0.0,10.9,10800.0,0.0,505.0,505.0,505.0,0.378,2026-01-28 09:13:02,2336
PATANJALI,2026-02-24,485.0,0.0,0.0,0.0,12.65,19800.0,0.0,505.0,505.0,505.0,0.378,2026-01-28 09:13:02,1956
PATANJALI,2026-02-24,490.0,0.0,0.0,0.0,0.0,0.0,0.0,505.0,505.0,505.0,0.378,2026-01-28 09:13:02,1573
PATANJALI,2026-02-24,495.0,0.0,0.0,0.0,16.7,23400.0,0.0,505.0,505.0,505.0,0.378,2026-01-28 09:13:02,1215
PATANJALI,2026-02-24,500.0,22.35,267300.0,0.0,18.8,297900.0,0.0,505.0,505.0,505.0,0.378,2026-01-28 09:13:02,829
PATANJALI,2026-02-24,505.0,20.15,26100.0,0.0,20.2,63900.0,0.0,505.0,505.0,505.0,0.378,2026-01-28 09:13:02,802
PATANJALI,2026-02-24,510.0,18.3,47700.0,0.0,0.0,0.0,0.0,505.0,505.0,505.0,0.378,2026-01-28 09:13:02,707
PATANJALI,2026-02-24,515.0,15.95,3600.0,0.0,23.55,6300.0,0.0,505.0,505.0,505.0,0.378,2026-01-28 09:13:02,799
PATANJALI,2026-02-24,520.0,13.55,118800.0,0.0,29.95,71100.0,0.0,505.0,505.0,505.0,0.378,2026-01-28 09:13:02,800
PATANJALI,2026-02-24,525.0,0.0,0.0,0.0,29.9,900.0,0.0,505.0,505.0,505.0,0.378,2026-01-28 09:13:02,853
PATANJALI,2026-02-24,530.0,10.0,12600.0,0.0,31.65,2700.0,0.0,505.0,505.0,505.0,0.378,2026-01-28 09:13:02,956
PATANJALI,2026-02-24,535.0,0.0,0.0,0.0,37.05,1800.0,0.0,505.0,505.0,505.0,0.378,2026-01-28 09:13:02,1073
PATANJALI,2026-02-24,540.0,8.1,18900.0,0.0,45.25,21600.0,0.0,505.0,505.0,505.0,0.378,2026-01-28 09:13:02,1180
PATANJALI,2026-02-24,545.0,0.0,0.0,0.0,44.8,7200.0,0.0,505.0,505.0,505.0,0.378,2026-01-28 09:13:02,1231
PATANJALI,2026-02-24,550.0,6.0,160200.0,0.0,51.55,72900.0,0.0,505.0,505.0,505.0,0.378,2026-01-28 09:13:02,1337
PATANJALI,2026-02-24,555.0,3.75,5400.0,0.0,53.1,6300.0,0.0,505.0,505.0,505.0,0.378,2026-01-28 09:13:02,1311
PATANJALI,2026-02-24,560.0,3.1,2700.0,0.0,58.95,38700.0,0.0,505.0,505.0,505.0,0.378,2026-01-28 09:13:02,1540
PATANJALI,2026-02-24,565.0,0.0,0.0,0.0,61.9,9000.0,0.0,505.0,505.0,505.0,0.378,2026-01-28 09:13:02,1594
PATANJALI,2026-02-24,570.0,2.1,2700.0,0.0,72.45,10800.0,0.0,505.0,505.0,505.0,0.378,2026-01-28 09:13:02,1823
PATANJALI,2026-02-24,575.0,0.0,0.0,0.0,0.0,0.0,0.0,505.0,505.0,505.0,0.378,2026-01-28 09:13:02,2038
PATANJALI,2026-02-24,580.0,1.4,900.0,0.0,75.65,2700.0,0.0,505.0,505.0,505.0,0.378,2026-01-28 09:13:02,2330
PATANJALI,2026-02-24,585.0,0.0,0.0,0.0,80.35,3600.0,0.0,505.0,505.0,505.0,0.378,2026-01-28 09:13:02,2603
PATANJALI,2026-02-24,590.0,2.0,9900.0,0.0,85.1,3600.0,0.0,505.0,505.0,505.0,0.378,2026-01-28 09:13:02,2870
PATANJALI,2026-02-24,595.0,1.95,62100.0,0.0,0.0,0.0,0.0,505.0,505.0,505.0,0.378,2026-01-28 09:13:02,3144
PATANJALI,2026-02-24,600.0,1.25,9000.0,0.0,99.5,42300.0,0.0,505.0,505.0,505.0,0.378,2026-01-28 09:13:02,3489
PATANJALI,2026-02-24,605.0,0.0,0.0,0.0,0.0,0.0,0.0,505.0,505.0,505.0,0.378,2026-01-28 09:13:02,3429
PATANJALI,2026-02-24,610.0,0.35,5400.0,0.0,106.05,5400.0,0.0,505.0,505.0,505.0,0.378,2026-01-28 09:13:02,3788
PATANJALI,2026-02-24,615.0,0.3,14400.0,0.0,0.0,0.0,0.0,505.0,505.0,505.0,0.378,2026-01-28 09:13:02,4095
PATANJALI,2026-02-24,620.0,0.0,0.0,0.0,114.3,8100.0,0.0,505.0,505.0,505.0,0.378,2026-01-28 09:13:02,4467
PATANJALI,2026-02-24,625.0,0.0,0.0,0.0,0.0,0.0,0.0,505.0,505.0,505.0,0.378,2026-01-28 09:13:02,4750
PATANJALI,2026-02-24,630.0,0.0,0.0,0.0,124.15,4500.0,0.0,505.0,505.0,505.0,0.378,2026-01-28 09:13:02,5126
PATANJALI,2026-02-24,640.0,0.0,0.0,0.0,0.0,0.0,0.0,505.0,505.0,505.0,0.378,2026-01-28 09:13:02,5826
PATANJALI,2026-02-24,650.0,0.0,0.0,0.0,0.0,0.0,0.0,505.0,505.0,505.0,0.378,2026-01-28 09:13:02,6582
PATANJALI,2026-02-24,660.0,0.0,0.0,0.0,156.5,11700.0,0.0,505.0,505.0,505.0,0.378,2026-01-28 09:13:02,7338
PAYTM,2026-02-24,920.0,232.6,725.0,0.0,4.4,13050.0,0.0,1155.0,1155.0,1155.0,0.891,2026-01-28 09:13:02,69203
PAYTM,2026-02-24,960.0,0.0,0.0,0.0,6.7,10150.0,0.0,1155.0,1155.0,1155.0,0.891,2026-01-28 09:13:02,54412
PAYTM,2026-02-24,980.0,0.0,0.0,0.0,8.55,64525.0,0.0,1155.0,1155.0,1155.0,0.891,2026-01-28 09:13:02,47025
PAYTM,2026-02-24,1000.0,157.0,7250.0,0.0,11.15,159500.0,0.0,1155.0,1155.0,1155.0,0.891,2026-01-28 09:13:02,39719
PAYTM,2026-02-24,1020.0,0.0,0.0,0.0,13.65,593050.0,0.0,1155.0,1155.0,1155.0,0.891,2026-01-28 09:13:02,32737
PAYTM,2026-02-24,1040.0,115.45,2900.0,0.0,17.0,151525.0,0.0,1155.0,1155.0,1155.0,0.891,2026-01-28 09:13:02,26195
PAYTM,2026-02-24,1060.0,104.4,1450.0,0.0,21.45,61625.0,0.0,1155.0,1155.0,1155.0,0.891,2026-01-28 09:13:02,20548
PAYTM,2026-02-24,1080.0,95.4,9425.0,0.0,27.3,179075.0,0.0,1155.0,1155.0,1155.0,0.891,2026-01-28 09:13:02,15134
PAYTM,2026-02-24,1100.0,87.0,47850.0,0.0,33.3,582175.0,0.0,1155.0,1155.0,1155.0,0.891,2026-01-28 09:13:02,9815
PAYTM,2026-02-24,1120.0,76.55,41325.0,0.0,41.1,152250.0,0.0,1155.0,1155.0,1155.0,0.891,2026-01-28 09:13:02,4633
PAYTM,2026-02-24,1140.0,64.8,276950.0,0.0,50.7,222575.0,0.0,1155.0,1155.0,1155.0,0.891,2026-01-28 09:13:02,1051
PAYTM,2026-02-24,1160.0,54.95,230550.0,0.0,59.7,225475.0,0.0,1155.0,1155.0,1155.0,0.891,2026-01-28 09:13:02,-555
PAYTM,2026-02-24,1180.0,46.2,162400.0,0.0,69.25,89175.0,0.0,1155.0,1155.0,1155.0,0.891,2026-01-28 09:13:02,-1996
PAYTM,2026-02-24,1200.0,37.7,1005575.0,0.0,82.6,380625.0,0.0,1155.0,1155.0,1155.0,0.891,2026-01-28 09:13:02,-2722
PAYTM,2026-02-24,1220.0,31.1,89900.0,0.0,106.5,18850.0,0.0,1155.0,1155.0,1155.0,0.891,2026-01-28 09:13:02,-161
PAYTM,2026-02-24,1240.0,25.0,158775.0,0.0,123.0,57275.0,0.0,1155.0,1155.0,1155.0,0.891,2026-01-28 09:13:02,2049
PAYTM,2026-02-24,1260.0,19.85,300875.0,0.0,121.3,211700.0,0.0,1155.0,1155.0,1155.0,0.891,2026-01-28 09:13:02,4305
PAYTM,2026-02-24,1280.0,16.0,197925.0,0.0,142.05,47125.0,0.0,1155.0,1155.0,1155.0,0.891,2026-01-28 09:13:02,5923
PAYTM,2026-02-24,1300.0,12.95,898275.0,0.0,156.7,266800.0,0.0,1155.0,1155.0,1155.0,0.891,2026-01-28 09:13:02,9649
PAYTM,2026-02-24,1320.0,10.55,134125.0,0.0,180.0,28275.0,0.0,1155.0,1155.0,1155.0,0.891,2026-01-28 09:13:02,13041
PAYTM,2026-02-24,1340.0,8.85,318275.0,0.0,210.0,152975.0,0.0,1155.0,1155.0,1155.0,0.891,2026-01-28 09:13:02,19407
PAYTM,2026-02-24,1360.0,7.15,152975.0,0.0,219.95,7250.0,0.0,1155.0,1155.0,1155.0,0.891,2026-01-28 09:13:02,24152
PAYTM,2026-02-24,1380.0,5.7,111650.0,0.0,0.0,0.0,0.0,1155.0,1155.0,1155.0,0.891,2026-01-28 09:13:02,32099
PAYTM,2026-02-24,1400.0,4.9,358150.0,0.0,267.0,15950.0,0.0,1155.0,1155.0,1155.0,0.891,2026-01-28 09:13:02,40383
PAYTM,2026-02-24,1420.0,4.0,43500.0,0.0,0.0,0.0,0.0,1155.0,1155.0,1155.0,0.891,2026-01-28 09:13:02,49101
PAYTM,2026-02-24,1440.0,3.4,23200.0,0.0,0.0,0.0,0.0,1155.0,1155.0,1155.0,0.891,2026-01-28 09:13:02,58173
PAYTM,2026-02-24,1460.0,3.0,48575.0,0.0,312.4,2175.0,0.0,1155.0,1155.0,1155.0,0.891,2026-01-28 09:13:02,67283
PAYTM,2026-02-24,1480.0,2.5,36975.0,0.0,340.0,13775.0,0.0,1155.0,1155.0,1155.0,0.891,2026-01-28 09:13:02,76433
PAYTM,2026-02-24,1520.0,1.95,119625.0,0.0,0.0,0.0,0.0,1155.0,1155.0,1155.0,0.891,2026-01-28 09:13:02,94583
PAYTM,2026-02-24,1560.0,1.5,47850.0,0.0,409.3,7250.0,0.0,1155.0,1155.0,1155.0,0.891,2026-01-28 09:13:02,113694
PERSISTENT,2026-02-24,5200.0,1051.3,100.0,0.0,15.3,3700.0,0.0,6199.0,6199.0,6199.0,-0.273,2026-01-28 09:13:02,15968
PERSISTENT,2026-02-24,5400.0,866.7,1100.0,0.0,25.25,17700.0,0.0,6199.0,6199.0,6199.0,-0.273,2026-01-28 09:13:02,11199
PERSISTENT,2026-02-24,5600.0,0.0,0.0,0.0,42.55,21000.0,0.0,6199.0,6199.0,6199.0,-0.273,2026-01-28 09:13:02,6851
PERSISTENT,2026-02-24,5700.0,0.0,0.0,0.0,54.7,10400.0,0.0,6199.0,6199.0,6199.0,-0.273,2026-01-28 09:13:02,4773
PERSISTENT,2026-02-24,5800.0,538.05,100.0,0.0,72.0,15400.0,0.0,6199.0,6199.0,6199.0,-0.273,2026-01-28 09:13:02,2831
PERSISTENT,2026-02-24,5900.0,467.15,400.0,0.0,94.55,11100.0,0.0,6199.0,6199.0,6199.0,-0.273,2026-01-28 09:13:02,995
PERSISTENT,2026-02-24,6000.0,370.8,13900.0,0.0,121.35,37000.0,0.0,6199.0,6199.0,6199.0,-0.273,2026-01-28 09:13:02,-705
PERSISTENT,2026-02-24,6100.0,307.25,17900.0,0.0,157.95,18200.0,0.0,6199.0,6199.0,6199.0,-0.273,2026-01-28 09:13:02,-1744
PERSISTENT,2026-02-24,6200.0,250.85,23900.0,0.0,200.7,73200.0,0.0,6199.0,6199.0,6199.0,-0.273,2026-01-28 09:13:02,-2227
PERSISTENT,2026-02-24,6300.0,200.55,27300.0,0.0,246.6,15400.0,0.0,6199.0,6199.0,6199.0,-0.273,2026-01-28 09:13:02,-2871
PERSISTENT,2026-02-24,6400.0,159.1,18800.0,0.0,310.5,10700.0,0.0,6199.0,6199.0,6199.0,-0.273,2026-01-28 09:13:02,-2050
PERSISTENT,2026-02-24,6500.0,123.8,28400.0,0.0,369.95,4800.0,0.0,6199.0,6199.0,6199.0,-0.273,2026-01-28 09:13:02,-1135
PERSISTENT,2026-02-24,6600.0,95.8,13400.0,0.0,487.75,400.0,0.0,6199.0,6199.0,6199.0,-0.273,2026-01-28 09:13:02,318
PERSISTENT,2026-02-24,6700.0,73.8,17600.0,0.0,561.45,3100.0,0.0,6199.0,6199.0,6199.0,-0.273,2026-01-28 09:13:02,1845
PERSISTENT,2026-02-24,6800.0,56.25,13000.0,0.0,0.0,0.0,0.0,6199.0,6199.0,6199.0,-0.273,2026-01-28 09:13:02,3426
PERSISTENT,2026-02-24,6900.0,43.2,12300.0,0.0,0.0,0.0,0.0,6199.0,6199.0,6199.0,-0.273,2026-01-28 09:13:02,5254
PERSISTENT,2026-02-24,7000.0,33.2,46100.0,0.0,805.2,400.0,0.0,6199.0,6199.0,6199.0,-0.273,2026-01-28 09:13:02,7185
PERSISTENT,2026-02-24,7100.0,25.0,500.0,0.0,0.0,0.0,0.0,6199.0,6199.0,6199.0,-0.273,2026-01-28 09:13:02,9649
PERSISTENT,2026-02-24,7200.0,17.0,11600.0,0.0,0.0,0.0,0.0,6199.0,6199.0,6199.0,-0.273,2026-01-28 09:13:02,11998
PERSISTENT,2026-02-24,7400.0,12.15,5600.0,0.0,0.0,0.0,0.0,6199.0,6199.0,6199.0,-0.273,2026-01-28 09:13:02,16946
PERSISTENT,2026-02-24,7600.0,9.0,1600.0,0.0,1359.35,0.0,0.0,6199.0,6199.0,6199.0,-0.273,2026-01-28 09:13:02,21993
PETRONET,2026-02-24,235.0,0.0,0.0,0.0,1.35,7600.0,0.0,277.7,277.7,277.7,0.0,2026-01-28 09:13:02,35193
PETRONET,2026-02-24,240.0,0.0,0.0,0.0,1.5,43700.0,0.0,277.7,277.7,277.7,0.0,2026-01-28 09:13:02,30713
PETRONET,2026-02-24,245.0,0.0,0.0,0.0,2.05,146300.0,0.0,277.7,277.7,277.7,0.0,2026-01-28 09:13:02,26249
PETRONET,2026-02-24,247.5,0.0,0.0,0.0,0.0,0.0,0.0,277.7,277.7,277.7,0.0,2026-01-28 09:13:02,24027
PETRONET,2026-02-24,250.0,31.1,1900.0,0.0,2.15,560500.0,0.0,277.7,277.7,277.7,0.0,2026-01-28 09:13:02,21835
PETRONET,2026-02-24,252.5,0.0,0.0,0.0,2.75,138700.0,0.0,277.7,277.7,277.7,0.0,2026-01-28 09:13:02,19669
PETRONET,2026-02-24,255.0,0.0,0.0,0.0,2.75,845500.0,0.0,277.7,277.7,277.7,0.0,2026-01-28 09:13:02,17614
PETRONET,2026-02-24,257.5,0.0,0.0,0.0,3.05,184300.0,0.0,277.7,277.7,277.7,0.0,2026-01-28 09:13:02,15576
PETRONET,2026-02-24,260.0,24.0,5700.0,0.0,3.45,767600.0,0.0,277.7,277.7,277.7,0.0,2026-01-28 09:13:02,13760
PETRONET,2026-02-24,262.5,0.0,0.0,0.0,3.15,22800.0,0.0,277.7,277.7,277.7,0.0,2026-01-28 09:13:02,11943
PETRONET,2026-02-24,265.0,0.0,0.0,0.0,4.35,146300.0,0.0,277.7,277.7,277.7,0.0,2026-01-28 09:13:02,10375
PETRONET,2026-02-24,267.5,0.0,0.0,0.0,5.75,7600.0,0.0,277.7,277.7,277.7,0.0,2026-01-28 09:13:02,8788
PETRONET,2026-02-24,270.0,15.7,182400.0,0.0,5.55,233700.0,0.0,277.7,277.7,277.7,0.0,2026-01-28 09:13:02,7262
PETRONET,2026-02-24,272.5,14.0,3800.0,0.0,7.55,7600.0,0.0,277.7,277.7,277.7,0.0,2026-01-28 09:13:02,6000
PETRONET,2026-02-24,275.0,12.25,448400.0,0.0,7.2,326800.0,0.0,277.7,277.7,277.7,0.0,2026-01-28 09:13:02,4585
PETRONET,2026-02-24,277.5,10.8,167200.0,0.0,8.2,195700.0,0.0,277.7,277.7,277.7,0.0,2026-01-28 09:13:02,3678
PETRONET,2026-02-24,280.0,9.4,1867700.0,0.0,9.35,1227400.0,0.0,277.7,277.7,277.7,0.0,2026-01-28 09:13:02,2567
PETRONET,2026-02-24,282.5,7.5,11400.0,0.0,10.45,39900.0,0.0,277.7,277.7,277.7,0.0,2026-01-28 09:13:02,2819
PETRONET,2026-02-24,285.0,6.8,444600.0,0.0,11.7,387600.0,0.0,277.7,277.7,277.7,0.0,2026-01-28 09:13:02,2442
PETRONET,2026-02-24,287.5,5.8,39900.0,0.0,14.35,19000.0,0.0,277.7,277.7,277.7,0.0,2026-01-28 09:13:02,2155
PETRONET,2026-02-24,290.0,4.8,621300.0,0.0,14.55,999400.0,0.0,277.7,277.7,277.7,0.0,2026-01-28 09:13:02,2029
PETRONET,2026-02-24,292.5,4.1,100700.0,0.0,17.75,20900.0,0.0,277.7,277.7,277.7,0.0,2026-01-28 09:13:02,1158
PETRONET,2026-02-24,295.0,3.35,264100.0,0.0,19.45,241300.0,0.0,277.7,277.7,277.7,0.0,2026-01-28 09:13:02,1476
PETRONET,2026-02-24,297.5,3.1,60800.0,0.0,0.0,0.0,0.0,277.7,277.7,277.7,0.0,2026-01-28 09:13:02,1536
PETRONET,2026-02-24,300.0,2.35,1685300.0,0.0,22.05,2361700.0,0.0,277.7,277.7,277.7,0.0,2026-01-28 09:13:02,2011
PETRONET,2026-02-24,302.5,0.0,0.0,0.0,0.0,0.0,0.0,277.7,277.7,277.7,0.0,2026-01-28 09:13:02,-1332
PETRONET,2026-02-24,305.0,1.7,155800.0,0.0,27.0,5700.0,0.0,277.7,277.7,277.7,0.0,2026-01-28 09:13:02,135
PETRONET,2026-02-24,307.5,0.0,0.0,0.0,30.9,3800.0,0.0,277.7,277.7,277.7,0.0,2026-01-28 09:13:02,1654
PETRONET,2026-02-24,310.0,1.25,172900.0,0.0,32.45,5700.0,0.0,277.7,277.7,277.7,0.0,2026-01-28 09:13:02,3151
PETRONET,2026-02-24,312.5,1.05,1900.0,0.0,0.0,0.0,0.0,277.7,277.7,277.7,0.0,2026-01-28 09:13:02,4708
PETRONET,2026-02-24,315.0,0.9,3800.0,0.0,37.25,5700.0,0.0,277.7,277.7,277.7,0.0,2026-01-28 09:13:02,6263
PETRONET,2026-02-24,317.5,0.0,0.0,0.0,0.0,0.0,0.0,277.7,277.7,277.7,0.0,2026-01-28 09:13:02,7798
PETRONET,2026-02-24,320.0,0.75,89300.0,0.0,35.15,11400.0,0.0,277.7,277.7,277.7,0.0,2026-01-28 09:13:02,9355
PETRONET,2026-02-24,322.5,0.0,0.0,0.0,0.0,0.0,0.0,277.7,277.7,277.7,0.0,2026-01-28 09:13:02,10903
PETRONET,2026-02-24,325.0,1.35,13300.0,0.0,0.0,0.0,0.0,277.7,277.7,277.7,0.0,2026-01-28 09:13:02,12485
PETRONET,2026-02-24,330.0,1.0,3800.0,0.0,57.45,1900.0,0.0,277.7,277.7,277.7,0.0,2026-01-28 09:13:02,15657
PETRONET,2026-02-24,335.0,0.0,0.0,0.0,0.0,0.0,0.0,277.7,277.7,277.7,0.0,2026-01-28 09:13:02,18820
PFC,2026-02-24,300.0,0.0,0.0,0.0,1.45,241800.0,0.0,362.45,362.45,362.45,0.221,2026-01-28 09:13:02,86067
PFC,2026-02-24,305.0,58.95,0.0,0.0,0.0,0.0,0.0,362.45,362.45,362.45,0.221,2026-01-28 09:13:02,78860
PFC,2026-02-24,310.0,53.0,5200.0,0.0,1.9,83200.0,0.0,362.45,362.45,362.45,0.221,2026-01-28 09:13:02,71688
PFC,2026-02-24,315.0,0.0,0.0,0.0,2.35,39000.0,0.0,362.45,362.45,362.45,0.221,2026-01-28 09:13:02,64572
PFC,2026-02-24,320.0,40.75,5200.0,0.0,2.85,666900.0,0.0,362.45,362.45,362.45,0.221,2026-01-28 09:13:02,57454
PFC,2026-02-24,325.0,0.0,0.0,0.0,3.35,65000.0,0.0,362.45,362.45,362.45,0.221,2026-01-28 09:13:02,50513
PFC,2026-02-24,327.5,0.0,0.0,0.0,3.55,85800.0,0.0,362.45,362.45,362.45,0.221,2026-01-28 09:13:02,47122
PFC,2026-02-24,330.0,38.0,192400.0,0.0,3.95,604500.0,0.0,362.45,362.45,362.45,0.221,2026-01-28 09:13:02,43743
PFC,2026-02-24,332.5,0.0,0.0,0.0,4.2,37700.0,0.0,362.45,362.45,362.45,0.221,2026-01-28 09:13:02,41086
PFC,2026-02-24,335.0,0.0,0.0,0.0,4.6,170300.0,0.0,362.45,362.45,362.45,0.221,2026-01-28 09:13:02,37930
PFC,2026-02-24,337.5,0.0,0.0,0.0,5.7,40300.0,0.0,362.45,362.45,362.45,0.221,2026-01-28 09:13:02,34754
PFC,2026-02-24,340.0,28.3,126100.0,0.0,5.8,630500.0,0.0,362.45,362.45,362.45,0.221,2026-01-28 09:13:02,31644
PFC,2026-02-24,342.5,0.0,0.0,0.0,6.1,39000.0,0.0,362.45,362.45,362.45,0.221,2026-01-28 09:13:02,28737
PFC,2026-02-24,345.0,26.4,1300.0,0.0,6.9,106600.0,0.0,362.45,362.45,362.45,0.221,2026-01-28 09:13:02,25825
PFC,2026-02-24,347.5,23.3,3900.0,0.0,7.6,54600.0,0.0,362.45,362.45,362.45,0.221,2026-01-28 09:13:02,22894
PFC,2026-02-24,350.0,20.9,839800.0,0.0,8.35,1274000.0,0.0,362.45,362.45,362.45,0.221,2026-01-28 09:13:02,20015
PFC,2026-02-24,352.5,19.75,16900.0,0.0,8.85,52000.0,0.0,362.45,362.45,362.45,0.221,2026-01-28 09:13:02,18388
PFC,2026-02-24,355.0,17.95,170300.0,0.0,9.95,364000.0,0.0,362.45,362.45,362.45,0.221,2026-01-28 09:13:02,16074
PFC,2026-02-24,357.5,15.95,273000.0,0.0,10.75,335400.0,0.0,362.45,362.45,362.45,0.221,2026-01-28 09:13:02,13850
PFC,2026-02-24,360.0,14.75,2061800.0,0.0,12.0,1892800.0,0.0,362.45,362.45,362.45,0.221,2026-01-28 09:13:02,11910
PFC,2026-02-24,362.5,13.35,266500.0,0.0,13.05,521300.0,0.0,362.45,362.45,362.45,0.221,2026-01-28 09:13:02,11653
PFC,2026-02-24,365.0,12.3,716300.0,0.0,14.05,691600.0,0.0,362.45,362.45,362.45,0.221,2026-01-28 09:13:02,10499
PFC,2026-02-24,367.5,10.95,241800.0,0.0,15.1,234000.0,0.0,362.45,362.45,362.45,0.221,2026-01-28 09:13:02,9930
PFC,2026-02-24,370.0,10.1,1847300.0,0.0,16.2,1336400.0,0.0,362.45,362.45,362.45,0.221,2026-01-28 09:13:02,9483
PFC,2026-02-24,372.5,9.15,176800.0,0.0,17.5,58500.0,0.0,362.45,362.45,362.45,0.221,2026-01-28 09:13:02,9621
PFC,2026-02-24,375.0,8.25,373100.0,0.0,21.0,223600.0,0.0,362.45,362.45,362.45,0.221,2026-01-28 09:13:02,10176
PFC,2026-02-24,377.5,7.2,145600.0,0.0,21.95,24700.0,0.0,362.45,362.45,362.45,0.221,2026-01-28 09:13:02,10660
PFC,2026-02-24,380.0,6.3,1705600.0,0.0,23.15,887900.0,0.0,362.45,362.45,362.45,0.221,2026-01-28 09:13:02,11398
PFC,2026-02-24,382.5,5.65,120900.0,0.0,0.0,0.0,0.0,362.45,362.45,362.45,0.221,2026-01-28 09:13:02,11753
PFC,2026-02-24,385.0,4.95,200200.0,0.0,26.25,54600.0,0.0,362.45,362.45,362.45,0.221,2026-01-28 09:13:02,13188
PFC,2026-02-24,387.5,4.45,76700.0,0.0,0.0,0.0,0.0,362.45,362.45,362.45,0.221,2026-01-28 09:13:02,14574
PFC,2026-02-24,390.0,3.8,650000.0,0.0,31.15,466700.0,0.0,362.45,362.45,362.45,0.221,2026-01-28 09:13:02,16057
PFC,2026-02-24,392.5,3.45,46800.0,0.0,0.0,0.0,0.0,362.45,362.45,362.45,0.221,2026-01-28 09:13:02,16578
PFC,2026-02-24,395.0,2.95,74100.0,0.0,34.2,29900.0,0.0,362.45,362.45,362.45,0.221,2026-01-28 09:13:02,18335
PFC,2026-02-24,397.5,2.5,66300.0,0.0,0.0,0.0,0.0,362.45,362.45,362.45,0.221,2026-01-28 09:13:02,20020
PFC,2026-02-24,400.0,2.3,2076100.0,0.0,39.65,1760200.0,0.0,362.45,362.45,362.45,0.221,2026-01-28 09:13:02,21820
PFC,2026-02-24,402.5,2.0,110500.0,0.0,0.0,0.0,0.0,362.45,362.45,362.45,0.221,2026-01-28 09:13:02,18060
PFC,2026-02-24,405.0,1.75,126100.0,0.0,0.0,0.0,0.0,362.45,362.45,362.45,0.221,2026-01-28 09:13:02,20851
PFC,2026-02-24,407.5,1.4,50700.0,0.0,0.0,0.0,0.0,362.45,362.45,362.45,0.221,2026-01-28 09:13:02,23674
PFC,2026-02-24,410.0,1.4,248300.0,0.0,51.6,189800.0,0.0,362.45,362.45,362.45,0.221,2026-01-28 09:13:02,26494
PFC,2026-02-24,415.0,1.15,89700.0,0.0,0.0,0.0,0.0,362.45,362.45,362.45,0.221,2026-01-28 09:13:02,31396
PFC,2026-02-24,420.0,0.9,526500.0,0.0,58.1,486200.0,0.0,362.45,362.45,362.45,0.221,2026-01-28 09:13:02,37297
PFC,2026-02-24,425.0,0.55,124800.0,0.0,61.65,837200.0,0.0,362.45,362.45,362.45,0.221,2026-01-28 09:13:02,40917
PGEL,2026-02-24,440.0,0.0,0.0,0.0,5.5,28500.0,0.0,518.65,518.65,518.65,0.019,2026-01-28 09:13:02,6222
PGEL,2026-02-24,450.0,0.0,0.0,0.0,7.25,54150.0,0.0,518.65,518.65,518.65,0.019,2026-01-28 09:13:02,4970
PGEL,2026-02-24,460.0,0.0,0.0,0.0,8.65,264100.0,0.0,518.65,518.65,518.65,0.019,2026-01-28 09:13:02,3749
PGEL,2026-02-24,470.0,58.1,950.0,0.0,11.3,13300.0,0.0,518.65,518.65,518.65,0.019,2026-01-28 09:13:02,2603
PGEL,2026-02-24,480.0,51.35,4750.0,0.0,13.4,50350.0,0.0,518.65,518.65,518.65,0.019,2026-01-28 09:13:02,1690
PGEL,2026-02-24,490.0,45.65,1900.0,0.0,15.55,13300.0,0.0,518.65,518.65,518.65,0.019,2026-01-28 09:13:02,799
PGEL,2026-02-24,500.0,43.4,63650.0,0.0,20.4,178600.0,0.0,518.65,518.65,518.65,0.019,2026-01-28 09:13:02,-45
PGEL,2026-02-24,510.0,36.95,19950.0,0.0,24.4,30400.0,0.0,518.65,518.65,518.65,0.019,2026-01-28 09:13:02,-724
PGEL,2026-02-24,520.0,32.7,126350.0,0.0,29.95,182400.0,0.0,518.65,518.65,518.65,0.019,2026-01-28 09:13:02,-1265
PGEL,2026-02-24,530.0,28.9,102600.0,0.0,34.65,105450.0,0.0,518.65,518.65,518.65,0.019,2026-01-28 09:13:02,-1630
PGEL,2026-02-24,540.0,23.6,248900.0,0.0,40.65,98800.0,0.0,518.65,518.65,518.65,0.019,2026-01-28 09:13:02,-1723
PGEL,2026-02-24,550.0,19.55,136800.0,0.0,46.7,78850.0,0.0,518.65,518.65,518.65,0.019,2026-01-28 09:13:02,-1213
PGEL,2026-02-24,560.0,16.3,263150.0,0.0,61.8,1900.0,0.0,518.65,518.65,518.65,0.019,2026-01-28 09:13:02,-774
PGEL,2026-02-24,570.0,12.65,39900.0,0.0,60.45,46550.0,0.0,518.65,518.65,518.65,0.019,2026-01-28 09:13:02,447
PGEL,2026-02-24,580.0,10.8,82650.0,0.0,67.95,16150.0,0.0,518.65,518.65,518.65,0.019,2026-01-28 09:13:02,1107
PGEL,2026-02-24,590.0,8.0,16150.0,0.0,82.5,6650.0,0.0,518.65,518.65,518.65,0.019,2026-01-28 09:13:02,2076
PGEL,2026-02-24,600.0,7.75,312550.0,0.0,90.0,67450.0,0.0,518.65,518.65,518.65,0.019,2026-01-28 09:13:02,3047
PGEL,2026-02-24,610.0,10.0,0.0,0.0,0.0,0.0,0.0,518.65,518.65,518.65,0.019,2026-01-28 09:13:02,4075
PGEL,2026-02-24,620.0,3.25,3800.0,0.0,102.0,6650.0,0.0,518.65,518.65,518.65,0.019,2026-01-28 09:13:02,5467
PGEL,2026-02-24,630.0,5.6,1900.0,0.0,110.85,4750.0,0.0,518.65,518.65,518.65,0.019,2026-01-28 09:13:02,6804
PGEL,2026-02-24,640.0,3.2,70300.0,0.0,131.6,3800.0,0.0,518.65,518.65,518.65,0.019,2026-01-28 09:13:02,8162
PGEL,2026-02-24,650.0,2.75,15200.0,0.0,0.0,0.0,0.0,518.65,518.65,518.65,0.019,2026-01-28 09:13:02,9619
PGEL,2026-02-24,660.0,2.35,54150.0,0.0,142.7,6650.0,0.0,518.65,518.65,518.65,0.019,2026-01-28 09:13:02,11122
PGEL,2026-02-24,670.0,1.9,9500.0,0.0,151.95,3800.0,0.0,518.65,518.65,518.65,0.019,2026-01-28 09:13:02,12600
PGEL,2026-02-24,680.0,3.0,2850.0,0.0,0.0,0.0,0.0,518.65,518.65,518.65,0.019,2026-01-28 09:13:02,14117
PGEL,2026-02-24,690.0,2.0,950.0,0.0,0.0,0.0,0.0,518.65,518.65,518.65,0.019,2026-01-28 09:13:02,15694
PGEL,2026-02-24,700.0,0.0,0.0,0.0,0.0,0.0,0.0,518.65,518.65,518.65,0.019,2026-01-28 09:13:02,17271
PGEL,2026-02-24,710.0,0.0,0.0,0.0,0.0,0.0,0.0,518.65,518.65,518.65,0.019,2026-01-28 09:13:02,18848
PGEL,2026-02-24,720.0,0.0,0.0,0.0,199.55,1900.0,0.0,518.65,518.65,518.65,0.019,2026-01-28 09:13:02,20425
PHOENIXLTD,2026-02-24,1440.0,0.0,0.0,0.0,0.0,0.0,0.0,1748.0,1748.0,1748.0,1.14,2026-01-28 09:13:02,4609
PHOENIXLTD,2026-02-24,1480.0,0.0,0.0,0.0,0.0,0.0,0.0,1748.0,1748.0,1748.0,1.14,2026-01-28 09:13:02,3815
PHOENIXLTD,2026-02-24,1520.0,0.0,0.0,0.0,9.7,0.0,0.0,1748.0,1748.0,1748.0,1.14,2026-01-28 09:13:02,3021
PHOENIXLTD,2026-02-24,1540.0,0.0,0.0,0.0,10.0,350.0,0.0,1748.0,1748.0,1748.0,1.14,2026-01-28 09:13:02,2624
PHOENIXLTD,2026-02-24,1560.0,191.1,1400.0,0.0,15.65,3850.0,0.0,1748.0,1748.0,1748.0,1.14,2026-01-28 09:13:02,2228
PHOENIXLTD,2026-02-24,1580.0,167.85,1050.0,0.0,21.25,2450.0,0.0,1748.0,1748.0,1748.0,1.14,2026-01-28 09:13:02,1863
PHOENIXLTD,2026-02-24,1600.0,0.0,0.0,0.0,21.1,18200.0,0.0,1748.0,1748.0,1748.0,1.14,2026-01-28 09:13:02,1496
PHOENIXLTD,2026-02-24,1620.0,127.3,1050.0,0.0,24.25,1050.0,0.0,1748.0,1748.0,1748.0,1.14,2026-01-28 09:13:02,1116
PHOENIXLTD,2026-02-24,1640.0,0.0,0.0,0.0,35.2,1750.0,0.0,1748.0,1748.0,1748.0,1.14,2026-01-28 09:13:02,788
PHOENIXLTD,2026-02-24,1660.0,100.0,1400.0,0.0,42.0,1050.0,0.0,1748.0,1748.0,1748.0,1.14,2026-01-28 09:13:02,448
PHOENIXLTD,2026-02-24,1680.0,105.6,1750.0,0.0,47.7,3850.0,0.0,1748.0,1748.0,1748.0,1.14,2026-01-28 09:13:02,127
PHOENIXLTD,2026-02-24,1700.0,86.05,3500.0,0.0,48.3,96600.0,0.0,1748.0,1748.0,1748.0,1.14,2026-01-28 09:13:02,-190
PHOENIXLTD,2026-02-24,1720.0,0.0,0.0,0.0,58.65,2100.0,0.0,1748.0,1748.0,1748.0,1.14,2026-01-28 09:13:02,-745
PHOENIXLTD,2026-02-24,1740.0,65.55,24500.0,0.0,78.65,16100.0,0.0,1748.0,1748.0,1748.0,1.14,2026-01-28 09:13:02,-871
PHOENIXLTD,2026-02-24,1760.0,57.8,23800.0,0.0,77.2,31500.0,0.0,1748.0,1748.0,1748.0,1.14,2026-01-28 09:13:02,-870
PHOENIXLTD,2026-02-24,1780.0,0.0,0.0,0.0,100.15,1400.0,0.0,1748.0,1748.0,1748.0,1.14,2026-01-28 09:13:02,-898
PHOENIXLTD,2026-02-24,1800.0,41.15,88550.0,0.0,112.7,5950.0,0.0,1748.0,1748.0,1748.0,1.14,2026-01-28 09:13:02,-831
PHOENIXLTD,2026-02-24,1820.0,42.65,350.0,0.0,0.0,0.0,0.0,1748.0,1748.0,1748.0,1.14,2026-01-28 09:13:02,-265
PHOENIXLTD,2026-02-24,1840.0,0.0,0.0,0.0,0.0,0.0,0.0,1748.0,1748.0,1748.0,1.14,2026-01-28 09:13:02,6
PHOENIXLTD,2026-02-24,1860.0,0.0,0.0,0.0,0.0,0.0,0.0,1748.0,1748.0,1748.0,1.14,2026-01-28 09:13:02,276
PHOENIXLTD,2026-02-24,1880.0,26.95,3150.0,0.0,170.0,700.0,0.0,1748.0,1748.0,1748.0,1.14,2026-01-28 09:13:02,546
PHOENIXLTD,2026-02-24,1900.0,17.7,44450.0,0.0,190.9,3850.0,0.0,1748.0,1748.0,1748.0,1.14,2026-01-28 09:13:02,821
PHOENIXLTD,2026-02-24,1920.0,19.35,700.0,0.0,209.15,700.0,0.0,1748.0,1748.0,1748.0,1.14,2026-01-28 09:13:02,1201
PHOENIXLTD,2026-02-24,1940.0,16.3,2100.0,0.0,219.1,2450.0,0.0,1748.0,1748.0,1748.0,1.14,2026-01-28 09:13:02,1565
PHOENIXLTD,2026-02-24,1960.0,13.65,3500.0,0.0,236.35,350.0,0.0,1748.0,1748.0,1748.0,1.14,2026-01-28 09:13:02,1901
PHOENIXLTD,2026-02-24,1980.0,8.85,2800.0,0.0,0.0,0.0,0.0,1748.0,1748.0,1748.0,1.14,2026-01-28 09:13:02,2291
PHOENIXLTD,2026-02-24,2000.0,8.0,15400.0,0.0,0.0,0.0,0.0,1748.0,1748.0,1748.0,1.14,2026-01-28 09:13:02,2694
PHOENIXLTD,2026-02-24,2020.0,7.85,1050.0,0.0,309.85,2100.0,0.0,1748.0,1748.0,1748.0,1.14,2026-01-28 09:13:02,3136
PHOENIXLTD,2026-02-24,2040.0,6.45,1750.0,0.0,0.0,0.0,0.0,1748.0,1748.0,1748.0,1.14,2026-01-28 09:13:02,3509
PHOENIXLTD,2026-02-24,2060.0,5.3,1750.0,0.0,0.0,0.0,0.0,1748.0,1748.0,1748.0,1.14,2026-01-28 09:13:02,3950
PHOENIXLTD,2026-02-24,2080.0,4.3,1750.0,0.0,0.0,0.0,0.0,1748.0,1748.0,1748.0,1.14,2026-01-28 09:13:02,4395
PHOENIXLTD,2026-02-24,2100.0,3.8,12950.0,0.0,0.0,0.0,0.0,1748.0,1748.0,1748.0,1.14,2026-01-28 09:13:02,4843
PHOENIXLTD,2026-02-24,2120.0,2.85,1400.0,0.0,0.0,0.0,0.0,1748.0,1748.0,1748.0,1.14,2026-01-28 09:13:02,5321
PHOENIXLTD,2026-02-24,2140.0,3.0,1400.0,0.0,0.0,0.0,0.0,1748.0,1748.0,1748.0,1.14,2026-01-28 09:13:02,5798
PHOENIXLTD,2026-02-24,2160.0,1.85,7000.0,0.0,0.0,0.0,0.0,1748.0,1748.0,1748.0,1.14,2026-01-28 09:13:02,6277
PHOENIXLTD,2026-02-24,2200.0,2.6,35700.0,0.0,462.8,2100.0,0.0,1748.0,1748.0,1748.0,1.14,2026-01-28 09:13:02,7264
PHOENIXLTD,2026-02-24,2240.0,0.75,86100.0,0.0,0.0,0.0,0.0,1748.0,1748.0,1748.0,1.14,2026-01-28 09:13:02,8313
PIDILITIND,2026-02-24,1200.0,0.0,0.0,0.0,0.0,0.0,0.0,1440.0,1440.0,1440.0,-0.498,2026-01-28 09:13:02,9905
PIDILITIND,2026-02-24,1220.0,0.0,0.0,0.0,0.0,0.0,0.0,1440.0,1440.0,1440.0,-0.498,2026-01-28 09:13:02,8923
PIDILITIND,2026-02-24,1240.0,0.0,0.0,0.0,0.0,0.0,0.0,1440.0,1440.0,1440.0,-0.498,2026-01-28 09:13:02,7941
PIDILITIND,2026-02-24,1260.0,0.0,0.0,0.0,0.0,0.0,0.0,1440.0,1440.0,1440.0,-0.498,2026-01-28 09:13:02,6959
PIDILITIND,2026-02-24,1280.0,0.0,0.0,0.0,0.0,0.0,0.0,1440.0,1440.0,1440.0,-0.498,2026-01-28 09:13:02,5977
PIDILITIND,2026-02-24,1300.0,0.0,0.0,0.0,4.85,28500.0,0.0,1440.0,1440.0,1440.0,-0.498,2026-01-28 09:13:02,4995
PIDILITIND,2026-02-24,1310.0,0.0,0.0,0.0,0.0,0.0,0.0,1440.0,1440.0,1440.0,-0.498,2026-01-28 09:13:02,4519
PIDILITIND,2026-02-24,1320.0,0.0,0.0,0.0,0.0,0.0,0.0,1440.0,1440.0,1440.0,-0.498,2026-01-28 09:13:02,4057
PIDILITIND,2026-02-24,1330.0,0.0,0.0,0.0,8.0,1500.0,0.0,1440.0,1440.0,1440.0,-0.498,2026-01-28 09:13:02,3594
PIDILITIND,2026-02-24,1340.0,0.0,0.0,0.0,3.15,6000.0,0.0,1440.0,1440.0,1440.0,-0.498,2026-01-28 09:13:02,3132
PIDILITIND,2026-02-24,1350.0,0.0,0.0,0.0,4.15,22500.0,0.0,1440.0,1440.0,1440.0,-0.498,2026-01-28 09:13:02,2675
PIDILITIND,2026-02-24,1360.0,98.8,1000.0,0.0,0.0,0.0,0.0,1440.0,1440.0,1440.0,-0.498,2026-01-28 09:13:02,2233
PIDILITIND,2026-02-24,1370.0,0.0,0.0,0.0,0.0,0.0,0.0,1440.0,1440.0,1440.0,-0.498,2026-01-28 09:13:02,1811
PIDILITIND,2026-02-24,1380.0,0.0,0.0,0.0,0.0,0.0,0.0,1440.0,1440.0,1440.0,-0.498,2026-01-28 09:13:02,1380
PIDILITIND,2026-02-24,1390.0,0.0,0.0,0.0,16.8,9000.0,0.0,1440.0,1440.0,1440.0,-0.498,2026-01-28 09:13:02,948
PIDILITIND,2026-02-24,1400.0,71.05,20000.0,0.0,18.8,202000.0,0.0,1440.0,1440.0,1440.0,-0.498,2026-01-28 09:13:02,511
PIDILITIND,2026-02-24,1410.0,0.0,0.0,0.0,25.4,500.0,0.0,1440.0,1440.0,1440.0,-0.498,2026-01-28 09:13:02,73
PIDILITIND,2026-02-24,1420.0,53.15,5000.0,0.0,30.0,2500.0,0.0,1440.0,1440.0,1440.0,-0.498,2026-01-28 09:13:02,-128
PIDILITIND,2026-02-24,1430.0,0.0,0.0,0.0,26.25,2500.0,0.0,1440.0,1440.0,1440.0,-0.498,2026-01-28 09:13:02,-301
PIDILITIND,2026-02-24,1440.0,42.6,5000.0,0.0,31.75,71000.0,0.0,1440.0,1440.0,1440.0,-0.498,2026-01-28 09:13:02,-498
PIDILITIND,2026-02-24,1450.0,41.8,38000.0,0.0,36.1,38000.0,0.0,1440.0,1440.0,1440.0,-0.498,2026-01-28 09:13:02,-816
PIDILITIND,2026-02-24,1460.0,36.7,19000.0,0.0,42.0,18500.0,0.0,1440.0,1440.0,1440.0,-0.498,2026-01-28 09:13:02,-832
PIDILITIND,2026-02-24,1470.0,32.15,1500.0,0.0,49.0,1500.0,0.0,1440.0,1440.0,1440.0,-0.498,2026-01-28 09:13:02,-840
PIDILITIND,2026-02-24,1480.0,29.0,20000.0,0.0,51.0,18000.0,0.0,1440.0,1440.0,1440.0,-0.498,2026-01-28 09:13:02,-841
PIDILITIND,2026-02-24,1490.0,21.15,500.0,0.0,0.0,0.0,0.0,1440.0,1440.0,1440.0,-0.498,2026-01-28 09:13:02,-834
PIDILITIND,2026-02-24,1500.0,20.8,154000.0,0.0,66.25,54500.0,0.0,1440.0,1440.0,1440.0,-0.498,2026-01-28 09:13:02,-792
PIDILITIND,2026-02-24,1510.0,15.4,1500.0,0.0,0.0,0.0,0.0,1440.0,1440.0,1440.0,-0.498,2026-01-28 09:13:02,-583
PIDILITIND,2026-02-24,1520.0,15.15,65500.0,0.0,85.0,7500.0,0.0,1440.0,1440.0,1440.0,-0.498,2026-01-28 09:13:02,-330
PIDILITIND,2026-02-24,1530.0,9.4,1000.0,0.0,0.0,0.0,0.0,1440.0,1440.0,1440.0,-0.498,2026-01-28 09:13:02,29
PIDILITIND,2026-02-24,1540.0,10.95,13500.0,0.0,100.0,3500.0,0.0,1440.0,1440.0,1440.0,-0.498,2026-01-28 09:13:02,355
PIDILITIND,2026-02-24,1550.0,0.0,0.0,0.0,0.0,0.0,0.0,1440.0,1440.0,1440.0,-0.498,2026-01-28 09:13:02,677
PIDILITIND,2026-02-24,1560.0,8.35,30000.0,0.0,110.7,2500.0,0.0,1440.0,1440.0,1440.0,-0.498,2026-01-28 09:13:02,1019
PIDILITIND,2026-02-24,1570.0,0.0,0.0,0.0,0.0,0.0,0.0,1440.0,1440.0,1440.0,-0.498,2026-01-28 09:13:02,1390
PIDILITIND,2026-02-24,1580.0,3.2,500.0,0.0,0.0,0.0,0.0,1440.0,1440.0,1440.0,-0.498,2026-01-28 09:13:02,1765
PIDILITIND,2026-02-24,1590.0,0.0,0.0,0.0,0.0,0.0,0.0,1440.0,1440.0,1440.0,-0.498,2026-01-28 09:13:02,2140
PIDILITIND,2026-02-24,1600.0,3.85,26500.0,0.0,0.0,0.0,0.0,1440.0,1440.0,1440.0,-0.498,2026-01-28 09:13:02,2515
PIDILITIND,2026-02-24,1610.0,0.0,0.0,0.0,0.0,0.0,0.0,1440.0,1440.0,1440.0,-0.498,2026-01-28 09:13:02,2927
PIDILITIND,2026-02-24,1620.0,1.2,1500.0,0.0,0.0,0.0,0.0,1440.0,1440.0,1440.0,-0.498,2026-01-28 09:13:02,3328
PIDILITIND,2026-02-24,1630.0,0.0,0.0,0.0,0.0,0.0,0.0,1440.0,1440.0,1440.0,-0.498,2026-01-28 09:13:02,3731
PIDILITIND,2026-02-24,1640.0,0.7,500.0,0.0,0.0,0.0,0.0,1440.0,1440.0,1440.0,-0.498,2026-01-28 09:13:02,4134
PIDILITIND,2026-02-24,1660.0,0.0,0.0,0.0,0.0,0.0,0.0,1440.0,1440.0,1440.0,-0.498,2026-01-28 09:13:02,4941
PIDILITIND,2026-02-24,1680.0,0.0,0.0,0.0,220.0,1000.0,0.0,1440.0,1440.0,1440.0,-0.498,2026-01-28 09:13:02,5748
PIDILITIND,2026-02-24,1700.0,0.15,8500.0,0.0,0.0,0.0,0.0,1440.0,1440.0,1440.0,-0.498,2026-01-28 09:13:02,6535
PIDILITIND,2026-02-24,1720.0,0.0,0.0,0.0,0.0,0.0,0.0,1440.0,1440.0,1440.0,-0.498,2026-01-28 09:13:02,7362
PIDILITIND,2026-02-24,1740.0,0.0,0.0,0.0,0.0,0.0,0.0,1440.0,1440.0,1440.0,-0.498,2026-01-28 09:13:02,8188
PIIND,2026-02-24,2640.0,0.0,0.0,0.0,0.0,0.0,0.0,3157.8,3157.8,3157.8,0.019,2026-01-28 09:13:02,8132
PIIND,2026-02-24,2680.0,0.0,0.0,0.0,0.0,0.0,0.0,3157.8,3157.8,3157.8,0.019,2026-01-28 09:13:02,7500
PIIND,2026-02-24,2720.0,0.0,0.0,0.0,2.3,525.0,0.0,3157.8,3157.8,3157.8,0.019,2026-01-28 09:13:02,6868
PIIND,2026-02-24,2760.0,0.0,0.0,0.0,13.0,525.0,0.0,3157.8,3157.8,3157.8,0.019,2026-01-28 09:13:02,6237
PIIND,2026-02-24,2800.0,0.0,0.0,0.0,18.1,18200.0,0.0,3157.8,3157.8,3157.8,0.019,2026-01-28 09:13:02,5609
PIIND,2026-02-24,2840.0,307.75,175.0,0.0,8.8,1925.0,0.0,3157.8,3157.8,3157.8,0.019,2026-01-28 09:13:02,5021
PIIND,2026-02-24,2880.0,0.0,0.0,0.0,12.9,525.0,0.0,3157.8,3157.8,3157.8,0.019,2026-01-28 09:13:02,4478
PIIND,2026-02-24,2900.0,0.0,0.0,0.0,15.45,350.0,0.0,3157.8,3157.8,3157.8,0.019,2026-01-28 09:13:02,4205
PIIND,2026-02-24,2920.0,0.0,0.0,0.0,33.0,3850.0,0.0,3157.8,3157.8,3157.8,0.019,2026-01-28 09:13:02,3933
PIIND,2026-02-24,2940.0,0.0,0.0,0.0,21.7,875.0,0.0,3157.8,3157.8,3157.8,0.019,2026-01-28 09:13:02,3656
PIIND,2026-02-24,2960.0,0.0,0.0,0.0,25.5,1400.0,0.0,3157.8,3157.8,3157.8,0.019,2026-01-28 09:13:02,3392
PIIND,2026-02-24,2980.0,0.0,0.0,0.0,0.0,0.0,0.0,3157.8,3157.8,3157.8,0.019,2026-01-28 09:13:02,3129
PIIND,2026-02-24,3000.0,210.0,2100.0,0.0,50.95,19950.0,0.0,3157.8,3157.8,3157.8,0.019,2026-01-28 09:13:02,2870
PIIND,2026-02-24,3020.0,0.0,0.0,0.0,0.0,0.0,0.0,3157.8,3157.8,3157.8,0.019,2026-01-28 09:13:02,2597
PIIND,2026-02-24,3040.0,0.0,0.0,0.0,75.25,1225.0,0.0,3157.8,3157.8,3157.8,0.019,2026-01-28 09:13:02,2382
PIIND,2026-02-24,3060.0,0.0,0.0,0.0,83.9,1575.0,0.0,3157.8,3157.8,3157.8,0.019,2026-01-28 09:13:02,2160
PIIND,2026-02-24,3080.0,149.1,1925.0,0.0,90.0,2100.0,0.0,3157.8,3157.8,3157.8,0.019,2026-01-28 09:13:02,1937
PIIND,2026-02-24,3100.0,0.0,0.0,0.0,79.8,6475.0,0.0,3157.8,3157.8,3157.8,0.019,2026-01-28 09:13:02,1745
PIIND,2026-02-24,3120.0,0.0,0.0,0.0,0.0,0.0,0.0,3157.8,3157.8,3157.8,0.019,2026-01-28 09:13:02,1505
PIIND,2026-02-24,3140.0,111.05,875.0,0.0,100.15,1050.0,0.0,3157.8,3157.8,3157.8,0.019,2026-01-28 09:13:02,1316
PIIND,2026-02-24,3160.0,113.5,5075.0,0.0,123.0,1575.0,0.0,3157.8,3157.8,3157.8,0.019,2026-01-28 09:13:02,1130
PIIND,2026-02-24,3180.0,102.65,1575.0,0.0,103.95,1400.0,0.0,3157.8,3157.8,3157.8,0.019,2026-01-28 09:13:02,997
PIIND,2026-02-24,3200.0,96.4,29050.0,0.0,129.4,34475.0,0.0,3157.8,3157.8,3157.8,0.019,2026-01-28 09:13:02,833
PIIND,2026-02-24,3220.0,87.7,700.0,0.0,160.0,875.0,0.0,3157.8,3157.8,3157.8,0.019,2026-01-28 09:13:02,629
PIIND,2026-02-24,3240.0,70.35,875.0,0.0,138.3,175.0,0.0,3157.8,3157.8,3157.8,0.019,2026-01-28 09:13:02,585
PIIND,2026-02-24,3260.0,63.1,1225.0,0.0,0.0,0.0,0.0,3157.8,3157.8,3157.8,0.019,2026-01-28 09:13:02,556
PIIND,2026-02-24,3280.0,56.45,1050.0,0.0,164.2,175.0,0.0,3157.8,3157.8,3157.8,0.019,2026-01-28 09:13:02,533
PIIND,2026-02-24,3300.0,58.65,28175.0,0.0,210.0,8400.0,0.0,3157.8,3157.8,3157.8,0.019,2026-01-28 09:13:02,508
PIIND,2026-02-24,3320.0,44.7,2800.0,0.0,0.0,0.0,0.0,3157.8,3157.8,3157.8,0.019,2026-01-28 09:13:02,541
PIIND,2026-02-24,3340.0,39.75,1225.0,0.0,207.25,350.0,0.0,3157.8,3157.8,3157.8,0.019,2026-01-28 09:13:02,604
PIIND,2026-02-24,3360.0,35.05,700.0,0.0,0.0,0.0,0.0,3157.8,3157.8,3157.8,0.019,2026-01-28 09:13:02,655
PIIND,2026-02-24,3380.0,30.85,350.0,0.0,0.0,0.0,0.0,3157.8,3157.8,3157.8,0.019,2026-01-28 09:13:02,713
PIIND,2026-02-24,3400.0,29.5,10850.0,0.0,293.05,7525.0,0.0,3157.8,3157.8,3157.8,0.019,2026-01-28 09:13:02,769
PIIND,2026-02-24,3420.0,23.7,2275.0,0.0,0.0,0.0,0.0,3157.8,3157.8,3157.8,0.019,2026-01-28 09:13:02,673
PIIND,2026-02-24,3440.0,20.7,350.0,0.0,0.0,0.0,0.0,3157.8,3157.8,3157.8,0.019,2026-01-28 09:13:02,776
PIIND,2026-02-24,3460.0,24.5,1575.0,0.0,0.0,0.0,0.0,3157.8,3157.8,3157.8,0.019,2026-01-28 09:13:02,874
PIIND,2026-02-24,3480.0,15.6,700.0,0.0,0.0,0.0,0.0,3157.8,3157.8,3157.8,0.019,2026-01-28 09:13:02,979
PIIND,2026-02-24,3500.0,17.05,28700.0,0.0,375.1,32725.0,0.0,3157.8,3157.8,3157.8,0.019,2026-01-28 09:13:02,1082
PIIND,2026-02-24,3520.0,11.6,2625.0,0.0,375.0,175.0,0.0,3157.8,3157.8,3157.8,0.019,2026-01-28 09:13:02,128
PIIND,2026-02-24,3560.0,8.55,3500.0,0.0,0.0,0.0,0.0,3157.8,3157.8,3157.8,0.019,2026-01-28 09:13:02,586
PIIND,2026-02-24,3600.0,13.95,7700.0,0.0,440.0,8400.0,0.0,3157.8,3157.8,3157.8,0.019,2026-01-28 09:13:02,1065
PIIND,2026-02-24,3640.0,4.45,5600.0,0.0,0.0,0.0,0.0,3157.8,3157.8,3157.8,0.019,2026-01-28 09:13:02,1245
PIIND,2026-02-24,3680.0,0.0,0.0,0.0,0.0,0.0,0.0,3157.8,3157.8,3157.8,0.019,2026-01-28 09:13:02,1810
PIIND,2026-02-24,3720.0,0.0,0.0,0.0,548.0,1050.0,0.0,3157.8,3157.8,3157.8,0.019,2026-01-28 09:13:02,2372
PIIND,2026-02-24,3760.0,0.0,0.0,0.0,587.1,175.0,0.0,3157.8,3157.8,3157.8,0.019,2026-01-28 09:13:02,2881
PNB,2026-02-24,98.0,0.0,0.0,0.0,0.03,24000.0,0.0,124.0,124.0,124.0,0.854,2026-01-28 09:13:02,79931
PNB,2026-02-24,100.0,0.0,0.0,0.0,0.24,832000.0,0.0,124.0,124.0,124.0,0.854,2026-01-28 09:13:02,71830
PNB,2026-02-24,102.0,0.0,0.0,0.0,0.26,200000.0,0.0,124.0,124.0,124.0,0.854,2026-01-28 09:13:02,63876
PNB,2026-02-24,104.0,17.46,32000.0,0.0,0.42,112000.0,0.0,124.0,124.0,124.0,0.854,2026-01-28 09:13:02,55976
PNB,2026-02-24,106.0,17.72,8000.0,0.0,0.45,440000.0,0.0,124.0,124.0,124.0,0.854,2026-01-28 09:13:02,48162
PNB,2026-02-24,107.0,0.0,0.0,0.0,0.36,16000.0,0.0,124.0,124.0,124.0,0.854,2026-01-28 09:13:02,44268
PNB,2026-02-24,108.0,0.0,0.0,0.0,0.62,160000.0,0.0,124.0,124.0,124.0,0.854,2026-01-28 09:13:02,40381
PNB,2026-02-24,109.0,15.0,16000.0,0.0,0.67,208000.0,0.0,124.0,124.0,124.0,0.854,2026-01-28 09:13:02,36501
PNB,2026-02-24,110.0,14.4,440000.0,0.0,0.79,3032000.0,0.0,124.0,124.0,124.0,0.854,2026-01-28 09:13:02,32663
PNB,2026-02-24,111.0,13.26,8000.0,0.0,0.84,160000.0,0.0,124.0,124.0,124.0,0.854,2026-01-28 09:13:02,29556
PNB,2026-02-24,112.0,0.0,0.0,0.0,0.98,680000.0,0.0,124.0,124.0,124.0,0.854,2026-01-28 09:13:02,26069
PNB,2026-02-24,113.0,0.0,0.0,0.0,1.13,272000.0,0.0,124.0,124.0,124.0,0.854,2026-01-28 09:13:02,22587
PNB,2026-02-24,114.0,10.83,8000.0,0.0,1.19,464000.0,0.0,124.0,124.0,124.0,0.854,2026-01-28 09:13:02,19167
PNB,2026-02-24,115.0,10.17,584000.0,0.0,1.48,2752000.0,0.0,124.0,124.0,124.0,0.854,2026-01-28 09:13:02,15779
PNB,2026-02-24,116.0,0.0,0.0,0.0,1.66,552000.0,0.0,124.0,124.0,124.0,0.854,2026-01-28 09:13:02,12958
PNB,2026-02-24,117.0,6.75,8000.0,0.0,1.94,480000.0,0.0,124.0,124.0,124.0,0.854,2026-01-28 09:13:02,9913
PNB,2026-02-24,118.0,7.29,72000.0,0.0,2.19,760000.0,0.0,124.0,124.0,124.0,0.854,2026-01-28 09:13:02,6922
PNB,2026-02-24,119.0,6.84,40000.0,0.0,2.57,896000.0,0.0,124.0,124.0,124.0,0.854,2026-01-28 09:13:02,3987
PNB,2026-02-24,120.0,6.11,3848000.0,0.0,2.81,7032000.0,0.0,124.0,124.0,124.0,0.854,2026-01-28 09:13:02,1057
PNB,2026-02-24,121.0,5.79,600000.0,0.0,3.15,1176000.0,0.0,124.0,124.0,124.0,0.854,2026-01-28 09:13:02,-206
PNB,2026-02-24,122.0,5.13,1240000.0,0.0,3.61,1096000.0,0.0,124.0,124.0,124.0,0.854,2026-01-28 09:13:02,-1691
PNB,2026-02-24,123.0,4.63,1480000.0,0.0,3.93,840000.0,0.0,124.0,124.0,124.0,0.854,2026-01-28 09:13:02,-2679
PNB,2026-02-24,124.0,4.16,2320000.0,0.0,4.38,2264000.0,0.0,124.0,124.0,124.0,0.854,2026-01-28 09:13:02,-3319
PNB,2026-02-24,125.0,3.67,8584000.0,0.0,4.93,5552000.0,0.0,124.0,124.0,124.0,0.854,2026-01-28 09:13:02,-3884
PNB,2026-02-24,126.0,3.26,1384000.0,0.0,5.44,976000.0,0.0,124.0,124.0,124.0,0.854,2026-01-28 09:13:02,-2594
PNB,2026-02-24,127.0,2.87,1048000.0,0.0,6.4,144000.0,0.0,124.0,124.0,124.0,0.854,2026-01-28 09:13:02,-1562
PNB,2026-02-24,128.0,2.51,1736000.0,0.0,6.66,496000.0,0.0,124.0,124.0,124.0,0.854,2026-01-28 09:13:02,-122
PNB,2026-02-24,129.0,2.24,576000.0,0.0,8.12,184000.0,0.0,124.0,124.0,124.0,0.854,2026-01-28 09:13:02,1437
PNB,2026-02-24,130.0,1.91,12232000.0,0.0,8.21,5944000.0,0.0,124.0,124.0,124.0,0.854,2026-01-28 09:13:02,2947
PNB,2026-02-24,131.0,1.68,280000.0,0.0,8.85,56000.0,0.0,124.0,124.0,124.0,0.854,2026-01-28 09:13:02,3751
PNB,2026-02-24,132.0,1.49,1504000.0,0.0,9.5,608000.0,0.0,124.0,124.0,124.0,0.854,2026-01-28 09:13:02,7130
PNB,2026-02-24,133.0,1.25,1024000.0,0.0,11.07,16000.0,0.0,124.0,124.0,124.0,0.854,2026-01-28 09:13:02,10369
PNB,2026-02-24,134.0,1.14,1008000.0,0.0,13.8,112000.0,0.0,124.0,124.0,124.0,0.854,2026-01-28 09:13:02,14176
PNB,2026-02-24,135.0,1.0,7568000.0,0.0,12.96,1336000.0,0.0,124.0,124.0,124.0,0.854,2026-01-28 09:13:02,17945
PNB,2026-02-24,136.0,0.83,1320000.0,0.0,13.52,96000.0,0.0,124.0,124.0,124.0,0.854,2026-01-28 09:13:02,21670
PNB,2026-02-24,137.0,0.74,616000.0,0.0,14.37,24000.0,0.0,124.0,124.0,124.0,0.854,2026-01-28 09:13:02,26491
PNB,2026-02-24,138.0,0.64,960000.0,0.0,17.35,32000.0,0.0,124.0,124.0,124.0,0.854,2026-01-28 09:13:02,31406
PNB,2026-02-24,139.0,0.6,344000.0,0.0,0.0,0.0,0.0,124.0,124.0,124.0,0.854,2026-01-28 09:13:02,36416
PNB,2026-02-24,140.0,0.54,9928000.0,0.0,18.5,448000.0,0.0,124.0,124.0,124.0,0.854,2026-01-28 09:13:02,41475
PNB,2026-02-24,141.0,0.44,224000.0,0.0,0.0,0.0,0.0,124.0,124.0,124.0,0.854,2026-01-28 09:13:02,47259
PNB,2026-02-24,142.0,0.43,904000.0,0.0,18.85,32000.0,0.0,124.0,124.0,124.0,0.854,2026-01-28 09:13:02,53367
PNB,2026-02-24,143.0,0.39,72000.0,0.0,0.0,0.0,0.0,124.0,124.0,124.0,0.854,2026-01-28 09:13:02,59538
PNB,2026-02-24,144.0,0.34,1064000.0,0.0,0.0,0.0,0.0,124.0,124.0,124.0,0.854,2026-01-28 09:13:02,65740
PNB,2026-02-24,146.0,0.29,3032000.0,0.0,0.0,0.0,0.0,124.0,124.0,124.0,0.854,2026-01-28 09:13:02,78387
PNB,2026-02-24,148.0,0.0,0.0,0.0,0.0,0.0,0.0,124.0,124.0,124.0,0.854,2026-01-28 09:13:02,91692
PNB,2026-02-24,150.0,0.2,1864000.0,0.0,26.48,24000.0,0.0,124.0,124.0,124.0,0.854,2026-01-28 09:13:02,104910
PNBHOUSING,2026-02-24,680.0,0.0,0.0,0.0,0.0,0.0,0.0,829.5,829.5,829.5,0.497,2026-01-28 09:13:02,25938
PNBHOUSING,2026-02-24,690.0,0.0,0.0,0.0,0.0,0.0,0.0,829.5,829.5,829.5,0.497,2026-01-28 09:13:02,23929
PNBHOUSING,2026-02-24,700.0,0.0,0.0,0.0,4.15,4550.0,0.0,829.5,829.5,829.5,0.497,2026-01-28 09:13:02,21919
PNBHOUSING,2026-02-24,710.0,0.0,0.0,0.0,0.0,0.0,0.0,829.5,829.5,829.5,0.497,2026-01-28 09:13:02,19912
PNBHOUSING,2026-02-24,720.0,0.0,0.0,0.0,6.25,26650.0,0.0,829.5,829.5,829.5,0.497,2026-01-28 09:13:02,17906
PNBHOUSING,2026-02-24,730.0,0.0,0.0,0.0,0.0,0.0,0.0,829.5,829.5,829.5,0.497,2026-01-28 09:13:02,15911
PNBHOUSING,2026-02-24,740.0,0.0,0.0,0.0,10.0,39650.0,0.0,829.5,829.5,829.5,0.497,2026-01-28 09:13:02,13932
PNBHOUSING,2026-02-24,750.0,91.6,3900.0,0.0,10.4,87750.0,0.0,829.5,829.5,829.5,0.497,2026-01-28 09:13:02,11954
PNBHOUSING,2026-02-24,760.0,0.0,0.0,0.0,14.45,33150.0,0.0,829.5,829.5,829.5,0.497,2026-01-28 09:13:02,10051
PNBHOUSING,2026-02-24,770.0,0.0,0.0,0.0,15.15,18850.0,0.0,829.5,829.5,829.5,0.497,2026-01-28 09:13:02,8189
PNBHOUSING,2026-02-24,780.0,61.75,1300.0,0.0,16.95,63700.0,0.0,829.5,829.5,829.5,0.497,2026-01-28 09:13:02,6365
PNBHOUSING,2026-02-24,790.0,54.15,650.0,0.0,20.75,27950.0,0.0,829.5,829.5,829.5,0.497,2026-01-28 09:13:02,4535
PNBHOUSING,2026-02-24,800.0,54.7,37700.0,0.0,22.45,655200.0,0.0,829.5,829.5,829.5,0.497,2026-01-28 09:13:02,2779
PNBHOUSING,2026-02-24,810.0,47.55,22750.0,0.0,25.9,49400.0,0.0,829.5,829.5,829.5,0.497,2026-01-28 09:13:02,505
PNBHOUSING,2026-02-24,820.0,42.05,73450.0,0.0,29.75,117000.0,0.0,829.5,829.5,829.5,0.497,2026-01-28 09:13:02,-450
PNBHOUSING,2026-02-24,830.0,36.65,156000.0,0.0,33.5,41600.0,0.0,829.5,829.5,829.5,0.497,2026-01-28 09:13:02,-1236
PNBHOUSING,2026-02-24,840.0,31.25,53950.0,0.0,38.35,46150.0,0.0,829.5,829.5,829.5,0.497,2026-01-28 09:13:02,-1352
PNBHOUSING,2026-02-24,850.0,26.95,172900.0,0.0,43.1,81250.0,0.0,829.5,829.5,829.5,0.497,2026-01-28 09:13:02,-1809
PNBHOUSING,2026-02-24,860.0,22.5,236600.0,0.0,48.4,481000.0,0.0,829.5,829.5,829.5,0.497,2026-01-28 09:13:02,-1887
PNBHOUSING,2026-02-24,870.0,18.85,111150.0,0.0,61.25,29900.0,0.0,829.5,829.5,829.5,0.497,2026-01-28 09:13:02,-3160
PNBHOUSING,2026-02-24,880.0,15.05,45500.0,0.0,69.35,59800.0,0.0,829.5,829.5,829.5,0.497,2026-01-28 09:13:02,-2469
PNBHOUSING,2026-02-24,890.0,12.6,30550.0,0.0,80.85,18850.0,0.0,829.5,829.5,829.5,0.497,2026-01-28 09:13:02,-2046
PNBHOUSING,2026-02-24,900.0,10.6,325000.0,0.0,79.0,49400.0,0.0,829.5,829.5,829.5,0.497,2026-01-28 09:13:02,-1341
PNBHOUSING,2026-02-24,910.0,15.55,13000.0,0.0,0.0,0.0,0.0,829.5,829.5,829.5,0.497,2026-01-28 09:13:02,-193
PNBHOUSING,2026-02-24,920.0,6.75,98800.0,0.0,92.45,7150.0,0.0,829.5,829.5,829.5,0.497,2026-01-28 09:13:02,1033
PNBHOUSING,2026-02-24,930.0,5.75,31850.0,0.0,112.0,1300.0,0.0,829.5,829.5,829.5,0.497,2026-01-28 09:13:02,2346
PNBHOUSING,2026-02-24,940.0,5.15,35100.0,0.0,122.0,4550.0,0.0,829.5,829.5,829.5,0.497,2026-01-28 09:13:02,3695
PNBHOUSING,2026-02-24,950.0,4.65,190450.0,0.0,115.65,15600.0,0.0,829.5,829.5,829.5,0.497,2026-01-28 09:13:02,5043
PNBHOUSING,2026-02-24,960.0,3.35,58500.0,0.0,146.95,24050.0,0.0,829.5,829.5,829.5,0.497,2026-01-28 09:13:02,6542
PNBHOUSING,2026-02-24,970.0,4.6,21450.0,0.0,146.5,1300.0,0.0,829.5,829.5,829.5,0.497,2026-01-28 09:13:02,7882
PNBHOUSING,2026-02-24,980.0,2.85,33150.0,0.0,155.55,0.0,0.0,829.5,829.5,829.5,0.497,2026-01-28 09:13:02,9569
PNBHOUSING,2026-02-24,990.0,2.25,1300.0,0.0,0.0,0.0,0.0,829.5,829.5,829.5,0.497,2026-01-28 09:13:02,11308
PNBHOUSING,2026-02-24,1000.0,2.8,349050.0,0.0,171.0,22100.0,0.0,829.5,829.5,829.5,0.497,2026-01-28 09:13:02,13039
PNBHOUSING,2026-02-24,1010.0,1.75,6500.0,0.0,183.25,1300.0,0.0,829.5,829.5,829.5,0.497,2026-01-28 09:13:02,14861
PNBHOUSING,2026-02-24,1020.0,1.5,3250.0,0.0,0.0,0.0,0.0,829.5,829.5,829.5,0.497,2026-01-28 09:13:02,16949
PNBHOUSING,2026-02-24,1030.0,2.35,1950.0,0.0,0.0,0.0,0.0,829.5,829.5,829.5,0.497,2026-01-28 09:13:02,19062
PNBHOUSING,2026-02-24,1040.0,1.95,650.0,0.0,211.8,0.0,0.0,829.5,829.5,829.5,0.497,2026-01-28 09:13:02,21178
PNBHOUSING,2026-02-24,1050.0,0.0,0.0,0.0,221.45,650.0,0.0,829.5,829.5,829.5,0.497,2026-01-28 09:13:02,23294
PNBHOUSING,2026-02-24,1060.0,2.3,1300.0,0.0,0.0,0.0,0.0,829.5,829.5,829.5,0.497,2026-01-28 09:13:02,25396
PNBHOUSING,2026-02-24,1070.0,0.0,0.0,0.0,0.0,0.0,0.0,829.5,829.5,829.5,0.497,2026-01-28 09:13:02,27514
PNBHOUSING,2026-02-24,1080.0,1.65,37050.0,0.0,0.0,0.0,0.0,829.5,829.5,829.5,0.497,2026-01-28 09:13:02,29631
PNBHOUSING,2026-02-24,1090.0,0.0,0.0,0.0,0.0,0.0,0.0,829.5,829.5,829.5,0.497,2026-01-28 09:13:02,31792
PNBHOUSING,2026-02-24,1100.0,0.65,3900.0,0.0,0.0,0.0,0.0,829.5,829.5,829.5,0.497,2026-01-28 09:13:02,33947
PNBHOUSING,2026-02-24,1120.0,0.0,0.0,0.0,0.0,0.0,0.0,829.5,829.5,829.5,0.497,2026-01-28 09:13:02,38265
PNBHOUSING,2026-02-24,1140.0,5.15,650.0,0.0,0.0,0.0,0.0,829.5,829.5,829.5,0.497,2026-01-28 09:13:02,42582
POLICYBZR,2026-02-24,1360.0,0.0,0.0,0.0,9.6,4200.0,0.0,1623.1,1623.1,1623.1,-0.411,2026-01-28 09:13:02,16846
POLICYBZR,2026-02-24,1400.0,0.0,0.0,0.0,11.1,350.0,0.0,1623.1,1623.1,1623.1,-0.411,2026-01-28 09:13:02,14268
POLICYBZR,2026-02-24,1420.0,0.0,0.0,0.0,0.0,0.0,0.0,1623.1,1623.1,1623.1,-0.411,2026-01-28 09:13:02,12981
POLICYBZR,2026-02-24,1440.0,0.0,0.0,0.0,19.0,700.0,0.0,1623.1,1623.1,1623.1,-0.411,2026-01-28 09:13:02,11694
POLICYBZR,2026-02-24,1460.0,0.0,0.0,0.0,21.3,21000.0,0.0,1623.1,1623.1,1623.1,-0.411,2026-01-28 09:13:02,10408
POLICYBZR,2026-02-24,1480.0,0.0,0.0,0.0,0.0,0.0,0.0,1623.1,1623.1,1623.1,-0.411,2026-01-28 09:13:02,9120
POLICYBZR,2026-02-24,1500.0,0.0,0.0,0.0,29.55,41650.0,0.0,1623.1,1623.1,1623.1,-0.411,2026-01-28 09:13:02,7876
POLICYBZR,2026-02-24,1520.0,0.0,0.0,0.0,34.3,1050.0,0.0,1623.1,1623.1,1623.1,-0.411,2026-01-28 09:13:02,6593
POLICYBZR,2026-02-24,1540.0,0.0,0.0,0.0,38.6,1050.0,0.0,1623.1,1623.1,1623.1,-0.411,2026-01-28 09:13:02,5432
POLICYBZR,2026-02-24,1560.0,114.5,2100.0,0.0,44.9,21700.0,0.0,1623.1,1623.1,1623.1,-0.411,2026-01-28 09:13:02,4272
POLICYBZR,2026-02-24,1580.0,112.65,1400.0,0.0,53.75,16100.0,0.0,1623.1,1623.1,1623.1,-0.411,2026-01-28 09:13:02,3091
POLICYBZR,2026-02-24,1600.0,92.05,49700.0,0.0,62.45,91350.0,0.0,1623.1,1623.1,1623.1,-0.411,2026-01-28 09:13:02,1947
POLICYBZR,2026-02-24,1620.0,81.5,37800.0,0.0,70.55,23800.0,0.0,1623.1,1623.1,1623.1,-0.411,2026-01-28 09:13:02,1043
POLICYBZR,2026-02-24,1640.0,73.2,43400.0,0.0,80.55,34300.0,0.0,1623.1,1623.1,1623.1,-0.411,2026-01-28 09:13:02,515
POLICYBZR,2026-02-24,1660.0,64.6,73150.0,0.0,91.25,79800.0,0.0,1623.1,1623.1,1623.1,-0.411,2026-01-28 09:13:02,44
POLICYBZR,2026-02-24,1680.0,57.6,32900.0,0.0,102.25,16450.0,0.0,1623.1,1623.1,1623.1,-0.411,2026-01-28 09:13:02,-417
POLICYBZR,2026-02-24,1700.0,48.9,105350.0,0.0,115.1,92050.0,0.0,1623.1,1623.1,1623.1,-0.411,2026-01-28 09:13:02,-503
POLICYBZR,2026-02-24,1720.0,41.25,16800.0,0.0,131.95,350.0,0.0,1623.1,1623.1,1623.1,-0.411,2026-01-28 09:13:02,-761
POLICYBZR,2026-02-24,1740.0,38.05,350.0,0.0,159.0,145950.0,0.0,1623.1,1623.1,1623.1,-0.411,2026-01-28 09:13:02,-375
POLICYBZR,2026-02-24,1760.0,32.45,14000.0,0.0,160.05,350.0,0.0,1623.1,1623.1,1623.1,-0.411,2026-01-28 09:13:02,-2080
POLICYBZR,2026-02-24,1780.0,27.7,24850.0,0.0,185.0,4550.0,0.0,1623.1,1623.1,1623.1,-0.411,2026-01-28 09:13:02,-1398
POLICYBZR,2026-02-24,1800.0,22.85,78400.0,0.0,186.5,40950.0,0.0,1623.1,1623.1,1623.1,-0.411,2026-01-28 09:13:02,-712
POLICYBZR,2026-02-24,1820.0,0.0,0.0,0.0,0.0,0.0,0.0,1623.1,1623.1,1623.1,-0.411,2026-01-28 09:13:02,-356
POLICYBZR,2026-02-24,1840.0,21.25,2450.0,0.0,0.0,0.0,0.0,1623.1,1623.1,1623.1,-0.411,2026-01-28 09:13:02,583
POLICYBZR,2026-02-24,1860.0,12.35,28700.0,0.0,0.0,0.0,0.0,1623.1,1623.1,1623.1,-0.411,2026-01-28 09:13:02,1533
POLICYBZR,2026-02-24,1880.0,0.0,0.0,0.0,257.1,350.0,0.0,1623.1,1623.1,1623.1,-0.411,2026-01-28 09:13:02,2571
POLICYBZR,2026-02-24,1900.0,10.35,28350.0,0.0,272.0,4200.0,0.0,1623.1,1623.1,1623.1,-0.411,2026-01-28 09:13:02,3565
POLICYBZR,2026-02-24,1920.0,0.0,0.0,0.0,286.0,350.0,0.0,1623.1,1623.1,1623.1,-0.411,2026-01-28 09:13:02,4549
POLICYBZR,2026-02-24,1940.0,0.0,0.0,0.0,0.0,0.0,0.0,1623.1,1623.1,1623.1,-0.411,2026-01-28 09:13:02,5607
POLICYBZR,2026-02-24,1960.0,8.0,1750.0,0.0,329.2,5250.0,0.0,1623.1,1623.1,1623.1,-0.411,2026-01-28 09:13:02,6676
POLICYBZR,2026-02-24,1980.0,6.7,700.0,0.0,0.0,0.0,0.0,1623.1,1623.1,1623.1,-0.411,2026-01-28 09:13:02,7588
POLICYBZR,2026-02-24,2000.0,4.75,16450.0,0.0,0.0,0.0,0.0,1623.1,1623.1,1623.1,-0.411,2026-01-28 09:13:02,8673
POLICYBZR,2026-02-24,2020.0,0.0,0.0,0.0,0.0,0.0,0.0,1623.1,1623.1,1623.1,-0.411,2026-01-28 09:13:02,9798
POLICYBZR,2026-02-24,2040.0,0.0,0.0,0.0,0.0,0.0,0.0,1623.1,1623.1,1623.1,-0.411,2026-01-28 09:13:02,10915
POLICYBZR,2026-02-24,2080.0,2.7,350.0,0.0,0.0,0.0,0.0,1623.1,1623.1,1623.1,-0.411,2026-01-28 09:13:02,13149
POLICYBZR,2026-02-24,2120.0,0.0,0.0,0.0,0.0,0.0,0.0,1623.1,1623.1,1623.1,-0.411,2026-01-28 09:13:02,15385
POLYCAB,2026-02-24,5800.0,0.0,0.0,0.0,0.0,0.0,0.0,6829.0,6829.0,6829.0,0.931,2026-01-28 09:13:02,35250
POLYCAB,2026-02-24,6000.0,0.0,0.0,0.0,34.05,31875.0,0.0,6829.0,6829.0,6829.0,0.931,2026-01-28 09:13:02,26895
POLYCAB,2026-02-24,6100.0,0.0,0.0,0.0,0.0,0.0,0.0,6829.0,6829.0,6829.0,0.931,2026-01-28 09:13:02,22928
POLYCAB,2026-02-24,6200.0,0.0,0.0,0.0,51.95,30500.0,0.0,6829.0,6829.0,6829.0,0.931,2026-01-28 09:13:02,19069
POLYCAB,2026-02-24,6300.0,0.0,0.0,0.0,64.0,7125.0,0.0,6829.0,6829.0,6829.0,0.931,2026-01-28 09:13:02,15357
POLYCAB,2026-02-24,6400.0,440.0,375.0,0.0,84.6,12750.0,0.0,6829.0,6829.0,6829.0,0.931,2026-01-28 09:13:02,11829
POLYCAB,2026-02-24,6500.0,413.45,40875.0,0.0,107.4,21250.0,0.0,6829.0,6829.0,6829.0,0.931,2026-01-28 09:13:02,8386
POLYCAB,2026-02-24,6600.0,366.75,1125.0,0.0,138.6,21750.0,0.0,6829.0,6829.0,6829.0,0.931,2026-01-28 09:13:02,7118
POLYCAB,2026-02-24,6700.0,292.3,20875.0,0.0,175.95,56500.0,0.0,6829.0,6829.0,6829.0,0.931,2026-01-28 09:13:02,4357
POLYCAB,2026-02-24,6800.0,238.05,35125.0,0.0,220.8,37500.0,0.0,6829.0,6829.0,6829.0,0.931,2026-01-28 09:13:02,2245
POLYCAB,2026-02-24,6900.0,190.6,17000.0,0.0,268.9,19500.0,0.0,6829.0,6829.0,6829.0,0.931,2026-01-28 09:13:02,1252
POLYCAB,2026-02-24,7000.0,154.6,86125.0,0.0,328.6,64375.0,0.0,6829.0,6829.0,6829.0,0.931,2026-01-28 09:13:02,416
POLYCAB,2026-02-24,7100.0,118.3,40000.0,0.0,398.45,18500.0,0.0,6829.0,6829.0,6829.0,0.931,2026-01-28 09:13:02,501
POLYCAB,2026-02-24,7200.0,94.2,49250.0,0.0,534.95,17750.0,0.0,6829.0,6829.0,6829.0,0.931,2026-01-28 09:13:02,1690
POLYCAB,2026-02-24,7300.0,74.9,47750.0,0.0,565.0,49000.0,0.0,6829.0,6829.0,6829.0,0.931,2026-01-28 09:13:02,3328
POLYCAB,2026-02-24,7400.0,58.1,35375.0,0.0,690.0,3375.0,0.0,6829.0,6829.0,6829.0,0.931,2026-01-28 09:13:02,4009
POLYCAB,2026-02-24,7500.0,46.15,63000.0,0.0,790.0,13000.0,0.0,6829.0,6829.0,6829.0,0.931,2026-01-28 09:13:02,7460
POLYCAB,2026-02-24,7600.0,36.5,38625.0,0.0,885.0,5875.0,0.0,6829.0,6829.0,6829.0,0.931,2026-01-28 09:13:02,10963
POLYCAB,2026-02-24,7700.0,28.0,62125.0,0.0,965.0,1875.0,0.0,6829.0,6829.0,6829.0,0.931,2026-01-28 09:13:02,15268
POLYCAB,2026-02-24,7800.0,23.35,1000.0,0.0,1068.0,2125.0,0.0,6829.0,6829.0,6829.0,0.931,2026-01-28 09:13:02,20584
POLYCAB,2026-02-24,7900.0,0.0,0.0,0.0,1127.15,1125.0,0.0,6829.0,6829.0,6829.0,0.931,2026-01-28 09:13:02,25715
POLYCAB,2026-02-24,8000.0,12.55,123875.0,0.0,1261.0,2000.0,0.0,6829.0,6829.0,6829.0,0.931,2026-01-28 09:13:02,30954
POLYCAB,2026-02-24,8100.0,0.0,0.0,0.0,0.0,0.0,0.0,6829.0,6829.0,6829.0,0.931,2026-01-28 09:13:02,37482
POLYCAB,2026-02-24,8200.0,13.4,875.0,0.0,0.0,0.0,0.0,6829.0,6829.0,6829.0,0.931,2026-01-28 09:13:02,44107
POLYCAB,2026-02-24,8300.0,9.85,2000.0,0.0,0.0,0.0,0.0,6829.0,6829.0,6829.0,0.931,2026-01-28 09:13:02,50742
POLYCAB,2026-02-24,8400.0,7.7,27250.0,0.0,0.0,0.0,0.0,6829.0,6829.0,6829.0,0.931,2026-01-28 09:13:02,57398
POLYCAB,2026-02-24,8500.0,8.3,32375.0,0.0,0.0,0.0,0.0,6829.0,6829.0,6829.0,0.931,2026-01-28 09:13:02,64345
POLYCAB,2026-02-24,8600.0,0.0,0.0,0.0,0.0,0.0,0.0,6829.0,6829.0,6829.0,0.931,2026-01-28 09:13:02,71622
POLYCAB,2026-02-24,8800.0,2.35,4250.0,0.0,0.0,0.0,0.0,6829.0,6829.0,6829.0,0.931,2026-01-28 09:13:02,86122
POWERGRID,2026-02-24,215.0,0.0,0.0,0.0,0.85,159600.0,0.0,254.0,254.0,254.0,-0.138,2026-01-28 09:13:02,65970
POWERGRID,2026-02-24,220.0,0.0,0.0,0.0,1.05,319200.0,0.0,254.0,254.0,254.0,-0.138,2026-01-28 09:13:02,57880
POWERGRID,2026-02-24,225.0,0.0,0.0,0.0,1.45,115900.0,0.0,254.0,254.0,254.0,-0.138,2026-01-28 09:13:02,49930
POWERGRID,2026-02-24,227.5,0.0,0.0,0.0,1.55,146300.0,0.0,254.0,254.0,254.0,-0.138,2026-01-28 09:13:02,45984
POWERGRID,2026-02-24,230.0,0.0,0.0,0.0,1.9,972800.0,0.0,254.0,254.0,254.0,-0.138,2026-01-28 09:13:02,42069
POWERGRID,2026-02-24,232.5,0.0,0.0,0.0,2.05,32300.0,0.0,254.0,254.0,254.0,-0.138,2026-01-28 09:13:02,38235
POWERGRID,2026-02-24,235.0,0.0,0.0,0.0,2.55,381900.0,0.0,254.0,254.0,254.0,-0.138,2026-01-28 09:13:02,34587
POWERGRID,2026-02-24,237.5,0.0,0.0,0.0,3.4,150100.0,0.0,254.0,254.0,254.0,-0.138,2026-01-28 09:13:02,30944
POWERGRID,2026-02-24,240.0,16.45,129200.0,0.0,3.45,2815800.0,0.0,254.0,254.0,254.0,-0.138,2026-01-28 09:13:02,27384
POWERGRID,2026-02-24,242.5,0.0,0.0,0.0,4.65,51300.0,0.0,254.0,254.0,254.0,-0.138,2026-01-28 09:13:02,23853
POWERGRID,2026-02-24,245.0,12.3,117800.0,0.0,4.8,533900.0,0.0,254.0,254.0,254.0,-0.138,2026-01-28 09:13:02,21070
POWERGRID,2026-02-24,247.5,12.2,1900.0,0.0,5.4,142500.0,0.0,254.0,254.0,254.0,-0.138,2026-01-28 09:13:02,18362
POWERGRID,2026-02-24,250.0,9.45,1240700.0,0.0,6.5,1981700.0,0.0,254.0,254.0,254.0,-0.138,2026-01-28 09:13:02,15728
POWERGRID,2026-02-24,252.5,8.0,195700.0,0.0,7.55,554800.0,0.0,254.0,254.0,254.0,-0.138,2026-01-28 09:13:02,13857
POWERGRID,2026-02-24,255.0,6.8,1444000.0,0.0,8.7,1453500.0,0.0,254.0,254.0,254.0,-0.138,2026-01-28 09:13:02,12028
POWERGRID,2026-02-24,257.5,5.65,233700.0,0.0,9.8,321100.0,0.0,254.0,254.0,254.0,-0.138,2026-01-28 09:13:02,10903
POWERGRID,2026-02-24,260.0,4.65,2914600.0,0.0,11.35,976600.0,0.0,254.0,254.0,254.0,-0.138,2026-01-28 09:13:02,10016
POWERGRID,2026-02-24,262.5,3.85,110200.0,0.0,13.25,11400.0,0.0,254.0,254.0,254.0,-0.138,2026-01-28 09:13:02,10532
POWERGRID,2026-02-24,265.0,3.05,995600.0,0.0,14.9,494000.0,0.0,254.0,254.0,254.0,-0.138,2026-01-28 09:13:02,10858
POWERGRID,2026-02-24,267.5,2.55,74100.0,0.0,0.0,0.0,0.0,254.0,254.0,254.0,-0.138,2026-01-28 09:13:02,11098
POWERGRID,2026-02-24,270.0,2.05,1400300.0,0.0,18.7,758100.0,0.0,254.0,254.0,254.0,-0.138,2026-01-28 09:13:02,11807
POWERGRID,2026-02-24,272.5,1.65,95000.0,0.0,19.05,3800.0,0.0,254.0,254.0,254.0,-0.138,2026-01-28 09:13:02,11906
POWERGRID,2026-02-24,275.0,1.35,552900.0,0.0,23.15,429400.0,0.0,254.0,254.0,254.0,-0.138,2026-01-28 09:13:02,13169
POWERGRID,2026-02-24,277.5,1.15,155800.0,0.0,0.0,0.0,0.0,254.0,254.0,254.0,-0.138,2026-01-28 09:13:02,13749
POWERGRID,2026-02-24,280.0,0.95,1164700.0,0.0,27.65,516800.0,0.0,254.0,254.0,254.0,-0.138,2026-01-28 09:13:02,15306
POWERGRID,2026-02-24,282.5,0.85,1900.0,0.0,0.0,0.0,0.0,254.0,254.0,254.0,-0.138,2026-01-28 09:13:02,15947
POWERGRID,2026-02-24,285.0,0.65,129200.0,0.0,31.75,205200.0,0.0,254.0,254.0,254.0,-0.138,2026-01-28 09:13:02,17907
POWERGRID,2026-02-24,287.5,0.55,9500.0,0.0,0.0,0.0,0.0,254.0,254.0,254.0,-0.138,2026-01-28 09:13:02,19308
POWERGRID,2026-02-24,290.0,0.45,452200.0,0.0,36.9,682100.0,0.0,254.0,254.0,254.0,-0.138,2026-01-28 09:13:02,21354
POWERGRID,2026-02-24,292.5,0.0,0.0,0.0,0.0,0.0,0.0,254.0,254.0,254.0,-0.138,2026-01-28 09:13:02,21187
POWERGRID,2026-02-24,295.0,0.0,0.0,0.0,43.0,5700.0,0.0,254.0,254.0,254.0,-0.138,2026-01-28 09:13:02,23516
POWERGRID,2026-02-24,297.5,0.0,0.0,0.0,0.0,0.0,0.0,254.0,254.0,254.0,-0.138,2026-01-28 09:13:02,25823
POWERGRID,2026-02-24,300.0,0.25,438900.0,0.0,46.05,1022200.0,0.0,254.0,254.0,254.0,-0.138,2026-01-28 09:13:02,28153
POWERGRID,2026-02-24,305.0,0.2,5700.0,0.0,49.35,1900.0,0.0,254.0,254.0,254.0,-0.138,2026-01-28 09:13:02,28849
POWERGRID,2026-02-24,310.0,0.15,395200.0,0.0,56.0,1071600.0,0.0,254.0,254.0,254.0,-0.138,2026-01-28 09:13:02,34236
POWERINDIA,2026-02-24,13000.0,0.0,0.0,0.0,70.0,300.0,0.0,16740.0,16740.0,16740.0,0.186,2026-01-28 09:13:02,6591
POWERINDIA,2026-02-24,13500.0,0.0,0.0,0.0,0.0,0.0,0.0,16740.0,16740.0,16740.0,0.186,2026-01-28 09:13:02,5309
POWERINDIA,2026-02-24,14000.0,2780.2,50.0,0.0,130.0,50.0,0.0,16740.0,16740.0,16740.0,0.186,2026-01-28 09:13:02,4029
POWERINDIA,2026-02-24,14250.0,0.0,0.0,0.0,174.7,300.0,0.0,16740.0,16740.0,16740.0,0.186,2026-01-28 09:13:02,3405
POWERINDIA,2026-02-24,14500.0,0.0,0.0,0.0,189.05,1350.0,0.0,16740.0,16740.0,16740.0,0.186,2026-01-28 09:13:02,2770
POWERINDIA,2026-02-24,14750.0,0.0,0.0,0.0,288.4,1200.0,0.0,16740.0,16740.0,16740.0,0.186,2026-01-28 09:13:02,2148
POWERINDIA,2026-02-24,15000.0,0.0,0.0,0.0,250.05,1600.0,0.0,16740.0,16740.0,16740.0,0.186,2026-01-28 09:13:02,1547
POWERINDIA,2026-02-24,15250.0,0.0,0.0,0.0,0.0,0.0,0.0,16740.0,16740.0,16740.0,0.186,2026-01-28 09:13:02,981
POWERINDIA,2026-02-24,15500.0,0.0,0.0,0.0,366.25,2150.0,0.0,16740.0,16740.0,16740.0,0.186,2026-01-28 09:13:02,455
POWERINDIA,2026-02-24,15750.0,0.0,0.0,0.0,500.0,450.0,0.0,16740.0,16740.0,16740.0,0.186,2026-01-28 09:13:02,-96
POWERINDIA,2026-02-24,16000.0,1373.9,400.0,0.0,517.75,9150.0,0.0,16740.0,16740.0,16740.0,0.186,2026-01-28 09:13:02,-579
POWERINDIA,2026-02-24,16250.0,0.0,0.0,0.0,0.0,0.0,0.0,16740.0,16740.0,16740.0,0.186,2026-01-28 09:13:02,-1221
POWERINDIA,2026-02-24,16500.0,1017.1,5250.0,0.0,679.8,2200.0,0.0,16740.0,16740.0,16740.0,0.186,2026-01-28 09:13:02,-1443
POWERINDIA,2026-02-24,16750.0,939.0,2600.0,0.0,828.8,1300.0,0.0,16740.0,16740.0,16740.0,0.186,2026-01-28 09:13:02,-1095
POWERINDIA,2026-02-24,17000.0,806.85,7050.0,0.0,931.05,2000.0,0.0,16740.0,16740.0,16740.0,0.186,2026-01-28 09:13:02,-897
POWERINDIA,2026-02-24,17250.0,0.0,0.0,0.0,0.0,0.0,0.0,16740.0,16740.0,16740.0,0.186,2026-01-28 09:13:02,-227
POWERINDIA,2026-02-24,17500.0,0.0,0.0,0.0,1467.55,100.0,0.0,16740.0,16740.0,16740.0,0.186,2026-01-28 09:13:02,59
POWERINDIA,2026-02-24,17750.0,0.0,0.0,0.0,0.0,0.0,0.0,16740.0,16740.0,16740.0,0.186,2026-01-28 09:13:02,335
POWERINDIA,2026-02-24,18000.0,431.95,4000.0,0.0,1545.0,1250.0,0.0,16740.0,16740.0,16740.0,0.186,2026-01-28 09:13:02,625
POWERINDIA,2026-02-24,18250.0,374.0,450.0,0.0,1957.6,50.0,0.0,16740.0,16740.0,16740.0,0.186,2026-01-28 09:13:02,1026
POWERINDIA,2026-02-24,18500.0,309.0,3150.0,0.0,2162.7,150.0,0.0,16740.0,16740.0,16740.0,0.186,2026-01-28 09:13:02,1466
POWERINDIA,2026-02-24,18750.0,399.35,0.0,0.0,0.0,0.0,0.0,16740.0,16740.0,16740.0,0.186,2026-01-28 09:13:02,2047
POWERINDIA,2026-02-24,19000.0,224.95,2900.0,0.0,2349.9,1250.0,0.0,16740.0,16740.0,16740.0,0.186,2026-01-28 09:13:02,2564
POWERINDIA,2026-02-24,19250.0,199.2,350.0,0.0,0.0,0.0,0.0,16740.0,16740.0,16740.0,0.186,2026-01-28 09:13:02,2955
POWERINDIA,2026-02-24,19500.0,134.95,1100.0,0.0,2963.35,50.0,0.0,16740.0,16740.0,16740.0,0.186,2026-01-28 09:13:02,3591
POWERINDIA,2026-02-24,19750.0,226.15,50.0,0.0,0.0,0.0,0.0,16740.0,16740.0,16740.0,0.186,2026-01-28 09:13:02,4248
POWERINDIA,2026-02-24,20000.0,100.2,11500.0,0.0,3290.0,900.0,0.0,16740.0,16740.0,16740.0,0.186,2026-01-28 09:13:02,4908
POWERINDIA,2026-02-24,20250.0,0.0,0.0,0.0,0.0,0.0,0.0,16740.0,16740.0,16740.0,0.186,2026-01-28 09:13:02,5696
POWERINDIA,2026-02-24,20500.0,143.5,300.0,0.0,0.0,0.0,0.0,16740.0,16740.0,16740.0,0.186,2026-01-28 09:13:02,6665
POWERINDIA,2026-02-24,20750.0,122.7,100.0,0.0,0.0,0.0,0.0,16740.0,16740.0,16740.0,0.186,2026-01-28 09:13:02,7646
POWERINDIA,2026-02-24,21000.0,38.65,350.0,0.0,4299.35,100.0,0.0,16740.0,16740.0,16740.0,0.186,2026-01-28 09:13:02,8625
POWERINDIA,2026-02-24,21250.0,0.0,0.0,0.0,0.0,0.0,0.0,16740.0,16740.0,16740.0,0.186,2026-01-28 09:13:02,9574
POWERINDIA,2026-02-24,21500.0,75.5,50.0,0.0,0.0,0.0,0.0,16740.0,16740.0,16740.0,0.186,2026-01-28 09:13:02,10564
POWERINDIA,2026-02-24,21750.0,0.0,0.0,0.0,0.0,0.0,0.0,16740.0,16740.0,16740.0,0.186,2026-01-28 09:13:02,11555
POWERINDIA,2026-02-24,22000.0,36.35,1300.0,0.0,0.0,0.0,0.0,16740.0,16740.0,16740.0,0.186,2026-01-28 09:13:02,12547
POWERINDIA,2026-02-24,22250.0,0.0,0.0,0.0,0.0,0.0,0.0,16740.0,16740.0,16740.0,0.186,2026-01-28 09:13:02,13575
POWERINDIA,2026-02-24,22500.0,0.0,0.0,0.0,0.0,0.0,0.0,16740.0,16740.0,16740.0,0.186,2026-01-28 09:13:02,14599
PPLPHARMA,2026-02-24,125.0,0.0,0.0,0.0,0.0,0.0,0.0,154.0,154.0,154.0,1.017,2026-01-28 09:13:02,9588
PPLPHARMA,2026-02-24,130.0,0.0,0.0,0.0,1.2,94500.0,0.0,154.0,154.0,154.0,1.017,2026-01-28 09:13:02,8101
PPLPHARMA,2026-02-24,135.0,0.0,0.0,0.0,1.8,10500.0,0.0,154.0,154.0,154.0,1.017,2026-01-28 09:13:02,6650
PPLPHARMA,2026-02-24,137.5,0.0,0.0,0.0,0.0,0.0,0.0,154.0,154.0,154.0,1.017,2026-01-28 09:13:02,5931
PPLPHARMA,2026-02-24,140.0,14.53,5250.0,0.0,2.65,105000.0,0.0,154.0,154.0,154.0,1.017,2026-01-28 09:13:02,5214
PPLPHARMA,2026-02-24,142.5,13.52,10500.0,0.0,4.0,2625.0,0.0,154.0,154.0,154.0,1.017,2026-01-28 09:13:02,4504
PPLPHARMA,2026-02-24,145.0,23.17,2625.0,0.0,3.99,181125.0,0.0,154.0,154.0,154.0,1.017,2026-01-28 09:13:02,3830
PPLPHARMA,2026-02-24,147.5,0.0,0.0,0.0,4.85,7875.0,0.0,154.0,154.0,154.0,1.017,2026-01-28 09:13:02,3124
PPLPHARMA,2026-02-24,150.0,8.71,102375.0,0.0,5.77,732375.0,0.0,154.0,154.0,154.0,1.017,2026-01-28 09:13:02,2481
PPLPHARMA,2026-02-24,152.5,7.67,136500.0,0.0,6.74,207375.0,0.0,154.0,154.0,154.0,1.017,2026-01-28 09:13:02,1718
PPLPHARMA,2026-02-24,155.0,6.58,199500.0,0.0,8.1,273000.0,0.0,154.0,154.0,154.0,1.017,2026-01-28 09:13:02,1339
PPLPHARMA,2026-02-24,157.5,5.25,94500.0,0.0,9.75,2625.0,0.0,154.0,154.0,154.0,1.017,2026-01-28 09:13:02,1023
PPLPHARMA,2026-02-24,160.0,4.42,548625.0,0.0,11.27,267750.0,0.0,154.0,154.0,154.0,1.017,2026-01-28 09:13:02,869
PPLPHARMA,2026-02-24,162.5,3.14,7875.0,0.0,0.0,0.0,0.0,154.0,154.0,154.0,1.017,2026-01-28 09:13:02,812
PPLPHARMA,2026-02-24,165.0,3.0,391125.0,0.0,14.78,375375.0,0.0,154.0,154.0,154.0,1.017,2026-01-28 09:13:02,820
PPLPHARMA,2026-02-24,167.5,0.0,0.0,0.0,0.0,0.0,0.0,154.0,154.0,154.0,1.017,2026-01-28 09:13:02,578
PPLPHARMA,2026-02-24,170.0,2.09,498750.0,0.0,19.2,115500.0,0.0,154.0,154.0,154.0,1.017,2026-01-28 09:13:02,774
PPLPHARMA,2026-02-24,172.5,0.0,0.0,0.0,21.5,5250.0,0.0,154.0,154.0,154.0,1.017,2026-01-28 09:13:02,1007
PPLPHARMA,2026-02-24,175.0,1.38,84000.0,0.0,24.0,60375.0,0.0,154.0,154.0,154.0,1.017,2026-01-28 09:13:02,1347
PPLPHARMA,2026-02-24,177.5,0.0,0.0,0.0,25.24,2625.0,0.0,154.0,154.0,154.0,1.017,2026-01-28 09:13:02,1600
PPLPHARMA,2026-02-24,180.0,0.92,199500.0,0.0,27.51,168000.0,0.0,154.0,154.0,154.0,1.017,2026-01-28 09:13:02,1982
PPLPHARMA,2026-02-24,182.5,0.0,0.0,0.0,0.0,0.0,0.0,154.0,154.0,154.0,1.017,2026-01-28 09:13:02,2018
PPLPHARMA,2026-02-24,185.0,2.05,2625.0,0.0,33.0,70875.0,0.0,154.0,154.0,154.0,1.017,2026-01-28 09:13:02,2497
PPLPHARMA,2026-02-24,187.5,0.36,5250.0,0.0,34.55,31500.0,0.0,154.0,154.0,154.0,1.017,2026-01-28 09:13:02,2762
PPLPHARMA,2026-02-24,190.0,0.48,194250.0,0.0,37.0,107625.0,0.0,154.0,154.0,154.0,1.017,2026-01-28 09:13:02,3161
PPLPHARMA,2026-02-24,192.5,0.0,0.0,0.0,0.0,0.0,0.0,154.0,154.0,154.0,1.017,2026-01-28 09:13:02,3355
PPLPHARMA,2026-02-24,195.0,0.2,2625.0,0.0,43.0,57750.0,0.0,154.0,154.0,154.0,1.017,2026-01-28 09:13:02,3937
PPLPHARMA,2026-02-24,197.5,0.0,0.0,0.0,0.0,0.0,0.0,154.0,154.0,154.0,1.017,2026-01-28 09:13:02,4287
PPLPHARMA,2026-02-24,200.0,0.48,28875.0,0.0,49.05,84000.0,0.0,154.0,154.0,154.0,1.017,2026-01-28 09:13:02,4885
PPLPHARMA,2026-02-24,202.5,0.0,0.0,0.0,0.0,0.0,0.0,154.0,154.0,154.0,1.017,2026-01-28 09:13:02,5100
PPLPHARMA,2026-02-24,205.0,0.0,0.0,0.0,53.5,5250.0,0.0,154.0,154.0,154.0,1.017,2026-01-28 09:13:02,5726
PPLPHARMA,2026-02-24,220.0,0.0,0.0,0.0,48.2,5250.0,0.0,154.0,154.0,154.0,1.017,2026-01-28 09:13:02,9462
PREMIERENE,2026-02-24,560.0,0.0,0.0,0.0,4.0,575.0,0.0,708.1,708.1,708.1,0.071,2026-01-28 09:13:02,7151
PREMIERENE,2026-02-24,580.0,0.0,0.0,0.0,0.0,0.0,0.0,708.1,708.1,708.1,0.071,2026-01-28 09:13:02,5760
PREMIERENE,2026-02-24,590.0,0.0,0.0,0.0,0.0,0.0,0.0,708.1,708.1,708.1,0.071,2026-01-28 09:13:02,5065
PREMIERENE,2026-02-24,600.0,117.7,1150.0,0.0,6.45,66700.0,0.0,708.1,708.1,708.1,0.071,2026-01-28 09:13:02,4370
PREMIERENE,2026-02-24,610.0,0.0,0.0,0.0,0.0,0.0,0.0,708.1,708.1,708.1,0.071,2026-01-28 09:13:02,3713
PREMIERENE,2026-02-24,620.0,96.95,1725.0,0.0,10.0,2300.0,0.0,708.1,708.1,708.1,0.071,2026-01-28 09:13:02,3086
PREMIERENE,2026-02-24,630.0,0.0,0.0,0.0,10.5,12650.0,0.0,708.1,708.1,708.1,0.071,2026-01-28 09:13:02,2477
PREMIERENE,2026-02-24,640.0,0.0,0.0,0.0,12.0,8050.0,0.0,708.1,708.1,708.1,0.071,2026-01-28 09:13:02,1853
PREMIERENE,2026-02-24,650.0,78.4,1725.0,0.0,15.0,33350.0,0.0,708.1,708.1,708.1,0.071,2026-01-28 09:13:02,1241
PREMIERENE,2026-02-24,660.0,66.35,575.0,0.0,16.9,69000.0,0.0,708.1,708.1,708.1,0.071,2026-01-28 09:13:02,637
PREMIERENE,2026-02-24,670.0,60.85,0.0,0.0,0.0,0.0,0.0,708.1,708.1,708.1,0.071,2026-01-28 09:13:02,26
PREMIERENE,2026-02-24,680.0,53.0,4025.0,0.0,23.0,47150.0,0.0,708.1,708.1,708.1,0.071,2026-01-28 09:13:02,-471
PREMIERENE,2026-02-24,690.0,47.5,4025.0,0.0,26.2,19550.0,0.0,708.1,708.1,708.1,0.071,2026-01-28 09:13:02,-1005
PREMIERENE,2026-02-24,700.0,41.65,101200.0,0.0,30.4,153525.0,0.0,708.1,708.1,708.1,0.071,2026-01-28 09:13:02,-1460
PREMIERENE,2026-02-24,710.0,36.9,81650.0,0.0,35.05,67275.0,0.0,708.1,708.1,708.1,0.071,2026-01-28 09:13:02,-1674
PREMIERENE,2026-02-24,720.0,31.5,95450.0,0.0,38.75,33350.0,0.0,708.1,708.1,708.1,0.071,2026-01-28 09:13:02,-1628
PREMIERENE,2026-02-24,730.0,28.95,33925.0,0.0,47.55,14375.0,0.0,708.1,708.1,708.1,0.071,2026-01-28 09:13:02,-1347
PREMIERENE,2026-02-24,740.0,23.1,57500.0,0.0,51.4,23575.0,0.0,708.1,708.1,708.1,0.071,2026-01-28 09:13:02,-1160
PREMIERENE,2026-02-24,750.0,20.2,352475.0,0.0,57.5,84525.0,0.0,708.1,708.1,708.1,0.071,2026-01-28 09:13:02,-910
PREMIERENE,2026-02-24,760.0,16.25,192625.0,0.0,65.9,16675.0,0.0,708.1,708.1,708.1,0.071,2026-01-28 09:13:02,-8
PREMIERENE,2026-02-24,770.0,14.95,29325.0,0.0,75.55,4025.0,0.0,708.1,708.1,708.1,0.071,2026-01-28 09:13:02,1079
PREMIERENE,2026-02-24,780.0,15.0,4600.0,0.0,82.35,1150.0,0.0,708.1,708.1,708.1,0.071,2026-01-28 09:13:02,2011
PREMIERENE,2026-02-24,790.0,12.8,6900.0,0.0,88.0,6325.0,0.0,708.1,708.1,708.1,0.071,2026-01-28 09:13:02,2932
PREMIERENE,2026-02-24,800.0,9.65,157550.0,0.0,95.5,7475.0,0.0,708.1,708.1,708.1,0.071,2026-01-28 09:13:02,3823
PREMIERENE,2026-02-24,810.0,8.5,1725.0,0.0,0.0,0.0,0.0,708.1,708.1,708.1,0.071,2026-01-28 09:13:02,5006
PREMIERENE,2026-02-24,820.0,0.0,0.0,0.0,120.5,1150.0,0.0,708.1,708.1,708.1,0.071,2026-01-28 09:13:02,6111
PREMIERENE,2026-02-24,830.0,0.0,0.0,0.0,0.0,0.0,0.0,708.1,708.1,708.1,0.071,2026-01-28 09:13:02,7202
PREMIERENE,2026-02-24,840.0,4.75,2300.0,0.0,0.0,0.0,0.0,708.1,708.1,708.1,0.071,2026-01-28 09:13:02,8308
PREMIERENE,2026-02-24,850.0,4.55,23575.0,0.0,142.45,6325.0,0.0,708.1,708.1,708.1,0.071,2026-01-28 09:13:02,9416
PREMIERENE,2026-02-24,860.0,3.25,6325.0,0.0,151.7,4600.0,0.0,708.1,708.1,708.1,0.071,2026-01-28 09:13:02,10474
PREMIERENE,2026-02-24,870.0,0.0,0.0,0.0,0.0,0.0,0.0,708.1,708.1,708.1,0.071,2026-01-28 09:13:02,11555
PREMIERENE,2026-02-24,880.0,0.0,0.0,0.0,0.0,0.0,0.0,708.1,708.1,708.1,0.071,2026-01-28 09:13:02,12703
PREMIERENE,2026-02-24,890.0,1.8,5750.0,0.0,180.1,4025.0,0.0,708.1,708.1,708.1,0.071,2026-01-28 09:13:02,13851
PREMIERENE,2026-02-24,900.0,2.25,41975.0,0.0,190.75,575.0,0.0,708.1,708.1,708.1,0.071,2026-01-28 09:13:02,14938
PREMIERENE,2026-02-24,910.0,1.2,575.0,0.0,0.0,0.0,0.0,708.1,708.1,708.1,0.071,2026-01-28 09:13:02,16137
PREMIERENE,2026-02-24,920.0,0.95,2300.0,0.0,209.15,1150.0,0.0,708.1,708.1,708.1,0.071,2026-01-28 09:13:02,17338
PREMIERENE,2026-02-24,930.0,0.75,7475.0,0.0,218.9,6325.0,0.0,708.1,708.1,708.1,0.071,2026-01-28 09:13:02,18519
PREMIERENE,2026-02-24,940.0,0.6,8050.0,0.0,228.7,0.0,0.0,708.1,708.1,708.1,0.071,2026-01-28 09:13:02,19599
PREMIERENE,2026-02-24,960.0,0.4,575.0,0.0,248.4,0.0,0.0,708.1,708.1,708.1,0.071,2026-01-28 09:13:02,22053
PRESTIGE,2026-02-24,1160.0,0.0,0.0,0.0,0.0,0.0,0.0,1395.0,1395.0,1395.0,0.216,2026-01-28 09:13:02,6926
PRESTIGE,2026-02-24,1200.0,0.0,0.0,0.0,9.7,34200.0,0.0,1395.0,1395.0,1395.0,0.216,2026-01-28 09:13:02,5645
PRESTIGE,2026-02-24,1220.0,0.0,0.0,0.0,0.0,0.0,0.0,1395.0,1395.0,1395.0,0.216,2026-01-28 09:13:02,5039
PRESTIGE,2026-02-24,1240.0,0.0,0.0,0.0,13.5,4500.0,0.0,1395.0,1395.0,1395.0,0.216,2026-01-28 09:13:02,4467
PRESTIGE,2026-02-24,1260.0,0.0,0.0,0.0,0.0,0.0,0.0,1395.0,1395.0,1395.0,0.216,2026-01-28 09:13:02,3897
PRESTIGE,2026-02-24,1280.0,0.0,0.0,0.0,23.3,14850.0,0.0,1395.0,1395.0,1395.0,0.216,2026-01-28 09:13:02,3334
PRESTIGE,2026-02-24,1300.0,0.0,0.0,0.0,24.65,44100.0,0.0,1395.0,1395.0,1395.0,0.216,2026-01-28 09:13:02,2766
PRESTIGE,2026-02-24,1320.0,0.0,0.0,0.0,0.0,0.0,0.0,1395.0,1395.0,1395.0,0.216,2026-01-28 09:13:02,2211
PRESTIGE,2026-02-24,1340.0,0.0,0.0,0.0,35.55,35100.0,0.0,1395.0,1395.0,1395.0,0.216,2026-01-28 09:13:02,1766
PRESTIGE,2026-02-24,1360.0,82.85,5850.0,0.0,42.9,58050.0,0.0,1395.0,1395.0,1395.0,0.216,2026-01-28 09:13:02,1266
PRESTIGE,2026-02-24,1380.0,70.95,9000.0,0.0,51.3,13950.0,0.0,1395.0,1395.0,1395.0,0.216,2026-01-28 09:13:02,818
PRESTIGE,2026-02-24,1400.0,60.5,2700.0,0.0,58.15,13950.0,0.0,1395.0,1395.0,1395.0,0.216,2026-01-28 09:13:02,609
PRESTIGE,2026-02-24,1420.0,52.25,20700.0,0.0,71.0,26550.0,0.0,1395.0,1395.0,1395.0,0.216,2026-01-28 09:13:02,375
PRESTIGE,2026-02-24,1440.0,44.6,39150.0,0.0,90.6,17550.0,0.0,1395.0,1395.0,1395.0,0.216,2026-01-28 09:13:02,221
PRESTIGE,2026-02-24,1460.0,28.2,2250.0,0.0,0.0,0.0,0.0,1395.0,1395.0,1395.0,0.216,2026-01-28 09:13:02,276
PRESTIGE,2026-02-24,1480.0,23.3,14850.0,0.0,0.0,0.0,0.0,1395.0,1395.0,1395.0,0.216,2026-01-28 09:13:02,327
PRESTIGE,2026-02-24,1500.0,25.5,71100.0,0.0,144.45,16650.0,0.0,1395.0,1395.0,1395.0,0.216,2026-01-28 09:13:02,435
PRESTIGE,2026-02-24,1520.0,0.0,0.0,0.0,0.0,0.0,0.0,1395.0,1395.0,1395.0,0.216,2026-01-28 09:13:02,625
PRESTIGE,2026-02-24,1540.0,12.25,8550.0,0.0,0.0,0.0,0.0,1395.0,1395.0,1395.0,0.216,2026-01-28 09:13:02,875
PRESTIGE,2026-02-24,1560.0,12.0,6300.0,0.0,178.45,450.0,0.0,1395.0,1395.0,1395.0,0.216,2026-01-28 09:13:02,1152
PRESTIGE,2026-02-24,1580.0,14.55,450.0,0.0,0.0,0.0,0.0,1395.0,1395.0,1395.0,0.216,2026-01-28 09:13:02,1431
PRESTIGE,2026-02-24,1600.0,10.15,37350.0,0.0,230.0,4950.0,0.0,1395.0,1395.0,1395.0,0.216,2026-01-28 09:13:02,1712
PRESTIGE,2026-02-24,1620.0,9.75,4500.0,0.0,230.35,3600.0,0.0,1395.0,1395.0,1395.0,0.216,2026-01-28 09:13:02,2002
PRESTIGE,2026-02-24,1640.0,5.0,450.0,0.0,0.0,0.0,0.0,1395.0,1395.0,1395.0,0.216,2026-01-28 09:13:02,2305
PRESTIGE,2026-02-24,1660.0,6.4,2700.0,0.0,281.65,450.0,0.0,1395.0,1395.0,1395.0,0.216,2026-01-28 09:13:02,2688
PRESTIGE,2026-02-24,1680.0,5.15,900.0,0.0,0.0,0.0,0.0,1395.0,1395.0,1395.0,0.216,2026-01-28 09:13:02,3066
PRESTIGE,2026-02-24,1700.0,3.95,33750.0,0.0,304.35,10800.0,0.0,1395.0,1395.0,1395.0,0.216,2026-01-28 09:13:02,3457
PRESTIGE,2026-02-24,1720.0,0.0,0.0,0.0,0.0,0.0,0.0,1395.0,1395.0,1395.0,0.216,2026-01-28 09:13:02,3621
PRESTIGE,2026-02-24,1740.0,2.6,2700.0,0.0,0.0,0.0,0.0,1395.0,1395.0,1395.0,0.216,2026-01-28 09:13:02,4101
PRESTIGE,2026-02-24,1760.0,2.05,4950.0,0.0,362.0,900.0,0.0,1395.0,1395.0,1395.0,0.216,2026-01-28 09:13:02,4586
PRESTIGE,2026-02-24,1780.0,1.6,2250.0,0.0,0.0,0.0,0.0,1395.0,1395.0,1395.0,0.216,2026-01-28 09:13:02,5052
PRESTIGE,2026-02-24,1800.0,1.25,450.0,0.0,0.0,0.0,0.0,1395.0,1395.0,1395.0,0.216,2026-01-28 09:13:02,5553
PRESTIGE,2026-02-24,1820.0,1.0,900.0,0.0,0.0,0.0,0.0,1395.0,1395.0,1395.0,0.216,2026-01-28 09:13:02,6056
PRESTIGE,2026-02-24,1840.0,0.8,900.0,0.0,0.0,0.0,0.0,1395.0,1395.0,1395.0,0.216,2026-01-28 09:13:02,6560
PRESTIGE,2026-02-24,1880.0,1.5,8100.0,0.0,512.55,18900.0,0.0,1395.0,1395.0,1395.0,0.216,2026-01-28 09:13:02,7571
PRESTIGE,2026-02-24,1920.0,0.3,4950.0,0.0,542.2,900.0,0.0,1395.0,1395.0,1395.0,0.216,2026-01-28 09:13:02,7724
RBLBANK,2026-02-24,240.0,0.0,0.0,0.0,0.0,0.0,0.0,295.3,295.3,295.3,-0.017,2026-01-28 09:13:02,51444
RBLBANK,2026-02-24,250.0,0.0,0.0,0.0,0.75,66675.0,0.0,295.3,295.3,295.3,-0.017,2026-01-28 09:13:02,38959
RBLBANK,2026-02-24,260.0,0.0,0.0,0.0,1.0,365125.0,0.0,295.3,295.3,295.3,-0.017,2026-01-28 09:13:02,26537
RBLBANK,2026-02-24,265.0,0.0,0.0,0.0,0.0,0.0,0.0,295.3,295.3,295.3,-0.017,2026-01-28 09:13:02,20474
RBLBANK,2026-02-24,270.0,31.0,9525.0,0.0,1.55,914400.0,0.0,295.3,295.3,295.3,-0.017,2026-01-28 09:13:02,14448
RBLBANK,2026-02-24,275.0,0.0,0.0,0.0,1.85,473075.0,0.0,295.3,295.3,295.3,-0.017,2026-01-28 09:13:02,8772
RBLBANK,2026-02-24,280.0,19.05,12700.0,0.0,2.35,3911600.0,0.0,295.3,295.3,295.3,-0.017,2026-01-28 09:13:02,3357
RBLBANK,2026-02-24,285.0,16.5,25400.0,0.0,3.4,473075.0,0.0,295.3,295.3,295.3,-0.017,2026-01-28 09:13:02,-903
RBLBANK,2026-02-24,290.0,11.75,809625.0,0.0,4.65,2438400.0,0.0,295.3,295.3,295.3,-0.017,2026-01-28 09:13:02,-4138
RBLBANK,2026-02-24,295.0,8.7,2692400.0,0.0,6.3,679450.0,0.0,295.3,295.3,295.3,-0.017,2026-01-28 09:13:02,-5813
RBLBANK,2026-02-24,300.0,6.3,4400550.0,0.0,8.6,2228850.0,0.0,295.3,295.3,295.3,-0.017,2026-01-28 09:13:02,-3705
RBLBANK,2026-02-24,305.0,4.35,676275.0,0.0,19.15,38100.0,0.0,295.3,295.3,295.3,-0.017,2026-01-28 09:13:02,658
RBLBANK,2026-02-24,310.0,3.1,1860550.0,0.0,15.25,492125.0,0.0,295.3,295.3,295.3,-0.017,2026-01-28 09:13:02,4745
RBLBANK,2026-02-24,315.0,2.2,95250.0,0.0,20.35,120650.0,0.0,295.3,295.3,295.3,-0.017,2026-01-28 09:13:02,9613
RBLBANK,2026-02-24,320.0,1.6,2095500.0,0.0,27.0,254000.0,0.0,295.3,295.3,295.3,-0.017,2026-01-28 09:13:02,14538
RBLBANK,2026-02-24,325.0,1.25,444500.0,0.0,0.0,0.0,0.0,295.3,295.3,295.3,-0.017,2026-01-28 09:13:02,20512
RBLBANK,2026-02-24,330.0,1.0,2644775.0,0.0,0.0,0.0,0.0,295.3,295.3,295.3,-0.017,2026-01-28 09:13:02,27115
RBLBANK,2026-02-24,335.0,3.3,6350.0,0.0,0.0,0.0,0.0,295.3,295.3,295.3,-0.017,2026-01-28 09:13:02,35249
RBLBANK,2026-02-24,340.0,0.6,396875.0,0.0,0.0,0.0,0.0,295.3,295.3,295.3,-0.017,2026-01-28 09:13:02,43123
RBLBANK,2026-02-24,345.0,2.1,3175.0,0.0,0.0,0.0,0.0,295.3,295.3,295.3,-0.017,2026-01-28 09:13:02,51218
RBLBANK,2026-02-24,350.0,0.55,650875.0,0.0,54.0,28575.0,0.0,295.3,295.3,295.3,-0.017,2026-01-28 09:13:02,59291
RBLBANK,2026-02-24,355.0,1.3,3175.0,0.0,0.0,0.0,0.0,295.3,295.3,295.3,-0.017,2026-01-28 09:13:02,67584
RBLBANK,2026-02-24,360.0,0.0,0.0,0.0,0.0,0.0,0.0,295.3,295.3,295.3,-0.017,2026-01-28 09:13:02,75999
RBLBANK,2026-02-24,365.0,0.0,0.0,0.0,0.0,0.0,0.0,295.3,295.3,295.3,-0.017,2026-01-28 09:13:02,84412
RBLBANK,2026-02-24,370.0,0.4,28575.0,0.0,0.0,0.0,0.0,295.3,295.3,295.3,-0.017,2026-01-28 09:13:02,92826
RECLTD,2026-02-24,290.0,0.0,0.0,0.0,1.0,203000.0,0.0,364.95,364.95,364.95,0.275,2026-01-28 09:13:02,107948
RECLTD,2026-02-24,300.0,60.65,79800.0,0.0,1.4,621600.0,0.0,364.95,364.95,364.95,0.275,2026-01-28 09:13:02,90059
RECLTD,2026-02-24,305.0,0.0,0.0,0.0,1.9,14000.0,0.0,364.95,364.95,364.95,0.275,2026-01-28 09:13:02,81871
RECLTD,2026-02-24,310.0,52.0,1400.0,0.0,2.15,256200.0,0.0,364.95,364.95,364.95,0.275,2026-01-28 09:13:02,73292
RECLTD,2026-02-24,315.0,0.0,0.0,0.0,2.6,148400.0,0.0,364.95,364.95,364.95,0.275,2026-01-28 09:13:02,64796
RECLTD,2026-02-24,320.0,0.0,0.0,0.0,3.15,582400.0,0.0,364.95,364.95,364.95,0.275,2026-01-28 09:13:02,56383
RECLTD,2026-02-24,325.0,0.0,0.0,0.0,3.8,134400.0,0.0,364.95,364.95,364.95,0.275,2026-01-28 09:13:02,48117
RECLTD,2026-02-24,327.5,0.0,0.0,0.0,4.4,42000.0,0.0,364.95,364.95,364.95,0.275,2026-01-28 09:13:02,44058
RECLTD,2026-02-24,330.0,35.55,39200.0,0.0,4.5,949200.0,0.0,364.95,364.95,364.95,0.275,2026-01-28 09:13:02,40042
RECLTD,2026-02-24,332.5,0.0,0.0,0.0,4.7,51800.0,0.0,364.95,364.95,364.95,0.275,2026-01-28 09:13:02,36004
RECLTD,2026-02-24,335.0,35.55,0.0,0.0,5.4,183400.0,0.0,364.95,364.95,364.95,0.275,2026-01-28 09:13:02,32242
RECLTD,2026-02-24,337.5,0.0,0.0,0.0,6.1,57400.0,0.0,364.95,364.95,364.95,0.275,2026-01-28 09:13:02,28452
RECLTD,2026-02-24,340.0,25.8,119000.0,0.0,6.45,845600.0,0.0,364.95,364.95,364.95,0.275,2026-01-28 09:13:02,24739
RECLTD,2026-02-24,342.5,30.05,7000.0,0.0,7.0,64400.0,0.0,364.95,364.95,364.95,0.275,2026-01-28 09:13:02,21065
RECLTD,2026-02-24,345.0,24.0,32200.0,0.0,8.0,767200.0,0.0,364.95,364.95,364.95,0.275,2026-01-28 09:13:02,17623
RECLTD,2026-02-24,347.5,22.35,11200.0,0.0,8.45,65800.0,0.0,364.95,364.95,364.95,0.275,2026-01-28 09:13:02,13868
RECLTD,2026-02-24,350.0,21.65,1824200.0,0.0,9.45,2415000.0,0.0,364.95,364.95,364.95,0.275,2026-01-28 09:13:02,10639
RECLTD,2026-02-24,352.5,20.8,28000.0,0.0,9.95,176400.0,0.0,364.95,364.95,364.95,0.275,2026-01-28 09:13:02,10167
RECLTD,2026-02-24,355.0,18.3,242200.0,0.0,10.95,1138200.0,0.0,364.95,364.95,364.95,0.275,2026-01-28 09:13:02,7961
RECLTD,2026-02-24,357.5,17.0,93800.0,0.0,12.05,177800.0,0.0,364.95,364.95,364.95,0.275,2026-01-28 09:13:02,5415
RECLTD,2026-02-24,360.0,15.3,1752800.0,0.0,13.2,2139200.0,0.0,364.95,364.95,364.95,0.275,2026-01-28 09:13:02,3685
RECLTD,2026-02-24,362.5,14.15,299600.0,0.0,14.25,344400.0,0.0,364.95,364.95,364.95,0.275,2026-01-28 09:13:02,2841
RECLTD,2026-02-24,365.0,12.9,945000.0,0.0,15.5,835800.0,0.0,364.95,364.95,364.95,0.275,2026-01-28 09:13:02,2233
RECLTD,2026-02-24,367.5,11.95,196000.0,0.0,16.7,179200.0,0.0,364.95,364.95,364.95,0.275,2026-01-28 09:13:02,2061
RECLTD,2026-02-24,370.0,10.75,2349200.0,0.0,18.1,1680000.0,0.0,364.95,364.95,364.95,0.275,2026-01-28 09:13:02,1994
RECLTD,2026-02-24,372.5,9.8,93800.0,0.0,18.65,12600.0,0.0,364.95,364.95,364.95,0.275,2026-01-28 09:13:02,2484
RECLTD,2026-02-24,375.0,8.55,337400.0,0.0,20.95,117600.0,0.0,364.95,364.95,364.95,0.275,2026-01-28 09:13:02,3584
RECLTD,2026-02-24,377.5,8.35,50400.0,0.0,23.65,5600.0,0.0,364.95,364.95,364.95,0.275,2026-01-28 09:13:02,4772
RECLTD,2026-02-24,380.0,7.5,2455600.0,0.0,25.0,1150800.0,0.0,364.95,364.95,364.95,0.275,2026-01-28 09:13:02,5960
RECLTD,2026-02-24,382.5,6.4,84000.0,0.0,26.6,2800.0,0.0,364.95,364.95,364.95,0.275,2026-01-28 09:13:02,6986
RECLTD,2026-02-24,385.0,5.9,316400.0,0.0,29.1,67200.0,0.0,364.95,364.95,364.95,0.275,2026-01-28 09:13:02,9115
RECLTD,2026-02-24,387.5,5.25,67200.0,0.0,0.0,0.0,0.0,364.95,364.95,364.95,0.275,2026-01-28 09:13:02,11285
RECLTD,2026-02-24,390.0,4.6,1198400.0,0.0,32.9,261800.0,0.0,364.95,364.95,364.95,0.275,2026-01-28 09:13:02,13516
RECLTD,2026-02-24,392.5,4.2,95200.0,0.0,33.75,2800.0,0.0,364.95,364.95,364.95,0.275,2026-01-28 09:13:02,15766
RECLTD,2026-02-24,395.0,3.7,127400.0,0.0,35.65,12600.0,0.0,364.95,364.95,364.95,0.275,2026-01-28 09:13:02,18382
RECLTD,2026-02-24,397.5,3.3,109200.0,0.0,40.25,4200.0,0.0,364.95,364.95,364.95,0.275,2026-01-28 09:13:02,21004
RECLTD,2026-02-24,400.0,3.0,2990400.0,0.0,40.45,1169000.0,0.0,364.95,364.95,364.95,0.275,2026-01-28 09:13:02,23672
RECLTD,2026-02-24,402.5,4.85,89600.0,0.0,41.55,2800.0,0.0,364.95,364.95,364.95,0.275,2026-01-28 09:13:02,23529
RECLTD,2026-02-24,405.0,2.45,207200.0,0.0,43.6,2800.0,0.0,364.95,364.95,364.95,0.275,2026-01-28 09:13:02,27272
RECLTD,2026-02-24,407.5,2.0,61600.0,0.0,45.65,2800.0,0.0,364.95,364.95,364.95,0.275,2026-01-28 09:13:02,31074
RECLTD,2026-02-24,410.0,2.0,341600.0,0.0,50.5,105000.0,0.0,364.95,364.95,364.95,0.275,2026-01-28 09:13:02,34854
RECLTD,2026-02-24,412.5,1.85,65800.0,0.0,49.95,2800.0,0.0,364.95,364.95,364.95,0.275,2026-01-28 09:13:02,38283
RECLTD,2026-02-24,415.0,1.6,130200.0,0.0,55.15,2800.0,0.0,364.95,364.95,364.95,0.275,2026-01-28 09:13:02,42190
RECLTD,2026-02-24,420.0,1.4,819000.0,0.0,57.6,282800.0,0.0,364.95,364.95,364.95,0.275,2026-01-28 09:13:02,50080
RECLTD,2026-02-24,425.0,1.15,81200.0,0.0,64.55,51800.0,0.0,364.95,364.95,364.95,0.275,2026-01-28 09:13:02,57001
RECLTD,2026-02-24,430.0,1.05,296800.0,0.0,68.75,249200.0,0.0,364.95,364.95,364.95,0.275,2026-01-28 09:13:02,65177
RECLTD,2026-02-24,435.0,0.85,154000.0,0.0,71.75,490000.0,0.0,364.95,364.95,364.95,0.275,2026-01-28 09:13:02,72270
RELIANCE,2026-02-24,1140.0,254.8,500.0,0.0,1.3,21000.0,0.0,1385.0,1385.0,1385.0,0.326,2026-01-28 09:13:02,598825
RELIANCE,2026-02-24,1160.0,0.0,0.0,0.0,1.6,82000.0,0.0,1385.0,1385.0,1385.0,0.326,2026-01-28 09:13:02,550301
RELIANCE,2026-02-24,1180.0,0.0,0.0,0.0,2.1,72500.0,0.0,1385.0,1385.0,1385.0,0.326,2026-01-28 09:13:02,501918
RELIANCE,2026-02-24,1200.0,192.35,781500.0,0.0,2.75,486000.0,0.0,1385.0,1385.0,1385.0,0.326,2026-01-28 09:13:02,453678
RELIANCE,2026-02-24,1220.0,174.05,71500.0,0.0,3.5,174000.0,0.0,1385.0,1385.0,1385.0,0.326,2026-01-28 09:13:02,422886
RELIANCE,2026-02-24,1240.0,0.0,0.0,0.0,4.65,446000.0,0.0,1385.0,1385.0,1385.0,0.326,2026-01-28 09:13:02,378871
RELIANCE,2026-02-24,1260.0,136.0,4000.0,0.0,6.15,555500.0,0.0,1385.0,1385.0,1385.0,0.326,2026-01-28 09:13:02,334357
RELIANCE,2026-02-24,1270.0,129.0,1500.0,0.0,7.05,112500.0,0.0,1385.0,1385.0,1385.0,0.326,2026-01-28 09:13:02,312475
RELIANCE,2026-02-24,1280.0,111.25,3000.0,0.0,8.0,406000.0,0.0,1385.0,1385.0,1385.0,0.326,2026-01-28 09:13:02,290935
RELIANCE,2026-02-24,1290.0,0.0,0.0,0.0,9.15,135500.0,0.0,1385.0,1385.0,1385.0,0.326,2026-01-28 09:13:02,269573
RELIANCE,2026-02-24,1300.0,102.1,207500.0,0.0,10.5,1477500.0,0.0,1385.0,1385.0,1385.0,0.326,2026-01-28 09:13:02,248514
RELIANCE,2026-02-24,1310.0,0.0,0.0,0.0,12.1,588000.0,0.0,1385.0,1385.0,1385.0,0.326,2026-01-28 09:13:02,229830
RELIANCE,2026-02-24,1320.0,85.65,72500.0,0.0,13.7,457000.0,0.0,1385.0,1385.0,1385.0,0.326,2026-01-28 09:13:02,210456
RELIANCE,2026-02-24,1330.0,75.65,15000.0,0.0,15.65,265500.0,0.0,1385.0,1385.0,1385.0,0.326,2026-01-28 09:13:02,192318
RELIANCE,2026-02-24,1340.0,69.0,38000.0,0.0,17.95,863000.0,0.0,1385.0,1385.0,1385.0,0.326,2026-01-28 09:13:02,174164
RELIANCE,2026-02-24,1350.0,62.6,304000.0,0.0,20.7,937500.0,0.0,1385.0,1385.0,1385.0,0.326,2026-01-28 09:13:02,155925
RELIANCE,2026-02-24,1360.0,55.45,202500.0,0.0,24.0,763500.0,0.0,1385.0,1385.0,1385.0,0.326,2026-01-28 09:13:02,140178
RELIANCE,2026-02-24,1370.0,49.0,294500.0,0.0,27.6,537500.0,0.0,1385.0,1385.0,1385.0,0.326,2026-01-28 09:13:02,124724
RELIANCE,2026-02-24,1380.0,43.45,1328000.0,0.0,31.5,1639000.0,0.0,1385.0,1385.0,1385.0,0.326,2026-01-28 09:13:02,110772
RELIANCE,2026-02-24,1390.0,37.75,1417000.0,0.0,36.0,1415500.0,0.0,1385.0,1385.0,1385.0,0.326,2026-01-28 09:13:02,100434
RELIANCE,2026-02-24,1400.0,32.75,3665500.0,0.0,40.8,2895000.0,0.0,1385.0,1385.0,1385.0,0.326,2026-01-28 09:13:02,92575
RELIANCE,2026-02-24,1410.0,28.15,1132000.0,0.0,46.35,875000.0,0.0,1385.0,1385.0,1385.0,0.326,2026-01-28 09:13:02,91216
RELIANCE,2026-02-24,1420.0,23.95,1568500.0,0.0,51.45,740500.0,0.0,1385.0,1385.0,1385.0,0.326,2026-01-28 09:13:02,90802
RELIANCE,2026-02-24,1430.0,20.25,1170000.0,0.0,58.25,254500.0,0.0,1385.0,1385.0,1385.0,0.326,2026-01-28 09:13:02,93512
RELIANCE,2026-02-24,1440.0,17.15,1025000.0,0.0,65.1,437500.0,0.0,1385.0,1385.0,1385.0,0.326,2026-01-28 09:13:02,98588
RELIANCE,2026-02-24,1450.0,14.45,2838000.0,0.0,72.1,865500.0,0.0,1385.0,1385.0,1385.0,0.326,2026-01-28 09:13:02,103148
RELIANCE,2026-02-24,1460.0,12.0,1152000.0,0.0,79.2,360500.0,0.0,1385.0,1385.0,1385.0,0.326,2026-01-28 09:13:02,110364
RELIANCE,2026-02-24,1470.0,10.15,687000.0,0.0,87.2,168500.0,0.0,1385.0,1385.0,1385.0,0.326,2026-01-28 09:13:02,119758
RELIANCE,2026-02-24,1480.0,8.45,1030500.0,0.0,95.0,410500.0,0.0,1385.0,1385.0,1385.0,0.326,2026-01-28 09:13:02,130708
RELIANCE,2026-02-24,1490.0,7.2,329000.0,0.0,105.0,71000.0,0.0,1385.0,1385.0,1385.0,0.326,2026-01-28 09:13:02,140843
RELIANCE,2026-02-24,1500.0,6.15,5124500.0,0.0,113.1,1588500.0,0.0,1385.0,1385.0,1385.0,0.326,2026-01-28 09:13:02,153898
RELIANCE,2026-02-24,1510.0,5.2,358000.0,0.0,122.25,29000.0,0.0,1385.0,1385.0,1385.0,0.326,2026-01-28 09:13:02,159360
RELIANCE,2026-02-24,1520.0,4.5,944500.0,0.0,131.75,198000.0,0.0,1385.0,1385.0,1385.0,0.326,2026-01-28 09:13:02,179855
RELIANCE,2026-02-24,1530.0,3.9,435500.0,0.0,141.75,127500.0,0.0,1385.0,1385.0,1385.0,0.326,2026-01-28 09:13:02,199477
RELIANCE,2026-02-24,1540.0,3.5,517500.0,0.0,150.5,150000.0,0.0,1385.0,1385.0,1385.0,0.326,2026-01-28 09:13:02,220209
RELIANCE,2026-02-24,1550.0,3.0,926500.0,0.0,159.75,529000.0,0.0,1385.0,1385.0,1385.0,0.326,2026-01-28 09:13:02,241169
RELIANCE,2026-02-24,1560.0,2.7,371500.0,0.0,169.7,201000.0,0.0,1385.0,1385.0,1385.0,0.326,2026-01-28 09:13:02,257488
RELIANCE,2026-02-24,1570.0,2.4,290000.0,0.0,174.0,65500.0,0.0,1385.0,1385.0,1385.0,0.326,2026-01-28 09:13:02,279242
RELIANCE,2026-02-24,1580.0,2.25,339500.0,0.0,188.45,149500.0,0.0,1385.0,1385.0,1385.0,0.326,2026-01-28 09:13:02,303592
RELIANCE,2026-02-24,1590.0,2.05,89500.0,0.0,195.0,5000.0,0.0,1385.0,1385.0,1385.0,0.326,2026-01-28 09:13:02,326760
RELIANCE,2026-02-24,1600.0,1.9,3672500.0,0.0,208.65,1360500.0,0.0,1385.0,1385.0,1385.0,0.326,2026-01-28 09:13:02,352684
RELIANCE,2026-02-24,1610.0,1.75,69500.0,0.0,219.4,31000.0,0.0,1385.0,1385.0,1385.0,0.326,2026-01-28 09:13:02,356032
RELIANCE,2026-02-24,1620.0,1.7,660000.0,0.0,219.95,20000.0,0.0,1385.0,1385.0,1385.0,0.326,2026-01-28 09:13:02,386501
RELIANCE,2026-02-24,1630.0,1.35,32000.0,0.0,0.0,0.0,0.0,1385.0,1385.0,1385.0,0.326,2026-01-28 09:13:02,417990
RELIANCE,2026-02-24,1640.0,1.4,181500.0,0.0,251.0,36000.0,0.0,1385.0,1385.0,1385.0,0.326,2026-01-28 09:13:02,449843
RELIANCE,2026-02-24,1650.0,1.3,448500.0,0.0,256.95,140500.0,0.0,1385.0,1385.0,1385.0,0.326,2026-01-28 09:13:02,481032
RELIANCE,2026-02-24,1660.0,1.25,52500.0,0.0,272.0,1500.0,0.0,1385.0,1385.0,1385.0,0.326,2026-01-28 09:13:02,510135
RELIANCE,2026-02-24,1670.0,0.1,17500.0,0.0,0.0,0.0,0.0,1385.0,1385.0,1385.0,0.326,2026-01-28 09:13:02,542811
RELIANCE,2026-02-24,1680.0,1.1,538000.0,0.0,291.9,9000.0,0.0,1385.0,1385.0,1385.0,0.326,2026-01-28 09:13:02,575538
RELIANCE,2026-02-24,1690.0,0.05,4500.0,0.0,0.0,0.0,0.0,1385.0,1385.0,1385.0,0.326,2026-01-28 09:13:02,608608
RELIANCE,2026-02-24,1700.0,1.0,528500.0,0.0,306.4,875000.0,0.0,1385.0,1385.0,1385.0,0.326,2026-01-28 09:13:02,641887
RELIANCE,2026-02-24,1710.0,0.95,1000.0,0.0,0.0,0.0,0.0,1385.0,1385.0,1385.0,0.326,2026-01-28 09:13:02,649812
RELIANCE,2026-02-24,1720.0,0.9,80500.0,0.0,332.0,5000.0,0.0,1385.0,1385.0,1385.0,0.326,2026-01-28 09:13:02,684495
RELIANCE,2026-02-24,1740.0,0.05,7500.0,0.0,0.0,0.0,0.0,1385.0,1385.0,1385.0,0.326,2026-01-28 09:13:02,753873
RELIANCE,2026-02-24,1760.0,0.7,110500.0,0.0,368.0,151000.0,0.0,1385.0,1385.0,1385.0,0.326,2026-01-28 09:13:02,823425
RELIANCE,2026-02-24,1780.0,0.0,0.0,0.0,382.0,8000.0,0.0,1385.0,1385.0,1385.0,0.326,2026-01-28 09:13:02,887951
RELIANCE,2026-02-24,1800.0,0.65,257500.0,0.0,405.6,29000.0,0.0,1385.0,1385.0,1385.0,0.326,2026-01-28 09:13:02,957736
RELIANCE,2026-02-24,1820.0,0.0,0.0,0.0,0.0,0.0,0.0,1385.0,1385.0,1385.0,0.326,2026-01-28 09:13:02,1027241
RELIANCE,2026-02-24,1840.0,0.05,5500.0,0.0,436.0,65500.0,0.0,1385.0,1385.0,1385.0,0.326,2026-01-28 09:13:02,1097905
RVNL,2026-02-24,260.0,0.0,0.0,0.0,3.25,690825.0,0.0,328.4,328.4,328.4,1.389,2026-01-28 09:13:02,22028
RVNL,2026-02-24,270.0,48.5,1525.0,0.0,4.45,227225.0,0.0,328.4,328.4,328.4,1.389,2026-01-28 09:13:02,15142
RVNL,2026-02-24,280.0,37.55,3050.0,0.0,6.75,591700.0,0.0,328.4,328.4,328.4,1.389,2026-01-28 09:13:02,8616
RVNL,2026-02-24,285.0,0.0,0.0,0.0,7.35,91500.0,0.0,328.4,328.4,328.4,1.389,2026-01-28 09:13:02,5309
RVNL,2026-02-24,290.0,28.5,13725.0,0.0,8.7,416325.0,0.0,328.4,328.4,328.4,1.389,2026-01-28 09:13:02,2369
RVNL,2026-02-24,295.0,28.65,12200.0,0.0,10.1,128100.0,0.0,328.4,328.4,328.4,1.389,2026-01-28 09:13:02,-612
RVNL,2026-02-24,300.0,28.05,329400.0,0.0,12.0,983625.0,0.0,328.4,328.4,328.4,1.389,2026-01-28 09:13:02,-3294
RVNL,2026-02-24,305.0,24.5,99125.0,0.0,14.1,263825.0,0.0,328.4,328.4,328.4,1.389,2026-01-28 09:13:02,-5482
RVNL,2026-02-24,310.0,22.6,216550.0,0.0,16.65,427000.0,0.0,328.4,328.4,328.4,1.389,2026-01-28 09:13:02,-7361
RVNL,2026-02-24,315.0,19.8,247050.0,0.0,19.05,291275.0,0.0,328.4,328.4,328.4,1.389,2026-01-28 09:13:02,-9011
RVNL,2026-02-24,320.0,17.75,1037000.0,0.0,22.2,831125.0,0.0,328.4,328.4,328.4,1.389,2026-01-28 09:13:02,-10235
RVNL,2026-02-24,325.0,15.9,675575.0,0.0,24.85,282125.0,0.0,328.4,328.4,328.4,1.389,2026-01-28 09:13:02,-10465
RVNL,2026-02-24,330.0,14.4,1654625.0,0.0,27.6,739625.0,0.0,328.4,328.4,328.4,1.389,2026-01-28 09:13:02,-9838
RVNL,2026-02-24,335.0,12.45,523075.0,0.0,31.05,176900.0,0.0,328.4,328.4,328.4,1.389,2026-01-28 09:13:02,-8045
RVNL,2026-02-24,340.0,11.35,1419775.0,0.0,34.75,393450.0,0.0,328.4,328.4,328.4,1.389,2026-01-28 09:13:02,-6142
RVNL,2026-02-24,345.0,10.05,411750.0,0.0,38.05,56425.0,0.0,328.4,328.4,328.4,1.389,2026-01-28 09:13:02,-3190
RVNL,2026-02-24,350.0,8.9,2796850.0,0.0,42.4,300425.0,0.0,328.4,328.4,328.4,1.389,2026-01-28 09:13:02,-50
RVNL,2026-02-24,355.0,7.6,306525.0,0.0,38.05,3050.0,0.0,328.4,328.4,328.4,1.389,2026-01-28 09:13:02,5655
RVNL,2026-02-24,360.0,6.9,1239825.0,0.0,50.2,158600.0,0.0,328.4,328.4,328.4,1.389,2026-01-28 09:13:02,10522
RVNL,2026-02-24,365.0,6.1,51850.0,0.0,53.5,13725.0,0.0,328.4,328.4,328.4,1.389,2026-01-28 09:13:02,15925
RVNL,2026-02-24,370.0,5.3,770125.0,0.0,57.95,83875.0,0.0,328.4,328.4,328.4,1.389,2026-01-28 09:13:02,21261
RVNL,2026-02-24,375.0,5.0,111325.0,0.0,65.0,7625.0,0.0,328.4,328.4,328.4,1.389,2026-01-28 09:13:02,26987
RVNL,2026-02-24,380.0,4.2,721325.0,0.0,67.65,44225.0,0.0,328.4,328.4,328.4,1.389,2026-01-28 09:13:02,32857
RVNL,2026-02-24,385.0,3.8,61000.0,0.0,0.0,0.0,0.0,328.4,328.4,328.4,1.389,2026-01-28 09:13:02,39107
RVNL,2026-02-24,390.0,3.4,163175.0,0.0,82.45,33550.0,0.0,328.4,328.4,328.4,1.389,2026-01-28 09:13:02,45407
RVNL,2026-02-24,395.0,2.95,24400.0,0.0,0.0,0.0,0.0,328.4,328.4,328.4,1.389,2026-01-28 09:13:02,51561
RVNL,2026-02-24,400.0,2.65,1764425.0,0.0,94.0,67100.0,0.0,328.4,328.4,328.4,1.389,2026-01-28 09:13:02,57956
RVNL,2026-02-24,410.0,2.15,106750.0,0.0,101.3,27450.0,0.0,328.4,328.4,328.4,1.389,2026-01-28 09:13:02,72399
RVNL,2026-02-24,420.0,1.7,144875.0,0.0,111.6,21350.0,0.0,328.4,328.4,328.4,1.389,2026-01-28 09:13:02,86884
RVNL,2026-02-24,430.0,1.4,102175.0,0.0,0.0,0.0,0.0,328.4,328.4,328.4,1.389,2026-01-28 09:13:02,101578
RVNL,2026-02-24,440.0,1.15,420900.0,0.0,0.0,0.0,0.0,328.4,328.4,328.4,1.389,2026-01-28 09:13:02,116601
SAIL,2026-02-24,108.0,0.0,0.0,0.0,0.01,32900.0,0.0,157.0,157.0,157.0,0.926,2026-01-28 09:13:02,31758
SAIL,2026-02-24,112.0,0.0,0.0,0.0,0.01,0.0,0.0,157.0,157.0,157.0,0.926,2026-01-28 09:13:02,26609
SAIL,2026-02-24,114.0,0.0,0.0,0.0,0.02,4700.0,0.0,157.0,157.0,157.0,0.926,2026-01-28 09:13:02,24034
SAIL,2026-02-24,116.0,0.0,0.0,0.0,0.03,14100.0,0.0,157.0,157.0,157.0,0.926,2026-01-28 09:13:02,21461
SAIL,2026-02-24,120.0,0.0,0.0,0.0,0.44,136300.0,0.0,157.0,157.0,157.0,0.926,2026-01-28 09:13:02,16319
SAIL,2026-02-24,126.0,0.0,0.0,0.0,0.24,4700.0,0.0,157.0,157.0,157.0,0.926,2026-01-28 09:13:02,8682
SAIL,2026-02-24,128.0,0.0,0.0,0.0,0.33,9400.0,0.0,157.0,157.0,157.0,0.926,2026-01-28 09:13:02,6139
SAIL,2026-02-24,130.0,26.73,108100.0,0.0,0.89,2293600.0,0.0,157.0,157.0,157.0,0.926,2026-01-28 09:13:02,3598
SAIL,2026-02-24,132.0,0.0,0.0,0.0,0.0,0.0,0.0,157.0,157.0,157.0,0.926,2026-01-28 09:13:02,1622
SAIL,2026-02-24,133.0,0.0,0.0,0.0,0.0,0.0,0.0,157.0,157.0,157.0,0.926,2026-01-28 09:13:02,592
SAIL,2026-02-24,134.0,0.0,0.0,0.0,1.47,150400.0,0.0,157.0,157.0,157.0,0.926,2026-01-28 09:13:02,-437
SAIL,2026-02-24,135.0,20.0,47000.0,0.0,1.3,488800.0,0.0,157.0,157.0,157.0,0.926,2026-01-28 09:13:02,-1475
SAIL,2026-02-24,136.0,0.0,0.0,0.0,0.0,0.0,0.0,157.0,157.0,157.0,0.926,2026-01-28 09:13:02,-2406
SAIL,2026-02-24,137.0,20.38,4700.0,0.0,0.0,0.0,0.0,157.0,157.0,157.0,0.926,2026-01-28 09:13:02,-3367
SAIL,2026-02-24,138.0,0.0,0.0,0.0,1.7,4700.0,0.0,157.0,157.0,157.0,0.926,2026-01-28 09:13:02,-4319
SAIL,2026-02-24,139.0,0.0,0.0,0.0,1.51,4700.0,0.0,157.0,157.0,157.0,0.926,2026-01-28 09:13:02,-5280
SAIL,2026-02-24,140.0,18.99,841300.0,0.0,1.9,2218400.0,0.0,157.0,157.0,157.0,0.926,2026-01-28 09:13:02,-6241
SAIL,2026-02-24,141.0,17.11,4700.0,0.0,2.08,352500.0,0.0,157.0,157.0,157.0,0.926,2026-01-28 09:13:02,-5719
SAIL,2026-02-24,142.0,16.33,14100.0,0.0,2.31,94000.0,0.0,157.0,157.0,157.0,0.926,2026-01-28 09:13:02,-6403
SAIL,2026-02-24,143.0,15.57,4700.0,0.0,3.35,4700.0,0.0,157.0,157.0,157.0,0.926,2026-01-28 09:13:02,-7010
SAIL,2026-02-24,144.0,13.59,14100.0,0.0,5.07,65800.0,0.0,157.0,157.0,157.0,0.926,2026-01-28 09:13:02,-7611
SAIL,2026-02-24,145.0,15.19,648600.0,0.0,3.01,1099800.0,0.0,157.0,157.0,157.0,0.926,2026-01-28 09:13:02,-8224
SAIL,2026-02-24,146.0,13.4,9400.0,0.0,0.0,0.0,0.0,157.0,157.0,157.0,0.926,2026-01-28 09:13:02,-7993
SAIL,2026-02-24,147.0,12.72,32900.0,0.0,0.0,0.0,0.0,157.0,157.0,157.0,0.926,2026-01-28 09:13:02,-8404
SAIL,2026-02-24,148.0,9.23,65800.0,0.0,3.71,164500.0,0.0,157.0,157.0,157.0,0.926,2026-01-28 09:13:02,-8782
SAIL,2026-02-24,149.0,10.06,65800.0,0.0,5.57,23500.0,0.0,157.0,157.0,157.0,0.926,2026-01-28 09:13:02,-9179
SAIL,2026-02-24,150.0,11.39,2993900.0,0.0,4.44,1494600.0,0.0,157.0,157.0,157.0,0.926,2026-01-28 09:13:02,-9513
SAIL,2026-02-24,151.0,10.75,230300.0,0.0,4.89,65800.0,0.0,157.0,157.0,157.0,0.926,2026-01-28 09:13:02,-6706
SAIL,2026-02-24,152.0,9.78,446500.0,0.0,5.34,357200.0,0.0,157.0,157.0,157.0,0.926,2026-01-28 09:13:02,-6400
SAIL,2026-02-24,153.0,9.26,258500.0,0.0,5.7,225600.0,0.0,157.0,157.0,157.0,0.926,2026-01-28 09:13:02,-5983
SAIL,2026-02-24,154.0,9.19,277300.0,0.0,0.0,0.0,0.0,157.0,157.0,157.0,0.926,2026-01-28 09:13:02,-5652
SAIL,2026-02-24,155.0,8.39,3661300.0,0.0,6.52,2246600.0,0.0,157.0,157.0,157.0,0.926,2026-01-28 09:13:02,-5150
SAIL,2026-02-24,156.0,8.17,446500.0,0.0,6.65,253800.0,0.0,157.0,157.0,157.0,0.926,2026-01-28 09:13:02,-2705
SAIL,2026-02-24,157.0,0.0,0.0,0.0,0.0,0.0,0.0,157.0,157.0,157.0,0.926,2026-01-28 09:13:02,-1601
SAIL,2026-02-24,158.0,7.03,155100.0,0.0,0.0,0.0,0.0,157.0,157.0,157.0,0.926,2026-01-28 09:13:02,-693
SAIL,2026-02-24,159.0,6.52,61100.0,0.0,8.9,75200.0,0.0,157.0,157.0,157.0,0.926,2026-01-28 09:13:02,338
SAIL,2026-02-24,160.0,6.18,4436800.0,0.0,9.04,883600.0,0.0,157.0,157.0,157.0,0.926,2026-01-28 09:13:02,1249
SAIL,2026-02-24,161.0,4.62,4700.0,0.0,0.0,0.0,0.0,157.0,157.0,157.0,0.926,2026-01-28 09:13:02,4661
SAIL,2026-02-24,162.0,6.07,150400.0,0.0,0.0,0.0,0.0,157.0,157.0,157.0,0.926,2026-01-28 09:13:02,6133
SAIL,2026-02-24,163.0,5.66,75200.0,0.0,0.0,0.0,0.0,157.0,157.0,157.0,0.926,2026-01-28 09:13:02,7709
SAIL,2026-02-24,164.0,4.35,145700.0,0.0,0.0,0.0,0.0,157.0,157.0,157.0,0.926,2026-01-28 09:13:02,9244
SAIL,2026-02-24,165.0,4.4,733200.0,0.0,0.0,0.0,0.0,157.0,157.0,157.0,0.926,2026-01-28 09:13:02,10814
SAIL,2026-02-24,166.0,4.0,263200.0,0.0,0.0,0.0,0.0,157.0,157.0,157.0,0.926,2026-01-28 09:13:02,12717
SAIL,2026-02-24,167.0,2.82,9400.0,0.0,0.0,0.0,0.0,157.0,157.0,157.0,0.926,2026-01-28 09:13:02,14428
SAIL,2026-02-24,168.0,3.68,47000.0,0.0,0.0,0.0,0.0,157.0,157.0,157.0,0.926,2026-01-28 09:13:02,16038
SAIL,2026-02-24,169.0,0.0,0.0,0.0,0.0,0.0,0.0,157.0,157.0,157.0,0.926,2026-01-28 09:13:02,17668
SAIL,2026-02-24,170.0,3.03,1983400.0,0.0,20.25,23500.0,0.0,157.0,157.0,157.0,0.926,2026-01-28 09:13:02,19280
SAIL,2026-02-24,171.0,0.0,0.0,0.0,0.0,0.0,0.0,157.0,157.0,157.0,0.926,2026-01-28 09:13:02,21646
SAIL,2026-02-24,172.0,2.66,300800.0,0.0,0.0,0.0,0.0,157.0,157.0,157.0,0.926,2026-01-28 09:13:02,23459
SAIL,2026-02-24,173.0,0.0,0.0,0.0,0.0,0.0,0.0,157.0,157.0,157.0,0.926,2026-01-28 09:13:02,25382
SAIL,2026-02-24,174.0,2.52,61100.0,0.0,0.0,0.0,0.0,157.0,157.0,157.0,0.926,2026-01-28 09:13:02,27225
SAIL,2026-02-24,175.0,1.97,1118600.0,0.0,23.6,112800.0,0.0,157.0,157.0,157.0,0.926,2026-01-28 09:13:02,29089
SAIL,2026-02-24,176.0,0.0,0.0,0.0,0.0,0.0,0.0,157.0,157.0,157.0,0.926,2026-01-28 09:13:02,31015
SAIL,2026-02-24,177.0,0.0,0.0,0.0,0.0,0.0,0.0,157.0,157.0,157.0,0.926,2026-01-28 09:13:02,32987
SAIL,2026-02-24,178.0,0.0,0.0,0.0,0.0,0.0,0.0,157.0,157.0,157.0,0.926,2026-01-28 09:13:02,34959
SAMMAANCAP,2026-02-24,120.0,0.0,0.0,0.0,0.0,0.0,0.0,140.5,140.5,140.5,1.254,2026-01-28 09:13:02,87
SAMMAANCAP,2026-02-24,122.5,0.0,0.0,0.0,0.0,0.0,0.0,140.5,140.5,140.5,1.254,2026-01-28 09:13:02,72
SAMMAANCAP,2026-02-24,125.0,0.0,0.0,0.0,0.0,0.0,0.0,140.5,140.5,140.5,1.254,2026-01-28 09:13:02,57
SAMMAANCAP,2026-02-24,127.5,0.0,0.0,0.0,0.0,0.0,0.0,140.5,140.5,140.5,1.254,2026-01-28 09:13:02,42
SAMMAANCAP,2026-02-24,130.0,0.0,0.0,0.0,3.6,4300.0,0.0,140.5,140.5,140.5,1.254,2026-01-28 09:13:02,27
SAMMAANCAP,2026-02-24,132.5,0.0,0.0,0.0,0.0,0.0,0.0,140.5,140.5,140.5,1.254,2026-01-28 09:13:02,12
SAMMAANCAP,2026-02-24,135.0,0.0,0.0,0.0,0.0,0.0,0.0,140.5,140.5,140.5,1.254,2026-01-28 09:13:02,-1
SAMMAANCAP,2026-02-24,137.5,0.0,0.0,0.0,0.0,0.0,0.0,140.5,140.5,140.5,1.254,2026-01-28 09:13:02,-15
SAMMAANCAP,2026-02-24,140.0,5.3,103200.0,0.0,8.72,4300.0,0.0,140.5,140.5,140.5,1.254,2026-01-28 09:13:02,-29
SAMMAANCAP,2026-02-24,142.5,0.0,0.0,0.0,0.0,0.0,0.0,140.5,140.5,140.5,1.254,2026-01-28 09:13:02,34
SAMMAANCAP,2026-02-24,145.0,5.0,4300.0,0.0,11.64,8600.0,0.0,140.5,140.5,140.5,1.254,2026-01-28 09:13:02,46
SAMMAANCAP,2026-02-24,147.5,0.0,0.0,0.0,0.0,0.0,0.0,140.5,140.5,140.5,1.254,2026-01-28 09:13:02,55
SAMMAANCAP,2026-02-24,150.0,3.5,55900.0,0.0,14.99,12900.0,0.0,140.5,140.5,140.5,1.254,2026-01-28 09:13:02,71
SAMMAANCAP,2026-02-24,152.5,0.0,0.0,0.0,0.0,0.0,0.0,140.5,140.5,140.5,1.254,2026-01-28 09:13:02,104
SAMMAANCAP,2026-02-24,155.0,0.0,0.0,0.0,0.0,0.0,0.0,140.5,140.5,140.5,1.254,2026-01-28 09:13:02,138
SAMMAANCAP,2026-02-24,157.5,0.0,0.0,0.0,0.0,0.0,0.0,140.5,140.5,140.5,1.254,2026-01-28 09:13:02,171
SAMMAANCAP,2026-02-24,160.0,1.5,275200.0,0.0,22.74,17200.0,0.0,140.5,140.5,140.5,1.254,2026-01-28 09:13:02,204
SAMMAANCAP,2026-02-24,162.5,0.0,0.0,0.0,0.0,0.0,0.0,140.5,140.5,140.5,1.254,2026-01-28 09:13:02,313
SAMMAANCAP,2026-02-24,165.0,0.0,0.0,0.0,0.0,0.0,0.0,140.5,140.5,140.5,1.254,2026-01-28 09:13:02,419
SAMMAANCAP,2026-02-24,167.5,0.0,0.0,0.0,0.0,0.0,0.0,140.5,140.5,140.5,1.254,2026-01-28 09:13:02,526
SAMMAANCAP,2026-02-24,170.0,0.35,25800.0,0.0,32.0,12900.0,0.0,140.5,140.5,140.5,1.254,2026-01-28 09:13:02,632
SBICARD,2026-02-24,640.0,0.0,0.0,0.0,0.0,0.0,0.0,771.5,771.5,771.5,0.065,2026-01-28 09:13:02,26686
SBICARD,2026-02-24,660.0,113.0,800.0,0.0,2.25,2400.0,0.0,771.5,771.5,771.5,0.065,2026-01-28 09:13:02,22795
SBICARD,2026-02-24,680.0,95.0,0.0,0.0,3.3,68800.0,0.0,771.5,771.5,771.5,0.065,2026-01-28 09:13:02,18919
SBICARD,2026-02-24,690.0,0.0,0.0,0.0,4.65,800.0,0.0,771.5,771.5,771.5,0.065,2026-01-28 09:13:02,17022
SBICARD,2026-02-24,700.0,78.0,8000.0,0.0,5.3,168800.0,0.0,771.5,771.5,771.5,0.065,2026-01-28 09:13:02,15149
SBICARD,2026-02-24,710.0,0.0,0.0,0.0,6.55,3200.0,0.0,771.5,771.5,771.5,0.065,2026-01-28 09:13:02,13426
SBICARD,2026-02-24,720.0,67.7,800.0,0.0,8.35,58400.0,0.0,771.5,771.5,771.5,0.065,2026-01-28 09:13:02,11731
SBICARD,2026-02-24,730.0,0.0,0.0,0.0,10.4,16800.0,0.0,771.5,771.5,771.5,0.065,2026-01-28 09:13:02,10054
SBICARD,2026-02-24,740.0,0.0,0.0,0.0,12.9,40000.0,0.0,771.5,771.5,771.5,0.065,2026-01-28 09:13:02,8420
SBICARD,2026-02-24,750.0,42.25,24800.0,0.0,15.85,148000.0,0.0,771.5,771.5,771.5,0.065,2026-01-28 09:13:02,6792
SBICARD,2026-02-24,760.0,34.75,9600.0,0.0,19.35,192000.0,0.0,771.5,771.5,771.5,0.065,2026-01-28 09:13:02,5258
SBICARD,2026-02-24,770.0,29.75,22400.0,0.0,23.75,51200.0,0.0,771.5,771.5,771.5,0.065,2026-01-28 09:13:02,3717
SBICARD,2026-02-24,780.0,24.45,206400.0,0.0,28.05,181600.0,0.0,771.5,771.5,771.5,0.065,2026-01-28 09:13:02,2533
SBICARD,2026-02-24,790.0,19.95,174400.0,0.0,33.75,205600.0,0.0,771.5,771.5,771.5,0.065,2026-01-28 09:13:02,1788
SBICARD,2026-02-24,800.0,16.25,348000.0,0.0,39.75,303200.0,0.0,771.5,771.5,771.5,0.065,2026-01-28 09:13:02,1081
SBICARD,2026-02-24,810.0,13.05,63200.0,0.0,53.0,33600.0,0.0,771.5,771.5,771.5,0.065,2026-01-28 09:13:02,732
SBICARD,2026-02-24,820.0,10.5,84000.0,0.0,54.55,60000.0,0.0,771.5,771.5,771.5,0.065,2026-01-28 09:13:02,1023
SBICARD,2026-02-24,830.0,8.4,78400.0,0.0,61.8,18400.0,0.0,771.5,771.5,771.5,0.065,2026-01-28 09:13:02,1316
SBICARD,2026-02-24,840.0,6.6,92800.0,0.0,72.0,23200.0,0.0,771.5,771.5,771.5,0.065,2026-01-28 09:13:02,1896
SBICARD,2026-02-24,850.0,5.35,176000.0,0.0,78.0,114400.0,0.0,771.5,771.5,771.5,0.065,2026-01-28 09:13:02,2534
SBICARD,2026-02-24,860.0,4.25,88800.0,0.0,88.0,52800.0,0.0,771.5,771.5,771.5,0.065,2026-01-28 09:13:02,2770
SBICARD,2026-02-24,870.0,3.5,43200.0,0.0,104.75,13600.0,0.0,771.5,771.5,771.5,0.065,2026-01-28 09:13:02,3519
SBICARD,2026-02-24,880.0,2.9,65600.0,0.0,93.4,24800.0,0.0,771.5,771.5,771.5,0.065,2026-01-28 09:13:02,4625
SBICARD,2026-02-24,890.0,1.3,23200.0,0.0,116.2,800.0,0.0,771.5,771.5,771.5,0.065,2026-01-28 09:13:02,5735
SBICARD,2026-02-24,900.0,1.95,335200.0,0.0,125.0,104000.0,0.0,771.5,771.5,771.5,0.065,2026-01-28 09:13:02,7076
SBICARD,2026-02-24,910.0,1.65,22400.0,0.0,135.5,800.0,0.0,771.5,771.5,771.5,0.065,2026-01-28 09:13:02,7628
SBICARD,2026-02-24,920.0,2.8,12000.0,0.0,117.95,7200.0,0.0,771.5,771.5,771.5,0.065,2026-01-28 09:13:02,9430
SBICARD,2026-02-24,930.0,0.85,48000.0,0.0,0.0,0.0,0.0,771.5,771.5,771.5,0.065,2026-01-28 09:13:02,11178
SBICARD,2026-02-24,940.0,1.8,2400.0,0.0,88.15,1600.0,0.0,771.5,771.5,771.5,0.065,2026-01-28 09:13:02,13059
SBICARD,2026-02-24,950.0,1.05,96000.0,0.0,174.8,8800.0,0.0,771.5,771.5,771.5,0.065,2026-01-28 09:13:02,14926
SBICARD,2026-02-24,960.0,0.0,0.0,0.0,0.0,0.0,0.0,771.5,771.5,771.5,0.065,2026-01-28 09:13:02,16767
SBICARD,2026-02-24,970.0,0.1,19200.0,0.0,194.65,36000.0,0.0,771.5,771.5,771.5,0.065,2026-01-28 09:13:02,18753
SBICARD,2026-02-24,980.0,2.55,1600.0,0.0,204.5,2400.0,0.0,771.5,771.5,771.5,0.065,2026-01-28 09:13:02,20093
SBICARD,2026-02-24,990.0,0.55,6400.0,0.0,0.0,0.0,0.0,771.5,771.5,771.5,0.065,2026-01-28 09:13:02,22089
SBICARD,2026-02-24,1000.0,0.7,480800.0,0.0,223.0,1600.0,0.0,771.5,771.5,771.5,0.065,2026-01-28 09:13:02,24141
SBICARD,2026-02-24,1020.0,0.0,0.0,0.0,195.0,800.0,0.0,771.5,771.5,771.5,0.065,2026-01-28 09:13:02,29206
SBICARD,2026-02-24,1040.0,0.3,13600.0,0.0,270.65,0.0,0.0,771.5,771.5,771.5,0.065,2026-01-28 09:13:02,34259
SBILIFE,2026-02-24,1680.0,0.0,0.0,0.0,0.0,0.0,0.0,2046.9,2046.9,2046.9,0.427,2026-01-28 09:13:02,13837
SBILIFE,2026-02-24,1720.0,0.0,0.0,0.0,0.0,0.0,0.0,2046.9,2046.9,2046.9,0.427,2026-01-28 09:13:02,11629
SBILIFE,2026-02-24,1760.0,0.0,0.0,0.0,0.0,0.0,0.0,2046.9,2046.9,2046.9,0.427,2026-01-28 09:13:02,9421
SBILIFE,2026-02-24,1800.0,247.65,1500.0,0.0,4.95,27750.0,0.0,2046.9,2046.9,2046.9,0.427,2026-01-28 09:13:02,7213
SBILIFE,2026-02-24,1820.0,0.0,0.0,0.0,0.0,0.0,0.0,2046.9,2046.9,2046.9,0.427,2026-01-28 09:13:02,6191
SBILIFE,2026-02-24,1840.0,209.4,375.0,0.0,7.4,6375.0,0.0,2046.9,2046.9,2046.9,0.427,2026-01-28 09:13:02,5146
SBILIFE,2026-02-24,1860.0,188.0,375.0,0.0,0.0,0.0,0.0,2046.9,2046.9,2046.9,0.427,2026-01-28 09:13:02,4117
SBILIFE,2026-02-24,1880.0,0.0,0.0,0.0,5.85,375.0,0.0,2046.9,2046.9,2046.9,0.427,2026-01-28 09:13:02,3093
SBILIFE,2026-02-24,1900.0,162.0,4500.0,0.0,12.8,79500.0,0.0,2046.9,2046.9,2046.9,0.427,2026-01-28 09:13:02,2062
SBILIFE,2026-02-24,1920.0,0.0,0.0,0.0,16.05,2625.0,0.0,2046.9,2046.9,2046.9,0.427,2026-01-28 09:13:02,1170
SBILIFE,2026-02-24,1940.0,132.55,750.0,0.0,20.2,34125.0,0.0,2046.9,2046.9,2046.9,0.427,2026-01-28 09:13:02,309
SBILIFE,2026-02-24,1960.0,107.1,6000.0,0.0,23.2,37875.0,0.0,2046.9,2046.9,2046.9,0.427,2026-01-28 09:13:02,-536
SBILIFE,2026-02-24,1980.0,92.85,750.0,0.0,28.35,21000.0,0.0,2046.9,2046.9,2046.9,0.427,2026-01-28 09:13:02,-1260
SBILIFE,2026-02-24,2000.0,86.9,47625.0,0.0,33.7,166500.0,0.0,2046.9,2046.9,2046.9,0.427,2026-01-28 09:13:02,-1969
SBILIFE,2026-02-24,2020.0,74.35,77250.0,0.0,41.25,48375.0,0.0,2046.9,2046.9,2046.9,0.427,2026-01-28 09:13:02,-2344
SBILIFE,2026-02-24,2040.0,62.8,76875.0,0.0,49.7,49125.0,0.0,2046.9,2046.9,2046.9,0.427,2026-01-28 09:13:02,-1946
SBILIFE,2026-02-24,2060.0,53.45,84000.0,0.0,59.7,58875.0,0.0,2046.9,2046.9,2046.9,0.427,2026-01-28 09:13:02,-1432
SBILIFE,2026-02-24,2080.0,43.75,14625.0,0.0,71.45,1125.0,0.0,2046.9,2046.9,2046.9,0.427,2026-01-28 09:13:02,-773
SBILIFE,2026-02-24,2100.0,35.95,120375.0,0.0,83.0,9750.0,0.0,2046.9,2046.9,2046.9,0.427,2026-01-28 09:13:02,-125
SBILIFE,2026-02-24,2120.0,29.6,13875.0,0.0,0.0,0.0,0.0,2046.9,2046.9,2046.9,0.427,2026-01-28 09:13:02,1079
SBILIFE,2026-02-24,2140.0,24.15,18375.0,0.0,122.6,6000.0,0.0,2046.9,2046.9,2046.9,0.427,2026-01-28 09:13:02,2000
SBILIFE,2026-02-24,2160.0,19.45,28125.0,0.0,0.0,0.0,0.0,2046.9,2046.9,2046.9,0.427,2026-01-28 09:13:02,2900
SBILIFE,2026-02-24,2180.0,13.35,5250.0,0.0,0.0,0.0,0.0,2046.9,2046.9,2046.9,0.427,2026-01-28 09:13:02,3940
SBILIFE,2026-02-24,2200.0,12.25,52125.0,0.0,0.0,0.0,0.0,2046.9,2046.9,2046.9,0.427,2026-01-28 09:13:02,4943
SBILIFE,2026-02-24,2220.0,9.85,16125.0,0.0,0.0,0.0,0.0,2046.9,2046.9,2046.9,0.427,2026-01-28 09:13:02,6108
SBILIFE,2026-02-24,2240.0,5.55,9375.0,0.0,0.0,0.0,0.0,2046.9,2046.9,2046.9,0.427,2026-01-28 09:13:02,7256
SBILIFE,2026-02-24,2260.0,6.5,9375.0,0.0,0.0,0.0,0.0,2046.9,2046.9,2046.9,0.427,2026-01-28 09:13:02,8412
SBILIFE,2026-02-24,2280.0,3.0,3750.0,0.0,234.35,0.0,0.0,2046.9,2046.9,2046.9,0.427,2026-01-28 09:13:02,9588
SBILIFE,2026-02-24,2300.0,4.3,16125.0,0.0,0.0,0.0,0.0,2046.9,2046.9,2046.9,0.427,2026-01-28 09:13:02,10767
SBILIFE,2026-02-24,2320.0,1.6,7125.0,0.0,272.75,2625.0,0.0,2046.9,2046.9,2046.9,0.427,2026-01-28 09:13:02,11984
SBILIFE,2026-02-24,2360.0,1.3,5250.0,0.0,0.0,0.0,0.0,2046.9,2046.9,2046.9,0.427,2026-01-28 09:13:02,14372
SBILIFE,2026-02-24,2400.0,2.1,3000.0,0.0,0.0,0.0,0.0,2046.9,2046.9,2046.9,0.427,2026-01-28 09:13:02,16852
SBIN,2026-02-24,840.0,0.0,0.0,0.0,1.2,38250.0,0.0,1059.4,1059.4,1059.4,0.593,2026-01-28 09:13:02,215693
SBIN,2026-02-24,860.0,196.75,46500.0,0.0,0.05,0.0,0.0,1059.4,1059.4,1059.4,0.593,2026-01-28 09:13:02,184722
SBIN,2026-02-24,870.0,173.4,8250.0,0.0,1.2,21000.0,0.0,1059.4,1059.4,1059.4,0.593,2026-01-28 09:13:02,170201
SBIN,2026-02-24,880.0,173.75,9750.0,0.0,1.4,30750.0,0.0,1059.4,1059.4,1059.4,0.593,2026-01-28 09:13:02,154934
SBIN,2026-02-24,890.0,167.35,19500.0,0.0,1.55,28500.0,0.0,1059.4,1059.4,1059.4,0.593,2026-01-28 09:13:02,139732
SBIN,2026-02-24,900.0,157.0,252000.0,0.0,1.8,289500.0,0.0,1059.4,1059.4,1059.4,0.593,2026-01-28 09:13:02,124736
SBIN,2026-02-24,910.0,133.45,9750.0,0.0,2.1,51750.0,0.0,1059.4,1059.4,1059.4,0.593,2026-01-28 09:13:02,113863
SBIN,2026-02-24,920.0,127.5,33000.0,0.0,2.45,76500.0,0.0,1059.4,1059.4,1059.4,0.593,2026-01-28 09:13:02,99266
SBIN,2026-02-24,925.0,0.0,0.0,0.0,2.6,39750.0,0.0,1059.4,1059.4,1059.4,0.593,2026-01-28 09:13:02,92365
SBIN,2026-02-24,930.0,120.0,9750.0,0.0,2.9,136500.0,0.0,1059.4,1059.4,1059.4,0.593,2026-01-28 09:13:02,85071
SBIN,2026-02-24,935.0,0.0,0.0,0.0,3.6,48750.0,0.0,1059.4,1059.4,1059.4,0.593,2026-01-28 09:13:02,77939
SBIN,2026-02-24,940.0,118.55,7500.0,0.0,3.45,183750.0,0.0,1059.4,1059.4,1059.4,0.593,2026-01-28 09:13:02,70735
SBIN,2026-02-24,945.0,0.0,0.0,0.0,3.75,61500.0,0.0,1059.4,1059.4,1059.4,0.593,2026-01-28 09:13:02,63671
SBIN,2026-02-24,950.0,111.6,98250.0,0.0,4.15,785250.0,0.0,1059.4,1059.4,1059.4,0.593,2026-01-28 09:13:02,56588
SBIN,2026-02-24,955.0,104.4,750.0,0.0,4.5,174000.0,0.0,1059.4,1059.4,1059.4,0.593,2026-01-28 09:13:02,50741
SBIN,2026-02-24,960.0,102.1,70500.0,0.0,4.95,367500.0,0.0,1059.4,1059.4,1059.4,0.593,2026-01-28 09:13:02,44141
SBIN,2026-02-24,965.0,95.25,11250.0,0.0,5.5,138000.0,0.0,1059.4,1059.4,1059.4,0.593,2026-01-28 09:13:02,38367
SBIN,2026-02-24,970.0,93.35,122250.0,0.0,5.9,499500.0,0.0,1059.4,1059.4,1059.4,0.593,2026-01-28 09:13:02,32162
SBIN,2026-02-24,975.0,86.35,750.0,0.0,6.5,48750.0,0.0,1059.4,1059.4,1059.4,0.593,2026-01-28 09:13:02,27083
SBIN,2026-02-24,980.0,84.0,200250.0,0.0,7.15,1140750.0,0.0,1059.4,1059.4,1059.4,0.593,2026-01-28 09:13:02,21156
SBIN,2026-02-24,985.0,77.75,0.0,0.0,7.95,75000.0,0.0,1059.4,1059.4,1059.4,0.593,2026-01-28 09:13:02,16792
SBIN,2026-02-24,990.0,76.45,160500.0,0.0,8.65,1068000.0,0.0,1059.4,1059.4,1059.4,0.593,2026-01-28 09:13:02,11540
SBIN,2026-02-24,995.0,65.95,10500.0,0.0,9.65,93750.0,0.0,1059.4,1059.4,1059.4,0.593,2026-01-28 09:13:02,7264
SBIN,2026-02-24,1000.0,68.05,740250.0,0.0,10.55,1911000.0,0.0,1059.4,1059.4,1059.4,0.593,2026-01-28 09:13:02,2716
SBIN,2026-02-24,1005.0,64.5,29250.0,0.0,11.75,146250.0,0.0,1059.4,1059.4,1059.4,0.593,2026-01-28 09:13:02,2537
SBIN,2026-02-24,1010.0,60.75,80250.0,0.0,12.85,407250.0,0.0,1059.4,1059.4,1059.4,0.593,2026-01-28 09:13:02,-559
SBIN,2026-02-24,1015.0,57.3,47250.0,0.0,14.2,179250.0,0.0,1059.4,1059.4,1059.4,0.593,2026-01-28 09:13:02,-3464
SBIN,2026-02-24,1020.0,53.85,418500.0,0.0,15.65,2343000.0,0.0,1059.4,1059.4,1059.4,0.593,2026-01-28 09:13:02,-6204
SBIN,2026-02-24,1025.0,50.95,165750.0,0.0,17.15,371250.0,0.0,1059.4,1059.4,1059.4,0.593,2026-01-28 09:13:02,-8993
SBIN,2026-02-24,1030.0,46.9,412500.0,0.0,18.75,1020000.0,0.0,1059.4,1059.4,1059.4,0.593,2026-01-28 09:13:02,-9892
SBIN,2026-02-24,1035.0,43.6,197250.0,0.0,20.5,299250.0,0.0,1059.4,1059.4,1059.4,0.593,2026-01-28 09:13:02,-10261
SBIN,2026-02-24,1040.0,40.65,693000.0,0.0,22.4,563250.0,0.0,1059.4,1059.4,1059.4,0.593,2026-01-28 09:13:02,-10157
SBIN,2026-02-24,1045.0,37.65,212250.0,0.0,24.45,331500.0,0.0,1059.4,1059.4,1059.4,0.593,2026-01-28 09:13:02,-8116
SBIN,2026-02-24,1050.0,34.85,1298250.0,0.0,26.6,1090500.0,0.0,1059.4,1059.4,1059.4,0.593,2026-01-28 09:13:02,-7370
SBIN,2026-02-24,1055.0,32.25,381000.0,0.0,28.95,219000.0,0.0,1059.4,1059.4,1059.4,0.593,2026-01-28 09:13:02,-3794
SBIN,2026-02-24,1060.0,29.75,652500.0,0.0,31.3,333000.0,0.0,1059.4,1059.4,1059.4,0.593,2026-01-28 09:13:02,-947
SBIN,2026-02-24,1065.0,27.2,139500.0,0.0,33.6,71250.0,0.0,1059.4,1059.4,1059.4,0.593,2026-01-28 09:13:02,2695
SBIN,2026-02-24,1070.0,25.15,464250.0,0.0,36.6,82500.0,0.0,1059.4,1059.4,1059.4,0.593,2026-01-28 09:13:02,5685
SBIN,2026-02-24,1075.0,23.15,136500.0,0.0,39.3,39750.0,0.0,1059.4,1059.4,1059.4,0.593,2026-01-28 09:13:02,9674
SBIN,2026-02-24,1080.0,21.2,528000.0,0.0,42.3,98250.0,0.0,1059.4,1059.4,1059.4,0.593,2026-01-28 09:13:02,13045
SBIN,2026-02-24,1085.0,19.2,224250.0,0.0,0.0,0.0,0.0,1059.4,1059.4,1059.4,0.593,2026-01-28 09:13:02,17274
SBIN,2026-02-24,1090.0,17.5,196500.0,0.0,54.75,3000.0,0.0,1059.4,1059.4,1059.4,0.593,2026-01-28 09:13:02,21341
SBIN,2026-02-24,1095.0,16.05,57000.0,0.0,0.0,0.0,0.0,1059.4,1059.4,1059.4,0.593,2026-01-28 09:13:02,25405
SBIN,2026-02-24,1100.0,14.55,1776750.0,0.0,56.0,467250.0,0.0,1059.4,1059.4,1059.4,0.593,2026-01-28 09:13:02,29262
SBIN,2026-02-24,1105.0,13.2,114000.0,0.0,0.0,0.0,0.0,1059.4,1059.4,1059.4,0.593,2026-01-28 09:13:02,34117
SBIN,2026-02-24,1110.0,12.1,264000.0,0.0,70.0,750.0,0.0,1059.4,1059.4,1059.4,0.593,2026-01-28 09:13:02,39212
SBIN,2026-02-24,1115.0,0.0,0.0,0.0,0.0,0.0,0.0,1059.4,1059.4,1059.4,0.593,2026-01-28 09:13:02,44602
SBIN,2026-02-24,1120.0,10.05,618000.0,0.0,70.4,42000.0,0.0,1059.4,1059.4,1059.4,0.593,2026-01-28 09:13:02,49679
SBIN,2026-02-24,1130.0,8.15,325500.0,0.0,0.0,0.0,0.0,1059.4,1059.4,1059.4,0.593,2026-01-28 09:13:02,60817
SBIN,2026-02-24,1140.0,6.75,384000.0,0.0,102.45,1500.0,0.0,1059.4,1059.4,1059.4,0.593,2026-01-28 09:13:02,72220
SBIN,2026-02-24,1150.0,5.6,525750.0,0.0,96.6,99000.0,0.0,1059.4,1059.4,1059.4,0.593,2026-01-28 09:13:02,83988
SBIN,2026-02-24,1160.0,4.6,298500.0,0.0,105.0,4500.0,0.0,1059.4,1059.4,1059.4,0.593,2026-01-28 09:13:02,95474
SBIN,2026-02-24,1170.0,3.85,249750.0,0.0,0.0,0.0,0.0,1059.4,1059.4,1059.4,0.593,2026-01-28 09:13:02,108016
SHREECEM,2026-02-24,22500.0,0.0,0.0,0.0,0.0,0.0,0.0,27200.0,27200.0,27200.0,-0.073,2026-01-28 09:13:02,4767
SHREECEM,2026-02-24,23000.0,0.0,0.0,0.0,0.0,0.0,0.0,27200.0,27200.0,27200.0,-0.073,2026-01-28 09:13:02,4167
SHREECEM,2026-02-24,23500.0,0.0,0.0,0.0,0.0,0.0,0.0,27200.0,27200.0,27200.0,-0.073,2026-01-28 09:13:02,3567
SHREECEM,2026-02-24,23750.0,0.0,0.0,0.0,0.0,0.0,0.0,27200.0,27200.0,27200.0,-0.073,2026-01-28 09:13:02,3267
SHREECEM,2026-02-24,24000.0,0.0,0.0,0.0,0.0,0.0,0.0,27200.0,27200.0,27200.0,-0.073,2026-01-28 09:13:02,2967
SHREECEM,2026-02-24,24250.0,0.0,0.0,0.0,0.0,0.0,0.0,27200.0,27200.0,27200.0,-0.073,2026-01-28 09:13:02,2667
SHREECEM,2026-02-24,24500.0,0.0,0.0,0.0,0.0,0.0,0.0,27200.0,27200.0,27200.0,-0.073,2026-01-28 09:13:02,2367
SHREECEM,2026-02-24,24750.0,0.0,0.0,0.0,50.0,250.0,0.0,27200.0,27200.0,27200.0,-0.073,2026-01-28 09:13:02,2067
SHREECEM,2026-02-24,25000.0,0.0,0.0,0.0,110.0,275.0,0.0,27200.0,27200.0,27200.0,-0.073,2026-01-28 09:13:02,1772
SHREECEM,2026-02-24,25250.0,0.0,0.0,0.0,0.0,0.0,0.0,27200.0,27200.0,27200.0,-0.073,2026-01-28 09:13:02,1482
SHREECEM,2026-02-24,25500.0,0.0,0.0,0.0,131.15,250.0,0.0,27200.0,27200.0,27200.0,-0.073,2026-01-28 09:13:02,1195
SHREECEM,2026-02-24,25750.0,0.0,0.0,0.0,300.0,725.0,0.0,27200.0,27200.0,27200.0,-0.073,2026-01-28 09:13:02,911
SHREECEM,2026-02-24,26000.0,0.0,0.0,0.0,366.05,800.0,0.0,27200.0,27200.0,27200.0,-0.073,2026-01-28 09:13:02,627
SHREECEM,2026-02-24,26250.0,0.0,0.0,0.0,397.8,175.0,0.0,27200.0,27200.0,27200.0,-0.073,2026-01-28 09:13:02,355
SHREECEM,2026-02-24,26500.0,1207.3,175.0,0.0,447.85,950.0,0.0,27200.0,27200.0,27200.0,-0.073,2026-01-28 09:13:02,110
SHREECEM,2026-02-24,26750.0,0.0,0.0,0.0,525.9,125.0,0.0,27200.0,27200.0,27200.0,-0.073,2026-01-28 09:13:02,-121
SHREECEM,2026-02-24,27000.0,946.8,1425.0,0.0,693.15,2750.0,0.0,27200.0,27200.0,27200.0,-0.073,2026-01-28 09:13:02,-334
SHREECEM,2026-02-24,27250.0,1091.85,600.0,0.0,784.35,150.0,0.0,27200.0,27200.0,27200.0,-0.073,2026-01-28 09:13:02,-492
SHREECEM,2026-02-24,27500.0,714.05,3000.0,0.0,934.7,3725.0,0.0,27200.0,27200.0,27200.0,-0.073,2026-01-28 09:13:02,-522
SHREECEM,2026-02-24,27750.0,595.05,150.0,0.0,977.05,575.0,0.0,27200.0,27200.0,27200.0,-0.073,2026-01-28 09:13:02,-572
SHREECEM,2026-02-24,28000.0,514.4,2250.0,0.0,1099.85,1025.0,0.0,27200.0,27200.0,27200.0,-0.073,2026-01-28 09:13:02,-517
SHREECEM,2026-02-24,28250.0,419.4,25.0,0.0,0.0,0.0,0.0,27200.0,27200.0,27200.0,-0.073,2026-01-28 09:13:02,-329
SHREECEM,2026-02-24,28500.0,430.4,125.0,0.0,1447.9,25.0,0.0,27200.0,27200.0,27200.0,-0.073,2026-01-28 09:13:02,-143
SHREECEM,2026-02-24,28750.0,295.8,75.0,0.0,0.0,0.0,0.0,27200.0,27200.0,27200.0,-0.073,2026-01-28 09:13:02,46
SHREECEM,2026-02-24,29000.0,279.0,1775.0,0.0,1838.65,25.0,0.0,27200.0,27200.0,27200.0,-0.073,2026-01-28 09:13:02,239
SHREECEM,2026-02-24,29250.0,0.0,0.0,0.0,0.0,0.0,0.0,27200.0,27200.0,27200.0,-0.073,2026-01-28 09:13:02,520
SHREECEM,2026-02-24,29500.0,238.05,475.0,0.0,0.0,0.0,0.0,27200.0,27200.0,27200.0,-0.073,2026-01-28 09:13:02,755
SHREECEM,2026-02-24,29750.0,91.25,250.0,0.0,0.0,0.0,0.0,27200.0,27200.0,27200.0,-0.073,2026-01-28 09:13:02,1014
SHREECEM,2026-02-24,30000.0,119.3,700.0,0.0,2667.95,150.0,0.0,27200.0,27200.0,27200.0,-0.073,2026-01-28 09:13:02,1270
SHREECEM,2026-02-24,30250.0,52.95,175.0,0.0,0.0,0.0,0.0,27200.0,27200.0,27200.0,-0.073,2026-01-28 09:13:02,1514
SHREECEM,2026-02-24,30500.0,0.0,0.0,0.0,3179.9,0.0,0.0,27200.0,27200.0,27200.0,-0.073,2026-01-28 09:13:02,1794
SHREECEM,2026-02-24,31000.0,69.0,1050.0,0.0,3659.65,25.0,0.0,27200.0,27200.0,27200.0,-0.073,2026-01-28 09:13:02,2353
SHREECEM,2026-02-24,31500.0,11.45,350.0,0.0,0.0,0.0,0.0,27200.0,27200.0,27200.0,-0.073,2026-01-28 09:13:02,2963
SHREECEM,2026-02-24,32000.0,0.0,0.0,0.0,0.0,0.0,0.0,27200.0,27200.0,27200.0,-0.073,2026-01-28 09:13:02,3594
SHRIRAMFIN,2026-02-24,800.0,0.0,0.0,0.0,2.0,28875.0,0.0,1002.0,1002.0,1002.0,0.095,2026-01-28 09:13:02,41218
SHRIRAMFIN,2026-02-24,820.0,0.0,0.0,0.0,1.95,55275.0,0.0,1002.0,1002.0,1002.0,0.095,2026-01-28 09:13:02,33606
SHRIRAMFIN,2026-02-24,840.0,0.0,0.0,0.0,2.55,94050.0,0.0,1002.0,1002.0,1002.0,0.095,2026-01-28 09:13:02,26099
SHRIRAMFIN,2026-02-24,860.0,136.5,33825.0,0.0,3.35,46200.0,0.0,1002.0,1002.0,1002.0,0.095,2026-01-28 09:13:02,18767
SHRIRAMFIN,2026-02-24,880.0,120.0,825.0,0.0,4.95,111375.0,0.0,1002.0,1002.0,1002.0,0.095,2026-01-28 09:13:02,12066
SHRIRAMFIN,2026-02-24,890.0,117.75,1650.0,0.0,5.8,47025.0,0.0,1002.0,1002.0,1002.0,0.095,2026-01-28 09:13:02,8559
SHRIRAMFIN,2026-02-24,900.0,105.35,106425.0,0.0,7.0,430650.0,0.0,1002.0,1002.0,1002.0,0.095,2026-01-28 09:13:02,5138
SHRIRAMFIN,2026-02-24,910.0,100.75,1650.0,0.0,8.35,51975.0,0.0,1002.0,1002.0,1002.0,0.095,2026-01-28 09:13:02,3082
SHRIRAMFIN,2026-02-24,920.0,84.7,26400.0,0.0,9.85,186450.0,0.0,1002.0,1002.0,1002.0,0.095,2026-01-28 09:13:02,232
SHRIRAMFIN,2026-02-24,930.0,89.05,3300.0,0.0,11.85,114675.0,0.0,1002.0,1002.0,1002.0,0.095,2026-01-28 09:13:02,-2336
SHRIRAMFIN,2026-02-24,940.0,76.2,6600.0,0.0,14.15,427350.0,0.0,1002.0,1002.0,1002.0,0.095,2026-01-28 09:13:02,-4934
SHRIRAMFIN,2026-02-24,950.0,73.3,59400.0,0.0,16.75,361350.0,0.0,1002.0,1002.0,1002.0,0.095,2026-01-28 09:13:02,-7546
SHRIRAMFIN,2026-02-24,960.0,66.35,48675.0,0.0,19.45,160875.0,0.0,1002.0,1002.0,1002.0,0.095,2026-01-28 09:13:02,-9353
SHRIRAMFIN,2026-02-24,970.0,59.35,61875.0,0.0,22.6,128700.0,0.0,1002.0,1002.0,1002.0,0.095,2026-01-28 09:13:02,-10770
SHRIRAMFIN,2026-02-24,980.0,52.9,129525.0,0.0,25.95,204600.0,0.0,1002.0,1002.0,1002.0,0.095,2026-01-28 09:13:02,-11930
SHRIRAMFIN,2026-02-24,990.0,46.9,145200.0,0.0,30.05,193875.0,0.0,1002.0,1002.0,1002.0,0.095,2026-01-28 09:13:02,-12678
SHRIRAMFIN,2026-02-24,1000.0,41.6,1312575.0,0.0,34.8,633600.0,0.0,1002.0,1002.0,1002.0,0.095,2026-01-28 09:13:02,-13144
SHRIRAMFIN,2026-02-24,1010.0,36.5,385275.0,0.0,39.8,175725.0,0.0,1002.0,1002.0,1002.0,0.095,2026-01-28 09:13:02,-8505
SHRIRAMFIN,2026-02-24,1020.0,31.75,638550.0,0.0,44.9,201300.0,0.0,1002.0,1002.0,1002.0,0.095,2026-01-28 09:13:02,-5855
SHRIRAMFIN,2026-02-24,1030.0,27.5,197175.0,0.0,50.75,71775.0,0.0,1002.0,1002.0,1002.0,0.095,2026-01-28 09:13:02,-1948
SHRIRAMFIN,2026-02-24,1040.0,23.45,334125.0,0.0,55.85,46200.0,0.0,1002.0,1002.0,1002.0,0.095,2026-01-28 09:13:02,1282
SHRIRAMFIN,2026-02-24,1050.0,20.0,382800.0,0.0,62.5,38775.0,0.0,1002.0,1002.0,1002.0,0.095,2026-01-28 09:13:02,5240
SHRIRAMFIN,2026-02-24,1060.0,16.9,885225.0,0.0,78.4,825.0,0.0,1002.0,1002.0,1002.0,0.095,2026-01-28 09:13:02,9618
SHRIRAMFIN,2026-02-24,1070.0,14.1,97350.0,0.0,0.0,0.0,0.0,1002.0,1002.0,1002.0,0.095,2026-01-28 09:13:02,15848
SHRIRAMFIN,2026-02-24,1080.0,12.1,240900.0,0.0,0.0,0.0,0.0,1002.0,1002.0,1002.0,0.095,2026-01-28 09:13:02,20823
SHRIRAMFIN,2026-02-24,1090.0,9.95,49500.0,0.0,0.0,0.0,0.0,1002.0,1002.0,1002.0,0.095,2026-01-28 09:13:02,26193
SHRIRAMFIN,2026-02-24,1100.0,8.55,567600.0,0.0,100.0,4950.0,0.0,1002.0,1002.0,1002.0,0.095,2026-01-28 09:13:02,31370
SHRIRAMFIN,2026-02-24,1110.0,7.15,130350.0,0.0,0.0,0.0,0.0,1002.0,1002.0,1002.0,0.095,2026-01-28 09:13:02,37507
SHRIRAMFIN,2026-02-24,1120.0,6.0,235950.0,0.0,122.05,825.0,0.0,1002.0,1002.0,1002.0,0.095,2026-01-28 09:13:02,43431
SHRIRAMFIN,2026-02-24,1140.0,4.3,268125.0,0.0,140.0,14850.0,0.0,1002.0,1002.0,1002.0,0.095,2026-01-28 09:13:02,55698
SIEMENS,2026-02-24,2300.0,0.0,0.0,0.0,6.05,875.0,0.0,2891.0,2891.0,2891.0,-0.104,2026-01-28 09:13:02,10170
SIEMENS,2026-02-24,2400.0,0.0,0.0,0.0,10.85,2275.0,0.0,2891.0,2891.0,2891.0,-0.104,2026-01-28 09:13:02,8288
SIEMENS,2026-02-24,2500.0,416.05,525.0,0.0,11.05,4025.0,0.0,2891.0,2891.0,2891.0,-0.104,2026-01-28 09:13:02,6427
SIEMENS,2026-02-24,2550.0,0.0,0.0,0.0,13.3,1575.0,0.0,2891.0,2891.0,2891.0,-0.104,2026-01-28 09:13:02,5538
SIEMENS,2026-02-24,2600.0,0.0,0.0,0.0,18.3,7525.0,0.0,2891.0,2891.0,2891.0,-0.104,2026-01-28 09:13:02,4637
SIEMENS,2026-02-24,2650.0,0.0,0.0,0.0,24.3,2450.0,0.0,2891.0,2891.0,2891.0,-0.104,2026-01-28 09:13:02,3762
SIEMENS,2026-02-24,2700.0,243.55,1225.0,0.0,32.5,12775.0,0.0,2891.0,2891.0,2891.0,-0.104,2026-01-28 09:13:02,2907
SIEMENS,2026-02-24,2750.0,0.0,0.0,0.0,44.75,2625.0,0.0,2891.0,2891.0,2891.0,-0.104,2026-01-28 09:13:02,2117
SIEMENS,2026-02-24,2800.0,166.9,2800.0,0.0,58.35,32725.0,0.0,2891.0,2891.0,2891.0,-0.104,2026-01-28 09:13:02,1340
SIEMENS,2026-02-24,2850.0,135.65,5600.0,0.0,76.4,7350.0,0.0,2891.0,2891.0,2891.0,-0.104,2026-01-28 09:13:02,607
SIEMENS,2026-02-24,2900.0,110.0,26950.0,0.0,98.85,23100.0,0.0,2891.0,2891.0,2891.0,-0.104,2026-01-28 09:13:02,104
SIEMENS,2026-02-24,2950.0,86.15,14700.0,0.0,123.15,9625.0,0.0,2891.0,2891.0,2891.0,-0.104,2026-01-28 09:13:02,-100
SIEMENS,2026-02-24,3000.0,66.95,78925.0,0.0,156.3,46375.0,0.0,2891.0,2891.0,2891.0,-0.104,2026-01-28 09:13:02,-243
SIEMENS,2026-02-24,3050.0,51.55,3675.0,0.0,205.25,1575.0,0.0,2891.0,2891.0,2891.0,-0.104,2026-01-28 09:13:02,35
SIEMENS,2026-02-24,3100.0,38.55,20300.0,0.0,226.05,15575.0,0.0,2891.0,2891.0,2891.0,-0.104,2026-01-28 09:13:02,523
SIEMENS,2026-02-24,3150.0,38.4,525.0,0.0,285.55,700.0,0.0,2891.0,2891.0,2891.0,-0.104,2026-01-28 09:13:02,929
SIEMENS,2026-02-24,3200.0,21.7,88550.0,0.0,305.0,7175.0,0.0,2891.0,2891.0,2891.0,-0.104,2026-01-28 09:13:02,1598
SIEMENS,2026-02-24,3250.0,0.0,0.0,0.0,0.0,0.0,0.0,2891.0,2891.0,2891.0,-0.104,2026-01-28 09:13:02,2737
SIEMENS,2026-02-24,3300.0,12.8,13825.0,0.0,425.0,6475.0,0.0,2891.0,2891.0,2891.0,-0.104,2026-01-28 09:13:02,3903
SIEMENS,2026-02-24,3350.0,8.75,3850.0,0.0,0.0,0.0,0.0,2891.0,2891.0,2891.0,-0.104,2026-01-28 09:13:02,4912
SIEMENS,2026-02-24,3400.0,8.0,7525.0,0.0,0.0,0.0,0.0,2891.0,2891.0,2891.0,-0.104,2026-01-28 09:13:02,6202
SIEMENS,2026-02-24,3450.0,6.4,175.0,0.0,0.0,0.0,0.0,2891.0,2891.0,2891.0,-0.104,2026-01-28 09:13:02,7532
SIEMENS,2026-02-24,3500.0,9.0,175.0,0.0,600.0,2800.0,0.0,2891.0,2891.0,2891.0,-0.104,2026-01-28 09:13:02,8857
SIEMENS,2026-02-24,3600.0,4.0,1400.0,0.0,700.0,1400.0,0.0,2891.0,2891.0,2891.0,-0.104,2026-01-28 09:13:02,11368
SIEMENS,2026-02-24,3700.0,5.0,2625.0,0.0,0.0,0.0,0.0,2891.0,2891.0,2891.0,-0.104,2026-01-28 09:13:02,13978
SOLARINDS,2026-02-24,10400.0,0.0,0.0,0.0,40.35,1100.0,0.0,12803.0,12803.0,12803.0,0.29,2026-01-28 09:13:02,17092
SOLARINDS,2026-02-24,10600.0,2234.25,50.0,0.0,50.0,400.0,0.0,12803.0,12803.0,12803.0,0.29,2026-01-28 09:13:02,15534
SOLARINDS,2026-02-24,10800.0,0.0,0.0,0.0,55.55,150.0,0.0,12803.0,12803.0,12803.0,0.29,2026-01-28 09:13:02,13998
SOLARINDS,2026-02-24,11000.0,1730.0,1200.0,0.0,50.25,1750.0,0.0,12803.0,12803.0,12803.0,0.29,2026-01-28 09:13:02,12455
SOLARINDS,2026-02-24,11100.0,0.0,0.0,0.0,88.45,500.0,0.0,12803.0,12803.0,12803.0,0.29,2026-01-28 09:13:02,11913
SOLARINDS,2026-02-24,11200.0,0.0,0.0,0.0,97.2,100.0,0.0,12803.0,12803.0,12803.0,0.29,2026-01-28 09:13:02,11172
SOLARINDS,2026-02-24,11300.0,0.0,0.0,0.0,96.95,500.0,0.0,12803.0,12803.0,12803.0,0.29,2026-01-28 09:13:02,10435
SOLARINDS,2026-02-24,11400.0,0.0,0.0,0.0,91.05,100.0,0.0,12803.0,12803.0,12803.0,0.29,2026-01-28 09:13:02,9700
SOLARINDS,2026-02-24,11500.0,1320.0,300.0,0.0,125.0,2000.0,0.0,12803.0,12803.0,12803.0,0.29,2026-01-28 09:13:02,8969
SOLARINDS,2026-02-24,11600.0,0.0,0.0,0.0,124.9,450.0,0.0,12803.0,12803.0,12803.0,0.29,2026-01-28 09:13:02,8278
SOLARINDS,2026-02-24,11700.0,0.0,0.0,0.0,145.0,1450.0,0.0,12803.0,12803.0,12803.0,0.29,2026-01-28 09:13:02,7570
SOLARINDS,2026-02-24,11800.0,0.0,0.0,0.0,167.35,200.0,0.0,12803.0,12803.0,12803.0,0.29,2026-01-28 09:13:02,6861
SOLARINDS,2026-02-24,11900.0,0.0,0.0,0.0,192.55,0.0,0.0,12803.0,12803.0,12803.0,0.29,2026-01-28 09:13:02,6173
SOLARINDS,2026-02-24,12000.0,1040.7,50.0,0.0,209.05,8450.0,0.0,12803.0,12803.0,12803.0,0.29,2026-01-28 09:13:02,5487
SOLARINDS,2026-02-24,12100.0,0.0,0.0,0.0,249.05,100.0,0.0,12803.0,12803.0,12803.0,0.29,2026-01-28 09:13:02,4715
SOLARINDS,2026-02-24,12200.0,819.65,50.0,0.0,0.0,0.0,0.0,12803.0,12803.0,12803.0,0.29,2026-01-28 09:13:02,4113
SOLARINDS,2026-02-24,12300.0,839.45,200.0,0.0,317.05,100.0,0.0,12803.0,12803.0,12803.0,0.29,2026-01-28 09:13:02,3518
SOLARINDS,2026-02-24,12400.0,619.35,250.0,0.0,400.0,450.0,0.0,12803.0,12803.0,12803.0,0.29,2026-01-28 09:13:02,2936
SOLARINDS,2026-02-24,12500.0,675.0,6200.0,0.0,365.8,22000.0,0.0,12803.0,12803.0,12803.0,0.29,2026-01-28 09:13:02,2344
SOLARINDS,2026-02-24,12600.0,686.0,500.0,0.0,529.0,50.0,0.0,12803.0,12803.0,12803.0,0.29,2026-01-28 09:13:02,1651
SOLARINDS,2026-02-24,12700.0,0.0,0.0,0.0,0.0,0.0,0.0,12803.0,12803.0,12803.0,0.29,2026-01-28 09:13:02,1381
SOLARINDS,2026-02-24,12800.0,542.55,1750.0,0.0,490.65,3700.0,0.0,12803.0,12803.0,12803.0,0.29,2026-01-28 09:13:02,1080
SOLARINDS,2026-02-24,12900.0,0.0,0.0,0.0,589.55,500.0,0.0,12803.0,12803.0,12803.0,0.29,2026-01-28 09:13:02,746
SOLARINDS,2026-02-24,13000.0,452.4,13850.0,0.0,618.75,11150.0,0.0,12803.0,12803.0,12803.0,0.29,2026-01-28 09:13:02,475
SOLARINDS,2026-02-24,13100.0,0.0,0.0,0.0,0.0,0.0,0.0,12803.0,12803.0,12803.0,0.29,2026-01-28 09:13:02,419
SOLARINDS,2026-02-24,13200.0,355.0,1850.0,0.0,780.0,900.0,0.0,12803.0,12803.0,12803.0,0.29,2026-01-28 09:13:02,427
SOLARINDS,2026-02-24,13300.0,354.8,100.0,0.0,0.0,0.0,0.0,12803.0,12803.0,12803.0,0.29,2026-01-28 09:13:02,458
SOLARINDS,2026-02-24,13400.0,321.45,50.0,0.0,0.0,0.0,0.0,12803.0,12803.0,12803.0,0.29,2026-01-28 09:13:02,498
SOLARINDS,2026-02-24,13500.0,268.1,10800.0,0.0,928.15,10700.0,0.0,12803.0,12803.0,12803.0,0.29,2026-01-28 09:13:02,537
SOLARINDS,2026-02-24,13600.0,0.0,0.0,0.0,0.0,0.0,0.0,12803.0,12803.0,12803.0,0.29,2026-01-28 09:13:02,85
SOLARINDS,2026-02-24,13700.0,0.0,0.0,0.0,1180.0,400.0,0.0,12803.0,12803.0,12803.0,0.29,2026-01-28 09:13:02,337
SOLARINDS,2026-02-24,13800.0,212.35,100.0,0.0,0.0,0.0,0.0,12803.0,12803.0,12803.0,0.29,2026-01-28 09:13:02,546
SOLARINDS,2026-02-24,13900.0,189.8,150.0,0.0,0.0,0.0,0.0,12803.0,12803.0,12803.0,0.29,2026-01-28 09:13:02,805
SOLARINDS,2026-02-24,14000.0,153.9,17850.0,0.0,1317.5,3950.0,0.0,12803.0,12803.0,12803.0,0.29,2026-01-28 09:13:02,1067
SOLARINDS,2026-02-24,14100.0,151.35,0.0,0.0,0.0,0.0,0.0,12803.0,12803.0,12803.0,0.29,2026-01-28 09:13:02,1297
SOLARINDS,2026-02-24,14200.0,134.65,150.0,0.0,1503.55,50.0,0.0,12803.0,12803.0,12803.0,0.29,2026-01-28 09:13:02,1774
SOLARINDS,2026-02-24,14300.0,119.6,300.0,0.0,0.0,0.0,0.0,12803.0,12803.0,12803.0,0.29,2026-01-28 09:13:02,2247
SOLARINDS,2026-02-24,14400.0,99.0,400.0,0.0,1800.0,50.0,0.0,12803.0,12803.0,12803.0,0.29,2026-01-28 09:13:02,2732
SOLARINDS,2026-02-24,14500.0,90.05,3050.0,0.0,1800.0,1050.0,0.0,12803.0,12803.0,12803.0,0.29,2026-01-28 09:13:02,3213
SOLARINDS,2026-02-24,14600.0,82.65,1750.0,0.0,0.0,0.0,0.0,12803.0,12803.0,12803.0,0.29,2026-01-28 09:13:02,3578
SOLARINDS,2026-02-24,14700.0,72.75,100.0,0.0,1939.35,200.0,0.0,12803.0,12803.0,12803.0,0.29,2026-01-28 09:13:02,4137
SOLARINDS,2026-02-24,14800.0,63.9,100.0,0.0,2140.0,2650.0,0.0,12803.0,12803.0,12803.0,0.29,2026-01-28 09:13:02,4647
SOLARINDS,2026-02-24,14900.0,73.7,2100.0,0.0,0.0,0.0,0.0,12803.0,12803.0,12803.0,0.29,2026-01-28 09:13:02,4655
SOLARINDS,2026-02-24,15000.0,53.75,1150.0,0.0,2130.0,2700.0,0.0,12803.0,12803.0,12803.0,0.29,2026-01-28 09:13:02,5267
SOLARINDS,2026-02-24,15100.0,0.0,0.0,0.0,0.0,0.0,0.0,12803.0,12803.0,12803.0,0.29,2026-01-28 09:13:02,5332
SOLARINDS,2026-02-24,15200.0,37.25,100.0,0.0,0.0,0.0,0.0,12803.0,12803.0,12803.0,0.29,2026-01-28 09:13:02,5967
SOLARINDS,2026-02-24,15300.0,32.4,150.0,0.0,0.0,0.0,0.0,12803.0,12803.0,12803.0,0.29,2026-01-28 09:13:02,6603
SOLARINDS,2026-02-24,15400.0,34.5,2150.0,0.0,2650.0,950.0,0.0,12803.0,12803.0,12803.0,0.29,2026-01-28 09:13:02,7240
SONACOMS,2026-02-24,370.0,0.0,0.0,0.0,0.6,24500.0,0.0,489.5,489.5,489.5,0.349,2026-01-28 09:13:02,7190
SONACOMS,2026-02-24,380.0,0.0,0.0,0.0,1.2,2450.0,0.0,489.5,489.5,489.5,0.349,2026-01-28 09:13:02,5868
SONACOMS,2026-02-24,390.0,0.0,0.0,0.0,0.0,0.0,0.0,489.5,489.5,489.5,0.349,2026-01-28 09:13:02,4550
SONACOMS,2026-02-24,395.0,0.0,0.0,0.0,0.0,0.0,0.0,489.5,489.5,489.5,0.349,2026-01-28 09:13:02,3891
SONACOMS,2026-02-24,400.0,90.05,1225.0,0.0,1.85,210700.0,0.0,489.5,489.5,489.5,0.349,2026-01-28 09:13:02,3232
SONACOMS,2026-02-24,405.0,0.0,0.0,0.0,0.0,0.0,0.0,489.5,489.5,489.5,0.349,2026-01-28 09:13:02,2651
SONACOMS,2026-02-24,410.0,0.0,0.0,0.0,2.35,49000.0,0.0,489.5,489.5,489.5,0.349,2026-01-28 09:13:02,2098
SONACOMS,2026-02-24,415.0,0.0,0.0,0.0,0.0,0.0,0.0,489.5,489.5,489.5,0.349,2026-01-28 09:13:02,1558
SONACOMS,2026-02-24,420.0,70.2,2450.0,0.0,2.95,117600.0,0.0,489.5,489.5,489.5,0.349,2026-01-28 09:13:02,1029
SONACOMS,2026-02-24,425.0,0.0,0.0,0.0,4.7,7350.0,0.0,489.5,489.5,489.5,0.349,2026-01-28 09:13:02,543
SONACOMS,2026-02-24,430.0,0.0,0.0,0.0,3.95,47775.0,0.0,489.5,489.5,489.5,0.349,2026-01-28 09:13:02,75
SONACOMS,2026-02-24,435.0,0.0,0.0,0.0,4.85,12250.0,0.0,489.5,489.5,489.5,0.349,2026-01-28 09:13:02,-384
SONACOMS,2026-02-24,440.0,53.55,2450.0,0.0,5.4,121275.0,0.0,489.5,489.5,489.5,0.349,2026-01-28 09:13:02,-825
SONACOMS,2026-02-24,445.0,0.0,0.0,0.0,7.1,9800.0,0.0,489.5,489.5,489.5,0.349,2026-01-28 09:13:02,-1251
SONACOMS,2026-02-24,450.0,47.45,42875.0,0.0,7.3,122500.0,0.0,489.5,489.5,489.5,0.349,2026-01-28 09:13:02,-1626
SONACOMS,2026-02-24,455.0,41.8,11025.0,0.0,8.4,26950.0,0.0,489.5,489.5,489.5,0.349,2026-01-28 09:13:02,-1797
SONACOMS,2026-02-24,460.0,38.35,58800.0,0.0,9.7,101675.0,0.0,489.5,489.5,489.5,0.349,2026-01-28 09:13:02,-2040
SONACOMS,2026-02-24,465.0,35.0,20825.0,0.0,10.95,17150.0,0.0,489.5,489.5,489.5,0.349,2026-01-28 09:13:02,-2099
SONACOMS,2026-02-24,470.0,32.1,208250.0,0.0,12.85,99225.0,0.0,489.5,489.5,489.5,0.349,2026-01-28 09:13:02,-2212
SONACOMS,2026-02-24,475.0,28.55,1225.0,0.0,14.95,2450.0,0.0,489.5,489.5,489.5,0.349,2026-01-28 09:13:02,-1685
SONACOMS,2026-02-24,480.0,25.85,204575.0,0.0,16.4,156800.0,0.0,489.5,489.5,489.5,0.349,2026-01-28 09:13:02,-1697
SONACOMS,2026-02-24,485.0,23.4,53900.0,0.0,19.0,40425.0,0.0,489.5,489.5,489.5,0.349,2026-01-28 09:13:02,-1256
SONACOMS,2026-02-24,490.0,20.8,194775.0,0.0,21.35,58800.0,0.0,489.5,489.5,489.5,0.349,2026-01-28 09:13:02,-990
SONACOMS,2026-02-24,495.0,0.0,0.0,0.0,0.0,0.0,0.0,489.5,489.5,489.5,0.349,2026-01-28 09:13:02,-368
SONACOMS,2026-02-24,500.0,16.25,285425.0,0.0,26.6,85750.0,0.0,489.5,489.5,489.5,0.349,2026-01-28 09:13:02,-25
SONACOMS,2026-02-24,505.0,14.8,12250.0,0.0,0.0,0.0,0.0,489.5,489.5,489.5,0.349,2026-01-28 09:13:02,738
SONACOMS,2026-02-24,510.0,12.55,80850.0,0.0,32.95,1225.0,0.0,489.5,489.5,489.5,0.349,2026-01-28 09:13:02,1291
SONACOMS,2026-02-24,515.0,11.0,62475.0,0.0,0.0,0.0,0.0,489.5,489.5,489.5,0.349,2026-01-28 09:13:02,1964
SONACOMS,2026-02-24,520.0,9.55,218050.0,0.0,40.5,23275.0,0.0,489.5,489.5,489.5,0.349,2026-01-28 09:13:02,2640
SONACOMS,2026-02-24,525.0,8.4,22050.0,0.0,0.0,0.0,0.0,489.5,489.5,489.5,0.349,2026-01-28 09:13:02,3482
SONACOMS,2026-02-24,530.0,7.35,58800.0,0.0,48.0,0.0,0.0,489.5,489.5,489.5,0.349,2026-01-28 09:13:02,4239
SONACOMS,2026-02-24,535.0,6.7,2450.0,0.0,0.0,0.0,0.0,489.5,489.5,489.5,0.349,2026-01-28 09:13:02,5050
SONACOMS,2026-02-24,540.0,5.6,95550.0,0.0,57.95,1225.0,0.0,489.5,489.5,489.5,0.349,2026-01-28 09:13:02,5821
SONACOMS,2026-02-24,545.0,0.0,0.0,0.0,0.0,0.0,0.0,489.5,489.5,489.5,0.349,2026-01-28 09:13:02,6685
SONACOMS,2026-02-24,550.0,4.2,52675.0,0.0,64.95,1225.0,0.0,489.5,489.5,489.5,0.349,2026-01-28 09:13:02,7503
SONACOMS,2026-02-24,560.0,3.25,93100.0,0.0,85.6,3675.0,0.0,489.5,489.5,489.5,0.349,2026-01-28 09:13:02,9206
SRF,2026-02-24,2240.0,0.0,0.0,0.0,0.0,0.0,0.0,2687.1,2687.1,2687.1,0.183,2026-01-28 09:13:02,20025
SRF,2026-02-24,2280.0,0.0,0.0,0.0,0.0,0.0,0.0,2687.1,2687.1,2687.1,0.183,2026-01-28 09:13:02,18337
SRF,2026-02-24,2320.0,0.0,0.0,0.0,4.0,3200.0,0.0,2687.1,2687.1,2687.1,0.183,2026-01-28 09:13:02,16649
SRF,2026-02-24,2340.0,0.0,0.0,0.0,0.0,0.0,0.0,2687.1,2687.1,2687.1,0.183,2026-01-28 09:13:02,15810
SRF,2026-02-24,2360.0,0.0,0.0,0.0,0.0,0.0,0.0,2687.1,2687.1,2687.1,0.183,2026-01-28 09:13:02,14973
SRF,2026-02-24,2380.0,0.0,0.0,0.0,0.0,0.0,0.0,2687.1,2687.1,2687.1,0.183,2026-01-28 09:13:02,14135
SRF,2026-02-24,2400.0,0.0,0.0,0.0,12.6,1400.0,0.0,2687.1,2687.1,2687.1,0.183,2026-01-28 09:13:02,13297
SRF,2026-02-24,2420.0,0.0,0.0,0.0,0.0,0.0,0.0,2687.1,2687.1,2687.1,0.183,2026-01-28 09:13:02,12461
SRF,2026-02-24,2440.0,0.0,0.0,0.0,14.6,4000.0,0.0,2687.1,2687.1,2687.1,0.183,2026-01-28 09:13:02,11626
SRF,2026-02-24,2460.0,0.0,0.0,0.0,17.55,400.0,0.0,2687.1,2687.1,2687.1,0.183,2026-01-28 09:13:02,10793
SRF,2026-02-24,2480.0,0.0,0.0,0.0,21.0,1800.0,0.0,2687.1,2687.1,2687.1,0.183,2026-01-28 09:13:02,9967
SRF,2026-02-24,2500.0,223.4,1000.0,0.0,19.6,20000.0,0.0,2687.1,2687.1,2687.1,0.183,2026-01-28 09:13:02,9140
SRF,2026-02-24,2520.0,0.0,0.0,0.0,29.35,6400.0,0.0,2687.1,2687.1,2687.1,0.183,2026-01-28 09:13:02,8343
SRF,2026-02-24,2540.0,0.0,0.0,0.0,29.95,200.0,0.0,2687.1,2687.1,2687.1,0.183,2026-01-28 09:13:02,7557
SRF,2026-02-24,2560.0,0.0,0.0,0.0,28.7,3400.0,0.0,2687.1,2687.1,2687.1,0.183,2026-01-28 09:13:02,6789
SRF,2026-02-24,2580.0,0.0,0.0,0.0,34.9,5600.0,0.0,2687.1,2687.1,2687.1,0.183,2026-01-28 09:13:02,6019
SRF,2026-02-24,2600.0,142.8,6000.0,0.0,39.55,45800.0,0.0,2687.1,2687.1,2687.1,0.183,2026-01-28 09:13:02,5250
SRF,2026-02-24,2620.0,0.0,0.0,0.0,52.35,1200.0,0.0,2687.1,2687.1,2687.1,0.183,2026-01-28 09:13:02,4509
SRF,2026-02-24,2640.0,0.0,0.0,0.0,53.0,4400.0,0.0,2687.1,2687.1,2687.1,0.183,2026-01-28 09:13:02,3860
SRF,2026-02-24,2660.0,103.45,2600.0,0.0,60.1,15200.0,0.0,2687.1,2687.1,2687.1,0.183,2026-01-28 09:13:02,3202
SRF,2026-02-24,2680.0,92.45,3600.0,0.0,67.75,7200.0,0.0,2687.1,2687.1,2687.1,0.183,2026-01-28 09:13:02,2539
SRF,2026-02-24,2700.0,82.15,68200.0,0.0,77.7,70200.0,0.0,2687.1,2687.1,2687.1,0.183,2026-01-28 09:13:02,1946
SRF,2026-02-24,2720.0,71.9,18000.0,0.0,109.65,26000.0,0.0,2687.1,2687.1,2687.1,0.183,2026-01-28 09:13:02,1660
SRF,2026-02-24,2740.0,64.25,16800.0,0.0,119.3,34800.0,0.0,2687.1,2687.1,2687.1,0.183,2026-01-28 09:13:02,1292
SRF,2026-02-24,2760.0,55.35,6800.0,0.0,109.55,10400.0,0.0,2687.1,2687.1,2687.1,0.183,2026-01-28 09:13:02,876
SRF,2026-02-24,2780.0,47.95,6600.0,0.0,144.0,400.0,0.0,2687.1,2687.1,2687.1,0.183,2026-01-28 09:13:02,725
SRF,2026-02-24,2800.0,42.3,122800.0,0.0,136.55,53600.0,0.0,2687.1,2687.1,2687.1,0.183,2026-01-28 09:13:02,690
SRF,2026-02-24,2820.0,35.0,800.0,0.0,171.25,1000.0,0.0,2687.1,2687.1,2687.1,0.183,2026-01-28 09:13:02,769
SRF,2026-02-24,2840.0,31.25,14800.0,0.0,180.0,200.0,0.0,2687.1,2687.1,2687.1,0.183,2026-01-28 09:13:02,1051
SRF,2026-02-24,2860.0,27.5,11200.0,0.0,181.75,1400.0,0.0,2687.1,2687.1,2687.1,0.183,2026-01-28 09:13:02,1419
SRF,2026-02-24,2880.0,31.65,200.0,0.0,216.2,400.0,0.0,2687.1,2687.1,2687.1,0.183,2026-01-28 09:13:02,1775
SRF,2026-02-24,2900.0,20.25,117200.0,0.0,204.9,30600.0,0.0,2687.1,2687.1,2687.1,0.183,2026-01-28 09:13:02,2119
SRF,2026-02-24,2920.0,24.1,9000.0,0.0,248.5,400.0,0.0,2687.1,2687.1,2687.1,0.183,2026-01-28 09:13:02,2377
SRF,2026-02-24,2940.0,15.5,8400.0,0.0,265.2,1200.0,0.0,2687.1,2687.1,2687.1,0.183,2026-01-28 09:13:02,3055
SRF,2026-02-24,2960.0,18.1,4000.0,0.0,292.0,400.0,0.0,2687.1,2687.1,2687.1,0.183,2026-01-28 09:13:02,3722
SRF,2026-02-24,2980.0,8.1,400.0,0.0,0.0,0.0,0.0,2687.1,2687.1,2687.1,0.183,2026-01-28 09:13:02,4412
SRF,2026-02-24,3000.0,10.25,139000.0,0.0,298.35,45600.0,0.0,2687.1,2687.1,2687.1,0.183,2026-01-28 09:13:02,5107
SRF,2026-02-24,3020.0,7.15,2000.0,0.0,0.0,0.0,0.0,2687.1,2687.1,2687.1,0.183,2026-01-28 09:13:02,4954
SRF,2026-02-24,3040.0,0.0,0.0,0.0,340.0,400.0,0.0,2687.1,2687.1,2687.1,0.183,2026-01-28 09:13:02,6024
SRF,2026-02-24,3060.0,4.55,2000.0,0.0,0.0,0.0,0.0,2687.1,2687.1,2687.1,0.183,2026-01-28 09:13:02,7079
SRF,2026-02-24,3080.0,7.1,800.0,0.0,0.0,0.0,0.0,2687.1,2687.1,2687.1,0.183,2026-01-28 09:13:02,8153
SRF,2026-02-24,3100.0,5.45,53200.0,0.0,425.0,9200.0,0.0,2687.1,2687.1,2687.1,0.183,2026-01-28 09:13:02,9229
SRF,2026-02-24,3120.0,5.05,400.0,0.0,0.0,0.0,0.0,2687.1,2687.1,2687.1,0.183,2026-01-28 09:13:02,10066
SRF,2026-02-24,3140.0,4.25,1200.0,0.0,0.0,0.0,0.0,2687.1,2687.1,2687.1,0.183,2026-01-28 09:13:02,11267
SRF,2026-02-24,3160.0,0.0,0.0,0.0,0.0,0.0,0.0,2687.1,2687.1,2687.1,0.183,2026-01-28 09:13:02,12470
SRF,2026-02-24,3180.0,0.0,0.0,0.0,0.0,0.0,0.0,2687.1,2687.1,2687.1,0.183,2026-01-28 09:13:02,13673
SRF,2026-02-24,3200.0,3.9,23800.0,0.0,508.0,4000.0,0.0,2687.1,2687.1,2687.1,0.183,2026-01-28 09:13:02,14876
SRF,2026-02-24,3220.0,2.05,400.0,0.0,0.0,0.0,0.0,2687.1,2687.1,2687.1,0.183,2026-01-28 09:13:02,15940
SRF,2026-02-24,3240.0,0.0,0.0,0.0,0.0,0.0,0.0,2687.1,2687.1,2687.1,0.183,2026-01-28 09:13:02,17200
SRF,2026-02-24,3260.0,0.0,0.0,0.0,0.0,0.0,0.0,2687.1,2687.1,2687.1,0.183,2026-01-28 09:13:02,18459
SRF,2026-02-24,3280.0,0.0,0.0,0.0,0.0,0.0,0.0,2687.1,2687.1,2687.1,0.183,2026-01-28 09:13:02,19718
SRF,2026-02-24,3300.0,2.0,3000.0,0.0,588.45,4400.0,0.0,2687.1,2687.1,2687.1,0.183,2026-01-28 09:13:02,20977
SRF,2026-02-24,3320.0,0.8,400.0,0.0,0.0,0.0,0.0,2687.1,2687.1,2687.1,0.183,2026-01-28 09:13:02,21993
SRF,2026-02-24,3340.0,0.0,0.0,0.0,0.0,0.0,0.0,2687.1,2687.1,2687.1,0.183,2026-01-28 09:13:02,23268
SRF,2026-02-24,3360.0,0.55,800.0,0.0,0.0,0.0,0.0,2687.1,2687.1,2687.1,0.183,2026-01-28 09:13:02,24542
SRF,2026-02-24,3400.0,1.05,2200.0,0.0,725.0,3000.0,0.0,2687.1,2687.1,2687.1,0.183,2026-01-28 09:13:02,27095
SRF,2026-02-24,3440.0,0.25,600.0,0.0,745.0,4000.0,0.0,2687.1,2687.1,2687.1,0.183,2026-01-28 09:13:02,29452
SRF,2026-02-24,3480.0,0.15,400.0,0.0,0.0,0.0,0.0,2687.1,2687.1,2687.1,0.183,2026-01-28 09:13:02,31746
SRF,2026-02-24,3520.0,1.45,3000.0,0.0,821.75,200.0,0.0,2687.1,2687.1,2687.1,0.183,2026-01-28 09:13:02,34339
SUNPHARMA,2026-02-24,1380.0,0.0,0.0,0.0,0.0,0.0,0.0,1639.9,1639.9,1639.9,0.061,2026-01-28 09:13:02,29322
SUNPHARMA,2026-02-24,1400.0,0.0,0.0,0.0,3.45,11200.0,0.0,1639.9,1639.9,1639.9,0.061,2026-01-28 09:13:02,26246
SUNPHARMA,2026-02-24,1420.0,0.0,0.0,0.0,0.35,3500.0,0.0,1639.9,1639.9,1639.9,0.061,2026-01-28 09:13:02,23188
SUNPHARMA,2026-02-24,1440.0,0.0,0.0,0.0,0.65,15050.0,0.0,1639.9,1639.9,1639.9,0.061,2026-01-28 09:13:02,20140
SUNPHARMA,2026-02-24,1460.0,0.0,0.0,0.0,1.2,350.0,0.0,1639.9,1639.9,1639.9,0.061,2026-01-28 09:13:02,17122
SUNPHARMA,2026-02-24,1480.0,167.7,5250.0,0.0,7.9,10150.0,0.0,1639.9,1639.9,1639.9,0.061,2026-01-28 09:13:02,14106
SUNPHARMA,2026-02-24,1490.0,0.0,0.0,0.0,10.85,7000.0,0.0,1639.9,1639.9,1639.9,0.061,2026-01-28 09:13:02,12693
SUNPHARMA,2026-02-24,1500.0,145.0,700.0,0.0,9.9,32900.0,0.0,1639.9,1639.9,1639.9,0.061,2026-01-28 09:13:02,11200
SUNPHARMA,2026-02-24,1510.0,0.0,0.0,0.0,11.1,104650.0,0.0,1639.9,1639.9,1639.9,0.061,2026-01-28 09:13:02,9726
SUNPHARMA,2026-02-24,1520.0,131.0,1400.0,0.0,12.6,23800.0,0.0,1639.9,1639.9,1639.9,0.061,2026-01-28 09:13:02,8262
SUNPHARMA,2026-02-24,1530.0,0.0,0.0,0.0,15.35,9100.0,0.0,1639.9,1639.9,1639.9,0.061,2026-01-28 09:13:02,6928
SUNPHARMA,2026-02-24,1540.0,0.0,0.0,0.0,15.55,17850.0,0.0,1639.9,1639.9,1639.9,0.061,2026-01-28 09:13:02,5601
SUNPHARMA,2026-02-24,1550.0,0.0,0.0,0.0,17.6,332150.0,0.0,1639.9,1639.9,1639.9,0.061,2026-01-28 09:13:02,4278
SUNPHARMA,2026-02-24,1560.0,0.0,0.0,0.0,19.65,79800.0,0.0,1639.9,1639.9,1639.9,0.061,2026-01-28 09:13:02,2730
SUNPHARMA,2026-02-24,1570.0,0.0,0.0,0.0,21.5,31850.0,0.0,1639.9,1639.9,1639.9,0.061,2026-01-28 09:13:02,1690
SUNPHARMA,2026-02-24,1580.0,0.0,0.0,0.0,24.55,68250.0,0.0,1639.9,1639.9,1639.9,0.061,2026-01-28 09:13:02,770
SUNPHARMA,2026-02-24,1590.0,0.0,0.0,0.0,28.2,25550.0,0.0,1639.9,1639.9,1639.9,0.061,2026-01-28 09:13:02,-180
SUNPHARMA,2026-02-24,1600.0,69.85,51100.0,0.0,30.7,177450.0,0.0,1639.9,1639.9,1639.9,0.061,2026-01-28 09:13:02,-1010
SUNPHARMA,2026-02-24,1610.0,61.3,6650.0,0.0,34.65,13300.0,0.0,1639.9,1639.9,1639.9,0.061,2026-01-28 09:13:02,-1727
SUNPHARMA,2026-02-24,1620.0,57.1,36400.0,0.0,38.1,59150.0,0.0,1639.9,1639.9,1639.9,0.061,2026-01-28 09:13:02,-2242
SUNPHARMA,2026-02-24,1630.0,51.5,64750.0,0.0,42.35,99750.0,0.0,1639.9,1639.9,1639.9,0.061,2026-01-28 09:13:02,-2673
SUNPHARMA,2026-02-24,1640.0,45.9,96950.0,0.0,46.95,59150.0,0.0,1639.9,1639.9,1639.9,0.061,2026-01-28 09:13:02,-3011
SUNPHARMA,2026-02-24,1650.0,41.0,125650.0,0.0,51.05,26950.0,0.0,1639.9,1639.9,1639.9,0.061,2026-01-28 09:13:02,-2937
SUNPHARMA,2026-02-24,1660.0,36.2,39200.0,0.0,65.0,36050.0,0.0,1639.9,1639.9,1639.9,0.061,2026-01-28 09:13:02,-2500
SUNPHARMA,2026-02-24,1670.0,31.9,14000.0,0.0,54.9,1050.0,0.0,1639.9,1639.9,1639.9,0.061,2026-01-28 09:13:02,-2457
SUNPHARMA,2026-02-24,1680.0,28.4,409150.0,0.0,67.65,94500.0,0.0,1639.9,1639.9,1639.9,0.061,2026-01-28 09:13:02,-2269
SUNPHARMA,2026-02-24,1690.0,24.9,18550.0,0.0,81.6,15400.0,0.0,1639.9,1639.9,1639.9,0.061,2026-01-28 09:13:02,-1093
SUNPHARMA,2026-02-24,1700.0,21.8,235200.0,0.0,81.9,84000.0,0.0,1639.9,1639.9,1639.9,0.061,2026-01-28 09:13:02,-485
SUNPHARMA,2026-02-24,1710.0,19.4,13300.0,0.0,81.5,1750.0,0.0,1639.9,1639.9,1639.9,0.061,2026-01-28 09:13:02,346
SUNPHARMA,2026-02-24,1720.0,16.8,26250.0,0.0,107.15,33600.0,0.0,1639.9,1639.9,1639.9,0.061,2026-01-28 09:13:02,1379
SUNPHARMA,2026-02-24,1730.0,13.0,11200.0,0.0,96.7,2450.0,0.0,1639.9,1639.9,1639.9,0.061,2026-01-28 09:13:02,2144
SUNPHARMA,2026-02-24,1740.0,13.2,24500.0,0.0,120.8,1750.0,0.0,1639.9,1639.9,1639.9,0.061,2026-01-28 09:13:02,3230
SUNPHARMA,2026-02-24,1750.0,11.55,35350.0,0.0,122.35,3850.0,0.0,1639.9,1639.9,1639.9,0.061,2026-01-28 09:13:02,4363
SUNPHARMA,2026-02-24,1760.0,9.3,17850.0,0.0,135.0,16800.0,0.0,1639.9,1639.9,1639.9,0.061,2026-01-28 09:13:02,5517
SUNPHARMA,2026-02-24,1770.0,8.95,11550.0,0.0,0.0,0.0,0.0,1639.9,1639.9,1639.9,0.061,2026-01-28 09:13:02,6502
SUNPHARMA,2026-02-24,1780.0,8.0,11550.0,0.0,138.85,700.0,0.0,1639.9,1639.9,1639.9,0.061,2026-01-28 09:13:02,7720
SUNPHARMA,2026-02-24,1790.0,6.5,13650.0,0.0,147.85,700.0,0.0,1639.9,1639.9,1639.9,0.061,2026-01-28 09:13:02,8938
SUNPHARMA,2026-02-24,1800.0,6.25,207550.0,0.0,175.0,32550.0,0.0,1639.9,1639.9,1639.9,0.061,2026-01-28 09:13:02,10170
SUNPHARMA,2026-02-24,1810.0,3.4,3500.0,0.0,0.0,0.0,0.0,1639.9,1639.9,1639.9,0.061,2026-01-28 09:13:02,11204
SUNPHARMA,2026-02-24,1820.0,4.05,16450.0,0.0,182.0,700.0,0.0,1639.9,1639.9,1639.9,0.061,2026-01-28 09:13:02,12682
SUNPHARMA,2026-02-24,1830.0,2.3,2800.0,0.0,0.0,0.0,0.0,1639.9,1639.9,1639.9,0.061,2026-01-28 09:13:02,14170
SUNPHARMA,2026-02-24,1840.0,1.85,19950.0,0.0,0.0,0.0,0.0,1639.9,1639.9,1639.9,0.061,2026-01-28 09:13:02,15668
SUNPHARMA,2026-02-24,1850.0,3.7,31850.0,0.0,0.0,0.0,0.0,1639.9,1639.9,1639.9,0.061,2026-01-28 09:13:02,17188
SUNPHARMA,2026-02-24,1860.0,3.55,9800.0,0.0,0.0,0.0,0.0,1639.9,1639.9,1639.9,0.061,2026-01-28 09:13:02,18749
SUNPHARMA,2026-02-24,1870.0,2.6,3150.0,0.0,0.0,0.0,0.0,1639.9,1639.9,1639.9,0.061,2026-01-28 09:13:02,20311
SUNPHARMA,2026-02-24,1880.0,0.8,11200.0,0.0,233.3,1400.0,0.0,1639.9,1639.9,1639.9,0.061,2026-01-28 09:13:02,21873
SUNPHARMA,2026-02-24,1890.0,0.0,0.0,0.0,0.0,0.0,0.0,1639.9,1639.9,1639.9,0.061,2026-01-28 09:13:02,23416
SUNPHARMA,2026-02-24,1900.0,2.65,15050.0,0.0,265.0,700.0,0.0,1639.9,1639.9,1639.9,0.061,2026-01-28 09:13:02,24990
SUNPHARMA,2026-02-24,1920.0,0.0,0.0,0.0,272.6,0.0,0.0,1639.9,1639.9,1639.9,0.061,2026-01-28 09:13:02,28156
SUNPHARMA,2026-02-24,1940.0,0.0,0.0,0.0,0.0,0.0,0.0,1639.9,1639.9,1639.9,0.061,2026-01-28 09:13:02,31336
SUNPHARMA,2026-02-24,1960.0,2.0,11900.0,0.0,0.0,0.0,0.0,1639.9,1639.9,1639.9,0.061,2026-01-28 09:13:02,34516
SUNPHARMA,2026-02-24,1980.0,0.1,700.0,0.0,0.0,0.0,0.0,1639.9,1639.9,1639.9,0.061,2026-01-28 09:13:02,37722
SUNPHARMA,2026-02-24,2000.0,1.25,7350.0,0.0,352.0,1400.0,0.0,1639.9,1639.9,1639.9,0.061,2026-01-28 09:13:02,40927
SUNPHARMA,2026-02-24,2020.0,0.05,2450.0,0.0,0.0,0.0,0.0,1639.9,1639.9,1639.9,0.061,2026-01-28 09:13:02,44102
SUPREMEIND,2026-02-24,2800.0,658.3,0.0,0.0,6.0,525.0,0.0,3450.1,3450.1,3450.1,0.168,2026-01-28 09:13:02,8233
SUPREMEIND,2026-02-24,2900.0,564.65,525.0,0.0,7.05,2100.0,0.0,3450.1,3450.1,3450.1,0.168,2026-01-28 09:13:02,6588
SUPREMEIND,2026-02-24,3000.0,484.05,175.0,0.0,16.35,25725.0,0.0,3450.1,3450.1,3450.1,0.168,2026-01-28 09:13:02,4997
SUPREMEIND,2026-02-24,3050.0,428.65,0.0,0.0,20.4,525.0,0.0,3450.1,3450.1,3450.1,0.168,2026-01-28 09:13:02,4283
SUPREMEIND,2026-02-24,3100.0,0.0,0.0,0.0,24.25,2800.0,0.0,3450.1,3450.1,3450.1,0.168,2026-01-28 09:13:02,3605
SUPREMEIND,2026-02-24,3150.0,0.0,0.0,0.0,36.95,1750.0,0.0,3450.1,3450.1,3450.1,0.168,2026-01-28 09:13:02,2935
SUPREMEIND,2026-02-24,3200.0,326.2,350.0,0.0,36.8,6125.0,0.0,3450.1,3450.1,3450.1,0.168,2026-01-28 09:13:02,2274
SUPREMEIND,2026-02-24,3250.0,0.0,0.0,0.0,0.0,0.0,0.0,3450.1,3450.1,3450.1,0.168,2026-01-28 09:13:02,1641
SUPREMEIND,2026-02-24,3300.0,217.45,3850.0,0.0,57.9,11900.0,0.0,3450.1,3450.1,3450.1,0.168,2026-01-28 09:13:02,1019
SUPREMEIND,2026-02-24,3350.0,0.0,0.0,0.0,96.5,875.0,0.0,3450.1,3450.1,3450.1,0.168,2026-01-28 09:13:02,490
SUPREMEIND,2026-02-24,3400.0,160.0,14875.0,0.0,92.75,27650.0,0.0,3450.1,3450.1,3450.1,0.168,2026-01-28 09:13:02,-56
SUPREMEIND,2026-02-24,3450.0,145.05,9800.0,0.0,115.35,14000.0,0.0,3450.1,3450.1,3450.1,0.168,2026-01-28 09:13:02,-401
SUPREMEIND,2026-02-24,3500.0,111.95,72450.0,0.0,141.15,49525.0,0.0,3450.1,3450.1,3450.1,0.168,2026-01-28 09:13:02,-628
SUPREMEIND,2026-02-24,3550.0,0.0,0.0,0.0,0.0,0.0,0.0,3450.1,3450.1,3450.1,0.168,2026-01-28 09:13:02,-113
SUPREMEIND,2026-02-24,3600.0,74.4,13300.0,0.0,201.75,5075.0,0.0,3450.1,3450.1,3450.1,0.168,2026-01-28 09:13:02,288
SUPREMEIND,2026-02-24,3650.0,75.05,350.0,0.0,225.0,700.0,0.0,3450.1,3450.1,3450.1,0.168,2026-01-28 09:13:02,779
SUPREMEIND,2026-02-24,3700.0,44.3,9275.0,0.0,265.0,4375.0,0.0,3450.1,3450.1,3450.1,0.168,2026-01-28 09:13:02,1266
SUPREMEIND,2026-02-24,3750.0,34.9,3150.0,0.0,0.0,0.0,0.0,3450.1,3450.1,3450.1,0.168,2026-01-28 09:13:02,1759
SUPREMEIND,2026-02-24,3800.0,30.2,10325.0,0.0,379.0,4550.0,0.0,3450.1,3450.1,3450.1,0.168,2026-01-28 09:13:02,2353
SUPREMEIND,2026-02-24,3850.0,0.0,0.0,0.0,0.0,0.0,0.0,3450.1,3450.1,3450.1,0.168,2026-01-28 09:13:02,2870
SUPREMEIND,2026-02-24,3900.0,16.15,4550.0,0.0,463.85,700.0,0.0,3450.1,3450.1,3450.1,0.168,2026-01-28 09:13:02,3528
SUPREMEIND,2026-02-24,3950.0,20.6,175.0,0.0,0.0,0.0,0.0,3450.1,3450.1,3450.1,0.168,2026-01-28 09:13:02,4187
SUPREMEIND,2026-02-24,4000.0,7.25,16450.0,0.0,500.0,4200.0,0.0,3450.1,3450.1,3450.1,0.168,2026-01-28 09:13:02,4873
SUPREMEIND,2026-02-24,4100.0,10.9,875.0,0.0,630.0,1925.0,0.0,3450.1,3450.1,3450.1,0.168,2026-01-28 09:13:02,6251
SUZLON,2026-02-24,38.0,8.12,9025.0,0.0,0.19,884450.0,0.0,46.01,46.01,46.01,0.48,2026-01-28 09:13:02,39216
SUZLON,2026-02-24,40.0,6.5,144400.0,0.0,0.37,3176800.0,0.0,46.01,46.01,46.01,0.48,2026-01-28 09:13:02,30584
SUZLON,2026-02-24,41.0,5.53,9025.0,0.0,0.52,442225.0,0.0,46.01,46.01,46.01,0.48,2026-01-28 09:13:02,26581
SUZLON,2026-02-24,42.0,4.77,27075.0,0.0,0.75,2978250.0,0.0,46.01,46.01,46.01,0.48,2026-01-28 09:13:02,22629
SUZLON,2026-02-24,43.0,4.04,63175.0,0.0,0.99,694925.0,0.0,46.01,46.01,46.01,0.48,2026-01-28 09:13:02,18785
SUZLON,2026-02-24,44.0,3.42,153425.0,0.0,1.36,2906050.0,0.0,46.01,46.01,46.01,0.48,2026-01-28 09:13:02,15184
SUZLON,2026-02-24,45.0,2.84,2644325.0,0.0,1.73,5875275.0,0.0,46.01,46.01,46.01,0.48,2026-01-28 09:13:02,11590
SUZLON,2026-02-24,46.0,2.31,3339250.0,0.0,2.18,4467375.0,0.0,46.01,46.01,46.01,0.48,2026-01-28 09:13:02,8925
SUZLON,2026-02-24,47.0,1.87,2933125.0,0.0,2.76,2463825.0,0.0,46.01,46.01,46.01,0.48,2026-01-28 09:13:02,7103
SUZLON,2026-02-24,48.0,1.49,3239975.0,0.0,3.35,3384375.0,0.0,46.01,46.01,46.01,0.48,2026-01-28 09:13:02,5892
SUZLON,2026-02-24,49.0,1.2,2770675.0,0.0,4.07,1967450.0,0.0,46.01,46.01,46.01,0.48,2026-01-28 09:13:02,4824
SUZLON,2026-02-24,50.0,0.99,12788425.0,0.0,4.73,3646100.0,0.0,46.01,46.01,46.01,0.48,2026-01-28 09:13:02,4413
SUZLON,2026-02-24,51.0,0.78,3303150.0,0.0,5.64,640775.0,0.0,46.01,46.01,46.01,0.48,2026-01-28 09:13:02,5654
SUZLON,2026-02-24,52.0,0.64,2698475.0,0.0,6.49,1281550.0,0.0,46.01,46.01,46.01,0.48,2026-01-28 09:13:02,7645
SUZLON,2026-02-24,53.0,0.5,1777925.0,0.0,7.33,577600.0,0.0,46.01,46.01,46.01,0.48,2026-01-28 09:13:02,9479
SUZLON,2026-02-24,54.0,0.42,5956500.0,0.0,8.75,640775.0,0.0,46.01,46.01,46.01,0.48,2026-01-28 09:13:02,11873
SUZLON,2026-02-24,55.0,0.32,6182125.0,0.0,9.02,2102825.0,0.0,46.01,46.01,46.01,0.48,2026-01-28 09:13:02,14950
SUZLON,2026-02-24,56.0,0.25,1768900.0,0.0,10.2,631750.0,0.0,46.01,46.01,46.01,0.48,2026-01-28 09:13:02,17468
SUZLON,2026-02-24,57.0,0.2,1064950.0,0.0,10.5,126350.0,0.0,46.01,46.01,46.01,0.48,2026-01-28 09:13:02,21324
SUZLON,2026-02-24,58.0,0.17,731025.0,0.0,11.77,388075.0,0.0,46.01,46.01,46.01,0.48,2026-01-28 09:13:02,25789
SUZLON,2026-02-24,59.0,0.13,162450.0,0.0,13.4,72200.0,0.0,46.01,46.01,46.01,0.48,2026-01-28 09:13:02,30032
SUZLON,2026-02-24,60.0,0.12,6155050.0,0.0,13.81,3799525.0,0.0,46.01,46.01,46.01,0.48,2026-01-28 09:13:02,34648
SUZLON,2026-02-24,62.0,0.11,108300.0,0.0,15.8,857375.0,0.0,46.01,46.01,46.01,0.48,2026-01-28 09:13:02,40888
SUZLON,2026-02-24,64.0,0.06,938600.0,0.0,0.0,0.0,0.0,46.01,46.01,46.01,0.48,2026-01-28 09:13:02,51141
SWIGGY,2026-02-24,250.0,0.0,0.0,0.0,2.55,20800.0,0.0,313.0,313.0,313.0,0.24,2026-01-28 09:13:02,13013
SWIGGY,2026-02-24,260.0,0.0,0.0,0.0,4.15,40300.0,0.0,313.0,313.0,313.0,0.24,2026-01-28 09:13:02,10614
SWIGGY,2026-02-24,270.0,0.0,0.0,0.0,4.45,83200.0,0.0,313.0,313.0,313.0,0.24,2026-01-28 09:13:02,8244
SWIGGY,2026-02-24,275.0,0.0,0.0,0.0,2.55,0.0,0.0,313.0,313.0,313.0,0.24,2026-01-28 09:13:02,7072
SWIGGY,2026-02-24,280.0,0.0,0.0,0.0,7.2,57200.0,0.0,313.0,313.0,313.0,0.24,2026-01-28 09:13:02,5938
SWIGGY,2026-02-24,285.0,0.0,0.0,0.0,0.0,0.0,0.0,313.0,313.0,313.0,0.24,2026-01-28 09:13:02,4790
SWIGGY,2026-02-24,290.0,29.35,5200.0,0.0,9.65,31200.0,0.0,313.0,313.0,313.0,0.24,2026-01-28 09:13:02,3684
SWIGGY,2026-02-24,295.0,25.9,6500.0,0.0,10.05,35100.0,0.0,313.0,313.0,313.0,0.24,2026-01-28 09:13:02,2581
SWIGGY,2026-02-24,300.0,26.85,135200.0,0.0,12.6,1077700.0,0.0,313.0,313.0,313.0,0.24,2026-01-28 09:13:02,1495
SWIGGY,2026-02-24,305.0,25.55,3900.0,0.0,14.2,26000.0,0.0,313.0,313.0,313.0,0.24,2026-01-28 09:13:02,39
SWIGGY,2026-02-24,310.0,20.55,79300.0,0.0,16.7,113100.0,0.0,313.0,313.0,313.0,0.24,2026-01-28 09:13:02,-432
SWIGGY,2026-02-24,315.0,17.65,57200.0,0.0,18.95,33800.0,0.0,313.0,313.0,313.0,0.24,2026-01-28 09:13:02,-808
SWIGGY,2026-02-24,320.0,16.0,432900.0,0.0,22.3,373100.0,0.0,313.0,313.0,313.0,0.24,2026-01-28 09:13:02,-1075
SWIGGY,2026-02-24,325.0,13.8,81900.0,0.0,24.0,19500.0,0.0,313.0,313.0,313.0,0.24,2026-01-28 09:13:02,-1116
SWIGGY,2026-02-24,330.0,11.95,109200.0,0.0,30.0,44200.0,0.0,313.0,313.0,313.0,0.24,2026-01-28 09:13:02,-900
SWIGGY,2026-02-24,335.0,8.65,33800.0,0.0,28.55,13000.0,0.0,313.0,313.0,313.0,0.24,2026-01-28 09:13:02,-676
SWIGGY,2026-02-24,340.0,9.45,189800.0,0.0,37.0,49400.0,0.0,313.0,313.0,313.0,0.24,2026-01-28 09:13:02,-434
SWIGGY,2026-02-24,345.0,0.0,0.0,0.0,0.0,0.0,0.0,313.0,313.0,313.0,0.24,2026-01-28 09:13:02,-69
SWIGGY,2026-02-24,350.0,6.7,369200.0,0.0,42.0,111800.0,0.0,313.0,313.0,313.0,0.24,2026-01-28 09:13:02,300
SWIGGY,2026-02-24,355.0,0.0,0.0,0.0,44.45,1300.0,0.0,313.0,313.0,313.0,0.24,2026-01-28 09:13:02,687
SWIGGY,2026-02-24,360.0,4.45,215800.0,0.0,44.45,162500.0,0.0,313.0,313.0,313.0,0.24,2026-01-28 09:13:02,1292
SWIGGY,2026-02-24,365.0,0.0,0.0,0.0,53.2,19500.0,0.0,313.0,313.0,313.0,0.24,2026-01-28 09:13:02,1465
SWIGGY,2026-02-24,370.0,4.0,102700.0,0.0,54.5,35100.0,0.0,313.0,313.0,313.0,0.24,2026-01-28 09:13:02,2170
SWIGGY,2026-02-24,375.0,1.35,0.0,0.0,0.0,0.0,0.0,313.0,313.0,313.0,0.24,2026-01-28 09:13:02,2898
SWIGGY,2026-02-24,380.0,2.4,104000.0,0.0,67.5,35100.0,0.0,313.0,313.0,313.0,0.24,2026-01-28 09:13:02,3776
SWIGGY,2026-02-24,385.0,0.0,0.0,0.0,0.0,0.0,0.0,313.0,313.0,313.0,0.24,2026-01-28 09:13:02,4512
SWIGGY,2026-02-24,390.0,1.15,10400.0,0.0,0.0,0.0,0.0,313.0,313.0,313.0,0.24,2026-01-28 09:13:02,5460
SWIGGY,2026-02-24,395.0,0.0,0.0,0.0,0.0,0.0,0.0,313.0,313.0,313.0,0.24,2026-01-28 09:13:02,6414
SWIGGY,2026-02-24,400.0,1.3,67600.0,0.0,86.3,31200.0,0.0,313.0,313.0,313.0,0.24,2026-01-28 09:13:02,7367
SWIGGY,2026-02-24,405.0,0.0,0.0,0.0,0.0,0.0,0.0,313.0,313.0,313.0,0.24,2026-01-28 09:13:02,8109
SWIGGY,2026-02-24,410.0,0.0,0.0,0.0,0.0,0.0,0.0,313.0,313.0,313.0,0.24,2026-01-28 09:13:02,9111
SWIGGY,2026-02-24,415.0,0.0,0.0,0.0,101.05,0.0,0.0,313.0,313.0,313.0,0.24,2026-01-28 09:13:02,10113
SWIGGY,2026-02-24,420.0,0.0,0.0,0.0,105.95,0.0,0.0,313.0,313.0,313.0,0.24,2026-01-28 09:13:02,11116
SWIGGY,2026-02-24,425.0,0.0,0.0,0.0,110.9,0.0,0.0,313.0,313.0,313.0,0.24,2026-01-28 09:13:02,12118
SWIGGY,2026-02-24,430.0,0.0,0.0,0.0,115.85,0.0,0.0,313.0,313.0,313.0,0.24,2026-01-28 09:13:02,13120
SWIGGY,2026-02-24,440.0,0.0,0.0,0.0,125.8,0.0,0.0,313.0,313.0,313.0,0.24,2026-01-28 09:13:02,15125
SWIGGY,2026-02-24,450.0,0.0,0.0,0.0,135.75,0.0,0.0,313.0,313.0,313.0,0.24,2026-01-28 09:13:02,17129
SYNGENE,2026-02-24,380.0,0.0,0.0,0.0,0.0,0.0,0.0,482.9,482.9,482.9,-1.389,2026-01-28 09:13:02,44642
SYNGENE,2026-02-24,400.0,0.0,0.0,0.0,0.0,0.0,0.0,482.9,482.9,482.9,-1.389,2026-01-28 09:13:02,37718
SYNGENE,2026-02-24,410.0,0.0,0.0,0.0,2.65,3000.0,0.0,482.9,482.9,482.9,-1.389,2026-01-28 09:13:02,34256
SYNGENE,2026-02-24,420.0,0.0,0.0,0.0,3.25,49000.0,0.0,482.9,482.9,482.9,-1.389,2026-01-28 09:13:02,30796
SYNGENE,2026-02-24,430.0,0.0,0.0,0.0,4.45,44000.0,0.0,482.9,482.9,482.9,-1.389,2026-01-28 09:13:02,27370
SYNGENE,2026-02-24,440.0,0.0,0.0,0.0,5.7,245000.0,0.0,482.9,482.9,482.9,-1.389,2026-01-28 09:13:02,23985
SYNGENE,2026-02-24,450.0,0.0,0.0,0.0,7.5,253000.0,0.0,482.9,482.9,482.9,-1.389,2026-01-28 09:13:02,20724
SYNGENE,2026-02-24,460.0,0.0,0.0,0.0,9.7,189000.0,0.0,482.9,482.9,482.9,-1.389,2026-01-28 09:13:02,17667
SYNGENE,2026-02-24,470.0,30.05,5000.0,0.0,12.6,91000.0,0.0,482.9,482.9,482.9,-1.389,2026-01-28 09:13:02,14804
SYNGENE,2026-02-24,480.0,25.45,49000.0,0.0,16.5,395000.0,0.0,482.9,482.9,482.9,-1.389,2026-01-28 09:13:02,12122
SYNGENE,2026-02-24,490.0,19.8,74000.0,0.0,20.3,184000.0,0.0,482.9,482.9,482.9,-1.389,2026-01-28 09:13:02,9455
SYNGENE,2026-02-24,500.0,15.4,623000.0,0.0,26.3,412000.0,0.0,482.9,482.9,482.9,-1.389,2026-01-28 09:13:02,7347
SYNGENE,2026-02-24,510.0,11.65,216000.0,0.0,31.9,217000.0,0.0,482.9,482.9,482.9,-1.389,2026-01-28 09:13:02,6377
SYNGENE,2026-02-24,520.0,8.7,424000.0,0.0,38.25,172000.0,0.0,482.9,482.9,482.9,-1.389,2026-01-28 09:13:02,5524
SYNGENE,2026-02-24,530.0,6.55,249000.0,0.0,51.05,86000.0,0.0,482.9,482.9,482.9,-1.389,2026-01-28 09:13:02,5418
SYNGENE,2026-02-24,540.0,4.8,251000.0,0.0,55.1,81000.0,0.0,482.9,482.9,482.9,-1.389,2026-01-28 09:13:02,5660
SYNGENE,2026-02-24,550.0,3.6,645000.0,0.0,63.25,89000.0,0.0,482.9,482.9,482.9,-1.389,2026-01-28 09:13:02,6184
SYNGENE,2026-02-24,560.0,2.7,345000.0,0.0,74.9,119000.0,0.0,482.9,482.9,482.9,-1.389,2026-01-28 09:13:02,7437
SYNGENE,2026-02-24,570.0,2.05,246000.0,0.0,82.0,138000.0,0.0,482.9,482.9,482.9,-1.389,2026-01-28 09:13:02,8687
SYNGENE,2026-02-24,580.0,1.6,206000.0,0.0,90.35,142000.0,0.0,482.9,482.9,482.9,-1.389,2026-01-28 09:13:02,10038
SYNGENE,2026-02-24,590.0,1.25,144000.0,0.0,83.0,44000.0,0.0,482.9,482.9,482.9,-1.389,2026-01-28 09:13:02,11568
SYNGENE,2026-02-24,600.0,1.15,893000.0,0.0,110.1,172000.0,0.0,482.9,482.9,482.9,-1.389,2026-01-28 09:13:02,14189
SYNGENE,2026-02-24,610.0,0.85,86000.0,0.0,103.0,10000.0,0.0,482.9,482.9,482.9,-1.389,2026-01-28 09:13:02,16431
SYNGENE,2026-02-24,620.0,0.7,145000.0,0.0,131.0,146000.0,0.0,482.9,482.9,482.9,-1.389,2026-01-28 09:13:02,20464
SYNGENE,2026-02-24,630.0,0.8,79000.0,0.0,144.8,23000.0,0.0,482.9,482.9,482.9,-1.389,2026-01-28 09:13:02,22982
SYNGENE,2026-02-24,640.0,0.65,123000.0,0.0,152.0,33000.0,0.0,482.9,482.9,482.9,-1.389,2026-01-28 09:13:02,27177
SYNGENE,2026-02-24,650.0,0.6,242000.0,0.0,160.0,60000.0,0.0,482.9,482.9,482.9,-1.389,2026-01-28 09:13:02,31361
SYNGENE,2026-02-24,660.0,0.55,40000.0,0.0,167.3,7000.0,0.0,482.9,482.9,482.9,-1.389,2026-01-28 09:13:02,35396
SYNGENE,2026-02-24,670.0,0.6,10000.0,0.0,183.95,5000.0,0.0,482.9,482.9,482.9,-1.389,2026-01-28 09:13:02,40308
SYNGENE,2026-02-24,680.0,0.4,42000.0,0.0,187.2,15000.0,0.0,482.9,482.9,482.9,-1.389,2026-01-28 09:13:02,45258
SYNGENE,2026-02-24,690.0,0.0,0.0,0.0,197.15,6000.0,0.0,482.9,482.9,482.9,-1.389,2026-01-28 09:13:02,50078
SYNGENE,2026-02-24,700.0,0.4,154000.0,0.0,208.0,24000.0,0.0,482.9,482.9,482.9,-1.389,2026-01-28 09:13:02,55065
SYNGENE,2026-02-24,710.0,0.0,0.0,0.0,0.0,0.0,0.0,482.9,482.9,482.9,-1.389,2026-01-28 09:13:02,59855
SYNGENE,2026-02-24,720.0,0.05,2000.0,0.0,227.0,1000.0,0.0,482.9,482.9,482.9,-1.389,2026-01-28 09:13:02,65138
SYNGENE,2026-02-24,730.0,0.05,2000.0,0.0,0.0,0.0,0.0,482.9,482.9,482.9,-1.389,2026-01-28 09:13:02,70401
SYNGENE,2026-02-24,740.0,0.05,1000.0,0.0,248.0,4000.0,0.0,482.9,482.9,482.9,-1.389,2026-01-28 09:13:02,75689
SYNGENE,2026-02-24,760.0,0.2,7000.0,0.0,266.85,3000.0,0.0,482.9,482.9,482.9,-1.389,2026-01-28 09:13:02,86176
TATACONSUM,2026-02-24,980.0,0.0,0.0,0.0,0.0,0.0,0.0,1190.0,1190.0,1190.0,0.219,2026-01-28 09:13:02,16640
TATACONSUM,2026-02-24,1000.0,192.2,2200.0,0.0,1.3,13750.0,0.0,1190.0,1190.0,1190.0,0.219,2026-01-28 09:13:02,13840
TATACONSUM,2026-02-24,1020.0,0.0,0.0,0.0,0.45,1100.0,0.0,1190.0,1190.0,1190.0,0.219,2026-01-28 09:13:02,11113
TATACONSUM,2026-02-24,1030.0,0.0,0.0,0.0,1.1,1100.0,0.0,1190.0,1190.0,1190.0,0.219,2026-01-28 09:13:02,9730
TATACONSUM,2026-02-24,1040.0,0.0,0.0,0.0,2.75,36300.0,0.0,1190.0,1190.0,1190.0,0.219,2026-01-28 09:13:02,8349
TATACONSUM,2026-02-24,1050.0,0.0,0.0,0.0,5.7,550.0,0.0,1190.0,1190.0,1190.0,0.219,2026-01-28 09:13:02,6993
TATACONSUM,2026-02-24,1060.0,0.0,0.0,0.0,3.65,16500.0,0.0,1190.0,1190.0,1190.0,0.219,2026-01-28 09:13:02,5648
TATACONSUM,2026-02-24,1070.0,0.0,0.0,0.0,4.35,62700.0,0.0,1190.0,1190.0,1190.0,0.219,2026-01-28 09:13:02,4314
TATACONSUM,2026-02-24,1080.0,115.45,1650.0,0.0,5.65,23100.0,0.0,1190.0,1190.0,1190.0,0.219,2026-01-28 09:13:02,3021
TATACONSUM,2026-02-24,1090.0,0.0,0.0,0.0,6.4,45100.0,0.0,1190.0,1190.0,1190.0,0.219,2026-01-28 09:13:02,1786
TATACONSUM,2026-02-24,1100.0,104.4,24750.0,0.0,7.9,497750.0,0.0,1190.0,1190.0,1190.0,0.219,2026-01-28 09:13:02,562
TATACONSUM,2026-02-24,1110.0,0.0,0.0,0.0,9.1,13200.0,0.0,1190.0,1190.0,1190.0,0.219,2026-01-28 09:13:02,-245
TATACONSUM,2026-02-24,1120.0,0.0,0.0,0.0,10.1,61050.0,0.0,1190.0,1190.0,1190.0,0.219,2026-01-28 09:13:02,-917
TATACONSUM,2026-02-24,1130.0,0.0,0.0,0.0,10.35,36300.0,0.0,1190.0,1190.0,1190.0,0.219,2026-01-28 09:13:02,-1578
TATACONSUM,2026-02-24,1140.0,57.25,8800.0,0.0,14.5,53350.0,0.0,1190.0,1190.0,1190.0,0.219,2026-01-28 09:13:02,-2178
TATACONSUM,2026-02-24,1150.0,60.9,17600.0,0.0,16.9,111100.0,0.0,1190.0,1190.0,1190.0,0.219,2026-01-28 09:13:02,-2706
TATACONSUM,2026-02-24,1160.0,51.75,29150.0,0.0,19.4,84150.0,0.0,1190.0,1190.0,1190.0,0.219,2026-01-28 09:13:02,-3158
TATACONSUM,2026-02-24,1170.0,45.8,46200.0,0.0,21.85,59400.0,0.0,1190.0,1190.0,1190.0,0.219,2026-01-28 09:13:02,-3429
TATACONSUM,2026-02-24,1180.0,39.65,107250.0,0.0,26.45,106700.0,0.0,1190.0,1190.0,1190.0,0.219,2026-01-28 09:13:02,-3500
TATACONSUM,2026-02-24,1190.0,34.75,64900.0,0.0,30.95,42900.0,0.0,1190.0,1190.0,1190.0,0.219,2026-01-28 09:13:02,-3296
TATACONSUM,2026-02-24,1200.0,29.85,462000.0,0.0,35.6,115500.0,0.0,1190.0,1190.0,1190.0,0.219,2026-01-28 09:13:02,-3034
TATACONSUM,2026-02-24,1210.0,26.05,25850.0,0.0,0.0,0.0,0.0,1190.0,1190.0,1190.0,0.219,2026-01-28 09:13:02,-1320
TATACONSUM,2026-02-24,1220.0,22.3,123200.0,0.0,50.7,8250.0,0.0,1190.0,1190.0,1190.0,0.219,2026-01-28 09:13:02,-481
TATACONSUM,2026-02-24,1230.0,18.4,28050.0,0.0,0.0,0.0,0.0,1190.0,1190.0,1190.0,0.219,2026-01-28 09:13:02,655
TATACONSUM,2026-02-24,1240.0,15.3,113300.0,0.0,74.0,2750.0,0.0,1190.0,1190.0,1190.0,0.219,2026-01-28 09:13:02,1638
TATACONSUM,2026-02-24,1250.0,12.7,155650.0,0.0,89.55,2200.0,0.0,1190.0,1190.0,1190.0,0.219,2026-01-28 09:13:02,2839
TATACONSUM,2026-02-24,1260.0,10.3,137500.0,0.0,104.0,0.0,0.0,1190.0,1190.0,1190.0,0.219,2026-01-28 09:13:02,4223
TATACONSUM,2026-02-24,1270.0,8.5,20900.0,0.0,0.0,0.0,0.0,1190.0,1190.0,1190.0,0.219,2026-01-28 09:13:02,5707
TATACONSUM,2026-02-24,1280.0,7.4,52250.0,0.0,94.35,1650.0,0.0,1190.0,1190.0,1190.0,0.219,2026-01-28 09:13:02,7089
TATACONSUM,2026-02-24,1290.0,5.95,9350.0,0.0,0.0,0.0,0.0,1190.0,1190.0,1190.0,0.219,2026-01-28 09:13:02,8530
TATACONSUM,2026-02-24,1300.0,5.2,330550.0,0.0,136.3,3300.0,0.0,1190.0,1190.0,1190.0,0.219,2026-01-28 09:13:02,9963
TATACONSUM,2026-02-24,1310.0,4.05,1100.0,0.0,0.0,0.0,0.0,1190.0,1190.0,1190.0,0.219,2026-01-28 09:13:02,11851
TATACONSUM,2026-02-24,1320.0,3.25,1650.0,0.0,0.0,0.0,0.0,1190.0,1190.0,1190.0,0.219,2026-01-28 09:13:02,13614
TATACONSUM,2026-02-24,1330.0,0.0,0.0,0.0,0.0,0.0,0.0,1190.0,1190.0,1190.0,0.219,2026-01-28 09:13:02,15378
TATACONSUM,2026-02-24,1340.0,2.75,29700.0,0.0,148.5,0.0,0.0,1190.0,1190.0,1190.0,0.219,2026-01-28 09:13:02,17142
TATACONSUM,2026-02-24,1360.0,2.15,13200.0,0.0,0.0,0.0,0.0,1190.0,1190.0,1190.0,0.219,2026-01-28 09:13:02,20737
TATACONSUM,2026-02-24,1380.0,1.45,6600.0,0.0,0.0,0.0,0.0,1190.0,1190.0,1190.0,0.219,2026-01-28 09:13:02,24353
TATACONSUM,2026-02-24,1400.0,1.6,55550.0,0.0,0.0,0.0,0.0,1190.0,1190.0,1190.0,0.219,2026-01-28 09:13:02,27981
TATAELXSI,2026-02-24,4200.0,0.0,0.0,0.0,0.9,400.0,0.0,5438.0,5438.0,5438.0,0.425,2026-01-28 09:13:02,16391
TATAELXSI,2026-02-24,4400.0,0.0,0.0,0.0,3.5,2300.0,0.0,5438.0,5438.0,5438.0,0.425,2026-01-28 09:13:02,12977
TATAELXSI,2026-02-24,4500.0,0.0,0.0,0.0,12.05,1800.0,0.0,5438.0,5438.0,5438.0,0.425,2026-01-28 09:13:02,11292
TATAELXSI,2026-02-24,4600.0,0.0,0.0,0.0,17.0,1300.0,0.0,5438.0,5438.0,5438.0,0.425,2026-01-28 09:13:02,9624
TATAELXSI,2026-02-24,4650.0,0.0,0.0,0.0,0.0,0.0,0.0,5438.0,5438.0,5438.0,0.425,2026-01-28 09:13:02,8795
TATAELXSI,2026-02-24,4700.0,754.3,1100.0,0.0,17.75,200.0,0.0,5438.0,5438.0,5438.0,0.425,2026-01-28 09:13:02,7969
TATAELXSI,2026-02-24,4750.0,709.15,500.0,0.0,22.35,900.0,0.0,5438.0,5438.0,5438.0,0.425,2026-01-28 09:13:02,7231
TATAELXSI,2026-02-24,4800.0,0.0,0.0,0.0,26.9,10000.0,0.0,5438.0,5438.0,5438.0,0.425,2026-01-28 09:13:02,6452
TATAELXSI,2026-02-24,4850.0,0.0,0.0,0.0,34.4,200.0,0.0,5438.0,5438.0,5438.0,0.425,2026-01-28 09:13:02,5662
TATAELXSI,2026-02-24,4900.0,0.0,0.0,0.0,42.05,300.0,0.0,5438.0,5438.0,5438.0,0.425,2026-01-28 09:13:02,4899
TATAELXSI,2026-02-24,4950.0,538.65,300.0,0.0,41.75,1900.0,0.0,5438.0,5438.0,5438.0,0.425,2026-01-28 09:13:02,4137
TATAELXSI,2026-02-24,5000.0,472.75,4300.0,0.0,49.35,15800.0,0.0,5438.0,5438.0,5438.0,0.425,2026-01-28 09:13:02,3396
TATAELXSI,2026-02-24,5050.0,0.0,0.0,0.0,56.95,4900.0,0.0,5438.0,5438.0,5438.0,0.425,2026-01-28 09:13:02,2872
TATAELXSI,2026-02-24,5100.0,420.15,200.0,0.0,65.7,8300.0,0.0,5438.0,5438.0,5438.0,0.425,2026-01-28 09:13:02,2220
TATAELXSI,2026-02-24,5150.0,0.0,0.0,0.0,0.0,0.0,0.0,5438.0,5438.0,5438.0,0.425,2026-01-28 09:13:02,1592
TATAELXSI,2026-02-24,5200.0,340.0,1000.0,0.0,89.35,11400.0,0.0,5438.0,5438.0,5438.0,0.425,2026-01-28 09:13:02,1010
TATAELXSI,2026-02-24,5250.0,0.0,0.0,0.0,109.65,3400.0,0.0,5438.0,5438.0,5438.0,0.425,2026-01-28 09:13:02,422
TATAELXSI,2026-02-24,5300.0,264.45,7300.0,0.0,122.15,13900.0,0.0,5438.0,5438.0,5438.0,0.425,2026-01-28 09:13:02,-117
TATAELXSI,2026-02-24,5350.0,191.9,1600.0,0.0,141.8,4300.0,0.0,5438.0,5438.0,5438.0,0.425,2026-01-28 09:13:02,-491
TATAELXSI,2026-02-24,5400.0,206.25,26300.0,0.0,164.05,25700.0,0.0,5438.0,5438.0,5438.0,0.425,2026-01-28 09:13:02,-889
TATAELXSI,2026-02-24,5450.0,182.9,3300.0,0.0,188.05,13200.0,0.0,5438.0,5438.0,5438.0,0.425,2026-01-28 09:13:02,-876
TATAELXSI,2026-02-24,5500.0,158.0,27600.0,0.0,214.3,12000.0,0.0,5438.0,5438.0,5438.0,0.425,2026-01-28 09:13:02,-1088
TATAELXSI,2026-02-24,5550.0,135.5,2900.0,0.0,0.0,0.0,0.0,5438.0,5438.0,5438.0,0.425,2026-01-28 09:13:02,-736
TATAELXSI,2026-02-24,5600.0,117.0,22700.0,0.0,285.2,8000.0,0.0,5438.0,5438.0,5438.0,0.425,2026-01-28 09:13:02,-510
TATAELXSI,2026-02-24,5650.0,102.6,3100.0,0.0,344.9,1000.0,0.0,5438.0,5438.0,5438.0,0.425,2026-01-28 09:13:02,-131
TATAELXSI,2026-02-24,5700.0,88.25,15700.0,0.0,372.0,6200.0,0.0,5438.0,5438.0,5438.0,0.425,2026-01-28 09:13:02,227
TATAELXSI,2026-02-24,5750.0,88.65,100.0,0.0,413.95,100.0,0.0,5438.0,5438.0,5438.0,0.425,2026-01-28 09:13:02,605
TATAELXSI,2026-02-24,5800.0,67.2,47800.0,0.0,440.6,4000.0,0.0,5438.0,5438.0,5438.0,0.425,2026-01-28 09:13:02,1074
TATAELXSI,2026-02-24,5850.0,80.85,2600.0,0.0,0.0,0.0,0.0,5438.0,5438.0,5438.0,0.425,2026-01-28 09:13:02,1950
TATAELXSI,2026-02-24,5900.0,50.05,13700.0,0.0,528.1,700.0,0.0,5438.0,5438.0,5438.0,0.425,2026-01-28 09:13:02,2715
TATAELXSI,2026-02-24,5950.0,45.4,4700.0,0.0,0.0,0.0,0.0,5438.0,5438.0,5438.0,0.425,2026-01-28 09:13:02,3563
TATAELXSI,2026-02-24,6000.0,39.65,200500.0,0.0,586.3,11400.0,0.0,5438.0,5438.0,5438.0,0.425,2026-01-28 09:13:02,4424
TATAELXSI,2026-02-24,6050.0,34.65,9200.0,0.0,650.0,100.0,0.0,5438.0,5438.0,5438.0,0.425,2026-01-28 09:13:02,6449
TATAELXSI,2026-02-24,6100.0,31.3,14600.0,0.0,695.8,2100.0,0.0,5438.0,5438.0,5438.0,0.425,2026-01-28 09:13:02,8420
TATAELXSI,2026-02-24,6150.0,0.0,0.0,0.0,0.0,0.0,0.0,5438.0,5438.0,5438.0,0.425,2026-01-28 09:13:02,10349
TATAELXSI,2026-02-24,6200.0,24.05,18500.0,0.0,784.8,300.0,0.0,5438.0,5438.0,5438.0,0.425,2026-01-28 09:13:02,12378
TATAELXSI,2026-02-24,6250.0,0.0,0.0,0.0,0.0,0.0,0.0,5438.0,5438.0,5438.0,0.425,2026-01-28 09:13:02,14522
TATAELXSI,2026-02-24,6300.0,20.3,2500.0,0.0,0.0,0.0,0.0,5438.0,5438.0,5438.0,0.425,2026-01-28 09:13:02,16645
TATAELXSI,2026-02-24,6350.0,17.1,300.0,0.0,0.0,0.0,0.0,5438.0,5438.0,5438.0,0.425,2026-01-28 09:13:02,18785
TATAELXSI,2026-02-24,6400.0,17.0,1500.0,0.0,0.0,0.0,0.0,5438.0,5438.0,5438.0,0.425,2026-01-28 09:13:02,20923
TATAELXSI,2026-02-24,6450.0,12.05,800.0,0.0,0.0,0.0,0.0,5438.0,5438.0,5438.0,0.425,2026-01-28 09:13:02,23070
TATAELXSI,2026-02-24,6500.0,12.65,8200.0,0.0,1110.0,4400.0,0.0,5438.0,5438.0,5438.0,0.425,2026-01-28 09:13:02,25219
TATAELXSI,2026-02-24,6550.0,14.4,4000.0,0.0,0.0,0.0,0.0,5438.0,5438.0,5438.0,0.425,2026-01-28 09:13:02,26953
TATAELXSI,2026-02-24,6600.0,6.95,200.0,0.0,1161.7,200.0,0.0,5438.0,5438.0,5438.0,0.425,2026-01-28 09:13:02,29190
TATAELXSI,2026-02-24,6650.0,5.75,1400.0,0.0,0.0,0.0,0.0,5438.0,5438.0,5438.0,0.425,2026-01-28 09:13:02,31400
TATAELXSI,2026-02-24,6700.0,8.3,4000.0,0.0,1328.0,400.0,0.0,5438.0,5438.0,5438.0,0.425,2026-01-28 09:13:02,33642
TATAPOWER,2026-02-24,290.0,0.0,0.0,0.0,1.25,172550.0,0.0,349.0,349.0,349.0,0.359,2026-01-28 09:13:02,155573
TATAPOWER,2026-02-24,295.0,0.0,0.0,0.0,1.4,52200.0,0.0,349.0,349.0,349.0,0.359,2026-01-28 09:13:02,146089
TATAPOWER,2026-02-24,300.0,49.5,1450.0,0.0,1.65,623500.0,0.0,349.0,349.0,349.0,0.359,2026-01-28 09:13:02,136646
TATAPOWER,2026-02-24,305.0,0.0,0.0,0.0,1.75,5800.0,0.0,349.0,349.0,349.0,0.359,2026-01-28 09:13:02,127427
TATAPOWER,2026-02-24,310.0,40.25,21750.0,0.0,2.2,158050.0,0.0,349.0,349.0,349.0,0.359,2026-01-28 09:13:02,118305
TATAPOWER,2026-02-24,315.0,34.45,37700.0,0.0,2.6,113100.0,0.0,349.0,349.0,349.0,0.359,2026-01-28 09:13:02,109328
TATAPOWER,2026-02-24,317.5,0.0,0.0,0.0,3.05,29000.0,0.0,349.0,349.0,349.0,0.359,2026-01-28 09:13:02,104950
TATAPOWER,2026-02-24,320.0,33.8,44950.0,0.0,3.2,294350.0,0.0,349.0,349.0,349.0,0.359,2026-01-28 09:13:02,100471
TATAPOWER,2026-02-24,322.5,27.85,2900.0,0.0,3.75,50750.0,0.0,349.0,349.0,349.0,0.359,2026-01-28 09:13:02,96143
TATAPOWER,2026-02-24,325.0,27.35,17400.0,0.0,4.1,152250.0,0.0,349.0,349.0,349.0,0.359,2026-01-28 09:13:02,91760
TATAPOWER,2026-02-24,327.5,0.0,0.0,0.0,0.0,0.0,0.0,349.0,349.0,349.0,0.359,2026-01-28 09:13:02,87416
TATAPOWER,2026-02-24,330.0,26.15,69600.0,0.0,4.85,524900.0,0.0,349.0,349.0,349.0,0.359,2026-01-28 09:13:02,83086
TATAPOWER,2026-02-24,332.5,0.0,0.0,0.0,5.55,11600.0,0.0,349.0,349.0,349.0,0.359,2026-01-28 09:13:02,78833
TATAPOWER,2026-02-24,335.0,19.4,11600.0,0.0,6.05,127600.0,0.0,349.0,349.0,349.0,0.359,2026-01-28 09:13:02,74648
TATAPOWER,2026-02-24,337.5,0.0,0.0,0.0,7.2,37700.0,0.0,349.0,349.0,349.0,0.359,2026-01-28 09:13:02,70450
TATAPOWER,2026-02-24,340.0,17.5,271150.0,0.0,7.65,1841500.0,0.0,349.0,349.0,349.0,0.359,2026-01-28 09:13:02,66289
TATAPOWER,2026-02-24,342.5,16.35,42050.0,0.0,9.1,155150.0,0.0,349.0,349.0,349.0,0.359,2026-01-28 09:13:02,61749
TATAPOWER,2026-02-24,345.0,14.5,659750.0,0.0,8.9,740950.0,0.0,349.0,349.0,349.0,0.359,2026-01-28 09:13:02,58120
TATAPOWER,2026-02-24,347.5,12.6,137750.0,0.0,10.5,194300.0,0.0,349.0,349.0,349.0,0.359,2026-01-28 09:13:02,55211
TATAPOWER,2026-02-24,350.0,11.75,2061900.0,0.0,11.65,2186600.0,0.0,349.0,349.0,349.0,0.359,2026-01-28 09:13:02,52057
TATAPOWER,2026-02-24,352.5,10.4,88450.0,0.0,12.6,110200.0,0.0,349.0,349.0,349.0,0.359,2026-01-28 09:13:02,49871
TATAPOWER,2026-02-24,355.0,9.45,593050.0,0.0,13.3,456750.0,0.0,349.0,349.0,349.0,0.359,2026-01-28 09:13:02,47813
TATAPOWER,2026-02-24,357.5,9.4,20300.0,0.0,16.2,18850.0,0.0,349.0,349.0,349.0,0.359,2026-01-28 09:13:02,46017
TATAPOWER,2026-02-24,360.0,7.65,1236850.0,0.0,17.1,1402150.0,0.0,349.0,349.0,349.0,0.359,2026-01-28 09:13:02,44266
TATAPOWER,2026-02-24,362.5,5.7,0.0,0.0,0.0,0.0,0.0,349.0,349.0,349.0,0.359,2026-01-28 09:13:02,41735
TATAPOWER,2026-02-24,365.0,5.95,423400.0,0.0,20.1,165300.0,0.0,349.0,349.0,349.0,0.359,2026-01-28 09:13:02,40655
TATAPOWER,2026-02-24,367.5,5.1,40600.0,0.0,0.0,0.0,0.0,349.0,349.0,349.0,0.359,2026-01-28 09:13:02,39643
TATAPOWER,2026-02-24,370.0,4.4,1029500.0,0.0,23.9,478500.0,0.0,349.0,349.0,349.0,0.359,2026-01-28 09:13:02,38741
TATAPOWER,2026-02-24,372.5,3.7,43500.0,0.0,0.0,0.0,0.0,349.0,349.0,349.0,0.359,2026-01-28 09:13:02,37505
TATAPOWER,2026-02-24,375.0,3.3,252300.0,0.0,30.0,147900.0,0.0,349.0,349.0,349.0,0.359,2026-01-28 09:13:02,36987
TATAPOWER,2026-02-24,377.5,2.9,24650.0,0.0,33.0,13050.0,0.0,349.0,349.0,349.0,0.359,2026-01-28 09:13:02,36192
TATAPOWER,2026-02-24,380.0,2.6,1352850.0,0.0,32.55,1020800.0,0.0,349.0,349.0,349.0,0.359,2026-01-28 09:13:02,35732
TATAPOWER,2026-02-24,382.5,1.85,44950.0,0.0,37.2,11600.0,0.0,349.0,349.0,349.0,0.359,2026-01-28 09:13:02,32929
TATAPOWER,2026-02-24,385.0,2.0,262450.0,0.0,36.55,76850.0,0.0,349.0,349.0,349.0,0.359,2026-01-28 09:13:02,33077
TATAPOWER,2026-02-24,387.5,1.6,146450.0,0.0,0.0,0.0,0.0,349.0,349.0,349.0,0.359,2026-01-28 09:13:02,33116
TATAPOWER,2026-02-24,390.0,1.5,933800.0,0.0,40.5,1199150.0,0.0,349.0,349.0,349.0,0.359,2026-01-28 09:13:02,33444
TATAPOWER,2026-02-24,392.5,1.1,71050.0,0.0,44.1,2900.0,0.0,349.0,349.0,349.0,0.359,2026-01-28 09:13:02,29565
TATAPOWER,2026-02-24,395.0,1.05,81200.0,0.0,46.4,8700.0,0.0,349.0,349.0,349.0,0.359,2026-01-28 09:13:02,30416
TATAPOWER,2026-02-24,397.5,0.95,11600.0,0.0,0.0,0.0,0.0,349.0,349.0,349.0,0.359,2026-01-28 09:13:02,31262
TATAPOWER,2026-02-24,400.0,0.9,1909650.0,0.0,49.6,1441300.0,0.0,349.0,349.0,349.0,0.359,2026-01-28 09:13:02,32144
TATAPOWER,2026-02-24,402.5,0.6,1450.0,0.0,0.0,0.0,0.0,349.0,349.0,349.0,0.359,2026-01-28 09:13:02,26886
TATAPOWER,2026-02-24,405.0,0.7,18850.0,0.0,52.0,18850.0,0.0,349.0,349.0,349.0,0.359,2026-01-28 09:13:02,28606
TATAPOWER,2026-02-24,407.5,0.0,0.0,0.0,0.0,0.0,0.0,349.0,349.0,349.0,0.359,2026-01-28 09:13:02,30238
TATAPOWER,2026-02-24,410.0,0.45,545200.0,0.0,58.85,640900.0,0.0,349.0,349.0,349.0,0.359,2026-01-28 09:13:02,31967
TATAPOWER,2026-02-24,412.5,0.0,0.0,0.0,0.0,0.0,0.0,349.0,349.0,349.0,0.359,2026-01-28 09:13:02,30245
TATAPOWER,2026-02-24,415.0,0.35,42050.0,0.0,65.0,78300.0,0.0,349.0,349.0,349.0,0.359,2026-01-28 09:13:02,32270
TATAPOWER,2026-02-24,417.5,0.0,0.0,0.0,0.0,0.0,0.0,349.0,349.0,349.0,0.359,2026-01-28 09:13:02,33818
TATAPOWER,2026-02-24,420.0,0.2,912050.0,0.0,67.0,1349950.0,0.0,349.0,349.0,349.0,0.359,2026-01-28 09:13:02,35873
TATAPOWER,2026-02-24,422.5,0.0,0.0,0.0,0.0,0.0,0.0,349.0,349.0,349.0,0.359,2026-01-28 09:13:02,29468
TATAPOWER,2026-02-24,425.0,0.1,2900.0,0.0,77.3,147900.0,0.0,349.0,349.0,349.0,0.359,2026-01-28 09:13:02,32089
TATAPOWER,2026-02-24,430.0,0.15,287100.0,0.0,78.0,491550.0,0.0,349.0,349.0,349.0,0.359,2026-01-28 09:13:02,36263
TATAPOWER,2026-02-24,435.0,0.1,13050.0,0.0,89.0,97150.0,0.0,349.0,349.0,349.0,0.359,2026-01-28 09:13:02,38139
TATAPOWER,2026-02-24,440.0,0.1,714850.0,0.0,85.75,1260050.0,0.0,349.0,349.0,349.0,0.359,2026-01-28 09:13:02,43036
TATAPOWER,2026-02-24,445.0,0.0,0.0,0.0,0.0,0.0,0.0,349.0,349.0,349.0,0.359,2026-01-28 09:13:02,38988
TATAPOWER,2026-02-24,450.0,0.1,532150.0,0.0,98.6,986000.0,0.0,349.0,349.0,349.0,0.359,2026-01-28 09:13:02,45737
TATASTEEL,2026-02-24,130.0,62.88,99000.0,0.0,0.0,0.0,0.0,193.49,193.49,193.49,0.629,2026-01-28 09:13:02,208949
TATASTEEL,2026-02-24,145.0,0.0,0.0,0.0,0.01,11000.0,0.0,193.49,193.49,193.49,0.629,2026-01-28 09:13:02,138506
TATASTEEL,2026-02-24,150.0,0.0,0.0,0.0,0.16,616000.0,0.0,193.49,193.49,193.49,0.629,2026-01-28 09:13:02,114823
TATASTEEL,2026-02-24,154.0,38.0,638000.0,0.0,0.03,5500.0,0.0,193.49,193.49,193.49,0.629,2026-01-28 09:13:02,96113
TATASTEEL,2026-02-24,155.0,0.0,0.0,0.0,0.28,126500.0,0.0,193.49,193.49,193.49,0.629,2026-01-28 09:13:02,93927
TATASTEEL,2026-02-24,156.0,0.0,0.0,0.0,0.0,0.0,0.0,193.49,193.49,193.49,0.629,2026-01-28 09:13:02,89325
TATASTEEL,2026-02-24,158.0,0.0,0.0,0.0,0.07,11000.0,0.0,193.49,193.49,193.49,0.629,2026-01-28 09:13:02,80129
TATASTEEL,2026-02-24,160.0,32.54,704000.0,0.0,0.35,891000.0,0.0,193.49,193.49,193.49,0.629,2026-01-28 09:13:02,70936
TATASTEEL,2026-02-24,162.0,0.0,0.0,0.0,0.4,44000.0,0.0,193.49,193.49,193.49,0.629,2026-01-28 09:13:02,64320
TATASTEEL,2026-02-24,164.0,0.0,0.0,0.0,0.0,0.0,0.0,193.49,193.49,193.49,0.629,2026-01-28 09:13:02,55453
TATASTEEL,2026-02-24,165.0,27.31,550000.0,0.0,0.54,935000.0,0.0,193.49,193.49,193.49,0.629,2026-01-28 09:13:02,51020
TATASTEEL,2026-02-24,166.0,0.0,0.0,0.0,0.69,44000.0,0.0,193.49,193.49,193.49,0.629,2026-01-28 09:13:02,48187
TATASTEEL,2026-02-24,167.0,0.0,0.0,0.0,0.36,132000.0,0.0,193.49,193.49,193.49,0.629,2026-01-28 09:13:02,43904
TATASTEEL,2026-02-24,168.0,0.0,0.0,0.0,0.73,55000.0,0.0,193.49,193.49,193.49,0.629,2026-01-28 09:13:02,39632
TATASTEEL,2026-02-24,169.0,0.0,0.0,0.0,0.49,44000.0,0.0,193.49,193.49,193.49,0.629,2026-01-28 09:13:02,35367
TATASTEEL,2026-02-24,170.0,24.0,1287000.0,0.0,0.85,3883000.0,0.0,193.49,193.49,193.49,0.629,2026-01-28 09:13:02,31107
TATASTEEL,2026-02-24,171.0,0.0,0.0,0.0,1.05,82500.0,0.0,193.49,193.49,193.49,0.629,2026-01-28 09:13:02,30126
TATASTEEL,2026-02-24,172.0,0.0,0.0,0.0,1.02,588500.0,0.0,193.49,193.49,193.49,0.629,2026-01-28 09:13:02,26386
TATASTEEL,2026-02-24,173.0,19.0,5500.0,0.0,1.14,907500.0,0.0,193.49,193.49,193.49,0.629,2026-01-28 09:13:02,22653
TATASTEEL,2026-02-24,174.0,0.0,0.0,0.0,1.19,814000.0,0.0,193.49,193.49,193.49,0.629,2026-01-28 09:13:02,18978
TATASTEEL,2026-02-24,175.0,18.5,797500.0,0.0,1.38,4708000.0,0.0,193.49,193.49,193.49,0.629,2026-01-28 09:13:02,15381
TATASTEEL,2026-02-24,176.0,0.0,0.0,0.0,1.47,258500.0,0.0,193.49,193.49,193.49,0.629,2026-01-28 09:13:02,13257
TATASTEEL,2026-02-24,177.0,0.0,0.0,0.0,1.58,137500.0,0.0,193.49,193.49,193.49,0.629,2026-01-28 09:13:02,10295
TATASTEEL,2026-02-24,178.0,15.0,5500.0,0.0,1.78,330000.0,0.0,193.49,193.49,193.49,0.629,2026-01-28 09:13:02,7364
TATASTEEL,2026-02-24,179.0,0.0,0.0,0.0,2.08,319000.0,0.0,193.49,193.49,193.49,0.629,2026-01-28 09:13:02,4437
TATASTEEL,2026-02-24,180.0,14.99,1617000.0,0.0,2.13,6429500.0,0.0,193.49,193.49,193.49,0.629,2026-01-28 09:13:02,1526
TATASTEEL,2026-02-24,181.0,14.41,33000.0,0.0,2.41,390500.0,0.0,193.49,193.49,193.49,0.629,2026-01-28 09:13:02,540
TATASTEEL,2026-02-24,182.0,11.99,192500.0,0.0,2.54,896500.0,0.0,193.49,193.49,193.49,0.629,2026-01-28 09:13:02,-1503
TATASTEEL,2026-02-24,183.0,12.53,77000.0,0.0,2.74,418000.0,0.0,193.49,193.49,193.49,0.629,2026-01-28 09:13:02,-3389
TATASTEEL,2026-02-24,184.0,11.48,115500.0,0.0,3.05,231000.0,0.0,193.49,193.49,193.49,0.629,2026-01-28 09:13:02,-5246
TATASTEEL,2026-02-24,185.0,11.56,2216500.0,0.0,3.33,4922500.0,0.0,193.49,193.49,193.49,0.629,2026-01-28 09:13:02,-6988
TATASTEEL,2026-02-24,186.0,8.2,187000.0,0.0,3.73,203500.0,0.0,193.49,193.49,193.49,0.629,2026-01-28 09:13:02,-7156
TATASTEEL,2026-02-24,187.0,10.25,242000.0,0.0,4.07,605000.0,0.0,193.49,193.49,193.49,0.629,2026-01-28 09:13:02,-8130
TATASTEEL,2026-02-24,188.0,9.69,1105500.0,0.0,4.39,1177000.0,0.0,193.49,193.49,193.49,0.629,2026-01-28 09:13:02,-9095
TATASTEEL,2026-02-24,189.0,9.01,731500.0,0.0,4.74,1001000.0,0.0,193.49,193.49,193.49,0.629,2026-01-28 09:13:02,-9279
TATASTEEL,2026-02-24,190.0,8.37,10235500.0,0.0,5.17,7793500.0,0.0,193.49,193.49,193.49,0.629,2026-01-28 09:13:02,-9660
TATASTEEL,2026-02-24,191.0,7.81,1089000.0,0.0,5.67,1028500.0,0.0,193.49,193.49,193.49,0.629,2026-01-28 09:13:02,-3885
TATASTEEL,2026-02-24,192.0,7.28,2018500.0,0.0,6.08,869000.0,0.0,193.49,193.49,193.49,0.629,2026-01-28 09:13:02,-2168
TATASTEEL,2026-02-24,193.0,6.8,1094500.0,0.0,6.43,495000.0,0.0,193.49,193.49,193.49,0.629,2026-01-28 09:13:02,510
TATASTEEL,2026-02-24,194.0,6.36,797500.0,0.0,7.06,313500.0,0.0,193.49,193.49,193.49,0.629,2026-01-28 09:13:02,2833
TATASTEEL,2026-02-24,195.0,5.85,5027000.0,0.0,7.53,2519000.0,0.0,193.49,193.49,193.49,0.629,2026-01-28 09:13:02,5127
TATASTEEL,2026-02-24,196.0,5.45,297000.0,0.0,8.45,5500.0,0.0,193.49,193.49,193.49,0.629,2026-01-28 09:13:02,8933
TATASTEEL,2026-02-24,197.0,5.06,1056000.0,0.0,9.54,27500.0,0.0,193.49,193.49,193.49,0.629,2026-01-28 09:13:02,11884
TATASTEEL,2026-02-24,198.0,4.67,550000.0,0.0,9.65,71500.0,0.0,193.49,193.49,193.49,0.629,2026-01-28 09:13:02,15293
TATASTEEL,2026-02-24,199.0,4.27,236500.0,0.0,10.28,11000.0,0.0,193.49,193.49,193.49,0.629,2026-01-28 09:13:02,18444
TATASTEEL,2026-02-24,200.0,3.95,9872500.0,0.0,10.77,2722500.0,0.0,193.49,193.49,193.49,0.629,2026-01-28 09:13:02,21522
TATASTEEL,2026-02-24,201.0,3.58,357500.0,0.0,0.0,0.0,0.0,193.49,193.49,193.49,0.629,2026-01-28 09:13:02,26737
TATASTEEL,2026-02-24,202.0,3.39,566500.0,0.0,0.0,0.0,0.0,193.49,193.49,193.49,0.629,2026-01-28 09:13:02,31149
TATASTEEL,2026-02-24,203.0,0.0,0.0,0.0,0.0,0.0,0.0,193.49,193.49,193.49,0.629,2026-01-28 09:13:02,35681
TATASTEEL,2026-02-24,204.0,2.82,1364000.0,0.0,13.8,33000.0,0.0,193.49,193.49,193.49,0.629,2026-01-28 09:13:02,40021
TATASTEEL,2026-02-24,206.0,2.33,1061500.0,0.0,0.0,0.0,0.0,193.49,193.49,193.49,0.629,2026-01-28 09:13:02,49319
TATASTEEL,2026-02-24,208.0,1.98,638000.0,0.0,14.85,5500.0,0.0,193.49,193.49,193.49,0.629,2026-01-28 09:13:02,58738
TATASTEEL,2026-02-24,210.0,1.63,5736500.0,0.0,19.0,71500.0,0.0,193.49,193.49,193.49,0.629,2026-01-28 09:13:02,68157
TATASTEEL,2026-02-24,212.0,1.34,643500.0,0.0,0.0,0.0,0.0,193.49,193.49,193.49,0.629,2026-01-28 09:13:02,79418
TATASTEEL,2026-02-24,214.0,1.1,2849000.0,0.0,21.72,291500.0,0.0,193.49,193.49,193.49,0.629,2026-01-28 09:13:02,90095
TATASTEEL,2026-02-24,216.0,0.0,0.0,0.0,0.0,0.0,0.0,193.49,193.49,193.49,0.629,2026-01-28 09:13:02,100995
TATATECH,2026-02-24,540.0,0.0,0.0,0.0,0.85,1600.0,0.0,652.4,652.4,652.4,0.154,2026-01-28 09:13:02,16529
TATATECH,2026-02-24,550.0,0.0,0.0,0.0,0.0,0.0,0.0,652.4,652.4,652.4,0.154,2026-01-28 09:13:02,14901
TATATECH,2026-02-24,560.0,0.0,0.0,0.0,1.5,800.0,0.0,652.4,652.4,652.4,0.154,2026-01-28 09:13:02,13274
TATATECH,2026-02-24,570.0,0.0,0.0,0.0,1.75,800.0,0.0,652.4,652.4,652.4,0.154,2026-01-28 09:13:02,11647
TATATECH,2026-02-24,580.0,85.8,0.0,0.0,2.2,16000.0,0.0,652.4,652.4,652.4,0.154,2026-01-28 09:13:02,10022
TATATECH,2026-02-24,585.0,0.0,0.0,0.0,2.95,5600.0,0.0,652.4,652.4,652.4,0.154,2026-01-28 09:13:02,9213
TATATECH,2026-02-24,590.0,0.0,0.0,0.0,2.4,2400.0,0.0,652.4,652.4,652.4,0.154,2026-01-28 09:13:02,8410
TATATECH,2026-02-24,595.0,0.0,0.0,0.0,3.65,2400.0,0.0,652.4,652.4,652.4,0.154,2026-01-28 09:13:02,7608
TATATECH,2026-02-24,600.0,56.7,8000.0,0.0,3.8,184000.0,0.0,652.4,652.4,652.4,0.154,2026-01-28 09:13:02,6808
TATATECH,2026-02-24,605.0,0.0,0.0,0.0,4.5,1600.0,0.0,652.4,652.4,652.4,0.154,2026-01-28 09:13:02,6080
TATATECH,2026-02-24,610.0,0.0,0.0,0.0,5.45,2400.0,0.0,652.4,652.4,652.4,0.154,2026-01-28 09:13:02,5376
TATATECH,2026-02-24,615.0,0.0,0.0,0.0,6.55,1600.0,0.0,652.4,652.4,652.4,0.154,2026-01-28 09:13:02,4673
TATATECH,2026-02-24,620.0,0.0,0.0,0.0,7.3,108000.0,0.0,652.4,652.4,652.4,0.154,2026-01-28 09:13:02,3971
TATATECH,2026-02-24,625.0,0.0,0.0,0.0,9.45,4000.0,0.0,652.4,652.4,652.4,0.154,2026-01-28 09:13:02,3246
TATATECH,2026-02-24,630.0,35.05,0.0,0.0,9.85,153600.0,0.0,652.4,652.4,652.4,0.154,2026-01-28 09:13:02,2597
TATATECH,2026-02-24,635.0,0.0,0.0,0.0,12.3,8800.0,0.0,652.4,652.4,652.4,0.154,2026-01-28 09:13:02,1878
TATATECH,2026-02-24,640.0,29.5,17600.0,0.0,13.1,138400.0,0.0,652.4,652.4,652.4,0.154,2026-01-28 09:13:02,1304
TATATECH,2026-02-24,645.0,0.0,0.0,0.0,15.65,8000.0,0.0,652.4,652.4,652.4,0.154,2026-01-28 09:13:02,689
TATATECH,2026-02-24,650.0,23.2,135200.0,0.0,16.8,156800.0,0.0,652.4,652.4,652.4,0.154,2026-01-28 09:13:02,194
TATATECH,2026-02-24,655.0,21.25,62400.0,0.0,17.7,34400.0,0.0,652.4,652.4,652.4,0.154,2026-01-28 09:13:02,-90
TATATECH,2026-02-24,660.0,18.4,544800.0,0.0,22.05,254400.0,0.0,652.4,652.4,652.4,0.154,2026-01-28 09:13:02,-305
TATATECH,2026-02-24,665.0,14.45,4000.0,0.0,24.0,800.0,0.0,652.4,652.4,652.4,0.154,2026-01-28 09:13:02,247
TATATECH,2026-02-24,670.0,14.1,160000.0,0.0,31.95,87200.0,0.0,652.4,652.4,652.4,0.154,2026-01-28 09:13:02,366
TATATECH,2026-02-24,675.0,12.65,1600.0,0.0,0.0,0.0,0.0,652.4,652.4,652.4,0.154,2026-01-28 09:13:02,551
TATATECH,2026-02-24,680.0,10.55,259200.0,0.0,32.45,90400.0,0.0,652.4,652.4,652.4,0.154,2026-01-28 09:13:02,793
TATATECH,2026-02-24,685.0,9.65,1600.0,0.0,40.1,800.0,0.0,652.4,652.4,652.4,0.154,2026-01-28 09:13:02,1187
TATATECH,2026-02-24,690.0,7.9,40000.0,0.0,40.2,7200.0,0.0,652.4,652.4,652.4,0.154,2026-01-28 09:13:02,1600
TATATECH,2026-02-24,695.0,6.95,800.0,0.0,0.0,0.0,0.0,652.4,652.4,652.4,0.154,2026-01-28 09:13:02,2042
TATATECH,2026-02-24,700.0,5.2,455200.0,0.0,49.5,230400.0,0.0,652.4,652.4,652.4,0.154,2026-01-28 09:13:02,2482
TATATECH,2026-02-24,705.0,5.35,8000.0,0.0,0.0,0.0,0.0,652.4,652.4,652.4,0.154,2026-01-28 09:13:02,2360
TATATECH,2026-02-24,710.0,4.0,44800.0,0.0,58.0,8000.0,0.0,652.4,652.4,652.4,0.154,2026-01-28 09:13:02,3150
TATATECH,2026-02-24,715.0,3.85,800.0,0.0,0.0,0.0,0.0,652.4,652.4,652.4,0.154,2026-01-28 09:13:02,3934
TATATECH,2026-02-24,720.0,2.95,116000.0,0.0,66.3,62400.0,0.0,652.4,652.4,652.4,0.154,2026-01-28 09:13:02,4747
TATATECH,2026-02-24,725.0,2.75,6400.0,0.0,0.0,0.0,0.0,652.4,652.4,652.4,0.154,2026-01-28 09:13:02,5270
TATATECH,2026-02-24,730.0,2.3,40000.0,0.0,78.7,9600.0,0.0,652.4,652.4,652.4,0.154,2026-01-28 09:13:02,6177
TATATECH,2026-02-24,735.0,0.0,0.0,0.0,0.0,0.0,0.0,652.4,652.4,652.4,0.154,2026-01-28 09:13:02,7040
TATATECH,2026-02-24,740.0,1.9,23200.0,0.0,82.0,1600.0,0.0,652.4,652.4,652.4,0.154,2026-01-28 09:13:02,7970
TATATECH,2026-02-24,745.0,0.0,0.0,0.0,91.5,0.0,0.0,652.4,652.4,652.4,0.154,2026-01-28 09:13:02,8904
TATATECH,2026-02-24,750.0,1.5,85600.0,0.0,100.0,21600.0,0.0,652.4,652.4,652.4,0.154,2026-01-28 09:13:02,9846
TATATECH,2026-02-24,755.0,0.0,0.0,0.0,0.0,0.0,0.0,652.4,652.4,652.4,0.154,2026-01-28 09:13:02,10639
TATATECH,2026-02-24,760.0,1.55,20800.0,0.0,96.0,12800.0,0.0,652.4,652.4,652.4,0.154,2026-01-28 09:13:02,11635
TATATECH,2026-02-24,765.0,0.0,0.0,0.0,0.0,0.0,0.0,652.4,652.4,652.4,0.154,2026-01-28 09:13:02,12528
TATATECH,2026-02-24,770.0,0.0,0.0,0.0,0.0,0.0,0.0,652.4,652.4,652.4,0.154,2026-01-28 09:13:02,13541
TATATECH,2026-02-24,775.0,0.0,0.0,0.0,0.0,0.0,0.0,652.4,652.4,652.4,0.154,2026-01-28 09:13:02,14554
TATATECH,2026-02-24,780.0,0.0,0.0,0.0,123.5,10400.0,0.0,652.4,652.4,652.4,0.154,2026-01-28 09:13:02,15567
TCS,2026-02-24,2640.0,530.25,13475.0,0.0,2.9,9275.0,0.0,3176.0,3176.0,3176.0,0.57,2026-01-28 09:13:02,169495
TCS,2026-02-24,2680.0,0.0,0.0,0.0,0.0,0.0,0.0,3176.0,3176.0,3176.0,0.57,2026-01-28 09:13:02,155464
TCS,2026-02-24,2720.0,451.05,525.0,0.0,4.25,13825.0,0.0,3176.0,3176.0,3176.0,0.57,2026-01-28 09:13:02,140721
TCS,2026-02-24,2760.0,400.0,175.0,0.0,4.95,14700.0,0.0,3176.0,3176.0,3176.0,0.57,2026-01-28 09:13:02,126053
TCS,2026-02-24,2800.0,372.8,875.0,0.0,6.25,109025.0,0.0,3176.0,3176.0,3176.0,0.57,2026-01-28 09:13:02,111427
TCS,2026-02-24,2840.0,0.0,0.0,0.0,7.45,38500.0,0.0,3176.0,3176.0,3176.0,0.57,2026-01-28 09:13:02,97206
TCS,2026-02-24,2860.0,0.0,0.0,0.0,8.05,23275.0,0.0,3176.0,3176.0,3176.0,0.57,2026-01-28 09:13:02,90161
TCS,2026-02-24,2880.0,0.0,0.0,0.0,9.3,43750.0,0.0,3176.0,3176.0,3176.0,0.57,2026-01-28 09:13:02,83173
TCS,2026-02-24,2900.0,273.0,4550.0,0.0,10.45,194250.0,0.0,3176.0,3176.0,3176.0,0.57,2026-01-28 09:13:02,76250
TCS,2026-02-24,2920.0,0.0,0.0,0.0,11.5,157850.0,0.0,3176.0,3176.0,3176.0,0.57,2026-01-28 09:13:02,69687
TCS,2026-02-24,2940.0,0.0,0.0,0.0,12.9,28875.0,0.0,3176.0,3176.0,3176.0,0.57,2026-01-28 09:13:02,63336
TCS,2026-02-24,2960.0,217.55,1575.0,0.0,14.6,57925.0,0.0,3176.0,3176.0,3176.0,0.57,2026-01-28 09:13:02,57188
TCS,2026-02-24,2980.0,0.0,0.0,0.0,16.15,46550.0,0.0,3176.0,3176.0,3176.0,0.57,2026-01-28 09:13:02,51146
TCS,2026-02-24,3000.0,202.45,99225.0,0.0,19.15,344400.0,0.0,3176.0,3176.0,3176.0,0.57,2026-01-28 09:13:02,45172
TCS,2026-02-24,3020.0,0.0,0.0,0.0,21.75,41650.0,0.0,3176.0,3176.0,3176.0,0.57,2026-01-28 09:13:02,41509
TCS,2026-02-24,3040.0,162.65,3675.0,0.0,25.45,43050.0,0.0,3176.0,3176.0,3176.0,0.57,2026-01-28 09:13:02,36490
TCS,2026-02-24,3060.0,149.3,8050.0,0.0,28.8,68425.0,0.0,3176.0,3176.0,3176.0,0.57,2026-01-28 09:13:02,31606
TCS,2026-02-24,3080.0,135.55,7525.0,0.0,33.25,61425.0,0.0,3176.0,3176.0,3176.0,0.57,2026-01-28 09:13:02,26847
TCS,2026-02-24,3100.0,120.6,195650.0,0.0,38.5,351400.0,0.0,3176.0,3176.0,3176.0,0.57,2026-01-28 09:13:02,22201
TCS,2026-02-24,3120.0,105.95,68600.0,0.0,44.35,217350.0,0.0,3176.0,3176.0,3176.0,0.57,2026-01-28 09:13:02,19757
TCS,2026-02-24,3140.0,93.2,253050.0,0.0,51.45,240975.0,0.0,3176.0,3176.0,3176.0,0.57,2026-01-28 09:13:02,16642
TCS,2026-02-24,3160.0,81.4,211400.0,0.0,58.95,244650.0,0.0,3176.0,3176.0,3176.0,0.57,2026-01-28 09:13:02,15871
TCS,2026-02-24,3180.0,70.15,121100.0,0.0,67.0,94850.0,0.0,3176.0,3176.0,3176.0,0.57,2026-01-28 09:13:02,15171
TCS,2026-02-24,3200.0,60.0,454475.0,0.0,77.3,326025.0,0.0,3176.0,3176.0,3176.0,0.57,2026-01-28 09:13:02,14839
TCS,2026-02-24,3220.0,50.95,88375.0,0.0,88.3,22925.0,0.0,3176.0,3176.0,3176.0,0.57,2026-01-28 09:13:02,16061
TCS,2026-02-24,3240.0,42.85,112700.0,0.0,99.25,59150.0,0.0,3176.0,3176.0,3176.0,0.57,2026-01-28 09:13:02,17547
TCS,2026-02-24,3260.0,35.5,83125.0,0.0,112.35,36750.0,0.0,3176.0,3176.0,3176.0,0.57,2026-01-28 09:13:02,19024
TCS,2026-02-24,3280.0,29.65,64575.0,0.0,124.05,9800.0,0.0,3176.0,3176.0,3176.0,0.57,2026-01-28 09:13:02,20727
TCS,2026-02-24,3300.0,24.25,352975.0,0.0,140.15,255850.0,0.0,3176.0,3176.0,3176.0,0.57,2026-01-28 09:13:02,22767
TCS,2026-02-24,3320.0,20.15,38850.0,0.0,155.0,13475.0,0.0,3176.0,3176.0,3176.0,0.57,2026-01-28 09:13:02,23224
TCS,2026-02-24,3340.0,16.5,50750.0,0.0,186.9,3150.0,0.0,3176.0,3176.0,3176.0,0.57,2026-01-28 09:13:02,26386
TCS,2026-02-24,3360.0,13.5,69475.0,0.0,189.2,10500.0,0.0,3176.0,3176.0,3176.0,0.57,2026-01-28 09:13:02,29811
TCS,2026-02-24,3380.0,11.1,42175.0,0.0,224.85,175.0,0.0,3176.0,3176.0,3176.0,0.57,2026-01-28 09:13:02,33266
TCS,2026-02-24,3400.0,9.05,408450.0,0.0,222.85,239750.0,0.0,3176.0,3176.0,3176.0,0.57,2026-01-28 09:13:02,36953
TCS,2026-02-24,3420.0,7.3,68250.0,0.0,246.65,3850.0,0.0,3176.0,3176.0,3176.0,0.57,2026-01-28 09:13:02,36921
TCS,2026-02-24,3440.0,6.15,31325.0,0.0,273.0,14175.0,0.0,3176.0,3176.0,3176.0,0.57,2026-01-28 09:13:02,41961
TCS,2026-02-24,3460.0,4.95,33075.0,0.0,295.1,2100.0,0.0,3176.0,3176.0,3176.0,0.57,2026-01-28 09:13:02,46769
TCS,2026-02-24,3480.0,4.35,11725.0,0.0,294.5,2450.0,0.0,3176.0,3176.0,3176.0,0.57,2026-01-28 09:13:02,51970
TCS,2026-02-24,3500.0,4.0,243250.0,0.0,315.3,40775.0,0.0,3176.0,3176.0,3176.0,0.57,2026-01-28 09:13:02,57178
TCS,2026-02-24,3520.0,3.25,47950.0,0.0,367.15,13125.0,0.0,3176.0,3176.0,3176.0,0.57,2026-01-28 09:13:02,61833
TCS,2026-02-24,3540.0,2.8,11200.0,0.0,369.8,3675.0,0.0,3176.0,3176.0,3176.0,0.57,2026-01-28 09:13:02,67331
TCS,2026-02-24,3560.0,2.45,13650.0,0.0,388.95,11900.0,0.0,3176.0,3176.0,3176.0,0.57,2026-01-28 09:13:02,73193
TCS,2026-02-24,3600.0,1.95,117425.0,0.0,413.95,125475.0,0.0,3176.0,3176.0,3176.0,0.57,2026-01-28 09:13:02,84826
TCS,2026-02-24,3640.0,0.75,525.0,0.0,450.0,9450.0,0.0,3176.0,3176.0,3176.0,0.57,2026-01-28 09:13:02,92718
TCS,2026-02-24,3680.0,0.8,6300.0,0.0,494.25,4200.0,0.0,3176.0,3176.0,3176.0,0.57,2026-01-28 09:13:02,105396
TCS,2026-02-24,3720.0,1.25,9450.0,0.0,556.75,4375.0,0.0,3176.0,3176.0,3176.0,0.57,2026-01-28 09:13:02,118334
TCS,2026-02-24,3760.0,1.1,175.0,0.0,595.0,4375.0,0.0,3176.0,3176.0,3176.0,0.57,2026-01-28 09:13:02,131292
TCS,2026-02-24,3840.0,0.0,0.0,0.0,670.85,44975.0,0.0,3176.0,3176.0,3176.0,0.57,2026-01-28 09:13:02,157470
TECHM,2026-02-24,1320.0,431.2,9000.0,0.0,0.0,0.0,0.0,1748.0,1748.0,1748.0,0.166,2026-01-28 09:13:02,50339
TECHM,2026-02-24,1360.0,391.4,600.0,0.0,0.0,0.0,0.0,1748.0,1748.0,1748.0,0.166,2026-01-28 09:13:02,43097
TECHM,2026-02-24,1400.0,351.65,12600.0,0.0,2.5,14400.0,0.0,1748.0,1748.0,1748.0,0.166,2026-01-28 09:13:02,35493
TECHM,2026-02-24,1420.0,331.8,600.0,0.0,0.0,0.0,0.0,1748.0,1748.0,1748.0,0.166,2026-01-28 09:13:02,32173
TECHM,2026-02-24,1440.0,312.05,600.0,0.0,2.0,24600.0,0.0,1748.0,1748.0,1748.0,0.166,2026-01-28 09:13:02,28435
TECHM,2026-02-24,1460.0,292.35,6600.0,0.0,0.0,0.0,0.0,1748.0,1748.0,1748.0,0.166,2026-01-28 09:13:02,24741
TECHM,2026-02-24,1480.0,272.75,2400.0,0.0,0.85,600.0,0.0,1748.0,1748.0,1748.0,0.166,2026-01-28 09:13:02,21239
TECHM,2026-02-24,1500.0,236.0,76200.0,0.0,3.05,106800.0,0.0,1748.0,1748.0,1748.0,0.166,2026-01-28 09:13:02,17615
TECHM,2026-02-24,1520.0,215.0,1800.0,0.0,3.75,36000.0,0.0,1748.0,1748.0,1748.0,0.166,2026-01-28 09:13:02,16058
TECHM,2026-02-24,1540.0,0.0,0.0,0.0,4.55,12600.0,0.0,1748.0,1748.0,1748.0,0.166,2026-01-28 09:13:02,12836
TECHM,2026-02-24,1560.0,196.65,2400.0,0.0,5.65,50400.0,0.0,1748.0,1748.0,1748.0,0.166,2026-01-28 09:13:02,9609
TECHM,2026-02-24,1580.0,178.6,1200.0,0.0,6.8,15600.0,0.0,1748.0,1748.0,1748.0,0.166,2026-01-28 09:13:02,6511
TECHM,2026-02-24,1600.0,160.0,49200.0,0.0,8.55,282600.0,0.0,1748.0,1748.0,1748.0,0.166,2026-01-28 09:13:02,3439
TECHM,2026-02-24,1620.0,122.0,24000.0,0.0,10.65,382200.0,0.0,1748.0,1748.0,1748.0,0.166,2026-01-28 09:13:02,1565
TECHM,2026-02-24,1640.0,119.8,13200.0,0.0,13.3,183000.0,0.0,1748.0,1748.0,1748.0,0.166,2026-01-28 09:13:02,-155
TECHM,2026-02-24,1660.0,109.3,30600.0,0.0,16.4,118200.0,0.0,1748.0,1748.0,1748.0,0.166,2026-01-28 09:13:02,-1454
TECHM,2026-02-24,1680.0,91.95,35400.0,0.0,20.35,132600.0,0.0,1748.0,1748.0,1748.0,0.166,2026-01-28 09:13:02,-2231
TECHM,2026-02-24,1700.0,78.1,178200.0,0.0,25.45,247800.0,0.0,1748.0,1748.0,1748.0,0.166,2026-01-28 09:13:02,-2756
TECHM,2026-02-24,1720.0,64.4,199800.0,0.0,31.8,100200.0,0.0,1748.0,1748.0,1748.0,0.166,2026-01-28 09:13:02,-1723
TECHM,2026-02-24,1740.0,52.55,196800.0,0.0,39.95,58800.0,0.0,1748.0,1748.0,1748.0,0.166,2026-01-28 09:13:02,115
TECHM,2026-02-24,1760.0,42.55,166800.0,0.0,49.2,22800.0,0.0,1748.0,1748.0,1748.0,0.166,2026-01-28 09:13:02,2296
TECHM,2026-02-24,1780.0,33.15,369600.0,0.0,59.75,44400.0,0.0,1748.0,1748.0,1748.0,0.166,2026-01-28 09:13:02,4656
TECHM,2026-02-24,1800.0,25.95,244200.0,0.0,72.85,63000.0,0.0,1748.0,1748.0,1748.0,0.166,2026-01-28 09:13:02,8205
TECHM,2026-02-24,1820.0,19.85,60000.0,0.0,0.0,0.0,0.0,1748.0,1748.0,1748.0,0.166,2026-01-28 09:13:02,11584
TECHM,2026-02-24,1840.0,15.0,101400.0,0.0,110.75,9000.0,0.0,1748.0,1748.0,1748.0,0.166,2026-01-28 09:13:02,15027
TECHM,2026-02-24,1860.0,11.55,78600.0,0.0,0.0,0.0,0.0,1748.0,1748.0,1748.0,0.166,2026-01-28 09:13:02,18624
TECHM,2026-02-24,1880.0,8.35,45000.0,0.0,0.0,0.0,0.0,1748.0,1748.0,1748.0,0.166,2026-01-28 09:13:02,22417
TECHM,2026-02-24,1900.0,6.6,138000.0,0.0,158.45,1200.0,0.0,1748.0,1748.0,1748.0,0.166,2026-01-28 09:13:02,26247
TECHM,2026-02-24,1920.0,4.9,57600.0,0.0,175.7,600.0,0.0,1748.0,1748.0,1748.0,0.166,2026-01-28 09:13:02,30389
TECHM,2026-02-24,1960.0,2.85,1800.0,0.0,216.0,9000.0,0.0,1748.0,1748.0,1748.0,0.166,2026-01-28 09:13:02,38780
TECHM,2026-02-24,2000.0,0.0,0.0,0.0,0.0,0.0,0.0,1748.0,1748.0,1748.0,0.166,2026-01-28 09:13:02,47003
TIINDIA,2026-02-24,1800.0,0.0,0.0,0.0,8.05,200.0,0.0,2181.0,2181.0,2181.0,-0.379,2026-01-28 09:13:02,10781
TIINDIA,2026-02-24,1840.0,0.0,0.0,0.0,0.0,0.0,0.0,2181.0,2181.0,2181.0,-0.379,2026-01-28 09:13:02,9851
TIINDIA,2026-02-24,1880.0,0.0,0.0,0.0,0.0,0.0,0.0,2181.0,2181.0,2181.0,-0.379,2026-01-28 09:13:02,8921
TIINDIA,2026-02-24,1920.0,0.0,0.0,0.0,0.0,0.0,0.0,2181.0,2181.0,2181.0,-0.379,2026-01-28 09:13:02,7992
TIINDIA,2026-02-24,1940.0,0.0,0.0,0.0,0.0,0.0,0.0,2181.0,2181.0,2181.0,-0.379,2026-01-28 09:13:02,7527
TIINDIA,2026-02-24,1960.0,0.0,0.0,0.0,0.0,0.0,0.0,2181.0,2181.0,2181.0,-0.379,2026-01-28 09:13:02,7062
TIINDIA,2026-02-24,1980.0,0.0,0.0,0.0,0.0,0.0,0.0,2181.0,2181.0,2181.0,-0.379,2026-01-28 09:13:02,6597
TIINDIA,2026-02-24,2000.0,222.3,200.0,0.0,26.1,20800.0,0.0,2181.0,2181.0,2181.0,-0.379,2026-01-28 09:13:02,6133
TIINDIA,2026-02-24,2020.0,0.0,0.0,0.0,0.0,0.0,0.0,2181.0,2181.0,2181.0,-0.379,2026-01-28 09:13:02,5660
TIINDIA,2026-02-24,2040.0,0.0,0.0,0.0,0.0,0.0,0.0,2181.0,2181.0,2181.0,-0.379,2026-01-28 09:13:02,5237
TIINDIA,2026-02-24,2060.0,0.0,0.0,0.0,0.0,0.0,0.0,2181.0,2181.0,2181.0,-0.379,2026-01-28 09:13:02,4814
TIINDIA,2026-02-24,2080.0,0.0,0.0,0.0,0.0,0.0,0.0,2181.0,2181.0,2181.0,-0.379,2026-01-28 09:13:02,4392
TIINDIA,2026-02-24,2100.0,142.0,400.0,0.0,50.6,25800.0,0.0,2181.0,2181.0,2181.0,-0.379,2026-01-28 09:13:02,3969
TIINDIA,2026-02-24,2120.0,135.0,5800.0,0.0,58.85,3200.0,0.0,2181.0,2181.0,2181.0,-0.379,2026-01-28 09:13:02,3473
TIINDIA,2026-02-24,2140.0,0.0,0.0,0.0,0.0,0.0,0.0,2181.0,2181.0,2181.0,-0.379,2026-01-28 09:13:02,3181
TIINDIA,2026-02-24,2160.0,0.0,0.0,0.0,75.35,10200.0,0.0,2181.0,2181.0,2181.0,-0.379,2026-01-28 09:13:02,2828
TIINDIA,2026-02-24,2180.0,108.4,1800.0,0.0,0.0,0.0,0.0,2181.0,2181.0,2181.0,-0.379,2026-01-28 09:13:02,2419
TIINDIA,2026-02-24,2200.0,93.0,17200.0,0.0,86.7,42400.0,0.0,2181.0,2181.0,2181.0,-0.379,2026-01-28 09:13:02,2110
TIINDIA,2026-02-24,2220.0,75.25,1200.0,0.0,105.85,400.0,0.0,2181.0,2181.0,2181.0,-0.379,2026-01-28 09:13:02,1694
TIINDIA,2026-02-24,2240.0,69.8,800.0,0.0,115.0,3600.0,0.0,2181.0,2181.0,2181.0,-0.379,2026-01-28 09:13:02,1492
TIINDIA,2026-02-24,2260.0,64.1,7600.0,0.0,121.5,5600.0,0.0,2181.0,2181.0,2181.0,-0.379,2026-01-28 09:13:02,1259
TIINDIA,2026-02-24,2280.0,53.95,400.0,0.0,0.0,0.0,0.0,2181.0,2181.0,2181.0,-0.379,2026-01-28 09:13:02,1069
TIINDIA,2026-02-24,2300.0,50.25,53400.0,0.0,149.95,33600.0,0.0,2181.0,2181.0,2181.0,-0.379,2026-01-28 09:13:02,901
TIINDIA,2026-02-24,2320.0,0.0,0.0,0.0,168.95,2600.0,0.0,2181.0,2181.0,2181.0,-0.379,2026-01-28 09:13:02,670
TIINDIA,2026-02-24,2340.0,26.25,200.0,0.0,176.0,600.0,0.0,2181.0,2181.0,2181.0,-0.379,2026-01-28 09:13:02,635
TIINDIA,2026-02-24,2360.0,31.8,5400.0,0.0,198.25,3000.0,0.0,2181.0,2181.0,2181.0,-0.379,2026-01-28 09:13:02,636
TIINDIA,2026-02-24,2380.0,33.75,3400.0,0.0,213.55,400.0,0.0,2181.0,2181.0,2181.0,-0.379,2026-01-28 09:13:02,621
TIINDIA,2026-02-24,2400.0,24.95,45200.0,0.0,222.35,12800.0,0.0,2181.0,2181.0,2181.0,-0.379,2026-01-28 09:13:02,659
TIINDIA,2026-02-24,2420.0,26.0,400.0,0.0,0.0,0.0,0.0,2181.0,2181.0,2181.0,-0.379,2026-01-28 09:13:02,639
TIINDIA,2026-02-24,2440.0,22.7,600.0,0.0,0.0,0.0,0.0,2181.0,2181.0,2181.0,-0.379,2026-01-28 09:13:02,792
TIINDIA,2026-02-24,2460.0,19.75,1800.0,0.0,0.0,0.0,0.0,2181.0,2181.0,2181.0,-0.379,2026-01-28 09:13:02,946
TIINDIA,2026-02-24,2480.0,20.0,1000.0,0.0,0.0,0.0,0.0,2181.0,2181.0,2181.0,-0.379,2026-01-28 09:13:02,1107
TIINDIA,2026-02-24,2500.0,12.85,48200.0,0.0,307.95,55200.0,0.0,2181.0,2181.0,2181.0,-0.379,2026-01-28 09:13:02,1267
TIINDIA,2026-02-24,2520.0,0.0,0.0,0.0,0.0,0.0,0.0,2181.0,2181.0,2181.0,-0.379,2026-01-28 09:13:02,-4
TIINDIA,2026-02-24,2540.0,11.05,600.0,0.0,356.0,200.0,0.0,2181.0,2181.0,2181.0,-0.379,2026-01-28 09:13:02,361
TIINDIA,2026-02-24,2560.0,0.0,0.0,0.0,0.0,0.0,0.0,2181.0,2181.0,2181.0,-0.379,2026-01-28 09:13:02,721
TIINDIA,2026-02-24,2580.0,0.0,0.0,0.0,0.0,0.0,0.0,2181.0,2181.0,2181.0,-0.379,2026-01-28 09:13:02,1089
TIINDIA,2026-02-24,2600.0,7.7,1000.0,0.0,418.0,2000.0,0.0,2181.0,2181.0,2181.0,-0.379,2026-01-28 09:13:02,1456
TIINDIA,2026-02-24,2620.0,0.0,0.0,0.0,0.0,0.0,0.0,2181.0,2181.0,2181.0,-0.379,2026-01-28 09:13:02,1746
TIINDIA,2026-02-24,2640.0,5.0,600.0,0.0,0.0,0.0,0.0,2181.0,2181.0,2181.0,-0.379,2026-01-28 09:13:02,2119
TIINDIA,2026-02-24,2660.0,4.25,400.0,0.0,0.0,0.0,0.0,2181.0,2181.0,2181.0,-0.379,2026-01-28 09:13:02,2494
TIINDIA,2026-02-24,2680.0,0.0,0.0,0.0,0.0,0.0,0.0,2181.0,2181.0,2181.0,-0.379,2026-01-28 09:13:02,2870
TIINDIA,2026-02-24,2700.0,3.0,9000.0,0.0,517.3,3600.0,0.0,2181.0,2181.0,2181.0,-0.379,2026-01-28 09:13:02,3245
TIINDIA,2026-02-24,2720.0,0.0,0.0,0.0,0.0,0.0,0.0,2181.0,2181.0,2181.0,-0.379,2026-01-28 09:13:02,3462
TIINDIA,2026-02-24,2740.0,0.0,0.0,0.0,0.0,0.0,0.0,2181.0,2181.0,2181.0,-0.379,2026-01-28 09:13:02,3862
TIINDIA,2026-02-24,2760.0,0.0,0.0,0.0,0.0,0.0,0.0,2181.0,2181.0,2181.0,-0.379,2026-01-28 09:13:02,4262
TIINDIA,2026-02-24,2780.0,0.0,0.0,0.0,579.45,200.0,0.0,2181.0,2181.0,2181.0,-0.379,2026-01-28 09:13:02,4663
TIINDIA,2026-02-24,2800.0,5.3,10800.0,0.0,610.0,5200.0,0.0,2181.0,2181.0,2181.0,-0.379,2026-01-28 09:13:02,5052
TIINDIA,2026-02-24,2820.0,0.0,0.0,0.0,618.8,200.0,0.0,2181.0,2181.0,2181.0,-0.379,2026-01-28 09:13:02,5173
TIINDIA,2026-02-24,2840.0,0.0,0.0,0.0,654.0,600.0,0.0,2181.0,2181.0,2181.0,-0.379,2026-01-28 09:13:02,5594
TIINDIA,2026-02-24,2860.0,0.0,0.0,0.0,0.0,0.0,0.0,2181.0,2181.0,2181.0,-0.379,2026-01-28 09:13:02,5989
TIINDIA,2026-02-24,2880.0,0.0,0.0,0.0,0.0,0.0,0.0,2181.0,2181.0,2181.0,-0.379,2026-01-28 09:13:02,6424
TIINDIA,2026-02-24,2920.0,0.0,0.0,0.0,0.0,0.0,0.0,2181.0,2181.0,2181.0,-0.379,2026-01-28 09:13:02,7293
TIINDIA,2026-02-24,2960.0,0.3,200.0,0.0,0.0,0.0,0.0,2181.0,2181.0,2181.0,-0.379,2026-01-28 09:13:02,8161
TIINDIA,2026-02-24,3000.0,0.2,1800.0,0.0,0.0,0.0,0.0,2181.0,2181.0,2181.0,-0.379,2026-01-28 09:13:02,9031
TIINDIA,2026-02-24,3040.0,0.0,0.0,0.0,830.0,200.0,0.0,2181.0,2181.0,2181.0,-0.379,2026-01-28 09:13:02,9908
TITAN,2026-02-24,3520.0,500.0,175.0,0.0,13.5,4375.0,0.0,4002.0,4002.0,4002.0,0.125,2026-01-28 09:13:02,35054
TITAN,2026-02-24,3560.0,0.0,0.0,0.0,0.0,0.0,0.0,4002.0,4002.0,4002.0,0.125,2026-01-28 09:13:02,31214
TITAN,2026-02-24,3600.0,435.0,525.0,0.0,15.2,19250.0,0.0,4002.0,4002.0,4002.0,0.125,2026-01-28 09:13:02,27372
TITAN,2026-02-24,3640.0,0.0,0.0,0.0,0.0,0.0,0.0,4002.0,4002.0,4002.0,0.125,2026-01-28 09:13:02,23602
TITAN,2026-02-24,3680.0,346.25,350.0,0.0,0.0,0.0,0.0,4002.0,4002.0,4002.0,0.125,2026-01-28 09:13:02,19839
TITAN,2026-02-24,3720.0,311.25,2625.0,0.0,26.5,17850.0,0.0,4002.0,4002.0,4002.0,0.125,2026-01-28 09:13:02,16089
TITAN,2026-02-24,3760.0,0.0,0.0,0.0,33.45,11025.0,0.0,4002.0,4002.0,4002.0,0.125,2026-01-28 09:13:02,12444
TITAN,2026-02-24,3780.0,0.0,0.0,0.0,0.0,0.0,0.0,4002.0,4002.0,4002.0,0.125,2026-01-28 09:13:02,10589
TITAN,2026-02-24,3800.0,257.0,21000.0,0.0,41.05,131600.0,0.0,4002.0,4002.0,4002.0,0.125,2026-01-28 09:13:02,8771
TITAN,2026-02-24,3820.0,0.0,0.0,0.0,0.0,0.0,0.0,4002.0,4002.0,4002.0,0.125,2026-01-28 09:13:02,7258
TITAN,2026-02-24,3840.0,225.0,1050.0,0.0,0.0,0.0,0.0,4002.0,4002.0,4002.0,0.125,2026-01-28 09:13:02,5745
TITAN,2026-02-24,3860.0,0.0,0.0,0.0,0.0,0.0,0.0,4002.0,4002.0,4002.0,0.125,2026-01-28 09:13:02,4258
TITAN,2026-02-24,3880.0,187.3,1750.0,0.0,80.0,3675.0,0.0,4002.0,4002.0,4002.0,0.125,2026-01-28 09:13:02,2748
TITAN,2026-02-24,3900.0,190.0,9975.0,0.0,66.45,41650.0,0.0,4002.0,4002.0,4002.0,0.125,2026-01-28 09:13:02,1251
TITAN,2026-02-24,3920.0,162.6,0.0,0.0,0.0,0.0,0.0,4002.0,4002.0,4002.0,0.125,2026-01-28 09:13:02,-231
TITAN,2026-02-24,3940.0,157.75,1750.0,0.0,79.55,4725.0,0.0,4002.0,4002.0,4002.0,0.125,2026-01-28 09:13:02,-1628
TITAN,2026-02-24,3960.0,152.8,7875.0,0.0,86.0,36750.0,0.0,4002.0,4002.0,4002.0,0.125,2026-01-28 09:13:02,-3021
TITAN,2026-02-24,3980.0,140.25,4200.0,0.0,95.8,25375.0,0.0,4002.0,4002.0,4002.0,0.125,2026-01-28 09:13:02,-4511
TITAN,2026-02-24,4000.0,128.7,194775.0,0.0,102.6,478450.0,0.0,4002.0,4002.0,4002.0,0.125,2026-01-28 09:13:02,-5931
TITAN,2026-02-24,4020.0,118.8,21175.0,0.0,110.3,16800.0,0.0,4002.0,4002.0,4002.0,0.125,2026-01-28 09:13:02,-8222
TITAN,2026-02-24,4040.0,107.65,27650.0,0.0,120.0,9800.0,0.0,4002.0,4002.0,4002.0,0.125,2026-01-28 09:13:02,-7968
TITAN,2026-02-24,4060.0,97.4,68950.0,0.0,130.55,15575.0,0.0,4002.0,4002.0,4002.0,0.125,2026-01-28 09:13:02,-7526
TITAN,2026-02-24,4080.0,89.05,4025.0,0.0,161.1,1225.0,0.0,4002.0,4002.0,4002.0,0.125,2026-01-28 09:13:02,-6626
TITAN,2026-02-24,4100.0,79.6,131425.0,0.0,155.05,68075.0,0.0,4002.0,4002.0,4002.0,0.125,2026-01-28 09:13:02,-6169
TITAN,2026-02-24,4120.0,72.25,11200.0,0.0,169.7,175.0,0.0,4002.0,4002.0,4002.0,0.125,2026-01-28 09:13:02,-5337
TITAN,2026-02-24,4140.0,64.4,16100.0,0.0,0.0,0.0,0.0,4002.0,4002.0,4002.0,0.125,2026-01-28 09:13:02,-4396
TITAN,2026-02-24,4160.0,54.9,16275.0,0.0,0.0,0.0,0.0,4002.0,4002.0,4002.0,0.125,2026-01-28 09:13:02,-3397
TITAN,2026-02-24,4180.0,0.0,0.0,0.0,211.35,350.0,0.0,4002.0,4002.0,4002.0,0.125,2026-01-28 09:13:02,-2379
TITAN,2026-02-24,4200.0,45.65,399875.0,0.0,214.25,61950.0,0.0,4002.0,4002.0,4002.0,0.125,2026-01-28 09:13:02,-1457
TITAN,2026-02-24,4220.0,37.85,6300.0,0.0,0.0,0.0,0.0,4002.0,4002.0,4002.0,0.125,2026-01-28 09:13:02,892
TITAN,2026-02-24,4240.0,35.9,37450.0,0.0,0.0,0.0,0.0,4002.0,4002.0,4002.0,0.125,2026-01-28 09:13:02,2781
TITAN,2026-02-24,4260.0,29.8,700.0,0.0,280.0,1575.0,0.0,4002.0,4002.0,4002.0,0.125,2026-01-28 09:13:02,4856
TITAN,2026-02-24,4280.0,26.35,875.0,0.0,0.0,0.0,0.0,4002.0,4002.0,4002.0,0.125,2026-01-28 09:13:02,6758
TITAN,2026-02-24,4300.0,25.3,236425.0,0.0,316.2,10150.0,0.0,4002.0,4002.0,4002.0,0.125,2026-01-28 09:13:02,8707
TITAN,2026-02-24,4320.0,20.4,1050.0,0.0,0.0,0.0,0.0,4002.0,4002.0,4002.0,0.125,2026-01-28 09:13:02,11424
TITAN,2026-02-24,4340.0,0.0,0.0,0.0,0.0,0.0,0.0,4002.0,4002.0,4002.0,0.125,2026-01-28 09:13:02,13867
TITAN,2026-02-24,4360.0,15.6,175.0,0.0,0.0,0.0,0.0,4002.0,4002.0,4002.0,0.125,2026-01-28 09:13:02,16309
TITAN,2026-02-24,4380.0,13.6,1225.0,0.0,0.0,0.0,0.0,4002.0,4002.0,4002.0,0.125,2026-01-28 09:13:02,18751
TITAN,2026-02-24,4400.0,14.05,69300.0,0.0,394.65,175.0,0.0,4002.0,4002.0,4002.0,0.125,2026-01-28 09:13:02,21197
TITAN,2026-02-24,4420.0,12.7,12250.0,0.0,0.0,0.0,0.0,4002.0,4002.0,4002.0,0.125,2026-01-28 09:13:02,23871
TITAN,2026-02-24,4440.0,0.0,0.0,0.0,0.0,0.0,0.0,4002.0,4002.0,4002.0,0.125,2026-01-28 09:13:02,26495
TITAN,2026-02-24,4460.0,0.0,0.0,0.0,0.0,0.0,0.0,4002.0,4002.0,4002.0,0.125,2026-01-28 09:13:02,29102
TITAN,2026-02-24,4480.0,0.0,0.0,0.0,0.0,0.0,0.0,4002.0,4002.0,4002.0,0.125,2026-01-28 09:13:02,31710
TITAN,2026-02-24,4500.0,8.75,28350.0,0.0,0.0,0.0,0.0,4002.0,4002.0,4002.0,0.125,2026-01-28 09:13:02,34318
TITAN,2026-02-24,4520.0,5.4,15225.0,0.0,0.0,0.0,0.0,4002.0,4002.0,4002.0,0.125,2026-01-28 09:13:02,37007
TITAN,2026-02-24,4560.0,0.0,0.0,0.0,0.0,0.0,0.0,4002.0,4002.0,4002.0,0.125,2026-01-28 09:13:02,42406
TITAN,2026-02-24,4600.0,6.1,2800.0,0.0,560.0,4375.0,0.0,4002.0,4002.0,4002.0,0.125,2026-01-28 09:13:02,47796
TITAN,2026-02-24,4640.0,1.8,350.0,0.0,0.0,0.0,0.0,4002.0,4002.0,4002.0,0.125,2026-01-28 09:13:02,52971
TITAN,2026-02-24,4680.0,0.0,0.0,0.0,0.0,0.0,0.0,4002.0,4002.0,4002.0,0.125,2026-01-28 09:13:02,58391
TITAN,2026-02-24,4720.0,5.0,3325.0,0.0,0.0,0.0,0.0,4002.0,4002.0,4002.0,0.125,2026-01-28 09:13:02,63811
TITAN,2026-02-24,4760.0,0.6,525.0,0.0,700.0,175.0,0.0,4002.0,4002.0,4002.0,0.125,2026-01-28 09:13:02,69246
TORNTPHARM,2026-02-24,3360.0,0.0,0.0,0.0,0.5,7000.0,0.0,3944.6,3944.6,3944.6,-1.321,2026-01-28 09:13:02,2947
TORNTPHARM,2026-02-24,3400.0,0.0,0.0,0.0,0.85,6250.0,0.0,3944.6,3944.6,3944.6,-1.321,2026-01-28 09:13:02,2575
TORNTPHARM,2026-02-24,3440.0,0.0,0.0,0.0,1.35,750.0,0.0,3944.6,3944.6,3944.6,-1.321,2026-01-28 09:13:02,2227
TORNTPHARM,2026-02-24,3480.0,0.0,0.0,0.0,2.1,1250.0,0.0,3944.6,3944.6,3944.6,-1.321,2026-01-28 09:13:02,1883
TORNTPHARM,2026-02-24,3520.0,459.0,500.0,0.0,15.9,2750.0,0.0,3944.6,3944.6,3944.6,-1.321,2026-01-28 09:13:02,1544
TORNTPHARM,2026-02-24,3560.0,0.0,0.0,0.0,16.05,2000.0,0.0,3944.6,3944.6,3944.6,-1.321,2026-01-28 09:13:02,1237
TORNTPHARM,2026-02-24,3600.0,0.0,0.0,0.0,21.6,2250.0,0.0,3944.6,3944.6,3944.6,-1.321,2026-01-28 09:13:02,915
TORNTPHARM,2026-02-24,3620.0,0.0,0.0,0.0,8.5,1000.0,0.0,3944.6,3944.6,3944.6,-1.321,2026-01-28 09:13:02,756
TORNTPHARM,2026-02-24,3640.0,0.0,0.0,0.0,10.1,500.0,0.0,3944.6,3944.6,3944.6,-1.321,2026-01-28 09:13:02,603
TORNTPHARM,2026-02-24,3660.0,0.0,0.0,0.0,12.0,1750.0,0.0,3944.6,3944.6,3944.6,-1.321,2026-01-28 09:13:02,451
TORNTPHARM,2026-02-24,3680.0,0.0,0.0,0.0,14.15,500.0,0.0,3944.6,3944.6,3944.6,-1.321,2026-01-28 09:13:02,301
TORNTPHARM,2026-02-24,3700.0,285.65,4250.0,0.0,30.0,7750.0,0.0,3944.6,3944.6,3944.6,-1.321,2026-01-28 09:13:02,153
TORNTPHARM,2026-02-24,3720.0,262.8,750.0,0.0,19.35,2750.0,0.0,3944.6,3944.6,3944.6,-1.321,2026-01-28 09:13:02,128
TORNTPHARM,2026-02-24,3740.0,0.0,0.0,0.0,22.5,2500.0,0.0,3944.6,3944.6,3944.6,-1.321,2026-01-28 09:13:02,27
TORNTPHARM,2026-02-24,3760.0,0.0,0.0,0.0,25.95,3000.0,0.0,3944.6,3944.6,3944.6,-1.321,2026-01-28 09:13:02,-89
TORNTPHARM,2026-02-24,3780.0,0.0,0.0,0.0,50.0,3000.0,0.0,3944.6,3944.6,3944.6,-1.321,2026-01-28 09:13:02,-202
TORNTPHARM,2026-02-24,3800.0,218.0,17500.0,0.0,49.45,9000.0,0.0,3944.6,3944.6,3944.6,-1.321,2026-01-28 09:13:02,-316
TORNTPHARM,2026-02-24,3820.0,0.0,0.0,0.0,61.25,1750.0,0.0,3944.6,3944.6,3944.6,-1.321,2026-01-28 09:13:02,-25
TORNTPHARM,2026-02-24,3840.0,219.25,750.0,0.0,44.25,2750.0,0.0,3944.6,3944.6,3944.6,-1.321,2026-01-28 09:13:02,-78
TORNTPHARM,2026-02-24,3860.0,0.0,0.0,0.0,49.8,750.0,0.0,3944.6,3944.6,3944.6,-1.321,2026-01-28 09:13:02,-109
TORNTPHARM,2026-02-24,3880.0,0.0,0.0,0.0,80.25,1000.0,0.0,3944.6,3944.6,3944.6,-1.321,2026-01-28 09:13:02,-147
TORNTPHARM,2026-02-24,3900.0,160.0,4750.0,0.0,82.4,4500.0,0.0,3944.6,3944.6,3944.6,-1.321,2026-01-28 09:13:02,-187
TORNTPHARM,2026-02-24,3920.0,165.45,250.0,0.0,70.1,0.0,0.0,3944.6,3944.6,3944.6,-1.321,2026-01-28 09:13:02,-162
TORNTPHARM,2026-02-24,3940.0,118.95,3000.0,0.0,95.0,7750.0,0.0,3944.6,3944.6,3944.6,-1.321,2026-01-28 09:13:02,-171
TORNTPHARM,2026-02-24,3960.0,118.8,2500.0,0.0,86.3,6250.0,0.0,3944.6,3944.6,3944.6,-1.321,2026-01-28 09:13:02,-200
TORNTPHARM,2026-02-24,3980.0,109.8,1750.0,0.0,0.0,0.0,0.0,3944.6,3944.6,3944.6,-1.321,2026-01-28 09:13:02,-198
TORNTPHARM,2026-02-24,4000.0,100.85,34000.0,0.0,124.25,1750.0,0.0,3944.6,3944.6,3944.6,-1.321,2026-01-28 09:13:02,-150
TORNTPHARM,2026-02-24,4020.0,92.45,2000.0,0.0,0.0,0.0,0.0,3944.6,3944.6,3944.6,-1.321,2026-01-28 09:13:02,272
TORNTPHARM,2026-02-24,4040.0,0.0,0.0,0.0,125.45,4000.0,0.0,3944.6,3944.6,3944.6,-1.321,2026-01-28 09:13:02,395
TORNTPHARM,2026-02-24,4060.0,92.65,250.0,0.0,168.75,1750.0,0.0,3944.6,3944.6,3944.6,-1.321,2026-01-28 09:13:02,458
TORNTPHARM,2026-02-24,4080.0,84.45,2750.0,0.0,177.05,500.0,0.0,3944.6,3944.6,3944.6,-1.321,2026-01-28 09:13:02,548
TORNTPHARM,2026-02-24,4100.0,63.6,19250.0,0.0,160.6,7250.0,0.0,3944.6,3944.6,3944.6,-1.321,2026-01-28 09:13:02,686
TORNTPHARM,2026-02-24,4120.0,56.75,6250.0,0.0,173.4,1000.0,0.0,3944.6,3944.6,3944.6,-1.321,2026-01-28 09:13:02,868
TORNTPHARM,2026-02-24,4140.0,0.0,0.0,0.0,217.8,500.0,0.0,3944.6,3944.6,3944.6,-1.321,2026-01-28 09:13:02,1077
TORNTPHARM,2026-02-24,4160.0,56.9,1000.0,0.0,234.25,1500.0,0.0,3944.6,3944.6,3944.6,-1.321,2026-01-28 09:13:02,1258
TORNTPHARM,2026-02-24,4180.0,51.25,750.0,0.0,246.55,1000.0,0.0,3944.6,3944.6,3944.6,-1.321,2026-01-28 09:13:02,1426
TORNTPHARM,2026-02-24,4200.0,35.65,18750.0,0.0,229.55,0.0,0.0,3944.6,3944.6,3944.6,-1.321,2026-01-28 09:13:02,1606
TORNTPHARM,2026-02-24,4220.0,41.3,0.0,0.0,0.0,0.0,0.0,3944.6,3944.6,3944.6,-1.321,2026-01-28 09:13:02,1910
TORNTPHARM,2026-02-24,4240.0,36.9,500.0,0.0,0.0,0.0,0.0,3944.6,3944.6,3944.6,-1.321,2026-01-28 09:13:02,2148
TORNTPHARM,2026-02-24,4260.0,32.9,1000.0,0.0,0.0,0.0,0.0,3944.6,3944.6,3944.6,-1.321,2026-01-28 09:13:02,2389
TORNTPHARM,2026-02-24,4280.0,26.45,6500.0,0.0,292.25,1500.0,0.0,3944.6,3944.6,3944.6,-1.321,2026-01-28 09:13:02,2634
TORNTPHARM,2026-02-24,4300.0,25.95,2000.0,0.0,308.85,0.0,0.0,3944.6,3944.6,3944.6,-1.321,2026-01-28 09:13:02,2864
TORNTPHARM,2026-02-24,4320.0,22.95,1000.0,0.0,0.0,0.0,0.0,3944.6,3944.6,3944.6,-1.321,2026-01-28 09:13:02,3130
TORNTPHARM,2026-02-24,4340.0,20.25,3750.0,0.0,0.0,0.0,0.0,3944.6,3944.6,3944.6,-1.321,2026-01-28 09:13:02,3395
TORNTPHARM,2026-02-24,4360.0,17.85,500.0,0.0,0.0,0.0,0.0,3944.6,3944.6,3944.6,-1.321,2026-01-28 09:13:02,3673
TORNTPHARM,2026-02-24,4400.0,13.2,2250.0,0.0,457.95,500.0,0.0,3944.6,3944.6,3944.6,-1.321,2026-01-28 09:13:02,4217
TORNTPHARM,2026-02-24,4440.0,10.45,250.0,0.0,0.0,0.0,0.0,3944.6,3944.6,3944.6,-1.321,2026-01-28 09:13:02,4751
TORNTPHARM,2026-02-24,4480.0,7.9,250.0,0.0,0.0,0.0,0.0,3944.6,3944.6,3944.6,-1.321,2026-01-28 09:13:02,5307
TORNTPHARM,2026-02-24,4520.0,5.9,250.0,0.0,0.0,0.0,0.0,3944.6,3944.6,3944.6,-1.321,2026-01-28 09:13:02,5863
TORNTPHARM,2026-02-24,4560.0,7.55,13000.0,0.0,0.0,0.0,0.0,3944.6,3944.6,3944.6,-1.321,2026-01-28 09:13:02,6420
TORNTPOWER,2026-02-24,1080.0,0.0,0.0,0.0,0.0,0.0,0.0,1318.0,1318.0,1318.0,0.634,2026-01-28 09:13:02,5277
TORNTPOWER,2026-02-24,1100.0,0.0,0.0,0.0,2.85,23375.0,0.0,1318.0,1318.0,1318.0,0.634,2026-01-28 09:13:02,4611
TORNTPOWER,2026-02-24,1120.0,0.0,0.0,0.0,4.2,14025.0,0.0,1318.0,1318.0,1318.0,0.634,2026-01-28 09:13:02,3985
TORNTPOWER,2026-02-24,1140.0,0.0,0.0,0.0,6.05,5525.0,0.0,1318.0,1318.0,1318.0,0.634,2026-01-28 09:13:02,3387
TORNTPOWER,2026-02-24,1150.0,0.0,0.0,0.0,0.0,0.0,0.0,1318.0,1318.0,1318.0,0.634,2026-01-28 09:13:02,3093
TORNTPOWER,2026-02-24,1160.0,0.0,0.0,0.0,10.5,2125.0,0.0,1318.0,1318.0,1318.0,0.634,2026-01-28 09:13:02,2803
TORNTPOWER,2026-02-24,1170.0,0.0,0.0,0.0,0.0,0.0,0.0,1318.0,1318.0,1318.0,0.634,2026-01-28 09:13:02,2513
TORNTPOWER,2026-02-24,1180.0,0.0,0.0,0.0,13.0,2125.0,0.0,1318.0,1318.0,1318.0,0.634,2026-01-28 09:13:02,2225
TORNTPOWER,2026-02-24,1190.0,0.0,0.0,0.0,0.0,0.0,0.0,1318.0,1318.0,1318.0,0.634,2026-01-28 09:13:02,1936
TORNTPOWER,2026-02-24,1200.0,130.65,0.0,0.0,17.2,21250.0,0.0,1318.0,1318.0,1318.0,0.634,2026-01-28 09:13:02,1650
TORNTPOWER,2026-02-24,1210.0,0.0,0.0,0.0,17.7,6375.0,0.0,1318.0,1318.0,1318.0,0.634,2026-01-28 09:13:02,1348
TORNTPOWER,2026-02-24,1220.0,0.0,0.0,0.0,20.25,850.0,0.0,1318.0,1318.0,1318.0,0.634,2026-01-28 09:13:02,1079
TORNTPOWER,2026-02-24,1230.0,0.0,0.0,0.0,23.0,2125.0,0.0,1318.0,1318.0,1318.0,0.634,2026-01-28 09:13:02,819
TORNTPOWER,2026-02-24,1240.0,101.3,425.0,0.0,23.8,5100.0,0.0,1318.0,1318.0,1318.0,0.634,2026-01-28 09:13:02,559
TORNTPOWER,2026-02-24,1250.0,0.0,0.0,0.0,29.55,17850.0,0.0,1318.0,1318.0,1318.0,0.634,2026-01-28 09:13:02,301
TORNTPOWER,2026-02-24,1260.0,67.0,1700.0,0.0,30.55,8075.0,0.0,1318.0,1318.0,1318.0,0.634,2026-01-28 09:13:02,17
TORNTPOWER,2026-02-24,1270.0,0.0,0.0,0.0,43.9,850.0,0.0,1318.0,1318.0,1318.0,0.634,2026-01-28 09:13:02,-218
TORNTPOWER,2026-02-24,1280.0,63.3,56100.0,0.0,37.95,87550.0,0.0,1318.0,1318.0,1318.0,0.634,2026-01-28 09:13:02,-443
TORNTPOWER,2026-02-24,1290.0,0.0,0.0,0.0,43.6,11900.0,0.0,1318.0,1318.0,1318.0,0.634,2026-01-28 09:13:02,-498
TORNTPOWER,2026-02-24,1300.0,53.3,35700.0,0.0,47.65,64600.0,0.0,1318.0,1318.0,1318.0,0.634,2026-01-28 09:13:02,-616
TORNTPOWER,2026-02-24,1310.0,0.0,0.0,0.0,54.4,2125.0,0.0,1318.0,1318.0,1318.0,0.634,2026-01-28 09:13:02,-699
TORNTPOWER,2026-02-24,1320.0,43.7,34000.0,0.0,57.9,17000.0,0.0,1318.0,1318.0,1318.0,0.634,2026-01-28 09:13:02,-674
TORNTPOWER,2026-02-24,1330.0,0.0,0.0,0.0,65.05,425.0,0.0,1318.0,1318.0,1318.0,0.634,2026-01-28 09:13:02,-536
TORNTPOWER,2026-02-24,1340.0,36.8,8925.0,0.0,70.75,425.0,0.0,1318.0,1318.0,1318.0,0.634,2026-01-28 09:13:02,-451
TORNTPOWER,2026-02-24,1350.0,32.45,31025.0,0.0,76.75,3400.0,0.0,1318.0,1318.0,1318.0,0.634,2026-01-28 09:13:02,-324
TORNTPOWER,2026-02-24,1360.0,0.0,0.0,0.0,0.0,0.0,0.0,1318.0,1318.0,1318.0,0.634,2026-01-28 09:13:02,-117
TORNTPOWER,2026-02-24,1370.0,35.45,0.0,0.0,0.0,0.0,0.0,1318.0,1318.0,1318.0,0.634,2026-01-28 09:13:02,13
TORNTPOWER,2026-02-24,1380.0,19.7,425.0,0.0,95.45,2550.0,0.0,1318.0,1318.0,1318.0,0.634,2026-01-28 09:13:02,145
TORNTPOWER,2026-02-24,1390.0,18.0,425.0,0.0,0.0,0.0,0.0,1318.0,1318.0,1318.0,0.634,2026-01-28 09:13:02,256
TORNTPOWER,2026-02-24,1400.0,17.9,40375.0,0.0,127.6,33575.0,0.0,1318.0,1318.0,1318.0,0.634,2026-01-28 09:13:02,392
TORNTPOWER,2026-02-24,1410.0,23.95,850.0,0.0,0.0,0.0,0.0,1318.0,1318.0,1318.0,0.634,2026-01-28 09:13:02,245
TORNTPOWER,2026-02-24,1420.0,14.9,1700.0,0.0,0.0,0.0,0.0,1318.0,1318.0,1318.0,0.634,2026-01-28 09:13:02,457
TORNTPOWER,2026-02-24,1430.0,19.4,3825.0,0.0,0.0,0.0,0.0,1318.0,1318.0,1318.0,0.634,2026-01-28 09:13:02,671
TORNTPOWER,2026-02-24,1440.0,17.4,2550.0,0.0,0.0,0.0,0.0,1318.0,1318.0,1318.0,0.634,2026-01-28 09:13:02,894
TORNTPOWER,2026-02-24,1450.0,0.0,0.0,0.0,0.0,0.0,0.0,1318.0,1318.0,1318.0,0.634,2026-01-28 09:13:02,1117
TORNTPOWER,2026-02-24,1460.0,13.95,9350.0,0.0,0.0,0.0,0.0,1318.0,1318.0,1318.0,0.634,2026-01-28 09:13:02,1335
TORNTPOWER,2026-02-24,1470.0,12.45,850.0,0.0,0.0,0.0,0.0,1318.0,1318.0,1318.0,0.634,2026-01-28 09:13:02,1575
TORNTPOWER,2026-02-24,1480.0,11.1,850.0,0.0,0.0,0.0,0.0,1318.0,1318.0,1318.0,0.634,2026-01-28 09:13:02,1804
TORNTPOWER,2026-02-24,1490.0,9.85,5100.0,0.0,0.0,0.0,0.0,1318.0,1318.0,1318.0,0.634,2026-01-28 09:13:02,2034
TORNTPOWER,2026-02-24,1500.0,5.1,18700.0,0.0,0.0,0.0,0.0,1318.0,1318.0,1318.0,0.634,2026-01-28 09:13:02,2274
TORNTPOWER,2026-02-24,1510.0,7.75,1275.0,0.0,0.0,0.0,0.0,1318.0,1318.0,1318.0,0.634,2026-01-28 09:13:02,2536
TORNTPOWER,2026-02-24,1520.0,0.0,0.0,0.0,0.0,0.0,0.0,1318.0,1318.0,1318.0,0.634,2026-01-28 09:13:02,2791
TORNTPOWER,2026-02-24,1530.0,0.0,0.0,0.0,0.0,0.0,0.0,1318.0,1318.0,1318.0,0.634,2026-01-28 09:13:02,3045
TORNTPOWER,2026-02-24,1540.0,5.35,5950.0,0.0,0.0,0.0,0.0,1318.0,1318.0,1318.0,0.634,2026-01-28 09:13:02,3299
TORNTPOWER,2026-02-24,1550.0,0.0,0.0,0.0,0.0,0.0,0.0,1318.0,1318.0,1318.0,0.634,2026-01-28 09:13:02,3563
TORNTPOWER,2026-02-24,1560.0,0.0,0.0,0.0,0.0,0.0,0.0,1318.0,1318.0,1318.0,0.634,2026-01-28 09:13:02,3823
TORNTPOWER,2026-02-24,1570.0,0.0,0.0,0.0,0.0,0.0,0.0,1318.0,1318.0,1318.0,0.634,2026-01-28 09:13:02,4083
TORNTPOWER,2026-02-24,1580.0,0.0,0.0,0.0,0.0,0.0,0.0,1318.0,1318.0,1318.0,0.634,2026-01-28 09:13:02,4343
TORNTPOWER,2026-02-24,1590.0,0.0,0.0,0.0,0.0,0.0,0.0,1318.0,1318.0,1318.0,0.634,2026-01-28 09:13:02,4603
TORNTPOWER,2026-02-24,1600.0,2.4,3400.0,0.0,0.0,0.0,0.0,1318.0,1318.0,1318.0,0.634,2026-01-28 09:13:02,4863
TRENT,2026-02-24,3200.0,595.9,2900.0,0.0,18.4,70100.0,0.0,3808.0,3808.0,3808.0,0.34,2026-01-28 09:13:02,86117
TRENT,2026-02-24,3250.0,554.95,2300.0,0.0,22.55,11800.0,0.0,3808.0,3808.0,3808.0,0.34,2026-01-28 09:13:02,78733
TRENT,2026-02-24,3300.0,533.0,700.0,0.0,26.6,29400.0,0.0,3808.0,3808.0,3808.0,0.34,2026-01-28 09:13:02,71476
TRENT,2026-02-24,3350.0,463.4,1000.0,0.0,32.4,15800.0,0.0,3808.0,3808.0,3808.0,0.34,2026-01-28 09:13:02,64228
TRENT,2026-02-24,3400.0,448.6,500.0,0.0,37.9,149300.0,0.0,3808.0,3808.0,3808.0,0.34,2026-01-28 09:13:02,57100
TRENT,2026-02-24,3450.0,360.0,100.0,0.0,46.4,6800.0,0.0,3808.0,3808.0,3808.0,0.34,2026-01-28 09:13:02,50183
TRENT,2026-02-24,3500.0,376.4,7700.0,0.0,55.2,73900.0,0.0,3808.0,3808.0,3808.0,0.34,2026-01-28 09:13:02,43816
TRENT,2026-02-24,3550.0,312.2,1900.0,0.0,65.4,103200.0,0.0,3808.0,3808.0,3808.0,0.34,2026-01-28 09:13:02,37766
TRENT,2026-02-24,3600.0,307.55,20500.0,0.0,77.05,154100.0,0.0,3808.0,3808.0,3808.0,0.34,2026-01-28 09:13:02,31744
TRENT,2026-02-24,3650.0,274.35,4400.0,0.0,89.5,18400.0,0.0,3808.0,3808.0,3808.0,0.34,2026-01-28 09:13:02,26654
TRENT,2026-02-24,3700.0,233.9,55500.0,0.0,108.6,126500.0,0.0,3808.0,3808.0,3808.0,0.34,2026-01-28 09:13:02,22191
TRENT,2026-02-24,3750.0,203.7,23400.0,0.0,126.2,40400.0,0.0,3808.0,3808.0,3808.0,0.34,2026-01-28 09:13:02,18607
TRENT,2026-02-24,3800.0,176.35,157400.0,0.0,149.7,191000.0,0.0,3808.0,3808.0,3808.0,0.34,2026-01-28 09:13:02,15384
TRENT,2026-02-24,3850.0,152.1,109300.0,0.0,172.0,16100.0,0.0,3808.0,3808.0,3808.0,0.34,2026-01-28 09:13:02,13852
TRENT,2026-02-24,3900.0,128.0,167800.0,0.0,198.7,98800.0,0.0,3808.0,3808.0,3808.0,0.34,2026-01-28 09:13:02,14417
TRENT,2026-02-24,3950.0,108.15,24700.0,0.0,225.5,15600.0,0.0,3808.0,3808.0,3808.0,0.34,2026-01-28 09:13:02,15113
TRENT,2026-02-24,4000.0,90.15,169800.0,0.0,260.0,120500.0,0.0,3808.0,3808.0,3808.0,0.34,2026-01-28 09:13:02,15742
TRENT,2026-02-24,4050.0,74.05,16400.0,0.0,294.55,6200.0,0.0,3808.0,3808.0,3808.0,0.34,2026-01-28 09:13:02,16305
TRENT,2026-02-24,4100.0,61.65,65200.0,0.0,337.15,33400.0,0.0,3808.0,3808.0,3808.0,0.34,2026-01-28 09:13:02,18522
TRENT,2026-02-24,4150.0,52.2,10100.0,0.0,401.55,300.0,0.0,3808.0,3808.0,3808.0,0.34,2026-01-28 09:13:02,20569
TRENT,2026-02-24,4200.0,43.95,73100.0,0.0,418.6,42200.0,0.0,3808.0,3808.0,3808.0,0.34,2026-01-28 09:13:02,23432
TRENT,2026-02-24,4250.0,35.5,11400.0,0.0,481.9,100.0,0.0,3808.0,3808.0,3808.0,0.34,2026-01-28 09:13:02,25387
TRENT,2026-02-24,4300.0,30.05,92900.0,0.0,502.45,22400.0,0.0,3808.0,3808.0,3808.0,0.34,2026-01-28 09:13:02,28879
TRENT,2026-02-24,4350.0,24.95,5900.0,0.0,567.3,800.0,0.0,3808.0,3808.0,3808.0,0.34,2026-01-28 09:13:02,32066
TRENT,2026-02-24,4400.0,21.75,58400.0,0.0,582.2,21300.0,0.0,3808.0,3808.0,3808.0,0.34,2026-01-28 09:13:02,36103
TRENT,2026-02-24,4450.0,18.05,9500.0,0.0,0.0,0.0,0.0,3808.0,3808.0,3808.0,0.34,2026-01-28 09:13:02,39455
TRENT,2026-02-24,4500.0,15.8,130000.0,0.0,690.95,33500.0,0.0,3808.0,3808.0,3808.0,0.34,2026-01-28 09:13:02,43985
TRENT,2026-02-24,4550.0,14.8,4900.0,0.0,748.85,1100.0,0.0,3808.0,3808.0,3808.0,0.34,2026-01-28 09:13:02,47207
TRENT,2026-02-24,4600.0,11.25,22700.0,0.0,772.8,11200.0,0.0,3808.0,3808.0,3808.0,0.34,2026-01-28 09:13:02,52492
TRENT,2026-02-24,4650.0,9.75,1900.0,0.0,850.35,200.0,0.0,3808.0,3808.0,3808.0,0.34,2026-01-28 09:13:02,57182
TRENT,2026-02-24,4700.0,9.7,14300.0,0.0,876.0,16300.0,0.0,3808.0,3808.0,3808.0,0.34,2026-01-28 09:13:02,62707
TRENT,2026-02-24,4750.0,0.0,0.0,0.0,0.0,0.0,0.0,3808.0,3808.0,3808.0,0.34,2026-01-28 09:13:02,66987
TRENT,2026-02-24,4800.0,6.55,6300.0,0.0,968.7,21800.0,0.0,3808.0,3808.0,3808.0,0.34,2026-01-28 09:13:02,72680
TRENT,2026-02-24,4850.0,0.0,0.0,0.0,1036.7,500.0,0.0,3808.0,3808.0,3808.0,0.34,2026-01-28 09:13:02,76407
TRENT,2026-02-24,4900.0,3.2,300.0,0.0,0.0,0.0,0.0,3808.0,3808.0,3808.0,0.34,2026-01-28 09:13:02,82191
TRENT,2026-02-24,5000.0,5.1,39200.0,0.0,1164.7,102300.0,0.0,3808.0,3808.0,3808.0,0.34,2026-01-28 09:13:02,93867
TRENT,2026-02-24,5200.0,0.0,0.0,0.0,1415.0,3300.0,0.0,3808.0,3808.0,3808.0,0.34,2026-01-28 09:13:02,108154
TVSMOTOR,2026-02-24,3000.0,0.0,0.0,0.0,9.1,28525.0,0.0,3578.1,3578.1,3578.1,0.283,2026-01-28 09:13:02,25250
TVSMOTOR,2026-02-24,3080.0,0.0,0.0,0.0,0.0,0.0,0.0,3578.1,3578.1,3578.1,0.283,2026-01-28 09:13:02,20544
TVSMOTOR,2026-02-24,3120.0,466.85,7875.0,0.0,0.0,0.0,0.0,3578.1,3578.1,3578.1,0.283,2026-01-28 09:13:02,18204
TVSMOTOR,2026-02-24,3160.0,429.2,1925.0,0.0,24.85,525.0,0.0,3578.1,3578.1,3578.1,0.283,2026-01-28 09:13:02,16263
TVSMOTOR,2026-02-24,3200.0,392.3,4550.0,0.0,25.5,25550.0,0.0,3578.1,3578.1,3578.1,0.283,2026-01-28 09:13:02,14046
TVSMOTOR,2026-02-24,3240.0,356.35,175.0,0.0,0.0,0.0,0.0,3578.1,3578.1,3578.1,0.283,2026-01-28 09:13:02,11981
TVSMOTOR,2026-02-24,3280.0,321.6,3150.0,0.0,36.35,12600.0,0.0,3578.1,3578.1,3578.1,0.283,2026-01-28 09:13:02,9809
TVSMOTOR,2026-02-24,3300.0,285.0,525.0,0.0,37.0,175.0,0.0,3578.1,3578.1,3578.1,0.283,2026-01-28 09:13:02,8807
TVSMOTOR,2026-02-24,3320.0,288.2,1400.0,0.0,51.3,29225.0,0.0,3578.1,3578.1,3578.1,0.283,2026-01-28 09:13:02,7766
TVSMOTOR,2026-02-24,3340.0,260.95,525.0,0.0,58.65,2275.0,0.0,3578.1,3578.1,3578.1,0.283,2026-01-28 09:13:02,6661
TVSMOTOR,2026-02-24,3360.0,246.15,525.0,0.0,52.2,77000.0,0.0,3578.1,3578.1,3578.1,0.283,2026-01-28 09:13:02,5673
TVSMOTOR,2026-02-24,3380.0,234.25,875.0,0.0,60.45,875.0,0.0,3578.1,3578.1,3578.1,0.283,2026-01-28 09:13:02,4450
TVSMOTOR,2026-02-24,3400.0,245.05,33425.0,0.0,61.7,56350.0,0.0,3578.1,3578.1,3578.1,0.283,2026-01-28 09:13:02,3634
TVSMOTOR,2026-02-24,3420.0,206.35,1225.0,0.0,67.8,3500.0,0.0,3578.1,3578.1,3578.1,0.283,2026-01-28 09:13:02,3455
TVSMOTOR,2026-02-24,3440.0,193.35,525.0,0.0,86.5,6300.0,0.0,3578.1,3578.1,3578.1,0.283,2026-01-28 09:13:02,2815
TVSMOTOR,2026-02-24,3460.0,184.7,175.0,0.0,80.05,4025.0,0.0,3578.1,3578.1,3578.1,0.283,2026-01-28 09:13:02,2142
TVSMOTOR,2026-02-24,3480.0,0.0,0.0,0.0,88.2,2625.0,0.0,3578.1,3578.1,3578.1,0.283,2026-01-28 09:13:02,1494
TVSMOTOR,2026-02-24,3500.0,177.45,27125.0,0.0,94.05,76825.0,0.0,3578.1,3578.1,3578.1,0.283,2026-01-28 09:13:02,857
TVSMOTOR,2026-02-24,3520.0,173.85,175.0,0.0,99.1,10675.0,0.0,3578.1,3578.1,3578.1,0.283,2026-01-28 09:13:02,209
TVSMOTOR,2026-02-24,3540.0,152.2,2625.0,0.0,108.7,8400.0,0.0,3578.1,3578.1,3578.1,0.283,2026-01-28 09:13:02,-277
TVSMOTOR,2026-02-24,3560.0,141.9,28000.0,0.0,119.15,22575.0,0.0,3578.1,3578.1,3578.1,0.283,2026-01-28 09:13:02,-691
TVSMOTOR,2026-02-24,3580.0,132.6,3500.0,0.0,148.1,5950.0,0.0,3578.1,3578.1,3578.1,0.283,2026-01-28 09:13:02,-825
TVSMOTOR,2026-02-24,3600.0,122.4,189875.0,0.0,136.8,76125.0,0.0,3578.1,3578.1,3578.1,0.283,2026-01-28 09:13:02,-1109
TVSMOTOR,2026-02-24,3620.0,112.65,6825.0,0.0,147.4,3150.0,0.0,3578.1,3578.1,3578.1,0.283,2026-01-28 09:13:02,462
TVSMOTOR,2026-02-24,3640.0,105.25,21700.0,0.0,159.35,3150.0,0.0,3578.1,3578.1,3578.1,0.283,2026-01-28 09:13:02,802
TVSMOTOR,2026-02-24,3660.0,96.35,76825.0,0.0,169.0,1050.0,0.0,3578.1,3578.1,3578.1,0.283,2026-01-28 09:13:02,1340
TVSMOTOR,2026-02-24,3680.0,79.05,1750.0,0.0,200.95,525.0,0.0,3578.1,3578.1,3578.1,0.283,2026-01-28 09:13:02,2577
TVSMOTOR,2026-02-24,3700.0,81.0,111825.0,0.0,223.0,33775.0,0.0,3578.1,3578.1,3578.1,0.283,2026-01-28 09:13:02,3100
TVSMOTOR,2026-02-24,3720.0,66.25,875.0,0.0,229.4,1575.0,0.0,3578.1,3578.1,3578.1,0.283,2026-01-28 09:13:02,4063
TVSMOTOR,2026-02-24,3740.0,67.6,2625.0,0.0,209.95,2100.0,0.0,3578.1,3578.1,3578.1,0.283,2026-01-28 09:13:02,4848
TVSMOTOR,2026-02-24,3760.0,63.45,2450.0,0.0,224.4,700.0,0.0,3578.1,3578.1,3578.1,0.283,2026-01-28 09:13:02,5646
TVSMOTOR,2026-02-24,3780.0,46.25,2100.0,0.0,272.75,175.0,0.0,3578.1,3578.1,3578.1,0.283,2026-01-28 09:13:02,6478
TVSMOTOR,2026-02-24,3800.0,51.2,65450.0,0.0,264.05,24325.0,0.0,3578.1,3578.1,3578.1,0.283,2026-01-28 09:13:02,7318
TVSMOTOR,2026-02-24,3820.0,0.0,0.0,0.0,295.0,350.0,0.0,3578.1,3578.1,3578.1,0.283,2026-01-28 09:13:02,8026
TVSMOTOR,2026-02-24,3840.0,41.7,8225.0,0.0,0.0,0.0,0.0,3578.1,3578.1,3578.1,0.283,2026-01-28 09:13:02,9032
TVSMOTOR,2026-02-24,3860.0,37.15,175.0,0.0,0.0,0.0,0.0,3578.1,3578.1,3578.1,0.283,2026-01-28 09:13:02,10099
TVSMOTOR,2026-02-24,3880.0,0.0,0.0,0.0,0.0,0.0,0.0,3578.1,3578.1,3578.1,0.283,2026-01-28 09:13:02,11132
TVSMOTOR,2026-02-24,3900.0,31.8,55650.0,0.0,380.0,49875.0,0.0,3578.1,3578.1,3578.1,0.283,2026-01-28 09:13:02,12165
TVSMOTOR,2026-02-24,3920.0,0.0,0.0,0.0,0.0,0.0,0.0,3578.1,3578.1,3578.1,0.283,2026-01-28 09:13:02,11691
TVSMOTOR,2026-02-24,3940.0,17.55,525.0,0.0,0.0,0.0,0.0,3578.1,3578.1,3578.1,0.283,2026-01-28 09:13:02,12935
TVSMOTOR,2026-02-24,3960.0,0.0,0.0,0.0,0.0,0.0,0.0,3578.1,3578.1,3578.1,0.283,2026-01-28 09:13:02,14181
TVSMOTOR,2026-02-24,3980.0,20.0,8575.0,0.0,0.0,0.0,0.0,3578.1,3578.1,3578.1,0.283,2026-01-28 09:13:02,15426
TVSMOTOR,2026-02-24,4000.0,18.9,45850.0,0.0,465.5,26775.0,0.0,3578.1,3578.1,3578.1,0.283,2026-01-28 09:13:02,16705
TVSMOTOR,2026-02-24,4020.0,17.6,1925.0,0.0,0.0,0.0,0.0,3578.1,3578.1,3578.1,0.283,2026-01-28 09:13:02,16953
TVSMOTOR,2026-02-24,4040.0,9.1,3850.0,0.0,0.0,0.0,0.0,3578.1,3578.1,3578.1,0.283,2026-01-28 09:13:02,18367
TVSMOTOR,2026-02-24,4060.0,7.9,2625.0,0.0,0.0,0.0,0.0,3578.1,3578.1,3578.1,0.283,2026-01-28 09:13:02,19790
TVSMOTOR,2026-02-24,4080.0,6.85,350.0,0.0,0.0,0.0,0.0,3578.1,3578.1,3578.1,0.283,2026-01-28 09:13:02,21216
TVSMOTOR,2026-02-24,4100.0,10.8,8225.0,0.0,519.15,2275.0,0.0,3578.1,3578.1,3578.1,0.283,2026-01-28 09:13:02,22641
TVSMOTOR,2026-02-24,4120.0,5.15,5775.0,0.0,0.0,0.0,0.0,3578.1,3578.1,3578.1,0.283,2026-01-28 09:13:02,23977
TVSMOTOR,2026-02-24,4160.0,3.8,875.0,0.0,0.0,0.0,0.0,3578.1,3578.1,3578.1,0.283,2026-01-28 09:13:02,26895
TVSMOTOR,2026-02-24,4200.0,6.4,19425.0,0.0,622.6,13650.0,0.0,3578.1,3578.1,3578.1,0.283,2026-01-28 09:13:02,29814
TVSMOTOR,2026-02-24,4240.0,2.05,350.0,0.0,0.0,0.0,0.0,3578.1,3578.1,3578.1,0.283,2026-01-28 09:13:02,32027
TVSMOTOR,2026-02-24,4280.0,1.5,6475.0,0.0,0.0,0.0,0.0,3578.1,3578.1,3578.1,0.283,2026-01-28 09:13:02,35079
TVSMOTOR,2026-02-24,4320.0,5.2,2100.0,0.0,0.0,0.0,0.0,3578.1,3578.1,3578.1,0.283,2026-01-28 09:13:02,38158
TVSMOTOR,2026-02-24,4360.0,4.0,3150.0,0.0,0.0,0.0,0.0,3578.1,3578.1,3578.1,0.283,2026-01-28 09:13:02,41245
ULTRACEMCO,2026-02-24,10000.0,0.0,0.0,0.0,8.25,500.0,0.0,12640.0,12640.0,12640.0,0.405,2026-01-28 09:13:02,33256
ULTRACEMCO,2026-02-24,10200.0,0.0,0.0,0.0,18.8,350.0,0.0,12640.0,12640.0,12640.0,0.405,2026-01-28 09:13:02,29600
ULTRACEMCO,2026-02-24,10400.0,0.0,0.0,0.0,0.3,450.0,0.0,12640.0,12640.0,12640.0,0.405,2026-01-28 09:13:02,25950
ULTRACEMCO,2026-02-24,10600.0,0.0,0.0,0.0,0.8,350.0,0.0,12640.0,12640.0,12640.0,0.405,2026-01-28 09:13:02,22310
ULTRACEMCO,2026-02-24,10700.0,0.0,0.0,0.0,12.0,100.0,0.0,12640.0,12640.0,12640.0,0.405,2026-01-28 09:13:02,20494
ULTRACEMCO,2026-02-24,10800.0,0.0,0.0,0.0,15.05,100.0,0.0,12640.0,12640.0,12640.0,0.405,2026-01-28 09:13:02,18678
ULTRACEMCO,2026-02-24,10900.0,0.0,0.0,0.0,0.0,0.0,0.0,12640.0,12640.0,12640.0,0.405,2026-01-28 09:13:02,16863
ULTRACEMCO,2026-02-24,11000.0,1700.0,850.0,0.0,18.75,1350.0,0.0,12640.0,12640.0,12640.0,0.405,2026-01-28 09:13:02,15049
ULTRACEMCO,2026-02-24,11100.0,0.0,0.0,0.0,6.6,100.0,0.0,12640.0,12640.0,12640.0,0.405,2026-01-28 09:13:02,13398
ULTRACEMCO,2026-02-24,11200.0,0.0,0.0,0.0,28.0,750.0,0.0,12640.0,12640.0,12640.0,0.405,2026-01-28 09:13:02,11607
ULTRACEMCO,2026-02-24,11300.0,0.0,0.0,0.0,37.0,5600.0,0.0,12640.0,12640.0,12640.0,0.405,2026-01-28 09:13:02,9821
ULTRACEMCO,2026-02-24,11400.0,0.0,0.0,0.0,38.9,1250.0,0.0,12640.0,12640.0,12640.0,0.405,2026-01-28 09:13:02,8072
ULTRACEMCO,2026-02-24,11500.0,0.0,0.0,0.0,48.55,12700.0,0.0,12640.0,12640.0,12640.0,0.405,2026-01-28 09:13:02,6352
ULTRACEMCO,2026-02-24,11600.0,0.0,0.0,0.0,57.2,2850.0,0.0,12640.0,12640.0,12640.0,0.405,2026-01-28 09:13:02,4702
ULTRACEMCO,2026-02-24,11700.0,0.0,0.0,0.0,68.85,2400.0,0.0,12640.0,12640.0,12640.0,0.405,2026-01-28 09:13:02,3125
ULTRACEMCO,2026-02-24,11800.0,1040.0,50.0,0.0,80.85,9750.0,0.0,12640.0,12640.0,12640.0,0.405,2026-01-28 09:13:02,1573
ULTRACEMCO,2026-02-24,11900.0,819.05,100.0,0.0,96.4,4150.0,0.0,12640.0,12640.0,12640.0,0.405,2026-01-28 09:13:02,61
ULTRACEMCO,2026-02-24,12000.0,798.4,4850.0,0.0,114.75,36400.0,0.0,12640.0,12640.0,12640.0,0.405,2026-01-28 09:13:02,-1365
ULTRACEMCO,2026-02-24,12100.0,705.3,150.0,0.0,136.3,2400.0,0.0,12640.0,12640.0,12640.0,0.405,2026-01-28 09:13:02,-2379
ULTRACEMCO,2026-02-24,12200.0,660.5,3900.0,0.0,161.15,11250.0,0.0,12640.0,12640.0,12640.0,0.405,2026-01-28 09:13:02,-3358
ULTRACEMCO,2026-02-24,12300.0,577.15,4650.0,0.0,188.45,10750.0,0.0,12640.0,12640.0,12640.0,0.405,2026-01-28 09:13:02,-4088
ULTRACEMCO,2026-02-24,12400.0,510.2,8150.0,0.0,222.6,11900.0,0.0,12640.0,12640.0,12640.0,0.405,2026-01-28 09:13:02,-4674
ULTRACEMCO,2026-02-24,12500.0,447.0,27250.0,0.0,260.65,19150.0,0.0,12640.0,12640.0,12640.0,0.405,2026-01-28 09:13:02,-4975
ULTRACEMCO,2026-02-24,12600.0,389.75,17300.0,0.0,304.7,9650.0,0.0,12640.0,12640.0,12640.0,0.405,2026-01-28 09:13:02,-4243
ULTRACEMCO,2026-02-24,12700.0,337.0,25050.0,0.0,352.8,8050.0,0.0,12640.0,12640.0,12640.0,0.405,2026-01-28 09:13:02,-3581
ULTRACEMCO,2026-02-24,12800.0,290.75,24350.0,0.0,403.2,10150.0,0.0,12640.0,12640.0,12640.0,0.405,2026-01-28 09:13:02,-2408
ULTRACEMCO,2026-02-24,12900.0,248.05,8050.0,0.0,458.9,3200.0,0.0,12640.0,12640.0,12640.0,0.405,2026-01-28 09:13:02,-1151
ULTRACEMCO,2026-02-24,13000.0,211.9,66000.0,0.0,525.3,15650.0,0.0,12640.0,12640.0,12640.0,0.405,2026-01-28 09:13:02,-28
ULTRACEMCO,2026-02-24,13100.0,180.4,2700.0,0.0,566.85,550.0,0.0,12640.0,12640.0,12640.0,0.405,2026-01-28 09:13:02,2435
ULTRACEMCO,2026-02-24,13200.0,151.8,13150.0,0.0,600.4,150.0,0.0,12640.0,12640.0,12640.0,0.405,2026-01-28 09:13:02,4372
ULTRACEMCO,2026-02-24,13300.0,129.55,9800.0,0.0,741.8,500.0,0.0,12640.0,12640.0,12640.0,0.405,2026-01-28 09:13:02,6615
ULTRACEMCO,2026-02-24,13400.0,109.5,2500.0,0.0,836.8,800.0,0.0,12640.0,12640.0,12640.0,0.405,2026-01-28 09:13:02,8860
ULTRACEMCO,2026-02-24,13500.0,91.15,24700.0,0.0,0.0,0.0,0.0,12640.0,12640.0,12640.0,0.405,2026-01-28 09:13:02,11009
ULTRACEMCO,2026-02-24,13600.0,78.1,11500.0,0.0,0.0,0.0,0.0,12640.0,12640.0,12640.0,0.405,2026-01-28 09:13:02,13670
ULTRACEMCO,2026-02-24,13700.0,0.0,0.0,0.0,0.0,0.0,0.0,12640.0,12640.0,12640.0,0.405,2026-01-28 09:13:02,16310
ULTRACEMCO,2026-02-24,13800.0,54.8,11300.0,0.0,0.0,0.0,0.0,12640.0,12640.0,12640.0,0.405,2026-01-28 09:13:02,18860
ULTRACEMCO,2026-02-24,14000.0,39.9,19150.0,0.0,0.0,0.0,0.0,12640.0,12640.0,12640.0,0.405,2026-01-28 09:13:02,24249
ULTRACEMCO,2026-02-24,14200.0,30.85,12150.0,0.0,0.0,0.0,0.0,12640.0,12640.0,12640.0,0.405,2026-01-28 09:13:02,30036
ULTRACEMCO,2026-02-24,14400.0,0.0,0.0,0.0,0.0,0.0,0.0,12640.0,12640.0,12640.0,0.405,2026-01-28 09:13:02,36026
UNIONBANK,2026-02-24,130.0,45.82,4425.0,0.0,0.02,4425.0,0.0,176.8,176.8,176.8,0.907,2026-01-28 09:13:02,32243
UNIONBANK,2026-02-24,135.0,40.88,4425.0,0.0,0.05,13275.0,0.0,176.8,176.8,176.8,0.907,2026-01-28 09:13:02,26843
UNIONBANK,2026-02-24,137.5,0.0,0.0,0.0,0.0,0.0,0.0,176.8,176.8,176.8,0.907,2026-01-28 09:13:02,24155
UNIONBANK,2026-02-24,140.0,35.98,8850.0,0.0,0.13,159300.0,0.0,176.8,176.8,176.8,0.907,2026-01-28 09:13:02,21449
UNIONBANK,2026-02-24,142.5,33.56,8850.0,0.0,0.0,0.0,0.0,176.8,176.8,176.8,0.907,2026-01-28 09:13:02,18815
UNIONBANK,2026-02-24,145.0,0.0,0.0,0.0,0.3,35400.0,0.0,176.8,176.8,176.8,0.907,2026-01-28 09:13:02,16183
UNIONBANK,2026-02-24,147.5,0.0,0.0,0.0,0.0,0.0,0.0,176.8,176.8,176.8,0.907,2026-01-28 09:13:02,13529
UNIONBANK,2026-02-24,150.0,27.24,92925.0,0.0,0.74,668175.0,0.0,176.8,176.8,176.8,0.907,2026-01-28 09:13:02,10876
UNIONBANK,2026-02-24,152.5,24.27,0.0,0.0,0.0,0.0,0.0,176.8,176.8,176.8,0.907,2026-01-28 09:13:02,8618
UNIONBANK,2026-02-24,155.0,22.09,84075.0,0.0,1.13,318600.0,0.0,176.8,176.8,176.8,0.907,2026-01-28 09:13:02,6155
UNIONBANK,2026-02-24,157.5,19.99,4425.0,0.0,1.64,4425.0,0.0,176.8,176.8,176.8,0.907,2026-01-28 09:13:02,3943
UNIONBANK,2026-02-24,160.0,18.22,570825.0,0.0,1.76,1924875.0,0.0,176.8,176.8,176.8,0.907,2026-01-28 09:13:02,1591
UNIONBANK,2026-02-24,162.5,16.08,8850.0,0.0,2.62,13275.0,0.0,176.8,176.8,176.8,0.907,2026-01-28 09:13:02,557
UNIONBANK,2026-02-24,165.0,14.49,168150.0,0.0,2.6,1951425.0,0.0,176.8,176.8,176.8,0.907,2026-01-28 09:13:02,-1161
UNIONBANK,2026-02-24,167.5,12.59,66375.0,0.0,3.44,88500.0,0.0,176.8,176.8,176.8,0.907,2026-01-28 09:13:02,-2625
UNIONBANK,2026-02-24,170.0,10.57,1654950.0,0.0,4.08,1336350.0,0.0,176.8,176.8,176.8,0.907,2026-01-28 09:13:02,-3734
UNIONBANK,2026-02-24,172.5,9.19,101775.0,0.0,5.09,177000.0,0.0,176.8,176.8,176.8,0.907,2026-01-28 09:13:02,-2944
UNIONBANK,2026-02-24,175.0,7.7,1535475.0,0.0,6.13,1349625.0,0.0,176.8,176.8,176.8,0.907,2026-01-28 09:13:02,-3284
UNIONBANK,2026-02-24,177.5,6.48,415950.0,0.0,7.12,292050.0,0.0,176.8,176.8,176.8,0.907,2026-01-28 09:13:02,-2552
UNIONBANK,2026-02-24,180.0,5.45,5509125.0,0.0,8.74,2225775.0,0.0,176.8,176.8,176.8,0.907,2026-01-28 09:13:02,-1936
UNIONBANK,2026-02-24,182.5,4.39,141600.0,0.0,0.0,0.0,0.0,176.8,176.8,176.8,0.907,2026-01-28 09:13:02,1608
UNIONBANK,2026-02-24,185.0,3.58,951375.0,0.0,14.1,159300.0,0.0,176.8,176.8,176.8,0.907,2026-01-28 09:13:02,4193
UNIONBANK,2026-02-24,187.5,2.9,123900.0,0.0,0.0,0.0,0.0,176.8,176.8,176.8,0.907,2026-01-28 09:13:02,7110
UNIONBANK,2026-02-24,190.0,2.41,1508925.0,0.0,15.83,97350.0,0.0,176.8,176.8,176.8,0.907,2026-01-28 09:13:02,9978
UNIONBANK,2026-02-24,192.5,2.02,203550.0,0.0,0.0,0.0,0.0,176.8,176.8,176.8,0.907,2026-01-28 09:13:02,13422
UNIONBANK,2026-02-24,195.0,1.57,1013325.0,0.0,20.9,26550.0,0.0,176.8,176.8,176.8,0.907,2026-01-28 09:13:02,16747
UNIONBANK,2026-02-24,197.5,1.25,101775.0,0.0,0.0,0.0,0.0,176.8,176.8,176.8,0.907,2026-01-28 09:13:02,20395
UNIONBANK,2026-02-24,200.0,1.02,1858500.0,0.0,24.4,4425.0,0.0,176.8,176.8,176.8,0.907,2026-01-28 09:13:02,23978
UNIONBANK,2026-02-24,205.0,0.68,292050.0,0.0,0.0,0.0,0.0,176.8,176.8,176.8,0.907,2026-01-28 09:13:02,32228
UNITDSPR,2026-02-24,1100.0,0.0,0.0,0.0,2.4,4800.0,0.0,1313.2,1313.2,1313.2,0.13,2026-01-28 09:13:02,41976
UNITDSPR,2026-02-24,1120.0,0.0,0.0,0.0,0.0,0.0,0.0,1313.2,1313.2,1313.2,0.13,2026-01-28 09:13:02,38382
UNITDSPR,2026-02-24,1140.0,0.0,0.0,0.0,0.0,0.0,0.0,1313.2,1313.2,1313.2,0.13,2026-01-28 09:13:02,34789
UNITDSPR,2026-02-24,1160.0,0.0,0.0,0.0,4.4,8400.0,0.0,1313.2,1313.2,1313.2,0.13,2026-01-28 09:13:02,31196
UNITDSPR,2026-02-24,1180.0,0.0,0.0,0.0,2.8,400.0,0.0,1313.2,1313.2,1313.2,0.13,2026-01-28 09:13:02,27617
UNITDSPR,2026-02-24,1190.0,0.0,0.0,0.0,0.0,0.0,0.0,1313.2,1313.2,1313.2,0.13,2026-01-28 09:13:02,25829
UNITDSPR,2026-02-24,1200.0,126.0,15200.0,0.0,6.55,95600.0,0.0,1313.2,1313.2,1313.2,0.13,2026-01-28 09:13:02,24041
UNITDSPR,2026-02-24,1210.0,0.0,0.0,0.0,5.8,2400.0,0.0,1313.2,1313.2,1313.2,0.13,2026-01-28 09:13:02,22493
UNITDSPR,2026-02-24,1220.0,0.0,0.0,0.0,8.75,26000.0,0.0,1313.2,1313.2,1313.2,0.13,2026-01-28 09:13:02,20818
UNITDSPR,2026-02-24,1230.0,0.0,0.0,0.0,10.0,25200.0,0.0,1313.2,1313.2,1313.2,0.13,2026-01-28 09:13:02,19146
UNITDSPR,2026-02-24,1240.0,0.0,0.0,0.0,11.2,101200.0,0.0,1313.2,1313.2,1313.2,0.13,2026-01-28 09:13:02,17498
UNITDSPR,2026-02-24,1250.0,0.0,0.0,0.0,13.1,53200.0,0.0,1313.2,1313.2,1313.2,0.13,2026-01-28 09:13:02,15863
UNITDSPR,2026-02-24,1260.0,0.0,0.0,0.0,15.2,79200.0,0.0,1313.2,1313.2,1313.2,0.13,2026-01-28 09:13:02,14324
UNITDSPR,2026-02-24,1270.0,0.0,0.0,0.0,18.6,24000.0,0.0,1313.2,1313.2,1313.2,0.13,2026-01-28 09:13:02,12814
UNITDSPR,2026-02-24,1280.0,59.55,16800.0,0.0,19.75,61600.0,0.0,1313.2,1313.2,1313.2,0.13,2026-01-28 09:13:02,11404
UNITDSPR,2026-02-24,1290.0,0.0,0.0,0.0,23.35,14800.0,0.0,1313.2,1313.2,1313.2,0.13,2026-01-28 09:13:02,10095
UNITDSPR,2026-02-24,1300.0,46.85,311600.0,0.0,27.05,217200.0,0.0,1313.2,1313.2,1313.2,0.13,2026-01-28 09:13:02,8788
UNITDSPR,2026-02-24,1310.0,42.1,13600.0,0.0,31.2,18000.0,0.0,1313.2,1313.2,1313.2,0.13,2026-01-28 09:13:02,8917
UNITDSPR,2026-02-24,1320.0,36.65,82800.0,0.0,36.1,98800.0,0.0,1313.2,1313.2,1313.2,0.13,2026-01-28 09:13:02,8206
UNITDSPR,2026-02-24,1330.0,31.4,35600.0,0.0,40.9,110800.0,0.0,1313.2,1313.2,1313.2,0.13,2026-01-28 09:13:02,7622
UNITDSPR,2026-02-24,1340.0,27.4,91200.0,0.0,46.25,60000.0,0.0,1313.2,1313.2,1313.2,0.13,2026-01-28 09:13:02,6897
UNITDSPR,2026-02-24,1350.0,23.1,119600.0,0.0,51.2,60800.0,0.0,1313.2,1313.2,1313.2,0.13,2026-01-28 09:13:02,6637
UNITDSPR,2026-02-24,1360.0,19.5,72800.0,0.0,61.4,43600.0,0.0,1313.2,1313.2,1313.2,0.13,2026-01-28 09:13:02,6549
UNITDSPR,2026-02-24,1370.0,14.65,21200.0,0.0,69.0,8400.0,0.0,1313.2,1313.2,1313.2,0.13,2026-01-28 09:13:02,6487
UNITDSPR,2026-02-24,1380.0,13.5,34000.0,0.0,72.35,14000.0,0.0,1313.2,1313.2,1313.2,0.13,2026-01-28 09:13:02,6554
UNITDSPR,2026-02-24,1390.0,11.1,13600.0,0.0,0.0,0.0,0.0,1313.2,1313.2,1313.2,0.13,2026-01-28 09:13:02,6640
UNITDSPR,2026-02-24,1400.0,9.4,302800.0,0.0,86.1,343600.0,0.0,1313.2,1313.2,1313.2,0.13,2026-01-28 09:13:02,6811
UNITDSPR,2026-02-24,1410.0,7.5,19600.0,0.0,0.0,0.0,0.0,1313.2,1313.2,1313.2,0.13,2026-01-28 09:13:02,4938
UNITDSPR,2026-02-24,1420.0,6.6,44000.0,0.0,112.5,10000.0,0.0,1313.2,1313.2,1313.2,0.13,2026-01-28 09:13:02,5774
UNITDSPR,2026-02-24,1430.0,5.2,22000.0,0.0,113.0,17200.0,0.0,1313.2,1313.2,1313.2,0.13,2026-01-28 09:13:02,6566
UNITDSPR,2026-02-24,1440.0,4.55,73600.0,0.0,127.6,1200.0,0.0,1313.2,1313.2,1313.2,0.13,2026-01-28 09:13:02,7298
UNITDSPR,2026-02-24,1450.0,3.7,42000.0,0.0,136.55,1200.0,0.0,1313.2,1313.2,1313.2,0.13,2026-01-28 09:13:02,8305
UNITDSPR,2026-02-24,1460.0,3.15,26800.0,0.0,141.95,4800.0,0.0,1313.2,1313.2,1313.2,0.13,2026-01-28 09:13:02,9336
UNITDSPR,2026-02-24,1470.0,3.45,2000.0,0.0,0.0,0.0,0.0,1313.2,1313.2,1313.2,0.13,2026-01-28 09:13:02,10341
UNITDSPR,2026-02-24,1480.0,0.0,0.0,0.0,164.3,1600.0,0.0,1313.2,1313.2,1313.2,0.13,2026-01-28 09:13:02,11407
UNITDSPR,2026-02-24,1490.0,0.0,0.0,0.0,0.0,0.0,0.0,1313.2,1313.2,1313.2,0.13,2026-01-28 09:13:02,12449
UNITDSPR,2026-02-24,1500.0,1.65,72800.0,0.0,180.0,180000.0,0.0,1313.2,1313.2,1313.2,0.13,2026-01-28 09:13:02,13516
UNITDSPR,2026-02-24,1510.0,1.35,2800.0,0.0,0.0,0.0,0.0,1313.2,1313.2,1313.2,0.13,2026-01-28 09:13:02,11609
UNITDSPR,2026-02-24,1520.0,1.25,2400.0,0.0,196.0,14400.0,0.0,1313.2,1313.2,1313.2,0.13,2026-01-28 09:13:02,12932
UNITDSPR,2026-02-24,1530.0,0.0,0.0,0.0,0.0,0.0,0.0,1313.2,1313.2,1313.2,0.13,2026-01-28 09:13:02,13990
UNITDSPR,2026-02-24,1540.0,0.0,0.0,0.0,0.0,0.0,0.0,1313.2,1313.2,1313.2,0.13,2026-01-28 09:13:02,15330
UNITDSPR,2026-02-24,1550.0,0.0,0.0,0.0,0.0,0.0,0.0,1313.2,1313.2,1313.2,0.13,2026-01-28 09:13:02,16670
UNITDSPR,2026-02-24,1560.0,0.45,3600.0,0.0,0.0,0.0,0.0,1313.2,1313.2,1313.2,0.13,2026-01-28 09:13:02,18010
UNITDSPR,2026-02-24,1580.0,0.0,0.0,0.0,261.5,800.0,0.0,1313.2,1313.2,1313.2,0.13,2026-01-28 09:13:02,20698
UNITDSPR,2026-02-24,1600.0,0.8,10400.0,0.0,275.0,97200.0,0.0,1313.2,1313.2,1313.2,0.13,2026-01-28 09:13:02,23366
UNITDSPR,2026-02-24,1620.0,0.0,0.0,0.0,0.0,0.0,0.0,1313.2,1313.2,1313.2,0.13,2026-01-28 09:13:02,23597
UNITDSPR,2026-02-24,1640.0,0.0,0.0,0.0,0.0,0.0,0.0,1313.2,1313.2,1313.2,0.13,2026-01-28 09:13:02,26501
UNITDSPR,2026-02-24,1660.0,0.05,800.0,0.0,340.95,800.0,0.0,1313.2,1313.2,1313.2,0.13,2026-01-28 09:13:02,29405
UNOMINDA,2026-02-24,920.0,0.0,0.0,0.0,0.0,0.0,0.0,1154.9,1154.9,1154.9,0.865,2026-01-28 09:13:02,4748
UNOMINDA,2026-02-24,960.0,0.0,0.0,0.0,0.0,0.0,0.0,1154.9,1154.9,1154.9,0.865,2026-01-28 09:13:02,3791
UNOMINDA,2026-02-24,1000.0,155.45,550.0,0.0,9.25,23100.0,0.0,1154.9,1154.9,1154.9,0.865,2026-01-28 09:13:02,2834
UNOMINDA,2026-02-24,1020.0,0.0,0.0,0.0,0.0,0.0,0.0,1154.9,1154.9,1154.9,0.865,2026-01-28 09:13:02,2390
UNOMINDA,2026-02-24,1040.0,0.0,0.0,0.0,15.0,1100.0,0.0,1154.9,1154.9,1154.9,0.865,2026-01-28 09:13:02,1959
UNOMINDA,2026-02-24,1060.0,0.0,0.0,0.0,16.4,1650.0,0.0,1154.9,1154.9,1154.9,0.865,2026-01-28 09:13:02,1529
UNOMINDA,2026-02-24,1080.0,0.0,0.0,0.0,22.0,10450.0,0.0,1154.9,1154.9,1154.9,0.865,2026-01-28 09:13:02,1100
UNOMINDA,2026-02-24,1100.0,78.55,550.0,0.0,32.5,28600.0,0.0,1154.9,1154.9,1154.9,0.865,2026-01-28 09:13:02,672
UNOMINDA,2026-02-24,1120.0,62.85,3850.0,0.0,33.2,46200.0,0.0,1154.9,1154.9,1154.9,0.865,2026-01-28 09:13:02,237
UNOMINDA,2026-02-24,1140.0,53.3,24200.0,0.0,41.7,13750.0,0.0,1154.9,1154.9,1154.9,0.865,2026-01-28 09:13:02,-137
UNOMINDA,2026-02-24,1160.0,44.1,23650.0,0.0,65.55,44550.0,0.0,1154.9,1154.9,1154.9,0.865,2026-01-28 09:13:02,-236
UNOMINDA,2026-02-24,1180.0,30.55,9350.0,0.0,61.5,17050.0,0.0,1154.9,1154.9,1154.9,0.865,2026-01-28 09:13:02,-458
UNOMINDA,2026-02-24,1200.0,27.5,48950.0,0.0,84.2,39600.0,0.0,1154.9,1154.9,1154.9,0.865,2026-01-28 09:13:02,-516
UNOMINDA,2026-02-24,1220.0,25.7,6600.0,0.0,94.05,550.0,0.0,1154.9,1154.9,1154.9,0.865,2026-01-28 09:13:02,-519
UNOMINDA,2026-02-24,1240.0,13.1,3300.0,0.0,0.0,0.0,0.0,1154.9,1154.9,1154.9,0.865,2026-01-28 09:13:02,-297
UNOMINDA,2026-02-24,1260.0,12.05,25300.0,0.0,124.65,1100.0,0.0,1154.9,1154.9,1154.9,0.865,2026-01-28 09:13:02,-76
UNOMINDA,2026-02-24,1280.0,8.4,8800.0,0.0,141.1,550.0,0.0,1154.9,1154.9,1154.9,0.865,2026-01-28 09:13:02,210
UNOMINDA,2026-02-24,1300.0,8.0,46200.0,0.0,161.0,7700.0,0.0,1154.9,1154.9,1154.9,0.865,2026-01-28 09:13:02,497
UNOMINDA,2026-02-24,1320.0,0.0,0.0,0.0,0.0,0.0,0.0,1154.9,1154.9,1154.9,0.865,2026-01-28 09:13:02,806
UNOMINDA,2026-02-24,1340.0,5.3,0.0,0.0,0.0,0.0,0.0,1154.9,1154.9,1154.9,0.865,2026-01-28 09:13:02,1202
UNOMINDA,2026-02-24,1360.0,0.0,0.0,0.0,0.0,0.0,0.0,1154.9,1154.9,1154.9,0.865,2026-01-28 09:13:02,1598
UNOMINDA,2026-02-24,1380.0,2.95,1100.0,0.0,0.0,0.0,0.0,1154.9,1154.9,1154.9,0.865,2026-01-28 09:13:02,1994
UNOMINDA,2026-02-24,1400.0,0.0,0.0,0.0,255.0,1650.0,0.0,1154.9,1154.9,1154.9,0.865,2026-01-28 09:13:02,2393
UNOMINDA,2026-02-24,1420.0,0.0,0.0,0.0,270.1,1650.0,0.0,1154.9,1154.9,1154.9,0.865,2026-01-28 09:13:02,2752
UNOMINDA,2026-02-24,1440.0,0.0,0.0,0.0,289.55,0.0,0.0,1154.9,1154.9,1154.9,0.865,2026-01-28 09:13:02,3113
UNOMINDA,2026-02-24,1460.0,0.0,0.0,0.0,0.0,0.0,0.0,1154.9,1154.9,1154.9,0.865,2026-01-28 09:13:02,3517
UNOMINDA,2026-02-24,1480.0,0.0,0.0,0.0,328.8,0.0,0.0,1154.9,1154.9,1154.9,0.865,2026-01-28 09:13:02,3922
UNOMINDA,2026-02-24,1520.0,0.0,0.0,0.0,368.35,0.0,0.0,1154.9,1154.9,1154.9,0.865,2026-01-28 09:13:02,4732
UPL,2026-02-24,580.0,0.0,0.0,0.0,1.65,47425.0,0.0,720.1,720.1,720.1,0.495,2026-01-28 09:13:02,46907
UPL,2026-02-24,590.0,0.0,0.0,0.0,1.55,2710.0,0.0,720.1,720.1,720.1,0.495,2026-01-28 09:13:02,41616
UPL,2026-02-24,600.0,0.0,0.0,0.0,2.05,153115.0,0.0,720.1,720.1,720.1,0.495,2026-01-28 09:13:02,36335
UPL,2026-02-24,610.0,0.0,0.0,0.0,0.9,2710.0,0.0,720.1,720.1,720.1,0.495,2026-01-28 09:13:02,31177
UPL,2026-02-24,620.0,0.0,0.0,0.0,2.95,168020.0,0.0,720.1,720.1,720.1,0.495,2026-01-28 09:13:02,26052
UPL,2026-02-24,630.0,0.0,0.0,0.0,3.9,71815.0,0.0,720.1,720.1,720.1,0.495,2026-01-28 09:13:02,21046
UPL,2026-02-24,640.0,89.0,16260.0,0.0,4.85,898365.0,0.0,720.1,720.1,720.1,0.495,2026-01-28 09:13:02,16133
UPL,2026-02-24,650.0,73.75,12195.0,0.0,5.85,208670.0,0.0,720.1,720.1,720.1,0.495,2026-01-28 09:13:02,11872
UPL,2026-02-24,660.0,65.45,24390.0,0.0,7.35,135500.0,0.0,720.1,720.1,720.1,0.495,2026-01-28 09:13:02,8090
UPL,2026-02-24,670.0,0.0,0.0,0.0,9.65,79945.0,0.0,720.1,720.1,720.1,0.495,2026-01-28 09:13:02,4561
UPL,2026-02-24,680.0,53.0,86720.0,0.0,11.15,178860.0,0.0,720.1,720.1,720.1,0.495,2026-01-28 09:13:02,974
UPL,2026-02-24,690.0,49.3,54200.0,0.0,13.8,165310.0,0.0,720.1,720.1,720.1,0.495,2026-01-28 09:13:02,-2008
UPL,2026-02-24,700.0,39.0,1457980.0,0.0,17.05,1020315.0,0.0,720.1,720.1,720.1,0.495,2026-01-28 09:13:02,-4994
UPL,2026-02-24,710.0,32.85,966115.0,0.0,21.25,391595.0,0.0,720.1,720.1,720.1,0.495,2026-01-28 09:13:02,-1593
UPL,2026-02-24,720.0,27.95,345525.0,0.0,25.7,406500.0,0.0,720.1,720.1,720.1,0.495,2026-01-28 09:13:02,1559
UPL,2026-02-24,730.0,22.7,165310.0,0.0,30.7,136855.0,0.0,720.1,720.1,720.1,0.495,2026-01-28 09:13:02,3044
UPL,2026-02-24,740.0,19.05,254740.0,0.0,35.7,136855.0,0.0,720.1,720.1,720.1,0.495,2026-01-28 09:13:02,4865
UPL,2026-02-24,750.0,15.35,845520.0,0.0,42.1,635495.0,0.0,720.1,720.1,720.1,0.495,2026-01-28 09:13:02,7119
UPL,2026-02-24,760.0,12.3,210025.0,0.0,50.15,142275.0,0.0,720.1,720.1,720.1,0.495,2026-01-28 09:13:02,9480
UPL,2026-02-24,770.0,10.2,182925.0,0.0,57.0,69105.0,0.0,720.1,720.1,720.1,0.495,2026-01-28 09:13:02,13115
UPL,2026-02-24,780.0,7.9,195120.0,0.0,64.55,73170.0,0.0,720.1,720.1,720.1,0.495,2026-01-28 09:13:02,17251
UPL,2026-02-24,790.0,6.45,166665.0,0.0,73.0,36585.0,0.0,720.1,720.1,720.1,0.495,2026-01-28 09:13:02,21544
UPL,2026-02-24,800.0,5.35,1417330.0,0.0,80.8,132790.0,0.0,720.1,720.1,720.1,0.495,2026-01-28 09:13:02,26198
UPL,2026-02-24,810.0,4.05,127370.0,0.0,93.05,4065.0,0.0,720.1,720.1,720.1,0.495,2026-01-28 09:13:02,32248
UPL,2026-02-24,820.0,3.4,134145.0,0.0,102.2,8130.0,0.0,720.1,720.1,720.1,0.495,2026-01-28 09:13:02,38758
UPL,2026-02-24,830.0,2.75,21680.0,0.0,113.0,5420.0,0.0,720.1,720.1,720.1,0.495,2026-01-28 09:13:02,45358
UPL,2026-02-24,840.0,2.2,151760.0,0.0,0.0,0.0,0.0,720.1,720.1,720.1,0.495,2026-01-28 09:13:02,51968
UPL,2026-02-24,850.0,1.9,153115.0,0.0,126.1,12195.0,0.0,720.1,720.1,720.1,0.495,2026-01-28 09:13:02,58819
UPL,2026-02-24,860.0,1.85,32520.0,0.0,140.25,5420.0,0.0,720.1,720.1,720.1,0.495,2026-01-28 09:13:02,65676
UPL,2026-02-24,870.0,0.55,1355.0,0.0,0.0,0.0,0.0,720.1,720.1,720.1,0.495,2026-01-28 09:13:02,72627
UPL,2026-02-24,880.0,0.4,24390.0,0.0,158.0,1355.0,0.0,720.1,720.1,720.1,0.495,2026-01-28 09:13:02,79648
UPL,2026-02-24,890.0,0.0,0.0,0.0,0.0,0.0,0.0,720.1,720.1,720.1,0.495,2026-01-28 09:13:02,86675
UPL,2026-02-24,900.0,0.8,39295.0,0.0,0.0,0.0,0.0,720.1,720.1,720.1,0.495,2026-01-28 09:13:02,93723
UPL,2026-02-24,920.0,0.1,48780.0,0.0,0.0,0.0,0.0,720.1,720.1,720.1,0.495,2026-01-28 09:13:02,107899
VBL,2026-02-24,400.0,77.0,2250.0,0.0,1.35,29250.0,0.0,472.15,472.15,472.15,0.106,2026-01-28 09:13:02,19092
VBL,2026-02-24,410.0,0.0,0.0,0.0,1.6,1125.0,0.0,472.15,472.15,472.15,0.106,2026-01-28 09:13:02,15557
VBL,2026-02-24,420.0,0.0,0.0,0.0,3.0,119250.0,0.0,472.15,472.15,472.15,0.106,2026-01-28 09:13:02,12010
VBL,2026-02-24,425.0,0.0,0.0,0.0,0.0,0.0,0.0,472.15,472.15,472.15,0.106,2026-01-28 09:13:02,10260
VBL,2026-02-24,430.0,47.0,1125.0,0.0,4.2,39375.0,0.0,472.15,472.15,472.15,0.106,2026-01-28 09:13:02,8546
VBL,2026-02-24,435.0,0.0,0.0,0.0,0.0,0.0,0.0,472.15,472.15,472.15,0.106,2026-01-28 09:13:02,6841
VBL,2026-02-24,440.0,0.0,0.0,0.0,6.05,97875.0,0.0,472.15,472.15,472.15,0.106,2026-01-28 09:13:02,5147
VBL,2026-02-24,445.0,0.0,0.0,0.0,7.15,37125.0,0.0,472.15,472.15,472.15,0.106,2026-01-28 09:13:02,3444
VBL,2026-02-24,450.0,28.45,184500.0,0.0,8.3,1179000.0,0.0,472.15,472.15,472.15,0.106,2026-01-28 09:13:02,1791
VBL,2026-02-24,455.0,0.0,0.0,0.0,9.8,30375.0,0.0,472.15,472.15,472.15,0.106,2026-01-28 09:13:02,393
VBL,2026-02-24,460.0,25.45,13500.0,0.0,11.35,667125.0,0.0,472.15,472.15,472.15,0.106,2026-01-28 09:13:02,-565
VBL,2026-02-24,465.0,24.05,10125.0,0.0,13.4,48375.0,0.0,472.15,472.15,472.15,0.106,2026-01-28 09:13:02,-1877
VBL,2026-02-24,470.0,20.9,151875.0,0.0,15.45,123750.0,0.0,472.15,472.15,472.15,0.106,2026-01-28 09:13:02,-2477
VBL,2026-02-24,475.0,18.25,121500.0,0.0,17.85,257625.0,0.0,472.15,472.15,472.15,0.106,2026-01-28 09:13:02,-2773
VBL,2026-02-24,480.0,15.4,273375.0,0.0,20.35,189000.0,0.0,472.15,472.15,472.15,0.106,2026-01-28 09:13:02,-3243
VBL,2026-02-24,485.0,13.65,41625.0,0.0,23.25,81000.0,0.0,472.15,472.15,472.15,0.106,2026-01-28 09:13:02,-3208
VBL,2026-02-24,490.0,11.85,465750.0,0.0,26.45,133875.0,0.0,472.15,472.15,472.15,0.106,2026-01-28 09:13:02,-3279
VBL,2026-02-24,495.0,10.3,76500.0,0.0,31.95,1125.0,0.0,472.15,472.15,472.15,0.106,2026-01-28 09:13:02,-2722
VBL,2026-02-24,500.0,8.85,1705500.0,0.0,33.35,424125.0,0.0,472.15,472.15,472.15,0.106,2026-01-28 09:13:02,-2248
VBL,2026-02-24,505.0,6.2,14625.0,0.0,39.1,19125.0,0.0,472.15,472.15,472.15,0.106,2026-01-28 09:13:02,-689
VBL,2026-02-24,510.0,6.25,160875.0,0.0,39.2,21375.0,0.0,472.15,472.15,472.15,0.106,2026-01-28 09:13:02,725
VBL,2026-02-24,515.0,0.0,0.0,0.0,0.0,0.0,0.0,472.15,472.15,472.15,0.106,2026-01-28 09:13:02,2313
VBL,2026-02-24,520.0,4.55,205875.0,0.0,48.15,70875.0,0.0,472.15,472.15,472.15,0.106,2026-01-28 09:13:02,3885
VBL,2026-02-24,525.0,3.85,38250.0,0.0,0.0,0.0,0.0,472.15,472.15,472.15,0.106,2026-01-28 09:13:02,5347
VBL,2026-02-24,530.0,3.15,70875.0,0.0,59.45,2250.0,0.0,472.15,472.15,472.15,0.106,2026-01-28 09:13:02,7091
VBL,2026-02-24,535.0,2.6,22500.0,0.0,0.0,0.0,0.0,472.15,472.15,472.15,0.106,2026-01-28 09:13:02,8866
VBL,2026-02-24,540.0,2.3,84375.0,0.0,67.0,1125.0,0.0,472.15,472.15,472.15,0.106,2026-01-28 09:13:02,10648
VBL,2026-02-24,545.0,0.0,0.0,0.0,0.0,0.0,0.0,472.15,472.15,472.15,0.106,2026-01-28 09:13:02,12480
VBL,2026-02-24,550.0,1.55,173250.0,0.0,77.5,1125.0,0.0,472.15,472.15,472.15,0.106,2026-01-28 09:13:02,14300
VBL,2026-02-24,555.0,0.0,0.0,0.0,0.0,0.0,0.0,472.15,472.15,472.15,0.106,2026-01-28 09:13:02,16225
VBL,2026-02-24,560.0,1.3,14625.0,0.0,82.95,4500.0,0.0,472.15,472.15,472.15,0.106,2026-01-28 09:13:02,18132
VBL,2026-02-24,570.0,0.85,87750.0,0.0,0.0,0.0,0.0,472.15,472.15,472.15,0.106,2026-01-28 09:13:02,21929
VBL,2026-02-24,580.0,0.7,201375.0,0.0,0.0,0.0,0.0,472.15,472.15,472.15,0.106,2026-01-28 09:13:02,25857
VEDL,2026-02-24,460.0,0.0,0.0,0.0,0.05,9200.0,0.0,711.1,711.1,711.1,0.801,2026-01-28 09:13:02,180087
VEDL,2026-02-24,480.0,0.0,0.0,0.0,0.05,13800.0,0.0,711.1,711.1,711.1,0.801,2026-01-28 09:13:02,149566
VEDL,2026-02-24,490.0,0.0,0.0,0.0,0.05,12650.0,0.0,711.1,711.1,711.1,0.801,2026-01-28 09:13:02,134319
VEDL,2026-02-24,500.0,205.25,194350.0,0.0,0.45,154100.0,0.0,711.1,711.1,711.1,0.801,2026-01-28 09:13:02,119085
VEDL,2026-02-24,510.0,0.0,0.0,0.0,0.05,16100.0,0.0,711.1,711.1,711.1,0.801,2026-01-28 09:13:02,108181
VEDL,2026-02-24,520.0,180.0,6900.0,0.0,0.85,27600.0,0.0,711.1,711.1,711.1,0.801,2026-01-28 09:13:02,93312
VEDL,2026-02-24,530.0,177.95,2300.0,0.0,0.9,67850.0,0.0,711.1,711.1,711.1,0.801,2026-01-28 09:13:02,78599
VEDL,2026-02-24,540.0,163.5,17250.0,0.0,0.1,54050.0,0.0,711.1,711.1,711.1,0.801,2026-01-28 09:13:02,63869
VEDL,2026-02-24,550.0,150.0,92000.0,0.0,0.95,453100.0,0.0,711.1,711.1,711.1,0.801,2026-01-28 09:13:02,49456
VEDL,2026-02-24,555.0,0.0,0.0,0.0,0.2,23000.0,0.0,711.1,711.1,711.1,0.801,2026-01-28 09:13:02,43719
VEDL,2026-02-24,560.0,149.75,932650.0,0.0,1.05,248400.0,0.0,711.1,711.1,711.1,0.801,2026-01-28 09:13:02,36656
VEDL,2026-02-24,565.0,143.35,4600.0,0.0,0.3,16100.0,0.0,711.1,711.1,711.1,0.801,2026-01-28 09:13:02,44124
VEDL,2026-02-24,570.0,133.0,50600.0,0.0,1.3,109250.0,0.0,711.1,711.1,711.1,0.801,2026-01-28 09:13:02,37728
VEDL,2026-02-24,575.0,133.55,3450.0,0.0,0.45,25300.0,0.0,711.1,711.1,711.1,0.801,2026-01-28 09:13:02,32005
VEDL,2026-02-24,580.0,122.0,34500.0,0.0,1.8,373750.0,0.0,711.1,711.1,711.1,0.801,2026-01-28 09:13:02,25682
VEDL,2026-02-24,585.0,0.0,0.0,0.0,2.3,52900.0,0.0,711.1,711.1,711.1,0.801,2026-01-28 09:13:02,19872
VEDL,2026-02-24,590.0,110.0,14950.0,0.0,2.2,309350.0,0.0,711.1,711.1,711.1,0.801,2026-01-28 09:13:02,13723
VEDL,2026-02-24,595.0,0.0,0.0,0.0,2.45,43700.0,0.0,711.1,711.1,711.1,0.801,2026-01-28 09:13:02,7845
VEDL,2026-02-24,600.0,110.4,922300.0,0.0,2.95,1505350.0,0.0,711.1,711.1,711.1,0.801,2026-01-28 09:13:02,1881
VEDL,2026-02-24,605.0,0.0,0.0,0.0,3.25,86250.0,0.0,711.1,711.1,711.1,0.801,2026-01-28 09:13:02,6880
VEDL,2026-02-24,610.0,94.35,74750.0,0.0,3.7,388700.0,0.0,711.1,711.1,711.1,0.801,2026-01-28 09:13:02,2156
VEDL,2026-02-24,615.0,90.6,9200.0,0.0,4.15,100050.0,0.0,711.1,711.1,711.1,0.801,2026-01-28 09:13:02,-1746
VEDL,2026-02-24,620.0,91.75,221950.0,0.0,4.8,900450.0,0.0,711.1,711.1,711.1,0.801,2026-01-28 09:13:02,-6114
VEDL,2026-02-24,625.0,86.0,21850.0,0.0,5.3,257600.0,0.0,711.1,711.1,711.1,0.801,2026-01-28 09:13:02,-8358
VEDL,2026-02-24,630.0,83.4,228850.0,0.0,6.1,410550.0,0.0,711.1,711.1,711.1,0.801,2026-01-28 09:13:02,-12016
VEDL,2026-02-24,635.0,78.15,1150.0,0.0,6.7,240350.0,0.0,711.1,711.1,711.1,0.801,2026-01-28 09:13:02,-13746
VEDL,2026-02-24,640.0,74.8,139150.0,0.0,7.65,767050.0,0.0,711.1,711.1,711.1,0.801,2026-01-28 09:13:02,-17167
VEDL,2026-02-24,645.0,69.85,4600.0,0.0,8.75,195500.0,0.0,711.1,711.1,711.1,0.801,2026-01-28 09:13:02,-19528
VEDL,2026-02-24,650.0,67.3,1097100.0,0.0,9.85,1371950.0,0.0,711.1,711.1,711.1,0.801,2026-01-28 09:13:02,-22382
VEDL,2026-02-24,655.0,63.8,26450.0,0.0,10.9,208150.0,0.0,711.1,711.1,711.1,0.801,2026-01-28 09:13:02,-17830
VEDL,2026-02-24,660.0,59.95,198950.0,0.0,12.55,456550.0,0.0,711.1,711.1,711.1,0.801,2026-01-28 09:13:02,-19252
VEDL,2026-02-24,665.0,51.0,62100.0,0.0,13.65,147200.0,0.0,711.1,711.1,711.1,0.801,2026-01-28 09:13:02,-19668
VEDL,2026-02-24,670.0,53.85,698050.0,0.0,15.4,771650.0,0.0,711.1,711.1,711.1,0.801,2026-01-28 09:13:02,-20483
VEDL,2026-02-24,675.0,50.35,265650.0,0.0,17.25,297850.0,0.0,711.1,711.1,711.1,0.801,2026-01-28 09:13:02,-18108
VEDL,2026-02-24,680.0,46.95,968300.0,0.0,19.2,860200.0,0.0,711.1,711.1,711.1,0.801,2026-01-28 09:13:02,-17199
VEDL,2026-02-24,685.0,44.0,194350.0,0.0,20.9,285200.0,0.0,711.1,711.1,711.1,0.801,2026-01-28 09:13:02,-13304
VEDL,2026-02-24,690.0,41.0,836050.0,0.0,23.05,553150.0,0.0,711.1,711.1,711.1,0.801,2026-01-28 09:13:02,-11806
VEDL,2026-02-24,695.0,38.4,244950.0,0.0,25.5,374900.0,0.0,711.1,711.1,711.1,0.801,2026-01-28 09:13:02,-7719
VEDL,2026-02-24,700.0,36.15,3659300.0,0.0,28.0,1396100.0,0.0,711.1,711.1,711.1,0.801,2026-01-28 09:13:02,-5490
VEDL,2026-02-24,705.0,33.6,471500.0,0.0,30.45,407100.0,0.0,711.1,711.1,711.1,0.801,2026-01-28 09:13:02,8601
VEDL,2026-02-24,710.0,31.45,1104000.0,0.0,33.15,378350.0,0.0,711.1,711.1,711.1,0.801,2026-01-28 09:13:02,14156
VEDL,2026-02-24,715.0,29.25,290950.0,0.0,35.75,205850.0,0.0,711.1,711.1,711.1,0.801,2026-01-28 09:13:02,22327
VEDL,2026-02-24,720.0,27.1,2594400.0,0.0,38.85,282900.0,0.0,711.1,711.1,711.1,0.801,2026-01-28 09:13:02,28643
VEDL,2026-02-24,725.0,25.25,285200.0,0.0,45.95,67850.0,0.0,711.1,711.1,711.1,0.801,2026-01-28 09:13:02,42214
VEDL,2026-02-24,730.0,23.2,1207500.0,0.0,44.6,79350.0,0.0,711.1,711.1,711.1,0.801,2026-01-28 09:13:02,50438
VEDL,2026-02-24,735.0,21.8,226550.0,0.0,49.15,1150.0,0.0,711.1,711.1,711.1,0.801,2026-01-28 09:13:02,61345
VEDL,2026-02-24,740.0,20.15,673900.0,0.0,58.4,20700.0,0.0,711.1,711.1,711.1,0.801,2026-01-28 09:13:02,70406
VEDL,2026-02-24,745.0,18.8,561200.0,0.0,50.7,10350.0,0.0,711.1,711.1,711.1,0.801,2026-01-28 09:13:02,80564
VEDL,2026-02-24,750.0,17.55,3993950.0,0.0,58.9,161000.0,0.0,711.1,711.1,711.1,0.801,2026-01-28 09:13:02,90773
VEDL,2026-02-24,755.0,16.2,234600.0,0.0,63.4,5750.0,0.0,711.1,711.1,711.1,0.801,2026-01-28 09:13:02,108118
VEDL,2026-02-24,760.0,14.95,3069350.0,0.0,66.2,64400.0,0.0,711.1,711.1,711.1,0.801,2026-01-28 09:13:02,119865
VEDL,2026-02-24,770.0,0.0,0.0,0.0,0.0,0.0,0.0,711.1,711.1,711.1,0.801,2026-01-28 09:13:02,149969
VEDL,2026-02-24,780.0,0.0,0.0,0.0,0.0,0.0,0.0,711.1,711.1,711.1,0.801,2026-01-28 09:13:02,175911
VEDL,2026-02-24,790.0,0.0,0.0,0.0,0.0,0.0,0.0,711.1,711.1,711.1,0.801,2026-01-28 09:13:02,201853
VOLTAS,2026-02-24,1080.0,0.0,0.0,0.0,4.8,12375.0,0.0,1341.0,1341.0,1341.0,0.782,2026-01-28 09:13:02,19072
VOLTAS,2026-02-24,1120.0,217.7,1125.0,0.0,6.8,23625.0,0.0,1341.0,1341.0,1341.0,0.782,2026-01-28 09:13:02,14845
VOLTAS,2026-02-24,1140.0,0.0,0.0,0.0,0.0,0.0,0.0,1341.0,1341.0,1341.0,0.782,2026-01-28 09:13:02,12793
VOLTAS,2026-02-24,1160.0,180.4,0.0,0.0,9.55,27750.0,0.0,1341.0,1341.0,1341.0,0.782,2026-01-28 09:13:02,10732
VOLTAS,2026-02-24,1180.0,0.0,0.0,0.0,17.0,2250.0,0.0,1341.0,1341.0,1341.0,0.782,2026-01-28 09:13:02,8700
VOLTAS,2026-02-24,1200.0,130.0,7125.0,0.0,15.05,89250.0,0.0,1341.0,1341.0,1341.0,0.782,2026-01-28 09:13:02,6695
VOLTAS,2026-02-24,1220.0,128.85,1125.0,0.0,18.7,16125.0,0.0,1341.0,1341.0,1341.0,0.782,2026-01-28 09:13:02,4845
VOLTAS,2026-02-24,1240.0,113.25,1125.0,0.0,22.0,41625.0,0.0,1341.0,1341.0,1341.0,0.782,2026-01-28 09:13:02,3056
VOLTAS,2026-02-24,1260.0,95.0,375.0,0.0,27.9,64125.0,0.0,1341.0,1341.0,1341.0,0.782,2026-01-28 09:13:02,1289
VOLTAS,2026-02-24,1280.0,85.5,24750.0,0.0,34.1,49125.0,0.0,1341.0,1341.0,1341.0,0.782,2026-01-28 09:13:02,-445
VOLTAS,2026-02-24,1300.0,78.85,121125.0,0.0,41.45,384750.0,0.0,1341.0,1341.0,1341.0,0.782,2026-01-28 09:13:02,-1812
VOLTAS,2026-02-24,1320.0,68.25,46875.0,0.0,49.25,114375.0,0.0,1341.0,1341.0,1341.0,0.782,2026-01-28 09:13:02,-2852
VOLTAS,2026-02-24,1340.0,58.25,113625.0,0.0,56.75,52875.0,0.0,1341.0,1341.0,1341.0,0.782,2026-01-28 09:13:02,-3173
VOLTAS,2026-02-24,1360.0,48.75,93750.0,0.0,64.85,25875.0,0.0,1341.0,1341.0,1341.0,0.782,2026-01-28 09:13:02,-2555
VOLTAS,2026-02-24,1380.0,42.15,25125.0,0.0,77.05,5625.0,0.0,1341.0,1341.0,1341.0,0.782,2026-01-28 09:13:02,-1771
VOLTAS,2026-02-24,1400.0,33.15,360375.0,0.0,97.6,76500.0,0.0,1341.0,1341.0,1341.0,0.782,2026-01-28 09:13:02,-1152
VOLTAS,2026-02-24,1420.0,28.1,46875.0,0.0,95.15,3000.0,0.0,1341.0,1341.0,1341.0,0.782,2026-01-28 09:13:02,726
VOLTAS,2026-02-24,1440.0,22.0,66000.0,0.0,107.65,5625.0,0.0,1341.0,1341.0,1341.0,0.782,2026-01-28 09:13:02,2359
VOLTAS,2026-02-24,1460.0,18.35,79500.0,0.0,123.9,9750.0,0.0,1341.0,1341.0,1341.0,0.782,2026-01-28 09:13:02,4117
VOLTAS,2026-02-24,1480.0,10.0,18750.0,0.0,169.0,4125.0,0.0,1341.0,1341.0,1341.0,0.782,2026-01-28 09:13:02,5993
VOLTAS,2026-02-24,1500.0,11.65,175500.0,0.0,199.2,38250.0,0.0,1341.0,1341.0,1341.0,0.782,2026-01-28 09:13:02,7840
VOLTAS,2026-02-24,1520.0,9.6,12000.0,0.0,189.25,1125.0,0.0,1341.0,1341.0,1341.0,0.782,2026-01-28 09:13:02,9607
VOLTAS,2026-02-24,1540.0,7.95,49875.0,0.0,229.0,2250.0,0.0,1341.0,1341.0,1341.0,0.782,2026-01-28 09:13:02,11949
VOLTAS,2026-02-24,1560.0,6.45,24375.0,0.0,226.15,1500.0,0.0,1341.0,1341.0,1341.0,0.782,2026-01-28 09:13:02,14393
VOLTAS,2026-02-24,1580.0,5.6,33000.0,0.0,0.0,0.0,0.0,1341.0,1341.0,1341.0,0.782,2026-01-28 09:13:02,16882
VOLTAS,2026-02-24,1600.0,4.55,74250.0,0.0,283.0,5625.0,0.0,1341.0,1341.0,1341.0,0.782,2026-01-28 09:13:02,19473
VOLTAS,2026-02-24,1620.0,1.6,4875.0,0.0,0.0,0.0,0.0,1341.0,1341.0,1341.0,0.782,2026-01-28 09:13:02,22081
VOLTAS,2026-02-24,1640.0,1.35,11625.0,0.0,303.05,10125.0,0.0,1341.0,1341.0,1341.0,0.782,2026-01-28 09:13:02,24824
VOLTAS,2026-02-24,1680.0,2.3,1875.0,0.0,0.0,0.0,0.0,1341.0,1341.0,1341.0,0.782,2026-01-28 09:13:02,30092
VOLTAS,2026-02-24,1720.0,1.95,1500.0,0.0,0.0,0.0,0.0,1341.0,1341.0,1341.0,0.782,2026-01-28 09:13:02,35672
WAAREEENER,2026-02-24,1900.0,0.0,0.0,0.0,0.0,0.0,0.0,2700.0,2700.0,2700.0,0.178,2026-01-28 09:13:02,20825
WAAREEENER,2026-02-24,2000.0,0.0,0.0,0.0,6.8,11375.0,0.0,2700.0,2700.0,2700.0,0.178,2026-01-28 09:13:02,16263
WAAREEENER,2026-02-24,2100.0,0.0,0.0,0.0,4.45,6125.0,0.0,2700.0,2700.0,2700.0,0.178,2026-01-28 09:13:02,11807
WAAREEENER,2026-02-24,2150.0,0.0,0.0,0.0,0.0,0.0,0.0,2700.0,2700.0,2700.0,0.178,2026-01-28 09:13:02,9610
WAAREEENER,2026-02-24,2200.0,0.0,0.0,0.0,15.1,45500.0,0.0,2700.0,2700.0,2700.0,0.178,2026-01-28 09:13:02,7417
WAAREEENER,2026-02-24,2250.0,0.0,0.0,0.0,14.6,525.0,0.0,2700.0,2700.0,2700.0,0.178,2026-01-28 09:13:02,5382
WAAREEENER,2026-02-24,2300.0,0.0,0.0,0.0,20.15,21000.0,0.0,2700.0,2700.0,2700.0,0.178,2026-01-28 09:13:02,3418
WAAREEENER,2026-02-24,2350.0,0.0,0.0,0.0,27.0,1575.0,0.0,2700.0,2700.0,2700.0,0.178,2026-01-28 09:13:02,1517
WAAREEENER,2026-02-24,2400.0,331.2,33600.0,0.0,29.15,57750.0,0.0,2700.0,2700.0,2700.0,0.178,2026-01-28 09:13:02,-337
WAAREEENER,2026-02-24,2450.0,305.9,4900.0,0.0,40.45,3675.0,0.0,2700.0,2700.0,2700.0,0.178,2026-01-28 09:13:02,-786
WAAREEENER,2026-02-24,2500.0,227.55,45325.0,0.0,43.6,93275.0,0.0,2700.0,2700.0,2700.0,0.178,2026-01-28 09:13:02,-2002
WAAREEENER,2026-02-24,2550.0,212.5,2800.0,0.0,50.0,5075.0,0.0,2700.0,2700.0,2700.0,0.178,2026-01-28 09:13:02,-2036
WAAREEENER,2026-02-24,2600.0,188.25,84525.0,0.0,70.2,76475.0,0.0,2700.0,2700.0,2700.0,0.178,2026-01-28 09:13:02,-2620
WAAREEENER,2026-02-24,2650.0,150.2,39900.0,0.0,90.8,12075.0,0.0,2700.0,2700.0,2700.0,0.178,2026-01-28 09:13:02,-1379
WAAREEENER,2026-02-24,2700.0,123.75,118300.0,0.0,112.15,103075.0,0.0,2700.0,2700.0,2700.0,0.178,2026-01-28 09:13:02,-443
WAAREEENER,2026-02-24,2750.0,102.05,4550.0,0.0,172.7,175.0,0.0,2700.0,2700.0,2700.0,0.178,2026-01-28 09:13:02,1417
WAAREEENER,2026-02-24,2800.0,82.55,89425.0,0.0,159.5,3675.0,0.0,2700.0,2700.0,2700.0,0.178,2026-01-28 09:13:02,3037
WAAREEENER,2026-02-24,2850.0,69.9,2450.0,0.0,234.55,175.0,0.0,2700.0,2700.0,2700.0,0.178,2026-01-28 09:13:02,5759
WAAREEENER,2026-02-24,2900.0,53.95,32550.0,0.0,268.95,3150.0,0.0,2700.0,2700.0,2700.0,0.178,2026-01-28 09:13:02,7827
WAAREEENER,2026-02-24,2950.0,36.7,2275.0,0.0,305.6,525.0,0.0,2700.0,2700.0,2700.0,0.178,2026-01-28 09:13:02,10152
WAAREEENER,2026-02-24,3000.0,33.55,94325.0,0.0,340.0,5950.0,0.0,2700.0,2700.0,2700.0,0.178,2026-01-28 09:13:02,12392
WAAREEENER,2026-02-24,3050.0,43.35,175.0,0.0,0.0,0.0,0.0,2700.0,2700.0,2700.0,0.178,2026-01-28 09:13:02,15255
WAAREEENER,2026-02-24,3100.0,20.45,19775.0,0.0,425.85,700.0,0.0,2700.0,2700.0,2700.0,0.178,2026-01-28 09:13:02,18006
WAAREEENER,2026-02-24,3150.0,28.5,175.0,0.0,0.0,0.0,0.0,2700.0,2700.0,2700.0,0.178,2026-01-28 09:13:02,20869
WAAREEENER,2026-02-24,3200.0,12.85,17325.0,0.0,513.0,525.0,0.0,2700.0,2700.0,2700.0,0.178,2026-01-28 09:13:02,23723
WAAREEENER,2026-02-24,3250.0,18.25,0.0,0.0,558.15,0.0,0.0,2700.0,2700.0,2700.0,0.178,2026-01-28 09:13:02,26661
WAAREEENER,2026-02-24,3300.0,9.4,1050.0,0.0,0.0,0.0,0.0,2700.0,2700.0,2700.0,0.178,2026-01-28 09:13:02,29604
WAAREEENER,2026-02-24,3400.0,6.0,6825.0,0.0,0.0,0.0,0.0,2700.0,2700.0,2700.0,0.178,2026-01-28 09:13:02,35501
WAAREEENER,2026-02-24,3500.0,4.75,2975.0,0.0,827.7,3850.0,0.0,2700.0,2700.0,2700.0,0.178,2026-01-28 09:13:02,41469
WIPRO,2026-02-24,194.0,41.8,39000.0,0.0,0.2,63000.0,0.0,235.5,235.5,235.5,0.298,2026-01-28 09:13:02,79757
WIPRO,2026-02-24,195.0,0.0,0.0,0.0,0.0,0.0,0.0,235.5,235.5,235.5,0.298,2026-01-28 09:13:02,77873
WIPRO,2026-02-24,199.0,0.0,0.0,0.0,0.25,75000.0,0.0,235.5,235.5,235.5,0.298,2026-01-28 09:13:02,69690
WIPRO,2026-02-24,200.0,0.0,0.0,0.0,0.0,0.0,0.0,235.5,235.5,235.5,0.298,2026-01-28 09:13:02,67650
WIPRO,2026-02-24,204.0,31.0,12000.0,0.0,0.4,588000.0,0.0,235.5,235.5,235.5,0.298,2026-01-28 09:13:02,59497
WIPRO,2026-02-24,205.0,0.0,0.0,0.0,0.0,0.0,0.0,235.5,235.5,235.5,0.298,2026-01-28 09:13:02,57533
WIPRO,2026-02-24,206.5,0.0,0.0,0.0,0.0,0.0,0.0,235.5,235.5,235.5,0.298,2026-01-28 09:13:02,54565
WIPRO,2026-02-24,207.5,0.0,0.0,0.0,0.0,0.0,0.0,235.5,235.5,235.5,0.298,2026-01-28 09:13:02,52587
WIPRO,2026-02-24,209.0,0.0,0.0,0.0,0.6,222000.0,0.0,235.5,235.5,235.5,0.298,2026-01-28 09:13:02,49620
WIPRO,2026-02-24,210.0,0.0,0.0,0.0,0.0,0.0,0.0,235.5,235.5,235.5,0.298,2026-01-28 09:13:02,47651
WIPRO,2026-02-24,211.5,0.0,0.0,0.0,0.7,144000.0,0.0,235.5,235.5,235.5,0.298,2026-01-28 09:13:02,44717
WIPRO,2026-02-24,212.5,0.0,0.0,0.0,0.0,0.0,0.0,235.5,235.5,235.5,0.298,2026-01-28 09:13:02,42765
WIPRO,2026-02-24,214.0,21.35,54000.0,0.0,0.95,1551000.0,0.0,235.5,235.5,235.5,0.298,2026-01-28 09:13:02,39853
WIPRO,2026-02-24,215.0,0.0,0.0,0.0,0.0,0.0,0.0,235.5,235.5,235.5,0.298,2026-01-28 09:13:02,38039
WIPRO,2026-02-24,216.5,0.0,0.0,0.0,1.1,189000.0,0.0,235.5,235.5,235.5,0.298,2026-01-28 09:13:02,35368
WIPRO,2026-02-24,217.5,0.0,0.0,0.0,0.0,0.0,0.0,235.5,235.5,235.5,0.298,2026-01-28 09:13:02,33585
WIPRO,2026-02-24,219.0,0.0,0.0,0.0,1.4,747000.0,0.0,235.5,235.5,235.5,0.298,2026-01-28 09:13:02,30942
WIPRO,2026-02-24,220.0,0.0,0.0,0.0,0.0,0.0,0.0,235.5,235.5,235.5,0.298,2026-01-28 09:13:02,29149
WIPRO,2026-02-24,221.5,14.6,9000.0,0.0,1.7,234000.0,0.0,235.5,235.5,235.5,0.298,2026-01-28 09:13:02,26618
WIPRO,2026-02-24,222.5,0.0,0.0,0.0,0.0,0.0,0.0,235.5,235.5,235.5,0.298,2026-01-28 09:13:02,24928
WIPRO,2026-02-24,224.0,14.65,870000.0,0.0,2.15,2031000.0,0.0,235.5,235.5,235.5,0.298,2026-01-28 09:13:02,22434
WIPRO,2026-02-24,225.0,0.0,0.0,0.0,0.0,0.0,0.0,235.5,235.5,235.5,0.298,2026-01-28 09:13:02,21898
WIPRO,2026-02-24,226.5,12.75,45000.0,0.0,2.7,363000.0,0.0,235.5,235.5,235.5,0.298,2026-01-28 09:13:02,19839
WIPRO,2026-02-24,227.5,0.0,0.0,0.0,0.0,0.0,0.0,235.5,235.5,235.5,0.298,2026-01-28 09:13:02,18466
WIPRO,2026-02-24,229.0,10.75,264000.0,0.0,3.35,1020000.0,0.0,235.5,235.5,235.5,0.298,2026-01-28 09:13:02,16467
WIPRO,2026-02-24,230.0,0.0,0.0,0.0,0.0,0.0,0.0,235.5,235.5,235.5,0.298,2026-01-28 09:13:02,15205
WIPRO,2026-02-24,231.5,9.1,435000.0,0.0,4.15,861000.0,0.0,235.5,235.5,235.5,0.298,2026-01-28 09:13:02,13400
WIPRO,2026-02-24,232.5,0.0,0.0,0.0,0.0,0.0,0.0,235.5,235.5,235.5,0.298,2026-01-28 09:13:02,12364
WIPRO,2026-02-24,234.0,7.6,3306000.0,0.0,5.1,3894000.0,0.0,235.5,235.5,235.5,0.298,2026-01-28 09:13:02,10752
WIPRO,2026-02-24,235.0,0.0,0.0,0.0,0.0,0.0,0.0,235.5,235.5,235.5,0.298,2026-01-28 09:13:02,10925
WIPRO,2026-02-24,236.5,6.25,747000.0,0.0,6.25,516000.0,0.0,235.5,235.5,235.5,0.298,2026-01-28 09:13:02,10393
WIPRO,2026-02-24,237.5,0.0,0.0,0.0,0.0,0.0,0.0,235.5,235.5,235.5,0.298,2026-01-28 09:13:02,10310
WIPRO,2026-02-24,239.0,5.1,1521000.0,0.0,7.5,948000.0,0.0,235.5,235.5,235.5,0.298,2026-01-28 09:13:02,9968
WIPRO,2026-02-24,240.0,0.0,0.0,0.0,0.0,0.0,0.0,235.5,235.5,235.5,0.298,2026-01-28 09:13:02,10051
WIPRO,2026-02-24,241.5,4.1,459000.0,0.0,9.0,174000.0,0.0,235.5,235.5,235.5,0.298,2026-01-28 09:13:02,10080
WIPRO,2026-02-24,242.5,0.0,0.0,0.0,0.0,0.0,0.0,235.5,235.5,235.5,0.298,2026-01-28 09:13:02,10193
WIPRO,2026-02-24,244.0,3.25,4107000.0,0.0,10.75,1857000.0,0.0,235.5,235.5,235.5,0.298,2026-01-28 09:13:02,10317
WIPRO,2026-02-24,245.0,0.0,0.0,0.0,0.0,0.0,0.0,235.5,235.5,235.5,0.298,2026-01-28 09:13:02,10334
WIPRO,2026-02-24,246.5,2.6,396000.0,0.0,12.5,105000.0,0.0,235.5,235.5,235.5,0.298,2026-01-28 09:13:02,11352
WIPRO,2026-02-24,247.5,0.0,0.0,0.0,0.0,0.0,0.0,235.5,235.5,235.5,0.298,2026-01-28 09:13:02,12052
WIPRO,2026-02-24,249.0,2.05,1257000.0,0.0,14.35,609000.0,0.0,235.5,235.5,235.5,0.298,2026-01-28 09:13:02,13145
WIPRO,2026-02-24,250.0,0.0,0.0,0.0,0.0,0.0,0.0,235.5,235.5,235.5,0.298,2026-01-28 09:13:02,13444
WIPRO,2026-02-24,251.5,1.6,381000.0,0.0,16.25,84000.0,0.0,235.5,235.5,235.5,0.298,2026-01-28 09:13:02,14817
WIPRO,2026-02-24,252.5,0.0,0.0,0.0,0.0,0.0,0.0,235.5,235.5,235.5,0.298,2026-01-28 09:13:02,15703
WIPRO,2026-02-24,254.0,1.3,4137000.0,0.0,18.6,1299000.0,0.0,235.5,235.5,235.5,0.298,2026-01-28 09:13:02,17146
WIPRO,2026-02-24,255.0,0.0,0.0,0.0,0.0,0.0,0.0,235.5,235.5,235.5,0.298,2026-01-28 09:13:02,16773
WIPRO,2026-02-24,256.5,1.05,354000.0,0.0,20.7,96000.0,0.0,235.5,235.5,235.5,0.298,2026-01-28 09:13:02,19031
WIPRO,2026-02-24,257.5,0.0,0.0,0.0,0.0,0.0,0.0,235.5,235.5,235.5,0.298,2026-01-28 09:13:02,20420
WIPRO,2026-02-24,259.0,0.8,1431000.0,0.0,23.15,423000.0,0.0,235.5,235.5,235.5,0.298,2026-01-28 09:13:02,22746
WIPRO,2026-02-24,260.0,0.0,0.0,0.0,0.0,0.0,0.0,235.5,235.5,235.5,0.298,2026-01-28 09:13:02,23617
WIPRO,2026-02-24,261.5,0.7,213000.0,0.0,25.3,21000.0,0.0,235.5,235.5,235.5,0.298,2026-01-28 09:13:02,26221
WIPRO,2026-02-24,262.5,0.0,0.0,0.0,0.0,0.0,0.0,235.5,235.5,235.5,0.298,2026-01-28 09:13:02,27941
WIPRO,2026-02-24,264.0,0.6,2253000.0,0.0,27.95,759000.0,0.0,235.5,235.5,235.5,0.298,2026-01-28 09:13:02,30580
WIPRO,2026-02-24,265.0,0.0,0.0,0.0,0.0,0.0,0.0,235.5,235.5,235.5,0.298,2026-01-28 09:13:02,30654
WIPRO,2026-02-24,266.5,0.55,105000.0,0.0,31.65,3000.0,0.0,235.5,235.5,235.5,0.298,2026-01-28 09:13:02,33745
WIPRO,2026-02-24,269.0,0.45,516000.0,0.0,32.35,210000.0,0.0,235.5,235.5,235.5,0.298,2026-01-28 09:13:02,38919
WIPRO,2026-02-24,270.0,0.0,0.0,0.0,0.0,0.0,0.0,235.5,235.5,235.5,0.298,2026-01-28 09:13:02,40407
WIPRO,2026-02-24,271.5,0.7,18000.0,0.0,0.0,0.0,0.0,235.5,235.5,235.5,0.298,2026-01-28 09:13:02,43623
WIPRO,2026-02-24,274.0,0.35,1761000.0,0.0,36.8,828000.0,0.0,235.5,235.5,235.5,0.298,2026-01-28 09:13:02,48988
WIPRO,2026-02-24,275.0,0.0,0.0,0.0,0.0,0.0,0.0,235.5,235.5,235.5,0.298,2026-01-28 09:13:02,48407
WIPRO,2026-02-24,276.5,0.0,0.0,0.0,0.0,0.0,0.0,235.5,235.5,235.5,0.298,2026-01-28 09:13:02,52014
WIPRO,2026-02-24,279.0,0.35,69000.0,0.0,42.0,75000.0,0.0,235.5,235.5,235.5,0.298,2026-01-28 09:13:02,58025
WIPRO,2026-02-24,281.5,0.0,0.0,0.0,45.6,6000.0,0.0,235.5,235.5,235.5,0.298,2026-01-28 09:13:02,63760
WIPRO,2026-02-24,284.0,0.25,354000.0,0.0,46.7,297000.0,0.0,235.5,235.5,235.5,0.298,2026-01-28 09:13:02,69781
WIPRO,2026-02-24,286.5,0.0,0.0,0.0,50.5,3000.0,0.0,235.5,235.5,235.5,0.298,2026-01-28 09:13:02,74614
WIPRO,2026-02-24,289.0,0.1,57000.0,0.0,54.3,6000.0,0.0,235.5,235.5,235.5,0.298,2026-01-28 09:13:02,80812
WIPRO,2026-02-24,291.5,0.0,0.0,0.0,57.5,0.0,0.0,235.5,235.5,235.5,0.298,2026-01-28 09:13:02,87008
WIPRO,2026-02-24,294.0,0.2,1437000.0,0.0,57.2,177000.0,0.0,235.5,235.5,235.5,0.298,2026-01-28 09:13:02,93236
WIPRO,2026-02-24,299.0,0.0,0.0,0.0,63.0,9000.0,0.0,235.5,235.5,235.5,0.298,2026-01-28 09:13:02,105515
WIPRO,2026-02-24,304.0,0.15,291000.0,0.0,66.75,72000.0,0.0,235.5,235.5,235.5,0.298,2026-01-28 09:13:02,118726
YESBANK,2026-02-24,16.0,0.0,0.0,0.0,0.03,528700.0,0.0,21.2,21.2,21.2,0.856,2026-01-28 09:13:02,87614
YESBANK,2026-02-24,18.0,3.3,124400.0,0.0,0.07,6095600.0,0.0,21.2,21.2,21.2,0.856,2026-01-28 09:13:02,51716
YESBANK,2026-02-24,19.0,2.3,590900.0,0.0,0.14,9827600.0,0.0,21.2,21.2,21.2,0.856,2026-01-28 09:13:02,34389
YESBANK,2026-02-24,20.0,1.43,7495100.0,0.0,0.29,34987500.0,0.0,21.2,21.2,21.2,0.856,2026-01-28 09:13:02,18103
YESBANK,2026-02-24,21.0,0.82,33743500.0,0.0,0.64,54114000.0,0.0,21.2,21.2,21.2,0.856,2026-01-28 09:13:02,6125
YESBANK,2026-02-24,22.0,0.44,42513700.0,0.0,1.25,40492200.0,0.0,21.2,21.2,21.2,0.856,2026-01-28 09:13:02,2179
YESBANK,2026-02-24,23.0,0.24,53056600.0,0.0,2.02,18939900.0,0.0,21.2,21.2,21.2,0.856,2026-01-28 09:13:02,4038
YESBANK,2026-02-24,24.0,0.15,49604500.0,0.0,2.98,8334800.0,0.0,21.2,21.2,21.2,0.856,2026-01-28 09:13:02,13736
YESBANK,2026-02-24,25.0,0.1,35143000.0,0.0,3.88,1430600.0,0.0,21.2,21.2,21.2,0.856,2026-01-28 09:13:02,30041
YESBANK,2026-02-24,26.0,0.06,18349000.0,0.0,5.15,4851600.0,0.0,21.2,21.2,21.2,0.856,2026-01-28 09:13:02,51538
YESBANK,2026-02-24,27.0,0.05,3296600.0,0.0,5.87,124400.0,0.0,21.2,21.2,21.2,0.856,2026-01-28 09:13:02,73172
YESBANK,2026-02-24,28.0,0.04,14119400.0,0.0,6.9,279900.0,0.0,21.2,21.2,21.2,0.856,2026-01-28 09:13:02,97479
ZYDUSLIFE,2026-02-24,720.0,0.0,0.0,0.0,0.05,1800.0,0.0,892.5,892.5,892.5,-0.095,2026-01-28 09:13:02,21910
ZYDUSLIFE,2026-02-24,740.0,0.0,0.0,0.0,0.0,0.0,0.0,892.5,892.5,892.5,-0.095,2026-01-28 09:13:02,19471
ZYDUSLIFE,2026-02-24,760.0,0.0,0.0,0.0,1.85,36000.0,0.0,892.5,892.5,892.5,-0.095,2026-01-28 09:13:02,17032
ZYDUSLIFE,2026-02-24,780.0,0.0,0.0,0.0,2.9,36000.0,0.0,892.5,892.5,892.5,-0.095,2026-01-28 09:13:02,14658
ZYDUSLIFE,2026-02-24,790.0,0.0,0.0,0.0,0.0,0.0,0.0,892.5,892.5,892.5,-0.095,2026-01-28 09:13:02,13500
ZYDUSLIFE,2026-02-24,800.0,0.0,0.0,0.0,3.55,117000.0,0.0,892.5,892.5,892.5,-0.095,2026-01-28 09:13:02,12353
ZYDUSLIFE,2026-02-24,810.0,0.0,0.0,0.0,0.0,0.0,0.0,892.5,892.5,892.5,-0.095,2026-01-28 09:13:02,11281
ZYDUSLIFE,2026-02-24,820.0,80.7,4500.0,0.0,4.95,19800.0,0.0,892.5,892.5,892.5,-0.095,2026-01-28 09:13:02,10250
ZYDUSLIFE,2026-02-24,830.0,0.0,0.0,0.0,6.25,17100.0,0.0,892.5,892.5,892.5,-0.095,2026-01-28 09:13:02,9270
ZYDUSLIFE,2026-02-24,840.0,0.0,0.0,0.0,7.6,36000.0,0.0,892.5,892.5,892.5,-0.095,2026-01-28 09:13:02,8271
ZYDUSLIFE,2026-02-24,850.0,56.2,1800.0,0.0,9.4,46800.0,0.0,892.5,892.5,892.5,-0.095,2026-01-28 09:13:02,7290
ZYDUSLIFE,2026-02-24,860.0,0.0,0.0,0.0,11.6,36900.0,0.0,892.5,892.5,892.5,-0.095,2026-01-28 09:13:02,6352
ZYDUSLIFE,2026-02-24,870.0,0.0,0.0,0.0,13.95,25200.0,0.0,892.5,892.5,892.5,-0.095,2026-01-28 09:13:02,5441
ZYDUSLIFE,2026-02-24,880.0,38.5,43200.0,0.0,17.4,67500.0,0.0,892.5,892.5,892.5,-0.095,2026-01-28 09:13:02,4564
ZYDUSLIFE,2026-02-24,890.0,31.95,31500.0,0.0,21.65,107100.0,0.0,892.5,892.5,892.5,-0.095,2026-01-28 09:13:02,3881
ZYDUSLIFE,2026-02-24,900.0,26.8,187200.0,0.0,26.4,208800.0,0.0,892.5,892.5,892.5,-0.095,2026-01-28 09:13:02,3157
ZYDUSLIFE,2026-02-24,910.0,21.5,11700.0,0.0,30.7,3600.0,0.0,892.5,892.5,892.5,-0.095,2026-01-28 09:13:02,2910
ZYDUSLIFE,2026-02-24,920.0,17.55,72000.0,0.0,36.35,50400.0,0.0,892.5,892.5,892.5,-0.095,2026-01-28 09:13:02,2742
ZYDUSLIFE,2026-02-24,930.0,13.95,48600.0,0.0,46.4,43200.0,0.0,892.5,892.5,892.5,-0.095,2026-01-28 09:13:02,2626
ZYDUSLIFE,2026-02-24,940.0,11.35,67500.0,0.0,55.0,13500.0,0.0,892.5,892.5,892.5,-0.095,2026-01-28 09:13:02,2526
ZYDUSLIFE,2026-02-24,950.0,9.05,64800.0,0.0,59.35,56700.0,0.0,892.5,892.5,892.5,-0.095,2026-01-28 09:13:02,2642
ZYDUSLIFE,2026-02-24,960.0,6.5,77400.0,0.0,65.65,11700.0,0.0,892.5,892.5,892.5,-0.095,2026-01-28 09:13:02,2599
ZYDUSLIFE,2026-02-24,970.0,5.4,0.0,0.0,77.0,2700.0,0.0,892.5,892.5,892.5,-0.095,2026-01-28 09:13:02,2896
ZYDUSLIFE,2026-02-24,980.0,4.6,49500.0,0.0,86.5,14400.0,0.0,892.5,892.5,892.5,-0.095,2026-01-28 09:13:02,3202
ZYDUSLIFE,2026-02-24,990.0,4.7,3600.0,0.0,0.0,0.0,0.0,892.5,892.5,892.5,-0.095,2026-01-28 09:13:02,3491
ZYDUSLIFE,2026-02-24,1000.0,3.1,159300.0,0.0,100.2,96300.0,0.0,892.5,892.5,892.5,-0.095,2026-01-28 09:13:02,3887
ZYDUSLIFE,2026-02-24,1010.0,0.0,0.0,0.0,0.0,0.0,0.0,892.5,892.5,892.5,-0.095,2026-01-28 09:13:02,3621
ZYDUSLIFE,2026-02-24,1020.0,1.8,6300.0,0.0,126.0,44100.0,0.0,892.5,892.5,892.5,-0.095,2026-01-28 09:13:02,4271
ZYDUSLIFE,2026-02-24,1040.0,0.0,0.0,0.0,142.55,900.0,0.0,892.5,892.5,892.5,-0.095,2026-01-28 09:13:02,5117
ZYDUSLIFE,2026-02-24,1060.0,0.35,9900.0,0.0,161.0,12600.0,0.0,892.5,892.5,892.5,-0.095,2026-01-28 09:13:02,6506
ZYDUSLIFE,2026-02-24,1080.0,0.3,59400.0,0.0,179.05,115200.0,0.0,892.5,892.5,892.5,-0.095,2026-01-28 09:13:02,7751
