Stock,Expiry,Strike,CE_LTP,CE_OI,CE_Volume,PE_LTP,PE_OI,PE_Volume,Stock_LTP,Stock_High,Stock_Low,Stock_%_Change,timestamp,Max_Pain
360ONE,2026-01-27,960.0,0.0,0.0,0.0,1.8,6000.0,0.0,1139.2,1153.6,1120.5,0.77,2026-01-13 23:17,12673
360ONE,2026-01-27,1000.0,139.4,25500.0,2500.0,3.95,43000.0,45000.0,1139.2,1153.6,1120.5,0.77,2026-01-13 23:17,9230
360ONE,2026-01-27,1020.0,0.0,0.0,0.0,4.95,44000.0,47000.0,1139.2,1153.6,1120.5,0.77,2026-01-13 23:17,7985
360ONE,2026-01-27,1040.0,0.0,0.0,0.0,7.3,12000.0,5500.0,1139.2,1153.6,1120.5,0.77,2026-01-13 23:17,6467
360ONE,2026-01-27,1060.0,129.8,3000.0,0.0,9.45,61000.0,65000.0,1139.2,1153.6,1120.5,0.77,2026-01-13 23:17,4986
360ONE,2026-01-27,1080.0,63.5,2500.0,1500.0,15.65,51000.0,11500.0,1139.2,1153.6,1120.5,0.77,2026-01-13 23:17,3624
360ONE,2026-01-27,1100.0,53.95,102000.0,5500.0,17.35,130500.0,49500.0,1139.2,1153.6,1120.5,0.77,2026-01-13 23:17,2323
360ONE,2026-01-27,1120.0,41.75,33000.0,29500.0,26.0,59500.0,44500.0,1139.2,1153.6,1120.5,0.77,2026-01-13 23:17,1875
360ONE,2026-01-27,1140.0,31.0,82500.0,244000.0,34.0,63000.0,64500.0,1139.2,1153.6,1120.5,0.77,2026-01-13 23:17,1271
360ONE,2026-01-27,1160.0,23.0,70500.0,261500.0,45.35,96500.0,69000.0,1139.2,1153.6,1120.5,0.77,2026-01-13 23:17,1016
360ONE,2026-01-27,1180.0,16.4,78000.0,92000.0,67.05,83500.0,14000.0,1139.2,1153.6,1120.5,0.77,2026-01-13 23:17,779
360ONE,2026-01-27,1200.0,10.55,303500.0,282000.0,80.05,143500.0,4500.0,1139.2,1153.6,1120.5,0.77,2026-01-13 23:17,708
360ONE,2026-01-27,1220.0,8.05,167500.0,22500.0,85.65,28500.0,0.0,1139.2,1153.6,1120.5,0.77,2026-01-13 23:17,1134
360ONE,2026-01-27,1240.0,5.65,98500.0,169000.0,100.3,35000.0,500.0,1139.2,1153.6,1120.5,0.77,2026-01-13 23:17,2672
360ONE,2026-01-27,1260.0,3.7,75500.0,16500.0,76.0,5000.0,0.0,1139.2,1153.6,1120.5,0.77,2026-01-13 23:17,4291
360ONE,2026-01-27,1280.0,2.7,113500.0,45500.0,128.0,1000.0,0.0,1139.2,1153.6,1120.5,0.77,2026-01-13 23:17,6356
360ONE,2026-01-27,1300.0,2.2,66000.0,177500.0,126.0,500.0,0.0,1139.2,1153.6,1120.5,0.77,2026-01-13 23:17,8677
360ONE,2026-01-27,1320.0,1.8,62500.0,9500.0,0.0,0.0,0.0,1139.2,1153.6,1120.5,0.77,2026-01-13 23:17,11123
360ONE,2026-01-27,1360.0,1.0,48000.0,7500.0,168.3,3000.0,0.0,1139.2,1153.6,1120.5,0.77,2026-01-13 23:17,16258
ABB,2026-01-27,4200.0,845.0,125.0,0.0,0.0,0.0,0.0,4960.0,5081.5,4923.0,-1.743,2026-01-13 23:17,63695
ABB,2026-01-27,4250.0,0.0,0.0,0.0,0.0,0.0,0.0,4960.0,5081.5,4923.0,-1.743,2026-01-13 23:17,59774
ABB,2026-01-27,4300.0,725.0,250.0,125.0,5.5,23750.0,3000.0,4960.0,5081.5,4923.0,-1.743,2026-01-13 23:17,55843
ABB,2026-01-27,4350.0,0.0,0.0,0.0,3.9,0.0,0.0,4960.0,5081.5,4923.0,-1.743,2026-01-13 23:17,52037
ABB,2026-01-27,4400.0,786.0,625.0,0.0,7.05,250.0,0.0,4960.0,5081.5,4923.0,-1.743,2026-01-13 23:17,48226
ABB,2026-01-27,4450.0,0.0,0.0,0.0,9.4,6625.0,7125.0,4960.0,5081.5,4923.0,-1.743,2026-01-13 23:17,44468
ABB,2026-01-27,4500.0,556.25,375.0,0.0,12.2,33125.0,37375.0,4960.0,5081.5,4923.0,-1.743,2026-01-13 23:17,40688
ABB,2026-01-27,4550.0,663.35,500.0,0.0,13.75,8500.0,18750.0,4960.0,5081.5,4923.0,-1.743,2026-01-13 23:17,37062
ABB,2026-01-27,4600.0,0.0,0.0,0.0,18.35,23625.0,9750.0,4960.0,5081.5,4923.0,-1.743,2026-01-13 23:17,33522
ABB,2026-01-27,4650.0,0.0,0.0,0.0,29.0,18625.0,1375.0,4960.0,5081.5,4923.0,-1.743,2026-01-13 23:17,30036
ABB,2026-01-27,4700.0,0.0,0.0,0.0,30.85,52375.0,66500.0,4960.0,5081.5,4923.0,-1.743,2026-01-13 23:17,26632
ABB,2026-01-27,4750.0,244.9,750.0,1750.0,38.35,4375.0,2250.0,4960.0,5081.5,4923.0,-1.743,2026-01-13 23:17,23382
ABB,2026-01-27,4800.0,265.2,500.0,875.0,48.95,67500.0,124125.0,4960.0,5081.5,4923.0,-1.743,2026-01-13 23:17,20321
ABB,2026-01-27,4850.0,0.0,0.0,0.0,47.9,750.0,0.0,4960.0,5081.5,4923.0,-1.743,2026-01-13 23:17,17281
ABB,2026-01-27,4900.0,146.0,8375.0,3000.0,85.8,43750.0,72000.0,4960.0,5081.5,4923.0,-1.743,2026-01-13 23:17,14559
ABB,2026-01-27,4950.0,114.9,10500.0,34750.0,105.35,9125.0,27875.0,4960.0,5081.5,4923.0,-1.743,2026-01-13 23:17,11848
ABB,2026-01-27,5000.0,90.0,61875.0,204875.0,130.1,103375.0,360000.0,4960.0,5081.5,4923.0,-1.743,2026-01-13 23:17,9512
ABB,2026-01-27,5050.0,71.45,31875.0,68000.0,158.95,12000.0,23250.0,4960.0,5081.5,4923.0,-1.743,2026-01-13 23:17,7191
ABB,2026-01-27,5100.0,51.6,83375.0,185750.0,185.3,65500.0,9125.0,4960.0,5081.5,4923.0,-1.743,2026-01-13 23:17,5913
ABB,2026-01-27,5150.0,39.0,29125.0,48875.0,222.0,31875.0,4500.0,4960.0,5081.5,4923.0,-1.743,2026-01-13 23:17,4560
ABB,2026-01-27,5200.0,31.8,159375.0,149375.0,267.85,109125.0,4000.0,4960.0,5081.5,4923.0,-1.743,2026-01-13 23:17,3701
ABB,2026-01-27,5250.0,24.0,61625.0,58875.0,300.0,20125.0,875.0,4960.0,5081.5,4923.0,-1.743,2026-01-13 23:17,2362
ABB,2026-01-27,5300.0,19.7,210125.0,138500.0,324.0,43375.0,1500.0,4960.0,5081.5,4923.0,-1.743,2026-01-13 23:17,3392
ABB,2026-01-27,5350.0,15.0,76500.0,66500.0,323.15,6625.0,125.0,4960.0,5081.5,4923.0,-1.743,2026-01-13 23:17,5155
ABB,2026-01-27,5400.0,12.35,191125.0,109250.0,371.4,11000.0,0.0,4960.0,5081.5,4923.0,-1.743,2026-01-13 23:17,8225
ABB,2026-01-27,5450.0,8.35,21625.0,24125.0,0.0,0.0,0.0,4960.0,5081.5,4923.0,-1.743,2026-01-13 23:17,12232
ABB,2026-01-27,5500.0,7.4,125250.0,84250.0,546.8,15750.0,500.0,4960.0,5081.5,4923.0,-1.743,2026-01-13 23:17,16539
ABB,2026-01-27,5550.0,6.35,26750.0,1875.0,506.4,375.0,0.0,4960.0,5081.5,4923.0,-1.743,2026-01-13 23:17,20763
ABB,2026-01-27,5600.0,4.8,49125.0,32125.0,304.9,17250.0,0.0,4960.0,5081.5,4923.0,-1.743,2026-01-13 23:17,25890
ABB,2026-01-27,5650.0,8.5,250.0,0.0,0.0,0.0,0.0,4960.0,5081.5,4923.0,-1.743,2026-01-13 23:17,30848
ABB,2026-01-27,5700.0,3.05,72625.0,21500.0,521.85,6875.0,0.0,4960.0,5081.5,4923.0,-1.743,2026-01-13 23:17,36310
ABB,2026-01-27,5750.0,3.5,9875.0,500.0,412.0,1375.0,0.0,4960.0,5081.5,4923.0,-1.743,2026-01-13 23:17,41833
ABB,2026-01-27,5800.0,2.8,61625.0,18500.0,586.4,2750.0,0.0,4960.0,5081.5,4923.0,-1.743,2026-01-13 23:17,47695
ABB,2026-01-27,5850.0,4.25,375.0,125.0,0.0,0.0,0.0,4960.0,5081.5,4923.0,-1.743,2026-01-13 23:17,53789
ABB,2026-01-27,5900.0,2.3,2875.0,500.0,0.0,0.0,0.0,4960.0,5081.5,4923.0,-1.743,2026-01-13 23:17,60028
ABB,2026-01-27,6000.0,2.1,45750.0,42375.0,751.4,28000.0,0.0,4960.0,5081.5,4923.0,-1.743,2026-01-13 23:17,72537
ABB,2026-01-27,6100.0,2.15,4750.0,125.0,1080.0,18625.0,250.0,4960.0,5081.5,4923.0,-1.743,2026-01-13 23:17,83687
ABCAPITAL,2026-01-27,280.0,0.0,0.0,0.0,0.15,31000.0,0.0,351.0,359.55,345.0,-1.196,2026-01-13 23:17,73351
ABCAPITAL,2026-01-27,300.0,50.95,756400.0,0.0,0.3,220100.0,49600.0,351.0,359.55,345.0,-1.196,2026-01-13 23:17,47460
ABCAPITAL,2026-01-27,310.0,37.65,99200.0,6200.0,0.5,353400.0,303800.0,351.0,359.55,345.0,-1.196,2026-01-13 23:17,39338
ABCAPITAL,2026-01-27,315.0,35.5,3100.0,0.0,0.55,210800.0,136400.0,351.0,359.55,345.0,-1.196,2026-01-13 23:17,33936
ABCAPITAL,2026-01-27,320.0,27.85,71300.0,6200.0,0.8,660300.0,390600.0,351.0,359.55,345.0,-1.196,2026-01-13 23:17,28284
ABCAPITAL,2026-01-27,325.0,27.25,24800.0,0.0,1.0,520800.0,344100.0,351.0,359.55,345.0,-1.196,2026-01-13 23:17,23144
ABCAPITAL,2026-01-27,330.0,23.85,176700.0,68200.0,1.45,951700.0,939300.0,351.0,359.55,345.0,-1.196,2026-01-13 23:17,18147
ABCAPITAL,2026-01-27,335.0,18.5,40300.0,3100.0,2.25,483600.0,939300.0,351.0,359.55,345.0,-1.196,2026-01-13 23:17,13982
ABCAPITAL,2026-01-27,340.0,15.3,263500.0,213900.0,3.3,1670900.0,4963100.0,351.0,359.55,345.0,-1.196,2026-01-13 23:17,9761
ABCAPITAL,2026-01-27,345.0,11.85,142600.0,468100.0,4.65,790500.0,3611500.0,351.0,359.55,345.0,-1.196,2026-01-13 23:17,6393
ABCAPITAL,2026-01-27,350.0,8.7,1559300.0,5118100.0,6.95,3822300.0,5834200.0,351.0,359.55,345.0,-1.196,2026-01-13 23:17,3442
ABCAPITAL,2026-01-27,355.0,6.35,793600.0,5245200.0,9.2,582800.0,1788700.0,351.0,359.55,345.0,-1.196,2026-01-13 23:17,2080
ABCAPITAL,2026-01-27,360.0,4.4,2281600.0,7619800.0,12.5,936200.0,1636800.0,351.0,359.55,345.0,-1.196,2026-01-13 23:17,2674
ABCAPITAL,2026-01-27,365.0,3.15,1912700.0,6221700.0,16.2,933100.0,387500.0,351.0,359.55,345.0,-1.196,2026-01-13 23:17,4743
ABCAPITAL,2026-01-27,370.0,2.15,2883000.0,5235900.0,20.25,344100.0,133300.0,351.0,359.55,345.0,-1.196,2026-01-13 23:17,7492
ABCAPITAL,2026-01-27,375.0,1.5,1556200.0,2588500.0,23.8,179800.0,6200.0,351.0,359.55,345.0,-1.196,2026-01-13 23:17,12686
ABCAPITAL,2026-01-27,380.0,1.1,1670900.0,1605800.0,24.4,27900.0,12400.0,351.0,359.55,345.0,-1.196,2026-01-13 23:17,18631
ABCAPITAL,2026-01-27,385.0,0.95,6255800.0,2833400.0,29.65,58900.0,0.0,351.0,359.55,345.0,-1.196,2026-01-13 23:17,25736
ABCAPITAL,2026-01-27,390.0,0.7,1810400.0,1202800.0,34.5,130200.0,18600.0,351.0,359.55,345.0,-1.196,2026-01-13 23:17,36302
ABCAPITAL,2026-01-27,395.0,0.55,548700.0,319300.0,42.0,6200.0,3100.0,351.0,359.55,345.0,-1.196,2026-01-13 23:17,47096
ABCAPITAL,2026-01-27,400.0,0.45,2461400.0,638600.0,37.25,62000.0,0.0,351.0,359.55,345.0,-1.196,2026-01-13 23:17,58494
ABCAPITAL,2026-01-27,410.0,0.35,353400.0,213900.0,0.0,0.0,0.0,351.0,359.55,345.0,-1.196,2026-01-13 23:17,83685
ADANIENSOL,2026-01-27,800.0,0.0,0.0,0.0,0.0,0.0,0.0,933.0,963.1,923.1,-1.882,2026-01-13 23:17,44794
ADANIENSOL,2026-01-27,820.0,0.0,0.0,0.0,0.0,0.0,0.0,933.0,963.1,923.1,-1.882,2026-01-13 23:17,39200
ADANIENSOL,2026-01-27,840.0,160.55,2025.0,0.0,3.1,85725.0,110700.0,933.0,963.1,923.1,-1.882,2026-01-13 23:17,33606
ADANIENSOL,2026-01-27,850.0,0.0,0.0,0.0,0.0,0.0,0.0,933.0,963.1,923.1,-1.882,2026-01-13 23:17,30902
ADANIENSOL,2026-01-27,860.0,165.5,4050.0,0.0,5.25,45225.0,27000.0,933.0,963.1,923.1,-1.882,2026-01-13 23:17,28193
ADANIENSOL,2026-01-27,870.0,0.0,0.0,0.0,6.5,2700.0,4050.0,933.0,963.1,923.1,-1.882,2026-01-13 23:17,25576
ADANIENSOL,2026-01-27,880.0,0.0,0.0,0.0,8.25,175500.0,159975.0,933.0,963.1,923.1,-1.882,2026-01-13 23:17,22916
ADANIENSOL,2026-01-27,890.0,0.0,0.0,0.0,10.75,24975.0,32400.0,933.0,963.1,923.1,-1.882,2026-01-13 23:17,20290
ADANIENSOL,2026-01-27,900.0,49.2,24300.0,4725.0,13.0,171450.0,314550.0,933.0,963.1,923.1,-1.882,2026-01-13 23:17,17806
ADANIENSOL,2026-01-27,910.0,51.0,0.0,675.0,16.25,47925.0,18900.0,933.0,963.1,923.1,-1.882,2026-01-13 23:17,15441
ADANIENSOL,2026-01-27,920.0,36.6,47250.0,70875.0,20.6,123525.0,151200.0,933.0,963.1,923.1,-1.882,2026-01-13 23:17,13150
ADANIENSOL,2026-01-27,930.0,31.65,32400.0,68175.0,24.35,112725.0,216000.0,933.0,963.1,923.1,-1.882,2026-01-13 23:17,11026
ADANIENSOL,2026-01-27,940.0,26.1,102600.0,265275.0,29.85,139725.0,199800.0,933.0,963.1,923.1,-1.882,2026-01-13 23:17,8957
ADANIENSOL,2026-01-27,950.0,21.8,186300.0,332775.0,35.75,116775.0,81675.0,933.0,963.1,923.1,-1.882,2026-01-13 23:17,7152
ADANIENSOL,2026-01-27,960.0,18.0,134325.0,290925.0,41.5,46575.0,72225.0,933.0,963.1,923.1,-1.882,2026-01-13 23:17,5789
ADANIENSOL,2026-01-27,970.0,14.6,172800.0,259200.0,53.5,254475.0,27675.0,933.0,963.1,923.1,-1.882,2026-01-13 23:17,4666
ADANIENSOL,2026-01-27,980.0,11.75,130950.0,339525.0,59.2,288225.0,2025.0,933.0,963.1,923.1,-1.882,2026-01-13 23:17,2813
ADANIENSOL,2026-01-27,990.0,10.0,43875.0,96525.0,64.5,34425.0,2025.0,933.0,963.1,923.1,-1.882,2026-01-13 23:17,936
ADANIENSOL,2026-01-27,1000.0,8.0,501525.0,847125.0,72.3,415800.0,28350.0,933.0,963.1,923.1,-1.882,2026-01-13 23:17,512
ADANIENSOL,2026-01-27,1010.0,6.55,81000.0,50625.0,75.0,56025.0,1350.0,933.0,963.1,923.1,-1.882,2026-01-13 23:17,-1421
ADANIENSOL,2026-01-27,1020.0,5.4,226125.0,213975.0,88.0,81675.0,7425.0,933.0,963.1,923.1,-1.882,2026-01-13 23:17,-981
ADANIENSOL,2026-01-27,1030.0,3.55,340875.0,31050.0,97.05,120825.0,14850.0,933.0,963.1,923.1,-1.882,2026-01-13 23:17,-461
ADANIENSOL,2026-01-27,1040.0,3.7,474525.0,144450.0,107.1,107325.0,18900.0,933.0,963.1,923.1,-1.882,2026-01-13 23:17,63
ADANIENSOL,2026-01-27,1050.0,3.25,185625.0,106650.0,113.05,89100.0,6075.0,933.0,963.1,923.1,-1.882,2026-01-13 23:17,1249
ADANIENSOL,2026-01-27,1060.0,2.85,487350.0,130950.0,123.5,124875.0,12825.0,933.0,963.1,923.1,-1.882,2026-01-13 23:17,2736
ADANIENSOL,2026-01-27,1070.0,2.25,143100.0,25650.0,113.7,29700.0,0.0,933.0,963.1,923.1,-1.882,2026-01-13 23:17,4379
ADANIENSOL,2026-01-27,1080.0,2.1,184950.0,19575.0,136.0,50625.0,0.0,933.0,963.1,923.1,-1.882,2026-01-13 23:17,7292
ADANIENSOL,2026-01-27,1090.0,1.55,68175.0,21600.0,0.0,0.0,0.0,933.0,963.1,923.1,-1.882,2026-01-13 23:17,10097
ADANIENSOL,2026-01-27,1100.0,1.6,599400.0,249075.0,160.0,49275.0,2025.0,933.0,963.1,923.1,-1.882,2026-01-13 23:17,13631
ADANIENSOL,2026-01-27,1110.0,1.7,31050.0,0.0,0.0,0.0,0.0,933.0,963.1,923.1,-1.882,2026-01-13 23:17,17110
ADANIENSOL,2026-01-27,1120.0,0.95,77625.0,11475.0,0.0,0.0,0.0,933.0,963.1,923.1,-1.882,2026-01-13 23:17,21318
ADANIENSOL,2026-01-27,1130.0,2.3,65475.0,1350.0,0.0,0.0,0.0,933.0,963.1,923.1,-1.882,2026-01-13 23:17,25605
ADANIENSOL,2026-01-27,1140.0,1.0,70200.0,6750.0,0.0,0.0,0.0,933.0,963.1,923.1,-1.882,2026-01-13 23:17,29966
ADANIENSOL,2026-01-27,1150.0,0.85,81675.0,2025.0,0.0,0.0,0.0,933.0,963.1,923.1,-1.882,2026-01-13 23:17,34389
ADANIENSOL,2026-01-27,1160.0,1.1,139725.0,19575.0,0.0,0.0,0.0,933.0,963.1,923.1,-1.882,2026-01-13 23:17,38893
ADANIENSOL,2026-01-27,1180.0,0.5,85050.0,22950.0,0.0,0.0,0.0,933.0,963.1,923.1,-1.882,2026-01-13 23:17,48183
ADANIENSOL,2026-01-27,1200.0,0.9,37800.0,0.0,152.0,2025.0,0.0,933.0,963.1,923.1,-1.882,2026-01-13 23:17,57632
ADANIENSOL,2026-01-27,1220.0,0.0,0.0,0.0,0.0,0.0,0.0,933.0,963.1,923.1,-1.882,2026-01-13 23:17,67129
ADANIENT,2026-01-27,1800.0,0.0,0.0,0.0,0.0,0.0,0.0,2156.5,2187.8,2141.1,-0.695,2026-01-13 23:17,245540
ADANIENT,2026-01-27,1840.0,0.0,0.0,0.0,2.4,56238.0,9270.0,2156.5,2187.8,2141.1,-0.695,2026-01-13 23:17,220483
ADANIENT,2026-01-27,1880.0,0.0,0.0,0.0,3.35,59328.0,1236.0,2156.5,2187.8,2141.1,-0.695,2026-01-13 23:17,195637
ADANIENT,2026-01-27,1920.0,243.1,8034.0,1236.0,3.85,97335.0,58710.0,2156.5,2187.8,2141.1,-0.695,2026-01-13 23:17,171022
ADANIENT,2026-01-27,1938.95,537.85,309.0,0.0,4.65,18231.0,0.0,2156.5,2187.8,2141.1,-0.695,2026-01-13 23:17,159727
ADANIENT,2026-01-27,1940.0,215.0,0.0,0.0,4.6,47895.0,13596.0,2156.5,2187.8,2141.1,-0.695,2026-01-13 23:17,159103
ADANIENT,2026-01-27,1960.0,0.0,0.0,0.0,5.4,38934.0,26574.0,2156.5,2187.8,2141.1,-0.695,2026-01-13 23:17,147127
ADANIENT,2026-01-27,1980.0,0.0,0.0,0.0,6.9,55311.0,32754.0,2156.5,2187.8,2141.1,-0.695,2026-01-13 23:17,135230
ADANIENT,2026-01-27,2000.0,169.0,23484.0,12978.0,8.2,452376.0,318888.0,2156.5,2187.8,2141.1,-0.695,2026-01-13 23:17,123426
ADANIENT,2026-01-27,2020.0,0.0,0.0,0.0,10.35,45732.0,19158.0,2156.5,2187.8,2141.1,-0.695,2026-01-13 23:17,112638
ADANIENT,2026-01-27,2040.0,192.05,618.0,0.0,12.2,175512.0,70452.0,2156.5,2187.8,2141.1,-0.695,2026-01-13 23:17,101868
ADANIENT,2026-01-27,2060.0,114.9,10815.0,4944.0,15.7,45423.0,79413.0,2156.5,2187.8,2141.1,-0.695,2026-01-13 23:17,91296
ADANIENT,2026-01-27,2080.0,100.85,16377.0,14832.0,21.5,56238.0,164079.0,2156.5,2187.8,2141.1,-0.695,2026-01-13 23:17,81092
ADANIENT,2026-01-27,2100.0,85.6,151101.0,153573.0,26.5,552801.0,653226.0,2156.5,2187.8,2141.1,-0.695,2026-01-13 23:17,71023
ADANIENT,2026-01-27,2120.0,72.35,56547.0,89610.0,31.15,95790.0,205794.0,2156.5,2187.8,2141.1,-0.695,2026-01-13 23:17,62147
ADANIENT,2026-01-27,2140.0,59.4,97953.0,199614.0,40.05,248127.0,279336.0,2156.5,2187.8,2141.1,-0.695,2026-01-13 23:17,53858
ADANIENT,2026-01-27,2160.0,49.5,265122.0,761994.0,50.0,177675.0,596370.0,2156.5,2187.8,2141.1,-0.695,2026-01-13 23:17,45739
ADANIENT,2026-01-27,2180.0,40.7,330321.0,592662.0,60.75,296331.0,214446.0,2156.5,2187.8,2141.1,-0.695,2026-01-13 23:17,39341
ADANIENT,2026-01-27,2200.0,34.0,1325919.0,1530168.0,74.15,1107765.0,236076.0,2156.5,2187.8,2141.1,-0.695,2026-01-13 23:17,33316
ADANIENT,2026-01-27,2220.0,28.4,402627.0,334647.0,88.15,265740.0,27810.0,2156.5,2187.8,2141.1,-0.695,2026-01-13 23:17,28909
ADANIENT,2026-01-27,2240.0,23.05,476478.0,407880.0,104.2,301893.0,8034.0,2156.5,2187.8,2141.1,-0.695,2026-01-13 23:17,28345
ADANIENT,2026-01-27,2260.0,19.5,421167.0,399846.0,113.25,211356.0,9888.0,2156.5,2187.8,2141.1,-0.695,2026-01-13 23:17,28489
ADANIENT,2026-01-27,2280.0,16.5,302820.0,157899.0,117.2,200541.0,0.0,2156.5,2187.8,2141.1,-0.695,2026-01-13 23:17,30374
ADANIENT,2026-01-27,2300.0,14.35,1923525.0,1224876.0,154.5,494091.0,13287.0,2156.5,2187.8,2141.1,-0.695,2026-01-13 23:17,32987
ADANIENT,2026-01-27,2320.0,12.1,144303.0,172113.0,184.95,52221.0,0.0,2156.5,2187.8,2141.1,-0.695,2026-01-13 23:17,37413
ADANIENT,2026-01-27,2326.75,11.5,61491.0,37080.0,182.4,60873.0,0.0,2156.5,2187.8,2141.1,-0.695,2026-01-13 23:17,39893
ADANIENT,2026-01-27,2340.0,10.2,158517.0,57783.0,210.0,23175.0,0.0,2156.5,2187.8,2141.1,-0.695,2026-01-13 23:17,45436
ADANIENT,2026-01-27,2360.0,8.95,186636.0,63036.0,147.4,11742.0,0.0,2156.5,2187.8,2141.1,-0.695,2026-01-13 23:17,55412
ADANIENT,2026-01-27,2380.0,7.65,105060.0,32136.0,0.0,0.0,0.0,2156.5,2187.8,2141.1,-0.695,2026-01-13 23:17,66103
ADANIENT,2026-01-27,2400.0,6.75,1030206.0,244419.0,245.7,309618.0,4017.0,2156.5,2187.8,2141.1,-0.695,2026-01-13 23:17,77090
ADANIENT,2026-01-27,2404.3,0.0,0.0,0.0,133.15,309.0,0.0,2156.5,2187.8,2141.1,-0.695,2026-01-13 23:17,73099
ADANIENT,2026-01-27,2420.0,0.0,0.0,0.0,252.2,129162.0,0.0,2156.5,2187.8,2141.1,-0.695,2026-01-13 23:17,83761
ADANIENT,2026-01-27,2440.0,4.35,16377.0,2163.0,218.0,63345.0,0.0,2156.5,2187.8,2141.1,-0.695,2026-01-13 23:17,94349
ADANIENT,2026-01-27,2460.0,4.6,101043.0,27810.0,190.0,6489.0,0.0,2156.5,2187.8,2141.1,-0.695,2026-01-13 23:17,106981
ADANIENT,2026-01-27,2480.0,4.05,8961.0,13905.0,218.0,309.0,0.0,2156.5,2187.8,2141.1,-0.695,2026-01-13 23:17,121124
ADANIENT,2026-01-27,2500.0,3.8,393357.0,96408.0,355.55,59328.0,0.0,2156.5,2187.8,2141.1,-0.695,2026-01-13 23:17,135360
ADANIENT,2026-01-27,2520.0,3.4,19467.0,0.0,289.0,29046.0,0.0,2156.5,2187.8,2141.1,-0.695,2026-01-13 23:17,148544
ADANIENT,2026-01-27,2520.65,0.0,0.0,0.0,165.0,1236.0,0.0,2156.5,2187.8,2141.1,-0.695,2026-01-13 23:17,148206
ADANIENT,2026-01-27,2540.0,3.15,38934.0,3090.0,0.0,0.0,0.0,2156.5,2187.8,2141.1,-0.695,2026-01-13 23:17,162934
ADANIENT,2026-01-27,2560.0,2.1,20394.0,0.0,285.0,2472.0,0.0,2156.5,2187.8,2141.1,-0.695,2026-01-13 23:17,178268
ADANIENT,2026-01-27,2598.2,1.6,21939.0,1236.0,0.0,0.0,0.0,2156.5,2187.8,2141.1,-0.695,2026-01-13 23:17,207553
ADANIENT,2026-01-27,2600.0,2.5,162534.0,15141.0,427.6,71997.0,927.0,2156.5,2187.8,2141.1,-0.695,2026-01-13 23:17,208943
ADANIENT,2026-01-27,2640.0,2.0,24102.0,1545.0,0.0,0.0,0.0,2156.5,2187.8,2141.1,-0.695,2026-01-13 23:17,237666
ADANIENT,2026-01-27,2680.0,1.2,90228.0,3708.0,397.0,131325.0,0.0,2156.5,2187.8,2141.1,-0.695,2026-01-13 23:17,269527
ADANIENT,2026-01-27,2800.0,0.0,0.0,0.0,629.0,211047.0,0.0,2156.5,2187.8,2141.1,-0.695,2026-01-13 23:17,362553
ADANIGREEN,2026-01-27,780.0,0.0,0.0,0.0,0.0,0.0,0.0,935.5,952.4,927.4,-0.711,2026-01-13 23:17,89542
ADANIGREEN,2026-01-27,800.0,142.9,1800.0,3600.0,1.25,54000.0,63600.0,935.5,952.4,927.4,-0.711,2026-01-13 23:17,79436
ADANIGREEN,2026-01-27,820.0,0.0,0.0,0.0,2.0,106800.0,54000.0,935.5,952.4,927.4,-0.711,2026-01-13 23:17,69460
ADANIGREEN,2026-01-27,830.0,0.0,0.0,0.0,0.0,0.0,0.0,935.5,952.4,927.4,-0.711,2026-01-13 23:17,64548
ADANIGREEN,2026-01-27,840.0,185.55,1800.0,0.0,3.0,116400.0,154200.0,935.5,952.4,927.4,-0.711,2026-01-13 23:17,59657
ADANIGREEN,2026-01-27,850.0,0.0,0.0,0.0,3.75,25200.0,54000.0,935.5,952.4,927.4,-0.711,2026-01-13 23:17,54883
ADANIGREEN,2026-01-27,860.0,89.0,0.0,600.0,4.7,79800.0,78600.0,935.5,952.4,927.4,-0.711,2026-01-13 23:17,50127
ADANIGREEN,2026-01-27,870.0,0.0,0.0,0.0,6.05,21600.0,15000.0,935.5,952.4,927.4,-0.711,2026-01-13 23:17,45422
ADANIGREEN,2026-01-27,880.0,148.0,4800.0,0.0,7.55,345000.0,220200.0,935.5,952.4,927.4,-0.711,2026-01-13 23:17,40763
ADANIGREEN,2026-01-27,890.0,0.0,0.0,0.0,9.65,81000.0,39600.0,935.5,952.4,927.4,-0.711,2026-01-13 23:17,36277
ADANIGREEN,2026-01-27,900.0,51.65,63600.0,81000.0,12.3,568200.0,662400.0,935.5,952.4,927.4,-0.711,2026-01-13 23:17,31984
ADANIGREEN,2026-01-27,910.0,44.0,3000.0,600.0,15.25,67800.0,21600.0,935.5,952.4,927.4,-0.711,2026-01-13 23:17,28031
ADANIGREEN,2026-01-27,920.0,38.15,31200.0,21600.0,19.4,151200.0,97800.0,935.5,952.4,927.4,-0.711,2026-01-13 23:17,24428
ADANIGREEN,2026-01-27,930.0,32.75,99000.0,172800.0,23.95,139200.0,130800.0,935.5,952.4,927.4,-0.711,2026-01-13 23:17,20924
ADANIGREEN,2026-01-27,940.0,27.35,225000.0,717600.0,29.05,243000.0,274800.0,935.5,952.4,927.4,-0.711,2026-01-13 23:17,17823
ADANIGREEN,2026-01-27,950.0,23.6,243600.0,820200.0,34.7,315000.0,124800.0,935.5,952.4,927.4,-0.711,2026-01-13 23:17,15108
ADANIGREEN,2026-01-27,960.0,19.75,258000.0,407400.0,40.6,292200.0,45600.0,935.5,952.4,927.4,-0.711,2026-01-13 23:17,12525
ADANIGREEN,2026-01-27,970.0,16.3,106800.0,106200.0,53.5,78600.0,10200.0,935.5,952.4,927.4,-0.711,2026-01-13 23:17,10333
ADANIGREEN,2026-01-27,980.0,13.7,266400.0,212400.0,54.8,125400.0,4200.0,935.5,952.4,927.4,-0.711,2026-01-13 23:17,8757
ADANIGREEN,2026-01-27,990.0,11.65,128400.0,55200.0,69.65,70800.0,1200.0,935.5,952.4,927.4,-0.711,2026-01-13 23:17,7497
ADANIGREEN,2026-01-27,1000.0,9.95,822600.0,1002000.0,79.5,543000.0,240000.0,935.5,952.4,927.4,-0.711,2026-01-13 23:17,6415
ADANIGREEN,2026-01-27,1010.0,8.4,180600.0,93000.0,78.0,83400.0,1800.0,935.5,952.4,927.4,-0.711,2026-01-13 23:17,3544
ADANIGREEN,2026-01-27,1020.0,7.2,763800.0,365400.0,87.6,470400.0,6600.0,935.5,952.4,927.4,-0.711,2026-01-13 23:17,3936
ADANIGREEN,2026-01-27,1030.0,6.25,330000.0,69000.0,90.35,88800.0,0.0,935.5,952.4,927.4,-0.711,2026-01-13 23:17,2490
ADANIGREEN,2026-01-27,1040.0,5.35,852600.0,381600.0,111.1,394800.0,19800.0,935.5,952.4,927.4,-0.711,2026-01-13 23:17,4438
ADANIGREEN,2026-01-27,1050.0,4.65,451200.0,154800.0,0.0,0.0,0.0,935.5,952.4,927.4,-0.711,2026-01-13 23:17,4300
ADANIGREEN,2026-01-27,1060.0,4.1,868800.0,233400.0,117.0,134400.0,0.0,935.5,952.4,927.4,-0.711,2026-01-13 23:17,8752
ADANIGREEN,2026-01-27,1070.0,3.55,170400.0,60600.0,0.0,0.0,0.0,935.5,952.4,927.4,-0.711,2026-01-13 23:17,12782
ADANIGREEN,2026-01-27,1080.0,3.2,272400.0,124800.0,66.7,12600.0,0.0,935.5,952.4,927.4,-0.711,2026-01-13 23:17,18258
ADANIGREEN,2026-01-27,1090.0,2.75,19800.0,11400.0,74.8,1200.0,0.0,935.5,952.4,927.4,-0.711,2026-01-13 23:17,23963
ADANIGREEN,2026-01-27,1100.0,2.7,1831800.0,460200.0,160.0,240000.0,1800.0,935.5,952.4,927.4,-0.711,2026-01-13 23:17,29681
ADANIGREEN,2026-01-27,1110.0,2.65,39000.0,0.0,0.0,0.0,0.0,935.5,952.4,927.4,-0.711,2026-01-13 23:17,34130
ADANIGREEN,2026-01-27,1120.0,2.1,218400.0,93600.0,100.0,8400.0,0.0,935.5,952.4,927.4,-0.711,2026-01-13 23:17,41973
ADANIGREEN,2026-01-27,1130.0,1.7,21000.0,0.0,0.0,0.0,0.0,935.5,952.4,927.4,-0.711,2026-01-13 23:17,49995
ADANIGREEN,2026-01-27,1140.0,1.45,125400.0,7200.0,138.95,3000.0,0.0,935.5,952.4,927.4,-0.711,2026-01-13 23:17,58079
ADANIGREEN,2026-01-27,1150.0,1.5,10200.0,2400.0,0.0,0.0,0.0,935.5,952.4,927.4,-0.711,2026-01-13 23:17,66265
ADANIGREEN,2026-01-27,1160.0,1.45,168000.0,10200.0,117.5,7200.0,0.0,935.5,952.4,927.4,-0.711,2026-01-13 23:17,74486
ADANIGREEN,2026-01-27,1180.0,0.95,48000.0,0.0,0.0,0.0,0.0,935.5,952.4,927.4,-0.711,2026-01-13 23:17,91215
ADANIGREEN,2026-01-27,1200.0,1.1,363600.0,50400.0,260.0,184800.0,600.0,935.5,952.4,927.4,-0.711,2026-01-13 23:17,108104
ADANIGREEN,2026-01-27,1240.0,0.8,134400.0,30000.0,0.0,0.0,0.0,935.5,952.4,927.4,-0.711,2026-01-13 23:17,139304
ADANIGREEN,2026-01-27,1280.0,1.45,25200.0,9000.0,0.0,0.0,0.0,935.5,952.4,927.4,-0.711,2026-01-13 23:17,175816
ADANIPORTS,2026-01-27,1200.0,0.0,0.0,0.0,0.0,0.0,0.0,1429.9,1449.0,1420.0,-0.942,2026-01-13 23:17,98176
ADANIPORTS,2026-01-27,1240.0,0.0,0.0,0.0,0.95,65550.0,19475.0,1429.9,1449.0,1420.0,-0.942,2026-01-13 23:17,79244
ADANIPORTS,2026-01-27,1280.0,0.0,0.0,0.0,1.3,359575.0,138700.0,1429.9,1449.0,1420.0,-0.942,2026-01-13 23:17,60568
ADANIPORTS,2026-01-27,1300.0,149.3,950.0,0.0,1.7,194750.0,299725.0,1429.9,1449.0,1420.0,-0.942,2026-01-13 23:17,51906
ADANIPORTS,2026-01-27,1320.0,200.0,475.0,0.0,2.1,161500.0,328700.0,1429.9,1449.0,1420.0,-0.942,2026-01-13 23:17,43663
ADANIPORTS,2026-01-27,1340.0,94.05,12350.0,14725.0,2.95,217550.0,138700.0,1429.9,1449.0,1420.0,-0.942,2026-01-13 23:17,35738
ADANIPORTS,2026-01-27,1360.0,77.65,18525.0,17100.0,4.5,175750.0,180500.0,1429.9,1449.0,1420.0,-0.942,2026-01-13 23:17,28350
ADANIPORTS,2026-01-27,1380.0,98.4,9500.0,0.0,7.25,115900.0,312075.0,1429.9,1449.0,1420.0,-0.942,2026-01-13 23:17,21363
ADANIPORTS,2026-01-27,1400.0,45.7,95475.0,133950.0,11.7,479275.0,768550.0,1429.9,1449.0,1420.0,-0.942,2026-01-13 23:17,14571
ADANIPORTS,2026-01-27,1420.0,32.0,200925.0,325850.0,18.25,398525.0,498275.0,1429.9,1449.0,1420.0,-0.942,2026-01-13 23:17,8795
ADANIPORTS,2026-01-27,1440.0,21.5,487825.0,1292950.0,27.7,683050.0,655500.0,1429.9,1449.0,1420.0,-0.942,2026-01-13 23:17,4258
ADANIPORTS,2026-01-27,1460.0,13.85,744325.0,1213150.0,39.45,465975.0,119225.0,1429.9,1449.0,1420.0,-0.942,2026-01-13 23:17,1304
ADANIPORTS,2026-01-27,1480.0,8.8,1133825.0,604675.0,55.5,565725.0,95950.0,1429.9,1449.0,1420.0,-0.942,2026-01-13 23:17,806
ADANIPORTS,2026-01-27,1500.0,5.85,1926600.0,1131925.0,71.5,593275.0,71250.0,1429.9,1449.0,1420.0,-0.942,2026-01-13 23:17,2373
ADANIPORTS,2026-01-27,1520.0,4.0,790875.0,701575.0,87.3,95475.0,8550.0,1429.9,1449.0,1420.0,-0.942,2026-01-13 23:17,8007
ADANIPORTS,2026-01-27,1540.0,2.85,428925.0,304475.0,108.25,33250.0,4275.0,1429.9,1449.0,1420.0,-0.942,2026-01-13 23:17,18011
ADANIPORTS,2026-01-27,1560.0,1.95,490200.0,339625.0,114.0,58425.0,0.0,1429.9,1449.0,1420.0,-0.942,2026-01-13 23:17,29219
ADANIPORTS,2026-01-27,1580.0,1.55,221350.0,133000.0,97.3,18050.0,0.0,1429.9,1449.0,1420.0,-0.942,2026-01-13 23:17,41191
ADANIPORTS,2026-01-27,1600.0,1.3,475475.0,230375.0,165.0,40850.0,2850.0,1429.9,1449.0,1420.0,-0.942,2026-01-13 23:17,54072
ADANIPORTS,2026-01-27,1620.0,1.05,156750.0,45600.0,126.0,10450.0,0.0,1429.9,1449.0,1420.0,-0.942,2026-01-13 23:17,67514
ADANIPORTS,2026-01-27,1640.0,0.9,167675.0,56525.0,0.0,0.0,0.0,1429.9,1449.0,1420.0,-0.942,2026-01-13 23:17,81787
ADANIPORTS,2026-01-27,1660.0,0.7,115900.0,2850.0,0.0,0.0,0.0,1429.9,1449.0,1420.0,-0.942,2026-01-13 23:17,96526
ADANIPORTS,2026-01-27,1680.0,0.5,22800.0,2850.0,0.0,0.0,0.0,1429.9,1449.0,1420.0,-0.942,2026-01-13 23:17,111490
ADANIPORTS,2026-01-27,1720.0,0.5,45600.0,0.0,0.0,0.0,0.0,1429.9,1449.0,1420.0,-0.942,2026-01-13 23:17,141494
ADANIPORTS,2026-01-27,1760.0,0.65,87400.0,2375.0,0.0,0.0,0.0,1429.9,1449.0,1420.0,-0.942,2026-01-13 23:17,171682
ALKEM,2026-01-27,4700.0,0.0,0.0,0.0,4.0,1625.0,0.0,5865.0,5933.5,5813.5,-0.034,2026-01-13 23:17,13261
ALKEM,2026-01-27,4800.0,0.0,0.0,0.0,2.45,1250.0,0.0,5865.0,5933.5,5813.5,-0.034,2026-01-13 23:17,11002
ALKEM,2026-01-27,4900.0,927.1,375.0,0.0,3.55,4750.0,0.0,5865.0,5933.5,5813.5,-0.034,2026-01-13 23:17,8755
ALKEM,2026-01-27,4950.0,877.45,375.0,0.0,3.45,16250.0,375.0,5865.0,5933.5,5813.5,-0.034,2026-01-13 23:17,7691
ALKEM,2026-01-27,5000.0,568.0,500.0,0.0,6.0,1500.0,0.0,5865.0,5933.5,5813.5,-0.034,2026-01-13 23:17,6704
ALKEM,2026-01-27,5050.0,623.15,375.0,0.0,12.9,1125.0,0.0,5865.0,5933.5,5813.5,-0.034,2026-01-13 23:17,5727
ALKEM,2026-01-27,5100.0,729.0,5125.0,0.0,4.0,20375.0,250.0,5865.0,5933.5,5813.5,-0.034,2026-01-13 23:17,4752
ALKEM,2026-01-27,5150.0,0.0,0.0,0.0,5.5,2125.0,0.0,5865.0,5933.5,5813.5,-0.034,2026-01-13 23:17,4248
ALKEM,2026-01-27,5200.0,0.0,0.0,0.0,7.25,7125.0,875.0,5865.0,5933.5,5813.5,-0.034,2026-01-13 23:17,3388
ALKEM,2026-01-27,5250.0,0.0,0.0,0.0,9.25,875.0,1250.0,5865.0,5933.5,5813.5,-0.034,2026-01-13 23:17,2560
ALKEM,2026-01-27,5300.0,0.0,0.0,0.0,9.15,7125.0,4500.0,5865.0,5933.5,5813.5,-0.034,2026-01-13 23:17,1740
ALKEM,2026-01-27,5350.0,0.0,0.0,0.0,9.7,750.0,0.0,5865.0,5933.5,5813.5,-0.034,2026-01-13 23:17,951
ALKEM,2026-01-27,5400.0,437.0,2125.0,500.0,10.3,20875.0,21875.0,5865.0,5933.5,5813.5,-0.034,2026-01-13 23:17,171
ALKEM,2026-01-27,5450.0,343.85,1625.0,0.0,15.15,13000.0,2250.0,5865.0,5933.5,5813.5,-0.034,2026-01-13 23:17,-421
ALKEM,2026-01-27,5500.0,380.35,10625.0,1125.0,15.35,22250.0,37750.0,5865.0,5933.5,5813.5,-0.034,2026-01-13 23:17,-977
ALKEM,2026-01-27,5550.0,355.85,6875.0,0.0,19.95,7750.0,7000.0,5865.0,5933.5,5813.5,-0.034,2026-01-13 23:17,-1033
ALKEM,2026-01-27,5600.0,270.4,20250.0,1125.0,30.9,17750.0,7375.0,5865.0,5933.5,5813.5,-0.034,2026-01-13 23:17,-1158
ALKEM,2026-01-27,5650.0,275.55,6500.0,0.0,30.95,6375.0,1500.0,5865.0,5933.5,5813.5,-0.034,2026-01-13 23:17,-829
ALKEM,2026-01-27,5700.0,213.3,8125.0,1250.0,45.5,23875.0,37250.0,5865.0,5933.5,5813.5,-0.034,2026-01-13 23:17,-769
ALKEM,2026-01-27,5750.0,194.0,3500.0,125.0,64.5,8375.0,4875.0,5865.0,5933.5,5813.5,-0.034,2026-01-13 23:17,-644
ALKEM,2026-01-27,5800.0,140.0,21875.0,28875.0,79.95,22000.0,36750.0,5865.0,5933.5,5813.5,-0.034,2026-01-13 23:17,-510
ALKEM,2026-01-27,5850.0,117.0,29375.0,57625.0,102.0,13125.0,16750.0,5865.0,5933.5,5813.5,-0.034,2026-01-13 23:17,-40
ALKEM,2026-01-27,5900.0,93.5,52625.0,180375.0,142.25,4875.0,7500.0,5865.0,5933.5,5813.5,-0.034,2026-01-13 23:17,721
ALKEM,2026-01-27,5950.0,71.0,10625.0,44500.0,0.0,0.0,0.0,5865.0,5933.5,5813.5,-0.034,2026-01-13 23:17,1983
ALKEM,2026-01-27,6000.0,58.0,89125.0,270375.0,173.7,1375.0,3875.0,5865.0,5933.5,5813.5,-0.034,2026-01-13 23:17,2951
ALKEM,2026-01-27,6050.0,42.6,7375.0,7625.0,0.0,0.0,0.0,5865.0,5933.5,5813.5,-0.034,2026-01-13 23:17,4789
ALKEM,2026-01-27,6100.0,34.25,40625.0,32625.0,260.0,250.0,375.0,5865.0,5933.5,5813.5,-0.034,2026-01-13 23:17,6202
ALKEM,2026-01-27,6150.0,26.35,11500.0,3625.0,0.0,0.0,0.0,5865.0,5933.5,5813.5,-0.034,2026-01-13 23:17,7921
ALKEM,2026-01-27,6200.0,20.75,34875.0,38750.0,0.0,0.0,0.0,5865.0,5933.5,5813.5,-0.034,2026-01-13 23:17,9595
ALKEM,2026-01-27,6250.0,0.0,0.0,0.0,0.0,0.0,0.0,5865.0,5933.5,5813.5,-0.034,2026-01-13 23:17,11485
ALKEM,2026-01-27,6300.0,13.0,17125.0,25625.0,0.0,0.0,0.0,5865.0,5933.5,5813.5,-0.034,2026-01-13 23:17,13303
ALKEM,2026-01-27,6350.0,0.0,0.0,0.0,0.0,0.0,0.0,5865.0,5933.5,5813.5,-0.034,2026-01-13 23:17,15229
ALKEM,2026-01-27,6400.0,8.9,17625.0,10875.0,679.15,750.0,0.0,5865.0,5933.5,5813.5,-0.034,2026-01-13 23:17,17133
ALKEM,2026-01-27,6500.0,8.0,30375.0,28125.0,0.0,0.0,0.0,5865.0,5933.5,5813.5,-0.034,2026-01-13 23:17,21089
ALKEM,2026-01-27,6600.0,0.0,0.0,0.0,0.0,0.0,0.0,5865.0,5933.5,5813.5,-0.034,2026-01-13 23:17,25409
ALKEM,2026-01-27,6700.0,0.0,0.0,0.0,0.0,0.0,0.0,5865.0,5933.5,5813.5,-0.034,2026-01-13 23:17,29704
AMBER,2026-01-27,5200.0,0.0,0.0,0.0,8.0,4100.0,4200.0,6145.0,6175.0,6045.0,0.433,2026-01-13 23:17,29626
AMBER,2026-01-27,5400.0,0.0,0.0,0.0,0.0,0.0,0.0,6145.0,6175.0,6045.0,0.433,2026-01-13 23:17,23099
AMBER,2026-01-27,5500.0,0.0,0.0,0.0,15.5,19200.0,26200.0,6145.0,6175.0,6045.0,0.433,2026-01-13 23:17,19837
AMBER,2026-01-27,5600.0,906.3,600.0,0.0,20.6,7900.0,21300.0,6145.0,6175.0,6045.0,0.433,2026-01-13 23:17,16737
AMBER,2026-01-27,5700.0,813.9,600.0,0.0,28.5,30900.0,45300.0,6145.0,6175.0,6045.0,0.433,2026-01-13 23:17,13790
AMBER,2026-01-27,5800.0,707.9,0.0,0.0,41.2,34900.0,28600.0,6145.0,6175.0,6045.0,0.433,2026-01-13 23:17,11081
AMBER,2026-01-27,5900.0,325.0,800.0,0.0,58.0,13300.0,34300.0,6145.0,6175.0,6045.0,0.433,2026-01-13 23:17,8616
AMBER,2026-01-27,6000.0,250.0,8700.0,18400.0,80.15,45600.0,144900.0,6145.0,6175.0,6045.0,0.433,2026-01-13 23:17,6385
AMBER,2026-01-27,6100.0,174.95,36200.0,72600.0,120.0,39900.0,117400.0,6145.0,6175.0,6045.0,0.433,2026-01-13 23:17,4600
AMBER,2026-01-27,6200.0,126.25,48800.0,176000.0,171.2,25600.0,42600.0,6145.0,6175.0,6045.0,0.433,2026-01-13 23:17,3879
AMBER,2026-01-27,6300.0,86.9,30600.0,83900.0,230.0,14800.0,9000.0,6145.0,6175.0,6045.0,0.433,2026-01-13 23:17,3925
AMBER,2026-01-27,6400.0,62.0,35900.0,93200.0,307.0,12300.0,2500.0,6145.0,6175.0,6045.0,0.433,2026-01-13 23:17,4172
AMBER,2026-01-27,6500.0,42.1,65400.0,115500.0,372.0,14000.0,2800.0,6145.0,6175.0,6045.0,0.433,2026-01-13 23:17,4821
AMBER,2026-01-27,6600.0,30.0,50700.0,78800.0,460.0,15000.0,4600.0,6145.0,6175.0,6045.0,0.433,2026-01-13 23:17,6174
AMBER,2026-01-27,6700.0,20.25,89900.0,140500.0,555.0,11600.0,1100.0,6145.0,6175.0,6045.0,0.433,2026-01-13 23:17,7891
AMBER,2026-01-27,6800.0,15.0,69400.0,41200.0,710.0,8100.0,100.0,6145.0,6175.0,6045.0,0.433,2026-01-13 23:17,10699
AMBER,2026-01-27,6900.0,10.8,19100.0,33300.0,791.55,1000.0,0.0,6145.0,6175.0,6045.0,0.433,2026-01-13 23:17,14273
AMBER,2026-01-27,7000.0,8.8,127700.0,53500.0,800.0,12500.0,100.0,6145.0,6175.0,6045.0,0.433,2026-01-13 23:17,18460
AMBER,2026-01-27,7100.0,5.0,28000.0,3500.0,600.0,300.0,0.0,6145.0,6175.0,6045.0,0.433,2026-01-13 23:17,23221
AMBER,2026-01-27,7200.0,4.75,22100.0,6000.0,710.0,1200.0,0.0,6145.0,6175.0,6045.0,0.433,2026-01-13 23:17,29148
AMBER,2026-01-27,7300.0,3.5,11900.0,500.0,1143.65,800.0,200.0,6145.0,6175.0,6045.0,0.433,2026-01-13 23:17,35237
AMBER,2026-01-27,7400.0,3.55,17300.0,1600.0,628.65,1200.0,0.0,6145.0,6175.0,6045.0,0.433,2026-01-13 23:17,41441
AMBER,2026-01-27,7500.0,2.45,30300.0,3200.0,1347.7,4300.0,0.0,6145.0,6175.0,6045.0,0.433,2026-01-13 23:17,47847
AMBER,2026-01-27,7600.0,4.0,200.0,0.0,860.0,1800.0,0.0,6145.0,6175.0,6045.0,0.433,2026-01-13 23:17,54097
AMBER,2026-01-27,7700.0,4.25,0.0,0.0,1255.0,1700.0,0.0,6145.0,6175.0,6045.0,0.433,2026-01-13 23:17,60785
AMBER,2026-01-27,7800.0,2.95,400.0,0.0,1176.0,2000.0,0.0,6145.0,6175.0,6045.0,0.433,2026-01-13 23:17,67430
AMBER,2026-01-27,7900.0,1.05,6000.0,400.0,1210.0,100.0,0.0,6145.0,6175.0,6045.0,0.433,2026-01-13 23:17,74078
AMBER,2026-01-27,8000.0,0.0,0.0,0.0,1429.9,6100.0,0.0,6145.0,6175.0,6045.0,0.433,2026-01-13 23:17,81011
AMBER,2026-01-27,8200.0,0.0,0.0,0.0,1550.0,100.0,0.0,6145.0,6175.0,6045.0,0.433,2026-01-13 23:17,94148
AMBUJACEM,2026-01-27,440.0,114.35,4200.0,0.0,0.0,0.0,0.0,537.0,545.2,533.55,-0.316,2026-01-13 23:17,128594
AMBUJACEM,2026-01-27,460.0,0.0,0.0,0.0,0.2,107100.0,18900.0,537.0,545.2,533.55,-0.316,2026-01-13 23:17,104868
AMBUJACEM,2026-01-27,470.0,89.0,1050.0,0.0,0.4,79800.0,1050.0,537.0,545.2,533.55,-0.316,2026-01-13 23:17,93086
AMBUJACEM,2026-01-27,480.0,0.0,0.0,0.0,0.55,82950.0,82950.0,537.0,545.2,533.55,-0.316,2026-01-13 23:17,81393
AMBUJACEM,2026-01-27,485.0,0.0,0.0,0.0,0.6,39900.0,27300.0,537.0,545.2,533.55,-0.316,2026-01-13 23:17,75580
AMBUJACEM,2026-01-27,490.0,0.0,0.0,0.0,0.45,91350.0,10500.0,537.0,545.2,533.55,-0.316,2026-01-13 23:17,69789
AMBUJACEM,2026-01-27,495.0,0.0,0.0,0.0,0.65,29400.0,0.0,537.0,545.2,533.55,-0.316,2026-01-13 23:17,64043
AMBUJACEM,2026-01-27,500.0,40.0,118650.0,1050.0,1.1,239400.0,87150.0,537.0,545.2,533.55,-0.316,2026-01-13 23:17,58313
AMBUJACEM,2026-01-27,505.0,0.0,0.0,0.0,1.45,132300.0,103950.0,537.0,545.2,533.55,-0.316,2026-01-13 23:17,53213
AMBUJACEM,2026-01-27,510.0,27.05,23100.0,9450.0,1.8,412650.0,288750.0,537.0,545.2,533.55,-0.316,2026-01-13 23:17,47711
AMBUJACEM,2026-01-27,515.0,0.0,0.0,0.0,2.25,244650.0,100800.0,537.0,545.2,533.55,-0.316,2026-01-13 23:17,42435
AMBUJACEM,2026-01-27,520.0,21.2,119700.0,39900.0,3.4,662550.0,296100.0,537.0,545.2,533.55,-0.316,2026-01-13 23:17,37237
AMBUJACEM,2026-01-27,525.0,0.0,0.0,0.0,4.5,154350.0,168000.0,537.0,545.2,533.55,-0.316,2026-01-13 23:17,32514
AMBUJACEM,2026-01-27,530.0,14.45,513450.0,757050.0,6.05,1294650.0,1457400.0,537.0,545.2,533.55,-0.316,2026-01-13 23:17,27771
AMBUJACEM,2026-01-27,535.0,11.3,262500.0,275100.0,8.1,380100.0,202650.0,537.0,545.2,533.55,-0.316,2026-01-13 23:17,23959
AMBUJACEM,2026-01-27,540.0,8.6,1051050.0,3248700.0,10.5,757050.0,476700.0,537.0,545.2,533.55,-0.316,2026-01-13 23:17,20500
AMBUJACEM,2026-01-27,545.0,6.5,362250.0,594300.0,12.5,201600.0,35700.0,537.0,545.2,533.55,-0.316,2026-01-13 23:17,18064
AMBUJACEM,2026-01-27,550.0,4.8,2201850.0,2513700.0,16.95,1851150.0,378000.0,537.0,545.2,533.55,-0.316,2026-01-13 23:17,15785
AMBUJACEM,2026-01-27,555.0,3.55,900900.0,464100.0,21.05,704550.0,12600.0,537.0,545.2,533.55,-0.316,2026-01-13 23:17,13467
AMBUJACEM,2026-01-27,560.0,2.7,1734600.0,1425900.0,25.0,1048950.0,64050.0,537.0,545.2,533.55,-0.316,2026-01-13 23:17,12871
AMBUJACEM,2026-01-27,565.0,2.0,980700.0,622650.0,26.8,278250.0,0.0,537.0,545.2,533.55,-0.316,2026-01-13 23:17,12675
AMBUJACEM,2026-01-27,570.0,1.65,1796550.0,862050.0,32.8,606900.0,8400.0,537.0,545.2,533.55,-0.316,2026-01-13 23:17,14713
AMBUJACEM,2026-01-27,575.0,1.2,382200.0,109200.0,30.1,161700.0,0.0,537.0,545.2,533.55,-0.316,2026-01-13 23:17,16808
AMBUJACEM,2026-01-27,580.0,1.05,1269450.0,269850.0,41.0,258300.0,4200.0,537.0,545.2,533.55,-0.316,2026-01-13 23:17,20429
AMBUJACEM,2026-01-27,585.0,0.95,237300.0,34650.0,45.65,43050.0,2100.0,537.0,545.2,533.55,-0.316,2026-01-13 23:17,24328
AMBUJACEM,2026-01-27,590.0,0.75,833700.0,241500.0,58.0,295050.0,0.0,537.0,545.2,533.55,-0.316,2026-01-13 23:17,29120
AMBUJACEM,2026-01-27,595.0,0.7,224700.0,187950.0,0.0,0.0,0.0,537.0,545.2,533.55,-0.316,2026-01-13 23:17,33001
AMBUJACEM,2026-01-27,600.0,0.5,1541400.0,702450.0,59.15,899850.0,33600.0,537.0,545.2,533.55,-0.316,2026-01-13 23:17,38659
AMBUJACEM,2026-01-27,605.0,0.5,56700.0,8400.0,0.0,0.0,0.0,537.0,545.2,533.55,-0.316,2026-01-13 23:17,40276
AMBUJACEM,2026-01-27,610.0,0.4,138600.0,27300.0,38.0,14700.0,0.0,537.0,545.2,533.55,-0.316,2026-01-13 23:17,47170
AMBUJACEM,2026-01-27,615.0,0.4,112350.0,0.0,0.0,0.0,0.0,537.0,545.2,533.55,-0.316,2026-01-13 23:17,54088
AMBUJACEM,2026-01-27,620.0,0.25,132300.0,17850.0,64.2,32550.0,0.0,537.0,545.2,533.55,-0.316,2026-01-13 23:17,61116
AMBUJACEM,2026-01-27,625.0,0.0,0.0,0.0,0.0,0.0,0.0,537.0,545.2,533.55,-0.316,2026-01-13 23:17,68017
AMBUJACEM,2026-01-27,630.0,0.25,126000.0,2100.0,62.0,57750.0,0.0,537.0,545.2,533.55,-0.316,2026-01-13 23:17,75123
AMBUJACEM,2026-01-27,640.0,0.2,166950.0,0.0,67.75,728700.0,0.0,537.0,545.2,533.55,-0.316,2026-01-13 23:17,89165
AMBUJACEM,2026-01-27,650.0,0.0,0.0,0.0,0.0,0.0,0.0,537.0,545.2,533.55,-0.316,2026-01-13 23:17,99523
AMBUJACEM,2026-01-27,660.0,0.25,76650.0,0.0,0.0,0.0,0.0,537.0,545.2,533.55,-0.316,2026-01-13 23:17,114816
ANGELONE,2026-01-27,1900.0,0.0,0.0,0.0,2.0,23000.0,63500.0,2441.8,2455.0,2375.0,3.095,2026-01-13 23:17,71520
ANGELONE,2026-01-27,2000.0,0.0,0.0,0.0,3.6,76500.0,621250.0,2441.8,2455.0,2375.0,3.095,2026-01-13 23:17,50906
ANGELONE,2026-01-27,2100.0,347.8,11000.0,5000.0,6.4,112000.0,484250.0,2441.8,2455.0,2375.0,3.095,2026-01-13 23:17,31033
ANGELONE,2026-01-27,2150.0,279.95,4500.0,4500.0,8.7,90750.0,166750.0,2441.8,2455.0,2375.0,3.095,2026-01-13 23:17,22037
ANGELONE,2026-01-27,2200.0,251.0,14250.0,6500.0,12.6,441750.0,708750.0,2441.8,2455.0,2375.0,3.095,2026-01-13 23:17,13252
ANGELONE,2026-01-27,2250.0,208.5,13750.0,9250.0,19.65,75000.0,239750.0,2441.8,2455.0,2375.0,3.095,2026-01-13 23:17,6502
ANGELONE,2026-01-27,2300.0,168.25,72750.0,128250.0,30.3,399750.0,787000.0,2441.8,2455.0,2375.0,3.095,2026-01-13 23:17,534
ANGELONE,2026-01-27,2350.0,129.45,109250.0,425500.0,44.85,151000.0,285000.0,2441.8,2455.0,2375.0,3.095,2026-01-13 23:17,-3197
ANGELONE,2026-01-27,2400.0,97.75,244250.0,2072750.0,63.95,268000.0,814000.0,2441.8,2455.0,2375.0,3.095,2026-01-13 23:17,-4904
ANGELONE,2026-01-27,2450.0,74.0,202500.0,1908500.0,89.95,78000.0,277250.0,2441.8,2455.0,2375.0,3.095,2026-01-13 23:17,-4113
ANGELONE,2026-01-27,2500.0,55.0,652000.0,2779750.0,116.4,233000.0,86750.0,2441.8,2455.0,2375.0,3.095,2026-01-13 23:17,-1796
ANGELONE,2026-01-27,2550.0,39.8,224250.0,861000.0,188.25,28000.0,0.0,2441.8,2455.0,2375.0,3.095,2026-01-13 23:17,5022
ANGELONE,2026-01-27,2600.0,29.1,426250.0,1404250.0,188.95,51750.0,20500.0,2441.8,2455.0,2375.0,3.095,2026-01-13 23:17,12594
ANGELONE,2026-01-27,2650.0,20.7,79000.0,394750.0,329.85,3250.0,0.0,2441.8,2455.0,2375.0,3.095,2026-01-13 23:17,22453
ANGELONE,2026-01-27,2700.0,15.0,282500.0,539000.0,270.25,30750.0,2250.0,2441.8,2455.0,2375.0,3.095,2026-01-13 23:17,32516
ANGELONE,2026-01-27,2750.0,11.25,58250.0,139250.0,398.2,1000.0,0.0,2441.8,2455.0,2375.0,3.095,2026-01-13 23:17,43683
ANGELONE,2026-01-27,2800.0,8.8,154250.0,260500.0,369.0,12000.0,4250.0,2441.8,2455.0,2375.0,3.095,2026-01-13 23:17,55579
ANGELONE,2026-01-27,2850.0,6.7,14750.0,23000.0,365.0,250.0,0.0,2441.8,2455.0,2375.0,3.095,2026-01-13 23:17,67973
ANGELONE,2026-01-27,2900.0,5.3,43250.0,65750.0,435.55,3500.0,0.0,2441.8,2455.0,2375.0,3.095,2026-01-13 23:17,80750
ANGELONE,2026-01-27,2950.0,1.75,1500.0,0.0,0.0,0.0,0.0,2441.8,2455.0,2375.0,3.095,2026-01-13 23:17,93630
ANGELONE,2026-01-27,3000.0,3.35,227750.0,96000.0,670.0,4500.0,0.0,2441.8,2455.0,2375.0,3.095,2026-01-13 23:17,106648
ANGELONE,2026-01-27,3100.0,1.75,7250.0,1750.0,570.0,250.0,0.0,2441.8,2455.0,2375.0,3.095,2026-01-13 23:17,134780
APLAPOLLO,2026-01-27,1520.0,0.0,0.0,0.0,0.3,2100.0,0.0,1907.0,1920.0,1883.6,0.115,2026-01-13 23:17,23036
APLAPOLLO,2026-01-27,1540.0,0.0,0.0,0.0,1.05,1400.0,0.0,1907.0,1920.0,1883.6,0.115,2026-01-13 23:17,21526
APLAPOLLO,2026-01-27,1560.0,190.7,350.0,0.0,7.3,1050.0,0.0,1907.0,1920.0,1883.6,0.115,2026-01-13 23:17,20020
APLAPOLLO,2026-01-27,1580.0,0.0,0.0,0.0,13.25,700.0,0.0,1907.0,1920.0,1883.6,0.115,2026-01-13 23:17,18522
APLAPOLLO,2026-01-27,1600.0,0.0,0.0,0.0,5.45,2800.0,0.0,1907.0,1920.0,1883.6,0.115,2026-01-13 23:17,17019
APLAPOLLO,2026-01-27,1640.0,0.0,0.0,0.0,3.0,2450.0,0.0,1907.0,1920.0,1883.6,0.115,2026-01-13 23:17,14024
APLAPOLLO,2026-01-27,1660.0,0.0,0.0,0.0,1.5,8750.0,0.0,1907.0,1920.0,1883.6,0.115,2026-01-13 23:17,12532
APLAPOLLO,2026-01-27,1680.0,0.0,0.0,0.0,4.6,2800.0,0.0,1907.0,1920.0,1883.6,0.115,2026-01-13 23:17,11056
APLAPOLLO,2026-01-27,1700.0,226.0,4200.0,0.0,1.55,44100.0,9450.0,1907.0,1920.0,1883.6,0.115,2026-01-13 23:17,9587
APLAPOLLO,2026-01-27,1720.0,95.95,0.0,0.0,2.2,4200.0,0.0,1907.0,1920.0,1883.6,0.115,2026-01-13 23:17,8303
APLAPOLLO,2026-01-27,1740.0,130.0,14350.0,0.0,3.5,1050.0,0.0,1907.0,1920.0,1883.6,0.115,2026-01-13 23:17,6938
APLAPOLLO,2026-01-27,1760.0,157.65,3850.0,0.0,4.0,48650.0,12600.0,1907.0,1920.0,1883.6,0.115,2026-01-13 23:17,5791
APLAPOLLO,2026-01-27,1780.0,113.65,700.0,0.0,5.65,27650.0,18550.0,1907.0,1920.0,1883.6,0.115,2026-01-13 23:17,4605
APLAPOLLO,2026-01-27,1800.0,118.2,43400.0,4200.0,8.4,72100.0,40250.0,1907.0,1920.0,1883.6,0.115,2026-01-13 23:17,3426
APLAPOLLO,2026-01-27,1820.0,94.65,1750.0,0.0,11.75,20650.0,9800.0,1907.0,1920.0,1883.6,0.115,2026-01-13 23:17,2938
APLAPOLLO,2026-01-27,1840.0,78.15,6300.0,0.0,15.1,33250.0,17850.0,1907.0,1920.0,1883.6,0.115,2026-01-13 23:17,2035
APLAPOLLO,2026-01-27,1860.0,65.5,26250.0,4200.0,21.4,53200.0,26600.0,1907.0,1920.0,1883.6,0.115,2026-01-13 23:17,1218
APLAPOLLO,2026-01-27,1880.0,55.45,18200.0,22750.0,28.3,49700.0,30450.0,1907.0,1920.0,1883.6,0.115,2026-01-13 23:17,619
APLAPOLLO,2026-01-27,1900.0,42.3,129500.0,146300.0,36.55,153300.0,96950.0,1907.0,1920.0,1883.6,0.115,2026-01-13 23:17,58
APLAPOLLO,2026-01-27,1920.0,33.0,94500.0,107450.0,48.4,83650.0,17850.0,1907.0,1920.0,1883.6,0.115,2026-01-13 23:17,89
APLAPOLLO,2026-01-27,1940.0,25.65,61600.0,29050.0,66.4,26250.0,4550.0,1907.0,1920.0,1883.6,0.115,2026-01-13 23:17,397
APLAPOLLO,2026-01-27,1960.0,18.9,150150.0,69300.0,69.9,48300.0,0.0,1907.0,1920.0,1883.6,0.115,2026-01-13 23:17,957
APLAPOLLO,2026-01-27,1980.0,13.95,62300.0,19250.0,92.45,17150.0,0.0,1907.0,1920.0,1883.6,0.115,2026-01-13 23:17,1876
APLAPOLLO,2026-01-27,2000.0,10.4,216300.0,132650.0,106.0,46200.0,5950.0,1907.0,1920.0,1883.6,0.115,2026-01-13 23:17,2936
APLAPOLLO,2026-01-27,2020.0,7.4,46200.0,10500.0,74.0,350.0,0.0,1907.0,1920.0,1883.6,0.115,2026-01-13 23:17,4328
APLAPOLLO,2026-01-27,2040.0,5.25,67550.0,13650.0,105.6,1400.0,0.0,1907.0,1920.0,1883.6,0.115,2026-01-13 23:17,6110
APLAPOLLO,2026-01-27,2060.0,3.95,46900.0,4200.0,0.0,0.0,0.0,1907.0,1920.0,1883.6,0.115,2026-01-13 23:17,8018
APLAPOLLO,2026-01-27,2080.0,2.95,130900.0,18900.0,125.1,3500.0,0.0,1907.0,1920.0,1883.6,0.115,2026-01-13 23:17,10019
APLAPOLLO,2026-01-27,2100.0,2.2,57050.0,14350.0,0.0,0.0,0.0,1907.0,1920.0,1883.6,0.115,2026-01-13 23:17,12264
APLAPOLLO,2026-01-27,2120.0,1.95,36750.0,1050.0,0.0,0.0,0.0,1907.0,1920.0,1883.6,0.115,2026-01-13 23:17,14641
APLAPOLLO,2026-01-27,2140.0,6.0,350.0,0.0,0.0,0.0,0.0,1907.0,1920.0,1883.6,0.115,2026-01-13 23:17,17086
APLAPOLLO,2026-01-27,2160.0,1.0,28000.0,0.0,0.0,0.0,0.0,1907.0,1920.0,1883.6,0.115,2026-01-13 23:17,19525
APLAPOLLO,2026-01-27,2200.0,0.65,37100.0,0.0,0.0,0.0,0.0,1907.0,1920.0,1883.6,0.115,2026-01-13 23:17,24518
APLAPOLLO,2026-01-27,2240.0,0.0,0.0,0.0,0.0,0.0,0.0,1907.0,1920.0,1883.6,0.115,2026-01-13 23:17,29658
APOLLOHOSP,2026-01-27,5900.0,0.0,0.0,0.0,0.0,0.0,0.0,7308.0,7321.5,7240.0,0.543,2026-01-13 23:17,101006
APOLLOHOSP,2026-01-27,6000.0,0.0,0.0,0.0,0.6,125.0,0.0,7308.0,7321.5,7240.0,0.543,2026-01-13 23:17,90860
APOLLOHOSP,2026-01-27,6100.0,0.0,0.0,0.0,0.0,0.0,0.0,7308.0,7321.5,7240.0,0.543,2026-01-13 23:17,80715
APOLLOHOSP,2026-01-27,6200.0,0.0,0.0,0.0,2.05,2625.0,250.0,7308.0,7321.5,7240.0,0.543,2026-01-13 23:17,70570
APOLLOHOSP,2026-01-27,6300.0,0.0,0.0,0.0,0.95,1000.0,0.0,7308.0,7321.5,7240.0,0.543,2026-01-13 23:17,60451
APOLLOHOSP,2026-01-27,6350.0,0.0,0.0,0.0,12.15,1625.0,0.0,7308.0,7321.5,7240.0,0.543,2026-01-13 23:17,55396
APOLLOHOSP,2026-01-27,6400.0,0.0,0.0,0.0,1.15,9000.0,0.0,7308.0,7321.5,7240.0,0.543,2026-01-13 23:17,50348
APOLLOHOSP,2026-01-27,6450.0,0.0,0.0,0.0,2.55,2625.0,0.0,7308.0,7321.5,7240.0,0.543,2026-01-13 23:17,45346
APOLLOHOSP,2026-01-27,6500.0,640.0,750.0,0.0,2.15,97125.0,7875.0,7308.0,7321.5,7240.0,0.543,2026-01-13 23:17,40357
APOLLOHOSP,2026-01-27,6550.0,650.0,125.0,0.0,2.55,4000.0,500.0,7308.0,7321.5,7240.0,0.543,2026-01-13 23:17,35885
APOLLOHOSP,2026-01-27,6600.0,0.0,0.0,0.0,2.95,48750.0,3000.0,7308.0,7321.5,7240.0,0.543,2026-01-13 23:17,31414
APOLLOHOSP,2026-01-27,6650.0,0.0,0.0,0.0,0.0,0.0,0.0,7308.0,7321.5,7240.0,0.543,2026-01-13 23:17,27166
APOLLOHOSP,2026-01-27,6700.0,0.0,0.0,0.0,3.75,35625.0,1625.0,7308.0,7321.5,7240.0,0.543,2026-01-13 23:17,22931
APOLLOHOSP,2026-01-27,6750.0,0.0,0.0,0.0,6.0,125.0,2375.0,7308.0,7321.5,7240.0,0.543,2026-01-13 23:17,18862
APOLLOHOSP,2026-01-27,6800.0,620.0,2250.0,0.0,6.5,94250.0,82500.0,7308.0,7321.5,7240.0,0.543,2026-01-13 23:17,14806
APOLLOHOSP,2026-01-27,6850.0,0.0,0.0,0.0,8.05,8750.0,12750.0,7308.0,7321.5,7240.0,0.543,2026-01-13 23:17,11311
APOLLOHOSP,2026-01-27,6900.0,416.6,5250.0,0.0,10.8,32250.0,57875.0,7308.0,7321.5,7240.0,0.543,2026-01-13 23:17,7775
APOLLOHOSP,2026-01-27,6950.0,433.95,8375.0,0.0,13.2,24125.0,25875.0,7308.0,7321.5,7240.0,0.543,2026-01-13 23:17,4617
APOLLOHOSP,2026-01-27,7000.0,355.0,57375.0,2375.0,18.0,119125.0,137250.0,7308.0,7321.5,7240.0,0.543,2026-01-13 23:17,1769
APOLLOHOSP,2026-01-27,7050.0,263.15,12500.0,0.0,23.45,24875.0,75375.0,7308.0,7321.5,7240.0,0.543,2026-01-13 23:17,1294
APOLLOHOSP,2026-01-27,7100.0,269.85,72250.0,7125.0,31.8,107000.0,114125.0,7308.0,7321.5,7240.0,0.543,2026-01-13 23:17,-544
APOLLOHOSP,2026-01-27,7150.0,229.3,21000.0,9375.0,40.75,29125.0,115250.0,7308.0,7321.5,7240.0,0.543,2026-01-13 23:17,-148
APOLLOHOSP,2026-01-27,7200.0,187.95,75750.0,76625.0,55.0,60625.0,136125.0,7308.0,7321.5,7240.0,0.543,2026-01-13 23:17,-749
APOLLOHOSP,2026-01-27,7250.0,155.7,57000.0,521000.0,71.0,54625.0,181375.0,7308.0,7321.5,7240.0,0.543,2026-01-13 23:17,59
APOLLOHOSP,2026-01-27,7300.0,125.45,141750.0,391250.0,91.65,105875.0,141750.0,7308.0,7321.5,7240.0,0.543,2026-01-13 23:17,836
APOLLOHOSP,2026-01-27,7350.0,111.4,37750.0,118750.0,117.3,14625.0,69500.0,7308.0,7321.5,7240.0,0.543,2026-01-13 23:17,3159
APOLLOHOSP,2026-01-27,7400.0,80.6,147750.0,258375.0,142.45,43500.0,6125.0,7308.0,7321.5,7240.0,0.543,2026-01-13 23:17,5185
APOLLOHOSP,2026-01-27,7450.0,63.7,71750.0,91500.0,185.0,36000.0,2375.0,7308.0,7321.5,7240.0,0.543,2026-01-13 23:17,8489
APOLLOHOSP,2026-01-27,7500.0,48.25,177125.0,279875.0,215.7,41625.0,7750.0,7308.0,7321.5,7240.0,0.543,2026-01-13 23:17,11552
APOLLOHOSP,2026-01-27,7550.0,38.25,17125.0,89000.0,262.8,4000.0,375.0,7308.0,7321.5,7240.0,0.543,2026-01-13 23:17,15874
APOLLOHOSP,2026-01-27,7600.0,29.55,91375.0,138875.0,310.0,6375.0,250.0,7308.0,7321.5,7240.0,0.543,2026-01-13 23:17,20306
APOLLOHOSP,2026-01-27,7650.0,23.35,22875.0,17125.0,0.0,0.0,0.0,7308.0,7321.5,7240.0,0.543,2026-01-13 23:17,25338
APOLLOHOSP,2026-01-27,7700.0,18.45,55750.0,69125.0,405.7,1875.0,0.0,7308.0,7321.5,7240.0,0.543,2026-01-13 23:17,30466
APOLLOHOSP,2026-01-27,7750.0,14.4,53500.0,9125.0,358.35,375.0,0.0,7308.0,7321.5,7240.0,0.543,2026-01-13 23:17,35855
APOLLOHOSP,2026-01-27,7800.0,12.3,60875.0,46625.0,0.0,0.0,0.0,7308.0,7321.5,7240.0,0.543,2026-01-13 23:17,41551
APOLLOHOSP,2026-01-27,7850.0,8.4,19875.0,6875.0,0.0,0.0,0.0,7308.0,7321.5,7240.0,0.543,2026-01-13 23:17,47562
APOLLOHOSP,2026-01-27,7900.0,8.65,34875.0,32000.0,0.0,0.0,0.0,7308.0,7321.5,7240.0,0.543,2026-01-13 23:17,53614
APOLLOHOSP,2026-01-27,7950.0,7.9,6875.0,750.0,606.75,375.0,0.0,7308.0,7321.5,7240.0,0.543,2026-01-13 23:17,59855
APOLLOHOSP,2026-01-27,8000.0,6.9,143125.0,70000.0,670.0,2250.0,125.0,7308.0,7321.5,7240.0,0.543,2026-01-13 23:17,66083
APOLLOHOSP,2026-01-27,8050.0,0.0,0.0,0.0,0.0,0.0,0.0,7308.0,7321.5,7240.0,0.543,2026-01-13 23:17,73005
APOLLOHOSP,2026-01-27,8100.0,5.5,29625.0,7250.0,0.0,0.0,0.0,7308.0,7321.5,7240.0,0.543,2026-01-13 23:17,79978
APOLLOHOSP,2026-01-27,8200.0,4.55,10000.0,750.0,0.0,0.0,0.0,7308.0,7321.5,7240.0,0.543,2026-01-13 23:17,94237
APOLLOHOSP,2026-01-27,8300.0,4.0,16000.0,1375.0,0.0,0.0,0.0,7308.0,7321.5,7240.0,0.543,2026-01-13 23:17,108584
APOLLOHOSP,2026-01-27,8400.0,4.4,11250.0,375.0,1039.2,375.0,0.0,7308.0,7321.5,7240.0,0.543,2026-01-13 23:17,123092
APOLLOHOSP,2026-01-27,8500.0,0.0,0.0,0.0,0.0,0.0,0.0,7308.0,7321.5,7240.0,0.543,2026-01-13 23:17,137677
APOLLOHOSP,2026-01-27,8600.0,1.5,9625.0,125.0,0.0,0.0,0.0,7308.0,7321.5,7240.0,0.543,2026-01-13 23:17,152296
ASHOKLEY,2026-01-27,128.0,53.5,25000.0,0.0,0.05,100000.0,0.0,185.69,187.9,184.05,-0.706,2026-01-13 23:17,161916
ASHOKLEY,2026-01-27,130.0,43.0,35000.0,0.0,0.06,85000.0,15000.0,185.69,187.9,184.05,-0.706,2026-01-13 23:17,154000
ASHOKLEY,2026-01-27,132.0,40.99,5000.0,0.0,0.3,10000.0,0.0,185.69,187.9,184.05,-0.706,2026-01-13 23:17,146125
ASHOKLEY,2026-01-27,134.0,0.0,0.0,0.0,0.03,30000.0,20000.0,185.69,187.9,184.05,-0.706,2026-01-13 23:17,138123
ASHOKLEY,2026-01-27,136.0,0.0,0.0,0.0,0.35,60000.0,0.0,185.69,187.9,184.05,-0.706,2026-01-13 23:17,130107
ASHOKLEY,2026-01-27,137.0,0.0,0.0,0.0,0.49,10000.0,0.0,185.69,187.9,184.05,-0.706,2026-01-13 23:17,126103
ASHOKLEY,2026-01-27,138.0,0.0,0.0,0.0,0.1,5000.0,0.0,185.69,187.9,184.05,-0.706,2026-01-13 23:17,122102
ASHOKLEY,2026-01-27,139.0,0.0,0.0,0.0,0.57,15000.0,0.0,185.69,187.9,184.05,-0.706,2026-01-13 23:17,118101
ASHOKLEY,2026-01-27,140.0,44.6,130000.0,0.0,0.04,270000.0,0.0,185.69,187.9,184.05,-0.706,2026-01-13 23:17,114101
ASHOKLEY,2026-01-27,142.0,33.0,10000.0,0.0,1.0,15000.0,0.0,185.69,187.9,184.05,-0.706,2026-01-13 23:17,106762
ASHOKLEY,2026-01-27,144.0,30.5,80000.0,0.0,0.05,120000.0,0.0,185.69,187.9,184.05,-0.706,2026-01-13 23:17,98880
ASHOKLEY,2026-01-27,145.0,30.75,95000.0,0.0,0.08,120000.0,0.0,185.69,187.9,184.05,-0.706,2026-01-13 23:17,95187
ASHOKLEY,2026-01-27,146.0,0.0,0.0,0.0,0.09,30000.0,0.0,185.69,187.9,184.05,-0.706,2026-01-13 23:17,91563
ASHOKLEY,2026-01-27,147.0,0.0,0.0,0.0,0.2,85000.0,0.0,185.69,187.9,184.05,-0.706,2026-01-13 23:17,87651
ASHOKLEY,2026-01-27,148.0,0.0,0.0,0.0,0.18,80000.0,0.0,185.69,187.9,184.05,-0.706,2026-01-13 23:17,83746
ASHOKLEY,2026-01-27,149.0,0.0,0.0,0.0,0.22,45000.0,0.0,185.69,187.9,184.05,-0.706,2026-01-13 23:17,79849
ASHOKLEY,2026-01-27,150.0,36.26,310000.0,5000.0,0.12,1085000.0,100000.0,185.69,187.9,184.05,-0.706,2026-01-13 23:17,75957
ASHOKLEY,2026-01-27,151.0,3.82,10000.0,0.0,0.22,115000.0,0.0,185.69,187.9,184.05,-0.706,2026-01-13 23:17,73317
ASHOKLEY,2026-01-27,152.0,34.66,10000.0,5000.0,0.1,35000.0,0.0,185.69,187.9,184.05,-0.706,2026-01-13 23:17,69579
ASHOKLEY,2026-01-27,153.0,0.0,0.0,0.0,0.33,50000.0,0.0,185.69,187.9,184.05,-0.706,2026-01-13 23:17,65879
ASHOKLEY,2026-01-27,154.0,27.1,10000.0,0.0,0.1,90000.0,0.0,185.69,187.9,184.05,-0.706,2026-01-13 23:17,62148
ASHOKLEY,2026-01-27,155.0,29.51,35000.0,0.0,0.12,635000.0,10000.0,185.69,187.9,184.05,-0.706,2026-01-13 23:17,58454
ASHOKLEY,2026-01-27,156.0,16.05,15000.0,0.0,0.51,5000.0,0.0,185.69,187.9,184.05,-0.706,2026-01-13 23:17,54897
ASHOKLEY,2026-01-27,157.0,0.0,0.0,0.0,0.25,325000.0,0.0,185.69,187.9,184.05,-0.706,2026-01-13 23:17,51271
ASHOKLEY,2026-01-27,158.0,13.93,10000.0,0.0,0.11,140000.0,25000.0,185.69,187.9,184.05,-0.706,2026-01-13 23:17,47645
ASHOKLEY,2026-01-27,159.0,0.0,0.0,0.0,0.32,135000.0,0.0,185.69,187.9,184.05,-0.706,2026-01-13 23:17,44054
ASHOKLEY,2026-01-27,160.0,24.2,615000.0,5000.0,0.17,2675000.0,390000.0,185.69,187.9,184.05,-0.706,2026-01-13 23:17,40460
ASHOKLEY,2026-01-27,161.0,0.0,0.0,0.0,0.18,180000.0,0.0,185.69,187.9,184.05,-0.706,2026-01-13 23:17,38642
ASHOKLEY,2026-01-27,162.0,24.0,45000.0,0.0,0.34,285000.0,0.0,185.69,187.9,184.05,-0.706,2026-01-13 23:17,35397
ASHOKLEY,2026-01-27,162.5,0.0,0.0,0.0,0.24,10000.0,0.0,185.69,187.9,184.05,-0.706,2026-01-13 23:17,33890
ASHOKLEY,2026-01-27,163.0,3.67,5000.0,0.0,0.27,205000.0,0.0,185.69,187.9,184.05,-0.706,2026-01-13 23:17,32286
ASHOKLEY,2026-01-27,164.0,20.34,45000.0,0.0,0.22,305000.0,0.0,185.69,187.9,184.05,-0.706,2026-01-13 23:17,29095
ASHOKLEY,2026-01-27,165.0,19.0,290000.0,80000.0,0.25,2520000.0,880000.0,185.69,187.9,184.05,-0.706,2026-01-13 23:17,26027
ASHOKLEY,2026-01-27,166.0,20.09,15000.0,0.0,0.25,225000.0,255000.0,185.69,187.9,184.05,-0.706,2026-01-13 23:17,23643
ASHOKLEY,2026-01-27,167.0,0.0,0.0,0.0,0.27,465000.0,340000.0,185.69,187.9,184.05,-0.706,2026-01-13 23:17,20820
ASHOKLEY,2026-01-27,167.5,11.06,10000.0,0.0,0.46,100000.0,0.0,185.69,187.9,184.05,-0.706,2026-01-13 23:17,19407
ASHOKLEY,2026-01-27,168.0,18.43,75000.0,5000.0,0.3,525000.0,340000.0,185.69,187.9,184.05,-0.706,2026-01-13 23:17,18019
ASHOKLEY,2026-01-27,169.0,9.01,30000.0,0.0,0.33,415000.0,500000.0,185.69,187.9,184.05,-0.706,2026-01-13 23:17,15411
ASHOKLEY,2026-01-27,170.0,14.11,1450000.0,115000.0,0.38,4150000.0,2190000.0,185.69,187.9,184.05,-0.706,2026-01-13 23:17,12739
ASHOKLEY,2026-01-27,171.0,18.35,155000.0,0.0,0.42,405000.0,110000.0,185.69,187.9,184.05,-0.706,2026-01-13 23:17,12502
ASHOKLEY,2026-01-27,172.0,14.45,510000.0,5000.0,0.46,835000.0,390000.0,185.69,187.9,184.05,-0.706,2026-01-13 23:17,10700
ASHOKLEY,2026-01-27,172.5,0.0,0.0,0.0,0.5,150000.0,15000.0,185.69,187.9,184.05,-0.706,2026-01-13 23:17,10431
ASHOKLEY,2026-01-27,173.0,13.39,235000.0,0.0,0.59,420000.0,75000.0,185.69,187.9,184.05,-0.706,2026-01-13 23:17,9463
ASHOKLEY,2026-01-27,174.0,14.78,175000.0,0.0,0.61,665000.0,265000.0,185.69,187.9,184.05,-0.706,2026-01-13 23:17,7899
ASHOKLEY,2026-01-27,175.0,10.8,1645000.0,105000.0,0.75,3410000.0,1700000.0,185.69,187.9,184.05,-0.706,2026-01-13 23:17,6346
ASHOKLEY,2026-01-27,176.0,10.88,345000.0,0.0,0.86,775000.0,710000.0,185.69,187.9,184.05,-0.706,2026-01-13 23:17,6602
ASHOKLEY,2026-01-27,177.0,9.99,340000.0,5000.0,1.03,850000.0,585000.0,185.69,187.9,184.05,-0.706,2026-01-13 23:17,5758
ASHOKLEY,2026-01-27,177.5,9.26,125000.0,25000.0,1.1,475000.0,225000.0,185.69,187.9,184.05,-0.706,2026-01-13 23:17,5493
ASHOKLEY,2026-01-27,178.0,8.77,600000.0,5000.0,1.22,945000.0,660000.0,185.69,187.9,184.05,-0.706,2026-01-13 23:17,5070
ASHOKLEY,2026-01-27,179.0,8.5,305000.0,5000.0,1.36,730000.0,275000.0,185.69,187.9,184.05,-0.706,2026-01-13 23:17,4661
ASHOKLEY,2026-01-27,180.0,6.75,2730000.0,710000.0,1.71,3915000.0,4020000.0,185.69,187.9,184.05,-0.706,2026-01-13 23:17,4105
ASHOKLEY,2026-01-27,181.0,7.19,305000.0,0.0,0.0,0.0,0.0,185.69,187.9,184.05,-0.706,2026-01-13 23:17,5227
ASHOKLEY,2026-01-27,182.0,5.61,855000.0,110000.0,2.38,1415000.0,705000.0,185.69,187.9,184.05,-0.706,2026-01-13 23:17,5425
ASHOKLEY,2026-01-27,182.5,5.15,480000.0,70000.0,2.58,485000.0,385000.0,185.69,187.9,184.05,-0.706,2026-01-13 23:17,5671
ASHOKLEY,2026-01-27,183.0,4.8,645000.0,165000.0,2.78,515000.0,490000.0,185.69,187.9,184.05,-0.706,2026-01-13 23:17,5944
ASHOKLEY,2026-01-27,184.0,4.29,705000.0,740000.0,3.19,700000.0,890000.0,185.69,187.9,184.05,-0.706,2026-01-13 23:17,6529
ASHOKLEY,2026-01-27,185.0,3.8,3390000.0,6470000.0,3.66,3190000.0,5735000.0,185.69,187.9,184.05,-0.706,2026-01-13 23:17,7167
ASHOKLEY,2026-01-27,186.0,3.35,1080000.0,1270000.0,0.0,0.0,0.0,185.69,187.9,184.05,-0.706,2026-01-13 23:17,8505
ASHOKLEY,2026-01-27,187.0,2.93,2305000.0,3410000.0,0.0,0.0,0.0,185.69,187.9,184.05,-0.706,2026-01-13 23:17,10192
ASHOKLEY,2026-01-27,187.5,2.75,1400000.0,1135000.0,5.01,935000.0,695000.0,185.69,187.9,184.05,-0.706,2026-01-13 23:17,11645
ASHOKLEY,2026-01-27,188.0,2.53,1685000.0,2165000.0,5.39,1020000.0,275000.0,185.69,187.9,184.05,-0.706,2026-01-13 23:17,12456
ASHOKLEY,2026-01-27,189.0,2.22,1000000.0,795000.0,0.0,0.0,0.0,185.69,187.9,184.05,-0.706,2026-01-13 23:17,14392
ASHOKLEY,2026-01-27,190.0,1.9,9440000.0,11985000.0,6.92,2025000.0,890000.0,185.69,187.9,184.05,-0.706,2026-01-13 23:17,16773
ASHOKLEY,2026-01-27,192.0,1.45,1845000.0,1580000.0,0.0,0.0,0.0,185.69,187.9,184.05,-0.706,2026-01-13 23:17,23778
ASHOKLEY,2026-01-27,192.5,1.34,820000.0,1675000.0,8.32,70000.0,30000.0,185.69,187.9,184.05,-0.706,2026-01-13 23:17,25790
ASHOKLEY,2026-01-27,194.0,1.09,1395000.0,500000.0,10.6,45000.0,5000.0,185.69,187.9,184.05,-0.706,2026-01-13 23:17,31211
ASHOKLEY,2026-01-27,195.0,0.96,3400000.0,4290000.0,10.6,195000.0,30000.0,185.69,187.9,184.05,-0.706,2026-01-13 23:17,35039
ASHOKLEY,2026-01-27,196.0,0.83,925000.0,370000.0,0.0,0.0,0.0,185.69,187.9,184.05,-0.706,2026-01-13 23:17,39242
ASHOKLEY,2026-01-27,197.5,0.68,730000.0,245000.0,12.25,10000.0,10000.0,185.69,187.9,184.05,-0.706,2026-01-13 23:17,45582
ASHOKLEY,2026-01-27,198.0,0.64,1255000.0,195000.0,0.0,0.0,0.0,185.69,187.9,184.05,-0.706,2026-01-13 23:17,47744
ASHOKLEY,2026-01-27,200.0,0.51,7280000.0,3760000.0,15.59,380000.0,135000.0,185.69,187.9,184.05,-0.706,2026-01-13 23:17,56574
ASHOKLEY,2026-01-27,202.5,0.38,635000.0,405000.0,0.0,0.0,0.0,185.69,187.9,184.05,-0.706,2026-01-13 23:17,69206
ASHOKLEY,2026-01-27,205.0,0.31,3475000.0,1305000.0,20.4,55000.0,10000.0,185.69,187.9,184.05,-0.706,2026-01-13 23:17,82241
ASHOKLEY,2026-01-27,207.5,0.22,360000.0,110000.0,0.0,0.0,0.0,185.69,187.9,184.05,-0.706,2026-01-13 23:17,96130
ASHOKLEY,2026-01-27,210.0,0.18,2435000.0,1430000.0,25.0,0.0,10000.0,185.69,187.9,184.05,-0.706,2026-01-13 23:17,110122
ASHOKLEY,2026-01-27,215.0,0.11,1415000.0,285000.0,0.0,0.0,0.0,185.69,187.9,184.05,-0.706,2026-01-13 23:17,139351
ASIANPAINT,2026-01-27,2360.0,0.0,0.0,0.0,0.35,3000.0,0.0,2880.2,2914.5,2870.8,-0.559,2026-01-13 23:17,110846
ASIANPAINT,2026-01-27,2400.0,417.85,1000.0,0.0,0.55,250.0,250.0,2880.2,2914.5,2870.8,-0.559,2026-01-13 23:17,96117
ASIANPAINT,2026-01-27,2440.0,0.0,0.0,0.0,0.0,0.0,0.0,2880.2,2914.5,2870.8,-0.559,2026-01-13 23:17,81435
ASIANPAINT,2026-01-27,2480.0,300.45,250.0,0.0,0.3,14750.0,1750.0,2880.2,2914.5,2870.8,-0.559,2026-01-13 23:17,66711
ASIANPAINT,2026-01-27,2500.0,388.25,1500.0,0.0,0.8,43250.0,8750.0,2880.2,2914.5,2870.8,-0.559,2026-01-13 23:17,59386
ASIANPAINT,2026-01-27,2520.0,261.0,8250.0,0.0,0.75,150500.0,18000.0,2880.2,2914.5,2870.8,-0.559,2026-01-13 23:17,52198
ASIANPAINT,2026-01-27,2540.0,0.0,0.0,0.0,0.85,182250.0,2000.0,2880.2,2914.5,2870.8,-0.559,2026-01-13 23:17,45477
ASIANPAINT,2026-01-27,2560.0,347.75,1750.0,0.0,1.3,196500.0,2000.0,2880.2,2914.5,2870.8,-0.559,2026-01-13 23:17,38901
ASIANPAINT,2026-01-27,2580.0,0.0,0.0,0.0,2.25,36250.0,25750.0,2880.2,2914.5,2870.8,-0.559,2026-01-13 23:17,32773
ASIANPAINT,2026-01-27,2600.0,240.6,33500.0,0.0,2.2,401000.0,39250.0,2880.2,2914.5,2870.8,-0.559,2026-01-13 23:17,26673
ASIANPAINT,2026-01-27,2620.0,210.8,250.0,0.0,2.6,50750.0,27500.0,2880.2,2914.5,2870.8,-0.559,2026-01-13 23:17,22168
ASIANPAINT,2026-01-27,2640.0,199.45,4250.0,0.0,3.0,149500.0,58750.0,2880.2,2914.5,2870.8,-0.559,2026-01-13 23:17,17040
ASIANPAINT,2026-01-27,2660.0,120.0,3250.0,0.0,3.75,79500.0,59250.0,2880.2,2914.5,2870.8,-0.559,2026-01-13 23:17,12267
ASIANPAINT,2026-01-27,2680.0,133.0,6750.0,0.0,4.7,115500.0,38000.0,2880.2,2914.5,2870.8,-0.559,2026-01-13 23:17,7629
ASIANPAINT,2026-01-27,2700.0,197.45,26000.0,1000.0,5.95,211500.0,190750.0,2880.2,2914.5,2870.8,-0.559,2026-01-13 23:17,3261
ASIANPAINT,2026-01-27,2720.0,179.0,11250.0,2000.0,7.55,60250.0,50500.0,2880.2,2914.5,2870.8,-0.559,2026-01-13 23:17,-278
ASIANPAINT,2026-01-27,2740.0,161.15,24000.0,3500.0,9.6,333750.0,155000.0,2880.2,2914.5,2870.8,-0.559,2026-01-13 23:17,-3908
ASIANPAINT,2026-01-27,2760.0,143.2,77000.0,3750.0,12.75,150750.0,131000.0,2880.2,2914.5,2870.8,-0.559,2026-01-13 23:17,-6911
ASIANPAINT,2026-01-27,2780.0,125.0,49500.0,3250.0,15.5,111750.0,182000.0,2880.2,2914.5,2870.8,-0.559,2026-01-13 23:17,-8614
ASIANPAINT,2026-01-27,2800.0,112.4,465500.0,90250.0,20.75,444750.0,584000.0,2880.2,2914.5,2870.8,-0.559,2026-01-13 23:17,-10460
ASIANPAINT,2026-01-27,2820.0,97.3,137750.0,63500.0,25.9,172750.0,264500.0,2880.2,2914.5,2870.8,-0.559,2026-01-13 23:17,-6622
ASIANPAINT,2026-01-27,2840.0,79.6,365000.0,138250.0,31.9,221500.0,360250.0,2880.2,2914.5,2870.8,-0.559,2026-01-13 23:17,-5579
ASIANPAINT,2026-01-27,2860.0,66.85,517750.0,244000.0,39.1,150250.0,400500.0,2880.2,2914.5,2870.8,-0.559,2026-01-13 23:17,-2057
ASIANPAINT,2026-01-27,2880.0,56.0,91500.0,485750.0,47.8,103250.0,490000.0,2880.2,2914.5,2870.8,-0.559,2026-01-13 23:17,3475
ASIANPAINT,2026-01-27,2900.0,45.8,407500.0,1494500.0,57.95,159250.0,934250.0,2880.2,2914.5,2870.8,-0.559,2026-01-13 23:17,6542
ASIANPAINT,2026-01-27,2920.0,38.2,123000.0,588750.0,68.35,46500.0,139750.0,2880.2,2914.5,2870.8,-0.559,2026-01-13 23:17,11667
ASIANPAINT,2026-01-27,2940.0,30.6,111500.0,343000.0,80.1,28500.0,27000.0,2880.2,2914.5,2870.8,-0.559,2026-01-13 23:17,16340
ASIANPAINT,2026-01-27,2960.0,24.3,105000.0,317500.0,94.85,16000.0,3500.0,2880.2,2914.5,2870.8,-0.559,2026-01-13 23:17,21254
ASIANPAINT,2026-01-27,2980.0,19.4,132250.0,327500.0,107.7,14000.0,2750.0,2880.2,2914.5,2870.8,-0.559,2026-01-13 23:17,26401
ASIANPAINT,2026-01-27,3000.0,14.8,555000.0,1571750.0,123.15,33000.0,13500.0,2880.2,2914.5,2870.8,-0.559,2026-01-13 23:17,31842
ASIANPAINT,2026-01-27,3020.0,12.0,192000.0,145000.0,178.0,1500.0,0.0,2880.2,2914.5,2870.8,-0.559,2026-01-13 23:17,38768
ASIANPAINT,2026-01-27,3040.0,9.8,152000.0,104750.0,0.0,0.0,0.0,2880.2,2914.5,2870.8,-0.559,2026-01-13 23:17,45871
ASIANPAINT,2026-01-27,3060.0,7.75,214750.0,94750.0,162.3,0.0,250.0,2880.2,2914.5,2870.8,-0.559,2026-01-13 23:17,53222
ASIANPAINT,2026-01-27,3080.0,6.1,31250.0,38750.0,0.0,0.0,0.0,2880.2,2914.5,2870.8,-0.559,2026-01-13 23:17,61021
ASIANPAINT,2026-01-27,3100.0,5.0,300750.0,220750.0,255.45,1750.0,0.0,2880.2,2914.5,2870.8,-0.559,2026-01-13 23:17,68734
ASIANPAINT,2026-01-27,3120.0,4.4,24250.0,22500.0,210.0,500.0,250.0,2880.2,2914.5,2870.8,-0.559,2026-01-13 23:17,77139
ASIANPAINT,2026-01-27,3140.0,3.75,19750.0,26250.0,348.65,750.0,0.0,2880.2,2914.5,2870.8,-0.559,2026-01-13 23:17,85488
ASIANPAINT,2026-01-27,3160.0,3.2,56750.0,40000.0,0.0,0.0,0.0,2880.2,2914.5,2870.8,-0.559,2026-01-13 23:17,93860
ASIANPAINT,2026-01-27,3180.0,2.05,19250.0,23000.0,0.0,0.0,0.0,2880.2,2914.5,2870.8,-0.559,2026-01-13 23:17,102381
ASIANPAINT,2026-01-27,3200.0,2.2,121750.0,48750.0,0.0,0.0,0.0,2880.2,2914.5,2870.8,-0.559,2026-01-13 23:17,110927
ASIANPAINT,2026-01-27,3240.0,1.6,11750.0,5250.0,0.0,0.0,0.0,2880.2,2914.5,2870.8,-0.559,2026-01-13 23:17,128525
ASIANPAINT,2026-01-27,3280.0,0.85,4250.0,2750.0,0.0,0.0,0.0,2880.2,2914.5,2870.8,-0.559,2026-01-13 23:17,146145
ASIANPAINT,2026-01-27,3320.0,1.15,15500.0,8750.0,0.0,0.0,0.0,2880.2,2914.5,2870.8,-0.559,2026-01-13 23:17,163780
ASTRAL,2026-01-27,1160.0,0.0,0.0,0.0,0.35,1700.0,0.0,1435.1,1451.0,1422.6,-0.25,2026-01-13 23:17,36766
ASTRAL,2026-01-27,1200.0,291.1,850.0,0.0,0.35,97750.0,425.0,1435.1,1451.0,1422.6,-0.25,2026-01-13 23:17,29510
ASTRAL,2026-01-27,1240.0,260.75,2975.0,0.0,1.05,25075.0,0.0,1435.1,1451.0,1422.6,-0.25,2026-01-13 23:17,22670
ASTRAL,2026-01-27,1260.0,0.0,0.0,0.0,1.05,41650.0,0.0,1435.1,1451.0,1422.6,-0.25,2026-01-13 23:17,19371
ASTRAL,2026-01-27,1280.0,221.05,2550.0,0.0,1.4,56525.0,50575.0,1435.1,1451.0,1422.6,-0.25,2026-01-13 23:17,16075
ASTRAL,2026-01-27,1300.0,144.45,16575.0,0.0,2.0,151300.0,73525.0,1435.1,1451.0,1422.6,-0.25,2026-01-13 23:17,12951
ASTRAL,2026-01-27,1320.0,125.1,3400.0,0.0,2.45,53975.0,26350.0,1435.1,1451.0,1422.6,-0.25,2026-01-13 23:17,10323
ASTRAL,2026-01-27,1340.0,157.6,34850.0,0.0,3.3,134725.0,57800.0,1435.1,1451.0,1422.6,-0.25,2026-01-13 23:17,7629
ASTRAL,2026-01-27,1360.0,89.1,62475.0,2550.0,4.75,234175.0,58650.0,1435.1,1451.0,1422.6,-0.25,2026-01-13 23:17,5751
ASTRAL,2026-01-27,1380.0,70.95,64600.0,17000.0,8.2,110075.0,40800.0,1435.1,1451.0,1422.6,-0.25,2026-01-13 23:17,4406
ASTRAL,2026-01-27,1400.0,55.65,216325.0,45050.0,12.1,217600.0,137700.0,1435.1,1451.0,1422.6,-0.25,2026-01-13 23:17,3333
ASTRAL,2026-01-27,1420.0,40.8,64600.0,81175.0,17.5,94775.0,138975.0,1435.1,1451.0,1422.6,-0.25,2026-01-13 23:17,3701
ASTRAL,2026-01-27,1440.0,29.4,132175.0,279225.0,27.05,133025.0,264350.0,1435.1,1451.0,1422.6,-0.25,2026-01-13 23:17,3545
ASTRAL,2026-01-27,1460.0,20.05,123675.0,173825.0,38.75,99450.0,73950.0,1435.1,1451.0,1422.6,-0.25,2026-01-13 23:17,3850
ASTRAL,2026-01-27,1480.0,14.05,93075.0,106250.0,50.15,68000.0,2125.0,1435.1,1451.0,1422.6,-0.25,2026-01-13 23:17,4435
ASTRAL,2026-01-27,1500.0,8.85,451350.0,351050.0,65.4,169150.0,8075.0,1435.1,1451.0,1422.6,-0.25,2026-01-13 23:17,5269
ASTRAL,2026-01-27,1520.0,5.75,238000.0,150025.0,84.7,36975.0,7225.0,1435.1,1451.0,1422.6,-0.25,2026-01-13 23:17,6848
ASTRAL,2026-01-27,1540.0,4.05,129625.0,31025.0,99.55,11475.0,1275.0,1435.1,1451.0,1422.6,-0.25,2026-01-13 23:17,9507
ASTRAL,2026-01-27,1560.0,2.75,232050.0,46750.0,119.0,11900.0,2975.0,1435.1,1451.0,1422.6,-0.25,2026-01-13 23:17,12563
ASTRAL,2026-01-27,1580.0,1.95,90525.0,47600.0,83.65,5100.0,0.0,1435.1,1451.0,1422.6,-0.25,2026-01-13 23:17,16091
ASTRAL,2026-01-27,1600.0,1.4,196775.0,63750.0,161.95,53550.0,1275.0,1435.1,1451.0,1422.6,-0.25,2026-01-13 23:17,19863
ASTRAL,2026-01-27,1620.0,1.1,78625.0,0.0,185.35,1275.0,0.0,1435.1,1451.0,1422.6,-0.25,2026-01-13 23:17,23321
ASTRAL,2026-01-27,1640.0,0.8,99025.0,425.0,148.3,2975.0,0.0,1435.1,1451.0,1422.6,-0.25,2026-01-13 23:17,27763
ASTRAL,2026-01-27,1680.0,0.5,64600.0,0.0,220.0,425.0,0.0,1435.1,1451.0,1422.6,-0.25,2026-01-13 23:17,37050
ASTRAL,2026-01-27,1720.0,0.2,11900.0,425.0,365.0,2975.0,0.0,1435.1,1451.0,1422.6,-0.25,2026-01-13 23:17,46627
AUBANK,2026-01-27,800.0,180.0,56000.0,1000.0,0.5,103000.0,82000.0,971.5,1011.0,959.65,-3.602,2026-01-13 23:17,56600
AUBANK,2026-01-27,820.0,179.95,30000.0,0.0,0.0,0.0,0.0,971.5,1011.0,959.65,-3.602,2026-01-13 23:17,49221
AUBANK,2026-01-27,840.0,128.25,30000.0,3000.0,1.1,34000.0,83000.0,971.5,1011.0,959.65,-3.602,2026-01-13 23:17,41439
AUBANK,2026-01-27,860.0,141.9,14000.0,0.0,1.55,50000.0,130000.0,971.5,1011.0,959.65,-3.602,2026-01-13 23:17,33626
AUBANK,2026-01-27,880.0,111.7,1000.0,0.0,2.5,118000.0,154000.0,971.5,1011.0,959.65,-3.602,2026-01-13 23:17,25751
AUBANK,2026-01-27,890.0,0.0,0.0,0.0,3.1,74000.0,106000.0,971.5,1011.0,959.65,-3.602,2026-01-13 23:17,21819
AUBANK,2026-01-27,900.0,75.5,110000.0,26000.0,4.2,406000.0,1341000.0,971.5,1011.0,959.65,-3.602,2026-01-13 23:17,17956
AUBANK,2026-01-27,910.0,62.35,12000.0,1000.0,5.4,142000.0,256000.0,971.5,1011.0,959.65,-3.602,2026-01-13 23:17,15292
AUBANK,2026-01-27,920.0,70.0,14000.0,0.0,7.1,250000.0,569000.0,971.5,1011.0,959.65,-3.602,2026-01-13 23:17,12120
AUBANK,2026-01-27,930.0,50.65,26000.0,24000.0,9.3,172000.0,456000.0,971.5,1011.0,959.65,-3.602,2026-01-13 23:17,9134
AUBANK,2026-01-27,940.0,46.8,24000.0,20000.0,11.95,187000.0,628000.0,971.5,1011.0,959.65,-3.602,2026-01-13 23:17,6398
AUBANK,2026-01-27,950.0,39.85,237000.0,87000.0,14.85,344000.0,1455000.0,971.5,1011.0,959.65,-3.602,2026-01-13 23:17,3790
AUBANK,2026-01-27,960.0,34.5,102000.0,229000.0,18.5,264000.0,1163000.0,971.5,1011.0,959.65,-3.602,2026-01-13 23:17,2307
AUBANK,2026-01-27,970.0,28.85,262000.0,613000.0,23.0,259000.0,2133000.0,971.5,1011.0,959.65,-3.602,2026-01-13 23:17,621
AUBANK,2026-01-27,980.0,23.75,510000.0,1531000.0,28.0,363000.0,3389000.0,971.5,1011.0,959.65,-3.602,2026-01-13 23:17,-247
AUBANK,2026-01-27,990.0,19.45,377000.0,1436000.0,34.0,256000.0,1928000.0,971.5,1011.0,959.65,-3.602,2026-01-13 23:17,-208
AUBANK,2026-01-27,1000.0,15.9,1685000.0,3566000.0,40.2,722000.0,1591000.0,971.5,1011.0,959.65,-3.602,2026-01-13 23:17,131
AUBANK,2026-01-27,1010.0,12.4,410000.0,1312000.0,46.85,190000.0,155000.0,971.5,1011.0,959.65,-3.602,2026-01-13 23:17,2792
AUBANK,2026-01-27,1020.0,10.15,596000.0,1776000.0,54.2,199000.0,148000.0,971.5,1011.0,959.65,-3.602,2026-01-13 23:17,5894
AUBANK,2026-01-27,1030.0,8.0,283000.0,976000.0,67.0,98000.0,6000.0,971.5,1011.0,959.65,-3.602,2026-01-13 23:17,9699
AUBANK,2026-01-27,1040.0,6.3,338000.0,882000.0,77.0,54000.0,11000.0,971.5,1011.0,959.65,-3.602,2026-01-13 23:17,13929
AUBANK,2026-01-27,1050.0,5.0,305000.0,1031000.0,63.85,24000.0,0.0,971.5,1011.0,959.65,-3.602,2026-01-13 23:17,18778
AUBANK,2026-01-27,1060.0,4.1,329000.0,592000.0,60.5,7000.0,0.0,971.5,1011.0,959.65,-3.602,2026-01-13 23:17,24158
AUBANK,2026-01-27,1070.0,3.3,135000.0,275000.0,98.0,9000.0,5000.0,971.5,1011.0,959.65,-3.602,2026-01-13 23:17,29968
AUBANK,2026-01-27,1080.0,2.65,428000.0,469000.0,0.0,0.0,0.0,971.5,1011.0,959.65,-3.602,2026-01-13 23:17,35785
AUBANK,2026-01-27,1090.0,2.15,66000.0,117000.0,0.0,0.0,0.0,971.5,1011.0,959.65,-3.602,2026-01-13 23:17,42188
AUBANK,2026-01-27,1100.0,1.85,648000.0,618000.0,98.7,23000.0,0.0,971.5,1011.0,959.65,-3.602,2026-01-13 23:17,48557
AUBANK,2026-01-27,1110.0,1.5,22000.0,44000.0,0.0,0.0,0.0,971.5,1011.0,959.65,-3.602,2026-01-13 23:17,55476
AUBANK,2026-01-27,1120.0,1.25,190000.0,116000.0,103.15,1000.0,0.0,971.5,1011.0,959.65,-3.602,2026-01-13 23:17,62527
AUBANK,2026-01-27,1140.0,0.9,210000.0,92000.0,142.4,1000.0,0.0,971.5,1011.0,959.65,-3.602,2026-01-13 23:17,77019
AUBANK,2026-01-27,1160.0,0.7,21000.0,25000.0,0.0,0.0,0.0,971.5,1011.0,959.65,-3.602,2026-01-13 23:17,91923
AUROPHARMA,2026-01-27,960.0,210.95,550.0,1650.0,2.05,550.0,0.0,1161.4,1185.0,1154.4,-0.98,2026-01-13 23:17,54204
AUROPHARMA,2026-01-27,1000.0,240.0,1100.0,0.0,0.85,7150.0,0.0,1161.4,1185.0,1154.4,-0.98,2026-01-13 23:17,43169
AUROPHARMA,2026-01-27,1020.0,0.0,0.0,0.0,0.9,3850.0,0.0,1161.4,1185.0,1154.4,-0.98,2026-01-13 23:17,37689
AUROPHARMA,2026-01-27,1040.0,161.0,550.0,0.0,0.8,25300.0,0.0,1161.4,1185.0,1154.4,-0.98,2026-01-13 23:17,32189
AUROPHARMA,2026-01-27,1050.0,0.0,0.0,0.0,0.0,0.0,0.0,1161.4,1185.0,1154.4,-0.98,2026-01-13 23:17,29473
AUROPHARMA,2026-01-27,1060.0,135.9,6050.0,0.0,2.15,63800.0,29150.0,1161.4,1185.0,1154.4,-0.98,2026-01-13 23:17,26749
AUROPHARMA,2026-01-27,1070.0,0.0,0.0,0.0,0.0,0.0,0.0,1161.4,1185.0,1154.4,-0.98,2026-01-13 23:17,24164
AUROPHARMA,2026-01-27,1080.0,113.95,1650.0,0.0,3.4,53900.0,90750.0,1161.4,1185.0,1154.4,-0.98,2026-01-13 23:17,21510
AUROPHARMA,2026-01-27,1090.0,0.0,0.0,0.0,4.05,25850.0,47300.0,1161.4,1185.0,1154.4,-0.98,2026-01-13 23:17,18912
AUROPHARMA,2026-01-27,1100.0,82.8,17050.0,0.0,5.55,452100.0,381700.0,1161.4,1185.0,1154.4,-0.98,2026-01-13 23:17,16329
AUROPHARMA,2026-01-27,1110.0,60.65,1100.0,1650.0,6.45,63250.0,92950.0,1161.4,1185.0,1154.4,-0.98,2026-01-13 23:17,14117
AUROPHARMA,2026-01-27,1120.0,77.05,4950.0,0.0,8.6,184800.0,211750.0,1161.4,1185.0,1154.4,-0.98,2026-01-13 23:17,12044
AUROPHARMA,2026-01-27,1130.0,0.0,0.0,0.0,10.95,20900.0,172700.0,1161.4,1185.0,1154.4,-0.98,2026-01-13 23:17,10074
AUROPHARMA,2026-01-27,1140.0,52.3,9350.0,0.0,13.7,79750.0,195250.0,1161.4,1185.0,1154.4,-0.98,2026-01-13 23:17,8223
AUROPHARMA,2026-01-27,1150.0,34.5,61600.0,37400.0,17.35,119900.0,279400.0,1161.4,1185.0,1154.4,-0.98,2026-01-13 23:17,6423
AUROPHARMA,2026-01-27,1160.0,29.45,158950.0,543950.0,19.4,121000.0,418550.0,1161.4,1185.0,1154.4,-0.98,2026-01-13 23:17,4870
AUROPHARMA,2026-01-27,1170.0,24.3,68200.0,410300.0,26.4,121000.0,329450.0,1161.4,1185.0,1154.4,-0.98,2026-01-13 23:17,3826
AUROPHARMA,2026-01-27,1180.0,19.75,156750.0,685850.0,31.35,140250.0,183150.0,1161.4,1185.0,1154.4,-0.98,2026-01-13 23:17,2584
AUROPHARMA,2026-01-27,1190.0,16.05,39050.0,91300.0,35.2,54450.0,3300.0,1161.4,1185.0,1154.4,-0.98,2026-01-13 23:17,1662
AUROPHARMA,2026-01-27,1200.0,12.9,578600.0,1325500.0,45.05,460350.0,96250.0,1161.4,1185.0,1154.4,-0.98,2026-01-13 23:17,835
AUROPHARMA,2026-01-27,1210.0,10.0,75900.0,90200.0,47.75,69300.0,0.0,1161.4,1185.0,1154.4,-0.98,2026-01-13 23:17,-150
AUROPHARMA,2026-01-27,1220.0,7.95,530200.0,386650.0,61.25,180400.0,41800.0,1161.4,1185.0,1154.4,-0.98,2026-01-13 23:17,80
AUROPHARMA,2026-01-27,1230.0,6.7,153450.0,128150.0,59.35,55000.0,0.0,1161.4,1185.0,1154.4,-0.98,2026-01-13 23:17,593
AUROPHARMA,2026-01-27,1240.0,5.25,550000.0,326700.0,78.9,101750.0,4400.0,1161.4,1185.0,1154.4,-0.98,2026-01-13 23:17,1775
AUROPHARMA,2026-01-27,1250.0,4.6,399300.0,327800.0,90.2,63250.0,1650.0,1161.4,1185.0,1154.4,-0.98,2026-01-13 23:17,3318
AUROPHARMA,2026-01-27,1260.0,3.8,1284250.0,383350.0,97.35,119900.0,9900.0,1161.4,1185.0,1154.4,-0.98,2026-01-13 23:17,5450
AUROPHARMA,2026-01-27,1270.0,3.0,151800.0,40700.0,94.05,23100.0,0.0,1161.4,1185.0,1154.4,-0.98,2026-01-13 23:17,8695
AUROPHARMA,2026-01-27,1280.0,2.6,312400.0,160600.0,103.1,87450.0,0.0,1161.4,1185.0,1154.4,-0.98,2026-01-13 23:17,12622
AUROPHARMA,2026-01-27,1290.0,2.4,38500.0,26400.0,0.0,0.0,0.0,1161.4,1185.0,1154.4,-0.98,2026-01-13 23:17,16300
AUROPHARMA,2026-01-27,1300.0,2.05,623700.0,303050.0,68.1,47300.0,0.0,1161.4,1185.0,1154.4,-0.98,2026-01-13 23:17,20846
AUROPHARMA,2026-01-27,1310.0,1.85,75900.0,23650.0,0.0,0.0,0.0,1161.4,1185.0,1154.4,-0.98,2026-01-13 23:17,25860
AUROPHARMA,2026-01-27,1320.0,1.65,238150.0,66000.0,90.5,4400.0,0.0,1161.4,1185.0,1154.4,-0.98,2026-01-13 23:17,31158
AUROPHARMA,2026-01-27,1330.0,1.0,56100.0,15400.0,0.0,0.0,0.0,1161.4,1185.0,1154.4,-0.98,2026-01-13 23:17,36684
AUROPHARMA,2026-01-27,1340.0,1.3,164450.0,48400.0,141.75,7700.0,0.0,1161.4,1185.0,1154.4,-0.98,2026-01-13 23:17,42272
AUROPHARMA,2026-01-27,1350.0,1.45,22000.0,17600.0,185.55,4950.0,1650.0,1161.4,1185.0,1154.4,-0.98,2026-01-13 23:17,47938
AUROPHARMA,2026-01-27,1360.0,1.1,134200.0,13750.0,0.0,0.0,0.0,1161.4,1185.0,1154.4,-0.98,2026-01-13 23:17,53631
AUROPHARMA,2026-01-27,1380.0,0.7,7700.0,550.0,0.0,0.0,0.0,1161.4,1185.0,1154.4,-0.98,2026-01-13 23:17,65478
AUROPHARMA,2026-01-27,1400.0,0.65,80300.0,18150.0,0.0,0.0,0.0,1161.4,1185.0,1154.4,-0.98,2026-01-13 23:17,77325
AUROPHARMA,2026-01-27,1420.0,0.0,0.0,0.0,0.0,0.0,0.0,1161.4,1185.0,1154.4,-0.98,2026-01-13 23:17,89338
AXISBANK,2026-01-27,1060.0,207.0,625.0,0.0,0.0,0.0,0.0,1262.4,1284.0,1258.7,-0.926,2026-01-13 23:17,207201
AXISBANK,2026-01-27,1080.0,160.9,1875.0,0.0,0.4,6250.0,625.0,1262.4,1284.0,1258.7,-0.926,2026-01-13 23:17,182341
AXISBANK,2026-01-27,1090.0,0.0,0.0,0.0,0.6,80625.0,0.0,1262.4,1284.0,1258.7,-0.926,2026-01-13 23:17,169942
AXISBANK,2026-01-27,1100.0,174.1,4375.0,0.0,0.5,148750.0,6875.0,1262.4,1284.0,1258.7,-0.926,2026-01-13 23:17,157589
AXISBANK,2026-01-27,1110.0,134.0,1875.0,0.0,0.75,11250.0,2500.0,1262.4,1284.0,1258.7,-0.926,2026-01-13 23:17,145462
AXISBANK,2026-01-27,1120.0,0.0,0.0,0.0,0.65,89375.0,5625.0,1262.4,1284.0,1258.7,-0.926,2026-01-13 23:17,133305
AXISBANK,2026-01-27,1130.0,106.0,1250.0,0.0,0.85,48750.0,38125.0,1262.4,1284.0,1258.7,-0.926,2026-01-13 23:17,121207
AXISBANK,2026-01-27,1140.0,99.0,1875.0,0.0,0.95,76250.0,61875.0,1262.4,1284.0,1258.7,-0.926,2026-01-13 23:17,109173
AXISBANK,2026-01-27,1150.0,120.0,35625.0,625.0,1.15,176875.0,53750.0,1262.4,1284.0,1258.7,-0.926,2026-01-13 23:17,97220
AXISBANK,2026-01-27,1160.0,86.45,6875.0,0.0,1.3,261250.0,35625.0,1262.4,1284.0,1258.7,-0.926,2026-01-13 23:17,85875
AXISBANK,2026-01-27,1170.0,76.7,2500.0,0.0,1.55,395625.0,53125.0,1262.4,1284.0,1258.7,-0.926,2026-01-13 23:17,74417
AXISBANK,2026-01-27,1180.0,97.0,8125.0,0.0,1.9,288750.0,213125.0,1262.4,1284.0,1258.7,-0.926,2026-01-13 23:17,63289
AXISBANK,2026-01-27,1190.0,100.0,6250.0,0.0,2.5,195625.0,163750.0,1262.4,1284.0,1258.7,-0.926,2026-01-13 23:17,52525
AXISBANK,2026-01-27,1200.0,70.6,303125.0,25625.0,3.2,741250.0,765625.0,1262.4,1284.0,1258.7,-0.926,2026-01-13 23:17,41951
AXISBANK,2026-01-27,1210.0,70.95,15000.0,0.0,4.25,169375.0,114375.0,1262.4,1284.0,1258.7,-0.926,2026-01-13 23:17,34312
AXISBANK,2026-01-27,1220.0,60.4,103750.0,5625.0,5.45,309375.0,415625.0,1262.4,1284.0,1258.7,-0.926,2026-01-13 23:17,24988
AXISBANK,2026-01-27,1230.0,44.55,324375.0,194375.0,7.2,843125.0,405000.0,1262.4,1284.0,1258.7,-0.926,2026-01-13 23:17,16501
AXISBANK,2026-01-27,1240.0,36.95,515625.0,96875.0,9.3,800000.0,926875.0,1262.4,1284.0,1258.7,-0.926,2026-01-13 23:17,9562
AXISBANK,2026-01-27,1250.0,29.85,532500.0,316875.0,12.35,951875.0,1153125.0,1262.4,1284.0,1258.7,-0.926,2026-01-13 23:17,4261
AXISBANK,2026-01-27,1260.0,23.7,661875.0,610625.0,16.1,1365625.0,2171250.0,1262.4,1284.0,1258.7,-0.926,2026-01-13 23:17,-302
AXISBANK,2026-01-27,1270.0,18.3,1206875.0,1474375.0,20.65,1118125.0,1711875.0,1262.4,1284.0,1258.7,-0.926,2026-01-13 23:17,-3882
AXISBANK,2026-01-27,1280.0,13.4,2792500.0,2245000.0,25.95,1343750.0,1175625.0,1262.4,1284.0,1258.7,-0.926,2026-01-13 23:17,-4607
AXISBANK,2026-01-27,1290.0,9.85,1486250.0,1558750.0,31.8,862500.0,823125.0,1262.4,1284.0,1258.7,-0.926,2026-01-13 23:17,-841
AXISBANK,2026-01-27,1300.0,6.6,8816875.0,3959375.0,38.7,1626250.0,775000.0,1262.4,1284.0,1258.7,-0.926,2026-01-13 23:17,3739
AXISBANK,2026-01-27,1310.0,4.45,4328750.0,1739375.0,47.35,351875.0,35625.0,1262.4,1284.0,1258.7,-0.926,2026-01-13 23:17,19568
AXISBANK,2026-01-27,1320.0,3.25,2355000.0,1568125.0,56.5,101250.0,35625.0,1262.4,1284.0,1258.7,-0.926,2026-01-13 23:17,40812
AXISBANK,2026-01-27,1330.0,2.35,1363750.0,725625.0,50.35,31250.0,625.0,1262.4,1284.0,1258.7,-0.926,2026-01-13 23:17,64445
AXISBANK,2026-01-27,1340.0,1.85,730625.0,622500.0,65.6,26250.0,0.0,1262.4,1284.0,1258.7,-0.926,2026-01-13 23:17,89443
AXISBANK,2026-01-27,1350.0,1.6,1752500.0,581250.0,109.25,625.0,0.0,1262.4,1284.0,1258.7,-0.926,2026-01-13 23:17,114998
AXISBANK,2026-01-27,1360.0,1.2,896875.0,220625.0,68.4,5625.0,0.0,1262.4,1284.0,1258.7,-0.926,2026-01-13 23:17,142617
AXISBANK,2026-01-27,1370.0,1.05,288125.0,232500.0,87.5,1250.0,625.0,1262.4,1284.0,1258.7,-0.926,2026-01-13 23:17,170933
AXISBANK,2026-01-27,1380.0,0.85,713750.0,188750.0,0.0,0.0,0.0,1262.4,1284.0,1258.7,-0.926,2026-01-13 23:17,199490
AXISBANK,2026-01-27,1390.0,0.7,445625.0,71875.0,0.0,0.0,0.0,1262.4,1284.0,1258.7,-0.926,2026-01-13 23:17,228801
AXISBANK,2026-01-27,1400.0,0.75,1201250.0,276250.0,114.95,8125.0,0.0,1262.4,1284.0,1258.7,-0.926,2026-01-13 23:17,258528
AXISBANK,2026-01-27,1410.0,0.6,35000.0,10625.0,0.0,0.0,0.0,1262.4,1284.0,1258.7,-0.926,2026-01-13 23:17,289431
AXISBANK,2026-01-27,1420.0,0.45,144375.0,52500.0,0.0,0.0,0.0,1262.4,1284.0,1258.7,-0.926,2026-01-13 23:17,320373
AXISBANK,2026-01-27,1440.0,0.4,78125.0,29375.0,155.0,625.0,0.0,1262.4,1284.0,1258.7,-0.926,2026-01-13 23:17,382550
AXISBANK,2026-01-27,1460.0,0.3,42500.0,16875.0,0.0,0.0,0.0,1262.4,1284.0,1258.7,-0.926,2026-01-13 23:17,444871
AXISBANK,2026-01-27,1480.0,0.0,0.0,0.0,0.0,0.0,0.0,1262.4,1284.0,1258.7,-0.926,2026-01-13 23:17,507285
AXISBANK,2026-01-27,1500.0,0.0,0.0,0.0,0.0,0.0,0.0,1262.4,1284.0,1258.7,-0.926,2026-01-13 23:17,569697
BAJAJ-AUTO,2026-01-27,7400.0,1690.0,75.0,0.0,0.0,0.0,0.0,9550.0,9576.5,9458.5,0.622,2026-01-13 23:17,158156
BAJAJ-AUTO,2026-01-27,7600.0,0.0,0.0,0.0,0.75,15375.0,0.0,9550.0,9576.5,9458.5,0.622,2026-01-13 23:17,138403
BAJAJ-AUTO,2026-01-27,7800.0,1085.0,75.0,0.0,3.9,1950.0,0.0,9550.0,9576.5,9458.5,0.622,2026-01-13 23:17,118944
BAJAJ-AUTO,2026-01-27,7900.0,0.0,0.0,0.0,1.15,7725.0,0.0,9550.0,9576.5,9458.5,0.622,2026-01-13 23:17,109243
BAJAJ-AUTO,2026-01-27,8000.0,1100.0,300.0,0.0,2.45,16125.0,450.0,9550.0,9576.5,9458.5,0.622,2026-01-13 23:17,99611
BAJAJ-AUTO,2026-01-27,8100.0,0.0,0.0,0.0,2.15,4050.0,0.0,9550.0,9576.5,9458.5,0.622,2026-01-13 23:17,90172
BAJAJ-AUTO,2026-01-27,8200.0,0.0,0.0,0.0,2.0,6375.0,75.0,9550.0,9576.5,9458.5,0.622,2026-01-13 23:17,80745
BAJAJ-AUTO,2026-01-27,8300.0,0.0,0.0,0.0,3.15,4050.0,1875.0,9550.0,9576.5,9458.5,0.622,2026-01-13 23:17,71380
BAJAJ-AUTO,2026-01-27,8400.0,0.0,0.0,0.0,5.2,29625.0,2700.0,9550.0,9576.5,9458.5,0.622,2026-01-13 23:17,62057
BAJAJ-AUTO,2026-01-27,8500.0,920.0,2250.0,0.0,7.2,64500.0,9675.0,9550.0,9576.5,9458.5,0.622,2026-01-13 23:17,53015
BAJAJ-AUTO,2026-01-27,8600.0,1115.65,1500.0,0.0,7.0,22200.0,10425.0,9550.0,9576.5,9458.5,0.622,2026-01-13 23:17,44817
BAJAJ-AUTO,2026-01-27,8700.0,765.0,375.0,0.0,8.1,21225.0,2925.0,9550.0,9576.5,9458.5,0.622,2026-01-13 23:17,36847
BAJAJ-AUTO,2026-01-27,8800.0,692.4,7275.0,3675.0,9.7,80175.0,26850.0,9550.0,9576.5,9458.5,0.622,2026-01-13 23:17,28953
BAJAJ-AUTO,2026-01-27,8900.0,650.5,4125.0,0.0,14.25,32400.0,24375.0,9550.0,9576.5,9458.5,0.622,2026-01-13 23:17,22347
BAJAJ-AUTO,2026-01-27,9000.0,570.0,29625.0,2550.0,20.1,90525.0,88275.0,9550.0,9576.5,9458.5,0.622,2026-01-13 23:17,15903
BAJAJ-AUTO,2026-01-27,9100.0,491.05,17625.0,3000.0,28.9,61050.0,54825.0,9550.0,9576.5,9458.5,0.622,2026-01-13 23:17,11946
BAJAJ-AUTO,2026-01-27,9200.0,404.45,34950.0,3750.0,43.25,69375.0,73875.0,9550.0,9576.5,9458.5,0.622,2026-01-13 23:17,7957
BAJAJ-AUTO,2026-01-27,9300.0,311.15,63675.0,9600.0,63.0,60675.0,112950.0,9550.0,9576.5,9458.5,0.622,2026-01-13 23:17,5436
BAJAJ-AUTO,2026-01-27,9400.0,245.25,48375.0,55575.0,90.4,67500.0,181350.0,9550.0,9576.5,9458.5,0.622,2026-01-13 23:17,4644
BAJAJ-AUTO,2026-01-27,9500.0,182.15,98175.0,301650.0,132.6,100425.0,166125.0,9550.0,9576.5,9458.5,0.622,2026-01-13 23:17,3988
BAJAJ-AUTO,2026-01-27,9600.0,136.6,93000.0,225750.0,182.9,47700.0,63150.0,9550.0,9576.5,9458.5,0.622,2026-01-13 23:17,5198
BAJAJ-AUTO,2026-01-27,9700.0,96.3,129000.0,216000.0,250.6,57000.0,30975.0,9550.0,9576.5,9458.5,0.622,2026-01-13 23:17,7757
BAJAJ-AUTO,2026-01-27,9800.0,67.6,173850.0,151800.0,316.35,66000.0,10125.0,9550.0,9576.5,9458.5,0.622,2026-01-13 23:17,11592
BAJAJ-AUTO,2026-01-27,9900.0,46.85,87750.0,120825.0,386.95,21975.0,600.0,9550.0,9576.5,9458.5,0.622,2026-01-13 23:17,17098
BAJAJ-AUTO,2026-01-27,10000.0,33.9,248100.0,258300.0,464.8,30300.0,6900.0,9550.0,9576.5,9458.5,0.622,2026-01-13 23:17,24175
BAJAJ-AUTO,2026-01-27,10100.0,23.4,39675.0,72525.0,702.1,3675.0,0.0,9550.0,9576.5,9458.5,0.622,2026-01-13 23:17,33909
BAJAJ-AUTO,2026-01-27,10200.0,17.9,67950.0,40800.0,614.95,600.0,0.0,9550.0,9576.5,9458.5,0.622,2026-01-13 23:17,44477
BAJAJ-AUTO,2026-01-27,10300.0,15.0,24300.0,42675.0,0.0,0.0,0.0,9550.0,9576.5,9458.5,0.622,2026-01-13 23:17,55982
BAJAJ-AUTO,2026-01-27,10400.0,10.2,45675.0,24825.0,888.0,2550.0,0.0,9550.0,9576.5,9458.5,0.622,2026-01-13 23:17,67681
BAJAJ-AUTO,2026-01-27,10500.0,8.55,49800.0,37200.0,945.8,2700.0,0.0,9550.0,9576.5,9458.5,0.622,2026-01-13 23:17,79645
BAJAJ-AUTO,2026-01-27,10600.0,5.9,113850.0,6675.0,800.0,150.0,0.0,9550.0,9576.5,9458.5,0.622,2026-01-13 23:17,92102
BAJAJ-AUTO,2026-01-27,10700.0,4.75,32775.0,150.0,0.0,0.0,0.0,9550.0,9576.5,9458.5,0.622,2026-01-13 23:17,105967
BAJAJ-AUTO,2026-01-27,10800.0,3.85,20850.0,13125.0,1365.15,75.0,0.0,9550.0,9576.5,9458.5,0.622,2026-01-13 23:17,120120
BAJAJ-AUTO,2026-01-27,11000.0,3.4,26325.0,3150.0,1240.0,300.0,0.0,9550.0,9576.5,9458.5,0.622,2026-01-13 23:17,148812
BAJAJ-AUTO,2026-01-27,11200.0,3.0,1500.0,75.0,0.0,0.0,0.0,9550.0,9576.5,9458.5,0.622,2026-01-13 23:17,178009
BAJAJFINSV,2026-01-27,1680.0,0.0,0.0,0.0,0.0,0.0,0.0,2007.0,2016.0,1991.0,0.405,2026-01-13 23:17,81099
BAJAJFINSV,2026-01-27,1720.0,267.4,13250.0,0.0,0.0,0.0,0.0,2007.0,2016.0,1991.0,0.405,2026-01-13 23:17,68728
BAJAJFINSV,2026-01-27,1760.0,236.0,8000.0,0.0,0.65,11250.0,250.0,2007.0,2016.0,1991.0,0.405,2026-01-13 23:17,56764
BAJAJFINSV,2026-01-27,1800.0,184.4,22000.0,0.0,0.75,129000.0,30750.0,2007.0,2016.0,1991.0,0.405,2026-01-13 23:17,44711
BAJAJFINSV,2026-01-27,1820.0,184.5,1500.0,2000.0,1.1,16000.0,16000.0,2007.0,2016.0,1991.0,0.405,2026-01-13 23:17,39289
BAJAJFINSV,2026-01-27,1840.0,0.0,0.0,0.0,1.3,270500.0,20500.0,2007.0,2016.0,1991.0,0.405,2026-01-13 23:17,33531
BAJAJFINSV,2026-01-27,1860.0,124.85,500.0,0.0,1.85,194250.0,18000.0,2007.0,2016.0,1991.0,0.405,2026-01-13 23:17,28253
BAJAJFINSV,2026-01-27,1880.0,133.2,2500.0,1250.0,2.7,42500.0,38000.0,2007.0,2016.0,1991.0,0.405,2026-01-13 23:17,23371
BAJAJFINSV,2026-01-27,1900.0,114.55,91500.0,11500.0,3.85,360000.0,116250.0,2007.0,2016.0,1991.0,0.405,2026-01-13 23:17,18630
BAJAJFINSV,2026-01-27,1920.0,84.6,5000.0,0.0,5.7,67500.0,70750.0,2007.0,2016.0,1991.0,0.405,2026-01-13 23:17,15679
BAJAJFINSV,2026-01-27,1940.0,79.45,18750.0,2000.0,8.75,151000.0,76750.0,2007.0,2016.0,1991.0,0.405,2026-01-13 23:17,11968
BAJAJFINSV,2026-01-27,1960.0,65.4,56500.0,11250.0,12.25,225250.0,159500.0,2007.0,2016.0,1991.0,0.405,2026-01-13 23:17,8609
BAJAJFINSV,2026-01-27,1980.0,49.5,82000.0,130750.0,18.1,131500.0,219500.0,2007.0,2016.0,1991.0,0.405,2026-01-13 23:17,5891
BAJAJFINSV,2026-01-27,2000.0,37.4,458500.0,1536000.0,25.95,510250.0,720500.0,2007.0,2016.0,1991.0,0.405,2026-01-13 23:17,3674
BAJAJFINSV,2026-01-27,2020.0,26.45,602750.0,1080000.0,35.0,268500.0,108250.0,2007.0,2016.0,1991.0,0.405,2026-01-13 23:17,3617
BAJAJFINSV,2026-01-27,2040.0,18.8,616750.0,454000.0,47.05,205500.0,26500.0,2007.0,2016.0,1991.0,0.405,2026-01-13 23:17,5566
BAJAJFINSV,2026-01-27,2060.0,13.15,472000.0,414000.0,60.85,161000.0,9000.0,2007.0,2016.0,1991.0,0.405,2026-01-13 23:17,8699
BAJAJFINSV,2026-01-27,2080.0,9.0,1131750.0,417000.0,76.55,71000.0,23250.0,2007.0,2016.0,1991.0,0.405,2026-01-13 23:17,12545
BAJAJFINSV,2026-01-27,2100.0,6.2,783750.0,599000.0,93.55,103000.0,20750.0,2007.0,2016.0,1991.0,0.405,2026-01-13 23:17,19631
BAJAJFINSV,2026-01-27,2120.0,4.45,149500.0,148750.0,110.85,10750.0,7750.0,2007.0,2016.0,1991.0,0.405,2026-01-13 23:17,27538
BAJAJFINSV,2026-01-27,2140.0,3.1,100250.0,58000.0,131.0,8250.0,0.0,2007.0,2016.0,1991.0,0.405,2026-01-13 23:17,36190
BAJAJFINSV,2026-01-27,2160.0,2.3,82250.0,30750.0,159.0,2500.0,0.0,2007.0,2016.0,1991.0,0.405,2026-01-13 23:17,45035
BAJAJFINSV,2026-01-27,2180.0,1.75,86750.0,21000.0,160.0,750.0,0.0,2007.0,2016.0,1991.0,0.405,2026-01-13 23:17,54106
BAJAJFINSV,2026-01-27,2200.0,1.4,279750.0,302000.0,189.2,47250.0,11750.0,2007.0,2016.0,1991.0,0.405,2026-01-13 23:17,63376
BAJAJFINSV,2026-01-27,2220.0,0.8,382000.0,342000.0,0.0,0.0,0.0,2007.0,2016.0,1991.0,0.405,2026-01-13 23:17,72441
BAJAJFINSV,2026-01-27,2240.0,0.8,84500.0,2500.0,243.0,14250.0,0.0,2007.0,2016.0,1991.0,0.405,2026-01-13 23:17,83156
BAJAJFINSV,2026-01-27,2260.0,0.55,161000.0,15500.0,260.5,13750.0,0.0,2007.0,2016.0,1991.0,0.405,2026-01-13 23:17,93699
BAJAJFINSV,2026-01-27,2280.0,0.3,41250.0,10250.0,0.0,0.0,0.0,2007.0,2016.0,1991.0,0.405,2026-01-13 23:17,104581
BAJAJFINSV,2026-01-27,2300.0,0.45,10750.0,750.0,241.0,8500.0,0.0,2007.0,2016.0,1991.0,0.405,2026-01-13 23:17,115896
BAJAJFINSV,2026-01-27,2320.0,0.25,5500.0,500.0,0.0,0.0,0.0,2007.0,2016.0,1991.0,0.405,2026-01-13 23:17,127044
BAJAJFINSV,2026-01-27,2360.0,0.2,8250.0,1250.0,236.8,250.0,0.0,2007.0,2016.0,1991.0,0.405,2026-01-13 23:17,149772
BAJAJFINSV,2026-01-27,2400.0,0.3,31500.0,0.0,312.5,65500.0,0.0,2007.0,2016.0,1991.0,0.405,2026-01-13 23:17,172527
BAJAJFINSV,2026-01-27,2440.0,0.25,5250.0,0.0,433.0,3000.0,1000.0,2007.0,2016.0,1991.0,0.405,2026-01-13 23:17,193630
BAJAJHLDNG,2026-01-27,9200.0,0.0,0.0,0.0,0.0,0.0,0.0,10798.0,10980.0,10624.0,0.493,2026-01-13 23:17,12244
BAJAJHLDNG,2026-01-27,9400.0,0.0,0.0,0.0,0.0,0.0,0.0,10798.0,10980.0,10624.0,0.493,2026-01-13 23:17,10570
BAJAJHLDNG,2026-01-27,9600.0,1160.9,0.0,150.0,26.0,2500.0,4050.0,10798.0,10980.0,10624.0,0.493,2026-01-13 23:17,8896
BAJAJHLDNG,2026-01-27,9700.0,0.0,0.0,0.0,0.0,0.0,0.0,10798.0,10980.0,10624.0,0.493,2026-01-13 23:17,8078
BAJAJHLDNG,2026-01-27,9800.0,0.0,0.0,0.0,40.0,700.0,950.0,10798.0,10980.0,10624.0,0.493,2026-01-13 23:17,7266
BAJAJHLDNG,2026-01-27,9900.0,0.0,0.0,0.0,0.0,0.0,0.0,10798.0,10980.0,10624.0,0.493,2026-01-13 23:17,6458
BAJAJHLDNG,2026-01-27,10000.0,811.8,100.0,250.0,47.5,6450.0,8650.0,10798.0,10980.0,10624.0,0.493,2026-01-13 23:17,5653
BAJAJHLDNG,2026-01-27,10100.0,0.0,0.0,0.0,42.0,150.0,0.0,10798.0,10980.0,10624.0,0.493,2026-01-13 23:17,4891
BAJAJHLDNG,2026-01-27,10200.0,0.0,0.0,0.0,78.55,2250.0,1500.0,10798.0,10980.0,10624.0,0.493,2026-01-13 23:17,4152
BAJAJHLDNG,2026-01-27,10300.0,0.0,0.0,0.0,34.3,500.0,0.0,10798.0,10980.0,10624.0,0.493,2026-01-13 23:17,3419
BAJAJHLDNG,2026-01-27,10400.0,0.0,0.0,0.0,44.8,500.0,0.0,10798.0,10980.0,10624.0,0.493,2026-01-13 23:17,2707
BAJAJHLDNG,2026-01-27,10500.0,450.0,450.0,2650.0,136.8,14200.0,19800.0,10798.0,10980.0,10624.0,0.493,2026-01-13 23:17,1999
BAJAJHLDNG,2026-01-27,10600.0,387.85,250.0,0.0,232.95,3000.0,500.0,10798.0,10980.0,10624.0,0.493,2026-01-13 23:17,1266
BAJAJHLDNG,2026-01-27,10700.0,329.15,1900.0,3600.0,217.55,750.0,2450.0,10798.0,10980.0,10624.0,0.493,2026-01-13 23:17,680
BAJAJHLDNG,2026-01-27,10800.0,267.55,5600.0,10600.0,227.5,5900.0,4050.0,10798.0,10980.0,10624.0,0.493,2026-01-13 23:17,226
BAJAJHLDNG,2026-01-27,10900.0,227.3,2350.0,3250.0,360.0,1650.0,1900.0,10798.0,10980.0,10624.0,0.493,2026-01-13 23:17,-143
BAJAJHLDNG,2026-01-27,11000.0,189.9,13750.0,46000.0,357.4,13500.0,2500.0,10798.0,10980.0,10624.0,0.493,2026-01-13 23:17,-494
BAJAJHLDNG,2026-01-27,11100.0,153.4,2900.0,2650.0,422.05,2150.0,200.0,10798.0,10980.0,10624.0,0.493,2026-01-13 23:17,-787
BAJAJHLDNG,2026-01-27,11200.0,123.0,7650.0,3650.0,625.45,3450.0,950.0,10798.0,10980.0,10624.0,0.493,2026-01-13 23:17,-856
BAJAJHLDNG,2026-01-27,11300.0,99.0,24950.0,5500.0,587.65,11300.0,850.0,10798.0,10980.0,10624.0,0.493,2026-01-13 23:17,-888
BAJAJHLDNG,2026-01-27,11400.0,80.0,14800.0,11350.0,717.6,1900.0,500.0,10798.0,10980.0,10624.0,0.493,2026-01-13 23:17,-854
BAJAJHLDNG,2026-01-27,11500.0,63.95,54150.0,53300.0,727.85,6200.0,400.0,10798.0,10980.0,10624.0,0.493,2026-01-13 23:17,-253
BAJAJHLDNG,2026-01-27,11600.0,52.0,14800.0,12800.0,912.8,1950.0,150.0,10798.0,10980.0,10624.0,0.493,2026-01-13 23:17,863
BAJAJHLDNG,2026-01-27,11700.0,40.05,10050.0,2050.0,0.0,0.0,0.0,10798.0,10980.0,10624.0,0.493,2026-01-13 23:17,2151
BAJAJHLDNG,2026-01-27,11800.0,36.0,16250.0,12700.0,711.25,4700.0,0.0,10798.0,10980.0,10624.0,0.493,2026-01-13 23:17,3681
BAJAJHLDNG,2026-01-27,11900.0,23.8,2650.0,3000.0,0.0,0.0,0.0,10798.0,10980.0,10624.0,0.493,2026-01-13 23:17,5105
BAJAJHLDNG,2026-01-27,12000.0,26.15,44000.0,34200.0,0.0,0.0,0.0,10798.0,10980.0,10624.0,0.493,2026-01-13 23:17,6837
BAJAJHLDNG,2026-01-27,12100.0,17.25,3150.0,2950.0,0.0,0.0,0.0,10798.0,10980.0,10624.0,0.493,2026-01-13 23:17,9118
BAJAJHLDNG,2026-01-27,12200.0,19.95,3950.0,3850.0,0.0,0.0,0.0,10798.0,10980.0,10624.0,0.493,2026-01-13 23:17,11321
BAJAJHLDNG,2026-01-27,12300.0,19.0,850.0,350.0,0.0,0.0,0.0,10798.0,10980.0,10624.0,0.493,2026-01-13 23:17,13566
BAJAJHLDNG,2026-01-27,12400.0,17.2,10650.0,82200.0,0.0,0.0,0.0,10798.0,10980.0,10624.0,0.493,2026-01-13 23:17,15813
BAJAJHLDNG,2026-01-27,12600.0,12.25,9200.0,4500.0,0.0,0.0,0.0,10798.0,10980.0,10624.0,0.493,2026-01-13 23:17,20536
BAJAJHLDNG,2026-01-27,12800.0,8.55,3450.0,3400.0,0.0,0.0,0.0,10798.0,10980.0,10624.0,0.493,2026-01-13 23:17,25435
BAJAJHLDNG,2026-01-27,13000.0,10.9,41650.0,17650.0,0.0,0.0,0.0,10798.0,10980.0,10624.0,0.493,2026-01-13 23:17,30395
BAJFINANCE,2026-01-27,800.0,0.0,0.0,0.0,0.25,29250.0,6750.0,949.4,955.85,939.0,-0.263,2026-01-13 23:17,298617
BAJFINANCE,2026-01-27,820.0,0.0,0.0,0.0,0.3,16500.0,0.0,949.4,955.85,939.0,-0.263,2026-01-13 23:17,261750
BAJFINANCE,2026-01-27,840.0,111.6,85500.0,2250.0,0.55,149250.0,222000.0,949.4,955.85,939.0,-0.263,2026-01-13 23:17,224917
BAJFINANCE,2026-01-27,850.0,0.0,0.0,0.0,0.6,20250.0,45750.0,949.4,955.85,939.0,-0.263,2026-01-13 23:17,207682
BAJFINANCE,2026-01-27,860.0,90.0,6000.0,0.0,0.75,884250.0,526500.0,949.4,955.85,939.0,-0.263,2026-01-13 23:17,189519
BAJFINANCE,2026-01-27,870.0,86.0,750.0,0.0,0.95,111750.0,156750.0,949.4,955.85,939.0,-0.263,2026-01-13 23:17,172236
BAJFINANCE,2026-01-27,880.0,76.4,25500.0,0.0,1.25,528000.0,240750.0,949.4,955.85,939.0,-0.263,2026-01-13 23:17,155073
BAJFINANCE,2026-01-27,890.0,60.8,7500.0,0.0,1.75,230250.0,231750.0,949.4,955.85,939.0,-0.263,2026-01-13 23:17,138597
BAJFINANCE,2026-01-27,900.0,55.0,174750.0,87000.0,2.6,1280250.0,948000.0,949.4,955.85,939.0,-0.263,2026-01-13 23:17,122235
BAJFINANCE,2026-01-27,910.0,40.1,42000.0,11250.0,3.6,499500.0,561750.0,949.4,955.85,939.0,-0.263,2026-01-13 23:17,107951
BAJFINANCE,2026-01-27,920.0,38.0,98250.0,141750.0,5.25,651750.0,1221000.0,949.4,955.85,939.0,-0.263,2026-01-13 23:17,93569
BAJFINANCE,2026-01-27,930.0,30.05,249750.0,711000.0,7.6,873750.0,1629000.0,949.4,955.85,939.0,-0.263,2026-01-13 23:17,79979
BAJFINANCE,2026-01-27,940.0,23.45,424500.0,1421250.0,10.65,881250.0,2337750.0,949.4,955.85,939.0,-0.263,2026-01-13 23:17,67569
BAJFINANCE,2026-01-27,950.0,17.6,1068000.0,3510750.0,15.0,1306500.0,1956000.0,949.4,955.85,939.0,-0.263,2026-01-13 23:17,56434
BAJFINANCE,2026-01-27,960.0,13.15,1599750.0,3034500.0,20.25,1223250.0,777000.0,949.4,955.85,939.0,-0.263,2026-01-13 23:17,47537
BAJFINANCE,2026-01-27,970.0,9.5,1261500.0,2341500.0,26.65,1033500.0,372000.0,949.4,955.85,939.0,-0.263,2026-01-13 23:17,41170
BAJFINANCE,2026-01-27,980.0,6.9,2874750.0,2837250.0,34.05,1518000.0,212250.0,949.4,955.85,939.0,-0.263,2026-01-13 23:17,35915
BAJFINANCE,2026-01-27,990.0,5.2,2337000.0,1717500.0,43.25,1100250.0,97500.0,949.4,955.85,939.0,-0.263,2026-01-13 23:17,33423
BAJFINANCE,2026-01-27,1000.0,3.85,5661000.0,3403500.0,50.7,2061750.0,120750.0,949.4,955.85,939.0,-0.263,2026-01-13 23:17,34011
BAJFINANCE,2026-01-27,1010.0,2.95,1689750.0,1078500.0,65.5,831000.0,1500.0,949.4,955.85,939.0,-0.263,2026-01-13 23:17,37591
BAJFINANCE,2026-01-27,1020.0,2.4,3151500.0,958500.0,69.35,743250.0,44250.0,949.4,955.85,939.0,-0.263,2026-01-13 23:17,47021
BAJFINANCE,2026-01-27,1030.0,1.95,1376250.0,470250.0,80.0,196500.0,31500.0,949.4,955.85,939.0,-0.263,2026-01-13 23:17,60892
BAJFINANCE,2026-01-27,1040.0,1.55,2087250.0,1105500.0,89.75,262500.0,39000.0,949.4,955.85,939.0,-0.263,2026-01-13 23:17,79431
BAJFINANCE,2026-01-27,1050.0,1.2,1640250.0,604500.0,96.35,550500.0,0.0,949.4,955.85,939.0,-0.263,2026-01-13 23:17,99590
BAJFINANCE,2026-01-27,1060.0,1.05,595500.0,312000.0,115.0,103500.0,3750.0,949.4,955.85,939.0,-0.263,2026-01-13 23:17,118865
BAJFINANCE,2026-01-27,1070.0,0.85,485250.0,175500.0,116.0,351750.0,0.0,949.4,955.85,939.0,-0.263,2026-01-13 23:17,142819
BAJFINANCE,2026-01-27,1080.0,0.8,747000.0,169500.0,96.5,29250.0,0.0,949.4,955.85,939.0,-0.263,2026-01-13 23:17,164698
BAJFINANCE,2026-01-27,1090.0,0.65,172500.0,308250.0,106.1,3000.0,0.0,949.4,955.85,939.0,-0.263,2026-01-13 23:17,191171
BAJFINANCE,2026-01-27,1100.0,0.6,2084250.0,1323000.0,143.0,349500.0,0.0,949.4,955.85,939.0,-0.263,2026-01-13 23:17,218020
BAJFINANCE,2026-01-27,1110.0,0.5,171750.0,17250.0,112.0,4500.0,0.0,949.4,955.85,939.0,-0.263,2026-01-13 23:17,242452
BAJFINANCE,2026-01-27,1120.0,0.4,641250.0,33750.0,121.7,35250.0,0.0,949.4,955.85,939.0,-0.263,2026-01-13 23:17,271890
BAJFINANCE,2026-01-27,1130.0,0.35,214500.0,3000.0,125.0,1500.0,0.0,949.4,955.85,939.0,-0.263,2026-01-13 23:17,301643
BAJFINANCE,2026-01-27,1140.0,0.4,232500.0,15750.0,144.8,750.0,0.0,949.4,955.85,939.0,-0.263,2026-01-13 23:17,332005
BAJFINANCE,2026-01-27,1150.0,0.4,65250.0,35250.0,177.0,50250.0,0.0,949.4,955.85,939.0,-0.263,2026-01-13 23:17,362609
BAJFINANCE,2026-01-27,1160.0,0.35,87000.0,6750.0,164.5,21000.0,0.0,949.4,955.85,939.0,-0.263,2026-01-13 23:17,392444
BAJFINANCE,2026-01-27,1180.0,0.25,44250.0,3000.0,0.0,0.0,0.0,949.4,955.85,939.0,-0.263,2026-01-13 23:17,453761
BAJFINANCE,2026-01-27,1200.0,0.3,702750.0,27750.0,224.6,528750.0,0.0,949.4,955.85,939.0,-0.263,2026-01-13 23:17,515509
BANDHANBNK,2026-01-27,110.0,0.0,0.0,0.0,0.1,46800.0,0.0,143.43,144.75,141.05,-0.216,2026-01-13 23:17,103562
BANDHANBNK,2026-01-27,120.0,0.0,0.0,0.0,0.3,216000.0,0.0,143.43,144.75,141.05,-0.216,2026-01-13 23:17,73642
BANDHANBNK,2026-01-27,125.0,21.2,3600.0,0.0,0.2,558000.0,237600.0,143.43,144.75,141.05,-0.216,2026-01-13 23:17,58784
BANDHANBNK,2026-01-27,127.5,0.0,0.0,0.0,0.35,252000.0,0.0,143.43,144.75,141.05,-0.216,2026-01-13 23:17,51495
BANDHANBNK,2026-01-27,130.0,14.0,212400.0,7200.0,0.39,1872000.0,1029600.0,143.43,144.75,141.05,-0.216,2026-01-13 23:17,44264
BANDHANBNK,2026-01-27,132.5,0.0,0.0,0.0,0.59,648000.0,183600.0,143.43,144.75,141.05,-0.216,2026-01-13 23:17,37787
BANDHANBNK,2026-01-27,135.0,7.97,75600.0,10800.0,0.9,3747600.0,954000.0,143.43,144.75,141.05,-0.216,2026-01-13 23:17,31209
BANDHANBNK,2026-01-27,137.5,6.77,54000.0,14400.0,1.3,986400.0,637200.0,143.43,144.75,141.05,-0.216,2026-01-13 23:17,25348
BANDHANBNK,2026-01-27,140.0,6.07,1155600.0,1166400.0,1.97,2703600.0,1530000.0,143.43,144.75,141.05,-0.216,2026-01-13 23:17,19933
BANDHANBNK,2026-01-27,142.5,4.43,1252800.0,1573200.0,2.85,1083600.0,1371600.0,143.43,144.75,141.05,-0.216,2026-01-13 23:17,15743
BANDHANBNK,2026-01-27,145.0,3.17,4604400.0,4834800.0,4.01,3895200.0,2268000.0,143.43,144.75,141.05,-0.216,2026-01-13 23:17,12215
BANDHANBNK,2026-01-27,147.5,2.18,2487600.0,1303200.0,5.57,1699200.0,900000.0,143.43,144.75,141.05,-0.216,2026-01-13 23:17,10463
BANDHANBNK,2026-01-27,150.0,1.55,11361600.0,7470000.0,7.56,5569200.0,381600.0,143.43,144.75,141.05,-0.216,2026-01-13 23:17,9456
BANDHANBNK,2026-01-27,152.5,1.11,1249200.0,1036800.0,9.68,799200.0,32400.0,143.43,144.75,141.05,-0.216,2026-01-13 23:17,10636
BANDHANBNK,2026-01-27,155.0,0.78,3625200.0,2923200.0,11.7,896400.0,100800.0,143.43,144.75,141.05,-0.216,2026-01-13 23:17,14143
BANDHANBNK,2026-01-27,157.5,0.59,597600.0,273600.0,10.47,72000.0,0.0,143.43,144.75,141.05,-0.216,2026-01-13 23:17,18649
BANDHANBNK,2026-01-27,160.0,0.46,5007600.0,950400.0,18.75,1666800.0,28800.0,143.43,144.75,141.05,-0.216,2026-01-13 23:17,24049
BANDHANBNK,2026-01-27,162.5,0.3,331200.0,54000.0,18.71,54000.0,61200.0,143.43,144.75,141.05,-0.216,2026-01-13 23:17,28262
BANDHANBNK,2026-01-27,165.0,0.29,1656000.0,219600.0,22.37,234000.0,25200.0,143.43,144.75,141.05,-0.216,2026-01-13 23:17,35375
BANDHANBNK,2026-01-27,167.5,0.31,54000.0,0.0,18.19,46800.0,0.0,143.43,144.75,141.05,-0.216,2026-01-13 23:17,42577
BANDHANBNK,2026-01-27,170.0,0.17,1418400.0,273600.0,26.0,1440000.0,21600.0,143.43,144.75,141.05,-0.216,2026-01-13 23:17,50196
BANDHANBNK,2026-01-27,175.0,0.08,255600.0,0.0,32.78,612000.0,7200.0,143.43,144.75,141.05,-0.216,2026-01-13 23:17,63309
BANDHANBNK,2026-01-27,180.0,0.11,568800.0,50400.0,0.0,0.0,0.0,143.43,144.75,141.05,-0.216,2026-01-13 23:17,78573
BANDHANBNK,2026-01-27,185.0,0.0,0.0,0.0,42.25,867600.0,3600.0,143.43,144.75,141.05,-0.216,2026-01-13 23:17,96131
BANKBARODA,2026-01-27,250.0,50.4,166725.0,2925.0,0.15,342225.0,67275.0,302.15,303.7,298.65,-0.017,2026-01-13 23:17,115414
BANKBARODA,2026-01-27,255.0,40.0,20475.0,0.0,0.2,90675.0,0.0,302.15,303.7,298.65,-0.017,2026-01-13 23:17,100349
BANKBARODA,2026-01-27,257.5,0.0,0.0,0.0,0.2,2925.0,0.0,302.15,303.7,298.65,-0.017,2026-01-13 23:17,92507
BANKBARODA,2026-01-27,260.0,44.0,73125.0,0.0,0.3,649350.0,20475.0,302.15,303.7,298.65,-0.017,2026-01-13 23:17,84585
BANKBARODA,2026-01-27,262.5,0.0,0.0,0.0,0.4,90675.0,0.0,302.15,303.7,298.65,-0.017,2026-01-13 23:17,77146
BANKBARODA,2026-01-27,265.0,40.0,114075.0,0.0,0.35,324675.0,49725.0,302.15,303.7,298.65,-0.017,2026-01-13 23:17,69424
BANKBARODA,2026-01-27,267.5,0.0,0.0,0.0,0.25,149175.0,0.0,302.15,303.7,298.65,-0.017,2026-01-13 23:17,62261
BANKBARODA,2026-01-27,270.0,32.7,883350.0,119925.0,0.4,1962675.0,541125.0,302.15,303.7,298.65,-0.017,2026-01-13 23:17,54685
BANKBARODA,2026-01-27,272.5,35.0,8775.0,0.0,0.5,169650.0,87750.0,302.15,303.7,298.65,-0.017,2026-01-13 23:17,50636
BANKBARODA,2026-01-27,275.0,23.5,52650.0,0.0,0.55,529425.0,251550.0,302.15,303.7,298.65,-0.017,2026-01-13 23:17,43843
BANKBARODA,2026-01-27,277.5,23.7,5850.0,2925.0,0.65,222300.0,81900.0,302.15,303.7,298.65,-0.017,2026-01-13 23:17,37268
BANKBARODA,2026-01-27,280.0,22.7,915525.0,14625.0,0.75,2012400.0,1216800.0,302.15,303.7,298.65,-0.017,2026-01-13 23:17,30654
BANKBARODA,2026-01-27,282.5,21.4,35100.0,0.0,0.95,514800.0,494325.0,302.15,303.7,298.65,-0.017,2026-01-13 23:17,26701
BANKBARODA,2026-01-27,285.0,17.85,222300.0,2925.0,1.15,2518425.0,497250.0,302.15,303.7,298.65,-0.017,2026-01-13 23:17,20984
BANKBARODA,2026-01-27,287.5,16.6,169650.0,0.0,1.55,418275.0,193050.0,302.15,303.7,298.65,-0.017,2026-01-13 23:17,16033
BANKBARODA,2026-01-27,290.0,14.45,2141100.0,269100.0,1.9,3284775.0,3240900.0,302.15,303.7,298.65,-0.017,2026-01-13 23:17,11339
BANKBARODA,2026-01-27,292.5,11.25,178425.0,2925.0,2.45,681525.0,1687725.0,302.15,303.7,298.65,-0.017,2026-01-13 23:17,10254
BANKBARODA,2026-01-27,295.0,10.5,1632150.0,862875.0,3.1,1950975.0,3387150.0,302.15,303.7,298.65,-0.017,2026-01-13 23:17,6948
BANKBARODA,2026-01-27,297.5,8.85,564525.0,897975.0,3.8,877500.0,1363050.0,302.15,303.7,298.65,-0.017,2026-01-13 23:17,5613
BANKBARODA,2026-01-27,300.0,7.4,3372525.0,8263125.0,4.9,5563350.0,6244875.0,302.15,303.7,298.65,-0.017,2026-01-13 23:17,3696
BANKBARODA,2026-01-27,302.5,6.15,1494675.0,3545100.0,6.1,1006200.0,1462500.0,302.15,303.7,298.65,-0.017,2026-01-13 23:17,3616
BANKBARODA,2026-01-27,305.0,5.05,3372525.0,8912475.0,7.3,3065400.0,2310750.0,302.15,303.7,298.65,-0.017,2026-01-13 23:17,4697
BANKBARODA,2026-01-27,307.5,4.05,1117350.0,2263950.0,9.1,1310400.0,280800.0,302.15,303.7,298.65,-0.017,2026-01-13 23:17,6548
BANKBARODA,2026-01-27,310.0,3.35,7850700.0,9807525.0,10.7,2293200.0,295425.0,302.15,303.7,298.65,-0.017,2026-01-13 23:17,8801
BANKBARODA,2026-01-27,312.5,2.7,956475.0,1436175.0,12.4,272025.0,0.0,302.15,303.7,298.65,-0.017,2026-01-13 23:17,14505
BANKBARODA,2026-01-27,315.0,2.25,4884750.0,4407975.0,14.4,190125.0,0.0,302.15,303.7,298.65,-0.017,2026-01-13 23:17,20261
BANKBARODA,2026-01-27,317.5,1.9,1401075.0,690300.0,16.35,43875.0,0.0,302.15,303.7,298.65,-0.017,2026-01-13 23:17,28191
BANKBARODA,2026-01-27,320.0,1.6,19696950.0,5458050.0,21.5,1175850.0,29250.0,302.15,303.7,298.65,-0.017,2026-01-13 23:17,35851
BANKBARODA,2026-01-27,322.5,1.3,1073475.0,201825.0,18.95,81900.0,0.0,302.15,303.7,298.65,-0.017,2026-01-13 23:17,49158
BANKBARODA,2026-01-27,325.0,1.05,2562300.0,924300.0,23.35,257400.0,0.0,302.15,303.7,298.65,-0.017,2026-01-13 23:17,62114
BANKBARODA,2026-01-27,327.5,0.9,429975.0,321750.0,19.3,2925.0,0.0,302.15,303.7,298.65,-0.017,2026-01-13 23:17,75460
BANKBARODA,2026-01-27,330.0,0.75,2170350.0,865800.0,28.8,210600.0,0.0,302.15,303.7,298.65,-0.017,2026-01-13 23:17,89278
BANKBARODA,2026-01-27,332.5,0.65,198900.0,29250.0,0.0,0.0,0.0,302.15,303.7,298.65,-0.017,2026-01-13 23:17,103215
BANKBARODA,2026-01-27,335.0,0.5,1067625.0,459225.0,0.0,0.0,0.0,302.15,303.7,298.65,-0.017,2026-01-13 23:17,117659
BANKBARODA,2026-01-27,340.0,0.35,991575.0,810225.0,33.7,40950.0,0.0,302.15,303.7,298.65,-0.017,2026-01-13 23:17,147107
BANKBARODA,2026-01-27,345.0,0.25,277875.0,29250.0,0.0,0.0,0.0,302.15,303.7,298.65,-0.017,2026-01-13 23:17,176914
BANKBARODA,2026-01-27,350.0,0.2,859950.0,105300.0,40.75,2925.0,0.0,302.15,303.7,298.65,-0.017,2026-01-13 23:17,206971
BANKBARODA,2026-01-27,355.0,0.0,0.0,0.0,0.0,0.0,0.0,302.15,303.7,298.65,-0.017,2026-01-13 23:17,237458
BANKINDIA,2026-01-27,120.0,24.21,15600.0,0.0,0.16,306800.0,5200.0,147.46,147.98,145.8,1.076,2026-01-13 23:17,28595
BANKINDIA,2026-01-27,122.0,25.23,15600.0,0.0,0.18,202800.0,0.0,147.46,147.98,145.8,1.076,2026-01-13 23:17,25408
BANKINDIA,2026-01-27,124.0,0.0,0.0,0.0,0.19,145600.0,0.0,147.46,147.98,145.8,1.076,2026-01-13 23:17,22267
BANKINDIA,2026-01-27,126.0,0.0,0.0,0.0,0.1,260000.0,0.0,147.46,147.98,145.8,1.076,2026-01-13 23:17,19118
BANKINDIA,2026-01-27,127.0,0.0,0.0,0.0,0.19,88400.0,0.0,147.46,147.98,145.8,1.076,2026-01-13 23:17,17568
BANKINDIA,2026-01-27,128.0,13.5,5200.0,0.0,0.31,83200.0,0.0,147.46,147.98,145.8,1.076,2026-01-13 23:17,16027
BANKINDIA,2026-01-27,129.0,16.6,5200.0,0.0,0.2,52000.0,0.0,147.46,147.98,145.8,1.076,2026-01-13 23:17,14502
BANKINDIA,2026-01-27,130.0,18.19,135200.0,0.0,0.24,1144000.0,681200.0,147.46,147.98,145.8,1.076,2026-01-13 23:17,12985
BANKINDIA,2026-01-27,131.0,0.0,0.0,0.0,0.65,15600.0,0.0,147.46,147.98,145.8,1.076,2026-01-13 23:17,11808
BANKINDIA,2026-01-27,132.0,0.0,0.0,0.0,0.23,546000.0,0.0,147.46,147.98,145.8,1.076,2026-01-13 23:17,10412
BANKINDIA,2026-01-27,133.0,0.0,0.0,0.0,0.42,150800.0,0.0,147.46,147.98,145.8,1.076,2026-01-13 23:17,9059
BANKINDIA,2026-01-27,134.0,0.0,0.0,0.0,0.65,145600.0,0.0,147.46,147.98,145.8,1.076,2026-01-13 23:17,7728
BANKINDIA,2026-01-27,135.0,13.0,88400.0,0.0,0.47,1898000.0,811200.0,147.46,147.98,145.8,1.076,2026-01-13 23:17,6408
BANKINDIA,2026-01-27,136.0,0.0,0.0,0.0,0.65,119600.0,78000.0,147.46,147.98,145.8,1.076,2026-01-13 23:17,5322
BANKINDIA,2026-01-27,137.0,8.51,5200.0,0.0,0.67,119600.0,254800.0,147.46,147.98,145.8,1.076,2026-01-13 23:17,4214
BANKINDIA,2026-01-27,138.0,10.87,20800.0,0.0,1.1,421200.0,0.0,147.46,147.98,145.8,1.076,2026-01-13 23:17,3124
BANKINDIA,2026-01-27,139.0,12.43,15600.0,0.0,1.15,161200.0,213200.0,147.46,147.98,145.8,1.076,2026-01-13 23:17,2057
BANKINDIA,2026-01-27,140.0,9.33,1757600.0,291200.0,1.13,2069600.0,894400.0,147.46,147.98,145.8,1.076,2026-01-13 23:17,1032
BANKINDIA,2026-01-27,141.0,8.41,41600.0,5200.0,1.35,312000.0,104000.0,147.46,147.98,145.8,1.076,2026-01-13 23:17,1795
BANKINDIA,2026-01-27,142.0,6.26,317200.0,0.0,1.59,468000.0,93600.0,147.46,147.98,145.8,1.076,2026-01-13 23:17,1181
BANKINDIA,2026-01-27,143.0,6.46,348400.0,31200.0,2.4,260000.0,20800.0,147.46,147.98,145.8,1.076,2026-01-13 23:17,776
BANKINDIA,2026-01-27,144.0,6.0,234000.0,135200.0,2.24,525200.0,5200.0,147.46,147.98,145.8,1.076,2026-01-13 23:17,471
BANKINDIA,2026-01-27,145.0,5.5,1112800.0,670800.0,2.51,1476800.0,1008800.0,147.46,147.98,145.8,1.076,2026-01-13 23:17,102
BANKINDIA,2026-01-27,146.0,4.87,400400.0,655200.0,2.89,790400.0,1024400.0,147.46,147.98,145.8,1.076,2026-01-13 23:17,210
BANKINDIA,2026-01-27,147.0,4.41,384800.0,759200.0,3.37,473200.0,286000.0,147.46,147.98,145.8,1.076,2026-01-13 23:17,162
BANKINDIA,2026-01-27,148.0,3.81,572000.0,473200.0,3.69,525200.0,150800.0,147.46,147.98,145.8,1.076,2026-01-13 23:17,244
BANKINDIA,2026-01-27,149.0,3.6,436800.0,130000.0,4.4,384800.0,5200.0,147.46,147.98,145.8,1.076,2026-01-13 23:17,450
BANKINDIA,2026-01-27,150.0,2.92,2891200.0,2444000.0,4.94,1076400.0,306800.0,147.46,147.98,145.8,1.076,2026-01-13 23:17,702
BANKINDIA,2026-01-27,151.0,2.14,364000.0,67600.0,5.4,478400.0,31200.0,147.46,147.98,145.8,1.076,2026-01-13 23:17,1674
BANKINDIA,2026-01-27,152.0,2.19,1242800.0,556400.0,6.22,312000.0,5200.0,147.46,147.98,145.8,1.076,2026-01-13 23:17,2239
BANKINDIA,2026-01-27,153.0,1.89,826800.0,572000.0,8.31,275600.0,0.0,147.46,147.98,145.8,1.076,2026-01-13 23:17,3217
BANKINDIA,2026-01-27,154.0,1.62,691600.0,624000.0,9.08,67600.0,0.0,147.46,147.98,145.8,1.076,2026-01-13 23:17,4154
BANKINDIA,2026-01-27,155.0,1.39,3140800.0,3099200.0,8.52,764400.0,36400.0,147.46,147.98,145.8,1.076,2026-01-13 23:17,5291
BANKINDIA,2026-01-27,156.0,0.97,130000.0,67600.0,6.24,10400.0,0.0,147.46,147.98,145.8,1.076,2026-01-13 23:17,6553
BANKINDIA,2026-01-27,157.0,0.91,187200.0,57200.0,11.25,15600.0,0.0,147.46,147.98,145.8,1.076,2026-01-13 23:17,8050
BANKINDIA,2026-01-27,158.0,0.74,312000.0,182000.0,12.74,31200.0,0.0,147.46,147.98,145.8,1.076,2026-01-13 23:17,9561
BANKINDIA,2026-01-27,159.0,0.65,452400.0,46800.0,8.33,5200.0,0.0,147.46,147.98,145.8,1.076,2026-01-13 23:17,11090
BANKINDIA,2026-01-27,160.0,0.66,2641600.0,1107600.0,13.8,239200.0,15600.0,147.46,147.98,145.8,1.076,2026-01-13 23:17,12706
BANKINDIA,2026-01-27,161.0,0.49,150800.0,223600.0,0.0,0.0,0.0,147.46,147.98,145.8,1.076,2026-01-13 23:17,14430
BANKINDIA,2026-01-27,162.0,0.48,1034800.0,421200.0,0.0,0.0,0.0,147.46,147.98,145.8,1.076,2026-01-13 23:17,16331
BANKINDIA,2026-01-27,163.0,0.0,0.0,0.0,0.0,0.0,0.0,147.46,147.98,145.8,1.076,2026-01-13 23:17,18379
BANKINDIA,2026-01-27,164.0,0.35,1263600.0,228800.0,0.0,0.0,0.0,147.46,147.98,145.8,1.076,2026-01-13 23:17,20377
BANKINDIA,2026-01-27,166.0,0.27,644800.0,72800.0,0.0,0.0,0.0,147.46,147.98,145.8,1.076,2026-01-13 23:17,24669
BANKINDIA,2026-01-27,168.0,0.0,0.0,0.0,0.0,0.0,0.0,147.46,147.98,145.8,1.076,2026-01-13 23:17,29064
BANKINDIA,2026-01-27,170.0,0.03,509600.0,20800.0,0.0,0.0,0.0,147.46,147.98,145.8,1.076,2026-01-13 23:17,33441
BANKINDIA,2026-01-27,172.0,0.0,0.0,0.0,0.0,0.0,0.0,147.46,147.98,145.8,1.076,2026-01-13 23:17,37922
BANKINDIA,2026-01-27,174.0,0.18,5200.0,0.0,0.0,0.0,0.0,147.46,147.98,145.8,1.076,2026-01-13 23:17,42402
BANKNIFTY,2026-01-27,50000.0,9489.0,159000.0,1710.0,5.35,136020.0,126900.0,0.0,0.0,0.0,0.0,2026-01-13 23:17,9406655
BANKNIFTY,2026-01-27,50500.0,9870.0,330.0,0.0,5.3,14190.0,8400.0,0.0,0.0,0.0,0.0,2026-01-13 23:17,8963027
BANKNIFTY,2026-01-27,51000.0,8710.0,21090.0,510.0,5.6,28560.0,39150.0,0.0,0.0,0.0,0.0,2026-01-13 23:17,8369641
BANKNIFTY,2026-01-27,51500.0,7750.0,540.0,0.0,5.4,3270.0,3150.0,0.0,0.0,0.0,0.0,2026-01-13 23:17,7796772
BANKNIFTY,2026-01-27,52000.0,7700.0,22950.0,150.0,5.95,115620.0,109890.0,0.0,0.0,0.0,0.0,2026-01-13 23:17,7206157
BANKNIFTY,2026-01-27,52500.0,6500.0,1170.0,0.0,6.6,11070.0,7410.0,0.0,0.0,0.0,0.0,2026-01-13 23:17,6639657
BANKNIFTY,2026-01-27,52600.0,0.0,0.0,0.0,7.0,5370.0,19560.0,0.0,0.0,0.0,0.0,2026-01-13 23:17,6523712
BANKNIFTY,2026-01-27,52700.0,0.0,0.0,0.0,7.5,660.0,420.0,0.0,0.0,0.0,0.0,2026-01-13 23:17,6407064
BANKNIFTY,2026-01-27,52800.0,0.0,0.0,0.0,7.4,2880.0,5100.0,0.0,0.0,0.0,0.0,2026-01-13 23:17,6290425
BANKNIFTY,2026-01-27,52900.0,0.0,0.0,0.0,7.3,8370.0,2130.0,0.0,0.0,0.0,0.0,2026-01-13 23:17,6173814
BANKNIFTY,2026-01-27,53000.0,6485.0,30630.0,570.0,8.35,113220.0,52410.0,0.0,0.0,0.0,0.0,2026-01-13 23:17,6057283
BANKNIFTY,2026-01-27,53100.0,0.0,0.0,0.0,8.25,3240.0,3300.0,0.0,0.0,0.0,0.0,2026-01-13 23:17,5961965
BANKNIFTY,2026-01-27,53200.0,0.0,0.0,0.0,8.15,1320.0,2370.0,0.0,0.0,0.0,0.0,2026-01-13 23:17,5846908
BANKNIFTY,2026-01-27,53300.0,0.0,0.0,0.0,8.85,900.0,8850.0,0.0,0.0,0.0,0.0,2026-01-13 23:17,5731865
BANKNIFTY,2026-01-27,53400.0,0.0,0.0,0.0,8.55,900.0,3120.0,0.0,0.0,0.0,0.0,2026-01-13 23:17,5616832
BANKNIFTY,2026-01-27,53500.0,6136.45,690.0,0.0,8.65,27450.0,23940.0,0.0,0.0,0.0,0.0,2026-01-13 23:17,5501808
BANKNIFTY,2026-01-27,53600.0,5300.0,30.0,0.0,9.0,720.0,5550.0,0.0,0.0,0.0,0.0,2026-01-13 23:17,5387466
BANKNIFTY,2026-01-27,53700.0,6100.0,510.0,0.0,9.8,1020.0,960.0,0.0,0.0,0.0,0.0,2026-01-13 23:17,5272747
BANKNIFTY,2026-01-27,53800.0,5970.0,90.0,0.0,9.2,990.0,3570.0,0.0,0.0,0.0,0.0,2026-01-13 23:17,5158338
BANKNIFTY,2026-01-27,53900.0,0.0,0.0,0.0,10.7,1050.0,780.0,0.0,0.0,0.0,0.0,2026-01-13 23:17,5043682
BANKNIFTY,2026-01-27,54000.0,5548.0,46920.0,450.0,9.7,125460.0,134220.0,0.0,0.0,0.0,0.0,2026-01-13 23:17,4928983
BANKNIFTY,2026-01-27,54100.0,5740.0,30.0,0.0,9.65,8250.0,2490.0,0.0,0.0,0.0,0.0,2026-01-13 23:17,4841919
BANKNIFTY,2026-01-27,54200.0,0.0,0.0,0.0,10.4,4680.0,1140.0,0.0,0.0,0.0,0.0,2026-01-13 23:17,4729037
BANKNIFTY,2026-01-27,54300.0,0.0,0.0,0.0,10.65,4230.0,3720.0,0.0,0.0,0.0,0.0,2026-01-13 23:17,4616187
BANKNIFTY,2026-01-27,54400.0,5379.15,4260.0,0.0,10.5,13890.0,2310.0,0.0,0.0,0.0,0.0,2026-01-13 23:17,4503381
BANKNIFTY,2026-01-27,54500.0,5185.0,8640.0,0.0,11.65,75600.0,29760.0,0.0,0.0,0.0,0.0,2026-01-13 23:17,4393037
BANKNIFTY,2026-01-27,54600.0,4855.0,30.0,0.0,11.25,8490.0,720.0,0.0,0.0,0.0,0.0,2026-01-13 23:17,4285651
BANKNIFTY,2026-01-27,54700.0,5057.7,30.0,0.0,11.35,6240.0,16770.0,0.0,0.0,0.0,0.0,2026-01-13 23:17,4173963
BANKNIFTY,2026-01-27,54800.0,0.0,0.0,0.0,11.9,4440.0,1560.0,0.0,0.0,0.0,0.0,2026-01-13 23:17,4062341
BANKNIFTY,2026-01-27,54900.0,4900.0,30.0,0.0,13.35,12720.0,6510.0,0.0,0.0,0.0,0.0,2026-01-13 23:17,3950749
BANKNIFTY,2026-01-27,55000.0,4740.0,53700.0,1770.0,13.7,316590.0,293370.0,0.0,0.0,0.0,0.0,2026-01-13 23:17,3839289
BANKNIFTY,2026-01-27,55100.0,4700.0,60.0,0.0,14.3,9420.0,14520.0,0.0,0.0,0.0,0.0,2026-01-13 23:17,3756553
BANKNIFTY,2026-01-27,55200.0,4062.55,90.0,0.0,13.7,23700.0,14790.0,0.0,0.0,0.0,0.0,2026-01-13 23:17,3648907
BANKNIFTY,2026-01-27,55300.0,4500.0,30.0,0.0,14.75,20010.0,8730.0,0.0,0.0,0.0,0.0,2026-01-13 23:17,3541489
BANKNIFTY,2026-01-27,55400.0,4600.0,330.0,0.0,14.9,14850.0,8100.0,0.0,0.0,0.0,0.0,2026-01-13 23:17,3434250
BANKNIFTY,2026-01-27,55500.0,4150.0,17970.0,90.0,15.4,157020.0,263100.0,0.0,0.0,0.0,0.0,2026-01-13 23:17,3327309
BANKNIFTY,2026-01-27,55600.0,3830.7,300.0,0.0,16.95,16530.0,11220.0,0.0,0.0,0.0,0.0,2026-01-13 23:17,3229204
BANKNIFTY,2026-01-27,55700.0,0.0,0.0,0.0,16.1,16470.0,17880.0,0.0,0.0,0.0,0.0,2026-01-13 23:17,3124139
BANKNIFTY,2026-01-27,55800.0,3595.0,480.0,0.0,17.6,21420.0,44610.0,0.0,0.0,0.0,0.0,2026-01-13 23:17,3019125
BANKNIFTY,2026-01-27,55900.0,3900.0,60.0,0.0,17.3,21480.0,36630.0,0.0,0.0,0.0,0.0,2026-01-13 23:17,2914491
BANKNIFTY,2026-01-27,56000.0,3747.8,97110.0,2460.0,16.95,400530.0,517260.0,0.0,0.0,0.0,0.0,2026-01-13 23:17,2809924
BANKNIFTY,2026-01-27,56100.0,0.0,0.0,0.0,19.5,13080.0,15990.0,0.0,0.0,0.0,0.0,2026-01-13 23:17,2746063
BANKNIFTY,2026-01-27,56200.0,3225.4,270.0,0.0,20.2,20910.0,27780.0,0.0,0.0,0.0,0.0,2026-01-13 23:17,2646591
BANKNIFTY,2026-01-27,56300.0,2950.0,120.0,0.0,21.65,13200.0,31500.0,0.0,0.0,0.0,0.0,2026-01-13 23:17,2547402
BANKNIFTY,2026-01-27,56400.0,3562.75,210.0,0.0,22.65,19500.0,32910.0,0.0,0.0,0.0,0.0,2026-01-13 23:17,2448307
BANKNIFTY,2026-01-27,56500.0,3110.0,22290.0,1410.0,23.0,242820.0,463050.0,0.0,0.0,0.0,0.0,2026-01-13 23:17,2349434
BANKNIFTY,2026-01-27,56600.0,3300.0,60.0,0.0,24.3,16920.0,78960.0,0.0,0.0,0.0,0.0,2026-01-13 23:17,2259555
BANKNIFTY,2026-01-27,56700.0,2750.35,30.0,0.0,25.8,26280.0,25380.0,0.0,0.0,0.0,0.0,2026-01-13 23:17,2163451
BANKNIFTY,2026-01-27,56800.0,2700.0,30.0,0.0,26.95,46740.0,83040.0,0.0,0.0,0.0,0.0,2026-01-13 23:17,2067571
BANKNIFTY,2026-01-27,56900.0,2888.35,480.0,0.0,30.5,27690.0,41520.0,0.0,0.0,0.0,0.0,2026-01-13 23:17,1972101
BANKNIFTY,2026-01-27,57000.0,2775.6,58050.0,4740.0,32.0,509190.0,810780.0,0.0,0.0,0.0,0.0,2026-01-13 23:17,1877084
BANKNIFTY,2026-01-27,57100.0,2478.55,150.0,0.0,33.0,26970.0,87660.0,0.0,0.0,0.0,0.0,2026-01-13 23:17,1802169
BANKNIFTY,2026-01-27,57200.0,2686.7,300.0,0.0,34.85,47010.0,112050.0,0.0,0.0,0.0,0.0,2026-01-13 23:17,1712990
BANKNIFTY,2026-01-27,57300.0,2440.0,1020.0,360.0,38.25,36540.0,147930.0,0.0,0.0,0.0,0.0,2026-01-13 23:17,1624253
BANKNIFTY,2026-01-27,57400.0,2720.0,300.0,0.0,42.5,46860.0,150300.0,0.0,0.0,0.0,0.0,2026-01-13 23:17,1536084
BANKNIFTY,2026-01-27,57500.0,2285.7,27750.0,2820.0,47.0,495420.0,841830.0,0.0,0.0,0.0,0.0,2026-01-13 23:17,1448160
BANKNIFTY,2026-01-27,57600.0,1906.75,4500.0,0.0,50.05,64260.0,199770.0,0.0,0.0,0.0,0.0,2026-01-13 23:17,1369599
BANKNIFTY,2026-01-27,57700.0,2083.5,510.0,150.0,55.45,80250.0,191160.0,0.0,0.0,0.0,0.0,2026-01-13 23:17,1288248
BANKNIFTY,2026-01-27,57800.0,2037.6,480.0,210.0,61.05,73350.0,174390.0,0.0,0.0,0.0,0.0,2026-01-13 23:17,1206830
BANKNIFTY,2026-01-27,57900.0,1900.0,1260.0,0.0,67.75,68280.0,240720.0,0.0,0.0,0.0,0.0,2026-01-13 23:17,1126138
BANKNIFTY,2026-01-27,58000.0,1817.55,85770.0,45030.0,75.3,769530.0,1540140.0,0.0,0.0,0.0,0.0,2026-01-13 23:17,1046269
BANKNIFTY,2026-01-27,58100.0,1729.3,3900.0,750.0,83.5,153540.0,416520.0,0.0,0.0,0.0,0.0,2026-01-13 23:17,984970
BANKNIFTY,2026-01-27,58200.0,1629.55,4710.0,1110.0,93.2,87930.0,399120.0,0.0,0.0,0.0,0.0,2026-01-13 23:17,914844
BANKNIFTY,2026-01-27,58300.0,1540.7,4080.0,960.0,104.8,76170.0,374850.0,0.0,0.0,0.0,0.0,2026-01-13 23:17,846200
BANKNIFTY,2026-01-27,58400.0,1456.25,8370.0,1080.0,117.25,84450.0,347670.0,0.0,0.0,0.0,0.0,2026-01-13 23:17,778240
BANKNIFTY,2026-01-27,58500.0,1361.6,79410.0,123570.0,130.8,580290.0,1162920.0,0.0,0.0,0.0,0.0,2026-01-13 23:17,711607
BANKNIFTY,2026-01-27,58600.0,1291.0,19260.0,8460.0,148.3,85470.0,484350.0,0.0,0.0,0.0,0.0,2026-01-13 23:17,654565
BANKNIFTY,2026-01-27,58700.0,1202.4,20460.0,11370.0,165.9,108360.0,562050.0,0.0,0.0,0.0,0.0,2026-01-13 23:17,596567
BANKNIFTY,2026-01-27,58800.0,1117.0,29580.0,37080.0,184.2,145320.0,784290.0,0.0,0.0,0.0,0.0,2026-01-13 23:17,539300
BANKNIFTY,2026-01-27,58900.0,1045.25,38610.0,45690.0,206.15,169620.0,754140.0,0.0,0.0,0.0,0.0,2026-01-13 23:17,483747
BANKNIFTY,2026-01-27,59000.0,962.6,336180.0,745560.0,231.55,1005690.0,3234630.0,0.0,0.0,0.0,0.0,2026-01-13 23:17,430188
BANKNIFTY,2026-01-27,59100.0,893.85,44940.0,144810.0,257.9,166350.0,1030980.0,0.0,0.0,0.0,0.0,2026-01-13 23:17,398583
BANKNIFTY,2026-01-27,59200.0,820.75,75810.0,378870.0,285.65,239310.0,1259280.0,0.0,0.0,0.0,0.0,2026-01-13 23:17,359744
BANKNIFTY,2026-01-27,59300.0,752.85,84240.0,873480.0,320.4,278310.0,1941810.0,0.0,0.0,0.0,0.0,2026-01-13 23:17,323715
BANKNIFTY,2026-01-27,59400.0,693.0,119400.0,1770870.0,354.1,221040.0,2604030.0,0.0,0.0,0.0,0.0,2026-01-13 23:17,289350
BANKNIFTY,2026-01-27,59500.0,626.0,1622580.0,5093640.0,388.55,1892670.0,6121650.0,0.0,0.0,0.0,0.0,2026-01-13 23:17,261413
BANKNIFTY,2026-01-27,59600.0,573.0,237870.0,3471810.0,435.0,220350.0,3610800.0,0.0,0.0,0.0,0.0,2026-01-13 23:17,296214
BANKNIFTY,2026-01-27,59700.0,519.85,284130.0,3676020.0,481.0,218790.0,3263910.0,0.0,0.0,0.0,0.0,2026-01-13 23:17,311608
BANKNIFTY,2026-01-27,59800.0,466.25,277170.0,2788110.0,531.85,186090.0,1897740.0,0.0,0.0,0.0,0.0,2026-01-13 23:17,332234
BANKNIFTY,2026-01-27,59900.0,418.6,222300.0,1484040.0,582.6,84750.0,944040.0,0.0,0.0,0.0,0.0,2026-01-13 23:17,356271
BANKNIFTY,2026-01-27,60000.0,378.75,1598070.0,4817760.0,636.45,797310.0,1883070.0,0.0,0.0,0.0,0.0,2026-01-13 23:17,384721
BANKNIFTY,2026-01-27,60100.0,337.0,217620.0,937980.0,700.0,56760.0,227280.0,0.0,0.0,0.0,0.0,2026-01-13 23:17,442539
BANKNIFTY,2026-01-27,60200.0,300.0,281940.0,968880.0,758.4,75420.0,170910.0,0.0,0.0,0.0,0.0,2026-01-13 23:17,496679
BANKNIFTY,2026-01-27,60300.0,264.6,286230.0,806250.0,826.5,49410.0,121530.0,0.0,0.0,0.0,0.0,2026-01-13 23:17,553770
BANKNIFTY,2026-01-27,60400.0,233.75,157620.0,698850.0,897.5,46440.0,34530.0,0.0,0.0,0.0,0.0,2026-01-13 23:17,614970
BANKNIFTY,2026-01-27,60500.0,205.8,625320.0,1994970.0,970.8,172680.0,223830.0,0.0,0.0,0.0,0.0,2026-01-13 23:17,674236
BANKNIFTY,2026-01-27,60600.0,181.0,100110.0,727380.0,1030.0,54900.0,21660.0,0.0,0.0,0.0,0.0,2026-01-13 23:17,738071
BANKNIFTY,2026-01-27,60700.0,157.8,141840.0,650970.0,1120.55,29970.0,12120.0,0.0,0.0,0.0,0.0,2026-01-13 23:17,803509
BANKNIFTY,2026-01-27,60800.0,139.95,152670.0,509580.0,1178.65,20070.0,8040.0,0.0,0.0,0.0,0.0,2026-01-13 23:17,873387
BANKNIFTY,2026-01-27,60900.0,122.35,104490.0,429720.0,1282.0,35730.0,18300.0,0.0,0.0,0.0,0.0,2026-01-13 23:17,945884
BANKNIFTY,2026-01-27,61000.0,106.8,789450.0,1726020.0,1360.2,129420.0,103080.0,0.0,0.0,0.0,0.0,2026-01-13 23:17,1016710
BANKNIFTY,2026-01-27,61100.0,94.0,79830.0,341670.0,1433.0,6600.0,390.0,0.0,0.0,0.0,0.0,2026-01-13 23:17,1090854
BANKNIFTY,2026-01-27,61200.0,82.65,115680.0,503820.0,1537.05,6090.0,90.0,0.0,0.0,0.0,0.0,2026-01-13 23:17,1174839
BANKNIFTY,2026-01-27,61300.0,72.4,86970.0,346980.0,1620.2,6240.0,30.0,0.0,0.0,0.0,0.0,2026-01-13 23:17,1260258
BANKNIFTY,2026-01-27,61400.0,63.75,84420.0,253080.0,1870.65,2250.0,150.0,0.0,0.0,0.0,0.0,2026-01-13 23:17,1346207
BANKNIFTY,2026-01-27,61500.0,56.9,487260.0,999180.0,1812.55,21480.0,10230.0,0.0,0.0,0.0,0.0,2026-01-13 23:17,1433522
BANKNIFTY,2026-01-27,61600.0,50.1,74580.0,235290.0,2054.3,1500.0,0.0,0.0,0.0,0.0,0.0,2026-01-13 23:17,1524686
BANKNIFTY,2026-01-27,61700.0,44.35,78150.0,206790.0,1955.1,1080.0,780.0,0.0,0.0,0.0,0.0,2026-01-13 23:17,1617797
BANKNIFTY,2026-01-27,61800.0,41.45,72090.0,178470.0,2096.75,1680.0,0.0,0.0,0.0,0.0,0.0,2026-01-13 23:17,1711771
BANKNIFTY,2026-01-27,61900.0,35.7,48870.0,127860.0,2210.85,1470.0,60.0,0.0,0.0,0.0,0.0,2026-01-13 23:17,1806293
BANKNIFTY,2026-01-27,62000.0,34.4,730020.0,861780.0,2293.0,90060.0,6330.0,0.0,0.0,0.0,0.0,2026-01-13 23:17,1901221
BANKNIFTY,2026-01-27,62100.0,30.8,48150.0,81060.0,2147.1,0.0,0.0,0.0,0.0,0.0,0.0,2026-01-13 23:17,1986361
BANKNIFTY,2026-01-27,62200.0,28.95,31050.0,77430.0,1900.0,60.0,0.0,0.0,0.0,0.0,0.0,2026-01-13 23:17,2090271
BANKNIFTY,2026-01-27,62300.0,27.8,37830.0,65010.0,3049.7,30.0,0.0,0.0,0.0,0.0,0.0,2026-01-13 23:17,2194422
BANKNIFTY,2026-01-27,62400.0,25.55,43110.0,33870.0,0.0,0.0,0.0,0.0,0.0,0.0,0.0,2026-01-13 23:17,2298969
BANKNIFTY,2026-01-27,62500.0,22.25,423870.0,537150.0,2775.4,9090.0,540.0,0.0,0.0,0.0,0.0,2026-01-13 23:17,2403961
BANKNIFTY,2026-01-27,62600.0,20.2,32100.0,49980.0,0.0,0.0,0.0,0.0,0.0,0.0,0.0,2026-01-13 23:17,2511593
BANKNIFTY,2026-01-27,62700.0,19.0,29010.0,43560.0,2542.05,60.0,0.0,0.0,0.0,0.0,0.0,2026-01-13 23:17,2621191
BANKNIFTY,2026-01-27,62800.0,18.25,25500.0,57750.0,0.0,0.0,0.0,0.0,0.0,0.0,0.0,2026-01-13 23:17,2731054
BANKNIFTY,2026-01-27,62900.0,17.7,19080.0,35640.0,0.0,0.0,0.0,0.0,0.0,0.0,0.0,2026-01-13 23:17,2841179
BANKNIFTY,2026-01-27,63000.0,17.0,740850.0,558480.0,3300.0,52350.0,1470.0,0.0,0.0,0.0,0.0,2026-01-13 23:17,2951482
BANKNIFTY,2026-01-27,63100.0,15.6,24660.0,18210.0,3048.85,450.0,0.0,0.0,0.0,0.0,0.0,2026-01-13 23:17,3053667
BANKNIFTY,2026-01-27,63200.0,15.7,19650.0,32400.0,0.0,0.0,0.0,0.0,0.0,0.0,0.0,2026-01-13 23:17,3172021
BANKNIFTY,2026-01-27,63300.0,14.1,9510.0,13290.0,3380.0,0.0,0.0,0.0,0.0,0.0,0.0,2026-01-13 23:17,3290700
BANKNIFTY,2026-01-27,63400.0,14.5,14790.0,19470.0,0.0,0.0,0.0,0.0,0.0,0.0,0.0,2026-01-13 23:17,3409458
BANKNIFTY,2026-01-27,63500.0,14.35,322740.0,350220.0,3600.0,1860.0,0.0,0.0,0.0,0.0,0.0,2026-01-13 23:17,3528371
BANKNIFTY,2026-01-27,63600.0,13.2,10890.0,42420.0,0.0,0.0,0.0,0.0,0.0,0.0,0.0,2026-01-13 23:17,3650302
BANKNIFTY,2026-01-27,63700.0,12.5,5130.0,12330.0,0.0,0.0,0.0,0.0,0.0,0.0,0.0,2026-01-13 23:17,3772563
BANKNIFTY,2026-01-27,63800.0,11.85,11640.0,21180.0,0.0,0.0,0.0,0.0,0.0,0.0,0.0,2026-01-13 23:17,3894868
BANKNIFTY,2026-01-27,63900.0,11.6,7080.0,17190.0,0.0,0.0,0.0,0.0,0.0,0.0,0.0,2026-01-13 23:17,4017296
BANKNIFTY,2026-01-27,64000.0,11.7,224430.0,351780.0,4230.0,12180.0,600.0,0.0,0.0,0.0,0.0,2026-01-13 23:17,4139789
BANKNIFTY,2026-01-27,64100.0,10.8,10560.0,11340.0,0.0,0.0,0.0,0.0,0.0,0.0,0.0,2026-01-13 23:17,4259751
BANKNIFTY,2026-01-27,64200.0,10.4,5160.0,10140.0,3800.0,30.0,0.0,0.0,0.0,0.0,0.0,2026-01-13 23:17,4384719
BANKNIFTY,2026-01-27,64300.0,10.35,6390.0,8070.0,0.0,0.0,0.0,0.0,0.0,0.0,0.0,2026-01-13 23:17,4509722
BANKNIFTY,2026-01-27,64400.0,9.5,4830.0,4260.0,0.0,0.0,0.0,0.0,0.0,0.0,0.0,2026-01-13 23:17,4634801
BANKNIFTY,2026-01-27,64500.0,9.45,77490.0,102840.0,4210.7,570.0,0.0,0.0,0.0,0.0,0.0,2026-01-13 23:17,4759927
BANKNIFTY,2026-01-27,64600.0,9.0,2910.0,1590.0,4490.0,30.0,0.0,0.0,0.0,0.0,0.0,2026-01-13 23:17,4885662
BANKNIFTY,2026-01-27,64700.0,8.55,6810.0,1980.0,0.0,0.0,0.0,0.0,0.0,0.0,0.0,2026-01-13 23:17,5011582
BANKNIFTY,2026-01-27,64800.0,8.25,4140.0,8760.0,0.0,0.0,0.0,0.0,0.0,0.0,0.0,2026-01-13 23:17,5137587
BANKNIFTY,2026-01-27,64900.0,7.9,4440.0,13800.0,0.0,0.0,0.0,0.0,0.0,0.0,0.0,2026-01-13 23:17,5263631
BANKNIFTY,2026-01-27,65000.0,7.25,433200.0,261840.0,5237.4,70410.0,7830.0,0.0,0.0,0.0,0.0,2026-01-13 23:17,5389719
BANKNIFTY,2026-01-27,65100.0,0.0,0.0,0.0,0.0,0.0,0.0,0.0,0.0,0.0,0.0,2026-01-13 23:17,5484278
BANKNIFTY,2026-01-27,65200.0,7.4,840.0,2730.0,0.0,0.0,0.0,0.0,0.0,0.0,0.0,2026-01-13 23:17,5615399
BANKNIFTY,2026-01-27,65500.0,6.05,64110.0,40740.0,5333.0,1410.0,0.0,0.0,0.0,0.0,0.0,2026-01-13 23:17,6008788
BANKNIFTY,2026-01-27,66000.0,4.85,153120.0,137370.0,6324.95,1500.0,0.0,0.0,0.0,0.0,0.0,2026-01-13 23:17,6666997
BANKNIFTY,2026-01-27,66500.0,4.5,56070.0,62700.0,0.0,0.0,0.0,0.0,0.0,0.0,0.0,2026-01-13 23:17,7332777
BANKNIFTY,2026-01-27,67000.0,4.45,87450.0,84300.0,7218.75,15870.0,240.0,0.0,0.0,0.0,0.0,2026-01-13 23:17,8002260
BANKNIFTY,2026-01-27,67500.0,4.35,242730.0,133440.0,7700.0,3030.0,0.0,0.0,0.0,0.0,0.0,2026-01-13 23:17,8665466
BDL,2026-01-27,1080.0,338.0,350.0,0.0,0.0,0.0,0.0,1520.2,1544.9,1502.3,-0.835,2026-01-13 23:17,85012
BDL,2026-01-27,1160.0,397.45,3150.0,0.0,0.4,5950.0,0.0,1520.2,1544.9,1502.3,-0.835,2026-01-13 23:17,64187
BDL,2026-01-27,1200.0,280.0,700.0,0.0,0.65,51100.0,12600.0,1520.2,1544.9,1502.3,-0.835,2026-01-13 23:17,53929
BDL,2026-01-27,1220.0,287.5,1750.0,0.0,1.0,12600.0,0.0,1520.2,1544.9,1502.3,-0.835,2026-01-13 23:17,48858
BDL,2026-01-27,1240.0,0.0,0.0,0.0,1.05,24150.0,4550.0,1520.2,1544.9,1502.3,-0.835,2026-01-13 23:17,43848
BDL,2026-01-27,1260.0,0.0,0.0,0.0,1.2,16800.0,5250.0,1520.2,1544.9,1502.3,-0.835,2026-01-13 23:17,38835
BDL,2026-01-27,1280.0,302.5,2100.0,0.0,1.6,84700.0,25200.0,1520.2,1544.9,1502.3,-0.835,2026-01-13 23:17,33856
BDL,2026-01-27,1300.0,207.75,7000.0,700.0,1.85,95900.0,55300.0,1520.2,1544.9,1502.3,-0.835,2026-01-13 23:17,29102
BDL,2026-01-27,1320.0,249.3,3500.0,0.0,2.2,22050.0,15400.0,1520.2,1544.9,1502.3,-0.835,2026-01-13 23:17,24632
BDL,2026-01-27,1340.0,163.15,17150.0,0.0,2.7,67900.0,21350.0,1520.2,1544.9,1502.3,-0.835,2026-01-13 23:17,20168
BDL,2026-01-27,1360.0,195.55,8750.0,0.0,3.65,147000.0,34650.0,1520.2,1544.9,1502.3,-0.835,2026-01-13 23:17,16053
BDL,2026-01-27,1380.0,151.45,15400.0,0.0,4.85,29400.0,32200.0,1520.2,1544.9,1502.3,-0.835,2026-01-13 23:17,12106
BDL,2026-01-27,1400.0,116.25,50400.0,3850.0,6.5,336000.0,157500.0,1520.2,1544.9,1502.3,-0.835,2026-01-13 23:17,8350
BDL,2026-01-27,1420.0,99.8,30450.0,3500.0,8.6,150150.0,24150.0,1520.2,1544.9,1502.3,-0.835,2026-01-13 23:17,5515
BDL,2026-01-27,1440.0,99.2,32900.0,8050.0,11.95,145950.0,171150.0,1520.2,1544.9,1502.3,-0.835,2026-01-13 23:17,2848
BDL,2026-01-27,1460.0,81.0,81200.0,7350.0,16.6,296800.0,136850.0,1520.2,1544.9,1502.3,-0.835,2026-01-13 23:17,516
BDL,2026-01-27,1480.0,68.7,75600.0,16800.0,22.65,100100.0,173950.0,1520.2,1544.9,1502.3,-0.835,2026-01-13 23:17,-1045
BDL,2026-01-27,1500.0,56.95,382550.0,677600.0,29.5,288050.0,364000.0,1520.2,1544.9,1502.3,-0.835,2026-01-13 23:17,-2129
BDL,2026-01-27,1520.0,45.3,208950.0,712250.0,38.9,106400.0,176750.0,1520.2,1544.9,1502.3,-0.835,2026-01-13 23:17,-835
BDL,2026-01-27,1540.0,36.25,430150.0,663950.0,48.6,174650.0,208600.0,1520.2,1544.9,1502.3,-0.835,2026-01-13 23:17,293
BDL,2026-01-27,1560.0,28.4,579600.0,673750.0,61.65,180250.0,10500.0,1520.2,1544.9,1502.3,-0.835,2026-01-13 23:17,2808
BDL,2026-01-27,1580.0,22.05,305550.0,593600.0,75.6,50750.0,4550.0,1520.2,1544.9,1502.3,-0.835,2026-01-13 23:17,6668
BDL,2026-01-27,1600.0,16.8,704200.0,1248450.0,106.15,88900.0,7350.0,1520.2,1544.9,1502.3,-0.835,2026-01-13 23:17,10996
BDL,2026-01-27,1620.0,12.7,131950.0,199500.0,106.3,17150.0,2450.0,1520.2,1544.9,1502.3,-0.835,2026-01-13 23:17,16859
BDL,2026-01-27,1640.0,9.7,159950.0,175000.0,118.55,22400.0,0.0,1520.2,1544.9,1502.3,-0.835,2026-01-13 23:17,22766
BDL,2026-01-27,1660.0,7.4,285950.0,163450.0,143.5,9800.0,7000.0,1520.2,1544.9,1502.3,-0.835,2026-01-13 23:17,28943
BDL,2026-01-27,1680.0,5.7,114100.0,44800.0,169.85,4200.0,2100.0,1520.2,1544.9,1502.3,-0.835,2026-01-13 23:17,35892
BDL,2026-01-27,1700.0,4.6,267400.0,263900.0,179.4,36750.0,1400.0,1520.2,1544.9,1502.3,-0.835,2026-01-13 23:17,43000
BDL,2026-01-27,1720.0,4.05,82950.0,68600.0,185.2,2450.0,0.0,1520.2,1544.9,1502.3,-0.835,2026-01-13 23:17,50187
BDL,2026-01-27,1760.0,2.55,159250.0,161000.0,293.0,36750.0,0.0,1520.2,1544.9,1502.3,-0.835,2026-01-13 23:17,65963
BEL,2026-01-27,320.0,74.05,5700.0,0.0,0.15,27075.0,1425.0,413.35,422.35,409.4,-1.041,2026-01-13 23:17,200290
BEL,2026-01-27,330.0,0.0,0.0,0.0,0.1,27075.0,0.0,413.35,422.35,409.4,-1.041,2026-01-13 23:17,169363
BEL,2026-01-27,335.0,61.0,4275.0,0.0,0.2,29925.0,78375.0,413.35,422.35,409.4,-1.041,2026-01-13 23:17,153892
BEL,2026-01-27,340.0,74.95,11400.0,0.0,0.2,397575.0,0.0,413.35,422.35,409.4,-1.041,2026-01-13 23:17,138464
BEL,2026-01-27,345.0,0.0,0.0,0.0,0.2,245100.0,8550.0,413.35,422.35,409.4,-1.041,2026-01-13 23:17,123293
BEL,2026-01-27,350.0,67.8,741000.0,0.0,0.25,1603125.0,39900.0,413.35,422.35,409.4,-1.041,2026-01-13 23:17,108162
BEL,2026-01-27,355.0,46.85,8550.0,0.0,0.35,235125.0,18525.0,413.35,422.35,409.4,-1.041,2026-01-13 23:17,99191
BEL,2026-01-27,360.0,54.0,179550.0,0.0,0.35,739575.0,196650.0,413.35,422.35,409.4,-1.041,2026-01-13 23:17,85391
BEL,2026-01-27,365.0,49.0,7125.0,0.0,0.4,172425.0,101175.0,413.35,422.35,409.4,-1.041,2026-01-13 23:17,72961
BEL,2026-01-27,370.0,45.0,49875.0,15675.0,0.5,876375.0,225150.0,413.35,422.35,409.4,-1.041,2026-01-13 23:17,59706
BEL,2026-01-27,375.0,39.0,17100.0,15675.0,0.65,468825.0,326325.0,413.35,422.35,409.4,-1.041,2026-01-13 23:17,47067
BEL,2026-01-27,380.0,34.6,551475.0,62700.0,0.95,1482000.0,548625.0,413.35,422.35,409.4,-1.041,2026-01-13 23:17,34526
BEL,2026-01-27,385.0,30.7,212325.0,22800.0,1.2,1181325.0,1185600.0,413.35,422.35,409.4,-1.041,2026-01-13 23:17,24733
BEL,2026-01-27,390.0,25.5,1195575.0,132525.0,1.7,2342700.0,2010675.0,413.35,422.35,409.4,-1.041,2026-01-13 23:17,14380
BEL,2026-01-27,395.0,21.1,1338075.0,109725.0,2.5,1557525.0,2549325.0,413.35,422.35,409.4,-1.041,2026-01-13 23:17,7936
BEL,2026-01-27,400.0,17.2,4729575.0,1132875.0,3.5,5124300.0,9363675.0,413.35,422.35,409.4,-1.041,2026-01-13 23:17,2723
BEL,2026-01-27,405.0,13.8,1661550.0,853575.0,4.95,2500875.0,7833225.0,413.35,422.35,409.4,-1.041,2026-01-13 23:17,6345
BEL,2026-01-27,410.0,10.75,3042375.0,6673275.0,6.9,2979675.0,11653650.0,413.35,422.35,409.4,-1.041,2026-01-13 23:17,6762
BEL,2026-01-27,415.0,8.25,3223350.0,9956475.0,9.35,2708925.0,6640500.0,413.35,422.35,409.4,-1.041,2026-01-13 23:17,10349
BEL,2026-01-27,420.0,6.15,11008125.0,18751575.0,12.3,3514050.0,5829675.0,413.35,422.35,409.4,-1.041,2026-01-13 23:17,15814
BEL,2026-01-27,425.0,4.55,4961850.0,9707100.0,15.5,827925.0,1593150.0,413.35,422.35,409.4,-1.041,2026-01-13 23:17,30862
BEL,2026-01-27,430.0,3.3,5707125.0,17377875.0,19.25,846450.0,485925.0,413.35,422.35,409.4,-1.041,2026-01-13 23:17,47331
BEL,2026-01-27,435.0,2.35,2332725.0,7954350.0,23.55,86925.0,262200.0,413.35,422.35,409.4,-1.041,2026-01-13 23:17,66356
BEL,2026-01-27,440.0,1.7,5024550.0,7194825.0,27.7,366225.0,57000.0,413.35,422.35,409.4,-1.041,2026-01-13 23:17,86681
BEL,2026-01-27,445.0,1.35,1473450.0,2428200.0,25.45,31350.0,0.0,413.35,422.35,409.4,-1.041,2026-01-13 23:17,109197
BEL,2026-01-27,450.0,1.05,2895600.0,3823275.0,38.55,431775.0,32775.0,413.35,422.35,409.4,-1.041,2026-01-13 23:17,132746
BEL,2026-01-27,455.0,0.85,961875.0,725325.0,40.95,8550.0,0.0,413.35,422.35,409.4,-1.041,2026-01-13 23:17,156478
BEL,2026-01-27,460.0,0.65,1935150.0,1536150.0,43.45,85500.0,0.0,413.35,422.35,409.4,-1.041,2026-01-13 23:17,182103
BEL,2026-01-27,470.0,0.5,696825.0,374775.0,57.5,72675.0,4275.0,413.35,422.35,409.4,-1.041,2026-01-13 23:17,235034
BEL,2026-01-27,480.0,0.3,1168500.0,817950.0,63.0,29925.0,0.0,413.35,422.35,409.4,-1.041,2026-01-13 23:17,288597
BHARATFORG,2026-01-27,1200.0,270.4,4500.0,0.0,0.85,11500.0,0.0,1460.3,1467.6,1448.0,0.254,2026-01-13 23:17,48214
BHARATFORG,2026-01-27,1240.0,215.0,4500.0,0.0,0.0,0.0,0.0,1460.3,1467.6,1448.0,0.254,2026-01-13 23:17,38409
BHARATFORG,2026-01-27,1260.0,0.0,0.0,0.0,1.35,1500.0,0.0,1460.3,1467.6,1448.0,0.254,2026-01-13 23:17,33552
BHARATFORG,2026-01-27,1280.0,179.55,11000.0,3000.0,1.45,43000.0,16500.0,1460.3,1467.6,1448.0,0.254,2026-01-13 23:17,28601
BHARATFORG,2026-01-27,1300.0,182.7,2000.0,0.0,1.85,157000.0,103000.0,1460.3,1467.6,1448.0,0.254,2026-01-13 23:17,23949
BHARATFORG,2026-01-27,1320.0,127.35,28000.0,0.0,2.2,100000.0,64000.0,1460.3,1467.6,1448.0,0.254,2026-01-13 23:17,19431
BHARATFORG,2026-01-27,1340.0,120.6,5000.0,1000.0,2.7,91000.0,64000.0,1460.3,1467.6,1448.0,0.254,2026-01-13 23:17,15497
BHARATFORG,2026-01-27,1360.0,111.5,1000.0,1500.0,3.65,158500.0,105000.0,1460.3,1467.6,1448.0,0.254,2026-01-13 23:17,11456
BHARATFORG,2026-01-27,1380.0,83.55,23500.0,500.0,5.25,155500.0,167000.0,1460.3,1467.6,1448.0,0.254,2026-01-13 23:17,7651
BHARATFORG,2026-01-27,1400.0,73.0,67000.0,15500.0,8.5,363500.0,329000.0,1460.3,1467.6,1448.0,0.254,2026-01-13 23:17,4366
BHARATFORG,2026-01-27,1420.0,54.0,47000.0,15500.0,13.0,155500.0,157000.0,1460.3,1467.6,1448.0,0.254,2026-01-13 23:17,2007
BHARATFORG,2026-01-27,1440.0,40.75,231000.0,165500.0,19.45,288500.0,459500.0,1460.3,1467.6,1448.0,0.254,2026-01-13 23:17,-74
BHARATFORG,2026-01-27,1460.0,30.0,475500.0,422500.0,27.1,567500.0,190500.0,1460.3,1467.6,1448.0,0.254,2026-01-13 23:17,-789
BHARATFORG,2026-01-27,1480.0,21.05,320500.0,449500.0,37.75,152000.0,41500.0,1460.3,1467.6,1448.0,0.254,2026-01-13 23:17,89
BHARATFORG,2026-01-27,1500.0,14.7,735500.0,384000.0,51.0,123000.0,24500.0,1460.3,1467.6,1448.0,0.254,2026-01-13 23:17,2126
BHARATFORG,2026-01-27,1520.0,9.8,238000.0,229500.0,69.35,28000.0,2000.0,1460.3,1467.6,1448.0,0.254,2026-01-13 23:17,6233
BHARATFORG,2026-01-27,1540.0,6.5,237500.0,192000.0,82.1,28500.0,1000.0,1460.3,1467.6,1448.0,0.254,2026-01-13 23:17,10457
BHARATFORG,2026-01-27,1560.0,4.55,224500.0,73500.0,100.0,17500.0,500.0,1460.3,1467.6,1448.0,0.254,2026-01-13 23:17,15094
BHARATFORG,2026-01-27,1580.0,3.25,183500.0,33500.0,148.65,4500.0,0.0,1460.3,1467.6,1448.0,0.254,2026-01-13 23:17,20223
BHARATFORG,2026-01-27,1600.0,2.6,441000.0,128500.0,140.25,22500.0,6500.0,1460.3,1467.6,1448.0,0.254,2026-01-13 23:17,25792
BHARATFORG,2026-01-27,1620.0,1.95,36000.0,17000.0,0.0,0.0,0.0,1460.3,1467.6,1448.0,0.254,2026-01-13 23:17,32095
BHARATFORG,2026-01-27,1640.0,1.75,148500.0,74500.0,195.2,28500.0,0.0,1460.3,1467.6,1448.0,0.254,2026-01-13 23:17,38678
BHARATFORG,2026-01-27,1680.0,1.05,120000.0,0.0,0.0,0.0,0.0,1460.3,1467.6,1448.0,0.254,2026-01-13 23:17,52008
BHARTIARTL,2026-01-27,1680.0,446.0,3800.0,0.0,0.0,0.0,0.0,2025.3,2049.9,2014.9,-0.915,2026-01-13 23:17,213500
BHARTIARTL,2026-01-27,1720.0,0.0,0.0,0.0,0.75,36100.0,43225.0,2025.3,2049.9,2014.9,-0.915,2026-01-13 23:17,187924
BHARTIARTL,2026-01-27,1760.0,335.4,5700.0,0.0,0.5,19475.0,0.0,2025.3,2049.9,2014.9,-0.915,2026-01-13 23:17,162321
BHARTIARTL,2026-01-27,1800.0,230.4,19475.0,3325.0,0.95,64600.0,21375.0,2025.3,2049.9,2014.9,-0.915,2026-01-13 23:17,137011
BHARTIARTL,2026-01-27,1820.0,0.0,0.0,0.0,1.25,16150.0,20900.0,2025.3,2049.9,2014.9,-0.915,2026-01-13 23:17,124872
BHARTIARTL,2026-01-27,1840.0,0.0,0.0,0.0,1.45,103550.0,17575.0,2025.3,2049.9,2014.9,-0.915,2026-01-13 23:17,112320
BHARTIARTL,2026-01-27,1860.0,251.0,475.0,0.0,1.6,23750.0,13300.0,2025.3,2049.9,2014.9,-0.915,2026-01-13 23:17,99963
BHARTIARTL,2026-01-27,1880.0,0.0,0.0,0.0,2.1,40375.0,104500.0,2025.3,2049.9,2014.9,-0.915,2026-01-13 23:17,87677
BHARTIARTL,2026-01-27,1900.0,139.75,53675.0,2850.0,2.75,177175.0,175275.0,2025.3,2049.9,2014.9,-0.915,2026-01-13 23:17,75455
BHARTIARTL,2026-01-27,1920.0,117.0,31350.0,8075.0,3.6,142975.0,380950.0,2025.3,2049.9,2014.9,-0.915,2026-01-13 23:17,64405
BHARTIARTL,2026-01-27,1940.0,92.65,19000.0,15200.0,5.2,503500.0,709650.0,2025.3,2049.9,2014.9,-0.915,2026-01-13 23:17,53318
BHARTIARTL,2026-01-27,1960.0,81.15,31350.0,18050.0,7.4,450775.0,795150.0,2025.3,2049.9,2014.9,-0.915,2026-01-13 23:17,42874
BHARTIARTL,2026-01-27,1980.0,64.4,64600.0,37525.0,11.35,273600.0,986100.0,2025.3,2049.9,2014.9,-0.915,2026-01-13 23:17,33401
BHARTIARTL,2026-01-27,2000.0,48.35,325850.0,880175.0,16.3,785175.0,1406950.0,2025.3,2049.9,2014.9,-0.915,2026-01-13 23:17,24790
BHARTIARTL,2026-01-27,2020.0,36.3,273600.0,1426425.0,23.55,460750.0,1342350.0,2025.3,2049.9,2014.9,-0.915,2026-01-13 23:17,18590
BHARTIARTL,2026-01-27,2040.0,26.0,548150.0,2124200.0,33.35,413725.0,939550.0,2025.3,2049.9,2014.9,-0.915,2026-01-13 23:17,13472
BHARTIARTL,2026-01-27,2060.0,18.5,767600.0,1637800.0,45.9,371450.0,319200.0,2025.3,2049.9,2014.9,-0.915,2026-01-13 23:17,10415
BHARTIARTL,2026-01-27,2080.0,13.0,1206975.0,1585550.0,61.15,618450.0,122075.0,2025.3,2049.9,2014.9,-0.915,2026-01-13 23:17,9305
BHARTIARTL,2026-01-27,2100.0,9.2,2438175.0,2649075.0,76.45,741475.0,44175.0,2025.3,2049.9,2014.9,-0.915,2026-01-13 23:17,9919
BHARTIARTL,2026-01-27,2120.0,6.85,1608825.0,1467750.0,91.5,454575.0,15200.0,2025.3,2049.9,2014.9,-0.915,2026-01-13 23:17,15679
BHARTIARTL,2026-01-27,2140.0,5.0,1325250.0,1714750.0,118.7,311600.0,5700.0,2025.3,2049.9,2014.9,-0.915,2026-01-13 23:17,25934
BHARTIARTL,2026-01-27,2160.0,3.95,1617850.0,789925.0,129.45,76950.0,12825.0,2025.3,2049.9,2014.9,-0.915,2026-01-13 23:17,39484
BHARTIARTL,2026-01-27,2180.0,3.0,595650.0,458375.0,93.25,28975.0,0.0,2025.3,2049.9,2014.9,-0.915,2026-01-13 23:17,59102
BHARTIARTL,2026-01-27,2200.0,2.6,2198775.0,875900.0,168.55,223725.0,2850.0,2025.3,2049.9,2014.9,-0.915,2026-01-13 23:17,80236
BHARTIARTL,2026-01-27,2220.0,2.05,395200.0,208525.0,104.7,9025.0,0.0,2025.3,2049.9,2014.9,-0.915,2026-01-13 23:17,103106
BHARTIARTL,2026-01-27,2240.0,1.75,244150.0,98325.0,149.7,19000.0,0.0,2025.3,2049.9,2014.9,-0.915,2026-01-13 23:17,129971
BHARTIARTL,2026-01-27,2260.0,1.5,504925.0,72200.0,113.95,950.0,0.0,2025.3,2049.9,2014.9,-0.915,2026-01-13 23:17,157134
BHARTIARTL,2026-01-27,2280.0,1.35,410400.0,240350.0,130.55,475.0,0.0,2025.3,2049.9,2014.9,-0.915,2026-01-13 23:17,185616
BHARTIARTL,2026-01-27,2300.0,1.1,270275.0,1243550.0,171.2,3800.0,0.0,2025.3,2049.9,2014.9,-0.915,2026-01-13 23:17,214903
BHARTIARTL,2026-01-27,2320.0,1.0,50350.0,10925.0,0.0,0.0,0.0,2025.3,2049.9,2014.9,-0.915,2026-01-13 23:17,244654
BHARTIARTL,2026-01-27,2340.0,0.85,48450.0,8075.0,211.25,5225.0,0.0,2025.3,2049.9,2014.9,-0.915,2026-01-13 23:17,274546
BHARTIARTL,2026-01-27,2360.0,0.8,28975.0,16150.0,0.0,0.0,0.0,2025.3,2049.9,2014.9,-0.915,2026-01-13 23:17,304434
BHARTIARTL,2026-01-27,2400.0,0.6,50350.0,7125.0,280.0,62700.0,0.0,2025.3,2049.9,2014.9,-0.915,2026-01-13 23:17,364541
BHARTIARTL,2026-01-27,2440.0,0.5,2375.0,950.0,0.0,0.0,0.0,2025.3,2049.9,2014.9,-0.915,2026-01-13 23:17,423345
BHEL,2026-01-27,220.0,0.0,0.0,0.0,0.55,821625.0,504000.0,265.1,269.75,262.45,-1.045,2026-01-13 23:17,166031
BHEL,2026-01-27,222.5,0.0,0.0,0.0,0.55,147000.0,81375.0,265.1,269.75,262.45,-1.045,2026-01-13 23:17,156384
BHEL,2026-01-27,225.0,0.0,0.0,0.0,0.6,210000.0,173250.0,265.1,269.75,262.45,-1.045,2026-01-13 23:17,146811
BHEL,2026-01-27,227.5,0.0,0.0,0.0,1.0,55125.0,2625.0,265.1,269.75,262.45,-1.045,2026-01-13 23:17,137286
BHEL,2026-01-27,230.0,0.0,0.0,0.0,0.9,782250.0,1189125.0,265.1,269.75,262.45,-1.045,2026-01-13 23:17,127782
BHEL,2026-01-27,232.5,0.0,0.0,0.0,0.0,0.0,0.0,265.1,269.75,262.45,-1.045,2026-01-13 23:17,118409
BHEL,2026-01-27,235.0,32.0,60375.0,21000.0,1.2,1023750.0,304500.0,265.1,269.75,262.45,-1.045,2026-01-13 23:17,109106
BHEL,2026-01-27,237.5,0.0,0.0,0.0,1.4,236250.0,86625.0,265.1,269.75,262.45,-1.045,2026-01-13 23:17,100144
BHEL,2026-01-27,240.0,28.35,118125.0,10500.0,1.7,1834875.0,1320375.0,265.1,269.75,262.45,-1.045,2026-01-13 23:17,91138
BHEL,2026-01-27,242.5,24.9,5250.0,31500.0,1.9,231000.0,91875.0,265.1,269.75,262.45,-1.045,2026-01-13 23:17,82676
BHEL,2026-01-27,245.0,33.3,21000.0,0.0,2.25,758625.0,590625.0,265.1,269.75,262.45,-1.045,2026-01-13 23:17,74220
BHEL,2026-01-27,247.5,24.6,10500.0,0.0,2.65,246750.0,118125.0,265.1,269.75,262.45,-1.045,2026-01-13 23:17,65889
BHEL,2026-01-27,250.0,19.3,259875.0,131250.0,3.25,3543750.0,3501750.0,265.1,269.75,262.45,-1.045,2026-01-13 23:17,57683
BHEL,2026-01-27,252.5,21.0,84000.0,0.0,3.8,427875.0,372750.0,265.1,269.75,262.45,-1.045,2026-01-13 23:17,49817
BHEL,2026-01-27,255.0,15.65,210000.0,404250.0,4.5,1223250.0,2199750.0,265.1,269.75,262.45,-1.045,2026-01-13 23:17,42743
BHEL,2026-01-27,257.5,14.1,168000.0,31500.0,5.15,679875.0,1047375.0,265.1,269.75,262.45,-1.045,2026-01-13 23:17,35792
BHEL,2026-01-27,260.0,12.0,2693250.0,1695750.0,6.05,4047750.0,6268500.0,265.1,269.75,262.45,-1.045,2026-01-13 23:17,29162
BHEL,2026-01-27,262.5,10.55,286125.0,947625.0,7.0,695625.0,1393875.0,265.1,269.75,262.45,-1.045,2026-01-13 23:17,25113
BHEL,2026-01-27,265.0,9.35,1548750.0,3202500.0,8.2,1590750.0,4433625.0,265.1,269.75,262.45,-1.045,2026-01-13 23:17,20341
BHEL,2026-01-27,267.5,8.0,514500.0,1771875.0,9.4,420000.0,1123500.0,265.1,269.75,262.45,-1.045,2026-01-13 23:17,16683
BHEL,2026-01-27,270.0,6.85,3530625.0,9001125.0,10.8,3780000.0,3105375.0,265.1,269.75,262.45,-1.045,2026-01-13 23:17,13132
BHEL,2026-01-27,272.5,6.0,378000.0,1110375.0,12.35,588000.0,724500.0,265.1,269.75,262.45,-1.045,2026-01-13 23:17,9728
BHEL,2026-01-27,275.0,5.05,2362500.0,3738000.0,14.3,1575000.0,580125.0,265.1,269.75,262.45,-1.045,2026-01-13 23:17,7730
BHEL,2026-01-27,277.5,4.5,850500.0,1225875.0,15.45,441000.0,102375.0,265.1,269.75,262.45,-1.045,2026-01-13 23:17,6156
BHEL,2026-01-27,280.0,3.8,8759625.0,8764875.0,17.75,3688125.0,666750.0,265.1,269.75,262.45,-1.045,2026-01-13 23:17,5666
BHEL,2026-01-27,282.5,3.4,850500.0,724500.0,19.0,569625.0,94500.0,265.1,269.75,262.45,-1.045,2026-01-13 23:17,5368
BHEL,2026-01-27,285.0,2.85,3102750.0,2651250.0,21.0,1929375.0,94500.0,265.1,269.75,262.45,-1.045,2026-01-13 23:17,7850
BHEL,2026-01-27,287.5,2.45,658875.0,532875.0,23.45,525000.0,39375.0,265.1,269.75,262.45,-1.045,2026-01-13 23:17,9216
BHEL,2026-01-27,290.0,2.15,5593875.0,4276125.0,25.6,1827000.0,338625.0,265.1,269.75,262.45,-1.045,2026-01-13 23:17,12976
BHEL,2026-01-27,292.5,1.85,532875.0,228375.0,28.1,399000.0,86625.0,265.1,269.75,262.45,-1.045,2026-01-13 23:17,16186
BHEL,2026-01-27,295.0,1.7,3593625.0,2491125.0,29.95,847875.0,78750.0,265.1,269.75,262.45,-1.045,2026-01-13 23:17,22081
BHEL,2026-01-27,297.5,1.5,892500.0,136500.0,33.55,433125.0,31500.0,265.1,269.75,262.45,-1.045,2026-01-13 23:17,28180
BHEL,2026-01-27,300.0,1.35,17120250.0,5234250.0,35.0,1449000.0,44625.0,265.1,269.75,262.45,-1.045,2026-01-13 23:17,35221
BHEL,2026-01-27,302.5,1.2,981750.0,391125.0,35.05,312375.0,0.0,265.1,269.75,262.45,-1.045,2026-01-13 23:17,45462
BHEL,2026-01-27,305.0,1.0,3806250.0,1433250.0,39.05,511875.0,10500.0,265.1,269.75,262.45,-1.045,2026-01-13 23:17,57810
BHEL,2026-01-27,307.5,0.95,569625.0,249375.0,39.7,637875.0,0.0,265.1,269.75,262.45,-1.045,2026-01-13 23:17,70596
BHEL,2026-01-27,310.0,0.8,5053125.0,3147375.0,43.2,325500.0,2625.0,265.1,269.75,262.45,-1.045,2026-01-13 23:17,82825
BHEL,2026-01-27,312.5,0.8,417375.0,99750.0,20.4,42000.0,0.0,265.1,269.75,262.45,-1.045,2026-01-13 23:17,97874
BHEL,2026-01-27,315.0,0.65,3640875.0,1218000.0,22.15,89250.0,0.0,265.1,269.75,262.45,-1.045,2026-01-13 23:17,113988
BHEL,2026-01-27,317.5,0.6,391125.0,94500.0,48.7,42000.0,10500.0,265.1,269.75,262.45,-1.045,2026-01-13 23:17,131125
BHEL,2026-01-27,320.0,0.6,4683000.0,1918875.0,60.0,136500.0,0.0,265.1,269.75,262.45,-1.045,2026-01-13 23:17,148151
BHEL,2026-01-27,322.5,0.5,223125.0,42000.0,0.0,0.0,0.0,265.1,269.75,262.45,-1.045,2026-01-13 23:17,166025
BHEL,2026-01-27,325.0,0.45,2013375.0,622125.0,47.1,44625.0,0.0,265.1,269.75,262.45,-1.045,2026-01-13 23:17,184504
BHEL,2026-01-27,327.5,0.45,233625.0,49875.0,0.0,0.0,0.0,265.1,269.75,262.45,-1.045,2026-01-13 23:17,203366
BHEL,2026-01-27,330.0,0.3,2722125.0,1212750.0,34.8,57750.0,0.0,265.1,269.75,262.45,-1.045,2026-01-13 23:17,222417
BHEL,2026-01-27,335.0,0.3,653625.0,15750.0,0.0,0.0,0.0,265.1,269.75,262.45,-1.045,2026-01-13 23:17,261768
BHEL,2026-01-27,340.0,0.2,1724625.0,299250.0,0.0,0.0,0.0,265.1,269.75,262.45,-1.045,2026-01-13 23:17,301586
BHEL,2026-01-27,345.0,0.15,540750.0,28875.0,0.0,0.0,0.0,265.1,269.75,262.45,-1.045,2026-01-13 23:17,342280
BIOCON,2026-01-27,310.0,0.0,0.0,0.0,0.0,0.0,0.0,376.6,383.95,369.5,1.291,2026-01-13 23:17,82214
BIOCON,2026-01-27,320.0,0.0,0.0,0.0,0.2,27500.0,10000.0,376.6,383.95,369.5,1.291,2026-01-13 23:17,67834
BIOCON,2026-01-27,330.0,43.85,15000.0,0.0,0.4,265000.0,82500.0,376.6,383.95,369.5,1.291,2026-01-13 23:17,53481
BIOCON,2026-01-27,335.0,0.0,0.0,0.0,0.5,127500.0,227500.0,376.6,383.95,369.5,1.291,2026-01-13 23:17,46500
BIOCON,2026-01-27,340.0,40.7,2500.0,0.0,0.65,412500.0,252500.0,376.6,383.95,369.5,1.291,2026-01-13 23:17,39521
BIOCON,2026-01-27,345.0,0.0,0.0,0.0,0.9,262500.0,250000.0,376.6,383.95,369.5,1.291,2026-01-13 23:17,32739
BIOCON,2026-01-27,350.0,28.5,50000.0,20000.0,1.25,1735000.0,1555000.0,376.6,383.95,369.5,1.291,2026-01-13 23:17,26082
BIOCON,2026-01-27,355.0,21.9,5000.0,0.0,1.65,562500.0,730000.0,376.6,383.95,369.5,1.291,2026-01-13 23:17,20266
BIOCON,2026-01-27,360.0,20.2,112500.0,140000.0,2.55,1172500.0,2115000.0,376.6,383.95,369.5,1.291,2026-01-13 23:17,14727
BIOCON,2026-01-27,365.0,15.75,365000.0,92500.0,3.8,782500.0,1882500.0,376.6,383.95,369.5,1.291,2026-01-13 23:17,9840
BIOCON,2026-01-27,370.0,12.6,902500.0,5610000.0,5.2,1792500.0,2595000.0,376.6,383.95,369.5,1.291,2026-01-13 23:17,5876
BIOCON,2026-01-27,375.0,9.5,482500.0,3600000.0,7.6,1165000.0,1310000.0,376.6,383.95,369.5,1.291,2026-01-13 23:17,3187
BIOCON,2026-01-27,380.0,7.6,1325000.0,7682500.0,10.2,1367500.0,927500.0,376.6,383.95,369.5,1.291,2026-01-13 23:17,690
BIOCON,2026-01-27,385.0,5.6,1315000.0,3215000.0,12.8,495000.0,77500.0,376.6,383.95,369.5,1.291,2026-01-13 23:17,-420
BIOCON,2026-01-27,390.0,4.4,2440000.0,7165000.0,16.4,1065000.0,132500.0,376.6,383.95,369.5,1.291,2026-01-13 23:17,-136
BIOCON,2026-01-27,395.0,3.45,2195000.0,2332500.0,22.15,677500.0,15000.0,376.6,383.95,369.5,1.291,2026-01-13 23:17,1124
BIOCON,2026-01-27,400.0,2.8,12162500.0,11705000.0,25.05,1412500.0,117500.0,376.6,383.95,369.5,1.291,2026-01-13 23:17,3750
BIOCON,2026-01-27,405.0,2.1,1597500.0,507500.0,35.45,165000.0,0.0,376.6,383.95,369.5,1.291,2026-01-13 23:17,13775
BIOCON,2026-01-27,410.0,1.65,2380000.0,1355000.0,38.35,132500.0,0.0,376.6,383.95,369.5,1.291,2026-01-13 23:17,24564
BIOCON,2026-01-27,415.0,1.3,897500.0,365000.0,36.65,40000.0,0.0,376.6,383.95,369.5,1.291,2026-01-13 23:17,36744
BIOCON,2026-01-27,420.0,1.15,3622500.0,1662500.0,44.9,325000.0,27500.0,376.6,383.95,369.5,1.291,2026-01-13 23:17,49478
BIOCON,2026-01-27,425.0,0.95,620000.0,97500.0,43.0,85000.0,0.0,376.6,383.95,369.5,1.291,2026-01-13 23:17,63172
BIOCON,2026-01-27,430.0,0.8,1295000.0,297500.0,47.85,50000.0,0.0,376.6,383.95,369.5,1.291,2026-01-13 23:17,77956
BIOCON,2026-01-27,435.0,0.7,217500.0,50000.0,43.3,2500.0,0.0,376.6,383.95,369.5,1.291,2026-01-13 23:17,93583
BIOCON,2026-01-27,440.0,0.5,535000.0,77500.0,71.05,65000.0,0.0,376.6,383.95,369.5,1.291,2026-01-13 23:17,109460
BIOCON,2026-01-27,445.0,0.4,185000.0,0.0,0.0,0.0,0.0,376.6,383.95,369.5,1.291,2026-01-13 23:17,125197
BIOCON,2026-01-27,450.0,0.35,597500.0,122500.0,71.8,177500.0,17500.0,376.6,383.95,369.5,1.291,2026-01-13 23:17,141469
BIOCON,2026-01-27,460.0,0.25,285000.0,102500.0,80.35,15000.0,0.0,376.6,383.95,369.5,1.291,2026-01-13 23:17,173521
BIOCON,2026-01-27,480.0,0.2,135000.0,5000.0,0.0,0.0,0.0,376.6,383.95,369.5,1.291,2026-01-13 23:17,240618
BLUESTARCO,2026-01-27,1440.0,351.2,3575.0,975.0,1.5,325.0,0.0,1788.7,1808.9,1760.6,-0.257,2026-01-13 23:17,13706
BLUESTARCO,2026-01-27,1480.0,0.0,0.0,0.0,0.6,0.0,0.0,1788.7,1808.9,1760.6,-0.257,2026-01-13 23:17,11753
BLUESTARCO,2026-01-27,1500.0,0.0,0.0,0.0,5.0,650.0,0.0,1788.7,1808.9,1760.6,-0.257,2026-01-13 23:17,10713
BLUESTARCO,2026-01-27,1520.0,297.95,0.0,0.0,0.0,0.0,0.0,1788.7,1808.9,1760.6,-0.257,2026-01-13 23:17,9675
BLUESTARCO,2026-01-27,1560.0,266.25,650.0,0.0,0.4,0.0,0.0,1788.7,1808.9,1760.6,-0.257,2026-01-13 23:17,7599
BLUESTARCO,2026-01-27,1580.0,258.0,650.0,0.0,4.75,1950.0,0.0,1788.7,1808.9,1760.6,-0.257,2026-01-13 23:17,6579
BLUESTARCO,2026-01-27,1600.0,245.05,325.0,0.0,2.85,32500.0,31525.0,1788.7,1808.9,1760.6,-0.257,2026-01-13 23:17,5564
BLUESTARCO,2026-01-27,1620.0,171.35,0.0,0.0,2.8,7800.0,11050.0,1788.7,1808.9,1760.6,-0.257,2026-01-13 23:17,4596
BLUESTARCO,2026-01-27,1640.0,0.0,0.0,0.0,3.5,29250.0,0.0,1788.7,1808.9,1760.6,-0.257,2026-01-13 23:17,3644
BLUESTARCO,2026-01-27,1660.0,0.0,0.0,0.0,3.25,975.0,3575.0,1788.7,1808.9,1760.6,-0.257,2026-01-13 23:17,2742
BLUESTARCO,2026-01-27,1680.0,0.0,0.0,0.0,4.6,86775.0,101075.0,1788.7,1808.9,1760.6,-0.257,2026-01-13 23:17,1852
BLUESTARCO,2026-01-27,1700.0,97.4,10400.0,1300.0,7.3,113750.0,111800.0,1788.7,1808.9,1760.6,-0.257,2026-01-13 23:17,1096
BLUESTARCO,2026-01-27,1720.0,80.7,16250.0,3575.0,10.6,20800.0,96525.0,1788.7,1808.9,1760.6,-0.257,2026-01-13 23:17,646
BLUESTARCO,2026-01-27,1740.0,64.35,5525.0,650.0,14.9,25350.0,19175.0,1788.7,1808.9,1760.6,-0.257,2026-01-13 23:17,361
BLUESTARCO,2026-01-27,1760.0,51.5,8125.0,3575.0,21.0,45175.0,34125.0,1788.7,1808.9,1760.6,-0.257,2026-01-13 23:17,27
BLUESTARCO,2026-01-27,1780.0,45.15,34125.0,18850.0,28.6,25350.0,76050.0,1788.7,1808.9,1760.6,-0.257,2026-01-13 23:17,-251
BLUESTARCO,2026-01-27,1800.0,32.4,62075.0,70200.0,35.55,60450.0,14300.0,1788.7,1808.9,1760.6,-0.257,2026-01-13 23:17,-276
BLUESTARCO,2026-01-27,1820.0,24.2,47775.0,7475.0,48.3,14950.0,1950.0,1788.7,1808.9,1760.6,-0.257,2026-01-13 23:17,-151
BLUESTARCO,2026-01-27,1840.0,17.35,85800.0,42250.0,72.9,34775.0,1625.0,1788.7,1808.9,1760.6,-0.257,2026-01-13 23:17,155
BLUESTARCO,2026-01-27,1860.0,11.55,96850.0,93925.0,86.0,8450.0,1625.0,1788.7,1808.9,1760.6,-0.257,2026-01-13 23:17,555
BLUESTARCO,2026-01-27,1880.0,8.15,57525.0,37375.0,108.95,975.0,975.0,1788.7,1808.9,1760.6,-0.257,2026-01-13 23:17,1310
BLUESTARCO,2026-01-27,1900.0,6.25,156975.0,280150.0,104.85,9750.0,0.0,1788.7,1808.9,1760.6,-0.257,2026-01-13 23:17,2179
BLUESTARCO,2026-01-27,1920.0,4.6,82875.0,20475.0,94.3,2275.0,0.0,1788.7,1808.9,1760.6,-0.257,2026-01-13 23:17,3341
BLUESTARCO,2026-01-27,1940.0,2.25,62075.0,6175.0,0.0,0.0,0.0,1788.7,1808.9,1760.6,-0.257,2026-01-13 23:17,4694
BLUESTARCO,2026-01-27,1960.0,2.45,58500.0,28925.0,0.0,0.0,0.0,1788.7,1808.9,1760.6,-0.257,2026-01-13 23:17,6169
BLUESTARCO,2026-01-27,1980.0,5.05,1625.0,0.0,0.0,0.0,0.0,1788.7,1808.9,1760.6,-0.257,2026-01-13 23:17,7761
BLUESTARCO,2026-01-27,2000.0,2.45,91975.0,77025.0,184.0,1300.0,0.0,1788.7,1808.9,1760.6,-0.257,2026-01-13 23:17,9342
BLUESTARCO,2026-01-27,2020.0,0.0,0.0,0.0,0.0,0.0,0.0,1788.7,1808.9,1760.6,-0.257,2026-01-13 23:17,11108
BLUESTARCO,2026-01-27,2040.0,3.6,3250.0,0.0,0.0,0.0,0.0,1788.7,1808.9,1760.6,-0.257,2026-01-13 23:17,12875
BLUESTARCO,2026-01-27,2080.0,1.0,9100.0,0.0,0.0,0.0,0.0,1788.7,1808.9,1760.6,-0.257,2026-01-13 23:17,16424
BLUESTARCO,2026-01-27,2120.0,2.0,325.0,0.0,0.0,0.0,0.0,1788.7,1808.9,1760.6,-0.257,2026-01-13 23:17,20009
BOSCHLTD,2026-01-27,30000.0,9432.9,300.0,0.0,9.8,1700.0,0.0,37890.0,38015.0,37300.0,0.611,2026-01-13 23:17,71876
BOSCHLTD,2026-01-27,30500.0,0.0,0.0,0.0,0.0,0.0,0.0,37890.0,38015.0,37300.0,0.611,2026-01-13 23:17,66247
BOSCHLTD,2026-01-27,31000.0,4600.0,0.0,0.0,15.0,575.0,50.0,37890.0,38015.0,37300.0,0.611,2026-01-13 23:17,60337
BOSCHLTD,2026-01-27,31500.0,0.0,0.0,0.0,0.0,0.0,0.0,37890.0,38015.0,37300.0,0.611,2026-01-13 23:17,54455
BOSCHLTD,2026-01-27,32000.0,5500.0,0.0,0.0,13.25,2000.0,425.0,37890.0,38015.0,37300.0,0.611,2026-01-13 23:17,48574
BOSCHLTD,2026-01-27,32500.0,0.0,0.0,0.0,24.3,300.0,25.0,37890.0,38015.0,37300.0,0.611,2026-01-13 23:17,42790
BOSCHLTD,2026-01-27,33000.0,0.0,0.0,0.0,21.45,2050.0,925.0,37890.0,38015.0,37300.0,0.611,2026-01-13 23:17,37023
BOSCHLTD,2026-01-27,33250.0,0.0,0.0,0.0,28.8,250.0,0.0,37890.0,38015.0,37300.0,0.611,2026-01-13 23:17,34187
BOSCHLTD,2026-01-27,33500.0,0.0,0.0,0.0,51.0,325.0,25.0,37890.0,38015.0,37300.0,0.611,2026-01-13 23:17,31360
BOSCHLTD,2026-01-27,33750.0,0.0,0.0,0.0,34.65,2675.0,0.0,37890.0,38015.0,37300.0,0.611,2026-01-13 23:17,28541
BOSCHLTD,2026-01-27,34000.0,0.0,0.0,0.0,34.75,5750.0,2500.0,37890.0,38015.0,37300.0,0.611,2026-01-13 23:17,25781
BOSCHLTD,2026-01-27,34250.0,0.0,0.0,0.0,33.0,625.0,125.0,37890.0,38015.0,37300.0,0.611,2026-01-13 23:17,23155
BOSCHLTD,2026-01-27,34500.0,3197.65,75.0,150.0,36.0,4350.0,1000.0,37890.0,38015.0,37300.0,0.611,2026-01-13 23:17,20561
BOSCHLTD,2026-01-27,34750.0,0.0,0.0,0.0,63.0,675.0,0.0,37890.0,38015.0,37300.0,0.611,2026-01-13 23:17,18089
BOSCHLTD,2026-01-27,35000.0,2800.0,975.0,25.0,71.95,9475.0,19175.0,37890.0,38015.0,37300.0,0.611,2026-01-13 23:17,15621
BOSCHLTD,2026-01-27,35250.0,0.0,0.0,0.0,126.1,425.0,0.0,37890.0,38015.0,37300.0,0.611,2026-01-13 23:17,13623
BOSCHLTD,2026-01-27,35500.0,3920.0,1025.0,0.0,99.9,2600.0,1100.0,37890.0,38015.0,37300.0,0.611,2026-01-13 23:17,11426
BOSCHLTD,2026-01-27,35750.0,3430.6,75.0,0.0,134.05,1575.0,325.0,37890.0,38015.0,37300.0,0.611,2026-01-13 23:17,9701
BOSCHLTD,2026-01-27,36000.0,2401.0,2625.0,0.0,150.0,15325.0,16475.0,37890.0,38015.0,37300.0,0.611,2026-01-13 23:17,7645
BOSCHLTD,2026-01-27,36250.0,1484.0,125.0,0.0,178.0,2325.0,350.0,37890.0,38015.0,37300.0,0.611,2026-01-13 23:17,6434
BOSCHLTD,2026-01-27,36500.0,1667.0,1650.0,150.0,246.4,5975.0,4275.0,37890.0,38015.0,37300.0,0.611,2026-01-13 23:17,4861
BOSCHLTD,2026-01-27,36750.0,0.0,0.0,0.0,273.05,750.0,375.0,37890.0,38015.0,37300.0,0.611,2026-01-13 23:17,3630
BOSCHLTD,2026-01-27,37000.0,1182.0,9675.0,2600.0,357.35,12100.0,28025.0,37890.0,38015.0,37300.0,0.611,2026-01-13 23:17,2269
BOSCHLTD,2026-01-27,37250.0,925.5,725.0,1175.0,413.4,2575.0,700.0,37890.0,38015.0,37300.0,0.611,2026-01-13 23:17,2184
BOSCHLTD,2026-01-27,37500.0,922.55,2975.0,12425.0,567.75,6275.0,7325.0,37890.0,38015.0,37300.0,0.611,2026-01-13 23:17,1431
BOSCHLTD,2026-01-27,37750.0,783.1,750.0,3150.0,689.95,1700.0,4200.0,37890.0,38015.0,37300.0,0.611,2026-01-13 23:17,866
BOSCHLTD,2026-01-27,38000.0,630.0,14400.0,31275.0,823.8,14625.0,7925.0,37890.0,38015.0,37300.0,0.611,2026-01-13 23:17,387
BOSCHLTD,2026-01-27,38250.0,513.0,1600.0,3650.0,983.0,2225.0,0.0,37890.0,38015.0,37300.0,0.611,2026-01-13 23:17,393
BOSCHLTD,2026-01-27,38500.0,423.45,5075.0,11750.0,1000.0,3275.0,1250.0,37890.0,38015.0,37300.0,0.611,2026-01-13 23:17,657
BOSCHLTD,2026-01-27,38750.0,423.4,2500.0,1300.0,1200.0,650.0,2675.0,37890.0,38015.0,37300.0,0.611,2026-01-13 23:17,1153
BOSCHLTD,2026-01-27,39000.0,321.65,17725.0,37725.0,1450.0,4300.0,1125.0,37890.0,38015.0,37300.0,0.611,2026-01-13 23:17,1868
BOSCHLTD,2026-01-27,39250.0,288.35,4900.0,675.0,1902.0,1350.0,25.0,37890.0,38015.0,37300.0,0.611,2026-01-13 23:17,3053
BOSCHLTD,2026-01-27,39500.0,218.5,13100.0,13250.0,1790.0,3475.0,650.0,37890.0,38015.0,37300.0,0.611,2026-01-13 23:17,4332
BOSCHLTD,2026-01-27,39750.0,174.25,2425.0,350.0,2144.0,725.0,0.0,37890.0,38015.0,37300.0,0.611,2026-01-13 23:17,5805
BOSCHLTD,2026-01-27,40000.0,163.0,48675.0,156950.0,2354.25,5725.0,50.0,37890.0,38015.0,37300.0,0.611,2026-01-13 23:17,7579
BOSCHLTD,2026-01-27,40250.0,144.25,700.0,400.0,0.0,0.0,0.0,37890.0,38015.0,37300.0,0.611,2026-01-13 23:17,10272
BOSCHLTD,2026-01-27,40500.0,128.9,4925.0,3075.0,1735.25,50.0,0.0,37890.0,38015.0,37300.0,0.611,2026-01-13 23:17,13547
BOSCHLTD,2026-01-27,40750.0,99.0,2000.0,875.0,2289.7,50.0,0.0,37890.0,38015.0,37300.0,0.611,2026-01-13 23:17,16991
BOSCHLTD,2026-01-27,41000.0,79.4,39075.0,37400.0,3831.1,550.0,0.0,37890.0,38015.0,37300.0,0.611,2026-01-13 23:17,20440
BOSCHLTD,2026-01-27,41250.0,79.85,1725.0,400.0,2321.35,0.0,0.0,37890.0,38015.0,37300.0,0.611,2026-01-13 23:17,24971
BOSCHLTD,2026-01-27,41500.0,71.25,19250.0,20500.0,2419.6,0.0,0.0,37890.0,38015.0,37300.0,0.611,2026-01-13 23:17,29459
BOSCHLTD,2026-01-27,41750.0,70.0,1525.0,250.0,0.0,0.0,0.0,37890.0,38015.0,37300.0,0.611,2026-01-13 23:17,34552
BOSCHLTD,2026-01-27,42000.0,54.5,14300.0,20800.0,3948.0,475.0,0.0,37890.0,38015.0,37300.0,0.611,2026-01-13 23:17,39557
BOSCHLTD,2026-01-27,42250.0,47.0,1425.0,125.0,0.0,0.0,0.0,37890.0,38015.0,37300.0,0.611,2026-01-13 23:17,44810
BOSCHLTD,2026-01-27,42500.0,50.0,3725.0,1875.0,0.0,0.0,0.0,37890.0,38015.0,37300.0,0.611,2026-01-13 23:17,50216
BOSCHLTD,2026-01-27,42750.0,51.35,1125.0,0.0,0.0,0.0,0.0,37890.0,38015.0,37300.0,0.611,2026-01-13 23:17,55726
BOSCHLTD,2026-01-27,43000.0,33.05,41675.0,37900.0,3800.0,150.0,0.0,37890.0,38015.0,37300.0,0.611,2026-01-13 23:17,61252
BOSCHLTD,2026-01-27,43250.0,41.95,2475.0,1500.0,0.0,0.0,0.0,37890.0,38015.0,37300.0,0.611,2026-01-13 23:17,67898
BOSCHLTD,2026-01-27,43500.0,32.95,10600.0,800.0,0.0,0.0,0.0,37890.0,38015.0,37300.0,0.611,2026-01-13 23:17,74536
BOSCHLTD,2026-01-27,44000.0,31.0,4650.0,1575.0,0.0,0.0,0.0,37890.0,38015.0,37300.0,0.611,2026-01-13 23:17,88356
BOSCHLTD,2026-01-27,44500.0,18.05,8650.0,2175.0,0.0,0.0,0.0,37890.0,38015.0,37300.0,0.611,2026-01-13 23:17,102388
BOSCHLTD,2026-01-27,45000.0,17.0,10725.0,6250.0,5700.0,200.0,0.0,37890.0,38015.0,37300.0,0.611,2026-01-13 23:17,116854
BPCL,2026-01-27,292.5,0.0,0.0,0.0,0.2,55300.0,0.0,354.5,360.15,352.05,-1.185,2026-01-13 23:17,60494
BPCL,2026-01-27,300.0,54.0,90850.0,1975.0,0.25,191575.0,79000.0,354.5,360.15,352.05,-1.185,2026-01-13 23:17,52356
BPCL,2026-01-27,310.0,45.0,65175.0,1975.0,0.4,110600.0,35550.0,354.5,360.15,352.05,-1.185,2026-01-13 23:17,42276
BPCL,2026-01-27,320.0,36.05,45425.0,1975.0,0.65,260700.0,77025.0,354.5,360.15,352.05,-1.185,2026-01-13 23:17,32174
BPCL,2026-01-27,322.5,0.0,0.0,0.0,0.7,138250.0,0.0,354.5,360.15,352.05,-1.185,2026-01-13 23:17,29800
BPCL,2026-01-27,325.0,42.75,1975.0,0.0,0.8,258725.0,106650.0,354.5,360.15,352.05,-1.185,2026-01-13 23:17,27304
BPCL,2026-01-27,330.0,30.65,114550.0,0.0,1.2,1100075.0,1406200.0,354.5,360.15,352.05,-1.185,2026-01-13 23:17,22449
BPCL,2026-01-27,335.0,41.55,9875.0,0.0,1.75,454250.0,207375.0,354.5,360.15,352.05,-1.185,2026-01-13 23:17,18433
BPCL,2026-01-27,340.0,18.65,92825.0,5925.0,2.45,1192900.0,1072425.0,354.5,360.15,352.05,-1.185,2026-01-13 23:17,14391
BPCL,2026-01-27,345.0,14.65,51350.0,45425.0,3.55,805800.0,1175125.0,354.5,360.15,352.05,-1.185,2026-01-13 23:17,10911
BPCL,2026-01-27,350.0,10.85,519425.0,795925.0,5.0,1354850.0,2565525.0,354.5,360.15,352.05,-1.185,2026-01-13 23:17,7768
BPCL,2026-01-27,355.0,8.0,537200.0,1076375.0,7.15,882825.0,880850.0,354.5,360.15,352.05,-1.185,2026-01-13 23:17,5660
BPCL,2026-01-27,360.0,5.85,1321275.0,3193575.0,9.7,835425.0,914425.0,354.5,360.15,352.05,-1.185,2026-01-13 23:17,4174
BPCL,2026-01-27,365.0,4.0,560900.0,1749850.0,13.0,543125.0,63200.0,354.5,360.15,352.05,-1.185,2026-01-13 23:17,3930
BPCL,2026-01-27,370.0,2.8,1753800.0,2628725.0,16.8,695200.0,61225.0,354.5,360.15,352.05,-1.185,2026-01-13 23:17,3794
BPCL,2026-01-27,372.5,2.4,231075.0,67150.0,0.0,0.0,0.0,354.5,360.15,352.05,-1.185,2026-01-13 23:17,3902
BPCL,2026-01-27,375.0,1.9,912450.0,375250.0,19.2,306125.0,19750.0,354.5,360.15,352.05,-1.185,2026-01-13 23:17,4800
BPCL,2026-01-27,380.0,1.45,3318000.0,959850.0,25.0,633975.0,21725.0,354.5,360.15,352.05,-1.185,2026-01-13 23:17,6681
BPCL,2026-01-27,385.0,1.05,1443725.0,391050.0,28.95,207375.0,5925.0,354.5,360.15,352.05,-1.185,2026-01-13 23:17,9848
BPCL,2026-01-27,390.0,0.8,2373950.0,653725.0,33.25,177750.0,21725.0,354.5,360.15,352.05,-1.185,2026-01-13 23:17,14496
BPCL,2026-01-27,392.5,0.65,290325.0,191575.0,0.0,0.0,0.0,354.5,360.15,352.05,-1.185,2026-01-13 23:17,17281
BPCL,2026-01-27,395.0,0.55,408825.0,88875.0,21.8,31600.0,0.0,354.5,360.15,352.05,-1.185,2026-01-13 23:17,20558
BPCL,2026-01-27,400.0,0.55,2486525.0,817650.0,41.7,568800.0,1975.0,354.5,360.15,352.05,-1.185,2026-01-13 23:17,27250
BPCL,2026-01-27,405.0,0.4,187625.0,25675.0,24.75,19750.0,0.0,354.5,360.15,352.05,-1.185,2026-01-13 23:17,33280
BPCL,2026-01-27,410.0,0.35,841350.0,77025.0,44.15,57275.0,0.0,354.5,360.15,352.05,-1.185,2026-01-13 23:17,41608
BPCL,2026-01-27,415.0,0.25,323900.0,3950.0,0.0,0.0,0.0,354.5,360.15,352.05,-1.185,2026-01-13 23:17,50202
BPCL,2026-01-27,420.0,0.25,760375.0,120475.0,47.55,21725.0,0.0,354.5,360.15,352.05,-1.185,2026-01-13 23:17,59191
BPCL,2026-01-27,430.0,0.1,339700.0,21725.0,0.0,0.0,0.0,354.5,360.15,352.05,-1.185,2026-01-13 23:17,77849
BRITANNIA,2026-01-27,5000.0,0.0,0.0,0.0,2.8,2000.0,0.0,5907.0,5970.0,5896.0,-0.614,2026-01-13 23:17,46341
BRITANNIA,2026-01-27,5100.0,0.0,0.0,0.0,2.4,125.0,0.0,5907.0,5970.0,5896.0,-0.614,2026-01-13 23:17,40832
BRITANNIA,2026-01-27,5200.0,0.0,0.0,0.0,0.0,0.0,0.0,5907.0,5970.0,5896.0,-0.614,2026-01-13 23:17,35324
BRITANNIA,2026-01-27,5250.0,0.0,0.0,0.0,0.7,750.0,125.0,5907.0,5970.0,5896.0,-0.614,2026-01-13 23:17,32571
BRITANNIA,2026-01-27,5300.0,683.0,0.0,0.0,2.6,4500.0,5000.0,5907.0,5970.0,5896.0,-0.614,2026-01-13 23:17,29821
BRITANNIA,2026-01-27,5350.0,0.0,0.0,0.0,5.85,2375.0,2500.0,5907.0,5970.0,5896.0,-0.614,2026-01-13 23:17,27092
BRITANNIA,2026-01-27,5400.0,0.0,0.0,0.0,2.0,125.0,0.0,5907.0,5970.0,5896.0,-0.614,2026-01-13 23:17,24375
BRITANNIA,2026-01-27,5450.0,0.0,0.0,0.0,0.0,0.0,0.0,5907.0,5970.0,5896.0,-0.614,2026-01-13 23:17,21660
BRITANNIA,2026-01-27,5500.0,584.0,375.0,0.0,5.0,31125.0,500.0,5907.0,5970.0,5896.0,-0.614,2026-01-13 23:17,18945
BRITANNIA,2026-01-27,5550.0,0.0,0.0,0.0,8.15,5875.0,8875.0,5907.0,5970.0,5896.0,-0.614,2026-01-13 23:17,16394
BRITANNIA,2026-01-27,5600.0,395.0,1375.0,0.0,11.45,51875.0,27375.0,5907.0,5970.0,5896.0,-0.614,2026-01-13 23:17,13861
BRITANNIA,2026-01-27,5650.0,502.5,250.0,0.0,15.65,12625.0,7250.0,5907.0,5970.0,5896.0,-0.614,2026-01-13 23:17,11594
BRITANNIA,2026-01-27,5700.0,281.0,750.0,375.0,22.55,19875.0,19250.0,5907.0,5970.0,5896.0,-0.614,2026-01-13 23:17,9389
BRITANNIA,2026-01-27,5750.0,410.0,125.0,0.0,32.0,17250.0,7500.0,5907.0,5970.0,5896.0,-0.614,2026-01-13 23:17,7271
BRITANNIA,2026-01-27,5800.0,177.2,2375.0,1250.0,44.85,64500.0,46375.0,5907.0,5970.0,5896.0,-0.614,2026-01-13 23:17,5213
BRITANNIA,2026-01-27,5850.0,145.0,750.0,3750.0,60.0,15625.0,12000.0,5907.0,5970.0,5896.0,-0.614,2026-01-13 23:17,3293
BRITANNIA,2026-01-27,5900.0,119.8,13500.0,54625.0,82.7,78625.0,85000.0,5907.0,5970.0,5896.0,-0.614,2026-01-13 23:17,1619
BRITANNIA,2026-01-27,5950.0,90.15,13125.0,52625.0,103.65,28125.0,62625.0,5907.0,5970.0,5896.0,-0.614,2026-01-13 23:17,0
BRITANNIA,2026-01-27,6000.0,71.0,68750.0,199750.0,130.25,82125.0,44250.0,5907.0,5970.0,5896.0,-0.614,2026-01-13 23:17,-1097
BRITANNIA,2026-01-27,6050.0,52.55,39500.0,46625.0,168.55,36000.0,2875.0,5907.0,5970.0,5896.0,-0.614,2026-01-13 23:17,-1848
BRITANNIA,2026-01-27,6100.0,40.6,89250.0,100375.0,205.0,22500.0,4500.0,5907.0,5970.0,5896.0,-0.614,2026-01-13 23:17,-2040
BRITANNIA,2026-01-27,6150.0,30.85,37875.0,14500.0,241.1,7000.0,0.0,5907.0,5970.0,5896.0,-0.614,2026-01-13 23:17,-1373
BRITANNIA,2026-01-27,6200.0,22.45,168375.0,188500.0,282.5,50000.0,0.0,5907.0,5970.0,5896.0,-0.614,2026-01-13 23:17,-434
BRITANNIA,2026-01-27,6250.0,17.15,56750.0,36000.0,343.65,7375.0,1000.0,5907.0,5970.0,5896.0,-0.614,2026-01-13 23:17,613
BRITANNIA,2026-01-27,6300.0,13.75,195375.0,147250.0,392.0,5750.0,1000.0,5907.0,5970.0,5896.0,-0.614,2026-01-13 23:17,2860
BRITANNIA,2026-01-27,6350.0,10.5,23875.0,3000.0,188.15,1625.0,0.0,5907.0,5970.0,5896.0,-0.614,2026-01-13 23:17,6312
BRITANNIA,2026-01-27,6400.0,8.8,58500.0,38625.0,444.45,1750.0,0.0,5907.0,5970.0,5896.0,-0.614,2026-01-13 23:17,9843
BRITANNIA,2026-01-27,6450.0,6.9,9875.0,6875.0,0.0,0.0,0.0,5907.0,5970.0,5896.0,-0.614,2026-01-13 23:17,13654
BRITANNIA,2026-01-27,6500.0,6.05,68500.0,36375.0,447.0,625.0,0.0,5907.0,5970.0,5896.0,-0.614,2026-01-13 23:17,17548
BRITANNIA,2026-01-27,6550.0,4.9,65375.0,3875.0,501.2,375.0,0.0,5907.0,5970.0,5896.0,-0.614,2026-01-13 23:17,21794
BRITANNIA,2026-01-27,6600.0,3.75,130000.0,13125.0,475.0,1875.0,0.0,5907.0,5970.0,5896.0,-0.614,2026-01-13 23:17,26368
BRITANNIA,2026-01-27,6650.0,1.5,2000.0,125.0,0.0,0.0,0.0,5907.0,5970.0,5896.0,-0.614,2026-01-13 23:17,31549
BRITANNIA,2026-01-27,6700.0,3.15,41500.0,2250.0,0.0,0.0,0.0,5907.0,5970.0,5896.0,-0.614,2026-01-13 23:17,36779
BRITANNIA,2026-01-27,6750.0,0.0,0.0,0.0,0.0,0.0,0.0,5907.0,5970.0,5896.0,-0.614,2026-01-13 23:17,42231
BRITANNIA,2026-01-27,6800.0,1.3,28000.0,1750.0,0.0,0.0,0.0,5907.0,5970.0,5896.0,-0.614,2026-01-13 23:17,47669
BRITANNIA,2026-01-27,6900.0,1.25,750.0,0.0,622.6,375.0,0.0,5907.0,5970.0,5896.0,-0.614,2026-01-13 23:17,58829
BRITANNIA,2026-01-27,7000.0,0.0,0.0,0.0,1029.0,125.0,0.0,5907.0,5970.0,5896.0,-0.614,2026-01-13 23:17,69973
BRITANNIA,2026-01-27,7100.0,0.0,0.0,0.0,0.0,0.0,0.0,5907.0,5970.0,5896.0,-0.614,2026-01-13 23:17,81129
BSE,2026-01-27,2000.0,0.0,0.0,0.0,2.0,122625.0,42750.0,2826.0,2873.7,2804.0,1.269,2026-01-13 23:17,259784
BSE,2026-01-27,2200.0,521.15,11250.0,0.0,2.4,210000.0,72000.0,2826.0,2873.7,2804.0,1.269,2026-01-13 23:17,155179
BSE,2026-01-27,2250.0,0.0,0.0,0.0,2.9,42000.0,13875.0,2826.0,2873.7,2804.0,1.269,2026-01-13 23:17,130676
BSE,2026-01-27,2300.0,533.2,7875.0,750.0,3.25,165750.0,87000.0,2826.0,2873.7,2804.0,1.269,2026-01-13 23:17,105835
BSE,2026-01-27,2350.0,340.9,750.0,0.0,3.85,74625.0,45750.0,2826.0,2873.7,2804.0,1.269,2026-01-13 23:17,82241
BSE,2026-01-27,2400.0,463.35,40875.0,375.0,4.3,462750.0,582000.0,2826.0,2873.7,2804.0,1.269,2026-01-13 23:17,58654
BSE,2026-01-27,2450.0,236.35,375.0,0.0,6.0,135375.0,368625.0,2826.0,2873.7,2804.0,1.269,2026-01-13 23:17,39283
BSE,2026-01-27,2500.0,344.0,177000.0,127500.0,7.95,718875.0,1189875.0,2826.0,2873.7,2804.0,1.269,2026-01-13 23:17,18824
BSE,2026-01-27,2550.0,293.0,52875.0,2625.0,10.85,183000.0,765750.0,2826.0,2873.7,2804.0,1.269,2026-01-13 23:17,8434
BSE,2026-01-27,2600.0,252.0,283875.0,87000.0,15.1,630375.0,1507875.0,2826.0,2873.7,2804.0,1.269,2026-01-13 23:17,-4943
BSE,2026-01-27,2650.0,205.0,253500.0,398625.0,22.8,376500.0,1111500.0,2826.0,2873.7,2804.0,1.269,2026-01-13 23:17,-8898
BSE,2026-01-27,2700.0,166.6,513000.0,845250.0,33.05,737625.0,2565750.0,2826.0,2873.7,2804.0,1.269,2026-01-13 23:17,-11566
BSE,2026-01-27,2750.0,130.0,463125.0,1137000.0,49.5,357750.0,1511250.0,2826.0,2873.7,2804.0,1.269,2026-01-13 23:17,-6211
BSE,2026-01-27,2800.0,101.1,747750.0,4591500.0,67.75,541875.0,2744625.0,2826.0,2873.7,2804.0,1.269,2026-01-13 23:17,1388
BSE,2026-01-27,2850.0,76.0,538125.0,5209125.0,93.3,232500.0,1967250.0,2826.0,2873.7,2804.0,1.269,2026-01-13 23:17,15075
BSE,2026-01-27,2900.0,55.95,1209375.0,6607500.0,122.25,184500.0,1059000.0,2826.0,2873.7,2804.0,1.269,2026-01-13 23:17,30648
BSE,2026-01-27,2950.0,40.0,315000.0,2242125.0,156.8,47625.0,104250.0,2826.0,2873.7,2804.0,1.269,2026-01-13 23:17,55780
BSE,2026-01-27,3000.0,28.3,1107375.0,6220500.0,191.9,87000.0,192750.0,2826.0,2873.7,2804.0,1.269,2026-01-13 23:17,78728
BSE,2026-01-27,3050.0,19.85,186375.0,1514250.0,227.6,3750.0,1500.0,2826.0,2873.7,2804.0,1.269,2026-01-13 23:17,108598
BSE,2026-01-27,3100.0,13.65,796500.0,2557125.0,270.65,7500.0,7500.0,2826.0,2873.7,2804.0,1.269,2026-01-13 23:17,138240
BSE,2026-01-27,3200.0,7.9,480000.0,1894125.0,370.0,29625.0,12750.0,2826.0,2873.7,2804.0,1.269,2026-01-13 23:17,205878
CAMS,2026-01-27,600.0,0.0,0.0,0.0,0.0,0.0,0.0,712.8,715.9,699.0,0.324,2026-01-13 23:17,29285
CAMS,2026-01-27,620.0,85.95,2250.0,2250.0,1.0,25500.0,2250.0,712.8,715.9,699.0,0.324,2026-01-13 23:17,24062
CAMS,2026-01-27,630.0,0.0,0.0,0.0,1.0,55500.0,101250.0,712.8,715.9,699.0,0.324,2026-01-13 23:17,21495
CAMS,2026-01-27,640.0,0.0,0.0,0.0,1.4,63000.0,99000.0,712.8,715.9,699.0,0.324,2026-01-13 23:17,18961
CAMS,2026-01-27,650.0,0.0,0.0,0.0,1.8,174750.0,85500.0,712.8,715.9,699.0,0.324,2026-01-13 23:17,16487
CAMS,2026-01-27,660.0,52.5,750.0,3000.0,2.5,125250.0,176250.0,712.8,715.9,699.0,0.324,2026-01-13 23:17,14165
CAMS,2026-01-27,670.0,0.0,0.0,0.0,3.8,144000.0,209250.0,712.8,715.9,699.0,0.324,2026-01-13 23:17,11973
CAMS,2026-01-27,680.0,38.4,2250.0,12000.0,5.25,206250.0,277500.0,712.8,715.9,699.0,0.324,2026-01-13 23:17,9898
CAMS,2026-01-27,690.0,31.25,15750.0,15000.0,7.9,107250.0,146250.0,712.8,715.9,699.0,0.324,2026-01-13 23:17,7986
CAMS,2026-01-27,700.0,24.7,62250.0,277500.0,11.1,351000.0,749250.0,712.8,715.9,699.0,0.324,2026-01-13 23:17,6262
CAMS,2026-01-27,710.0,19.0,203250.0,489750.0,15.4,107250.0,341250.0,712.8,715.9,699.0,0.324,2026-01-13 23:17,4750
CAMS,2026-01-27,720.0,14.25,210750.0,582750.0,20.55,164250.0,182250.0,712.8,715.9,699.0,0.324,2026-01-13 23:17,4006
CAMS,2026-01-27,730.0,10.4,145500.0,377250.0,25.8,125250.0,66750.0,712.8,715.9,699.0,0.324,2026-01-13 23:17,3379
CAMS,2026-01-27,740.0,7.4,367500.0,432750.0,32.3,159000.0,33750.0,712.8,715.9,699.0,0.324,2026-01-13 23:17,2887
CAMS,2026-01-27,750.0,5.4,496500.0,630750.0,40.25,177000.0,46500.0,712.8,715.9,699.0,0.324,2026-01-13 23:17,2853
CAMS,2026-01-27,760.0,3.9,270750.0,316500.0,52.0,176250.0,19500.0,712.8,715.9,699.0,0.324,2026-01-13 23:17,3289
CAMS,2026-01-27,770.0,3.15,156750.0,165750.0,50.0,28500.0,0.0,712.8,715.9,699.0,0.324,2026-01-13 23:17,3805
CAMS,2026-01-27,780.0,2.25,345750.0,254250.0,74.75,114000.0,750.0,712.8,715.9,699.0,0.324,2026-01-13 23:17,5225
CAMS,2026-01-27,790.0,1.75,111000.0,69750.0,76.7,9750.0,0.0,712.8,715.9,699.0,0.324,2026-01-13 23:17,6423
CAMS,2026-01-27,800.0,1.35,446250.0,129000.0,94.1,123000.0,0.0,712.8,715.9,699.0,0.324,2026-01-13 23:17,8461
CAMS,2026-01-27,810.0,0.9,486750.0,54750.0,55.0,750.0,0.0,712.8,715.9,699.0,0.324,2026-01-13 23:17,10026
CAMS,2026-01-27,820.0,0.85,126000.0,30750.0,101.0,54000.0,0.0,712.8,715.9,699.0,0.324,2026-01-13 23:17,13216
CAMS,2026-01-27,830.0,0.55,57000.0,750.0,78.0,1500.0,0.0,712.8,715.9,699.0,0.324,2026-01-13 23:17,16011
CAMS,2026-01-27,840.0,0.7,136500.0,45000.0,116.65,30000.0,0.0,712.8,715.9,699.0,0.324,2026-01-13 23:17,19391
CAMS,2026-01-27,850.0,0.35,69000.0,0.0,98.0,30750.0,0.0,712.8,715.9,699.0,0.324,2026-01-13 23:17,22606
CAMS,2026-01-27,860.0,0.3,44250.0,750.0,108.7,21750.0,0.0,712.8,715.9,699.0,0.324,2026-01-13 23:17,25962
CAMS,2026-01-27,870.0,0.75,16500.0,0.0,0.0,0.0,0.0,712.8,715.9,699.0,0.324,2026-01-13 23:17,29447
CAMS,2026-01-27,880.0,0.5,750.0,0.0,135.0,1500.0,0.0,712.8,715.9,699.0,0.324,2026-01-13 23:17,33186
CAMS,2026-01-27,900.0,0.5,3000.0,0.0,174.15,22500.0,750.0,712.8,715.9,699.0,0.324,2026-01-13 23:17,40645
CAMS,2026-01-27,920.0,0.25,9000.0,0.0,161.0,12000.0,0.0,712.8,715.9,699.0,0.324,2026-01-13 23:17,47783
CANBK,2026-01-27,126.0,24.7,384750.0,0.0,0.1,351000.0,0.0,151.07,151.59,149.24,0.7,2026-01-13 23:17,124033
CANBK,2026-01-27,128.0,25.33,27000.0,0.0,0.13,297000.0,0.0,151.07,151.59,149.24,0.7,2026-01-13 23:17,111756
CANBK,2026-01-27,130.0,20.75,351000.0,0.0,0.12,1120500.0,938250.0,151.07,151.59,149.24,0.7,2026-01-13 23:17,98660
CANBK,2026-01-27,132.0,16.0,6750.0,0.0,0.21,405000.0,0.0,151.07,151.59,149.24,0.7,2026-01-13 23:17,86510
CANBK,2026-01-27,133.0,23.77,20250.0,0.0,0.2,465750.0,0.0,151.07,151.59,149.24,0.7,2026-01-13 23:17,80121
CANBK,2026-01-27,134.0,19.43,13500.0,0.0,0.2,303750.0,330750.0,151.07,151.59,149.24,0.7,2026-01-13 23:17,73816
CANBK,2026-01-27,135.0,16.46,162000.0,40500.0,0.22,1518750.0,1059750.0,151.07,151.59,149.24,0.7,2026-01-13 23:17,67525
CANBK,2026-01-27,136.0,16.25,47250.0,0.0,0.26,897750.0,641250.0,151.07,151.59,149.24,0.7,2026-01-13 23:17,61615
CANBK,2026-01-27,137.0,18.7,182250.0,0.0,0.39,317250.0,81000.0,151.07,151.59,149.24,0.7,2026-01-13 23:17,55620
CANBK,2026-01-27,138.0,14.71,54000.0,0.0,0.35,573750.0,189000.0,151.07,151.59,149.24,0.7,2026-01-13 23:17,49950
CANBK,2026-01-27,139.0,14.75,60750.0,0.0,0.42,310500.0,263250.0,151.07,151.59,149.24,0.7,2026-01-13 23:17,44073
CANBK,2026-01-27,140.0,11.83,2956500.0,357750.0,0.5,6932250.0,2362500.0,151.07,151.59,149.24,0.7,2026-01-13 23:17,38251
CANBK,2026-01-27,141.0,0.0,0.0,0.0,0.61,513000.0,526500.0,151.07,151.59,149.24,0.7,2026-01-13 23:17,36492
CANBK,2026-01-27,142.0,10.13,67500.0,0.0,0.72,2214000.0,641250.0,151.07,151.59,149.24,0.7,2026-01-13 23:17,31602
CANBK,2026-01-27,143.0,8.8,67500.0,0.0,0.85,1019250.0,472500.0,151.07,151.59,149.24,0.7,2026-01-13 23:17,26880
CANBK,2026-01-27,144.0,8.22,114750.0,0.0,0.95,1046250.0,695250.0,151.07,151.59,149.24,0.7,2026-01-13 23:17,22331
CANBK,2026-01-27,145.0,7.59,2133000.0,864000.0,1.19,6945750.0,6419250.0,151.07,151.59,149.24,0.7,2026-01-13 23:17,17921
CANBK,2026-01-27,146.0,6.6,182250.0,6750.0,1.43,1458000.0,864000.0,151.07,151.59,149.24,0.7,2026-01-13 23:17,15215
CANBK,2026-01-27,147.0,5.84,445500.0,13500.0,1.69,2052000.0,2268000.0,151.07,151.59,149.24,0.7,2026-01-13 23:17,11793
CANBK,2026-01-27,148.0,5.3,479250.0,317250.0,1.95,1937250.0,2220750.0,151.07,151.59,149.24,0.7,2026-01-13 23:17,8622
CANBK,2026-01-27,149.0,4.64,607500.0,1302750.0,2.34,1478250.0,1802250.0,151.07,151.59,149.24,0.7,2026-01-13 23:17,5656
CANBK,2026-01-27,150.0,4.11,8916750.0,12784500.0,2.75,11340000.0,9537750.0,151.07,151.59,149.24,0.7,2026-01-13 23:17,2958
CANBK,2026-01-27,151.0,3.59,2720250.0,6702750.0,3.23,2700000.0,2558250.0,151.07,151.59,149.24,0.7,2026-01-13 23:17,2896
CANBK,2026-01-27,152.0,3.14,3091500.0,6183000.0,3.72,1755000.0,1140750.0,151.07,151.59,149.24,0.7,2026-01-13 23:17,2935
CANBK,2026-01-27,153.0,2.71,4090500.0,4185000.0,4.44,1566000.0,270000.0,151.07,151.59,149.24,0.7,2026-01-13 23:17,3671
CANBK,2026-01-27,154.0,2.34,2828250.0,3037500.0,5.01,1242000.0,330750.0,151.07,151.59,149.24,0.7,2026-01-13 23:17,5069
CANBK,2026-01-27,155.0,2.05,21984750.0,8943750.0,5.7,5575500.0,270000.0,151.07,151.59,149.24,0.7,2026-01-13 23:17,6499
CANBK,2026-01-27,156.0,1.75,3422250.0,2004750.0,7.45,1134000.0,60750.0,151.07,151.59,149.24,0.7,2026-01-13 23:17,11975
CANBK,2026-01-27,157.0,1.49,4482000.0,1728000.0,7.77,1161000.0,13500.0,151.07,151.59,149.24,0.7,2026-01-13 23:17,16332
CANBK,2026-01-27,158.0,1.27,3368250.0,2430000.0,8.27,560250.0,6750.0,151.07,151.59,149.24,0.7,2026-01-13 23:17,21265
CANBK,2026-01-27,159.0,1.13,1532250.0,918000.0,9.17,256500.0,20250.0,151.07,151.59,149.24,0.7,2026-01-13 23:17,26789
CANBK,2026-01-27,160.0,0.98,19021500.0,8653500.0,9.91,5541750.0,398250.0,151.07,151.59,149.24,0.7,2026-01-13 23:17,32466
CANBK,2026-01-27,161.0,0.85,1154250.0,432000.0,8.95,81000.0,0.0,151.07,151.59,149.24,0.7,2026-01-13 23:17,37034
CANBK,2026-01-27,162.0,0.72,1971000.0,621000.0,11.32,182250.0,0.0,151.07,151.59,149.24,0.7,2026-01-13 23:17,45378
CANBK,2026-01-27,163.0,0.62,1485000.0,357750.0,11.0,33750.0,0.0,151.07,151.59,149.24,0.7,2026-01-13 23:17,53848
CANBK,2026-01-27,164.0,0.52,1518750.0,432000.0,13.45,40500.0,0.0,151.07,151.59,149.24,0.7,2026-01-13 23:17,62588
CANBK,2026-01-27,165.0,0.46,3132000.0,870750.0,12.39,60750.0,0.0,151.07,151.59,149.24,0.7,2026-01-13 23:17,71455
CANBK,2026-01-27,166.0,0.4,2261250.0,634500.0,15.75,236250.0,0.0,151.07,151.59,149.24,0.7,2026-01-13 23:17,80685
CANBK,2026-01-27,167.0,0.32,378000.0,0.0,0.0,0.0,0.0,151.07,151.59,149.24,0.7,2026-01-13 23:17,89814
CANBK,2026-01-27,168.0,0.31,3962250.0,924750.0,14.92,587250.0,0.0,151.07,151.59,149.24,0.7,2026-01-13 23:17,99275
CANBK,2026-01-27,170.0,0.24,1910250.0,972000.0,18.75,452250.0,135000.0,151.07,151.59,149.24,0.7,2026-01-13 23:17,118328
CANBK,2026-01-27,172.0,0.19,708750.0,459000.0,0.0,0.0,0.0,151.07,151.59,149.24,0.7,2026-01-13 23:17,137806
CANBK,2026-01-27,174.0,0.15,189000.0,74250.0,0.0,0.0,0.0,151.07,151.59,149.24,0.7,2026-01-13 23:17,158241
CANBK,2026-01-27,176.0,0.12,2153250.0,371250.0,24.87,195750.0,344250.0,151.07,151.59,149.24,0.7,2026-01-13 23:17,178703
CDSL,2026-01-27,1160.0,0.0,0.0,0.0,0.0,0.0,0.0,1419.0,1437.4,1402.1,0.106,2026-01-13 23:17,133440
CDSL,2026-01-27,1200.0,0.0,0.0,0.0,0.5,475.0,0.0,1419.0,1437.4,1402.1,0.106,2026-01-13 23:17,113546
CDSL,2026-01-27,1240.0,0.0,0.0,0.0,0.0,0.0,0.0,1419.0,1437.4,1402.1,0.106,2026-01-13 23:17,93652
CDSL,2026-01-27,1260.0,0.0,0.0,0.0,2.15,31350.0,49400.0,1419.0,1437.4,1402.1,0.106,2026-01-13 23:17,83706
CDSL,2026-01-27,1280.0,224.3,475.0,0.0,2.7,190950.0,114475.0,1419.0,1437.4,1402.1,0.106,2026-01-13 23:17,73815
CDSL,2026-01-27,1300.0,129.3,14725.0,3800.0,3.95,245100.0,180975.0,1419.0,1437.4,1402.1,0.106,2026-01-13 23:17,64274
CDSL,2026-01-27,1320.0,111.1,3325.0,2375.0,4.9,235125.0,123975.0,1419.0,1437.4,1402.1,0.106,2026-01-13 23:17,55386
CDSL,2026-01-27,1340.0,106.65,2375.0,0.0,7.05,226575.0,561925.0,1419.0,1437.4,1402.1,0.106,2026-01-13 23:17,46803
CDSL,2026-01-27,1360.0,63.05,13300.0,1900.0,10.6,232750.0,267900.0,1419.0,1437.4,1402.1,0.106,2026-01-13 23:17,38622
CDSL,2026-01-27,1380.0,60.45,20900.0,24225.0,14.8,156275.0,269800.0,1419.0,1437.4,1402.1,0.106,2026-01-13 23:17,30905
CDSL,2026-01-27,1400.0,45.8,310175.0,555275.0,22.0,792775.0,750975.0,1419.0,1437.4,1402.1,0.106,2026-01-13 23:17,23600
CDSL,2026-01-27,1420.0,35.15,306850.0,1091550.0,30.85,256500.0,463125.0,1419.0,1437.4,1402.1,0.106,2026-01-13 23:17,18282
CDSL,2026-01-27,1440.0,26.1,513950.0,1324775.0,42.15,283100.0,188575.0,1419.0,1437.4,1402.1,0.106,2026-01-13 23:17,14702
CDSL,2026-01-27,1460.0,19.35,698250.0,1191775.0,54.5,421325.0,40375.0,1419.0,1437.4,1402.1,0.106,2026-01-13 23:17,12577
CDSL,2026-01-27,1480.0,14.35,979925.0,575225.0,83.7,268375.0,7125.0,1419.0,1437.4,1402.1,0.106,2026-01-13 23:17,11598
CDSL,2026-01-27,1500.0,10.8,1564650.0,1018875.0,84.75,587100.0,23750.0,1419.0,1437.4,1402.1,0.106,2026-01-13 23:17,13220
CDSL,2026-01-27,1520.0,8.2,701100.0,307800.0,105.9,205675.0,5700.0,1419.0,1437.4,1402.1,0.106,2026-01-13 23:17,16700
CDSL,2026-01-27,1540.0,6.1,407075.0,389975.0,137.7,58900.0,2375.0,1419.0,1437.4,1402.1,0.106,2026-01-13 23:17,23676
CDSL,2026-01-27,1560.0,5.0,1024575.0,372875.0,158.0,95950.0,0.0,1419.0,1437.4,1402.1,0.106,2026-01-13 23:17,32625
CDSL,2026-01-27,1580.0,4.0,324900.0,64600.0,170.0,39425.0,0.0,1419.0,1437.4,1402.1,0.106,2026-01-13 23:17,43374
CDSL,2026-01-27,1600.0,3.15,1106750.0,464075.0,189.0,290225.0,25650.0,1419.0,1437.4,1402.1,0.106,2026-01-13 23:17,55315
CDSL,2026-01-27,1620.0,2.7,96900.0,27075.0,147.4,475.0,0.0,1419.0,1437.4,1402.1,0.106,2026-01-13 23:17,65453
CDSL,2026-01-27,1640.0,2.35,61750.0,0.0,193.0,34675.0,0.0,1419.0,1437.4,1402.1,0.106,2026-01-13 23:17,80942
CDSL,2026-01-27,1660.0,1.95,360050.0,47500.0,208.5,38950.0,0.0,1419.0,1437.4,1402.1,0.106,2026-01-13 23:17,95950
CDSL,2026-01-27,1680.0,1.7,24700.0,2375.0,197.0,6650.0,0.0,1419.0,1437.4,1402.1,0.106,2026-01-13 23:17,111669
CDSL,2026-01-27,1700.0,1.0,212325.0,9975.0,275.0,206150.0,3325.0,1419.0,1437.4,1402.1,0.106,2026-01-13 23:17,128065
CDSL,2026-01-27,1720.0,1.35,60325.0,0.0,304.65,5700.0,0.0,1419.0,1437.4,1402.1,0.106,2026-01-13 23:17,139778
CDSL,2026-01-27,1740.0,1.2,3800.0,0.0,304.0,950.0,0.0,1419.0,1437.4,1402.1,0.106,2026-01-13 23:17,157104
CDSL,2026-01-27,1760.0,0.8,6650.0,0.0,310.15,11400.0,0.0,1419.0,1437.4,1402.1,0.106,2026-01-13 23:17,174578
CDSL,2026-01-27,1780.0,0.8,8075.0,0.0,275.0,1900.0,0.0,1419.0,1437.4,1402.1,0.106,2026-01-13 23:17,191763
CDSL,2026-01-27,1800.0,0.8,150100.0,3800.0,392.85,39900.0,0.0,1419.0,1437.4,1402.1,0.106,2026-01-13 23:17,209269
CDSL,2026-01-27,1840.0,0.5,2850.0,0.0,398.0,1425.0,0.0,1419.0,1437.4,1402.1,0.106,2026-01-13 23:17,243589
CDSL,2026-01-27,1880.0,0.55,6650.0,0.0,380.0,7600.0,0.0,1419.0,1437.4,1402.1,0.106,2026-01-13 23:17,279426
CGPOWER,2026-01-27,480.0,0.0,0.0,0.0,0.0,0.0,0.0,579.75,594.55,574.45,-1.033,2026-01-13 23:17,85070
CGPOWER,2026-01-27,500.0,0.0,0.0,0.0,0.85,182750.0,94350.0,579.75,594.55,574.45,-1.033,2026-01-13 23:17,71533
CGPOWER,2026-01-27,510.0,74.25,5100.0,5950.0,1.3,4250.0,5100.0,579.75,594.55,574.45,-1.033,2026-01-13 23:17,64932
CGPOWER,2026-01-27,520.0,0.0,0.0,0.0,1.9,310250.0,284750.0,579.75,594.55,574.45,-1.033,2026-01-13 23:17,58393
CGPOWER,2026-01-27,530.0,0.0,0.0,0.0,2.7,95200.0,122400.0,579.75,594.55,574.45,-1.033,2026-01-13 23:17,52068
CGPOWER,2026-01-27,540.0,46.5,38250.0,13600.0,4.0,217600.0,498100.0,579.75,594.55,574.45,-1.033,2026-01-13 23:17,45871
CGPOWER,2026-01-27,550.0,0.0,0.0,0.0,5.9,403750.0,353600.0,579.75,594.55,574.45,-1.033,2026-01-13 23:17,40046
CGPOWER,2026-01-27,560.0,29.4,36550.0,41650.0,8.65,184450.0,600100.0,579.75,594.55,574.45,-1.033,2026-01-13 23:17,34297
CGPOWER,2026-01-27,570.0,22.55,141100.0,436050.0,12.0,345100.0,581400.0,579.75,594.55,574.45,-1.033,2026-01-13 23:17,28954
CGPOWER,2026-01-27,580.0,17.6,188700.0,501500.0,16.45,342550.0,677450.0,579.75,594.55,574.45,-1.033,2026-01-13 23:17,24054
CGPOWER,2026-01-27,590.0,12.8,392700.0,1871700.0,22.2,312800.0,458150.0,579.75,594.55,574.45,-1.033,2026-01-13 23:17,19550
CGPOWER,2026-01-27,600.0,9.5,922250.0,1864050.0,28.85,680000.0,395250.0,579.75,594.55,574.45,-1.033,2026-01-13 23:17,15791
CGPOWER,2026-01-27,610.0,7.0,403750.0,893350.0,36.4,323000.0,80750.0,579.75,594.55,574.45,-1.033,2026-01-13 23:17,12740
CGPOWER,2026-01-27,620.0,5.05,680000.0,991950.0,43.65,577150.0,109650.0,579.75,594.55,574.45,-1.033,2026-01-13 23:17,10608
CGPOWER,2026-01-27,630.0,3.55,555050.0,610300.0,52.65,190400.0,26350.0,579.75,594.55,574.45,-1.033,2026-01-13 23:17,8451
CGPOWER,2026-01-27,640.0,2.7,1404200.0,677450.0,59.4,597550.0,69700.0,579.75,594.55,574.45,-1.033,2026-01-13 23:17,8410
CGPOWER,2026-01-27,650.0,2.2,2004300.0,1041250.0,70.5,759050.0,29750.0,579.75,594.55,574.45,-1.033,2026-01-13 23:17,8005
CGPOWER,2026-01-27,660.0,1.7,2550850.0,600950.0,79.9,369750.0,29750.0,579.75,594.55,574.45,-1.033,2026-01-13 23:17,8624
CGPOWER,2026-01-27,670.0,1.3,587350.0,381650.0,88.3,160650.0,9350.0,579.75,594.55,574.45,-1.033,2026-01-13 23:17,14554
CGPOWER,2026-01-27,680.0,1.1,587350.0,252450.0,98.1,69700.0,29750.0,579.75,594.55,574.45,-1.033,2026-01-13 23:17,22409
CGPOWER,2026-01-27,690.0,0.85,504900.0,168300.0,75.1,27200.0,0.0,579.75,594.55,574.45,-1.033,2026-01-13 23:17,31645
CGPOWER,2026-01-27,700.0,0.7,2574650.0,833000.0,117.7,319600.0,20400.0,579.75,594.55,574.45,-1.033,2026-01-13 23:17,41871
CGPOWER,2026-01-27,710.0,0.65,252450.0,60350.0,113.0,23800.0,0.0,579.75,594.55,574.45,-1.033,2026-01-13 23:17,51570
CGPOWER,2026-01-27,720.0,0.55,276250.0,28050.0,135.0,47600.0,1700.0,579.75,594.55,574.45,-1.033,2026-01-13 23:17,64875
CGPOWER,2026-01-27,730.0,0.4,147050.0,26350.0,132.0,60350.0,0.0,579.75,594.55,574.45,-1.033,2026-01-13 23:17,78129
CGPOWER,2026-01-27,740.0,0.35,124950.0,10200.0,150.85,51850.0,0.0,579.75,594.55,574.45,-1.033,2026-01-13 23:17,91427
CGPOWER,2026-01-27,750.0,0.3,291550.0,28050.0,157.25,39950.0,1700.0,579.75,594.55,574.45,-1.033,2026-01-13 23:17,104915
CGPOWER,2026-01-27,760.0,0.2,122400.0,850.0,176.4,34850.0,1700.0,579.75,594.55,574.45,-1.033,2026-01-13 23:17,118893
CGPOWER,2026-01-27,780.0,0.35,92650.0,0.0,161.3,6800.0,0.0,579.75,594.55,574.45,-1.033,2026-01-13 23:17,147789
CGPOWER,2026-01-27,800.0,0.2,115600.0,8500.0,204.85,30600.0,0.0,579.75,594.55,574.45,-1.033,2026-01-13 23:17,177390
CGPOWER,2026-01-27,820.0,0.2,5100.0,0.0,0.0,0.0,0.0,579.75,594.55,574.45,-1.033,2026-01-13 23:17,206765
CGPOWER,2026-01-27,840.0,0.2,28900.0,0.0,0.0,0.0,0.0,579.75,594.55,574.45,-1.033,2026-01-13 23:17,236776
CHOLAFIN,2026-01-27,1320.0,0.0,0.0,0.0,0.6,21875.0,1875.0,1700.1,1726.7,1691.0,-0.625,2026-01-13 23:17,106620
CHOLAFIN,2026-01-27,1340.0,0.0,0.0,0.0,0.35,21250.0,0.0,1700.1,1726.7,1691.0,-0.625,2026-01-13 23:17,99400
CHOLAFIN,2026-01-27,1360.0,0.0,0.0,0.0,0.6,5625.0,0.0,1700.1,1726.7,1691.0,-0.625,2026-01-13 23:17,92223
CHOLAFIN,2026-01-27,1400.0,303.95,10625.0,0.0,1.5,138125.0,0.0,1700.1,1726.7,1691.0,-0.625,2026-01-13 23:17,77892
CHOLAFIN,2026-01-27,1420.0,0.0,0.0,0.0,1.1,10625.0,0.0,1700.1,1726.7,1691.0,-0.625,2026-01-13 23:17,71327
CHOLAFIN,2026-01-27,1440.0,310.05,0.0,0.0,0.4,50625.0,3125.0,1700.1,1726.7,1691.0,-0.625,2026-01-13 23:17,64479
CHOLAFIN,2026-01-27,1460.0,0.0,0.0,0.0,0.85,21250.0,0.0,1700.1,1726.7,1691.0,-0.625,2026-01-13 23:17,57732
CHOLAFIN,2026-01-27,1480.0,261.25,1875.0,0.0,1.85,75000.0,0.0,1700.1,1726.7,1691.0,-0.625,2026-01-13 23:17,51028
CHOLAFIN,2026-01-27,1500.0,264.85,39375.0,0.0,1.8,309375.0,8750.0,1700.1,1726.7,1691.0,-0.625,2026-01-13 23:17,44515
CHOLAFIN,2026-01-27,1520.0,143.0,625.0,0.0,2.75,59375.0,30000.0,1700.1,1726.7,1691.0,-0.625,2026-01-13 23:17,39650
CHOLAFIN,2026-01-27,1540.0,0.0,0.0,0.0,2.55,120000.0,58125.0,1700.1,1726.7,1691.0,-0.625,2026-01-13 23:17,33912
CHOLAFIN,2026-01-27,1560.0,161.5,34375.0,0.0,3.05,132500.0,23125.0,1700.1,1726.7,1691.0,-0.625,2026-01-13 23:17,28390
CHOLAFIN,2026-01-27,1580.0,143.05,3750.0,0.0,3.8,50000.0,12500.0,1700.1,1726.7,1691.0,-0.625,2026-01-13 23:17,23747
CHOLAFIN,2026-01-27,1600.0,114.4,191875.0,1875.0,5.15,395625.0,201250.0,1700.1,1726.7,1691.0,-0.625,2026-01-13 23:17,18732
CHOLAFIN,2026-01-27,1620.0,147.05,13125.0,0.0,7.1,171250.0,58125.0,1700.1,1726.7,1691.0,-0.625,2026-01-13 23:17,16848
CHOLAFIN,2026-01-27,1640.0,91.55,50625.0,0.0,10.1,196250.0,116875.0,1700.1,1726.7,1691.0,-0.625,2026-01-13 23:17,13413
CHOLAFIN,2026-01-27,1660.0,66.5,33750.0,5000.0,14.5,150625.0,155625.0,1700.1,1726.7,1691.0,-0.625,2026-01-13 23:17,10666
CHOLAFIN,2026-01-27,1680.0,51.55,70000.0,23750.0,20.85,201875.0,260000.0,1700.1,1726.7,1691.0,-0.625,2026-01-13 23:17,8028
CHOLAFIN,2026-01-27,1700.0,37.55,402500.0,565000.0,28.5,333750.0,363750.0,1700.1,1726.7,1691.0,-0.625,2026-01-13 23:17,5868
CHOLAFIN,2026-01-27,1720.0,26.4,549375.0,626250.0,39.15,240000.0,316875.0,1700.1,1726.7,1691.0,-0.625,2026-01-13 23:17,5801
CHOLAFIN,2026-01-27,1740.0,19.75,310000.0,448125.0,51.7,198750.0,4375.0,1700.1,1726.7,1691.0,-0.625,2026-01-13 23:17,7263
CHOLAFIN,2026-01-27,1760.0,13.6,537500.0,289375.0,72.1,139375.0,14375.0,1700.1,1726.7,1691.0,-0.625,2026-01-13 23:17,8816
CHOLAFIN,2026-01-27,1780.0,9.85,275000.0,179375.0,77.25,230000.0,3750.0,1700.1,1726.7,1691.0,-0.625,2026-01-13 23:17,11865
CHOLAFIN,2026-01-27,1800.0,7.0,486875.0,611250.0,105.0,195625.0,5625.0,1700.1,1726.7,1691.0,-0.625,2026-01-13 23:17,14692
CHOLAFIN,2026-01-27,1820.0,5.25,293750.0,101875.0,105.75,81875.0,0.0,1700.1,1726.7,1691.0,-0.625,2026-01-13 23:17,18676
CHOLAFIN,2026-01-27,1840.0,3.95,261250.0,87500.0,119.5,36875.0,0.0,1700.1,1726.7,1691.0,-0.625,2026-01-13 23:17,24413
CHOLAFIN,2026-01-27,1860.0,3.2,206250.0,76250.0,100.0,5000.0,0.0,1700.1,1726.7,1691.0,-0.625,2026-01-13 23:17,31121
CHOLAFIN,2026-01-27,1880.0,2.15,164375.0,89375.0,0.0,0.0,0.0,1700.1,1726.7,1691.0,-0.625,2026-01-13 23:17,38604
CHOLAFIN,2026-01-27,1900.0,1.8,296875.0,173125.0,108.0,8750.0,0.0,1700.1,1726.7,1691.0,-0.625,2026-01-13 23:17,46436
CHOLAFIN,2026-01-27,1920.0,1.5,205625.0,27500.0,192.0,26875.0,0.0,1700.1,1726.7,1691.0,-0.625,2026-01-13 23:17,54802
CHOLAFIN,2026-01-27,1940.0,0.9,77500.0,5625.0,0.0,0.0,0.0,1700.1,1726.7,1691.0,-0.625,2026-01-13 23:17,63189
CHOLAFIN,2026-01-27,1960.0,1.2,132500.0,1875.0,0.0,0.0,0.0,1700.1,1726.7,1691.0,-0.625,2026-01-13 23:17,72224
CHOLAFIN,2026-01-27,1980.0,0.75,13750.0,0.0,0.0,0.0,0.0,1700.1,1726.7,1691.0,-0.625,2026-01-13 23:17,81532
CHOLAFIN,2026-01-27,2000.0,0.6,229375.0,43125.0,269.2,3125.0,0.0,1700.1,1726.7,1691.0,-0.625,2026-01-13 23:17,90853
CHOLAFIN,2026-01-27,2040.0,0.35,18750.0,1875.0,0.0,0.0,0.0,1700.1,1726.7,1691.0,-0.625,2026-01-13 23:17,110353
CHOLAFIN,2026-01-27,2080.0,0.15,5000.0,0.0,0.0,0.0,0.0,1700.1,1726.7,1691.0,-0.625,2026-01-13 23:17,129999
CIPLA,2026-01-27,1240.0,0.0,0.0,0.0,0.0,0.0,0.0,1448.0,1469.4,1436.6,-1.174,2026-01-13 23:17,91725
CIPLA,2026-01-27,1260.0,0.0,0.0,0.0,1.05,25125.0,15000.0,1448.0,1469.4,1436.6,-1.174,2026-01-13 23:17,82161
CIPLA,2026-01-27,1280.0,0.0,0.0,0.0,1.4,61125.0,15375.0,1448.0,1469.4,1436.6,-1.174,2026-01-13 23:17,72644
CIPLA,2026-01-27,1300.0,0.0,0.0,0.0,1.9,152250.0,153375.0,1448.0,1469.4,1436.6,-1.174,2026-01-13 23:17,63244
CIPLA,2026-01-27,1320.0,0.0,0.0,0.0,2.8,55875.0,7500.0,1448.0,1469.4,1436.6,-1.174,2026-01-13 23:17,54128
CIPLA,2026-01-27,1340.0,0.0,0.0,0.0,3.5,65625.0,70125.0,1448.0,1469.4,1436.6,-1.174,2026-01-13 23:17,45137
CIPLA,2026-01-27,1350.0,0.0,0.0,0.0,0.0,0.0,0.0,1448.0,1469.4,1436.6,-1.174,2026-01-13 23:17,40692
CIPLA,2026-01-27,1360.0,0.0,0.0,0.0,5.55,112125.0,122625.0,1448.0,1469.4,1436.6,-1.174,2026-01-13 23:17,36270
CIPLA,2026-01-27,1370.0,0.0,0.0,0.0,6.8,110250.0,67875.0,1448.0,1469.4,1436.6,-1.174,2026-01-13 23:17,31898
CIPLA,2026-01-27,1380.0,0.0,0.0,0.0,8.85,134250.0,95250.0,1448.0,1469.4,1436.6,-1.174,2026-01-13 23:17,27624
CIPLA,2026-01-27,1390.0,0.0,0.0,0.0,10.55,234750.0,113625.0,1448.0,1469.4,1436.6,-1.174,2026-01-13 23:17,23440
CIPLA,2026-01-27,1400.0,61.85,31125.0,21750.0,13.3,703125.0,718500.0,1448.0,1469.4,1436.6,-1.174,2026-01-13 23:17,19361
CIPLA,2026-01-27,1410.0,0.0,0.0,0.0,15.95,72375.0,138750.0,1448.0,1469.4,1436.6,-1.174,2026-01-13 23:17,15522
CIPLA,2026-01-27,1420.0,44.35,15750.0,72375.0,19.45,211875.0,346875.0,1448.0,1469.4,1436.6,-1.174,2026-01-13 23:17,12383
CIPLA,2026-01-27,1430.0,38.7,15750.0,105000.0,22.75,136125.0,368250.0,1448.0,1469.4,1436.6,-1.174,2026-01-13 23:17,9244
CIPLA,2026-01-27,1440.0,33.05,63375.0,406125.0,26.4,244125.0,721875.0,1448.0,1469.4,1436.6,-1.174,2026-01-13 23:17,6351
CIPLA,2026-01-27,1450.0,28.55,127125.0,875625.0,30.8,281625.0,867375.0,1448.0,1469.4,1436.6,-1.174,2026-01-13 23:17,3579
CIPLA,2026-01-27,1460.0,23.5,313125.0,1162125.0,37.8,327750.0,617250.0,1448.0,1469.4,1436.6,-1.174,2026-01-13 23:17,1146
CIPLA,2026-01-27,1470.0,19.25,232125.0,577125.0,43.25,220875.0,175875.0,1448.0,1469.4,1436.6,-1.174,2026-01-13 23:17,-643
CIPLA,2026-01-27,1480.0,15.85,301125.0,545250.0,49.9,187875.0,47625.0,1448.0,1469.4,1436.6,-1.174,2026-01-13 23:17,-1986
CIPLA,2026-01-27,1490.0,12.9,182250.0,438375.0,57.1,66375.0,21000.0,1448.0,1469.4,1436.6,-1.174,2026-01-13 23:17,-2792
CIPLA,2026-01-27,1500.0,10.1,861000.0,1220250.0,64.65,804750.0,117750.0,1448.0,1469.4,1436.6,-1.174,2026-01-13 23:17,-3032
CIPLA,2026-01-27,1510.0,7.95,286125.0,312375.0,56.25,87000.0,0.0,1448.0,1469.4,1436.6,-1.174,2026-01-13 23:17,-5796
CIPLA,2026-01-27,1520.0,6.3,552750.0,238500.0,78.75,76875.0,8625.0,1448.0,1469.4,1436.6,-1.174,2026-01-13 23:17,-4116
CIPLA,2026-01-27,1530.0,4.9,550875.0,160500.0,88.6,61125.0,375.0,1448.0,1469.4,1436.6,-1.174,2026-01-13 23:17,-1802
CIPLA,2026-01-27,1540.0,3.8,812250.0,353250.0,97.45,36000.0,7500.0,1448.0,1469.4,1436.6,-1.174,2026-01-13 23:17,1110
CIPLA,2026-01-27,1550.0,3.05,434625.0,289500.0,86.6,221250.0,0.0,1448.0,1469.4,1436.6,-1.174,2026-01-13 23:17,5099
CIPLA,2026-01-27,1560.0,2.55,198000.0,106875.0,120.15,30375.0,1500.0,1448.0,1469.4,1436.6,-1.174,2026-01-13 23:17,8004
CIPLA,2026-01-27,1570.0,2.15,121500.0,45000.0,73.0,3750.0,0.0,1448.0,1469.4,1436.6,-1.174,2026-01-13 23:17,12606
CIPLA,2026-01-27,1580.0,1.8,141375.0,103125.0,112.0,15000.0,0.0,1448.0,1469.4,1436.6,-1.174,2026-01-13 23:17,17646
CIPLA,2026-01-27,1590.0,1.6,84375.0,16875.0,74.4,1125.0,0.0,1448.0,1469.4,1436.6,-1.174,2026-01-13 23:17,22701
CIPLA,2026-01-27,1600.0,1.35,402375.0,156000.0,153.5,35250.0,750.0,1448.0,1469.4,1436.6,-1.174,2026-01-13 23:17,27990
CIPLA,2026-01-27,1610.0,1.15,123375.0,5250.0,0.0,0.0,0.0,1448.0,1469.4,1436.6,-1.174,2026-01-13 23:17,33224
CIPLA,2026-01-27,1620.0,1.25,154875.0,22875.0,110.0,750.0,0.0,1448.0,1469.4,1436.6,-1.174,2026-01-13 23:17,39083
CIPLA,2026-01-27,1630.0,0.9,298500.0,4500.0,136.5,750.0,0.0,1448.0,1469.4,1436.6,-1.174,2026-01-13 23:17,45094
CIPLA,2026-01-27,1640.0,0.8,67875.0,8250.0,138.3,1875.0,0.0,1448.0,1469.4,1436.6,-1.174,2026-01-13 23:17,51409
CIPLA,2026-01-27,1650.0,0.6,47250.0,15375.0,150.0,2625.0,0.0,1448.0,1469.4,1436.6,-1.174,2026-01-13 23:17,57758
CIPLA,2026-01-27,1660.0,0.6,82500.0,0.0,0.0,0.0,0.0,1448.0,1469.4,1436.6,-1.174,2026-01-13 23:17,64140
CIPLA,2026-01-27,1680.0,0.35,15750.0,4125.0,0.0,0.0,0.0,1448.0,1469.4,1436.6,-1.174,2026-01-13 23:17,77148
CIPLA,2026-01-27,1700.0,0.35,15000.0,17250.0,0.0,0.0,0.0,1448.0,1469.4,1436.6,-1.174,2026-01-13 23:17,90183
CIPLA,2026-01-27,1720.0,0.15,9375.0,0.0,0.0,0.0,0.0,1448.0,1469.4,1436.6,-1.174,2026-01-13 23:17,103248
CIPLA,2026-01-27,1740.0,0.25,13875.0,0.0,0.0,0.0,0.0,1448.0,1469.4,1436.6,-1.174,2026-01-13 23:17,116331
CIPLA,2026-01-27,1760.0,0.2,18000.0,0.0,0.0,0.0,0.0,1448.0,1469.4,1436.6,-1.174,2026-01-13 23:17,129442
CIPLA,2026-01-27,1780.0,0.1,10125.0,7125.0,0.0,0.0,0.0,1448.0,1469.4,1436.6,-1.174,2026-01-13 23:17,142589
COALINDIA,2026-01-27,315.0,88.0,5400.0,0.0,0.1,1350.0,1350.0,429.0,435.8,425.6,-0.763,2026-01-13 23:17,205665
COALINDIA,2026-01-27,320.0,0.0,0.0,0.0,0.05,9450.0,1350.0,429.0,435.8,425.6,-0.763,2026-01-13 23:17,192499
COALINDIA,2026-01-27,325.0,0.0,0.0,0.0,0.15,75600.0,125550.0,429.0,435.8,425.6,-0.763,2026-01-13 23:17,179291
COALINDIA,2026-01-27,329.75,0.0,0.0,0.0,0.05,27000.0,1350.0,429.0,435.8,425.6,-0.763,2026-01-13 23:17,166778
COALINDIA,2026-01-27,335.0,0.0,0.0,0.0,0.25,2700.0,0.0,429.0,435.8,425.6,-0.763,2026-01-13 23:17,152963
COALINDIA,2026-01-27,340.0,89.5,24300.0,0.0,0.15,97200.0,0.0,429.0,435.8,425.6,-0.763,2026-01-13 23:17,139807
COALINDIA,2026-01-27,345.0,0.0,0.0,0.0,0.15,14850.0,0.0,429.0,435.8,425.6,-0.763,2026-01-13 23:17,126928
COALINDIA,2026-01-27,347.5,54.0,1350.0,0.0,0.0,0.0,0.0,429.0,435.8,425.6,-0.763,2026-01-13 23:17,120384
COALINDIA,2026-01-27,350.0,81.4,36450.0,0.0,0.15,211950.0,2700.0,429.0,435.8,425.6,-0.763,2026-01-13 23:17,113848
COALINDIA,2026-01-27,355.0,0.0,0.0,0.0,0.15,59400.0,12150.0,429.0,435.8,425.6,-0.763,2026-01-13 23:17,101179
COALINDIA,2026-01-27,360.0,70.0,20250.0,1350.0,0.15,689850.0,62100.0,429.0,435.8,425.6,-0.763,2026-01-13 23:17,88245
COALINDIA,2026-01-27,362.5,37.8,5400.0,0.0,0.2,51300.0,5400.0,429.0,435.8,425.6,-0.763,2026-01-13 23:17,82087
COALINDIA,2026-01-27,365.0,60.8,5400.0,0.0,0.25,99900.0,39150.0,429.0,435.8,425.6,-0.763,2026-01-13 23:17,75832
COALINDIA,2026-01-27,367.5,0.0,0.0,0.0,0.2,126900.0,8100.0,429.0,435.8,425.6,-0.763,2026-01-13 23:17,69614
COALINDIA,2026-01-27,369.75,0.0,0.0,0.0,0.3,35100.0,8100.0,429.0,435.8,425.6,-0.763,2026-01-13 23:17,64016
COALINDIA,2026-01-27,370.0,62.0,37800.0,0.0,0.3,706050.0,27000.0,429.0,435.8,425.6,-0.763,2026-01-13 23:17,63394
COALINDIA,2026-01-27,372.5,0.0,0.0,0.0,0.25,36450.0,27000.0,429.0,435.8,425.6,-0.763,2026-01-13 23:17,57585
COALINDIA,2026-01-27,375.0,47.1,12150.0,0.0,0.3,210600.0,6750.0,429.0,435.8,425.6,-0.763,2026-01-13 23:17,51571
COALINDIA,2026-01-27,377.5,25.5,0.0,0.0,0.3,94500.0,1350.0,429.0,435.8,425.6,-0.763,2026-01-13 23:17,45665
COALINDIA,2026-01-27,380.0,51.0,184950.0,6750.0,0.35,607500.0,74250.0,429.0,435.8,425.6,-0.763,2026-01-13 23:17,39729
COALINDIA,2026-01-27,382.5,19.5,4050.0,0.0,0.55,140400.0,1350.0,429.0,435.8,425.6,-0.763,2026-01-13 23:17,34915
COALINDIA,2026-01-27,385.0,48.55,113400.0,0.0,0.55,442800.0,201150.0,429.0,435.8,425.6,-0.763,2026-01-13 23:17,29216
COALINDIA,2026-01-27,387.5,44.7,9450.0,0.0,0.5,197100.0,28350.0,429.0,435.8,425.6,-0.763,2026-01-13 23:17,24182
COALINDIA,2026-01-27,389.75,40.0,10800.0,0.0,0.0,0.0,0.0,429.0,435.8,425.6,-0.763,2026-01-13 23:17,19257
COALINDIA,2026-01-27,390.0,38.7,579150.0,22950.0,0.65,1591650.0,810000.0,429.0,435.8,425.6,-0.763,2026-01-13 23:17,18749
COALINDIA,2026-01-27,392.5,13.65,2700.0,0.0,0.8,116100.0,2700.0,429.0,435.8,425.6,-0.763,2026-01-13 23:17,15924
COALINDIA,2026-01-27,394.75,35.95,55350.0,0.0,0.0,0.0,0.0,429.0,435.8,425.6,-0.763,2026-01-13 23:17,11478
COALINDIA,2026-01-27,395.0,36.7,256500.0,0.0,0.9,1156950.0,376650.0,429.0,435.8,425.6,-0.763,2026-01-13 23:17,11185
COALINDIA,2026-01-27,397.5,40.8,145800.0,1350.0,0.95,492750.0,41850.0,429.0,435.8,425.6,-0.763,2026-01-13 23:17,7456
COALINDIA,2026-01-27,399.75,33.0,232200.0,2700.0,0.0,0.0,0.0,429.0,435.8,425.6,-0.763,2026-01-13 23:17,4038
COALINDIA,2026-01-27,400.0,30.6,1671300.0,121500.0,1.05,2785050.0,2320650.0,429.0,435.8,425.6,-0.763,2026-01-13 23:17,4369
COALINDIA,2026-01-27,402.5,28.6,251100.0,2700.0,1.2,294300.0,40500.0,429.0,435.8,425.6,-0.763,2026-01-13 23:17,5956
COALINDIA,2026-01-27,405.0,25.7,938250.0,32400.0,1.45,1129950.0,526500.0,429.0,435.8,425.6,-0.763,2026-01-13 23:17,3541
COALINDIA,2026-01-27,407.5,25.6,194400.0,2700.0,1.7,433350.0,340200.0,429.0,435.8,425.6,-0.763,2026-01-13 23:17,3207
COALINDIA,2026-01-27,410.0,21.75,2290950.0,310500.0,2.05,1944000.0,2076300.0,429.0,435.8,425.6,-0.763,2026-01-13 23:17,1207
COALINDIA,2026-01-27,412.5,20.1,198450.0,10800.0,2.45,238950.0,230850.0,429.0,435.8,425.6,-0.763,2026-01-13 23:17,4426
COALINDIA,2026-01-27,415.0,17.7,681750.0,99900.0,2.9,742500.0,1799550.0,429.0,435.8,425.6,-0.763,2026-01-13 23:17,3510
COALINDIA,2026-01-27,417.5,15.55,413100.0,55350.0,3.45,402300.0,939600.0,429.0,435.8,425.6,-0.763,2026-01-13 23:17,3601
COALINDIA,2026-01-27,420.0,13.9,2018250.0,899100.0,4.3,2384100.0,5633550.0,429.0,435.8,425.6,-0.763,2026-01-13 23:17,3408
COALINDIA,2026-01-27,422.5,12.15,438750.0,90450.0,5.15,461700.0,660150.0,429.0,435.8,425.6,-0.763,2026-01-13 23:17,5593
COALINDIA,2026-01-27,425.0,10.7,2458350.0,1513350.0,5.65,2087100.0,4247100.0,429.0,435.8,425.6,-0.763,2026-01-13 23:17,6518
COALINDIA,2026-01-27,427.5,9.4,1189350.0,1359450.0,6.9,716850.0,2115450.0,429.0,435.8,425.6,-0.763,2026-01-13 23:17,9735
COALINDIA,2026-01-27,430.0,8.0,5260950.0,11121300.0,8.05,1890000.0,8248500.0,429.0,435.8,425.6,-0.763,2026-01-13 23:17,12600
COALINDIA,2026-01-27,432.5,6.9,1521450.0,5570100.0,9.45,484650.0,2555550.0,429.0,435.8,425.6,-0.763,2026-01-13 23:17,19318
COALINDIA,2026-01-27,435.0,5.9,2683800.0,8328150.0,11.2,521100.0,2035800.0,429.0,435.8,425.6,-0.763,2026-01-13 23:17,24441
COALINDIA,2026-01-27,437.5,5.05,459000.0,3237300.0,12.65,167400.0,396900.0,429.0,435.8,425.6,-0.763,2026-01-13 23:17,30774
COALINDIA,2026-01-27,440.0,4.3,4484700.0,12175650.0,14.45,2138400.0,507600.0,429.0,435.8,425.6,-0.763,2026-01-13 23:17,36283
COALINDIA,2026-01-27,442.5,3.5,238950.0,2907900.0,14.95,22950.0,1350.0,429.0,435.8,425.6,-0.763,2026-01-13 23:17,42267
COALINDIA,2026-01-27,445.0,3.0,1667250.0,2662200.0,18.05,54000.0,21600.0,429.0,435.8,425.6,-0.763,2026-01-13 23:17,49527
COALINDIA,2026-01-27,447.5,2.5,530550.0,599400.0,17.85,1350.0,2700.0,429.0,435.8,425.6,-0.763,2026-01-13 23:17,57571
COALINDIA,2026-01-27,450.0,2.2,5117850.0,5772600.0,22.0,129600.0,25650.0,429.0,435.8,425.6,-0.763,2026-01-13 23:17,65475
COALINDIA,2026-01-27,452.5,1.8,217350.0,199800.0,22.8,1350.0,2700.0,429.0,435.8,425.6,-0.763,2026-01-13 23:17,75402
COALINDIA,2026-01-27,455.0,1.5,2539350.0,832950.0,24.35,8100.0,2700.0,429.0,435.8,425.6,-0.763,2026-01-13 23:17,84578
COALINDIA,2026-01-27,457.5,1.3,314550.0,103950.0,0.0,0.0,0.0,429.0,435.8,425.6,-0.763,2026-01-13 23:17,94717
COALINDIA,2026-01-27,460.0,1.1,5063850.0,2119500.0,30.85,29700.0,5400.0,429.0,435.8,425.6,-0.763,2026-01-13 23:17,104614
COALINDIA,2026-01-27,462.5,1.0,253800.0,81000.0,0.0,0.0,0.0,429.0,435.8,425.6,-0.763,2026-01-13 23:17,116208
COALINDIA,2026-01-27,465.0,0.9,365850.0,160650.0,0.0,0.0,0.0,429.0,435.8,425.6,-0.763,2026-01-13 23:17,127427
COALINDIA,2026-01-27,467.5,0.75,112050.0,25650.0,0.0,0.0,0.0,429.0,435.8,425.6,-0.763,2026-01-13 23:17,138744
COALINDIA,2026-01-27,470.0,0.7,1386450.0,858600.0,39.2,56700.0,4050.0,429.0,435.8,425.6,-0.763,2026-01-13 23:17,150065
COALINDIA,2026-01-27,472.5,0.7,148500.0,49950.0,0.0,0.0,0.0,429.0,435.8,425.6,-0.763,2026-01-13 23:17,161612
COALINDIA,2026-01-27,475.0,0.55,425250.0,202500.0,46.65,4050.0,0.0,429.0,435.8,425.6,-0.763,2026-01-13 23:17,173333
COALINDIA,2026-01-27,477.5,0.0,0.0,0.0,0.0,0.0,0.0,429.0,435.8,425.6,-0.763,2026-01-13 23:17,185155
COALINDIA,2026-01-27,480.0,0.45,1536300.0,854550.0,50.0,8100.0,0.0,429.0,435.8,425.6,-0.763,2026-01-13 23:17,196973
COALINDIA,2026-01-27,485.0,0.4,291600.0,97200.0,0.0,0.0,0.0,429.0,435.8,425.6,-0.763,2026-01-13 23:17,221409
COALINDIA,2026-01-27,490.0,0.3,1027350.0,720900.0,0.0,0.0,0.0,429.0,435.8,425.6,-0.763,2026-01-13 23:17,245973
COFORGE,2026-01-27,1360.0,307.2,750.0,0.0,0.6,23250.0,0.0,1708.6,1717.0,1683.1,0.678,2026-01-13 23:17,92815
COFORGE,2026-01-27,1400.0,300.0,1125.0,0.0,0.8,147375.0,9375.0,1708.6,1717.0,1683.1,0.678,2026-01-13 23:17,73822
COFORGE,2026-01-27,1440.0,232.1,2250.0,0.0,1.9,76500.0,19125.0,1708.6,1717.0,1683.1,0.678,2026-01-13 23:17,55424
COFORGE,2026-01-27,1460.0,0.0,0.0,0.0,3.35,18750.0,0.0,1708.6,1717.0,1683.1,0.678,2026-01-13 23:17,46409
COFORGE,2026-01-27,1480.0,0.0,0.0,0.0,2.85,95250.0,13500.0,1708.6,1717.0,1683.1,0.678,2026-01-13 23:17,37388
COFORGE,2026-01-27,1500.0,214.7,33000.0,10125.0,3.7,304875.0,305250.0,1708.6,1717.0,1683.1,0.678,2026-01-13 23:17,28536
COFORGE,2026-01-27,1520.0,0.0,0.0,0.0,4.65,100500.0,70125.0,1708.6,1717.0,1683.1,0.678,2026-01-13 23:17,20983
COFORGE,2026-01-27,1540.0,0.0,0.0,0.0,5.95,188250.0,93375.0,1708.6,1717.0,1683.1,0.678,2026-01-13 23:17,12989
COFORGE,2026-01-27,1560.0,150.0,2625.0,375.0,8.05,295500.0,122250.0,1708.6,1717.0,1683.1,0.678,2026-01-13 23:17,5306
COFORGE,2026-01-27,1580.0,125.15,27375.0,750.0,10.35,132375.0,220125.0,1708.6,1717.0,1683.1,0.678,2026-01-13 23:17,-1867
COFORGE,2026-01-27,1600.0,126.3,223875.0,98250.0,13.75,736875.0,699000.0,1708.6,1717.0,1683.1,0.678,2026-01-13 23:17,-8317
COFORGE,2026-01-27,1620.0,109.65,80250.0,8625.0,17.5,248625.0,201000.0,1708.6,1717.0,1683.1,0.678,2026-01-13 23:17,-11236
COFORGE,2026-01-27,1640.0,93.55,498750.0,44250.0,22.55,323625.0,353250.0,1708.6,1717.0,1683.1,0.678,2026-01-13 23:17,-14868
COFORGE,2026-01-27,1660.0,79.95,728250.0,173250.0,28.7,393000.0,358125.0,1708.6,1717.0,1683.1,0.678,2026-01-13 23:17,-13363
COFORGE,2026-01-27,1680.0,67.6,467250.0,481125.0,36.3,326625.0,409875.0,1708.6,1717.0,1683.1,0.678,2026-01-13 23:17,-8858
COFORGE,2026-01-27,1700.0,56.65,1596000.0,2487375.0,46.1,609000.0,931875.0,1708.6,1717.0,1683.1,0.678,2026-01-13 23:17,-5486
COFORGE,2026-01-27,1720.0,46.35,345750.0,939750.0,55.9,117000.0,316500.0,1708.6,1717.0,1683.1,0.678,2026-01-13 23:17,6556
COFORGE,2026-01-27,1740.0,37.9,392625.0,497625.0,67.7,118875.0,132000.0,1708.6,1717.0,1683.1,0.678,2026-01-13 23:17,14238
COFORGE,2026-01-27,1760.0,30.8,484500.0,363375.0,78.8,90750.0,18375.0,1708.6,1717.0,1683.1,0.678,2026-01-13 23:17,22679
COFORGE,2026-01-27,1780.0,25.6,235125.0,314625.0,101.95,59250.0,1875.0,1708.6,1717.0,1683.1,0.678,2026-01-13 23:17,32364
COFORGE,2026-01-27,1800.0,20.2,1209750.0,1001625.0,108.0,178875.0,13125.0,1708.6,1717.0,1683.1,0.678,2026-01-13 23:17,41858
COFORGE,2026-01-27,1820.0,16.45,333000.0,135000.0,134.7,22500.0,0.0,1708.6,1717.0,1683.1,0.678,2026-01-13 23:17,54644
COFORGE,2026-01-27,1840.0,12.95,183750.0,104250.0,152.25,21750.0,0.0,1708.6,1717.0,1683.1,0.678,2026-01-13 23:17,67873
COFORGE,2026-01-27,1860.0,10.3,235875.0,76875.0,220.55,24375.0,0.0,1708.6,1717.0,1683.1,0.678,2026-01-13 23:17,81176
COFORGE,2026-01-27,1880.0,8.65,133875.0,40875.0,151.15,750.0,0.0,1708.6,1717.0,1683.1,0.678,2026-01-13 23:17,94797
COFORGE,2026-01-27,1900.0,6.9,852750.0,291000.0,206.5,69375.0,0.0,1708.6,1717.0,1683.1,0.678,2026-01-13 23:17,109087
COFORGE,2026-01-27,1920.0,5.65,71250.0,12000.0,277.55,1875.0,0.0,1708.6,1717.0,1683.1,0.678,2026-01-13 23:17,124273
COFORGE,2026-01-27,1940.0,4.65,138750.0,9375.0,83.45,1125.0,0.0,1708.6,1717.0,1683.1,0.678,2026-01-13 23:17,140437
COFORGE,2026-01-27,1960.0,3.3,115875.0,10500.0,313.0,375.0,0.0,1708.6,1717.0,1683.1,0.678,2026-01-13 23:17,156948
COFORGE,2026-01-27,1980.0,3.25,20250.0,5625.0,307.0,3000.0,0.0,1708.6,1717.0,1683.1,0.678,2026-01-13 23:17,173663
COFORGE,2026-01-27,2000.0,2.85,468750.0,84375.0,317.0,34125.0,0.0,1708.6,1717.0,1683.1,0.678,2026-01-13 23:17,190312
COFORGE,2026-01-27,2020.0,2.45,6375.0,0.0,274.1,2250.0,0.0,1708.6,1717.0,1683.1,0.678,2026-01-13 23:17,207104
COFORGE,2026-01-27,2040.0,2.0,53625.0,1125.0,118.55,750.0,0.0,1708.6,1717.0,1683.1,0.678,2026-01-13 23:17,224802
COFORGE,2026-01-27,2060.0,1.9,12375.0,375.0,0.0,0.0,0.0,1708.6,1717.0,1683.1,0.678,2026-01-13 23:17,242670
COFORGE,2026-01-27,2080.0,1.35,9000.0,0.0,381.0,375.0,0.0,1708.6,1717.0,1683.1,0.678,2026-01-13 23:17,260564
COFORGE,2026-01-27,2100.0,1.05,30000.0,3375.0,395.0,9000.0,0.0,1708.6,1717.0,1683.1,0.678,2026-01-13 23:17,278461
COFORGE,2026-01-27,2120.0,0.9,17250.0,0.0,0.0,0.0,0.0,1708.6,1717.0,1683.1,0.678,2026-01-13 23:17,296096
COFORGE,2026-01-27,2140.0,0.75,11625.0,375.0,0.0,0.0,0.0,1708.6,1717.0,1683.1,0.678,2026-01-13 23:17,314120
COFORGE,2026-01-27,2160.0,0.7,4875.0,0.0,0.0,0.0,0.0,1708.6,1717.0,1683.1,0.678,2026-01-13 23:17,332167
COFORGE,2026-01-27,2200.0,1.0,166875.0,7125.0,545.0,750.0,0.0,1708.6,1717.0,1683.1,0.678,2026-01-13 23:17,368278
COFORGE,2026-01-27,2240.0,0.75,53625.0,0.0,0.0,0.0,0.0,1708.6,1717.0,1683.1,0.678,2026-01-13 23:17,405036
COLPAL,2026-01-27,1720.0,0.0,0.0,0.0,0.0,0.0,0.0,2105.5,2118.5,2088.9,0.429,2026-01-13 23:17,54227
COLPAL,2026-01-27,1760.0,0.0,0.0,0.0,0.75,900.0,0.0,2105.5,2118.5,2088.9,0.429,2026-01-13 23:17,47316
COLPAL,2026-01-27,1800.0,249.0,225.0,0.0,0.7,11025.0,2025.0,2105.5,2118.5,2088.9,0.429,2026-01-13 23:17,40408
COLPAL,2026-01-27,1820.0,0.0,0.0,0.0,0.0,0.0,0.0,2105.5,2118.5,2088.9,0.429,2026-01-13 23:17,36982
COLPAL,2026-01-27,1840.0,265.55,450.0,225.0,0.0,0.0,0.0,2105.5,2118.5,2088.9,0.429,2026-01-13 23:17,33551
COLPAL,2026-01-27,1860.0,210.0,225.0,0.0,3.2,675.0,0.0,2105.5,2118.5,2088.9,0.429,2026-01-13 23:17,30132
COLPAL,2026-01-27,1880.0,192.0,225.0,0.0,2.75,675.0,0.0,2105.5,2118.5,2088.9,0.429,2026-01-13 23:17,26708
COLPAL,2026-01-27,1900.0,172.9,225.0,0.0,1.8,87750.0,9450.0,2105.5,2118.5,2088.9,0.429,2026-01-13 23:17,23286
COLPAL,2026-01-27,1920.0,165.0,450.0,0.0,2.6,19800.0,5850.0,2105.5,2118.5,2088.9,0.429,2026-01-13 23:17,20023
COLPAL,2026-01-27,1940.0,136.5,3150.0,0.0,2.75,36450.0,21825.0,2105.5,2118.5,2088.9,0.429,2026-01-13 23:17,16815
COLPAL,2026-01-27,1960.0,0.0,0.0,0.0,3.45,108000.0,80775.0,2105.5,2118.5,2088.9,0.429,2026-01-13 23:17,13717
COLPAL,2026-01-27,1980.0,116.55,2250.0,0.0,4.65,83925.0,47700.0,2105.5,2118.5,2088.9,0.429,2026-01-13 23:17,10764
COLPAL,2026-01-27,2000.0,121.85,80100.0,32400.0,6.2,257625.0,174600.0,2105.5,2118.5,2088.9,0.429,2026-01-13 23:17,8009
COLPAL,2026-01-27,2020.0,52.05,900.0,0.0,8.3,92475.0,126450.0,2105.5,2118.5,2088.9,0.429,2026-01-13 23:17,6758
COLPAL,2026-01-27,2040.0,82.75,27000.0,4500.0,12.0,88200.0,103500.0,2105.5,2118.5,2088.9,0.429,2026-01-13 23:17,4805
COLPAL,2026-01-27,2060.0,69.95,106875.0,46800.0,16.35,159750.0,81450.0,2105.5,2118.5,2088.9,0.429,2026-01-13 23:17,3273
COLPAL,2026-01-27,2080.0,56.6,95400.0,121950.0,23.15,96075.0,119700.0,2105.5,2118.5,2088.9,0.429,2026-01-13 23:17,2642
COLPAL,2026-01-27,2100.0,44.45,472950.0,1318500.0,32.05,280350.0,205200.0,2105.5,2118.5,2088.9,0.429,2026-01-13 23:17,2226
COLPAL,2026-01-27,2120.0,33.7,94500.0,533475.0,41.6,66150.0,59175.0,2105.5,2118.5,2088.9,0.429,2026-01-13 23:17,4202
COLPAL,2026-01-27,2140.0,26.0,90900.0,140850.0,52.75,42975.0,47025.0,2105.5,2118.5,2088.9,0.429,2026-01-13 23:17,5339
COLPAL,2026-01-27,2160.0,19.6,102150.0,233100.0,67.55,15975.0,9675.0,2105.5,2118.5,2088.9,0.429,2026-01-13 23:17,6711
COLPAL,2026-01-27,2180.0,14.75,110025.0,197775.0,85.4,21600.0,1125.0,2105.5,2118.5,2088.9,0.429,2026-01-13 23:17,8401
COLPAL,2026-01-27,2200.0,11.1,854100.0,450000.0,106.0,83925.0,22725.0,2105.5,2118.5,2088.9,0.429,2026-01-13 23:17,10240
COLPAL,2026-01-27,2220.0,8.25,81000.0,69075.0,128.3,5850.0,0.0,2105.5,2118.5,2088.9,0.429,2026-01-13 23:17,14036
COLPAL,2026-01-27,2240.0,6.45,86400.0,46800.0,175.0,6525.0,0.0,2105.5,2118.5,2088.9,0.429,2026-01-13 23:17,17938
COLPAL,2026-01-27,2260.0,5.05,109575.0,51075.0,159.0,8325.0,2025.0,2105.5,2118.5,2088.9,0.429,2026-01-13 23:17,21977
COLPAL,2026-01-27,2280.0,4.1,123075.0,100575.0,209.95,1125.0,0.0,2105.5,2118.5,2088.9,0.429,2026-01-13 23:17,26232
COLPAL,2026-01-27,2300.0,3.45,260550.0,119475.0,200.0,92250.0,2925.0,2105.5,2118.5,2088.9,0.429,2026-01-13 23:17,30840
COLPAL,2026-01-27,2320.0,2.8,6975.0,11700.0,256.0,225.0,0.0,2105.5,2118.5,2088.9,0.429,2026-01-13 23:17,34372
COLPAL,2026-01-27,2340.0,2.7,15525.0,14625.0,257.9,900.0,0.0,2105.5,2118.5,2088.9,0.429,2026-01-13 23:17,39669
COLPAL,2026-01-27,2360.0,2.2,12375.0,2475.0,259.05,4050.0,0.0,2105.5,2118.5,2088.9,0.429,2026-01-13 23:17,44984
COLPAL,2026-01-27,2380.0,1.0,450.0,0.0,0.0,0.0,0.0,2105.5,2118.5,2088.9,0.429,2026-01-13 23:17,50248
COLPAL,2026-01-27,2400.0,2.0,12825.0,1575.0,326.15,22950.0,0.0,2105.5,2118.5,2088.9,0.429,2026-01-13 23:17,55616
COLPAL,2026-01-27,2420.0,8.45,450.0,0.0,0.0,0.0,0.0,2105.5,2118.5,2088.9,0.429,2026-01-13 23:17,60309
COLPAL,2026-01-27,2440.0,0.55,2475.0,0.0,369.6,3375.0,0.0,2105.5,2118.5,2088.9,0.429,2026-01-13 23:17,65750
COLPAL,2026-01-27,2480.0,0.7,2475.0,0.0,410.0,1350.0,0.0,2105.5,2118.5,2088.9,0.429,2026-01-13 23:17,76528
COLPAL,2026-01-27,2520.0,0.7,3150.0,2475.0,424.0,6975.0,225.0,2105.5,2118.5,2088.9,0.429,2026-01-13 23:17,87392
COLPAL,2026-01-27,2560.0,3.2,675.0,0.0,487.3,19575.0,0.0,2105.5,2118.5,2088.9,0.429,2026-01-13 23:17,98056
CONCOR,2026-01-27,420.0,0.0,0.0,0.0,0.25,2500.0,0.0,517.65,520.0,511.05,0.897,2026-01-13 23:17,79210
CONCOR,2026-01-27,430.0,0.0,0.0,0.0,0.2,10000.0,7500.0,517.65,520.0,511.05,0.897,2026-01-13 23:17,70689
CONCOR,2026-01-27,440.0,0.0,0.0,0.0,1.0,3750.0,0.0,517.65,520.0,511.05,0.897,2026-01-13 23:17,62177
CONCOR,2026-01-27,445.0,0.0,0.0,0.0,2.0,2500.0,0.0,517.65,520.0,511.05,0.897,2026-01-13 23:17,57923
CONCOR,2026-01-27,450.0,65.0,2500.0,1250.0,0.35,153750.0,0.0,517.65,520.0,511.05,0.897,2026-01-13 23:17,53670
CONCOR,2026-01-27,455.0,0.0,0.0,0.0,1.0,1250.0,0.0,517.65,520.0,511.05,0.897,2026-01-13 23:17,49507
CONCOR,2026-01-27,460.0,57.7,127500.0,5000.0,0.45,153750.0,61250.0,517.65,520.0,511.05,0.897,2026-01-13 23:17,45333
CONCOR,2026-01-27,465.0,0.0,0.0,0.0,0.6,17500.0,21250.0,517.65,520.0,511.05,0.897,2026-01-13 23:17,42028
CONCOR,2026-01-27,470.0,50.25,15000.0,0.0,0.65,358750.0,42500.0,517.65,520.0,511.05,0.897,2026-01-13 23:17,38003
CONCOR,2026-01-27,475.0,39.25,2500.0,2500.0,0.8,85000.0,26250.0,517.65,520.0,511.05,0.897,2026-01-13 23:17,34217
CONCOR,2026-01-27,480.0,37.25,22500.0,2500.0,1.0,342500.0,67500.0,517.65,520.0,511.05,0.897,2026-01-13 23:17,30427
CONCOR,2026-01-27,485.0,26.3,6250.0,0.0,1.25,165000.0,138750.0,517.65,520.0,511.05,0.897,2026-01-13 23:17,26865
CONCOR,2026-01-27,490.0,27.15,3750.0,0.0,1.8,371250.0,207500.0,517.65,520.0,511.05,0.897,2026-01-13 23:17,23335
CONCOR,2026-01-27,495.0,24.85,0.0,1250.0,2.45,105000.0,105000.0,517.65,520.0,511.05,0.897,2026-01-13 23:17,19940
CONCOR,2026-01-27,500.0,21.5,313750.0,73750.0,3.2,845000.0,290000.0,517.65,520.0,511.05,0.897,2026-01-13 23:17,16629
CONCOR,2026-01-27,505.0,17.95,28750.0,28750.0,4.3,153750.0,163750.0,517.65,520.0,511.05,0.897,2026-01-13 23:17,14327
CONCOR,2026-01-27,510.0,14.6,265000.0,295000.0,5.5,788750.0,431250.0,517.65,520.0,511.05,0.897,2026-01-13 23:17,11698
CONCOR,2026-01-27,515.0,10.95,252500.0,438750.0,7.4,276250.0,222500.0,517.65,520.0,511.05,0.897,2026-01-13 23:17,9563
CONCOR,2026-01-27,520.0,8.7,1733750.0,1693750.0,9.55,1675000.0,157500.0,517.65,520.0,511.05,0.897,2026-01-13 23:17,7811
CONCOR,2026-01-27,525.0,6.4,507500.0,317500.0,13.55,388750.0,8750.0,517.65,520.0,511.05,0.897,2026-01-13 23:17,7600
CONCOR,2026-01-27,530.0,4.85,1923750.0,1698750.0,17.2,502500.0,21250.0,517.65,520.0,511.05,0.897,2026-01-13 23:17,7727
CONCOR,2026-01-27,535.0,3.5,352500.0,400000.0,20.55,120000.0,3750.0,517.65,520.0,511.05,0.897,2026-01-13 23:17,9338
CONCOR,2026-01-27,540.0,2.55,1051250.0,375000.0,25.0,558750.0,28750.0,517.65,520.0,511.05,0.897,2026-01-13 23:17,10992
CONCOR,2026-01-27,545.0,1.95,222500.0,233750.0,29.65,27500.0,2500.0,517.65,520.0,511.05,0.897,2026-01-13 23:17,12447
CONCOR,2026-01-27,550.0,1.55,1496250.0,632500.0,37.0,388750.0,0.0,517.65,520.0,511.05,0.897,2026-01-13 23:17,15117
CONCOR,2026-01-27,555.0,1.25,106250.0,102500.0,38.45,7500.0,1250.0,517.65,520.0,511.05,0.897,2026-01-13 23:17,17561
CONCOR,2026-01-27,560.0,0.95,976250.0,232500.0,41.05,106250.0,10000.0,517.65,520.0,511.05,0.897,2026-01-13 23:17,21253
CONCOR,2026-01-27,565.0,0.8,117500.0,21250.0,0.0,0.0,0.0,517.65,520.0,511.05,0.897,2026-01-13 23:17,25158
CONCOR,2026-01-27,570.0,0.8,451250.0,203750.0,56.65,40000.0,0.0,517.65,520.0,511.05,0.897,2026-01-13 23:17,29475
CONCOR,2026-01-27,575.0,0.6,62500.0,12500.0,53.5,10000.0,0.0,517.65,520.0,511.05,0.897,2026-01-13 23:17,33838
CONCOR,2026-01-27,580.0,0.55,427500.0,38750.0,63.25,107500.0,1250.0,517.65,520.0,511.05,0.897,2026-01-13 23:17,38377
CONCOR,2026-01-27,585.0,0.0,0.0,0.0,0.0,0.0,0.0,517.65,520.0,511.05,0.897,2026-01-13 23:17,42578
CONCOR,2026-01-27,590.0,0.4,57500.0,16250.0,69.0,6250.0,0.0,517.65,520.0,511.05,0.897,2026-01-13 23:17,47435
CONCOR,2026-01-27,600.0,0.35,2166250.0,205000.0,82.0,748750.0,1250.0,517.65,520.0,511.05,0.897,2026-01-13 23:17,57171
CONCOR,2026-01-27,610.0,0.5,1250.0,0.0,0.0,0.0,0.0,517.65,520.0,511.05,0.897,2026-01-13 23:17,63800
CROMPTON,2026-01-27,200.0,0.0,0.0,0.0,0.05,10800.0,0.0,252.45,253.9,248.15,0.518,2026-01-13 23:17,56188
CROMPTON,2026-01-27,210.0,42.0,0.0,9000.0,0.25,19800.0,0.0,252.45,253.9,248.15,0.518,2026-01-13 23:17,45173
CROMPTON,2026-01-27,215.0,0.0,0.0,0.0,0.0,0.0,0.0,252.45,253.9,248.15,0.518,2026-01-13 23:17,39676
CROMPTON,2026-01-27,220.0,32.5,0.0,5400.0,0.35,154800.0,0.0,252.45,253.9,248.15,0.518,2026-01-13 23:17,34178
CROMPTON,2026-01-27,225.0,0.0,0.0,0.0,0.35,304200.0,235800.0,252.45,253.9,248.15,0.518,2026-01-13 23:17,28753
CROMPTON,2026-01-27,227.5,24.8,0.0,12600.0,0.0,0.0,0.0,252.45,253.9,248.15,0.518,2026-01-13 23:17,26109
CROMPTON,2026-01-27,230.0,21.8,23400.0,1800.0,0.4,480600.0,77400.0,252.45,253.9,248.15,0.518,2026-01-13 23:17,23475
CROMPTON,2026-01-27,232.5,0.0,0.0,0.0,0.0,0.0,0.0,252.45,253.9,248.15,0.518,2026-01-13 23:17,20999
CROMPTON,2026-01-27,235.0,0.0,0.0,0.0,0.6,651600.0,109800.0,252.45,253.9,248.15,0.518,2026-01-13 23:17,18491
CROMPTON,2026-01-27,237.5,0.0,0.0,0.0,0.8,655200.0,401400.0,252.45,253.9,248.15,0.518,2026-01-13 23:17,16107
CROMPTON,2026-01-27,240.0,14.15,370800.0,63000.0,1.1,1000800.0,192600.0,252.45,253.9,248.15,0.518,2026-01-13 23:17,13873
CROMPTON,2026-01-27,242.5,11.3,1800.0,0.0,1.5,135000.0,162000.0,252.45,253.9,248.15,0.518,2026-01-13 23:17,12450
CROMPTON,2026-01-27,245.0,10.25,363600.0,3600.0,2.1,538200.0,914400.0,252.45,253.9,248.15,0.518,2026-01-13 23:17,10627
CROMPTON,2026-01-27,247.5,8.05,82800.0,158400.0,2.75,176400.0,205200.0,252.45,253.9,248.15,0.518,2026-01-13 23:17,9309
CROMPTON,2026-01-27,250.0,6.75,1171800.0,2664000.0,3.8,1198800.0,660600.0,252.45,253.9,248.15,0.518,2026-01-13 23:17,7813
CROMPTON,2026-01-27,252.5,5.4,192600.0,828000.0,4.9,226800.0,162000.0,252.45,253.9,248.15,0.518,2026-01-13 23:17,7227
CROMPTON,2026-01-27,255.0,4.2,1009800.0,1375200.0,6.3,1009800.0,16200.0,252.45,253.9,248.15,0.518,2026-01-13 23:17,6404
CROMPTON,2026-01-27,257.5,3.3,192600.0,237600.0,8.55,135000.0,21600.0,252.45,253.9,248.15,0.518,2026-01-13 23:17,5880
CROMPTON,2026-01-27,260.0,2.5,4278600.0,3150000.0,9.3,2134800.0,70200.0,252.45,253.9,248.15,0.518,2026-01-13 23:17,5599
CROMPTON,2026-01-27,262.5,1.8,477000.0,104400.0,12.2,72000.0,0.0,252.45,253.9,248.15,0.518,2026-01-13 23:17,6057
CROMPTON,2026-01-27,265.0,1.5,2694600.0,781200.0,16.5,316800.0,12600.0,252.45,253.9,248.15,0.518,2026-01-13 23:17,7566
CROMPTON,2026-01-27,267.5,1.15,660600.0,396000.0,15.5,14400.0,0.0,252.45,253.9,248.15,0.518,2026-01-13 23:17,9712
CROMPTON,2026-01-27,270.0,0.9,3252600.0,1332000.0,19.0,399600.0,16200.0,252.45,253.9,248.15,0.518,2026-01-13 23:17,12198
CROMPTON,2026-01-27,272.5,0.7,234000.0,39600.0,0.0,0.0,0.0,252.45,253.9,248.15,0.518,2026-01-13 23:17,15077
CROMPTON,2026-01-27,275.0,0.55,943200.0,460800.0,22.3,79200.0,1800.0,252.45,253.9,248.15,0.518,2026-01-13 23:17,18498
CROMPTON,2026-01-27,277.5,0.4,201600.0,41400.0,0.0,0.0,0.0,252.45,253.9,248.15,0.518,2026-01-13 23:17,22033
CROMPTON,2026-01-27,280.0,0.45,2199600.0,509400.0,29.5,205200.0,25200.0,252.45,253.9,248.15,0.518,2026-01-13 23:17,25751
CROMPTON,2026-01-27,282.5,0.45,199800.0,0.0,0.0,0.0,0.0,252.45,253.9,248.15,0.518,2026-01-13 23:17,29556
CROMPTON,2026-01-27,285.0,0.3,433800.0,23400.0,24.4,21600.0,0.0,252.45,253.9,248.15,0.518,2026-01-13 23:17,33927
CROMPTON,2026-01-27,287.5,0.0,0.0,0.0,0.0,0.0,0.0,252.45,253.9,248.15,0.518,2026-01-13 23:17,38362
CROMPTON,2026-01-27,290.0,0.3,720000.0,1276200.0,32.6,133200.0,0.0,252.45,253.9,248.15,0.518,2026-01-13 23:17,42837
CROMPTON,2026-01-27,295.0,0.25,253800.0,12600.0,42.8,73800.0,0.0,252.45,253.9,248.15,0.518,2026-01-13 23:17,51802
CROMPTON,2026-01-27,300.0,0.2,1276200.0,73800.0,48.0,392400.0,0.0,252.45,253.9,248.15,0.518,2026-01-13 23:17,61033
CROMPTON,2026-01-27,305.0,0.0,0.0,0.0,0.0,0.0,0.0,252.45,253.9,248.15,0.518,2026-01-13 23:17,69551
CROMPTON,2026-01-27,310.0,0.1,138600.0,91800.0,58.0,117000.0,1800.0,252.45,253.9,248.15,0.518,2026-01-13 23:17,79926
CROMPTON,2026-01-27,320.0,0.05,189000.0,0.0,64.4,367200.0,0.0,252.45,253.9,248.15,0.518,2026-01-13 23:17,100255
CROMPTON,2026-01-27,340.0,0.05,93600.0,0.0,0.0,0.0,0.0,252.45,253.9,248.15,0.518,2026-01-13 23:17,141015
CUMMINSIND,2026-01-27,3300.0,0.0,0.0,0.0,0.0,0.0,0.0,3970.0,4008.5,3929.1,-0.118,2026-01-13 23:17,82063
CUMMINSIND,2026-01-27,3350.0,0.0,0.0,0.0,0.0,0.0,0.0,3970.0,4008.5,3929.1,-0.118,2026-01-13 23:17,76296
CUMMINSIND,2026-01-27,3400.0,0.0,0.0,0.0,3.0,1000.0,0.0,3970.0,4008.5,3929.1,-0.118,2026-01-13 23:17,70529
CUMMINSIND,2026-01-27,3450.0,0.0,0.0,0.0,0.0,0.0,0.0,3970.0,4008.5,3929.1,-0.118,2026-01-13 23:17,64767
CUMMINSIND,2026-01-27,3500.0,483.5,600.0,600.0,3.4,44600.0,24200.0,3970.0,4008.5,3929.1,-0.118,2026-01-13 23:17,59005
CUMMINSIND,2026-01-27,3550.0,0.0,0.0,0.0,0.0,0.0,0.0,3970.0,4008.5,3929.1,-0.118,2026-01-13 23:17,53483
CUMMINSIND,2026-01-27,3600.0,0.0,0.0,0.0,6.05,29400.0,44000.0,3970.0,4008.5,3929.1,-0.118,2026-01-13 23:17,47947
CUMMINSIND,2026-01-27,3650.0,0.0,0.0,0.0,8.4,12400.0,3400.0,3970.0,4008.5,3929.1,-0.118,2026-01-13 23:17,42540
CUMMINSIND,2026-01-27,3700.0,276.0,400.0,600.0,11.95,98200.0,73000.0,3970.0,4008.5,3929.1,-0.118,2026-01-13 23:17,37203
CUMMINSIND,2026-01-27,3750.0,0.0,0.0,0.0,16.3,29000.0,34200.0,3970.0,4008.5,3929.1,-0.118,2026-01-13 23:17,32262
CUMMINSIND,2026-01-27,3800.0,215.0,21200.0,2800.0,23.8,93200.0,87600.0,3970.0,4008.5,3929.1,-0.118,2026-01-13 23:17,27526
CUMMINSIND,2026-01-27,3850.0,0.0,0.0,0.0,34.3,29200.0,31000.0,3970.0,4008.5,3929.1,-0.118,2026-01-13 23:17,23643
CUMMINSIND,2026-01-27,3900.0,129.05,13600.0,30400.0,50.1,100000.0,120800.0,3970.0,4008.5,3929.1,-0.118,2026-01-13 23:17,19572
CUMMINSIND,2026-01-27,3950.0,99.05,30600.0,96800.0,69.9,40600.0,90800.0,3970.0,4008.5,3929.1,-0.118,2026-01-13 23:17,15844
CUMMINSIND,2026-01-27,4000.0,72.0,111800.0,471600.0,93.9,84800.0,165000.0,3970.0,4008.5,3929.1,-0.118,2026-01-13 23:17,12816
CUMMINSIND,2026-01-27,4050.0,52.85,34800.0,66200.0,123.0,38600.0,5400.0,3970.0,4008.5,3929.1,-0.118,2026-01-13 23:17,10761
CUMMINSIND,2026-01-27,4100.0,36.0,115000.0,168600.0,158.0,51800.0,9800.0,3970.0,4008.5,3929.1,-0.118,2026-01-13 23:17,8773
CUMMINSIND,2026-01-27,4150.0,25.3,121000.0,109400.0,185.45,51600.0,21800.0,3970.0,4008.5,3929.1,-0.118,2026-01-13 23:17,7505
CUMMINSIND,2026-01-27,4200.0,18.3,240200.0,278200.0,228.15,142600.0,37600.0,3970.0,4008.5,3929.1,-0.118,2026-01-13 23:17,6854
CUMMINSIND,2026-01-27,4250.0,13.55,74800.0,76200.0,280.6,17400.0,200.0,3970.0,4008.5,3929.1,-0.118,2026-01-13 23:17,5955
CUMMINSIND,2026-01-27,4300.0,10.05,255000.0,211200.0,315.0,85200.0,53800.0,3970.0,4008.5,3929.1,-0.118,2026-01-13 23:17,7943
CUMMINSIND,2026-01-27,4350.0,8.0,109800.0,54000.0,389.1,26800.0,1400.0,3970.0,4008.5,3929.1,-0.118,2026-01-13 23:17,9591
CUMMINSIND,2026-01-27,4400.0,6.3,202600.0,84800.0,412.0,79800.0,600.0,3970.0,4008.5,3929.1,-0.118,2026-01-13 23:17,13395
CUMMINSIND,2026-01-27,4450.0,5.4,88200.0,22800.0,469.2,26200.0,0.0,3970.0,4008.5,3929.1,-0.118,2026-01-13 23:17,16406
CUMMINSIND,2026-01-27,4500.0,4.6,394600.0,148800.0,512.6,54400.0,1800.0,3970.0,4008.5,3929.1,-0.118,2026-01-13 23:17,21967
CUMMINSIND,2026-01-27,4550.0,4.0,50800.0,2800.0,600.55,2000.0,1400.0,3970.0,4008.5,3929.1,-0.118,2026-01-13 23:17,28348
CUMMINSIND,2026-01-27,4600.0,3.35,128600.0,53600.0,627.65,10600.0,0.0,3970.0,4008.5,3929.1,-0.118,2026-01-13 23:17,37501
CUMMINSIND,2026-01-27,4650.0,2.45,18000.0,800.0,242.15,400.0,0.0,3970.0,4008.5,3929.1,-0.118,2026-01-13 23:17,46826
CUMMINSIND,2026-01-27,4700.0,2.25,85400.0,10200.0,560.0,1400.0,0.0,3970.0,4008.5,3929.1,-0.118,2026-01-13 23:17,56861
CUMMINSIND,2026-01-27,4750.0,3.0,22200.0,200.0,0.0,0.0,0.0,3970.0,4008.5,3929.1,-0.118,2026-01-13 23:17,67276
CUMMINSIND,2026-01-27,4800.0,2.0,41600.0,2600.0,267.0,400.0,0.0,3970.0,4008.5,3929.1,-0.118,2026-01-13 23:17,77868
CUMMINSIND,2026-01-27,4850.0,2.75,1600.0,0.0,0.0,0.0,0.0,3970.0,4008.5,3929.1,-0.118,2026-01-13 23:17,88660
CUMMINSIND,2026-01-27,4900.0,1.7,7600.0,200.0,0.0,0.0,0.0,3970.0,4008.5,3929.1,-0.118,2026-01-13 23:17,99464
CUMMINSIND,2026-01-27,4950.0,2.5,9400.0,0.0,0.0,0.0,0.0,3970.0,4008.5,3929.1,-0.118,2026-01-13 23:17,110306
CUMMINSIND,2026-01-27,5000.0,1.4,146800.0,10000.0,490.0,200.0,0.0,3970.0,4008.5,3929.1,-0.118,2026-01-13 23:17,121196
CUMMINSIND,2026-01-27,5100.0,1.35,6800.0,0.0,520.0,1600.0,0.0,3970.0,4008.5,3929.1,-0.118,2026-01-13 23:17,144453
CUMMINSIND,2026-01-27,5200.0,0.9,2400.0,0.0,0.0,0.0,0.0,3970.0,4008.5,3929.1,-0.118,2026-01-13 23:17,167701
DABUR,2026-01-27,430.0,0.0,0.0,0.0,0.2,16250.0,1250.0,520.65,529.15,516.75,-0.639,2026-01-13 23:17,45986
DABUR,2026-01-27,440.0,0.0,0.0,0.0,0.15,40000.0,0.0,520.65,529.15,516.75,-0.639,2026-01-13 23:17,37606
DABUR,2026-01-27,445.0,0.0,0.0,0.0,0.1,8750.0,0.0,520.65,529.15,516.75,-0.639,2026-01-13 23:17,33435
DABUR,2026-01-27,450.0,72.5,1250.0,0.0,0.2,500000.0,13750.0,520.65,529.15,516.75,-0.639,2026-01-13 23:17,29269
DABUR,2026-01-27,455.0,0.0,0.0,0.0,0.25,67500.0,0.0,520.65,529.15,516.75,-0.639,2026-01-13 23:17,25354
DABUR,2026-01-27,460.0,62.7,21250.0,0.0,0.3,263750.0,8750.0,520.65,529.15,516.75,-0.639,2026-01-13 23:17,21471
DABUR,2026-01-27,465.0,0.0,0.0,0.0,0.25,346250.0,138750.0,520.65,529.15,516.75,-0.639,2026-01-13 23:17,17857
DABUR,2026-01-27,470.0,56.5,47500.0,0.0,0.45,371250.0,113750.0,520.65,529.15,516.75,-0.639,2026-01-13 23:17,14283
DABUR,2026-01-27,475.0,0.0,0.0,0.0,0.5,192500.0,8750.0,520.65,529.15,516.75,-0.639,2026-01-13 23:17,11178
DABUR,2026-01-27,480.0,44.7,52500.0,0.0,0.55,606250.0,142500.0,520.65,529.15,516.75,-0.639,2026-01-13 23:17,7909
DABUR,2026-01-27,485.0,42.1,50000.0,0.0,0.75,478750.0,100000.0,520.65,529.15,516.75,-0.639,2026-01-13 23:17,5179
DABUR,2026-01-27,490.0,34.95,377500.0,6250.0,1.05,742500.0,531250.0,520.65,529.15,516.75,-0.639,2026-01-13 23:17,2688
DABUR,2026-01-27,495.0,26.2,155000.0,3750.0,1.4,201250.0,111250.0,520.65,529.15,516.75,-0.639,2026-01-13 23:17,1823
DABUR,2026-01-27,500.0,24.85,791250.0,50000.0,2.1,1096250.0,1116250.0,520.65,529.15,516.75,-0.639,2026-01-13 23:17,273
DABUR,2026-01-27,505.0,20.6,147500.0,43750.0,2.85,325000.0,735000.0,520.65,529.15,516.75,-0.639,2026-01-13 23:17,1024
DABUR,2026-01-27,510.0,16.7,635000.0,243750.0,3.95,1032500.0,2966250.0,520.65,529.15,516.75,-0.639,2026-01-13 23:17,487
DABUR,2026-01-27,515.0,13.15,226250.0,396250.0,5.75,391250.0,1368750.0,520.65,529.15,516.75,-0.639,2026-01-13 23:17,1226
DABUR,2026-01-27,520.0,10.1,1138750.0,2751250.0,7.5,675000.0,3215000.0,520.65,529.15,516.75,-0.639,2026-01-13 23:17,1693
DABUR,2026-01-27,525.0,7.85,487500.0,1232500.0,10.25,338750.0,828750.0,520.65,529.15,516.75,-0.639,2026-01-13 23:17,3638
DABUR,2026-01-27,530.0,5.75,1655000.0,3231250.0,13.05,226250.0,398750.0,520.65,529.15,516.75,-0.639,2026-01-13 23:17,5388
DABUR,2026-01-27,535.0,4.25,338750.0,1711250.0,16.6,106250.0,47500.0,520.65,529.15,516.75,-0.639,2026-01-13 23:17,8699
DABUR,2026-01-27,540.0,2.95,912500.0,3172500.0,19.9,116250.0,58750.0,520.65,529.15,516.75,-0.639,2026-01-13 23:17,11544
DABUR,2026-01-27,545.0,2.15,583750.0,1547500.0,26.5,2500.0,3750.0,520.65,529.15,516.75,-0.639,2026-01-13 23:17,14974
DABUR,2026-01-27,550.0,1.6,1910000.0,1711250.0,29.15,135000.0,6250.0,520.65,529.15,516.75,-0.639,2026-01-13 23:17,18778
DABUR,2026-01-27,555.0,1.2,596250.0,312500.0,0.0,0.0,0.0,520.65,529.15,516.75,-0.639,2026-01-13 23:17,23397
DABUR,2026-01-27,560.0,0.95,1717500.0,1386250.0,36.4,83750.0,0.0,520.65,529.15,516.75,-0.639,2026-01-13 23:17,28474
DABUR,2026-01-27,565.0,0.75,98750.0,51250.0,0.0,0.0,0.0,520.65,529.15,516.75,-0.639,2026-01-13 23:17,34239
DABUR,2026-01-27,570.0,0.65,796250.0,408750.0,63.0,8750.0,0.0,520.65,529.15,516.75,-0.639,2026-01-13 23:17,40202
DABUR,2026-01-27,575.0,0.5,87500.0,8750.0,0.0,0.0,0.0,520.65,529.15,516.75,-0.639,2026-01-13 23:17,46557
DABUR,2026-01-27,580.0,0.4,740000.0,160000.0,57.2,17500.0,0.0,520.65,529.15,516.75,-0.639,2026-01-13 23:17,52963
DABUR,2026-01-27,585.0,0.7,3750.0,0.0,0.0,0.0,0.0,520.65,529.15,516.75,-0.639,2026-01-13 23:17,59673
DABUR,2026-01-27,590.0,0.35,245000.0,60000.0,65.0,5000.0,0.0,520.65,529.15,516.75,-0.639,2026-01-13 23:17,66456
DABUR,2026-01-27,595.0,0.0,0.0,0.0,0.0,0.0,0.0,520.65,529.15,516.75,-0.639,2026-01-13 23:17,73339
DABUR,2026-01-27,600.0,0.25,520000.0,145000.0,106.0,1250.0,0.0,520.65,529.15,516.75,-0.639,2026-01-13 23:17,80247
DALBHARAT,2026-01-27,1640.0,0.0,0.0,0.0,0.05,650.0,0.0,2102.9,2113.8,2068.5,1.413,2026-01-13 23:17,19017
DALBHARAT,2026-01-27,1720.0,0.0,0.0,0.0,0.35,975.0,0.0,2102.9,2113.8,2068.5,1.413,2026-01-13 23:17,14935
DALBHARAT,2026-01-27,1760.0,0.0,0.0,0.0,0.0,0.0,0.0,2102.9,2113.8,2068.5,1.413,2026-01-13 23:17,12898
DALBHARAT,2026-01-27,1800.0,350.4,0.0,0.0,1.75,1950.0,0.0,2102.9,2113.8,2068.5,1.413,2026-01-13 23:17,10861
DALBHARAT,2026-01-27,1820.0,199.2,975.0,0.0,0.0,0.0,0.0,2102.9,2113.8,2068.5,1.413,2026-01-13 23:17,9846
DALBHARAT,2026-01-27,1840.0,0.0,0.0,0.0,0.0,0.0,0.0,2102.9,2113.8,2068.5,1.413,2026-01-13 23:17,8853
DALBHARAT,2026-01-27,1860.0,0.0,0.0,0.0,6.7,325.0,650.0,2102.9,2113.8,2068.5,1.413,2026-01-13 23:17,7840
DALBHARAT,2026-01-27,1880.0,148.9,975.0,0.0,7.4,2275.0,0.0,2102.9,2113.8,2068.5,1.413,2026-01-13 23:17,6828
DALBHARAT,2026-01-27,1900.0,270.0,325.0,0.0,1.8,52975.0,16900.0,2102.9,2113.8,2068.5,1.413,2026-01-13 23:17,5835
DALBHARAT,2026-01-27,1920.0,0.0,0.0,0.0,5.05,650.0,0.0,2102.9,2113.8,2068.5,1.413,2026-01-13 23:17,4935
DALBHARAT,2026-01-27,1940.0,111.2,975.0,0.0,3.45,59150.0,10075.0,2102.9,2113.8,2068.5,1.413,2026-01-13 23:17,4038
DALBHARAT,2026-01-27,1960.0,0.0,0.0,0.0,8.8,14300.0,0.0,2102.9,2113.8,2068.5,1.413,2026-01-13 23:17,3251
DALBHARAT,2026-01-27,1980.0,89.2,650.0,0.0,7.0,14300.0,21450.0,2102.9,2113.8,2068.5,1.413,2026-01-13 23:17,2489
DALBHARAT,2026-01-27,2000.0,115.0,4875.0,650.0,9.45,54925.0,88400.0,2102.9,2113.8,2068.5,1.413,2026-01-13 23:17,1766
DALBHARAT,2026-01-27,2020.0,89.55,3900.0,1300.0,25.05,11700.0,0.0,2102.9,2113.8,2068.5,1.413,2026-01-13 23:17,1171
DALBHARAT,2026-01-27,2040.0,78.0,8125.0,5200.0,18.6,40625.0,29575.0,2102.9,2113.8,2068.5,1.413,2026-01-13 23:17,608
DALBHARAT,2026-01-27,2060.0,62.0,13650.0,5200.0,23.0,24050.0,3900.0,2102.9,2113.8,2068.5,1.413,2026-01-13 23:17,126
DALBHARAT,2026-01-27,2080.0,62.0,8450.0,25675.0,29.0,26975.0,12675.0,2102.9,2113.8,2068.5,1.413,2026-01-13 23:17,-239
DALBHARAT,2026-01-27,2100.0,51.7,65975.0,662675.0,38.95,73450.0,33475.0,2102.9,2113.8,2068.5,1.413,2026-01-13 23:17,-589
DALBHARAT,2026-01-27,2120.0,42.25,27625.0,43225.0,45.8,19825.0,8450.0,2102.9,2113.8,2068.5,1.413,2026-01-13 23:17,-580
DALBHARAT,2026-01-27,2140.0,31.75,81250.0,95875.0,88.5,20800.0,0.0,2102.9,2113.8,2068.5,1.413,2026-01-13 23:17,-505
DALBHARAT,2026-01-27,2160.0,26.2,46150.0,33800.0,72.0,22425.0,975.0,2102.9,2113.8,2068.5,1.413,2026-01-13 23:17,-177
DALBHARAT,2026-01-27,2180.0,20.45,47450.0,9750.0,111.95,17550.0,0.0,2102.9,2113.8,2068.5,1.413,2026-01-13 23:17,172
DALBHARAT,2026-01-27,2200.0,14.95,317200.0,176800.0,108.0,25350.0,975.0,2102.9,2113.8,2068.5,1.413,2026-01-13 23:17,593
DALBHARAT,2026-01-27,2220.0,12.7,40300.0,3250.0,164.75,3250.0,0.0,2102.9,2113.8,2068.5,1.413,2026-01-13 23:17,1999
DALBHARAT,2026-01-27,2240.0,9.3,100425.0,11050.0,127.2,975.0,0.0,2102.9,2113.8,2068.5,1.413,2026-01-13 23:17,3290
DALBHARAT,2026-01-27,2260.0,6.45,30225.0,3900.0,116.15,15600.0,0.0,2102.9,2113.8,2068.5,1.413,2026-01-13 23:17,4866
DALBHARAT,2026-01-27,2280.0,2.6,26975.0,0.0,145.55,1950.0,0.0,2102.9,2113.8,2068.5,1.413,2026-01-13 23:17,6292
DALBHARAT,2026-01-27,2300.0,3.7,78975.0,46475.0,158.85,1950.0,0.0,2102.9,2113.8,2068.5,1.413,2026-01-13 23:17,7916
DALBHARAT,2026-01-27,2320.0,1.5,2925.0,0.0,0.0,0.0,0.0,2102.9,2113.8,2068.5,1.413,2026-01-13 23:17,9721
DALBHARAT,2026-01-27,2340.0,1.0,9100.0,0.0,0.0,0.0,0.0,2102.9,2113.8,2068.5,1.413,2026-01-13 23:17,11534
DALBHARAT,2026-01-27,2360.0,1.05,25350.0,0.0,0.0,0.0,0.0,2102.9,2113.8,2068.5,1.413,2026-01-13 23:17,13366
DALBHARAT,2026-01-27,2400.0,0.7,20150.0,0.0,335.0,975.0,0.0,2102.9,2113.8,2068.5,1.413,2026-01-13 23:17,17132
DALBHARAT,2026-01-27,2440.0,0.8,5200.0,0.0,0.0,0.0,0.0,2102.9,2113.8,2068.5,1.413,2026-01-13 23:17,20949
DALBHARAT,2026-01-27,2480.0,2.5,4550.0,0.0,341.6,975.0,0.0,2102.9,2113.8,2068.5,1.413,2026-01-13 23:17,24818
DALBHARAT,2026-01-27,2520.0,3.5,5850.0,0.0,0.0,0.0,0.0,2102.9,2113.8,2068.5,1.413,2026-01-13 23:17,28677
DELHIVERY,2026-01-27,325.0,0.0,0.0,0.0,0.0,0.0,0.0,395.1,399.6,389.35,-0.076,2026-01-13 23:17,38529
DELHIVERY,2026-01-27,330.0,77.0,2075.0,0.0,0.3,0.0,0.0,395.1,399.6,389.35,-0.076,2026-01-13 23:17,35361
DELHIVERY,2026-01-27,335.0,0.0,0.0,0.0,0.0,0.0,0.0,395.1,399.6,389.35,-0.076,2026-01-13 23:17,32211
DELHIVERY,2026-01-27,340.0,53.75,0.0,6225.0,0.35,24900.0,14525.0,395.1,399.6,389.35,-0.076,2026-01-13 23:17,29045
DELHIVERY,2026-01-27,345.0,0.0,0.0,0.0,0.0,0.0,0.0,395.1,399.6,389.35,-0.076,2026-01-13 23:17,25890
DELHIVERY,2026-01-27,350.0,0.0,0.0,0.0,0.45,188825.0,70550.0,395.1,399.6,389.35,-0.076,2026-01-13 23:17,22736
DELHIVERY,2026-01-27,355.0,0.0,0.0,0.0,0.55,97525.0,134875.0,395.1,399.6,389.35,-0.076,2026-01-13 23:17,19668
DELHIVERY,2026-01-27,360.0,0.0,0.0,0.0,0.65,284275.0,286350.0,395.1,399.6,389.35,-0.076,2026-01-13 23:17,16651
DELHIVERY,2026-01-27,365.0,0.0,0.0,0.0,0.95,336150.0,103750.0,395.1,399.6,389.35,-0.076,2026-01-13 23:17,13764
DELHIVERY,2026-01-27,370.0,0.0,0.0,0.0,1.2,1012600.0,369350.0,395.1,399.6,389.35,-0.076,2026-01-13 23:17,11032
DELHIVERY,2026-01-27,375.0,24.25,24900.0,10375.0,1.85,263525.0,321625.0,395.1,399.6,389.35,-0.076,2026-01-13 23:17,8716
DELHIVERY,2026-01-27,380.0,20.0,62250.0,14525.0,2.7,529125.0,1637175.0,395.1,399.6,389.35,-0.076,2026-01-13 23:17,6677
DELHIVERY,2026-01-27,385.0,15.7,35275.0,12450.0,3.9,356900.0,222025.0,395.1,399.6,389.35,-0.076,2026-01-13 23:17,4905
DELHIVERY,2026-01-27,390.0,12.9,207500.0,498000.0,5.1,601750.0,898475.0,395.1,399.6,389.35,-0.076,2026-01-13 23:17,3262
DELHIVERY,2026-01-27,395.0,10.05,207500.0,400475.0,7.4,240700.0,288425.0,395.1,399.6,389.35,-0.076,2026-01-13 23:17,2070
DELHIVERY,2026-01-27,400.0,7.85,456500.0,1437975.0,9.85,643250.0,244850.0,395.1,399.6,389.35,-0.076,2026-01-13 23:17,1170
DELHIVERY,2026-01-27,405.0,6.15,354825.0,344450.0,12.7,464800.0,26975.0,395.1,399.6,389.35,-0.076,2026-01-13 23:17,515
DELHIVERY,2026-01-27,410.0,4.25,981475.0,1174450.0,15.6,356900.0,18675.0,395.1,399.6,389.35,-0.076,2026-01-13 23:17,173
DELHIVERY,2026-01-27,415.0,3.0,744925.0,244850.0,21.0,199200.0,0.0,395.1,399.6,389.35,-0.076,2026-01-13 23:17,733
DELHIVERY,2026-01-27,420.0,2.1,1006375.0,649475.0,23.75,188825.0,26975.0,395.1,399.6,389.35,-0.076,2026-01-13 23:17,1710
DELHIVERY,2026-01-27,425.0,1.55,581000.0,236550.0,32.85,166000.0,12450.0,395.1,399.6,389.35,-0.076,2026-01-13 23:17,3241
DELHIVERY,2026-01-27,430.0,1.15,626650.0,348600.0,33.8,134875.0,0.0,395.1,399.6,389.35,-0.076,2026-01-13 23:17,4929
DELHIVERY,2026-01-27,435.0,0.8,226175.0,62250.0,40.95,47725.0,16600.0,395.1,399.6,389.35,-0.076,2026-01-13 23:17,7068
DELHIVERY,2026-01-27,440.0,0.6,674375.0,197125.0,43.75,66400.0,0.0,395.1,399.6,389.35,-0.076,2026-01-13 23:17,9551
DELHIVERY,2026-01-27,445.0,0.5,502150.0,43575.0,0.0,0.0,0.0,395.1,399.6,389.35,-0.076,2026-01-13 23:17,12331
DELHIVERY,2026-01-27,450.0,0.45,479325.0,58100.0,56.3,33200.0,0.0,395.1,399.6,389.35,-0.076,2026-01-13 23:17,15638
DELHIVERY,2026-01-27,455.0,0.35,244850.0,33200.0,0.0,0.0,0.0,395.1,399.6,389.35,-0.076,2026-01-13 23:17,19010
DELHIVERY,2026-01-27,460.0,0.25,197125.0,10375.0,65.0,62250.0,6225.0,395.1,399.6,389.35,-0.076,2026-01-13 23:17,22679
DELHIVERY,2026-01-27,465.0,0.25,159775.0,0.0,0.0,0.0,0.0,395.1,399.6,389.35,-0.076,2026-01-13 23:17,26070
DELHIVERY,2026-01-27,470.0,0.2,122425.0,33200.0,74.5,16600.0,4150.0,395.1,399.6,389.35,-0.076,2026-01-13 23:17,29944
DELHIVERY,2026-01-27,480.0,0.15,101675.0,0.0,59.5,16600.0,0.0,395.1,399.6,389.35,-0.076,2026-01-13 23:17,37701
DELHIVERY,2026-01-27,490.0,0.15,56025.0,4150.0,0.0,0.0,0.0,395.1,399.6,389.35,-0.076,2026-01-13 23:17,45601
DELHIVERY,2026-01-27,500.0,0.05,205425.0,0.0,90.5,2075.0,0.0,395.1,399.6,389.35,-0.076,2026-01-13 23:17,53655
DELHIVERY,2026-01-27,520.0,0.05,31125.0,0.0,0.0,0.0,0.0,395.1,399.6,389.35,-0.076,2026-01-13 23:17,70158
DIVISLAB,2026-01-27,5300.0,0.0,0.0,0.0,0.0,0.0,0.0,6430.0,6524.0,6372.0,-0.856,2026-01-13 23:17,79650
DIVISLAB,2026-01-27,5400.0,0.0,0.0,0.0,3.0,100.0,100.0,6430.0,6524.0,6372.0,-0.856,2026-01-13 23:17,70557
DIVISLAB,2026-01-27,5500.0,0.0,0.0,0.0,2.05,9600.0,1900.0,6430.0,6524.0,6372.0,-0.856,2026-01-13 23:17,61465
DIVISLAB,2026-01-27,5600.0,0.0,0.0,0.0,3.15,2400.0,0.0,6430.0,6524.0,6372.0,-0.856,2026-01-13 23:17,52467
DIVISLAB,2026-01-27,5700.0,0.0,0.0,0.0,2.6,2500.0,1300.0,6430.0,6524.0,6372.0,-0.856,2026-01-13 23:17,43495
DIVISLAB,2026-01-27,5750.0,0.0,0.0,0.0,4.75,28700.0,29600.0,6430.0,6524.0,6372.0,-0.856,2026-01-13 23:17,39021
DIVISLAB,2026-01-27,5800.0,553.05,200.0,0.0,5.05,18100.0,3600.0,6430.0,6524.0,6372.0,-0.856,2026-01-13 23:17,34677
DIVISLAB,2026-01-27,5850.0,0.0,0.0,0.0,3.9,100.0,0.0,6430.0,6524.0,6372.0,-0.856,2026-01-13 23:17,30440
DIVISLAB,2026-01-27,5900.0,0.0,0.0,0.0,5.75,14800.0,5700.0,6430.0,6524.0,6372.0,-0.856,2026-01-13 23:17,26202
DIVISLAB,2026-01-27,5950.0,0.0,0.0,0.0,8.7,3500.0,600.0,6430.0,6524.0,6372.0,-0.856,2026-01-13 23:17,22030
DIVISLAB,2026-01-27,6000.0,453.35,700.0,0.0,10.45,132400.0,90900.0,6430.0,6524.0,6372.0,-0.856,2026-01-13 23:17,17880
DIVISLAB,2026-01-27,6050.0,0.0,0.0,0.0,11.85,11400.0,16500.0,6430.0,6524.0,6372.0,-0.856,2026-01-13 23:17,14293
DIVISLAB,2026-01-27,6100.0,398.2,1100.0,0.0,17.5,56800.0,34100.0,6430.0,6524.0,6372.0,-0.856,2026-01-13 23:17,10855
DIVISLAB,2026-01-27,6150.0,0.0,0.0,0.0,24.5,8800.0,2800.0,6430.0,6524.0,6372.0,-0.856,2026-01-13 23:17,7665
DIVISLAB,2026-01-27,6200.0,321.35,2700.0,0.0,33.05,171700.0,149600.0,6430.0,6524.0,6372.0,-0.856,2026-01-13 23:17,4553
DIVISLAB,2026-01-27,6250.0,214.6,1900.0,1400.0,43.05,23600.0,19300.0,6430.0,6524.0,6372.0,-0.856,2026-01-13 23:17,1854
DIVISLAB,2026-01-27,6300.0,198.75,26100.0,19100.0,58.3,80100.0,61400.0,6430.0,6524.0,6372.0,-0.856,2026-01-13 23:17,-297
DIVISLAB,2026-01-27,6350.0,160.1,25600.0,21700.0,68.65,30300.0,51300.0,6430.0,6524.0,6372.0,-0.856,2026-01-13 23:17,-1805
DIVISLAB,2026-01-27,6400.0,127.8,80700.0,246900.0,100.7,109400.0,228700.0,6430.0,6524.0,6372.0,-0.856,2026-01-13 23:17,-2884
DIVISLAB,2026-01-27,6450.0,106.35,38400.0,78700.0,126.4,31500.0,85400.0,6430.0,6524.0,6372.0,-0.856,2026-01-13 23:17,-3284
DIVISLAB,2026-01-27,6500.0,81.45,143200.0,277700.0,158.45,57000.0,59900.0,6430.0,6524.0,6372.0,-0.856,2026-01-13 23:17,-3255
DIVISLAB,2026-01-27,6550.0,70.05,25200.0,50400.0,197.7,17000.0,11100.0,6430.0,6524.0,6372.0,-0.856,2026-01-13 23:17,-1971
DIVISLAB,2026-01-27,6600.0,53.2,120900.0,171500.0,209.45,45300.0,14000.0,6430.0,6524.0,6372.0,-0.856,2026-01-13 23:17,-899
DIVISLAB,2026-01-27,6650.0,41.6,97100.0,60200.0,294.0,18900.0,1300.0,6430.0,6524.0,6372.0,-0.856,2026-01-13 23:17,857
DIVISLAB,2026-01-27,6700.0,32.7,189100.0,165100.0,337.0,20900.0,1400.0,6430.0,6524.0,6372.0,-0.856,2026-01-13 23:17,3348
DIVISLAB,2026-01-27,6750.0,26.1,39300.0,29400.0,197.55,7700.0,0.0,6430.0,6524.0,6372.0,-0.856,2026-01-13 23:17,6954
DIVISLAB,2026-01-27,6800.0,20.0,160700.0,111800.0,332.0,2500.0,0.0,6430.0,6524.0,6372.0,-0.856,2026-01-13 23:17,10832
DIVISLAB,2026-01-27,6850.0,16.8,24300.0,18100.0,272.6,2000.0,0.0,6430.0,6524.0,6372.0,-0.856,2026-01-13 23:17,15814
DIVISLAB,2026-01-27,6900.0,12.7,125100.0,32000.0,0.0,0.0,0.0,6430.0,6524.0,6372.0,-0.856,2026-01-13 23:17,20675
DIVISLAB,2026-01-27,6950.0,11.05,20700.0,13800.0,333.65,200.0,0.0,6430.0,6524.0,6372.0,-0.856,2026-01-13 23:17,26335
DIVISLAB,2026-01-27,7000.0,8.45,201200.0,99800.0,375.1,1800.0,0.0,6430.0,6524.0,6372.0,-0.856,2026-01-13 23:17,31956
DIVISLAB,2026-01-27,7050.0,7.4,6700.0,3200.0,0.0,0.0,0.0,6430.0,6524.0,6372.0,-0.856,2026-01-13 23:17,38679
DIVISLAB,2026-01-27,7100.0,6.5,38400.0,14200.0,598.0,200.0,0.0,6430.0,6524.0,6372.0,-0.856,2026-01-13 23:17,45337
DIVISLAB,2026-01-27,7150.0,4.5,5300.0,200.0,0.0,0.0,0.0,6430.0,6524.0,6372.0,-0.856,2026-01-13 23:17,52196
DIVISLAB,2026-01-27,7200.0,4.15,92200.0,24000.0,0.0,0.0,0.0,6430.0,6524.0,6372.0,-0.856,2026-01-13 23:17,59072
DIVISLAB,2026-01-27,7250.0,3.3,4100.0,200.0,0.0,0.0,0.0,6430.0,6524.0,6372.0,-0.856,2026-01-13 23:17,66444
DIVISLAB,2026-01-27,7300.0,2.65,26900.0,1400.0,0.0,0.0,0.0,6430.0,6524.0,6372.0,-0.856,2026-01-13 23:17,73800
DIVISLAB,2026-01-27,7400.0,2.55,43400.0,9600.0,0.0,0.0,0.0,6430.0,6524.0,6372.0,-0.856,2026-01-13 23:17,88785
DIVISLAB,2026-01-27,7500.0,0.9,0.0,0.0,0.0,0.0,0.0,6430.0,6524.0,6372.0,-0.856,2026-01-13 23:17,104208
DIVISLAB,2026-01-27,7600.0,0.0,0.0,0.0,0.0,0.0,0.0,6430.0,6524.0,6372.0,-0.856,2026-01-13 23:17,119620
DIXON,2026-01-27,9500.0,1785.0,1400.0,250.0,26.25,79250.0,141400.0,11248.0,11964.0,11180.0,-5.016,2026-01-13 23:17,304131
DIXON,2026-01-27,9800.0,0.0,0.0,0.0,43.5,15250.0,25100.0,11248.0,11964.0,11180.0,-5.016,2026-01-13 23:17,256520
DIXON,2026-01-27,10000.0,1363.2,3500.0,400.0,61.75,194250.0,460550.0,11248.0,11964.0,11180.0,-5.016,2026-01-13 23:17,224991
DIXON,2026-01-27,10200.0,0.0,0.0,0.0,81.85,15000.0,15350.0,11248.0,11964.0,11180.0,-5.016,2026-01-13 23:17,196761
DIXON,2026-01-27,10250.0,2067.3,500.0,0.0,86.8,13550.0,55550.0,11248.0,11964.0,11180.0,-5.016,2026-01-13 23:17,189836
DIXON,2026-01-27,10400.0,0.0,0.0,0.0,105.6,7100.0,18050.0,11248.0,11964.0,11180.0,-5.016,2026-01-13 23:17,169627
DIXON,2026-01-27,10500.0,900.9,950.0,1200.0,125.3,101550.0,525700.0,11248.0,11964.0,11180.0,-5.016,2026-01-13 23:17,156159
DIXON,2026-01-27,10600.0,0.0,0.0,0.0,144.1,11400.0,21750.0,11248.0,11964.0,11180.0,-5.016,2026-01-13 23:17,142605
DIXON,2026-01-27,10700.0,0.0,0.0,0.0,167.75,7300.0,11450.0,11248.0,11964.0,11180.0,-5.016,2026-01-13 23:17,130187
DIXON,2026-01-27,10750.0,725.0,1700.0,1250.0,183.1,27350.0,92950.0,11248.0,11964.0,11180.0,-5.016,2026-01-13 23:17,123974
DIXON,2026-01-27,10800.0,0.0,0.0,0.0,196.2,16650.0,33700.0,11248.0,11964.0,11180.0,-5.016,2026-01-13 23:17,117652
DIXON,2026-01-27,10900.0,0.0,0.0,0.0,229.0,7100.0,34200.0,11248.0,11964.0,11180.0,-5.016,2026-01-13 23:17,105602
DIXON,2026-01-27,11000.0,550.95,34600.0,93550.0,263.0,205650.0,945450.0,11248.0,11964.0,11180.0,-5.016,2026-01-13 23:17,93786
DIXON,2026-01-27,11100.0,490.0,5700.0,15500.0,304.6,10600.0,49700.0,11248.0,11964.0,11180.0,-5.016,2026-01-13 23:17,81034
DIXON,2026-01-27,11200.0,438.95,18550.0,75950.0,346.45,24750.0,145850.0,11248.0,11964.0,11180.0,-5.016,2026-01-13 23:17,71904
DIXON,2026-01-27,11250.0,414.0,26050.0,106100.0,375.95,37150.0,165300.0,11248.0,11964.0,11180.0,-5.016,2026-01-13 23:17,67533
DIXON,2026-01-27,11300.0,389.8,22400.0,116400.0,396.15,20150.0,144150.0,11248.0,11964.0,11180.0,-5.016,2026-01-13 23:17,63204
DIXON,2026-01-27,11400.0,340.0,28550.0,123200.0,455.0,20500.0,150650.0,11248.0,11964.0,11180.0,-5.016,2026-01-13 23:17,55683
DIXON,2026-01-27,11500.0,301.75,122450.0,507250.0,512.95,127300.0,629100.0,11248.0,11964.0,11180.0,-5.016,2026-01-13 23:17,48614
DIXON,2026-01-27,11600.0,262.2,57300.0,262300.0,570.5,32000.0,173500.0,11248.0,11964.0,11180.0,-5.016,2026-01-13 23:17,41171
DIXON,2026-01-27,11700.0,232.0,45800.0,208500.0,636.75,28100.0,80300.0,11248.0,11964.0,11180.0,-5.016,2026-01-13 23:17,37132
DIXON,2026-01-27,11750.0,216.0,69700.0,200450.0,670.25,53400.0,91050.0,11248.0,11964.0,11180.0,-5.016,2026-01-13 23:17,34917
DIXON,2026-01-27,11800.0,200.3,59750.0,181650.0,706.5,35100.0,75400.0,11248.0,11964.0,11180.0,-5.016,2026-01-13 23:17,31971
DIXON,2026-01-27,11900.0,177.6,50950.0,119350.0,780.3,34150.0,64850.0,11248.0,11964.0,11180.0,-5.016,2026-01-13 23:17,29891
DIXON,2026-01-27,12000.0,154.55,406850.0,935250.0,869.95,145050.0,167550.0,11248.0,11964.0,11180.0,-5.016,2026-01-13 23:17,28185
DIXON,2026-01-27,12100.0,134.95,56500.0,77850.0,955.3,21950.0,7750.0,11248.0,11964.0,11180.0,-5.016,2026-01-13 23:17,27427
DIXON,2026-01-27,12200.0,116.5,78550.0,106150.0,1032.15,31500.0,3800.0,11248.0,11964.0,11180.0,-5.016,2026-01-13 23:17,32451
DIXON,2026-01-27,12250.0,108.0,87650.0,127150.0,1098.55,39600.0,12400.0,11248.0,11964.0,11180.0,-5.016,2026-01-13 23:17,33843
DIXON,2026-01-27,12300.0,101.55,44650.0,58450.0,1082.75,17500.0,150.0,11248.0,11964.0,11180.0,-5.016,2026-01-13 23:17,34805
DIXON,2026-01-27,12400.0,88.3,36500.0,62150.0,1187.05,10700.0,2650.0,11248.0,11964.0,11180.0,-5.016,2026-01-13 23:17,42716
DIXON,2026-01-27,12500.0,75.0,321800.0,653700.0,1276.0,49950.0,14200.0,11248.0,11964.0,11180.0,-5.016,2026-01-13 23:17,51592
DIXON,2026-01-27,12600.0,67.35,22100.0,50850.0,1430.0,6150.0,650.0,11248.0,11964.0,11180.0,-5.016,2026-01-13 23:17,61173
DIXON,2026-01-27,12700.0,57.95,11250.0,14900.0,938.55,2400.0,0.0,11248.0,11964.0,11180.0,-5.016,2026-01-13 23:17,74266
DIXON,2026-01-27,12750.0,54.4,76300.0,123650.0,1520.0,19750.0,4850.0,11248.0,11964.0,11180.0,-5.016,2026-01-13 23:17,81087
DIXON,2026-01-27,12800.0,50.9,24550.0,48750.0,0.0,0.0,0.0,11248.0,11964.0,11180.0,-5.016,2026-01-13 23:17,85960
DIXON,2026-01-27,12900.0,44.55,10000.0,19650.0,0.0,0.0,0.0,11248.0,11964.0,11180.0,-5.016,2026-01-13 23:17,101252
DIXON,2026-01-27,13000.0,40.0,436100.0,714800.0,1740.0,46750.0,9450.0,11248.0,11964.0,11180.0,-5.016,2026-01-13 23:17,116563
DIXON,2026-01-27,13100.0,34.55,9100.0,11400.0,0.0,0.0,0.0,11248.0,11964.0,11180.0,-5.016,2026-01-13 23:17,130268
DIXON,2026-01-27,13200.0,32.25,18450.0,27650.0,1479.25,750.0,0.0,11248.0,11964.0,11180.0,-5.016,2026-01-13 23:17,150485
DIXON,2026-01-27,13250.0,30.25,74150.0,99300.0,2018.9,11400.0,200.0,11248.0,11964.0,11180.0,-5.016,2026-01-13 23:17,160623
DIXON,2026-01-27,13300.0,28.8,34200.0,26750.0,0.0,0.0,0.0,11248.0,11964.0,11180.0,-5.016,2026-01-13 23:17,169162
DIXON,2026-01-27,13400.0,25.05,7750.0,13750.0,1255.0,300.0,0.0,11248.0,11964.0,11180.0,-5.016,2026-01-13 23:17,190836
DIXON,2026-01-27,13500.0,23.05,246650.0,292150.0,2250.0,15300.0,2650.0,11248.0,11964.0,11180.0,-5.016,2026-01-13 23:17,212474
DIXON,2026-01-27,13600.0,21.35,13650.0,8550.0,0.0,0.0,0.0,11248.0,11964.0,11180.0,-5.016,2026-01-13 23:17,233875
DIXON,2026-01-27,13750.0,18.0,54050.0,47250.0,1996.35,1200.0,0.0,11248.0,11964.0,11180.0,-5.016,2026-01-13 23:17,270523
DIXON,2026-01-27,13800.0,17.65,13300.0,9600.0,0.0,0.0,0.0,11248.0,11964.0,11180.0,-5.016,2026-01-13 23:17,282863
DIXON,2026-01-27,14000.0,14.0,368250.0,385350.0,2718.1,35400.0,1350.0,11248.0,11964.0,11180.0,-5.016,2026-01-13 23:17,333081
DIXON,2026-01-27,14200.0,14.1,3100.0,3600.0,2307.2,150.0,0.0,11248.0,11964.0,11180.0,-5.016,2026-01-13 23:17,382243
DIXON,2026-01-27,14250.0,10.0,28100.0,13150.0,2380.0,1650.0,0.0,11248.0,11964.0,11180.0,-5.016,2026-01-13 23:17,396796
DIXON,2026-01-27,14500.0,9.5,121600.0,98050.0,2684.5,7150.0,0.0,11248.0,11964.0,11180.0,-5.016,2026-01-13 23:17,470091
DIXON,2026-01-27,14750.0,8.05,21850.0,4850.0,2826.0,1100.0,0.0,11248.0,11964.0,11180.0,-5.016,2026-01-13 23:17,545166
DIXON,2026-01-27,15000.0,7.15,186000.0,103500.0,3676.2,50400.0,500.0,11248.0,11964.0,11180.0,-5.016,2026-01-13 23:17,622325
DIXON,2026-01-27,15250.0,6.05,6550.0,750.0,2990.0,100.0,0.0,11248.0,11964.0,11180.0,-5.016,2026-01-13 23:17,687292
DIXON,2026-01-27,15500.0,6.5,24350.0,11300.0,4200.0,7950.0,150.0,11248.0,11964.0,11180.0,-5.016,2026-01-13 23:17,770795
DIXON,2026-01-27,15750.0,9.0,1950.0,0.0,3797.95,250.0,0.0,11248.0,11964.0,11180.0,-5.016,2026-01-13 23:17,851808
DIXON,2026-01-27,16000.0,5.6,63600.0,14000.0,3980.0,13250.0,0.0,11248.0,11964.0,11180.0,-5.016,2026-01-13 23:17,936106
DIXON,2026-01-27,16250.0,7.9,1600.0,0.0,2920.0,150.0,0.0,11248.0,11964.0,11180.0,-5.016,2026-01-13 23:17,1017181
DIXON,2026-01-27,16500.0,6.6,5750.0,0.0,4700.0,550.0,0.0,11248.0,11964.0,11180.0,-5.016,2026-01-13 23:17,1103495
DIXON,2026-01-27,17000.0,3.3,44900.0,5600.0,5040.0,4750.0,0.0,11248.0,11964.0,11180.0,-5.016,2026-01-13 23:17,1276268
DIXON,2026-01-27,17500.0,2.05,3050.0,750.0,5609.65,1350.0,0.0,11248.0,11964.0,11180.0,-5.016,2026-01-13 23:17,1449398
DLF,2026-01-27,560.0,0.0,0.0,0.0,0.0,0.0,0.0,651.5,665.25,641.05,-1.236,2026-01-13 23:17,146093
DLF,2026-01-27,580.0,83.0,825.0,0.0,1.4,235125.0,174075.0,651.5,665.25,641.05,-1.236,2026-01-13 23:17,121104
DLF,2026-01-27,590.0,0.0,0.0,0.0,1.85,73425.0,121275.0,651.5,665.25,641.05,-1.236,2026-01-13 23:17,108819
DLF,2026-01-27,600.0,55.05,56100.0,224400.0,2.55,650100.0,597300.0,651.5,665.25,641.05,-1.236,2026-01-13 23:17,96620
DLF,2026-01-27,610.0,0.0,0.0,0.0,3.45,259050.0,457050.0,651.5,665.25,641.05,-1.236,2026-01-13 23:17,85284
DLF,2026-01-27,620.0,77.1,6600.0,0.0,5.05,431475.0,490050.0,651.5,665.25,641.05,-1.236,2026-01-13 23:17,73975
DLF,2026-01-27,630.0,29.8,87450.0,152625.0,7.0,556050.0,1046925.0,651.5,665.25,641.05,-1.236,2026-01-13 23:17,63026
DLF,2026-01-27,640.0,23.8,684750.0,1778700.0,10.0,808500.0,3196875.0,651.5,665.25,641.05,-1.236,2026-01-13 23:17,52759
DLF,2026-01-27,650.0,17.7,515625.0,3359400.0,13.9,837375.0,4137375.0,651.5,665.25,641.05,-1.236,2026-01-13 23:17,44935
DLF,2026-01-27,660.0,12.85,876150.0,4600200.0,19.3,1056825.0,1226775.0,651.5,665.25,641.05,-1.236,2026-01-13 23:17,37392
DLF,2026-01-27,670.0,8.9,730125.0,2967525.0,25.15,546150.0,410025.0,651.5,665.25,641.05,-1.236,2026-01-13 23:17,31119
DLF,2026-01-27,680.0,6.2,1681350.0,3606075.0,33.0,1334850.0,167475.0,651.5,665.25,641.05,-1.236,2026-01-13 23:17,26312
DLF,2026-01-27,690.0,4.4,1405800.0,1441275.0,41.05,801075.0,42900.0,651.5,665.25,641.05,-1.236,2026-01-13 23:17,21883
DLF,2026-01-27,700.0,3.2,4115925.0,3851100.0,50.5,1645050.0,80025.0,651.5,665.25,641.05,-1.236,2026-01-13 23:17,20353
DLF,2026-01-27,710.0,2.25,1753950.0,1478400.0,58.75,683925.0,37125.0,651.5,665.25,641.05,-1.236,2026-01-13 23:17,20264
DLF,2026-01-27,720.0,1.8,3031875.0,1432200.0,67.5,483450.0,5775.0,651.5,665.25,641.05,-1.236,2026-01-13 23:17,25979
DLF,2026-01-27,730.0,1.35,1136850.0,454575.0,78.55,345675.0,2475.0,651.5,665.25,641.05,-1.236,2026-01-13 23:17,36116
DLF,2026-01-27,740.0,1.15,1092300.0,404250.0,88.3,205425.0,1650.0,651.5,665.25,641.05,-1.236,2026-01-13 23:17,47891
DLF,2026-01-27,750.0,0.9,1198725.0,969375.0,98.0,414150.0,9075.0,651.5,665.25,641.05,-1.236,2026-01-13 23:17,61837
DLF,2026-01-27,760.0,0.7,359700.0,147675.0,103.05,142725.0,11550.0,651.5,665.25,641.05,-1.236,2026-01-13 23:17,75134
DLF,2026-01-27,770.0,0.6,206250.0,55275.0,61.85,26400.0,0.0,651.5,665.25,641.05,-1.236,2026-01-13 23:17,91438
DLF,2026-01-27,780.0,0.45,417450.0,98175.0,116.45,108900.0,825.0,651.5,665.25,641.05,-1.236,2026-01-13 23:17,109270
DLF,2026-01-27,790.0,0.55,93225.0,0.0,96.75,14025.0,0.0,651.5,665.25,641.05,-1.236,2026-01-13 23:17,126529
DLF,2026-01-27,800.0,0.3,457875.0,380325.0,147.25,233475.0,6600.0,651.5,665.25,641.05,-1.236,2026-01-13 23:17,145015
DLF,2026-01-27,810.0,0.4,2475.0,0.0,156.0,17325.0,825.0,651.5,665.25,641.05,-1.236,2026-01-13 23:17,160898
DLF,2026-01-27,820.0,0.15,80850.0,16500.0,111.5,196350.0,0.0,651.5,665.25,641.05,-1.236,2026-01-13 23:17,179955
DLF,2026-01-27,840.0,0.15,7425.0,0.0,166.5,106425.0,0.0,651.5,665.25,641.05,-1.236,2026-01-13 23:17,216976
DLF,2026-01-27,860.0,0.1,117150.0,0.0,147.0,188100.0,0.0,651.5,665.25,641.05,-1.236,2026-01-13 23:17,254641
DLF,2026-01-27,880.0,0.1,47850.0,10725.0,227.0,93225.0,3300.0,651.5,665.25,641.05,-1.236,2026-01-13 23:17,291924
DMART,2026-01-27,3000.0,765.0,150.0,0.0,0.4,3300.0,300.0,3832.2,3889.0,3782.7,-0.008,2026-01-13 23:17,106503
DMART,2026-01-27,3100.0,634.55,150.0,0.0,0.65,6900.0,9150.0,3832.2,3889.0,3782.7,-0.008,2026-01-13 23:17,88797
DMART,2026-01-27,3200.0,455.9,450.0,0.0,1.1,43650.0,8400.0,3832.2,3889.0,3782.7,-0.008,2026-01-13 23:17,71161
DMART,2026-01-27,3250.0,0.0,0.0,0.0,0.0,0.0,0.0,3832.2,3889.0,3782.7,-0.008,2026-01-13 23:17,62574
DMART,2026-01-27,3300.0,360.0,150.0,0.0,1.65,42750.0,21450.0,3832.2,3889.0,3782.7,-0.008,2026-01-13 23:17,53971
DMART,2026-01-27,3350.0,0.0,0.0,0.0,1.85,33600.0,19500.0,3832.2,3889.0,3782.7,-0.008,2026-01-13 23:17,45582
DMART,2026-01-27,3400.0,416.0,600.0,0.0,2.55,85800.0,103350.0,3832.2,3889.0,3782.7,-0.008,2026-01-13 23:17,37355
DMART,2026-01-27,3450.0,360.35,1050.0,0.0,6.6,33150.0,48750.0,3832.2,3889.0,3782.7,-0.008,2026-01-13 23:17,29570
DMART,2026-01-27,3500.0,380.75,51000.0,300.0,5.75,157200.0,175500.0,3832.2,3889.0,3782.7,-0.008,2026-01-13 23:17,21969
DMART,2026-01-27,3550.0,303.3,15900.0,0.0,7.65,135600.0,397200.0,3832.2,3889.0,3782.7,-0.008,2026-01-13 23:17,17245
DMART,2026-01-27,3600.0,238.25,28350.0,2100.0,10.7,200850.0,378750.0,3832.2,3889.0,3782.7,-0.008,2026-01-13 23:17,11805
DMART,2026-01-27,3650.0,170.0,21000.0,750.0,14.9,82200.0,153600.0,3832.2,3889.0,3782.7,-0.008,2026-01-13 23:17,7593
DMART,2026-01-27,3700.0,158.35,74400.0,68700.0,21.45,205950.0,489900.0,3832.2,3889.0,3782.7,-0.008,2026-01-13 23:17,3671
DMART,2026-01-27,3750.0,122.0,61650.0,72900.0,33.0,85950.0,255900.0,3832.2,3889.0,3782.7,-0.008,2026-01-13 23:17,1653
DMART,2026-01-27,3800.0,90.4,295350.0,792900.0,50.65,275550.0,746550.0,3832.2,3889.0,3782.7,-0.008,2026-01-13 23:17,104
DMART,2026-01-27,3850.0,64.0,191100.0,624900.0,74.95,63000.0,310800.0,3832.2,3889.0,3782.7,-0.008,2026-01-13 23:17,2216
DMART,2026-01-27,3900.0,45.6,419400.0,1095000.0,104.2,112050.0,252900.0,3832.2,3889.0,3782.7,-0.008,2026-01-13 23:17,5075
DMART,2026-01-27,3950.0,32.5,218250.0,474900.0,143.85,50700.0,2250.0,3832.2,3889.0,3782.7,-0.008,2026-01-13 23:17,10586
DMART,2026-01-27,4000.0,23.5,874200.0,1375650.0,187.45,97350.0,28350.0,3832.2,3889.0,3782.7,-0.008,2026-01-13 23:17,16676
DMART,2026-01-27,4050.0,16.35,133800.0,257700.0,249.05,3450.0,1500.0,3832.2,3889.0,3782.7,-0.008,2026-01-13 23:17,27874
DMART,2026-01-27,4100.0,11.7,214500.0,365850.0,275.0,21450.0,1200.0,3832.2,3889.0,3782.7,-0.008,2026-01-13 23:17,39661
DMART,2026-01-27,4150.0,8.5,103500.0,124800.0,354.0,1350.0,0.0,3832.2,3889.0,3782.7,-0.008,2026-01-13 23:17,52156
DMART,2026-01-27,4200.0,6.8,212550.0,352950.0,361.45,10350.0,0.0,3832.2,3889.0,3782.7,-0.008,2026-01-13 23:17,65554
DMART,2026-01-27,4250.0,5.35,91200.0,102900.0,0.0,0.0,0.0,3832.2,3889.0,3782.7,-0.008,2026-01-13 23:17,79797
DMART,2026-01-27,4300.0,4.3,108150.0,119400.0,518.0,7200.0,0.0,3832.2,3889.0,3782.7,-0.008,2026-01-13 23:17,94775
DMART,2026-01-27,4350.0,3.05,26550.0,34650.0,563.0,150.0,0.0,3832.2,3889.0,3782.7,-0.008,2026-01-13 23:17,109954
DMART,2026-01-27,4400.0,2.45,78450.0,84150.0,585.0,4800.0,600.0,3832.2,3889.0,3782.7,-0.008,2026-01-13 23:17,125593
DMART,2026-01-27,4450.0,2.45,4800.0,3600.0,660.0,150.0,0.0,3832.2,3889.0,3782.7,-0.008,2026-01-13 23:17,141386
DMART,2026-01-27,4500.0,1.9,306600.0,276150.0,635.0,2400.0,0.0,3832.2,3889.0,3782.7,-0.008,2026-01-13 23:17,157458
DMART,2026-01-27,4600.0,1.4,19200.0,6150.0,795.0,900.0,0.0,3832.2,3889.0,3782.7,-0.008,2026-01-13 23:17,192613
DMART,2026-01-27,4700.0,0.8,8250.0,750.0,902.0,7350.0,0.0,3832.2,3889.0,3782.7,-0.008,2026-01-13 23:17,227996
DMART,2026-01-27,4800.0,0.3,4050.0,0.0,0.0,0.0,0.0,3832.2,3889.0,3782.7,-0.008,2026-01-13 23:17,262940
DRREDDY,2026-01-27,1000.0,0.0,0.0,0.0,0.0,0.0,0.0,1187.9,1215.9,1185.5,-2.271,2026-01-13 23:17,67240
DRREDDY,2026-01-27,1020.0,0.0,0.0,0.0,0.0,0.0,0.0,1187.9,1215.9,1185.5,-2.271,2026-01-13 23:17,59568
DRREDDY,2026-01-27,1040.0,0.0,0.0,0.0,0.7,25000.0,0.0,1187.9,1215.9,1185.5,-2.271,2026-01-13 23:17,51895
DRREDDY,2026-01-27,1060.0,0.0,0.0,0.0,0.0,0.0,0.0,1187.9,1215.9,1185.5,-2.271,2026-01-13 23:17,44271
DRREDDY,2026-01-27,1080.0,136.55,3125.0,0.0,1.85,35000.0,58750.0,1187.9,1215.9,1185.5,-2.271,2026-01-13 23:17,36649
DRREDDY,2026-01-27,1090.0,0.0,0.0,0.0,2.55,13125.0,7500.0,1187.9,1215.9,1185.5,-2.271,2026-01-13 23:17,32912
DRREDDY,2026-01-27,1100.0,105.2,1250.0,625.0,3.0,406250.0,235000.0,1187.9,1215.9,1185.5,-2.271,2026-01-13 23:17,29148
DRREDDY,2026-01-27,1110.0,0.0,0.0,0.0,3.8,0.0,625.0,1187.9,1215.9,1185.5,-2.271,2026-01-13 23:17,25687
DRREDDY,2026-01-27,1120.0,0.0,0.0,0.0,4.4,102500.0,90625.0,1187.9,1215.9,1185.5,-2.271,2026-01-13 23:17,22335
DRREDDY,2026-01-27,1130.0,72.0,3125.0,5625.0,5.45,376250.0,68125.0,1187.9,1215.9,1185.5,-2.271,2026-01-13 23:17,19040
DRREDDY,2026-01-27,1140.0,0.0,0.0,0.0,7.15,140625.0,81250.0,1187.9,1215.9,1185.5,-2.271,2026-01-13 23:17,15986
DRREDDY,2026-01-27,1150.0,0.0,0.0,0.0,9.5,305000.0,138125.0,1187.9,1215.9,1185.5,-2.271,2026-01-13 23:17,13156
DRREDDY,2026-01-27,1160.0,0.0,0.0,0.0,12.1,159375.0,121875.0,1187.9,1215.9,1185.5,-2.271,2026-01-13 23:17,10441
DRREDDY,2026-01-27,1170.0,45.2,3125.0,1250.0,15.1,81250.0,115000.0,1187.9,1215.9,1185.5,-2.271,2026-01-13 23:17,7983
DRREDDY,2026-01-27,1180.0,32.75,6875.0,5000.0,19.3,216250.0,328125.0,1187.9,1215.9,1185.5,-2.271,2026-01-13 23:17,5693
DRREDDY,2026-01-27,1190.0,27.5,86250.0,132500.0,22.85,100000.0,630000.0,1187.9,1215.9,1185.5,-2.271,2026-01-13 23:17,3340
DRREDDY,2026-01-27,1200.0,21.4,275000.0,1008125.0,28.75,481875.0,1476875.0,1187.9,1215.9,1185.5,-2.271,2026-01-13 23:17,1577
DRREDDY,2026-01-27,1210.0,17.8,135000.0,318750.0,35.65,83750.0,205625.0,1187.9,1215.9,1185.5,-2.271,2026-01-13 23:17,-234
DRREDDY,2026-01-27,1220.0,14.4,370000.0,671875.0,40.2,292500.0,115625.0,1187.9,1215.9,1185.5,-2.271,2026-01-13 23:17,-1089
DRREDDY,2026-01-27,1230.0,11.15,175000.0,210000.0,48.6,76875.0,17500.0,1187.9,1215.9,1185.5,-2.271,2026-01-13 23:17,-1866
DRREDDY,2026-01-27,1240.0,8.5,433750.0,344375.0,56.0,188125.0,66250.0,1187.9,1215.9,1185.5,-2.271,2026-01-13 23:17,-1926
DRREDDY,2026-01-27,1250.0,6.3,323750.0,336250.0,62.75,362500.0,39375.0,1187.9,1215.9,1185.5,-2.271,2026-01-13 23:17,-1871
DRREDDY,2026-01-27,1260.0,4.65,1426875.0,526875.0,71.2,157500.0,6875.0,1187.9,1215.9,1185.5,-2.271,2026-01-13 23:17,-2515
DRREDDY,2026-01-27,1270.0,3.6,192500.0,99375.0,59.35,74375.0,0.0,1187.9,1215.9,1185.5,-2.271,2026-01-13 23:17,37
DRREDDY,2026-01-27,1280.0,2.85,398750.0,230625.0,79.35,75000.0,0.0,1187.9,1215.9,1185.5,-2.271,2026-01-13 23:17,2942
DRREDDY,2026-01-27,1290.0,2.15,91875.0,33750.0,0.0,0.0,0.0,1187.9,1215.9,1185.5,-2.271,2026-01-13 23:17,6212
DRREDDY,2026-01-27,1300.0,1.75,1396250.0,744375.0,105.3,60000.0,6875.0,1187.9,1215.9,1185.5,-2.271,2026-01-13 23:17,10075
DRREDDY,2026-01-27,1310.0,1.4,41875.0,26875.0,0.0,0.0,0.0,1187.9,1215.9,1185.5,-2.271,2026-01-13 23:17,14986
DRREDDY,2026-01-27,1320.0,1.1,620625.0,168125.0,62.75,2500.0,0.0,1187.9,1215.9,1185.5,-2.271,2026-01-13 23:17,20334
DRREDDY,2026-01-27,1330.0,1.0,117500.0,15000.0,69.0,5000.0,0.0,1187.9,1215.9,1185.5,-2.271,2026-01-13 23:17,26351
DRREDDY,2026-01-27,1340.0,0.7,171875.0,8125.0,112.0,3125.0,0.0,1187.9,1215.9,1185.5,-2.271,2026-01-13 23:17,32415
DRREDDY,2026-01-27,1350.0,0.75,123125.0,39375.0,0.0,0.0,0.0,1187.9,1215.9,1185.5,-2.271,2026-01-13 23:17,38654
DRREDDY,2026-01-27,1360.0,0.35,151875.0,2500.0,87.5,2500.0,0.0,1187.9,1215.9,1185.5,-2.271,2026-01-13 23:17,45048
DRREDDY,2026-01-27,1370.0,0.35,522500.0,1875.0,0.0,0.0,0.0,1187.9,1215.9,1185.5,-2.271,2026-01-13 23:17,51571
DRREDDY,2026-01-27,1380.0,0.45,25625.0,0.0,107.0,1875.0,0.0,1187.9,1215.9,1185.5,-2.271,2026-01-13 23:17,58651
DRREDDY,2026-01-27,1390.0,0.8,1250.0,0.0,0.0,0.0,0.0,1187.9,1215.9,1185.5,-2.271,2026-01-13 23:17,65721
DRREDDY,2026-01-27,1400.0,0.15,105000.0,8750.0,151.0,8125.0,0.0,1187.9,1215.9,1185.5,-2.271,2026-01-13 23:17,72812
DRREDDY,2026-01-27,1420.0,0.2,6250.0,0.0,0.0,0.0,0.0,1187.9,1215.9,1185.5,-2.271,2026-01-13 23:17,87098
DRREDDY,2026-01-27,1440.0,0.45,625.0,0.0,0.0,0.0,0.0,1187.9,1215.9,1185.5,-2.271,2026-01-13 23:17,101518
DRREDDY,2026-01-27,1460.0,0.0,0.0,0.0,0.0,0.0,0.0,1187.9,1215.9,1185.5,-2.271,2026-01-13 23:17,115940
DRREDDY,2026-01-27,1480.0,0.1,16875.0,625.0,0.0,0.0,0.0,1187.9,1215.9,1185.5,-2.271,2026-01-13 23:17,130361
EICHERMOT,2026-01-27,6000.0,1600.0,4100.0,0.0,2.1,2700.0,0.0,7383.0,7514.5,7348.0,-0.713,2026-01-13 23:17,111317
EICHERMOT,2026-01-27,6100.0,1178.0,1400.0,0.0,0.0,0.0,0.0,7383.0,7514.5,7348.0,-0.713,2026-01-13 23:17,101373
EICHERMOT,2026-01-27,6200.0,1170.0,1000.0,0.0,2.2,2300.0,400.0,7383.0,7514.5,7348.0,-0.713,2026-01-13 23:17,90953
EICHERMOT,2026-01-27,6300.0,1038.0,300.0,0.0,1.75,500.0,13300.0,7383.0,7514.5,7348.0,-0.713,2026-01-13 23:17,80518
EICHERMOT,2026-01-27,6400.0,953.0,100.0,0.0,3.1,1200.0,1300.0,7383.0,7514.5,7348.0,-0.713,2026-01-13 23:17,70005
EICHERMOT,2026-01-27,6450.0,0.0,0.0,0.0,15.15,400.0,0.0,7383.0,7514.5,7348.0,-0.713,2026-01-13 23:17,64748
EICHERMOT,2026-01-27,6500.0,915.0,8100.0,0.0,3.0,34800.0,8400.0,7383.0,7514.5,7348.0,-0.713,2026-01-13 23:17,59484
EICHERMOT,2026-01-27,6550.0,0.0,0.0,0.0,5.3,3600.0,0.0,7383.0,7514.5,7348.0,-0.713,2026-01-13 23:17,55166
EICHERMOT,2026-01-27,6600.0,744.2,600.0,0.0,2.4,15100.0,3700.0,7383.0,7514.5,7348.0,-0.713,2026-01-13 23:17,50133
EICHERMOT,2026-01-27,6650.0,0.0,0.0,0.0,3.7,5500.0,0.0,7383.0,7514.5,7348.0,-0.713,2026-01-13 23:17,45222
EICHERMOT,2026-01-27,6700.0,840.0,500.0,0.0,4.5,41700.0,5700.0,7383.0,7514.5,7348.0,-0.713,2026-01-13 23:17,40295
EICHERMOT,2026-01-27,6750.0,630.0,100.0,0.0,5.85,3800.0,0.0,7383.0,7514.5,7348.0,-0.713,2026-01-13 23:17,35604
EICHERMOT,2026-01-27,6800.0,675.85,12700.0,0.0,7.0,49700.0,17400.0,7383.0,7514.5,7348.0,-0.713,2026-01-13 23:17,30913
EICHERMOT,2026-01-27,6850.0,0.0,0.0,0.0,10.8,10500.0,8200.0,7383.0,7514.5,7348.0,-0.713,2026-01-13 23:17,27354
EICHERMOT,2026-01-27,6900.0,495.0,4700.0,0.0,12.15,30000.0,34500.0,7383.0,7514.5,7348.0,-0.713,2026-01-13 23:17,23013
EICHERMOT,2026-01-27,6950.0,380.0,500.0,0.0,13.65,6300.0,7900.0,7383.0,7514.5,7348.0,-0.713,2026-01-13 23:17,19053
EICHERMOT,2026-01-27,7000.0,414.0,65000.0,3400.0,18.55,192800.0,75800.0,7383.0,7514.5,7348.0,-0.713,2026-01-13 23:17,14941
EICHERMOT,2026-01-27,7050.0,510.0,500.0,0.0,22.65,20300.0,13100.0,7383.0,7514.5,7348.0,-0.713,2026-01-13 23:17,14441
EICHERMOT,2026-01-27,7100.0,327.9,44400.0,300.0,27.0,90300.0,62400.0,7383.0,7514.5,7348.0,-0.713,2026-01-13 23:17,11691
EICHERMOT,2026-01-27,7150.0,300.25,4600.0,0.0,35.9,16800.0,35500.0,7383.0,7514.5,7348.0,-0.713,2026-01-13 23:17,10847
EICHERMOT,2026-01-27,7200.0,257.0,118300.0,3200.0,45.75,67100.0,264900.0,7383.0,7514.5,7348.0,-0.713,2026-01-13 23:17,8975
EICHERMOT,2026-01-27,7250.0,213.3,13200.0,3000.0,56.55,27200.0,55300.0,7383.0,7514.5,7348.0,-0.713,2026-01-13 23:17,10687
EICHERMOT,2026-01-27,7300.0,183.7,61500.0,20100.0,72.9,78200.0,244700.0,7383.0,7514.5,7348.0,-0.713,2026-01-13 23:17,9995
EICHERMOT,2026-01-27,7350.0,155.1,17200.0,31800.0,95.2,24900.0,82900.0,7383.0,7514.5,7348.0,-0.713,2026-01-13 23:17,10433
EICHERMOT,2026-01-27,7400.0,127.05,59300.0,176500.0,110.65,31000.0,251300.0,7383.0,7514.5,7348.0,-0.713,2026-01-13 23:17,10551
EICHERMOT,2026-01-27,7450.0,102.0,59400.0,382000.0,144.45,20800.0,124200.0,7383.0,7514.5,7348.0,-0.713,2026-01-13 23:17,11502
EICHERMOT,2026-01-27,7500.0,81.5,108600.0,378900.0,173.75,37500.0,174800.0,7383.0,7514.5,7348.0,-0.713,2026-01-13 23:17,12749
EICHERMOT,2026-01-27,7550.0,71.35,47200.0,117900.0,210.05,22000.0,31300.0,7383.0,7514.5,7348.0,-0.713,2026-01-13 23:17,14655
EICHERMOT,2026-01-27,7600.0,52.35,129800.0,267400.0,239.0,82000.0,44600.0,7383.0,7514.5,7348.0,-0.713,2026-01-13 23:17,16547
EICHERMOT,2026-01-27,7650.0,42.85,33100.0,91100.0,225.45,15900.0,0.0,7383.0,7514.5,7348.0,-0.713,2026-01-13 23:17,18344
EICHERMOT,2026-01-27,7700.0,32.0,39600.0,118600.0,305.0,93800.0,24200.0,7383.0,7514.5,7348.0,-0.713,2026-01-13 23:17,21450
EICHERMOT,2026-01-27,7750.0,30.45,38400.0,25500.0,430.0,200.0,0.0,7383.0,7514.5,7348.0,-0.713,2026-01-13 23:17,22704
EICHERMOT,2026-01-27,7800.0,25.1,236900.0,163300.0,407.3,28400.0,8700.0,7383.0,7514.5,7348.0,-0.713,2026-01-13 23:17,26995
EICHERMOT,2026-01-27,7850.0,21.45,26200.0,21300.0,0.0,0.0,0.0,7383.0,7514.5,7348.0,-0.713,2026-01-13 23:17,31941
EICHERMOT,2026-01-27,7900.0,17.15,48900.0,46400.0,493.0,7400.0,0.0,7383.0,7514.5,7348.0,-0.713,2026-01-13 23:17,37637
EICHERMOT,2026-01-27,7950.0,0.0,0.0,0.0,0.0,0.0,0.0,7383.0,7514.5,7348.0,-0.713,2026-01-13 23:17,43277
EICHERMOT,2026-01-27,8000.0,12.0,153100.0,172000.0,594.9,2000.0,500.0,7383.0,7514.5,7348.0,-0.713,2026-01-13 23:17,49198
EICHERMOT,2026-01-27,8050.0,8.95,12300.0,12800.0,0.0,0.0,0.0,7383.0,7514.5,7348.0,-0.713,2026-01-13 23:17,55959
EICHERMOT,2026-01-27,8100.0,7.3,135200.0,60200.0,0.0,0.0,0.0,7383.0,7514.5,7348.0,-0.713,2026-01-13 23:17,62728
EICHERMOT,2026-01-27,8150.0,0.0,0.0,0.0,0.0,0.0,0.0,7383.0,7514.5,7348.0,-0.713,2026-01-13 23:17,70261
EICHERMOT,2026-01-27,8200.0,5.65,53800.0,29200.0,0.0,0.0,0.0,7383.0,7514.5,7348.0,-0.713,2026-01-13 23:17,77695
EICHERMOT,2026-01-27,8300.0,4.1,33800.0,8600.0,0.0,0.0,0.0,7383.0,7514.5,7348.0,-0.713,2026-01-13 23:17,93131
EICHERMOT,2026-01-27,8400.0,4.85,2500.0,8900.0,0.0,0.0,0.0,7383.0,7514.5,7348.0,-0.713,2026-01-13 23:17,108889
EICHERMOT,2026-01-27,8500.0,0.0,0.0,0.0,0.0,0.0,0.0,7383.0,7514.5,7348.0,-0.713,2026-01-13 23:17,124659
EICHERMOT,2026-01-27,8600.0,3.0,1200.0,3000.0,0.0,0.0,0.0,7383.0,7514.5,7348.0,-0.713,2026-01-13 23:17,140428
EICHERMOT,2026-01-27,8700.0,0.0,0.0,0.0,0.0,0.0,0.0,7383.0,7514.5,7348.0,-0.713,2026-01-13 23:17,156210
ETERNAL,2026-01-27,230.0,47.8,2425.0,0.0,0.25,404975.0,82450.0,294.25,297.3,289.15,3.155,2026-01-13 23:17,161466
ETERNAL,2026-01-27,240.0,0.0,0.0,0.0,0.3,1707200.0,2061250.0,294.25,297.3,289.15,3.155,2026-01-13 23:17,118890
ETERNAL,2026-01-27,245.0,0.0,0.0,0.0,0.45,824500.0,1884225.0,294.25,297.3,289.15,3.155,2026-01-13 23:17,98403
ETERNAL,2026-01-27,250.0,42.05,150350.0,9700.0,0.45,2771775.0,2635975.0,294.25,297.3,289.15,3.155,2026-01-13 23:17,78343
ETERNAL,2026-01-27,255.0,38.45,21825.0,21825.0,0.6,1125200.0,948175.0,294.25,297.3,289.15,3.155,2026-01-13 23:17,60288
ETERNAL,2026-01-27,260.0,35.2,278875.0,58200.0,0.8,3409550.0,5470800.0,294.25,297.3,289.15,3.155,2026-01-13 23:17,42316
ETERNAL,2026-01-27,265.0,30.1,274025.0,70325.0,1.05,3072475.0,3378025.0,294.25,297.3,289.15,3.155,2026-01-13 23:17,26880
ETERNAL,2026-01-27,270.0,26.25,1008800.0,664450.0,1.5,3462900.0,7857000.0,294.25,297.3,289.15,3.155,2026-01-13 23:17,12911
ETERNAL,2026-01-27,275.0,21.75,897250.0,414675.0,2.2,2405600.0,7900650.0,294.25,297.3,289.15,3.155,2026-01-13 23:17,2805
ETERNAL,2026-01-27,280.0,17.2,4917900.0,6064925.0,3.15,7110100.0,17872250.0,294.25,297.3,289.15,3.155,2026-01-13 23:17,-6356
ETERNAL,2026-01-27,285.0,13.75,4013375.0,5715725.0,4.5,4898500.0,14494225.0,294.25,297.3,289.15,3.155,2026-01-13 23:17,-4707
ETERNAL,2026-01-27,290.0,10.6,6877300.0,25270925.0,6.25,4886375.0,22511275.0,294.25,297.3,289.15,3.155,2026-01-13 23:17,-1507
ETERNAL,2026-01-27,295.0,7.85,3322250.0,25746225.0,8.75,1632025.0,6511125.0,294.25,297.3,289.15,3.155,2026-01-13 23:17,8496
ETERNAL,2026-01-27,300.0,5.9,10228650.0,42073750.0,11.6,2846950.0,5242850.0,294.25,297.3,289.15,3.155,2026-01-13 23:17,17921
ETERNAL,2026-01-27,305.0,4.2,3108850.0,17185975.0,14.55,152775.0,220675.0,294.25,297.3,289.15,3.155,2026-01-13 23:17,35436
ETERNAL,2026-01-27,310.0,2.95,6564475.0,20333625.0,18.2,523800.0,191575.0,294.25,297.3,289.15,3.155,2026-01-13 23:17,52933
ETERNAL,2026-01-27,315.0,2.0,1840575.0,5090075.0,30.7,67900.0,0.0,294.25,297.3,289.15,3.155,2026-01-13 23:17,73874
ETERNAL,2026-01-27,320.0,1.45,2762075.0,7221650.0,30.35,371025.0,33950.0,294.25,297.3,289.15,3.155,2026-01-13 23:17,94946
ETERNAL,2026-01-27,325.0,1.05,1025775.0,1559275.0,31.3,106700.0,7275.0,294.25,297.3,289.15,3.155,2026-01-13 23:17,116699
ETERNAL,2026-01-27,330.0,0.85,1799350.0,3101575.0,38.15,361325.0,63050.0,294.25,297.3,289.15,3.155,2026-01-13 23:17,139517
ETERNAL,2026-01-27,335.0,0.0,0.0,0.0,41.0,55775.0,9700.0,294.25,297.3,289.15,3.155,2026-01-13 23:17,162417
ETERNAL,2026-01-27,340.0,0.55,1552000.0,1823600.0,45.5,368600.0,130950.0,294.25,297.3,289.15,3.155,2026-01-13 23:17,186341
ETERNAL,2026-01-27,350.0,0.3,1164000.0,887550.0,60.2,368600.0,113975.0,294.25,297.3,289.15,3.155,2026-01-13 23:17,234976
ETERNAL,2026-01-27,360.0,0.25,254625.0,189150.0,77.5,50925.0,0.0,294.25,297.3,289.15,3.155,2026-01-13 23:17,284551
ETERNAL,2026-01-27,380.0,0.15,196425.0,63050.0,0.0,0.0,0.0,294.25,297.3,289.15,3.155,2026-01-13 23:17,388293
EXIDEIND,2026-01-27,290.0,0.0,0.0,0.0,0.0,0.0,0.0,345.85,351.8,343.0,-1.101,2026-01-13 23:17,69243
EXIDEIND,2026-01-27,295.0,0.0,0.0,0.0,0.0,0.0,0.0,345.85,351.8,343.0,-1.101,2026-01-13 23:17,64073
EXIDEIND,2026-01-27,300.0,69.1,5400.0,0.0,0.25,75600.0,21600.0,345.85,351.8,343.0,-1.101,2026-01-13 23:17,58902
EXIDEIND,2026-01-27,305.0,40.95,9000.0,5400.0,0.45,99000.0,117000.0,345.85,351.8,343.0,-1.101,2026-01-13 23:17,53808
EXIDEIND,2026-01-27,310.0,34.0,1800.0,0.0,0.45,316800.0,88200.0,345.85,351.8,343.0,-1.101,2026-01-13 23:17,48764
EXIDEIND,2026-01-27,315.0,37.4,18000.0,5400.0,0.9,16200.0,0.0,345.85,351.8,343.0,-1.101,2026-01-13 23:17,43839
EXIDEIND,2026-01-27,317.5,0.0,0.0,0.0,0.0,0.0,0.0,345.85,351.8,343.0,-1.101,2026-01-13 23:17,41455
EXIDEIND,2026-01-27,320.0,31.0,55800.0,0.0,0.7,156600.0,109800.0,345.85,351.8,343.0,-1.101,2026-01-13 23:17,39005
EXIDEIND,2026-01-27,322.5,0.0,0.0,0.0,0.0,0.0,0.0,345.85,351.8,343.0,-1.101,2026-01-13 23:17,36771
EXIDEIND,2026-01-27,325.0,23.3,7200.0,7200.0,1.0,237600.0,194400.0,345.85,351.8,343.0,-1.101,2026-01-13 23:17,34374
EXIDEIND,2026-01-27,327.5,0.0,0.0,0.0,2.3,5400.0,0.0,345.85,351.8,343.0,-1.101,2026-01-13 23:17,32032
EXIDEIND,2026-01-27,330.0,16.1,115200.0,41400.0,1.55,664200.0,203400.0,345.85,351.8,343.0,-1.101,2026-01-13 23:17,29696
EXIDEIND,2026-01-27,332.5,17.1,7200.0,14400.0,2.25,21600.0,3600.0,345.85,351.8,343.0,-1.101,2026-01-13 23:17,27639
EXIDEIND,2026-01-27,335.0,14.5,21600.0,7200.0,2.35,185400.0,194400.0,345.85,351.8,343.0,-1.101,2026-01-13 23:17,25515
EXIDEIND,2026-01-27,337.5,12.6,3600.0,1800.0,2.8,27000.0,52200.0,345.85,351.8,343.0,-1.101,2026-01-13 23:17,23422
EXIDEIND,2026-01-27,340.0,10.2,127800.0,104400.0,3.75,1065600.0,496800.0,345.85,351.8,343.0,-1.101,2026-01-13 23:17,21346
EXIDEIND,2026-01-27,342.5,9.1,41400.0,34200.0,4.4,122400.0,185400.0,345.85,351.8,343.0,-1.101,2026-01-13 23:17,19303
EXIDEIND,2026-01-27,345.0,7.6,354600.0,869400.0,5.55,468000.0,451800.0,345.85,351.8,343.0,-1.101,2026-01-13 23:17,17553
EXIDEIND,2026-01-27,347.5,6.3,90000.0,153000.0,6.55,131400.0,63000.0,345.85,351.8,343.0,-1.101,2026-01-13 23:17,16035
EXIDEIND,2026-01-27,350.0,5.2,783000.0,1537200.0,7.8,720000.0,207000.0,345.85,351.8,343.0,-1.101,2026-01-13 23:17,14533
EXIDEIND,2026-01-27,352.5,4.35,203400.0,162000.0,10.05,72000.0,18000.0,345.85,351.8,343.0,-1.101,2026-01-13 23:17,13282
EXIDEIND,2026-01-27,355.0,3.45,536400.0,430200.0,12.0,577800.0,27000.0,345.85,351.8,343.0,-1.101,2026-01-13 23:17,12271
EXIDEIND,2026-01-27,357.5,2.8,192600.0,72000.0,13.25,63000.0,0.0,345.85,351.8,343.0,-1.101,2026-01-13 23:17,11013
EXIDEIND,2026-01-27,360.0,2.35,1503000.0,907200.0,15.0,1162800.0,28800.0,345.85,351.8,343.0,-1.101,2026-01-13 23:17,10298
EXIDEIND,2026-01-27,362.5,1.85,277200.0,127800.0,18.6,165600.0,14400.0,345.85,351.8,343.0,-1.101,2026-01-13 23:17,8888
EXIDEIND,2026-01-27,365.0,1.65,1767600.0,550800.0,20.1,622800.0,16200.0,345.85,351.8,343.0,-1.101,2026-01-13 23:17,8723
EXIDEIND,2026-01-27,367.5,1.2,325800.0,37800.0,21.45,127800.0,3600.0,345.85,351.8,343.0,-1.101,2026-01-13 23:17,8453
EXIDEIND,2026-01-27,370.0,1.2,2480400.0,561600.0,27.0,811800.0,34200.0,345.85,351.8,343.0,-1.101,2026-01-13 23:17,9020
EXIDEIND,2026-01-27,372.5,1.0,196200.0,34200.0,0.0,0.0,0.0,345.85,351.8,343.0,-1.101,2026-01-13 23:17,8752
EXIDEIND,2026-01-27,375.0,0.85,1000800.0,282600.0,28.35,280800.0,0.0,345.85,351.8,343.0,-1.101,2026-01-13 23:17,10447
EXIDEIND,2026-01-27,377.5,0.7,151200.0,21600.0,30.95,50400.0,7200.0,345.85,351.8,343.0,-1.101,2026-01-13 23:17,11731
EXIDEIND,2026-01-27,380.0,0.75,4802400.0,1056600.0,33.55,576000.0,16200.0,345.85,351.8,343.0,-1.101,2026-01-13 23:17,13631
EXIDEIND,2026-01-27,382.5,0.85,120600.0,0.0,0.0,0.0,0.0,345.85,351.8,343.0,-1.101,2026-01-13 23:17,15449
EXIDEIND,2026-01-27,385.0,0.6,556200.0,100800.0,34.7,41400.0,0.0,345.85,351.8,343.0,-1.101,2026-01-13 23:17,18880
EXIDEIND,2026-01-27,387.5,0.95,68400.0,0.0,0.0,0.0,0.0,345.85,351.8,343.0,-1.101,2026-01-13 23:17,22339
EXIDEIND,2026-01-27,390.0,0.45,1069200.0,180000.0,44.0,167400.0,1800.0,345.85,351.8,343.0,-1.101,2026-01-13 23:17,25933
EXIDEIND,2026-01-27,392.5,0.0,0.0,0.0,0.0,0.0,0.0,345.85,351.8,343.0,-1.101,2026-01-13 23:17,29141
EXIDEIND,2026-01-27,395.0,0.35,417600.0,16200.0,28.5,12600.0,0.0,345.85,351.8,343.0,-1.101,2026-01-13 23:17,33037
EXIDEIND,2026-01-27,397.5,0.0,0.0,0.0,0.0,0.0,0.0,345.85,351.8,343.0,-1.101,2026-01-13 23:17,37019
EXIDEIND,2026-01-27,400.0,0.25,1992600.0,464400.0,49.3,462600.0,0.0,345.85,351.8,343.0,-1.101,2026-01-13 23:17,41023
EXIDEIND,2026-01-27,405.0,0.2,23400.0,1800.0,0.0,0.0,0.0,345.85,351.8,343.0,-1.101,2026-01-13 23:17,48027
EXIDEIND,2026-01-27,410.0,0.25,187200.0,0.0,66.05,91800.0,0.0,345.85,351.8,343.0,-1.101,2026-01-13 23:17,57274
EXIDEIND,2026-01-27,415.0,0.5,34200.0,0.0,0.0,0.0,0.0,345.85,351.8,343.0,-1.101,2026-01-13 23:17,66058
EXIDEIND,2026-01-27,420.0,0.15,190800.0,21600.0,72.8,104400.0,1800.0,345.85,351.8,343.0,-1.101,2026-01-13 23:17,75463
EXIDEIND,2026-01-27,425.0,0.0,0.0,0.0,0.0,0.0,0.0,345.85,351.8,343.0,-1.101,2026-01-13 23:17,84257
EXIDEIND,2026-01-27,430.0,0.15,129600.0,5400.0,69.0,264600.0,0.0,345.85,351.8,343.0,-1.101,2026-01-13 23:17,93808
EXIDEIND,2026-01-27,440.0,0.15,277200.0,0.0,70.0,372600.0,0.0,345.85,351.8,343.0,-1.101,2026-01-13 23:17,111480
FEDERALBNK,2026-01-27,200.0,52.7,35000.0,0.0,0.0,0.0,0.0,249.75,255.0,246.85,-1.246,2026-01-13 23:17,124901
FEDERALBNK,2026-01-27,215.0,0.0,0.0,0.0,0.0,0.0,0.0,249.75,255.0,246.85,-1.246,2026-01-13 23:17,85853
FEDERALBNK,2026-01-27,220.0,28.3,160000.0,15000.0,0.4,1050000.0,600000.0,249.75,255.0,246.85,-1.246,2026-01-13 23:17,72775
FEDERALBNK,2026-01-27,225.0,31.5,75000.0,0.0,0.5,420000.0,580000.0,249.75,255.0,246.85,-1.246,2026-01-13 23:17,60713
FEDERALBNK,2026-01-27,227.5,0.0,0.0,0.0,0.0,0.0,0.0,249.75,255.0,246.85,-1.246,2026-01-13 23:17,54816
FEDERALBNK,2026-01-27,230.0,20.8,70000.0,30000.0,0.75,1180000.0,2945000.0,249.75,255.0,246.85,-1.246,2026-01-13 23:17,48704
FEDERALBNK,2026-01-27,232.5,0.0,0.0,0.0,0.85,255000.0,685000.0,249.75,255.0,246.85,-1.246,2026-01-13 23:17,42961
FEDERALBNK,2026-01-27,235.0,15.5,100000.0,55000.0,1.1,1380000.0,1125000.0,249.75,255.0,246.85,-1.246,2026-01-13 23:17,37203
FEDERALBNK,2026-01-27,237.5,14.1,35000.0,35000.0,1.6,275000.0,280000.0,249.75,255.0,246.85,-1.246,2026-01-13 23:17,31840
FEDERALBNK,2026-01-27,240.0,12.15,155000.0,295000.0,2.05,1845000.0,2090000.0,249.75,255.0,246.85,-1.246,2026-01-13 23:17,26556
FEDERALBNK,2026-01-27,242.5,9.2,40000.0,55000.0,2.75,655000.0,930000.0,249.75,255.0,246.85,-1.246,2026-01-13 23:17,21578
FEDERALBNK,2026-01-27,245.0,8.7,245000.0,155000.0,3.5,2080000.0,4710000.0,249.75,255.0,246.85,-1.246,2026-01-13 23:17,16819
FEDERALBNK,2026-01-27,247.5,7.1,405000.0,840000.0,4.45,1395000.0,4720000.0,249.75,255.0,246.85,-1.246,2026-01-13 23:17,12271
FEDERALBNK,2026-01-27,250.0,5.85,2045000.0,5440000.0,5.5,3540000.0,9600000.0,249.75,255.0,246.85,-1.246,2026-01-13 23:17,8354
FEDERALBNK,2026-01-27,252.5,4.7,890000.0,3205000.0,6.85,1095000.0,2105000.0,249.75,255.0,246.85,-1.246,2026-01-13 23:17,5416
FEDERALBNK,2026-01-27,255.0,3.7,2255000.0,6960000.0,8.45,1285000.0,2345000.0,249.75,255.0,246.85,-1.246,2026-01-13 23:17,3393
FEDERALBNK,2026-01-27,257.5,2.9,970000.0,2360000.0,10.0,640000.0,915000.0,249.75,255.0,246.85,-1.246,2026-01-13 23:17,2335
FEDERALBNK,2026-01-27,260.0,2.25,4300000.0,7525000.0,11.75,3920000.0,750000.0,249.75,255.0,246.85,-1.246,2026-01-13 23:17,1572
FEDERALBNK,2026-01-27,262.5,1.75,1015000.0,2385000.0,15.0,630000.0,55000.0,249.75,255.0,246.85,-1.246,2026-01-13 23:17,-414
FEDERALBNK,2026-01-27,265.0,1.3,3965000.0,6050000.0,16.0,1980000.0,150000.0,249.75,255.0,246.85,-1.246,2026-01-13 23:17,880
FEDERALBNK,2026-01-27,267.5,1.0,2050000.0,2400000.0,18.25,955000.0,35000.0,249.75,255.0,246.85,-1.246,2026-01-13 23:17,1776
FEDERALBNK,2026-01-27,270.0,0.8,5890000.0,6330000.0,20.4,1005000.0,95000.0,249.75,255.0,246.85,-1.246,2026-01-13 23:17,4539
FEDERALBNK,2026-01-27,272.5,0.65,985000.0,600000.0,16.85,160000.0,0.0,249.75,255.0,246.85,-1.246,2026-01-13 23:17,8983
FEDERALBNK,2026-01-27,275.0,0.55,2225000.0,3400000.0,21.85,205000.0,0.0,249.75,255.0,246.85,-1.246,2026-01-13 23:17,15088
FEDERALBNK,2026-01-27,277.5,0.4,600000.0,130000.0,0.0,0.0,0.0,249.75,255.0,246.85,-1.246,2026-01-13 23:17,21680
FEDERALBNK,2026-01-27,280.0,0.3,2850000.0,1635000.0,32.2,130000.0,5000.0,249.75,255.0,246.85,-1.246,2026-01-13 23:17,28771
FEDERALBNK,2026-01-27,282.5,0.3,300000.0,165000.0,16.45,0.0,0.0,249.75,255.0,246.85,-1.246,2026-01-13 23:17,36251
FEDERALBNK,2026-01-27,285.0,0.25,1305000.0,510000.0,0.0,0.0,0.0,249.75,255.0,246.85,-1.246,2026-01-13 23:17,44147
FEDERALBNK,2026-01-27,287.5,0.2,155000.0,50000.0,0.0,0.0,0.0,249.75,255.0,246.85,-1.246,2026-01-13 23:17,52394
FEDERALBNK,2026-01-27,290.0,0.2,1775000.0,405000.0,27.0,55000.0,0.0,249.75,255.0,246.85,-1.246,2026-01-13 23:17,60649
FEDERALBNK,2026-01-27,292.5,0.15,85000.0,15000.0,0.0,0.0,0.0,249.75,255.0,246.85,-1.246,2026-01-13 23:17,69246
FEDERALBNK,2026-01-27,295.0,0.15,580000.0,170000.0,0.0,0.0,0.0,249.75,255.0,246.85,-1.246,2026-01-13 23:17,77979
FEDERALBNK,2026-01-27,300.0,0.1,1340000.0,315000.0,34.0,55000.0,0.0,249.75,255.0,246.85,-1.246,2026-01-13 23:17,95740
FEDERALBNK,2026-01-27,305.0,0.0,0.0,0.0,0.0,0.0,0.0,249.75,255.0,246.85,-1.246,2026-01-13 23:17,114016
FEDERALBNK,2026-01-27,310.0,0.05,115000.0,0.0,0.0,0.0,0.0,249.75,255.0,246.85,-1.246,2026-01-13 23:17,132466
FINNIFTY,2026-01-27,24000.0,3490.0,1440.0,0.0,3.6,1980.0,1260.0,0.0,0.0,0.0,0.0,2026-01-13 23:17,144983
FINNIFTY,2026-01-27,24500.0,0.0,0.0,0.0,4.0,600.0,0.0,0.0,0.0,0.0,0.0,2026-01-13 23:17,122916
FINNIFTY,2026-01-27,24900.0,0.0,0.0,0.0,4.0,420.0,0.0,0.0,0.0,0.0,0.0,2026-01-13 23:17,104884
FINNIFTY,2026-01-27,25000.0,0.0,0.0,0.0,4.8,1620.0,1680.0,0.0,0.0,0.0,0.0,2026-01-13 23:17,100380
FINNIFTY,2026-01-27,25100.0,0.0,0.0,0.0,5.3,300.0,660.0,0.0,0.0,0.0,0.0,2026-01-13 23:17,95892
FINNIFTY,2026-01-27,25200.0,0.0,0.0,0.0,0.0,0.0,0.0,0.0,0.0,0.0,0.0,2026-01-13 23:17,91408
FINNIFTY,2026-01-27,25300.0,0.0,0.0,0.0,2.7,960.0,660.0,0.0,0.0,0.0,0.0,2026-01-13 23:17,86923
FINNIFTY,2026-01-27,25400.0,0.0,0.0,0.0,7.0,780.0,600.0,0.0,0.0,0.0,0.0,2026-01-13 23:17,82448
FINNIFTY,2026-01-27,25500.0,0.0,0.0,0.0,7.65,5940.0,6000.0,0.0,0.0,0.0,0.0,2026-01-13 23:17,77981
FINNIFTY,2026-01-27,25600.0,0.0,0.0,0.0,6.5,1080.0,180.0,0.0,0.0,0.0,0.0,2026-01-13 23:17,73569
FINNIFTY,2026-01-27,25700.0,0.0,0.0,0.0,9.15,2100.0,2100.0,0.0,0.0,0.0,0.0,2026-01-13 23:17,69171
FINNIFTY,2026-01-27,25800.0,0.0,0.0,0.0,10.8,5400.0,2460.0,0.0,0.0,0.0,0.0,2026-01-13 23:17,64793
FINNIFTY,2026-01-27,25900.0,0.0,0.0,0.0,10.35,1260.0,480.0,0.0,0.0,0.0,0.0,2026-01-13 23:17,60466
FINNIFTY,2026-01-27,26000.0,1529.05,780.0,0.0,11.35,9000.0,6960.0,0.0,0.0,0.0,0.0,2026-01-13 23:17,56155
FINNIFTY,2026-01-27,26100.0,1719.9,0.0,0.0,13.25,2340.0,2640.0,0.0,0.0,0.0,0.0,2026-01-13 23:17,52053
FINNIFTY,2026-01-27,26150.0,1727.4,120.0,0.0,14.6,1200.0,780.0,0.0,0.0,0.0,0.0,2026-01-13 23:17,49956
FINNIFTY,2026-01-27,26200.0,0.0,0.0,0.0,14.35,2640.0,1140.0,0.0,0.0,0.0,0.0,2026-01-13 23:17,47887
FINNIFTY,2026-01-27,26250.0,0.0,0.0,0.0,14.25,1740.0,1980.0,0.0,0.0,0.0,0.0,2026-01-13 23:17,45809
FINNIFTY,2026-01-27,26300.0,0.0,0.0,0.0,14.95,660.0,2880.0,0.0,0.0,0.0,0.0,2026-01-13 23:17,43741
FINNIFTY,2026-01-27,26350.0,0.0,0.0,0.0,19.7,600.0,1620.0,0.0,0.0,0.0,0.0,2026-01-13 23:17,41678
FINNIFTY,2026-01-27,26400.0,0.0,0.0,0.0,18.5,2460.0,3120.0,0.0,0.0,0.0,0.0,2026-01-13 23:17,39618
FINNIFTY,2026-01-27,26450.0,0.0,0.0,0.0,24.0,1500.0,2940.0,0.0,0.0,0.0,0.0,2026-01-13 23:17,37566
FINNIFTY,2026-01-27,26500.0,0.0,0.0,0.0,21.2,12720.0,20880.0,0.0,0.0,0.0,0.0,2026-01-13 23:17,35523
FINNIFTY,2026-01-27,26550.0,0.0,0.0,0.0,0.0,0.0,0.0,0.0,0.0,0.0,0.0,2026-01-13 23:17,33521
FINNIFTY,2026-01-27,26600.0,0.0,0.0,0.0,23.7,3600.0,7440.0,0.0,0.0,0.0,0.0,2026-01-13 23:17,31545
FINNIFTY,2026-01-27,26650.0,0.0,0.0,0.0,0.0,0.0,0.0,0.0,0.0,0.0,0.0,2026-01-13 23:17,29578
FINNIFTY,2026-01-27,26700.0,1357.0,60.0,0.0,0.0,0.0,0.0,0.0,0.0,0.0,0.0,2026-01-13 23:17,27621
FINNIFTY,2026-01-27,26750.0,0.0,0.0,0.0,31.9,1440.0,3300.0,0.0,0.0,0.0,0.0,2026-01-13 23:17,25671
FINNIFTY,2026-01-27,26800.0,0.0,0.0,0.0,35.05,2880.0,15960.0,0.0,0.0,0.0,0.0,2026-01-13 23:17,23716
FINNIFTY,2026-01-27,26850.0,0.0,0.0,0.0,39.1,1500.0,7680.0,0.0,0.0,0.0,0.0,2026-01-13 23:17,21770
FINNIFTY,2026-01-27,26900.0,1100.9,360.0,0.0,44.0,1680.0,9000.0,0.0,0.0,0.0,0.0,2026-01-13 23:17,19836
FINNIFTY,2026-01-27,26950.0,0.0,0.0,0.0,48.95,1380.0,3780.0,0.0,0.0,0.0,0.0,2026-01-13 23:17,17950
FINNIFTY,2026-01-27,27000.0,749.1,12780.0,360.0,54.7,45660.0,73320.0,0.0,0.0,0.0,0.0,2026-01-13 23:17,16032
FINNIFTY,2026-01-27,27050.0,0.0,0.0,0.0,0.0,0.0,0.0,0.0,0.0,0.0,0.0,2026-01-13 23:17,15121
FINNIFTY,2026-01-27,27100.0,563.9,60.0,180.0,67.9,6600.0,26040.0,0.0,0.0,0.0,0.0,2026-01-13 23:17,13502
FINNIFTY,2026-01-27,27150.0,0.0,0.0,0.0,75.0,3540.0,7500.0,0.0,0.0,0.0,0.0,2026-01-13 23:17,11874
FINNIFTY,2026-01-27,27200.0,577.5,1080.0,720.0,83.7,13800.0,76740.0,0.0,0.0,0.0,0.0,2026-01-13 23:17,10280
FINNIFTY,2026-01-27,27250.0,496.9,840.0,0.0,95.65,900.0,11400.0,0.0,0.0,0.0,0.0,2026-01-13 23:17,8733
FINNIFTY,2026-01-27,27300.0,489.9,7020.0,3720.0,111.0,40260.0,63240.0,0.0,0.0,0.0,0.0,2026-01-13 23:17,7281
FINNIFTY,2026-01-27,27350.0,430.0,2340.0,1320.0,119.9,6120.0,20580.0,0.0,0.0,0.0,0.0,2026-01-13 23:17,5929
FINNIFTY,2026-01-27,27400.0,407.05,10320.0,9660.0,133.95,17040.0,76260.0,0.0,0.0,0.0,0.0,2026-01-13 23:17,4750
FINNIFTY,2026-01-27,27450.0,369.4,960.0,2040.0,148.0,3840.0,19560.0,0.0,0.0,0.0,0.0,2026-01-13 23:17,3873
FINNIFTY,2026-01-27,27500.0,341.1,38280.0,124800.0,170.8,43380.0,226680.0,0.0,0.0,0.0,0.0,2026-01-13 23:17,2806
FINNIFTY,2026-01-27,27550.0,290.0,3420.0,35460.0,188.8,5100.0,84240.0,0.0,0.0,0.0,0.0,2026-01-13 23:17,2733
FINNIFTY,2026-01-27,27600.0,271.05,26160.0,200640.0,213.0,36660.0,188400.0,0.0,0.0,0.0,0.0,2026-01-13 23:17,2142
FINNIFTY,2026-01-27,27650.0,249.4,7020.0,47640.0,229.35,4680.0,21720.0,0.0,0.0,0.0,0.0,2026-01-13 23:17,1789
FINNIFTY,2026-01-27,27700.0,209.0,21480.0,119520.0,252.5,17940.0,93180.0,0.0,0.0,0.0,0.0,2026-01-13 23:17,1635
FINNIFTY,2026-01-27,27750.0,198.75,5400.0,24240.0,279.05,4320.0,5640.0,0.0,0.0,0.0,0.0,2026-01-13 23:17,1606
FINNIFTY,2026-01-27,27800.0,176.45,29760.0,47160.0,306.05,18180.0,19680.0,0.0,0.0,0.0,0.0,2026-01-13 23:17,1617
FINNIFTY,2026-01-27,27850.0,156.05,9960.0,10800.0,338.0,7200.0,300.0,0.0,0.0,0.0,0.0,2026-01-13 23:17,1849
FINNIFTY,2026-01-27,27900.0,138.0,25440.0,66240.0,364.05,10020.0,2520.0,0.0,0.0,0.0,0.0,2026-01-13 23:17,2110
FINNIFTY,2026-01-27,27950.0,117.55,7260.0,10740.0,560.4,4800.0,0.0,0.0,0.0,0.0,0.0,2026-01-13 23:17,2623
FINNIFTY,2026-01-27,28000.0,100.0,69420.0,134580.0,425.8,36240.0,21600.0,0.0,0.0,0.0,0.0,2026-01-13 23:17,3026
FINNIFTY,2026-01-27,28050.0,91.35,4860.0,5700.0,633.55,7320.0,0.0,0.0,0.0,0.0,0.0,2026-01-13 23:17,3292
FINNIFTY,2026-01-27,28100.0,77.65,29280.0,29160.0,539.45,5700.0,780.0,0.0,0.0,0.0,0.0,2026-01-13 23:17,4049
FINNIFTY,2026-01-27,28150.0,71.6,4080.0,3600.0,364.6,900.0,0.0,0.0,0.0,0.0,0.0,2026-01-13 23:17,5320
FINNIFTY,2026-01-27,28200.0,60.95,112200.0,40860.0,581.55,23880.0,1140.0,0.0,0.0,0.0,0.0,2026-01-13 23:17,6692
FINNIFTY,2026-01-27,28250.0,52.0,10860.0,5580.0,445.85,480.0,0.0,0.0,0.0,0.0,0.0,2026-01-13 23:17,8043
FINNIFTY,2026-01-27,28300.0,44.85,41040.0,12660.0,649.55,4020.0,180.0,0.0,0.0,0.0,0.0,2026-01-13 23:17,10191
FINNIFTY,2026-01-27,28350.0,38.15,3120.0,2640.0,515.5,360.0,0.0,0.0,0.0,0.0,0.0,2026-01-13 23:17,12452
FINNIFTY,2026-01-27,28400.0,31.85,15960.0,13320.0,624.2,1380.0,0.0,0.0,0.0,0.0,0.0,2026-01-13 23:17,14801
FINNIFTY,2026-01-27,28450.0,0.0,0.0,0.0,591.1,360.0,0.0,0.0,0.0,0.0,0.0,2026-01-13 23:17,17208
FINNIFTY,2026-01-27,28500.0,21.3,29460.0,75420.0,899.0,13320.0,0.0,0.0,0.0,0.0,0.0,2026-01-13 23:17,19631
FINNIFTY,2026-01-27,28550.0,19.25,4080.0,3360.0,598.6,360.0,0.0,0.0,0.0,0.0,0.0,2026-01-13 23:17,21154
FINNIFTY,2026-01-27,28600.0,16.25,4080.0,5340.0,716.25,300.0,0.0,0.0,0.0,0.0,0.0,2026-01-13 23:17,23821
FINNIFTY,2026-01-27,28650.0,14.2,5460.0,3120.0,686.15,360.0,0.0,0.0,0.0,0.0,0.0,2026-01-13 23:17,26508
FINNIFTY,2026-01-27,28700.0,12.3,9420.0,2280.0,0.0,0.0,0.0,0.0,0.0,0.0,0.0,2026-01-13 23:17,29222
FINNIFTY,2026-01-27,28750.0,0.0,0.0,0.0,0.0,0.0,0.0,0.0,0.0,0.0,0.0,2026-01-13 23:17,32012
FINNIFTY,2026-01-27,28800.0,10.1,4020.0,3540.0,0.0,0.0,0.0,0.0,0.0,0.0,0.0,2026-01-13 23:17,34790
FINNIFTY,2026-01-27,28850.0,8.95,4260.0,55860.0,0.0,0.0,0.0,0.0,0.0,0.0,0.0,2026-01-13 23:17,37593
FINNIFTY,2026-01-27,28900.0,0.0,0.0,0.0,0.0,0.0,0.0,0.0,0.0,0.0,0.0,2026-01-13 23:17,40416
FINNIFTY,2026-01-27,28950.0,0.0,0.0,0.0,0.0,0.0,0.0,0.0,0.0,0.0,0.0,2026-01-13 23:17,43236
FINNIFTY,2026-01-27,29000.0,7.8,21900.0,9900.0,0.0,0.0,0.0,0.0,0.0,0.0,0.0,2026-01-13 23:17,46056
FINNIFTY,2026-01-27,29050.0,0.0,0.0,0.0,0.0,0.0,0.0,0.0,0.0,0.0,0.0,2026-01-13 23:17,49002
FINNIFTY,2026-01-27,29100.0,0.0,0.0,0.0,0.0,0.0,0.0,0.0,0.0,0.0,0.0,2026-01-13 23:17,51931
FINNIFTY,2026-01-27,29150.0,0.0,0.0,0.0,0.0,0.0,0.0,0.0,0.0,0.0,0.0,2026-01-13 23:17,54861
FINNIFTY,2026-01-27,29200.0,6.6,4440.0,5700.0,0.0,0.0,0.0,0.0,0.0,0.0,0.0,2026-01-13 23:17,57790
FINNIFTY,2026-01-27,29300.0,6.55,300.0,300.0,0.0,0.0,0.0,0.0,0.0,0.0,0.0,2026-01-13 23:17,63695
FINNIFTY,2026-01-27,29400.0,6.8,7560.0,2760.0,0.0,0.0,0.0,0.0,0.0,0.0,0.0,2026-01-13 23:17,69601
FINNIFTY,2026-01-27,29500.0,5.75,7740.0,720.0,0.0,0.0,0.0,0.0,0.0,0.0,0.0,2026-01-13 23:17,75588
FINNIFTY,2026-01-27,29600.0,4.0,3960.0,360.0,0.0,0.0,0.0,0.0,0.0,0.0,0.0,2026-01-13 23:17,81651
FINNIFTY,2026-01-27,29700.0,4.5,1380.0,240.0,0.0,0.0,0.0,0.0,0.0,0.0,0.0,2026-01-13 23:17,87751
FINNIFTY,2026-01-27,29800.0,3.25,2400.0,420.0,0.0,0.0,0.0,0.0,0.0,0.0,0.0,2026-01-13 23:17,93864
FINNIFTY,2026-01-27,29900.0,4.7,960.0,960.0,0.0,0.0,0.0,0.0,0.0,0.0,0.0,2026-01-13 23:17,100001
FINNIFTY,2026-01-27,30000.0,3.55,8100.0,2460.0,0.0,0.0,0.0,0.0,0.0,0.0,0.0,2026-01-13 23:17,106147
FINNIFTY,2026-01-27,30100.0,4.5,60.0,0.0,0.0,0.0,0.0,0.0,0.0,0.0,0.0,2026-01-13 23:17,112377
FINNIFTY,2026-01-27,30200.0,2.5,180.0,240.0,0.0,0.0,0.0,0.0,0.0,0.0,0.0,2026-01-13 23:17,118604
FINNIFTY,2026-01-27,30300.0,0.0,0.0,0.0,0.0,0.0,0.0,0.0,0.0,0.0,0.0,2026-01-13 23:17,124834
FINNIFTY,2026-01-27,30400.0,0.0,0.0,0.0,0.0,0.0,0.0,0.0,0.0,0.0,0.0,2026-01-13 23:17,131063
FINNIFTY,2026-01-27,30500.0,0.0,0.0,0.0,0.0,0.0,0.0,0.0,0.0,0.0,0.0,2026-01-13 23:17,137292
FINNIFTY,2026-01-27,31000.0,2.15,7500.0,1500.0,0.0,0.0,0.0,0.0,0.0,0.0,0.0,2026-01-13 23:17,168438
FORTIS,2026-01-27,720.0,0.0,0.0,0.0,1.7,4650.0,0.0,910.0,911.0,887.4,1.869,2026-01-13 23:17,33154
FORTIS,2026-01-27,740.0,0.0,0.0,0.0,0.2,34875.0,0.0,910.0,911.0,887.4,1.869,2026-01-13 23:17,28771
FORTIS,2026-01-27,760.0,0.0,0.0,0.0,0.25,29450.0,775.0,910.0,911.0,887.4,1.869,2026-01-13 23:17,24458
FORTIS,2026-01-27,780.0,0.0,0.0,0.0,0.3,13175.0,15500.0,910.0,911.0,887.4,1.869,2026-01-13 23:17,20204
FORTIS,2026-01-27,790.0,0.0,0.0,0.0,0.1,2325.0,0.0,910.0,911.0,887.4,1.869,2026-01-13 23:17,18090
FORTIS,2026-01-27,800.0,0.0,0.0,0.0,0.95,54250.0,35650.0,910.0,911.0,887.4,1.869,2026-01-13 23:17,15979
FORTIS,2026-01-27,810.0,0.0,0.0,0.0,0.9,25575.0,29450.0,910.0,911.0,887.4,1.869,2026-01-13 23:17,13917
FORTIS,2026-01-27,820.0,92.0,0.0,0.0,0.6,28675.0,15500.0,910.0,911.0,887.4,1.869,2026-01-13 23:17,11884
FORTIS,2026-01-27,830.0,0.0,0.0,0.0,1.1,25575.0,29450.0,910.0,911.0,887.4,1.869,2026-01-13 23:17,9879
FORTIS,2026-01-27,840.0,0.0,0.0,0.0,1.25,268925.0,65100.0,910.0,911.0,887.4,1.869,2026-01-13 23:17,7900
FORTIS,2026-01-27,850.0,51.2,16275.0,0.0,2.0,189875.0,192975.0,910.0,911.0,887.4,1.869,2026-01-13 23:17,6158
FORTIS,2026-01-27,860.0,40.35,34100.0,4650.0,2.85,110825.0,130200.0,910.0,911.0,887.4,1.869,2026-01-13 23:17,4701
FORTIS,2026-01-27,870.0,83.75,6975.0,0.0,4.25,76725.0,58125.0,910.0,911.0,887.4,1.869,2026-01-13 23:17,3450
FORTIS,2026-01-27,880.0,35.6,47275.0,14725.0,6.5,182900.0,82925.0,910.0,911.0,887.4,1.869,2026-01-13 23:17,2203
FORTIS,2026-01-27,890.0,30.3,62000.0,90675.0,9.35,108500.0,80600.0,910.0,911.0,887.4,1.869,2026-01-13 23:17,1209
FORTIS,2026-01-27,900.0,24.8,407650.0,1047025.0,12.65,364250.0,313875.0,910.0,911.0,887.4,1.869,2026-01-13 23:17,423
FORTIS,2026-01-27,910.0,18.9,124775.0,537075.0,17.75,127100.0,16275.0,910.0,911.0,887.4,1.869,2026-01-13 23:17,872
FORTIS,2026-01-27,920.0,14.4,205375.0,378975.0,23.7,129425.0,5425.0,910.0,911.0,887.4,1.869,2026-01-13 23:17,1034
FORTIS,2026-01-27,930.0,11.1,169725.0,509950.0,30.3,78275.0,1550.0,910.0,911.0,887.4,1.869,2026-01-13 23:17,1508
FORTIS,2026-01-27,940.0,8.0,342550.0,815300.0,40.35,67425.0,6200.0,910.0,911.0,887.4,1.869,2026-01-13 23:17,2194
FORTIS,2026-01-27,950.0,6.0,370450.0,1134600.0,45.0,85250.0,1550.0,910.0,911.0,887.4,1.869,2026-01-13 23:17,3339
FORTIS,2026-01-27,960.0,4.45,149575.0,123225.0,66.05,20150.0,0.0,910.0,911.0,887.4,1.869,2026-01-13 23:17,4778
FORTIS,2026-01-27,970.0,3.25,120125.0,34875.0,66.35,13175.0,0.0,910.0,911.0,887.4,1.869,2026-01-13 23:17,6481
FORTIS,2026-01-27,980.0,2.5,151125.0,51925.0,87.05,67425.0,0.0,910.0,911.0,887.4,1.869,2026-01-13 23:17,8335
FORTIS,2026-01-27,990.0,1.7,221650.0,14725.0,68.55,15500.0,0.0,910.0,911.0,887.4,1.869,2026-01-13 23:17,9907
FORTIS,2026-01-27,1000.0,1.6,693625.0,125550.0,105.0,65100.0,9300.0,910.0,911.0,887.4,1.869,2026-01-13 23:17,12197
FORTIS,2026-01-27,1010.0,0.8,206925.0,27125.0,0.0,0.0,0.0,910.0,911.0,887.4,1.869,2026-01-13 23:17,14741
FORTIS,2026-01-27,1020.0,1.2,34875.0,775.0,124.0,775.0,0.0,910.0,911.0,887.4,1.869,2026-01-13 23:17,18082
FORTIS,2026-01-27,1030.0,0.8,76725.0,0.0,0.0,0.0,0.0,910.0,911.0,887.4,1.869,2026-01-13 23:17,21436
FORTIS,2026-01-27,1040.0,0.6,17050.0,0.0,103.0,1550.0,0.0,910.0,911.0,887.4,1.869,2026-01-13 23:17,24878
FORTIS,2026-01-27,1060.0,0.5,52700.0,2325.0,139.35,3875.0,0.0,910.0,911.0,887.4,1.869,2026-01-13 23:17,31773
FORTIS,2026-01-27,1080.0,0.0,0.0,0.0,210.9,0.0,0.0,910.0,911.0,887.4,1.869,2026-01-13 23:17,38745
FORTIS,2026-01-27,1100.0,0.35,120125.0,775.0,0.0,0.0,0.0,910.0,911.0,887.4,1.869,2026-01-13 23:17,45768
GAIL,2026-01-27,140.0,31.25,3150.0,0.0,0.0,0.0,0.0,165.3,168.2,164.09,-0.751,2026-01-13 23:17,100637
GAIL,2026-01-27,142.0,0.0,0.0,0.0,0.0,0.0,0.0,165.3,168.2,164.09,-0.751,2026-01-13 23:17,94180
GAIL,2026-01-27,144.0,0.0,0.0,0.0,0.0,0.0,0.0,165.3,168.2,164.09,-0.751,2026-01-13 23:17,87712
GAIL,2026-01-27,145.0,0.0,0.0,0.0,0.2,173250.0,0.0,165.3,168.2,164.09,-0.751,2026-01-13 23:17,84478
GAIL,2026-01-27,146.0,0.0,0.0,0.0,0.0,0.0,0.0,165.3,168.2,164.09,-0.751,2026-01-13 23:17,81258
GAIL,2026-01-27,147.5,0.0,0.0,0.0,0.24,135450.0,0.0,165.3,168.2,164.09,-0.751,2026-01-13 23:17,76434
GAIL,2026-01-27,148.0,0.0,0.0,0.0,0.39,3150.0,0.0,165.3,168.2,164.09,-0.751,2026-01-13 23:17,74829
GAIL,2026-01-27,150.0,21.56,9450.0,0.0,0.24,730800.0,403200.0,165.3,168.2,164.09,-0.751,2026-01-13 23:17,68424
GAIL,2026-01-27,152.0,0.0,0.0,0.0,0.0,0.0,0.0,165.3,168.2,164.09,-0.751,2026-01-13 23:17,62169
GAIL,2026-01-27,152.5,13.57,12600.0,0.0,0.3,330750.0,0.0,165.3,168.2,164.09,-0.751,2026-01-13 23:17,60605
GAIL,2026-01-27,153.0,0.0,0.0,0.0,0.0,0.0,0.0,165.3,168.2,164.09,-0.751,2026-01-13 23:17,59065
GAIL,2026-01-27,154.0,0.0,0.0,0.0,0.45,245700.0,9450.0,165.3,168.2,164.09,-0.751,2026-01-13 23:17,55971
GAIL,2026-01-27,155.0,9.63,6300.0,0.0,0.49,1458450.0,812700.0,165.3,168.2,164.09,-0.751,2026-01-13 23:17,52890
GAIL,2026-01-27,156.0,0.0,0.0,0.0,0.0,0.0,0.0,165.3,168.2,164.09,-0.751,2026-01-13 23:17,49901
GAIL,2026-01-27,157.0,0.0,0.0,0.0,1.33,69300.0,0.0,165.3,168.2,164.09,-0.751,2026-01-13 23:17,46978
GAIL,2026-01-27,157.5,0.0,0.0,0.0,0.63,355950.0,0.0,165.3,168.2,164.09,-0.751,2026-01-13 23:17,45511
GAIL,2026-01-27,158.0,0.0,0.0,0.0,0.01,6300.0,0.0,165.3,168.2,164.09,-0.751,2026-01-13 23:17,44048
GAIL,2026-01-27,159.0,8.4,15750.0,0.0,0.81,170100.0,0.0,165.3,168.2,164.09,-0.751,2026-01-13 23:17,41168
GAIL,2026-01-27,160.0,6.9,327600.0,126000.0,1.13,4120200.0,1930950.0,165.3,168.2,164.09,-0.751,2026-01-13 23:17,38306
GAIL,2026-01-27,161.0,0.0,0.0,0.0,1.26,261450.0,3150.0,165.3,168.2,164.09,-0.751,2026-01-13 23:17,35650
GAIL,2026-01-27,162.0,4.35,25200.0,0.0,1.59,176400.0,100800.0,165.3,168.2,164.09,-0.751,2026-01-13 23:17,33226
GAIL,2026-01-27,162.5,6.04,192150.0,6300.0,1.74,585900.0,289800.0,165.3,168.2,164.09,-0.751,2026-01-13 23:17,32024
GAIL,2026-01-27,163.0,4.6,185850.0,34650.0,1.89,321300.0,138600.0,165.3,168.2,164.09,-0.751,2026-01-13 23:17,30892
GAIL,2026-01-27,164.0,4.1,321300.0,242550.0,2.25,387450.0,292950.0,165.3,168.2,164.09,-0.751,2026-01-13 23:17,28675
GAIL,2026-01-27,165.0,3.75,1326150.0,3011400.0,2.59,2447550.0,2948400.0,165.3,168.2,164.09,-0.751,2026-01-13 23:17,26548
GAIL,2026-01-27,166.0,3.06,466200.0,749700.0,3.13,497700.0,321300.0,165.3,168.2,164.09,-0.751,2026-01-13 23:17,24618
GAIL,2026-01-27,167.0,2.59,491400.0,696150.0,3.56,176400.0,267750.0,165.3,168.2,164.09,-0.751,2026-01-13 23:17,22908
GAIL,2026-01-27,167.5,2.39,513450.0,614250.0,4.21,551250.0,91350.0,165.3,168.2,164.09,-0.751,2026-01-13 23:17,22157
GAIL,2026-01-27,168.0,2.19,478800.0,733950.0,3.89,381150.0,15750.0,165.3,168.2,164.09,-0.751,2026-01-13 23:17,21286
GAIL,2026-01-27,169.0,1.76,308700.0,286650.0,4.75,289800.0,12600.0,165.3,168.2,164.09,-0.751,2026-01-13 23:17,19804
GAIL,2026-01-27,170.0,1.58,6139350.0,5194350.0,5.55,4035150.0,214200.0,165.3,168.2,164.09,-0.751,2026-01-13 23:17,18343
GAIL,2026-01-27,171.0,1.29,378000.0,132300.0,6.22,349650.0,15750.0,165.3,168.2,164.09,-0.751,2026-01-13 23:17,16713
GAIL,2026-01-27,172.0,1.09,617400.0,368550.0,7.6,585900.0,31500.0,165.3,168.2,164.09,-0.751,2026-01-13 23:17,16256
GAIL,2026-01-27,172.5,0.92,2025450.0,299250.0,6.72,1908900.0,0.0,165.3,168.2,164.09,-0.751,2026-01-13 23:17,15794
GAIL,2026-01-27,173.0,0.91,481950.0,110250.0,7.81,324450.0,40950.0,165.3,168.2,164.09,-0.751,2026-01-13 23:17,14811
GAIL,2026-01-27,174.0,0.75,693000.0,81900.0,7.96,431550.0,0.0,165.3,168.2,164.09,-0.751,2026-01-13 23:17,14908
GAIL,2026-01-27,175.0,0.66,7991550.0,2145150.0,9.55,3376800.0,132300.0,165.3,168.2,164.09,-0.751,2026-01-13 23:17,15035
GAIL,2026-01-27,176.0,0.58,469350.0,78750.0,12.0,148050.0,0.0,165.3,168.2,164.09,-0.751,2026-01-13 23:17,13894
GAIL,2026-01-27,177.0,0.52,620550.0,18900.0,5.47,50400.0,0.0,165.3,168.2,164.09,-0.751,2026-01-13 23:17,15361
GAIL,2026-01-27,177.5,0.41,1323000.0,31500.0,9.93,437850.0,0.0,165.3,168.2,164.09,-0.751,2026-01-13 23:17,16208
GAIL,2026-01-27,178.0,0.42,283500.0,18900.0,0.0,0.0,0.0,165.3,168.2,164.09,-0.751,2026-01-13 23:17,16757
GAIL,2026-01-27,179.0,0.39,296100.0,63000.0,0.0,0.0,0.0,165.3,168.2,164.09,-0.751,2026-01-13 23:17,18658
GAIL,2026-01-27,180.0,0.37,6709500.0,1436400.0,14.3,1247400.0,6300.0,165.3,168.2,164.09,-0.751,2026-01-13 23:17,20589
GAIL,2026-01-27,181.0,0.31,170100.0,44100.0,0.0,0.0,0.0,165.3,168.2,164.09,-0.751,2026-01-13 23:17,21767
GAIL,2026-01-27,182.0,0.33,337050.0,0.0,0.0,0.0,0.0,165.3,168.2,164.09,-0.751,2026-01-13 23:17,24504
GAIL,2026-01-27,182.5,0.27,475650.0,119700.0,11.4,59850.0,0.0,165.3,168.2,164.09,-0.751,2026-01-13 23:17,25898
GAIL,2026-01-27,183.0,0.32,141750.0,0.0,0.0,0.0,0.0,165.3,168.2,164.09,-0.751,2026-01-13 23:17,27252
GAIL,2026-01-27,184.0,0.24,47250.0,0.0,0.0,0.0,0.0,165.3,168.2,164.09,-0.751,2026-01-13 23:17,30089
GAIL,2026-01-27,185.0,0.22,1669500.0,604800.0,21.5,267750.0,0.0,165.3,168.2,164.09,-0.751,2026-01-13 23:17,32928
GAIL,2026-01-27,186.0,0.0,0.0,0.0,0.0,0.0,0.0,165.3,168.2,164.09,-0.751,2026-01-13 23:17,35420
GAIL,2026-01-27,187.0,0.0,0.0,0.0,0.0,0.0,0.0,165.3,168.2,164.09,-0.751,2026-01-13 23:17,38451
GAIL,2026-01-27,187.5,0.2,447300.0,0.0,11.27,12600.0,0.0,165.3,168.2,164.09,-0.751,2026-01-13 23:17,39967
GAIL,2026-01-27,188.0,0.0,0.0,0.0,0.0,0.0,0.0,165.3,168.2,164.09,-0.751,2026-01-13 23:17,41500
GAIL,2026-01-27,190.0,0.14,2390850.0,522900.0,25.99,718200.0,0.0,165.3,168.2,164.09,-0.751,2026-01-13 23:17,47655
GAIL,2026-01-27,192.0,0.19,12600.0,0.0,0.0,0.0,0.0,165.3,168.2,164.09,-0.751,2026-01-13 23:17,52598
GAIL,2026-01-27,192.5,0.0,0.0,0.0,26.0,22050.0,3150.0,165.3,168.2,164.09,-0.751,2026-01-13 23:17,54293
GAIL,2026-01-27,194.0,0.0,0.0,0.0,0.0,0.0,0.0,165.3,168.2,164.09,-0.751,2026-01-13 23:17,59323
GAIL,2026-01-27,195.0,0.13,381150.0,0.0,20.65,781200.0,0.0,165.3,168.2,164.09,-0.751,2026-01-13 23:17,62714
GAIL,2026-01-27,196.0,0.0,0.0,0.0,0.0,0.0,0.0,165.3,168.2,164.09,-0.751,2026-01-13 23:17,64614
GAIL,2026-01-27,197.5,0.14,18900.0,0.0,23.3,6300.0,0.0,165.3,168.2,164.09,-0.751,2026-01-13 23:17,69876
GAIL,2026-01-27,198.0,0.0,0.0,0.0,0.0,0.0,0.0,165.3,168.2,164.09,-0.751,2026-01-13 23:17,71617
GAIL,2026-01-27,200.0,0.08,1017450.0,40950.0,33.0,1011150.0,6300.0,165.3,168.2,164.09,-0.751,2026-01-13 23:17,78637
GAIL,2026-01-27,202.5,0.08,22050.0,0.0,0.0,0.0,0.0,165.3,168.2,164.09,-0.751,2026-01-13 23:17,84592
GAIL,2026-01-27,205.0,0.04,500850.0,3150.0,39.85,2230200.0,9450.0,165.3,168.2,164.09,-0.751,2026-01-13 23:17,93880
GAIL,2026-01-27,210.0,0.05,318150.0,0.0,36.0,459900.0,0.0,165.3,168.2,164.09,-0.751,2026-01-13 23:17,104938
GLENMARK,2026-01-27,1600.0,417.0,375.0,0.0,0.15,3000.0,0.0,2007.8,2028.0,1951.1,-0.481,2026-01-13 23:17,69628
GLENMARK,2026-01-27,1680.0,301.0,16875.0,1125.0,1.5,750.0,0.0,2007.8,2028.0,1951.1,-0.481,2026-01-13 23:17,53018
GLENMARK,2026-01-27,1700.0,0.0,0.0,0.0,0.65,5250.0,0.0,2007.8,2028.0,1951.1,-0.481,2026-01-13 23:17,49405
GLENMARK,2026-01-27,1720.0,270.8,0.0,0.0,2.35,750.0,0.0,2007.8,2028.0,1951.1,-0.481,2026-01-13 23:17,45293
GLENMARK,2026-01-27,1740.0,0.0,0.0,0.0,1.0,13125.0,0.0,2007.8,2028.0,1951.1,-0.481,2026-01-13 23:17,41184
GLENMARK,2026-01-27,1760.0,233.2,0.0,0.0,1.8,8625.0,21750.0,2007.8,2028.0,1951.1,-0.481,2026-01-13 23:17,37100
GLENMARK,2026-01-27,1780.0,0.0,0.0,0.0,2.45,99000.0,18000.0,2007.8,2028.0,1951.1,-0.481,2026-01-13 23:17,33032
GLENMARK,2026-01-27,1800.0,177.9,1875.0,1875.0,2.55,83250.0,314250.0,2007.8,2028.0,1951.1,-0.481,2026-01-13 23:17,29140
GLENMARK,2026-01-27,1820.0,0.0,0.0,0.0,3.1,32625.0,18750.0,2007.8,2028.0,1951.1,-0.481,2026-01-13 23:17,25455
GLENMARK,2026-01-27,1840.0,245.0,375.0,0.0,3.85,24750.0,72750.0,2007.8,2028.0,1951.1,-0.481,2026-01-13 23:17,21813
GLENMARK,2026-01-27,1860.0,132.8,2250.0,3375.0,5.1,52875.0,209250.0,2007.8,2028.0,1951.1,-0.481,2026-01-13 23:17,18230
GLENMARK,2026-01-27,1880.0,0.0,0.0,0.0,6.7,90000.0,313125.0,2007.8,2028.0,1951.1,-0.481,2026-01-13 23:17,14761
GLENMARK,2026-01-27,1900.0,124.3,4500.0,0.0,9.15,155625.0,691500.0,2007.8,2028.0,1951.1,-0.481,2026-01-13 23:17,11409
GLENMARK,2026-01-27,1920.0,76.15,7500.0,6375.0,11.9,158625.0,487875.0,2007.8,2028.0,1951.1,-0.481,2026-01-13 23:17,8351
GLENMARK,2026-01-27,1940.0,83.4,22500.0,39750.0,16.4,224250.0,1013250.0,2007.8,2028.0,1951.1,-0.481,2026-01-13 23:17,5581
GLENMARK,2026-01-27,1960.0,68.5,95625.0,319875.0,22.0,159375.0,1658625.0,2007.8,2028.0,1951.1,-0.481,2026-01-13 23:17,3255
GLENMARK,2026-01-27,1980.0,54.95,36750.0,486750.0,29.0,106875.0,911250.0,2007.8,2028.0,1951.1,-0.481,2026-01-13 23:17,1923
GLENMARK,2026-01-27,2000.0,43.65,282375.0,2042625.0,37.7,175875.0,880500.0,2007.8,2028.0,1951.1,-0.481,2026-01-13 23:17,467
GLENMARK,2026-01-27,2020.0,34.7,88500.0,550875.0,46.0,93000.0,96375.0,2007.8,2028.0,1951.1,-0.481,2026-01-13 23:17,604
GLENMARK,2026-01-27,2040.0,27.0,129375.0,386250.0,60.15,132750.0,32250.0,2007.8,2028.0,1951.1,-0.481,2026-01-13 23:17,415
GLENMARK,2026-01-27,2060.0,20.45,288375.0,521625.0,83.9,79125.0,20625.0,2007.8,2028.0,1951.1,-0.481,2026-01-13 23:17,421
GLENMARK,2026-01-27,2080.0,15.15,155250.0,386625.0,86.85,147375.0,21000.0,2007.8,2028.0,1951.1,-0.481,2026-01-13 23:17,1537
GLENMARK,2026-01-27,2100.0,11.45,906375.0,910875.0,104.55,125625.0,18000.0,2007.8,2028.0,1951.1,-0.481,2026-01-13 23:17,2288
GLENMARK,2026-01-27,2120.0,8.5,383625.0,172875.0,157.5,21750.0,5250.0,2007.8,2028.0,1951.1,-0.481,2026-01-13 23:17,5872
GLENMARK,2026-01-27,2140.0,6.55,168000.0,204375.0,138.2,44625.0,0.0,2007.8,2028.0,1951.1,-0.481,2026-01-13 23:17,10525
GLENMARK,2026-01-27,2160.0,5.5,195000.0,182250.0,173.0,22500.0,0.0,2007.8,2028.0,1951.1,-0.481,2026-01-13 23:17,15114
GLENMARK,2026-01-27,2180.0,4.25,84000.0,196875.0,0.0,0.0,0.0,2007.8,2028.0,1951.1,-0.481,2026-01-13 23:17,20363
GLENMARK,2026-01-27,2200.0,3.7,564000.0,283875.0,221.1,17250.0,375.0,2007.8,2028.0,1951.1,-0.481,2026-01-13 23:17,26097
GLENMARK,2026-01-27,2220.0,2.85,45750.0,40500.0,159.5,2250.0,0.0,2007.8,2028.0,1951.1,-0.481,2026-01-13 23:17,32785
GLENMARK,2026-01-27,2240.0,2.1,132375.0,31500.0,0.0,0.0,0.0,2007.8,2028.0,1951.1,-0.481,2026-01-13 23:17,39719
GLENMARK,2026-01-27,2260.0,2.0,41250.0,9750.0,0.0,0.0,0.0,2007.8,2028.0,1951.1,-0.481,2026-01-13 23:17,46969
GLENMARK,2026-01-27,2280.0,1.8,129750.0,18375.0,261.85,750.0,0.0,2007.8,2028.0,1951.1,-0.481,2026-01-13 23:17,54281
GLENMARK,2026-01-27,2300.0,0.0,0.0,0.0,0.0,0.0,0.0,2007.8,2028.0,1951.1,-0.481,2026-01-13 23:17,61850
GLENMARK,2026-01-27,2320.0,1.3,99000.0,5250.0,0.0,0.0,0.0,2007.8,2028.0,1951.1,-0.481,2026-01-13 23:17,69416
GLENMARK,2026-01-27,2360.0,1.1,60750.0,7125.0,0.0,0.0,0.0,2007.8,2028.0,1951.1,-0.481,2026-01-13 23:17,84955
GLENMARK,2026-01-27,2400.0,0.0,0.0,0.0,0.0,0.0,0.0,2007.8,2028.0,1951.1,-0.481,2026-01-13 23:17,100731
GMRAIRPORT,2026-01-27,83.0,0.0,0.0,0.0,0.2,27900.0,0.0,99.32,100.5,98.55,-0.561,2026-01-13 23:17,84438
GMRAIRPORT,2026-01-27,84.0,0.0,0.0,0.0,0.1,55800.0,0.0,99.32,100.5,98.55,-0.561,2026-01-13 23:17,78889
GMRAIRPORT,2026-01-27,85.0,19.0,6975.0,0.0,0.0,0.0,0.0,99.32,100.5,98.55,-0.561,2026-01-13 23:17,73345
GMRAIRPORT,2026-01-27,86.0,0.0,0.0,0.0,0.0,0.0,0.0,99.32,100.5,98.55,-0.561,2026-01-13 23:17,67816
GMRAIRPORT,2026-01-27,87.0,0.0,0.0,0.0,0.42,6975.0,0.0,99.32,100.5,98.55,-0.561,2026-01-13 23:17,62274
GMRAIRPORT,2026-01-27,88.0,0.0,0.0,0.0,0.51,34875.0,0.0,99.32,100.5,98.55,-0.561,2026-01-13 23:17,56732
GMRAIRPORT,2026-01-27,89.0,13.5,13950.0,0.0,0.0,0.0,0.0,99.32,100.5,98.55,-0.561,2026-01-13 23:17,51192
GMRAIRPORT,2026-01-27,90.0,9.8,348750.0,55800.0,0.15,2943450.0,746325.0,99.32,100.5,98.55,-0.561,2026-01-13 23:17,45674
GMRAIRPORT,2026-01-27,91.0,0.0,0.0,0.0,0.2,174375.0,0.0,99.32,100.5,98.55,-0.561,2026-01-13 23:17,40764
GMRAIRPORT,2026-01-27,92.0,13.55,0.0,0.0,0.24,481275.0,348750.0,99.32,100.5,98.55,-0.561,2026-01-13 23:17,35571
GMRAIRPORT,2026-01-27,93.0,10.58,13950.0,0.0,0.31,927675.0,781200.0,99.32,100.5,98.55,-0.561,2026-01-13 23:17,30417
GMRAIRPORT,2026-01-27,94.0,9.15,27900.0,0.0,0.41,1408950.0,474300.0,99.32,100.5,98.55,-0.561,2026-01-13 23:17,25355
GMRAIRPORT,2026-01-27,95.0,5.1,544050.0,132525.0,0.61,3306150.0,2803950.0,99.32,100.5,98.55,-0.561,2026-01-13 23:17,20419
GMRAIRPORT,2026-01-27,96.0,5.12,118575.0,0.0,0.79,2120400.0,523125.0,99.32,100.5,98.55,-0.561,2026-01-13 23:17,15976
GMRAIRPORT,2026-01-27,97.0,3.7,223200.0,209250.0,1.08,4512825.0,739350.0,99.32,100.5,98.55,-0.561,2026-01-13 23:17,11574
GMRAIRPORT,2026-01-27,98.0,3.05,816075.0,265050.0,1.43,9625500.0,599850.0,99.32,100.5,98.55,-0.561,2026-01-13 23:17,7347
GMRAIRPORT,2026-01-27,99.0,2.54,997425.0,948600.0,1.85,3578175.0,1708875.0,99.32,100.5,98.55,-0.561,2026-01-13 23:17,3442
GMRAIRPORT,2026-01-27,100.0,2.04,7079625.0,9479025.0,2.38,6612300.0,6179850.0,99.32,100.5,98.55,-0.561,2026-01-13 23:17,714
GMRAIRPORT,2026-01-27,101.0,1.65,1464750.0,1199700.0,3.13,1227600.0,48825.0,99.32,100.5,98.55,-0.561,2026-01-13 23:17,-365
GMRAIRPORT,2026-01-27,102.0,1.3,6207750.0,2971350.0,4.0,1806525.0,209250.0,99.32,100.5,98.55,-0.561,2026-01-13 23:17,-1189
GMRAIRPORT,2026-01-27,103.0,1.06,3062025.0,1750725.0,4.33,1987875.0,174375.0,99.32,100.5,98.55,-0.561,2026-01-13 23:17,-985
GMRAIRPORT,2026-01-27,104.0,0.86,6158925.0,3543300.0,4.8,2092500.0,13950.0,99.32,100.5,98.55,-0.561,2026-01-13 23:17,-896
GMRAIRPORT,2026-01-27,105.0,0.74,22054950.0,7498125.0,6.2,7295850.0,174375.0,99.32,100.5,98.55,-0.561,2026-01-13 23:17,78
GMRAIRPORT,2026-01-27,106.0,0.61,4959225.0,1401975.0,6.36,1729800.0,0.0,99.32,100.5,98.55,-0.561,2026-01-13 23:17,1572
GMRAIRPORT,2026-01-27,107.0,0.51,4889475.0,732375.0,8.29,767250.0,55800.0,99.32,100.5,98.55,-0.561,2026-01-13 23:17,5829
GMRAIRPORT,2026-01-27,108.0,0.43,6144975.0,2441250.0,8.6,411525.0,6975.0,99.32,100.5,98.55,-0.561,2026-01-13 23:17,11062
GMRAIRPORT,2026-01-27,109.0,0.37,2315700.0,1513575.0,5.15,181350.0,0.0,99.32,100.5,98.55,-0.561,2026-01-13 23:17,17247
GMRAIRPORT,2026-01-27,110.0,0.33,28590525.0,4847625.0,10.79,1953000.0,20925.0,99.32,100.5,98.55,-0.561,2026-01-13 23:17,23765
GMRAIRPORT,2026-01-27,111.0,0.28,1959975.0,669600.0,8.56,27900.0,0.0,99.32,100.5,98.55,-0.561,2026-01-13 23:17,32180
GMRAIRPORT,2026-01-27,112.0,0.23,2678400.0,362700.0,7.64,34875.0,0.0,99.32,100.5,98.55,-0.561,2026-01-13 23:17,41990
GMRAIRPORT,2026-01-27,113.0,0.21,2245950.0,97650.0,7.91,27900.0,0.0,99.32,100.5,98.55,-0.561,2026-01-13 23:17,52074
GMRAIRPORT,2026-01-27,114.0,0.18,1109025.0,13950.0,8.76,20925.0,0.0,99.32,100.5,98.55,-0.561,2026-01-13 23:17,62376
GMRAIRPORT,2026-01-27,115.0,0.17,9172125.0,4687200.0,10.18,111600.0,0.0,99.32,100.5,98.55,-0.561,2026-01-13 23:17,72768
GMRAIRPORT,2026-01-27,116.0,0.15,341775.0,27900.0,0.0,0.0,0.0,99.32,100.5,98.55,-0.561,2026-01-13 23:17,84128
GMRAIRPORT,2026-01-27,117.0,0.13,341775.0,174375.0,0.0,0.0,0.0,99.32,100.5,98.55,-0.561,2026-01-13 23:17,95486
GMRAIRPORT,2026-01-27,118.0,0.14,348750.0,0.0,0.0,0.0,0.0,99.32,100.5,98.55,-0.561,2026-01-13 23:17,106877
GMRAIRPORT,2026-01-27,120.0,0.08,5070825.0,2057625.0,15.5,20925.0,0.0,99.32,100.5,98.55,-0.561,2026-01-13 23:17,129725
GMRAIRPORT,2026-01-27,122.0,0.05,1234575.0,6975.0,0.0,0.0,0.0,99.32,100.5,98.55,-0.561,2026-01-13 23:17,153595
GODREJCP,2026-01-27,920.0,220.45,1000.0,0.0,0.2,13500.0,0.0,1233.0,1244.8,1229.3,-0.259,2026-01-13 23:17,31568
GODREJCP,2026-01-27,1020.0,120.95,1500.0,0.0,0.0,0.0,0.0,1233.0,1244.8,1229.3,-0.259,2026-01-13 23:17,18890
GODREJCP,2026-01-27,1040.0,0.0,0.0,0.0,0.8,22000.0,500.0,1233.0,1244.8,1229.3,-0.259,2026-01-13 23:17,16371
GODREJCP,2026-01-27,1060.0,0.0,0.0,0.0,0.65,15000.0,0.0,1233.0,1244.8,1229.3,-0.259,2026-01-13 23:17,13876
GODREJCP,2026-01-27,1080.0,70.8,3500.0,0.0,1.4,7500.0,0.0,1233.0,1244.8,1229.3,-0.259,2026-01-13 23:17,11412
GODREJCP,2026-01-27,1100.0,144.45,6500.0,0.0,0.8,83500.0,500.0,1233.0,1244.8,1229.3,-0.259,2026-01-13 23:17,8995
GODREJCP,2026-01-27,1110.0,0.0,0.0,0.0,2.4,25000.0,33000.0,1233.0,1244.8,1229.3,-0.259,2026-01-13 23:17,7951
GODREJCP,2026-01-27,1120.0,97.0,1500.0,0.0,1.65,48500.0,65500.0,1233.0,1244.8,1229.3,-0.259,2026-01-13 23:17,6840
GODREJCP,2026-01-27,1130.0,0.0,0.0,0.0,1.95,13000.0,14500.0,1233.0,1244.8,1229.3,-0.259,2026-01-13 23:17,5791
GODREJCP,2026-01-27,1140.0,80.2,1500.0,0.0,2.45,52000.0,0.0,1233.0,1244.8,1229.3,-0.259,2026-01-13 23:17,4746
GODREJCP,2026-01-27,1150.0,0.0,0.0,0.0,3.0,55500.0,12500.0,1233.0,1244.8,1229.3,-0.259,2026-01-13 23:17,3756
GODREJCP,2026-01-27,1160.0,81.0,8500.0,0.0,3.7,67000.0,51500.0,1233.0,1244.8,1229.3,-0.259,2026-01-13 23:17,2806
GODREJCP,2026-01-27,1170.0,0.0,0.0,0.0,4.95,88500.0,47000.0,1233.0,1244.8,1229.3,-0.259,2026-01-13 23:17,1992
GODREJCP,2026-01-27,1180.0,76.3,12500.0,0.0,6.25,52000.0,12000.0,1233.0,1244.8,1229.3,-0.259,2026-01-13 23:17,1179
GODREJCP,2026-01-27,1190.0,57.5,4500.0,500.0,7.45,21500.0,3000.0,1233.0,1244.8,1229.3,-0.259,2026-01-13 23:17,537
GODREJCP,2026-01-27,1200.0,55.0,51000.0,0.0,10.3,173500.0,26000.0,1233.0,1244.8,1229.3,-0.259,2026-01-13 23:17,-131
GODREJCP,2026-01-27,1210.0,41.3,9000.0,0.0,18.35,35500.0,0.0,1233.0,1244.8,1229.3,-0.259,2026-01-13 23:17,-484
GODREJCP,2026-01-27,1220.0,32.5,116000.0,5000.0,19.0,102500.0,34500.0,1233.0,1244.8,1229.3,-0.259,2026-01-13 23:17,-922
GODREJCP,2026-01-27,1230.0,29.55,28000.0,13000.0,20.1,68000.0,45500.0,1233.0,1244.8,1229.3,-0.259,2026-01-13 23:17,-931
GODREJCP,2026-01-27,1240.0,25.0,230000.0,174000.0,25.3,120500.0,71500.0,1233.0,1244.8,1229.3,-0.259,2026-01-13 23:17,-1081
GODREJCP,2026-01-27,1250.0,21.0,163000.0,139500.0,30.5,57500.0,7500.0,1233.0,1244.8,1229.3,-0.259,2026-01-13 23:17,-556
GODREJCP,2026-01-27,1260.0,16.8,189500.0,70000.0,38.9,60500.0,3000.0,1233.0,1244.8,1229.3,-0.259,2026-01-13 23:17,86
GODREJCP,2026-01-27,1270.0,13.2,82500.0,21000.0,50.0,59000.0,2500.0,1233.0,1244.8,1229.3,-0.259,2026-01-13 23:17,894
GODREJCP,2026-01-27,1280.0,11.05,133500.0,35500.0,61.25,8000.0,0.0,1233.0,1244.8,1229.3,-0.259,2026-01-13 23:17,1575
GODREJCP,2026-01-27,1290.0,7.0,30500.0,5000.0,55.3,13000.0,0.0,1233.0,1244.8,1229.3,-0.259,2026-01-13 23:17,2682
GODREJCP,2026-01-27,1300.0,6.1,309000.0,178000.0,64.25,11500.0,0.0,1233.0,1244.8,1229.3,-0.259,2026-01-13 23:17,3684
GODREJCP,2026-01-27,1310.0,4.65,25500.0,7000.0,73.95,500.0,0.0,1233.0,1244.8,1229.3,-0.259,2026-01-13 23:17,5171
GODREJCP,2026-01-27,1320.0,3.55,140000.0,41500.0,89.85,7000.0,2000.0,1233.0,1244.8,1229.3,-0.259,2026-01-13 23:17,6577
GODREJCP,2026-01-27,1330.0,3.85,43000.0,0.0,0.0,0.0,0.0,1233.0,1244.8,1229.3,-0.259,2026-01-13 23:17,8110
GODREJCP,2026-01-27,1340.0,2.9,59000.0,4000.0,107.5,3000.0,500.0,1233.0,1244.8,1229.3,-0.259,2026-01-13 23:17,9715
GODREJCP,2026-01-27,1350.0,1.8,26500.0,15000.0,0.0,0.0,0.0,1233.0,1244.8,1229.3,-0.259,2026-01-13 23:17,11350
GODREJCP,2026-01-27,1360.0,1.7,128000.0,69000.0,227.7,0.0,0.0,1233.0,1244.8,1229.3,-0.259,2026-01-13 23:17,13032
GODREJCP,2026-01-27,1370.0,0.0,0.0,0.0,0.0,0.0,0.0,1233.0,1244.8,1229.3,-0.259,2026-01-13 23:17,14859
GODREJCP,2026-01-27,1380.0,1.15,130000.0,48000.0,0.0,0.0,0.0,1233.0,1244.8,1229.3,-0.259,2026-01-13 23:17,16664
GODREJCP,2026-01-27,1400.0,0.8,75500.0,3500.0,0.0,0.0,0.0,1233.0,1244.8,1229.3,-0.259,2026-01-13 23:17,20549
GODREJCP,2026-01-27,1420.0,0.2,4500.0,0.0,0.0,0.0,0.0,1233.0,1244.8,1229.3,-0.259,2026-01-13 23:17,24576
GODREJCP,2026-01-27,1440.0,0.9,500.0,0.0,0.0,0.0,0.0,1233.0,1244.8,1229.3,-0.259,2026-01-13 23:17,28606
GODREJPROP,2026-01-27,1600.0,0.0,0.0,0.0,2.5,275.0,550.0,1873.9,1954.7,1857.8,-2.947,2026-01-13 23:17,103157
GODREJPROP,2026-01-27,1640.0,0.0,0.0,0.0,0.0,0.0,0.0,1873.9,1954.7,1857.8,-2.947,2026-01-13 23:17,91059
GODREJPROP,2026-01-27,1680.0,0.0,0.0,0.0,3.75,33275.0,62700.0,1873.9,1954.7,1857.8,-2.947,2026-01-13 23:17,78961
GODREJPROP,2026-01-27,1700.0,175.0,6875.0,1100.0,5.25,102300.0,242000.0,1873.9,1954.7,1857.8,-2.947,2026-01-13 23:17,72966
GODREJPROP,2026-01-27,1720.0,0.0,0.0,0.0,7.0,59400.0,76175.0,1873.9,1954.7,1857.8,-2.947,2026-01-13 23:17,67269
GODREJPROP,2026-01-27,1740.0,0.0,0.0,0.0,8.95,74250.0,72325.0,1873.9,1954.7,1857.8,-2.947,2026-01-13 23:17,61582
GODREJPROP,2026-01-27,1760.0,0.0,0.0,0.0,11.95,45375.0,108900.0,1873.9,1954.7,1857.8,-2.947,2026-01-13 23:17,56019
GODREJPROP,2026-01-27,1780.0,0.0,0.0,0.0,15.65,92675.0,241725.0,1873.9,1954.7,1857.8,-2.947,2026-01-13 23:17,50559
GODREJPROP,2026-01-27,1800.0,100.3,41800.0,124850.0,20.0,211750.0,746075.0,1873.9,1954.7,1857.8,-2.947,2026-01-13 23:17,45193
GODREJPROP,2026-01-27,1820.0,0.0,0.0,0.0,25.9,61600.0,388575.0,1873.9,1954.7,1857.8,-2.947,2026-01-13 23:17,40476
GODREJPROP,2026-01-27,1840.0,71.85,5225.0,13475.0,32.75,60775.0,550000.0,1873.9,1954.7,1857.8,-2.947,2026-01-13 23:17,35726
GODREJPROP,2026-01-27,1860.0,61.0,18975.0,69300.0,40.45,136400.0,721050.0,1873.9,1954.7,1857.8,-2.947,2026-01-13 23:17,31106
GODREJPROP,2026-01-27,1880.0,50.0,44275.0,361075.0,49.8,137500.0,1114025.0,1873.9,1954.7,1857.8,-2.947,2026-01-13 23:17,26522
GODREJPROP,2026-01-27,1900.0,41.0,378125.0,2071575.0,61.1,437800.0,2112275.0,1873.9,1954.7,1857.8,-2.947,2026-01-13 23:17,22275
GODREJPROP,2026-01-27,1920.0,32.8,137500.0,855250.0,73.0,58850.0,452925.0,1873.9,1954.7,1857.8,-2.947,2026-01-13 23:17,18998
GODREJPROP,2026-01-27,1940.0,26.35,166375.0,796675.0,87.45,124850.0,289300.0,1873.9,1954.7,1857.8,-2.947,2026-01-13 23:17,17260
GODREJPROP,2026-01-27,1960.0,21.3,177100.0,900900.0,99.0,70400.0,92125.0,1873.9,1954.7,1857.8,-2.947,2026-01-13 23:17,15430
GODREJPROP,2026-01-27,1980.0,17.25,129800.0,601975.0,114.5,66000.0,44000.0,1873.9,1954.7,1857.8,-2.947,2026-01-13 23:17,14428
GODREJPROP,2026-01-27,2000.0,13.5,573100.0,1882100.0,130.45,206250.0,216975.0,1873.9,1954.7,1857.8,-2.947,2026-01-13 23:17,13606
GODREJPROP,2026-01-27,2020.0,11.0,244475.0,532675.0,147.45,138050.0,6600.0,1873.9,1954.7,1857.8,-2.947,2026-01-13 23:17,12957
GODREJPROP,2026-01-27,2040.0,8.7,179850.0,306075.0,160.0,61050.0,4675.0,1873.9,1954.7,1857.8,-2.947,2026-01-13 23:17,13224
GODREJPROP,2026-01-27,2060.0,7.0,207625.0,265650.0,176.7,111925.0,3850.0,1873.9,1954.7,1857.8,-2.947,2026-01-13 23:17,14919
GODREJPROP,2026-01-27,2080.0,5.95,205425.0,150700.0,152.0,81675.0,0.0,1873.9,1954.7,1857.8,-2.947,2026-01-13 23:17,16241
GODREJPROP,2026-01-27,2100.0,4.8,539825.0,688325.0,232.0,102300.0,10175.0,1873.9,1954.7,1857.8,-2.947,2026-01-13 23:17,18850
GODREJPROP,2026-01-27,2120.0,4.25,135575.0,136125.0,228.8,62975.0,1100.0,1873.9,1954.7,1857.8,-2.947,2026-01-13 23:17,21748
GODREJPROP,2026-01-27,2140.0,3.75,145750.0,344300.0,245.0,43725.0,1375.0,1873.9,1954.7,1857.8,-2.947,2026-01-13 23:17,25775
GODREJPROP,2026-01-27,2160.0,3.4,436150.0,267025.0,270.95,34650.0,1100.0,1873.9,1954.7,1857.8,-2.947,2026-01-13 23:17,30547
GODREJPROP,2026-01-27,2180.0,2.85,90200.0,134750.0,244.1,59950.0,0.0,1873.9,1954.7,1857.8,-2.947,2026-01-13 23:17,36487
GODREJPROP,2026-01-27,2200.0,2.35,457325.0,463375.0,270.0,89375.0,0.0,1873.9,1954.7,1857.8,-2.947,2026-01-13 23:17,42080
GODREJPROP,2026-01-27,2220.0,1.9,45650.0,20900.0,291.5,84425.0,0.0,1873.9,1954.7,1857.8,-2.947,2026-01-13 23:17,47898
GODREJPROP,2026-01-27,2240.0,1.7,43450.0,11000.0,300.0,84425.0,0.0,1873.9,1954.7,1857.8,-2.947,2026-01-13 23:17,53830
GODREJPROP,2026-01-27,2260.0,1.5,33000.0,16500.0,252.0,1650.0,0.0,1873.9,1954.7,1857.8,-2.947,2026-01-13 23:17,59945
GODREJPROP,2026-01-27,2280.0,1.4,16500.0,4400.0,274.0,1100.0,0.0,1873.9,1954.7,1857.8,-2.947,2026-01-13 23:17,68617
GODREJPROP,2026-01-27,2300.0,1.35,137500.0,76450.0,299.0,36300.0,0.0,1873.9,1954.7,1857.8,-2.947,2026-01-13 23:17,77334
GODREJPROP,2026-01-27,2320.0,1.2,16500.0,825.0,316.35,1650.0,0.0,1873.9,1954.7,1857.8,-2.947,2026-01-13 23:17,85359
GODREJPROP,2026-01-27,2340.0,1.0,11550.0,275.0,0.0,0.0,0.0,1873.9,1954.7,1857.8,-2.947,2026-01-13 23:17,94437
GODREJPROP,2026-01-27,2360.0,1.2,36850.0,21175.0,365.0,1100.0,0.0,1873.9,1954.7,1857.8,-2.947,2026-01-13 23:17,103590
GODREJPROP,2026-01-27,2400.0,0.85,46200.0,0.0,456.85,22825.0,0.0,1873.9,1954.7,1857.8,-2.947,2026-01-13 23:17,122009
GODREJPROP,2026-01-27,2440.0,1.55,4675.0,0.0,430.0,275.0,0.0,1873.9,1954.7,1857.8,-2.947,2026-01-13 23:17,139701
GODREJPROP,2026-01-27,2520.0,0.0,0.0,0.0,381.0,25575.0,0.0,1873.9,1954.7,1857.8,-2.947,2026-01-13 23:17,177191
GODREJPROP,2026-01-27,2640.0,0.1,4125.0,15400.0,0.0,0.0,0.0,1873.9,1954.7,1857.8,-2.947,2026-01-13 23:17,232775
GRASIM,2026-01-27,2320.0,0.0,0.0,0.0,0.0,0.0,0.0,2771.7,2814.8,2759.1,-1.247,2026-01-13 23:17,68361
GRASIM,2026-01-27,2360.0,399.0,750.0,0.0,0.0,0.0,0.0,2771.7,2814.8,2759.1,-1.247,2026-01-13 23:17,61648
GRASIM,2026-01-27,2400.0,359.15,750.0,0.0,0.0,0.0,0.0,2771.7,2814.8,2759.1,-1.247,2026-01-13 23:17,54968
GRASIM,2026-01-27,2440.0,0.0,0.0,0.0,0.0,0.0,0.0,2771.7,2814.8,2759.1,-1.247,2026-01-13 23:17,48288
GRASIM,2026-01-27,2480.0,284.4,750.0,0.0,2.15,4750.0,6250.0,2771.7,2814.8,2759.1,-1.247,2026-01-13 23:17,41581
GRASIM,2026-01-27,2500.0,321.65,1500.0,0.0,2.6,4250.0,2000.0,2771.7,2814.8,2759.1,-1.247,2026-01-13 23:17,38258
GRASIM,2026-01-27,2520.0,244.9,1500.0,0.0,1.7,5000.0,10250.0,2771.7,2814.8,2759.1,-1.247,2026-01-13 23:17,34975
GRASIM,2026-01-27,2540.0,287.35,0.0,0.0,0.95,250.0,0.0,2771.7,2814.8,2759.1,-1.247,2026-01-13 23:17,31692
GRASIM,2026-01-27,2560.0,225.85,1000.0,0.0,20.0,1500.0,0.0,2771.7,2814.8,2759.1,-1.247,2026-01-13 23:17,28375
GRASIM,2026-01-27,2580.0,215.45,1750.0,0.0,3.0,69250.0,1250.0,2771.7,2814.8,2759.1,-1.247,2026-01-13 23:17,25082
GRASIM,2026-01-27,2600.0,183.0,750.0,0.0,2.85,239250.0,38000.0,2771.7,2814.8,2759.1,-1.247,2026-01-13 23:17,21928
GRASIM,2026-01-27,2620.0,0.0,0.0,0.0,3.95,21250.0,28250.0,2771.7,2814.8,2759.1,-1.247,2026-01-13 23:17,19184
GRASIM,2026-01-27,2640.0,140.45,250.0,0.0,5.0,76500.0,40250.0,2771.7,2814.8,2759.1,-1.247,2026-01-13 23:17,16527
GRASIM,2026-01-27,2660.0,111.55,3500.0,0.0,7.05,20750.0,28500.0,2771.7,2814.8,2759.1,-1.247,2026-01-13 23:17,13998
GRASIM,2026-01-27,2680.0,0.0,0.0,0.0,9.5,47250.0,19750.0,2771.7,2814.8,2759.1,-1.247,2026-01-13 23:17,11576
GRASIM,2026-01-27,2700.0,133.8,4250.0,0.0,13.15,146250.0,83500.0,2771.7,2814.8,2759.1,-1.247,2026-01-13 23:17,9180
GRASIM,2026-01-27,2720.0,114.3,6000.0,0.0,17.55,67500.0,18250.0,2771.7,2814.8,2759.1,-1.247,2026-01-13 23:17,6994
GRASIM,2026-01-27,2740.0,63.55,11250.0,1000.0,23.5,257250.0,46750.0,2771.7,2814.8,2759.1,-1.247,2026-01-13 23:17,5041
GRASIM,2026-01-27,2760.0,50.35,21500.0,30000.0,31.05,61000.0,92750.0,2771.7,2814.8,2759.1,-1.247,2026-01-13 23:17,3141
GRASIM,2026-01-27,2780.0,39.55,24500.0,57750.0,40.05,17250.0,187250.0,2771.7,2814.8,2759.1,-1.247,2026-01-13 23:17,1858
GRASIM,2026-01-27,2800.0,31.55,212500.0,347500.0,49.8,335000.0,202750.0,2771.7,2814.8,2759.1,-1.247,2026-01-13 23:17,768
GRASIM,2026-01-27,2820.0,24.25,55000.0,142500.0,60.5,33750.0,37500.0,2771.7,2814.8,2759.1,-1.247,2026-01-13 23:17,-252
GRASIM,2026-01-27,2840.0,17.3,120500.0,82500.0,55.95,82750.0,0.0,2771.7,2814.8,2759.1,-1.247,2026-01-13 23:17,-168
GRASIM,2026-01-27,2860.0,13.55,98000.0,96250.0,92.95,43500.0,7000.0,2771.7,2814.8,2759.1,-1.247,2026-01-13 23:17,137
GRASIM,2026-01-27,2880.0,10.05,72750.0,46500.0,105.65,19750.0,2250.0,2771.7,2814.8,2759.1,-1.247,2026-01-13 23:17,710
GRASIM,2026-01-27,2900.0,7.5,255500.0,126250.0,92.8,58250.0,0.0,2771.7,2814.8,2759.1,-1.247,2026-01-13 23:17,1603
GRASIM,2026-01-27,2920.0,5.5,60250.0,46250.0,66.0,2500.0,0.0,2771.7,2814.8,2759.1,-1.247,2026-01-13 23:17,2911
GRASIM,2026-01-27,2940.0,4.55,145750.0,52750.0,162.05,18500.0,4750.0,2771.7,2814.8,2759.1,-1.247,2026-01-13 23:17,4710
GRASIM,2026-01-27,2960.0,3.55,28000.0,20250.0,128.5,0.0,0.0,2771.7,2814.8,2759.1,-1.247,2026-01-13 23:17,6587
GRASIM,2026-01-27,2980.0,3.0,39750.0,26500.0,0.0,0.0,0.0,2771.7,2814.8,2759.1,-1.247,2026-01-13 23:17,8763
GRASIM,2026-01-27,3000.0,2.55,204250.0,43750.0,158.15,14500.0,0.0,2771.7,2814.8,2759.1,-1.247,2026-01-13 23:17,11021
GRASIM,2026-01-27,3020.0,2.5,23500.0,4000.0,0.0,0.0,0.0,2771.7,2814.8,2759.1,-1.247,2026-01-13 23:17,13527
GRASIM,2026-01-27,3040.0,2.2,49750.0,8250.0,0.0,0.0,0.0,2771.7,2814.8,2759.1,-1.247,2026-01-13 23:17,16264
GRASIM,2026-01-27,3060.0,3.0,57750.0,12250.0,0.0,0.0,0.0,2771.7,2814.8,2759.1,-1.247,2026-01-13 23:17,19105
GRASIM,2026-01-27,3080.0,1.75,46000.0,26000.0,220.0,500.0,0.0,2771.7,2814.8,2759.1,-1.247,2026-01-13 23:17,22067
GRASIM,2026-01-27,3100.0,1.55,8500.0,0.0,0.0,0.0,0.0,2771.7,2814.8,2759.1,-1.247,2026-01-13 23:17,25103
GRASIM,2026-01-27,3120.0,1.65,119250.0,1500.0,0.0,0.0,0.0,2771.7,2814.8,2759.1,-1.247,2026-01-13 23:17,28160
GRASIM,2026-01-27,3160.0,1.15,4250.0,1750.0,0.0,0.0,0.0,2771.7,2814.8,2759.1,-1.247,2026-01-13 23:17,34767
GRASIM,2026-01-27,3200.0,0.3,250.0,0.0,368.45,30000.0,0.0,2771.7,2814.8,2759.1,-1.247,2026-01-13 23:17,41373
GRASIM,2026-01-27,3240.0,0.0,0.0,0.0,0.0,0.0,0.0,2771.7,2814.8,2759.1,-1.247,2026-01-13 23:17,46994
GRASIM,2026-01-27,3280.0,0.0,0.0,0.0,0.0,0.0,0.0,2771.7,2814.8,2759.1,-1.247,2026-01-13 23:17,53720
GRASIM,2026-01-27,3320.0,0.0,0.0,0.0,0.0,0.0,0.0,2771.7,2814.8,2759.1,-1.247,2026-01-13 23:17,60446
HAL,2026-01-27,3500.0,995.9,300.0,0.0,1.0,900.0,0.0,4454.0,4559.9,4400.4,-1.425,2026-01-13 23:17,245887
HAL,2026-01-27,3600.0,695.0,150.0,0.0,0.0,0.0,0.0,4454.0,4559.9,4400.4,-1.425,2026-01-13 23:17,216015
HAL,2026-01-27,3700.0,650.0,4800.0,0.0,2.0,22050.0,450.0,4454.0,4559.9,4400.4,-1.425,2026-01-13 23:17,186124
HAL,2026-01-27,3750.0,0.0,0.0,0.0,3.85,9150.0,0.0,4454.0,4559.9,4400.4,-1.425,2026-01-13 23:17,171616
HAL,2026-01-27,3800.0,675.0,450.0,0.0,4.35,35400.0,6150.0,4454.0,4559.9,4400.4,-1.425,2026-01-13 23:17,156841
HAL,2026-01-27,3850.0,0.0,0.0,0.0,4.1,5400.0,0.0,4454.0,4559.9,4400.4,-1.425,2026-01-13 23:17,142265
HAL,2026-01-27,3900.0,505.85,150.0,0.0,5.7,64950.0,22950.0,4454.0,4559.9,4400.4,-1.425,2026-01-13 23:17,127699
HAL,2026-01-27,3950.0,0.0,0.0,0.0,6.55,4650.0,9150.0,4454.0,4559.9,4400.4,-1.425,2026-01-13 23:17,113431
HAL,2026-01-27,4000.0,468.0,5250.0,1200.0,8.55,236250.0,114150.0,4454.0,4559.9,4400.4,-1.425,2026-01-13 23:17,99212
HAL,2026-01-27,4050.0,0.0,0.0,0.0,10.0,25050.0,76050.0,4454.0,4559.9,4400.4,-1.425,2026-01-13 23:17,86248
HAL,2026-01-27,4100.0,431.25,4650.0,0.0,12.5,104250.0,86550.0,4454.0,4559.9,4400.4,-1.425,2026-01-13 23:17,73340
HAL,2026-01-27,4150.0,0.0,0.0,0.0,15.15,45000.0,36750.0,4454.0,4559.9,4400.4,-1.425,2026-01-13 23:17,61072
HAL,2026-01-27,4200.0,279.05,40350.0,6600.0,21.95,142200.0,165900.0,4454.0,4559.9,4400.4,-1.425,2026-01-13 23:17,48890
HAL,2026-01-27,4250.0,208.75,21000.0,2100.0,29.7,62400.0,125850.0,4454.0,4559.9,4400.4,-1.425,2026-01-13 23:17,38504
HAL,2026-01-27,4300.0,197.4,126600.0,37950.0,39.9,223500.0,505500.0,4454.0,4559.9,4400.4,-1.425,2026-01-13 23:17,27973
HAL,2026-01-27,4350.0,157.35,114000.0,23850.0,54.85,168150.0,208050.0,4454.0,4559.9,4400.4,-1.425,2026-01-13 23:17,20548
HAL,2026-01-27,4400.0,124.0,368850.0,266700.0,73.0,441300.0,437400.0,4454.0,4559.9,4400.4,-1.425,2026-01-13 23:17,13797
HAL,2026-01-27,4450.0,99.4,203250.0,468450.0,95.95,196650.0,321300.0,4454.0,4559.9,4400.4,-1.425,2026-01-13 23:17,11578
HAL,2026-01-27,4500.0,77.0,857250.0,1722750.0,125.7,383850.0,623550.0,4454.0,4559.9,4400.4,-1.425,2026-01-13 23:17,10139
HAL,2026-01-27,4550.0,60.0,573000.0,602550.0,159.25,119250.0,80250.0,4454.0,4559.9,4400.4,-1.425,2026-01-13 23:17,16548
HAL,2026-01-27,4600.0,45.95,769200.0,801150.0,194.2,150900.0,53100.0,4454.0,4559.9,4400.4,-1.425,2026-01-13 23:17,26182
HAL,2026-01-27,4650.0,34.5,112650.0,262050.0,246.3,27150.0,1650.0,4454.0,4559.9,4400.4,-1.425,2026-01-13 23:17,39481
HAL,2026-01-27,4700.0,25.7,356700.0,436500.0,274.45,104850.0,7050.0,4454.0,4559.9,4400.4,-1.425,2026-01-13 23:17,52596
HAL,2026-01-27,4750.0,20.1,109800.0,182100.0,253.0,11100.0,0.0,4454.0,4559.9,4400.4,-1.425,2026-01-13 23:17,66337
HAL,2026-01-27,4800.0,15.4,436650.0,337650.0,360.0,170100.0,1950.0,4454.0,4559.9,4400.4,-1.425,2026-01-13 23:17,82583
HAL,2026-01-27,4850.0,12.15,42150.0,47100.0,508.1,450.0,0.0,4454.0,4559.9,4400.4,-1.425,2026-01-13 23:17,96472
HAL,2026-01-27,4900.0,10.1,149400.0,175050.0,453.1,33900.0,450.0,4454.0,4559.9,4400.4,-1.425,2026-01-13 23:17,116054
HAL,2026-01-27,4950.0,8.05,46500.0,111150.0,430.0,600.0,0.0,4454.0,4559.9,4400.4,-1.425,2026-01-13 23:17,135138
HAL,2026-01-27,5000.0,7.0,755100.0,564000.0,546.0,117750.0,1800.0,4454.0,4559.9,4400.4,-1.425,2026-01-13 23:17,155855
HAL,2026-01-27,5100.0,5.15,151500.0,72150.0,593.3,7200.0,0.0,4454.0,4559.9,4400.4,-1.425,2026-01-13 23:17,200094
HAL,2026-01-27,5200.0,3.5,82950.0,12000.0,745.0,77100.0,1350.0,4454.0,4559.9,4400.4,-1.425,2026-01-13 23:17,251471
HAL,2026-01-27,5400.0,2.0,31650.0,3150.0,0.0,0.0,0.0,4454.0,4559.9,4400.4,-1.425,2026-01-13 23:17,352409
HAVELLS,2026-01-27,1200.0,255.7,2500.0,0.0,1.6,7000.0,1000.0,1428.2,1457.0,1420.0,-1.531,2026-01-13 23:17,59038
HAVELLS,2026-01-27,1220.0,0.0,0.0,0.0,0.3,2000.0,0.0,1428.2,1457.0,1420.0,-1.531,2026-01-13 23:17,53474
HAVELLS,2026-01-27,1240.0,0.0,0.0,0.0,0.5,33000.0,0.0,1428.2,1457.0,1420.0,-1.531,2026-01-13 23:17,47851
HAVELLS,2026-01-27,1260.0,0.0,0.0,0.0,2.0,6500.0,0.0,1428.2,1457.0,1420.0,-1.531,2026-01-13 23:17,42292
HAVELLS,2026-01-27,1280.0,0.0,0.0,0.0,1.25,8500.0,0.0,1428.2,1457.0,1420.0,-1.531,2026-01-13 23:17,36747
HAVELLS,2026-01-27,1300.0,186.7,1500.0,0.0,2.1,86000.0,24000.0,1428.2,1457.0,1420.0,-1.531,2026-01-13 23:17,31218
HAVELLS,2026-01-27,1310.0,0.0,0.0,0.0,0.0,0.0,0.0,1428.2,1457.0,1420.0,-1.531,2026-01-13 23:17,28552
HAVELLS,2026-01-27,1320.0,0.0,0.0,0.0,3.35,65000.0,31500.0,1428.2,1457.0,1420.0,-1.531,2026-01-13 23:17,25876
HAVELLS,2026-01-27,1330.0,0.0,0.0,0.0,0.0,0.0,0.0,1428.2,1457.0,1420.0,-1.531,2026-01-13 23:17,23244
HAVELLS,2026-01-27,1340.0,0.0,0.0,0.0,5.2,112000.0,40500.0,1428.2,1457.0,1420.0,-1.531,2026-01-13 23:17,20633
HAVELLS,2026-01-27,1350.0,0.0,0.0,0.0,6.5,21500.0,15000.0,1428.2,1457.0,1420.0,-1.531,2026-01-13 23:17,18075
HAVELLS,2026-01-27,1360.0,147.5,5500.0,0.0,8.45,208000.0,190000.0,1428.2,1457.0,1420.0,-1.531,2026-01-13 23:17,15584
HAVELLS,2026-01-27,1370.0,72.7,3000.0,5500.0,10.25,116500.0,87000.0,1428.2,1457.0,1420.0,-1.531,2026-01-13 23:17,13225
HAVELLS,2026-01-27,1380.0,0.0,0.0,0.0,12.9,107000.0,164000.0,1428.2,1457.0,1420.0,-1.531,2026-01-13 23:17,10983
HAVELLS,2026-01-27,1390.0,0.0,0.0,0.0,15.75,42500.0,151000.0,1428.2,1457.0,1420.0,-1.531,2026-01-13 23:17,8808
HAVELLS,2026-01-27,1400.0,48.8,64500.0,9500.0,18.4,277000.0,219000.0,1428.2,1457.0,1420.0,-1.531,2026-01-13 23:17,6746
HAVELLS,2026-01-27,1410.0,51.35,1000.0,0.0,22.75,73000.0,47500.0,1428.2,1457.0,1420.0,-1.531,2026-01-13 23:17,4897
HAVELLS,2026-01-27,1420.0,38.0,178000.0,53500.0,26.7,312000.0,135000.0,1428.2,1457.0,1420.0,-1.531,2026-01-13 23:17,3157
HAVELLS,2026-01-27,1430.0,32.7,40500.0,49500.0,30.75,87000.0,130500.0,1428.2,1457.0,1420.0,-1.531,2026-01-13 23:17,1911
HAVELLS,2026-01-27,1440.0,28.05,142000.0,208000.0,36.75,204000.0,97000.0,1428.2,1457.0,1420.0,-1.531,2026-01-13 23:17,814
HAVELLS,2026-01-27,1450.0,23.55,114500.0,173500.0,40.35,177000.0,67500.0,1428.2,1457.0,1420.0,-1.531,2026-01-13 23:17,-153
HAVELLS,2026-01-27,1460.0,20.35,231500.0,384000.0,46.65,147000.0,40500.0,1428.2,1457.0,1420.0,-1.531,2026-01-13 23:17,-922
HAVELLS,2026-01-27,1470.0,17.05,82000.0,74000.0,54.0,185500.0,6000.0,1428.2,1457.0,1420.0,-1.531,2026-01-13 23:17,-1082
HAVELLS,2026-01-27,1480.0,13.95,138500.0,134500.0,60.0,117500.0,33500.0,1428.2,1457.0,1420.0,-1.531,2026-01-13 23:17,-1623
HAVELLS,2026-01-27,1490.0,11.8,54000.0,69500.0,75.5,55500.0,8500.0,1428.2,1457.0,1420.0,-1.531,2026-01-13 23:17,-1557
HAVELLS,2026-01-27,1500.0,9.5,699500.0,514500.0,76.9,208000.0,18500.0,1428.2,1457.0,1420.0,-1.531,2026-01-13 23:17,-1225
HAVELLS,2026-01-27,1510.0,7.45,81000.0,86000.0,67.75,36000.0,0.0,1428.2,1457.0,1420.0,-1.531,2026-01-13 23:17,-566
HAVELLS,2026-01-27,1520.0,6.2,348000.0,175500.0,92.0,39000.0,1000.0,1428.2,1457.0,1420.0,-1.531,2026-01-13 23:17,961
HAVELLS,2026-01-27,1530.0,5.1,85500.0,181500.0,0.0,0.0,0.0,1428.2,1457.0,1420.0,-1.531,2026-01-13 23:17,2916
HAVELLS,2026-01-27,1540.0,4.25,185500.0,110500.0,80.35,10000.0,0.0,1428.2,1457.0,1420.0,-1.531,2026-01-13 23:17,5144
HAVELLS,2026-01-27,1550.0,3.5,207000.0,72000.0,0.0,0.0,0.0,1428.2,1457.0,1420.0,-1.531,2026-01-13 23:17,7522
HAVELLS,2026-01-27,1560.0,2.95,155000.0,64000.0,110.9,14500.0,0.0,1428.2,1457.0,1420.0,-1.531,2026-01-13 23:17,10181
HAVELLS,2026-01-27,1570.0,2.5,48000.0,11000.0,96.5,500.0,0.0,1428.2,1457.0,1420.0,-1.531,2026-01-13 23:17,12822
HAVELLS,2026-01-27,1580.0,2.2,209500.0,64500.0,150.0,4500.0,0.0,1428.2,1457.0,1420.0,-1.531,2026-01-13 23:17,15634
HAVELLS,2026-01-27,1590.0,1.95,39500.0,44500.0,0.0,0.0,0.0,1428.2,1457.0,1420.0,-1.531,2026-01-13 23:17,18631
HAVELLS,2026-01-27,1600.0,1.8,281500.0,54500.0,119.05,10500.0,0.0,1428.2,1457.0,1420.0,-1.531,2026-01-13 23:17,21696
HAVELLS,2026-01-27,1610.0,0.0,0.0,0.0,0.0,0.0,0.0,1428.2,1457.0,1420.0,-1.531,2026-01-13 23:17,24972
HAVELLS,2026-01-27,1620.0,1.2,36500.0,1500.0,0.0,0.0,0.0,1428.2,1457.0,1420.0,-1.531,2026-01-13 23:17,28322
HAVELLS,2026-01-27,1640.0,1.1,62000.0,14000.0,216.55,4500.0,0.0,1428.2,1457.0,1420.0,-1.531,2026-01-13 23:17,35099
HAVELLS,2026-01-27,1660.0,0.85,62500.0,11500.0,0.0,0.0,0.0,1428.2,1457.0,1420.0,-1.531,2026-01-13 23:17,41915
HAVELLS,2026-01-27,1680.0,0.5,42500.0,11000.0,183.0,44500.0,0.0,1428.2,1457.0,1420.0,-1.531,2026-01-13 23:17,48951
HAVELLS,2026-01-27,1700.0,0.0,0.0,0.0,0.0,0.0,0.0,1428.2,1457.0,1420.0,-1.531,2026-01-13 23:17,55344
HAVELLS,2026-01-27,1720.0,0.0,0.0,0.0,0.0,0.0,0.0,1428.2,1457.0,1420.0,-1.531,2026-01-13 23:17,62549
HCLTECH,2026-01-27,1360.0,0.0,0.0,0.0,0.0,0.0,0.0,1664.0,1697.6,1626.0,-0.216,2026-01-13 23:17,105126
HCLTECH,2026-01-27,1400.0,225.2,5250.0,0.0,0.2,227500.0,304150.0,1664.0,1697.6,1626.0,-0.216,2026-01-13 23:17,82952
HCLTECH,2026-01-27,1440.0,195.95,0.0,0.0,0.4,213500.0,284900.0,1664.0,1697.6,1626.0,-0.216,2026-01-13 23:17,61822
HCLTECH,2026-01-27,1460.0,0.0,0.0,0.0,0.5,187950.0,308000.0,1664.0,1697.6,1626.0,-0.216,2026-01-13 23:17,51619
HCLTECH,2026-01-27,1480.0,168.05,1750.0,0.0,1.0,142800.0,575050.0,1664.0,1697.6,1626.0,-0.216,2026-01-13 23:17,41790
HCLTECH,2026-01-27,1500.0,151.55,22050.0,9800.0,1.5,503300.0,2151450.0,1664.0,1697.6,1626.0,-0.216,2026-01-13 23:17,32276
HCLTECH,2026-01-27,1520.0,139.85,3500.0,3850.0,2.05,341600.0,914200.0,1664.0,1697.6,1626.0,-0.216,2026-01-13 23:17,24055
HCLTECH,2026-01-27,1540.0,114.9,15400.0,10500.0,2.7,236250.0,1528100.0,1664.0,1697.6,1626.0,-0.216,2026-01-13 23:17,16245
HCLTECH,2026-01-27,1560.0,104.4,47600.0,26600.0,3.9,303800.0,2222500.0,1664.0,1697.6,1626.0,-0.216,2026-01-13 23:17,9073
HCLTECH,2026-01-27,1580.0,86.5,51800.0,70000.0,5.5,310800.0,2614500.0,1664.0,1697.6,1626.0,-0.216,2026-01-13 23:17,2868
HCLTECH,2026-01-27,1600.0,67.3,208950.0,1020950.0,7.8,862750.0,7558250.0,1664.0,1697.6,1626.0,-0.216,2026-01-13 23:17,-2711
HCLTECH,2026-01-27,1620.0,51.25,198450.0,1727600.0,11.7,431550.0,5128900.0,1664.0,1697.6,1626.0,-0.216,2026-01-13 23:17,-5692
HCLTECH,2026-01-27,1640.0,36.4,788550.0,5887350.0,17.25,619150.0,6906200.0,1664.0,1697.6,1626.0,-0.216,2026-01-13 23:17,-7634
HCLTECH,2026-01-27,1660.0,25.45,1345400.0,10584700.0,26.15,752850.0,5801250.0,1664.0,1697.6,1626.0,-0.216,2026-01-13 23:17,-5471
HCLTECH,2026-01-27,1680.0,16.65,1818250.0,11741450.0,37.5,170100.0,2244900.0,1664.0,1697.6,1626.0,-0.216,2026-01-13 23:17,542
HCLTECH,2026-01-27,1700.0,10.9,1984850.0,16688000.0,50.85,107450.0,1171100.0,1664.0,1697.6,1626.0,-0.216,2026-01-13 23:17,11465
HCLTECH,2026-01-27,1720.0,6.85,877800.0,5366550.0,68.75,23800.0,138250.0,1664.0,1697.6,1626.0,-0.216,2026-01-13 23:17,25802
HCLTECH,2026-01-27,1740.0,4.55,982450.0,4563650.0,86.0,33600.0,102550.0,1664.0,1697.6,1626.0,-0.216,2026-01-13 23:17,40761
HCLTECH,2026-01-27,1760.0,3.15,404250.0,2596300.0,101.7,19950.0,18900.0,1664.0,1697.6,1626.0,-0.216,2026-01-13 23:17,57474
HCLTECH,2026-01-27,1780.0,2.35,315700.0,1096550.0,161.25,3500.0,0.0,1664.0,1697.6,1626.0,-0.216,2026-01-13 23:17,74801
HCLTECH,2026-01-27,1800.0,1.65,809900.0,2220400.0,143.0,50750.0,6300.0,1664.0,1697.6,1626.0,-0.216,2026-01-13 23:17,92860
HCLTECH,2026-01-27,1820.0,1.15,572250.0,833000.0,0.0,0.0,0.0,1664.0,1697.6,1626.0,-0.216,2026-01-13 23:17,112030
HCLTECH,2026-01-27,1840.0,0.9,340200.0,609000.0,189.2,700.0,0.0,1664.0,1697.6,1626.0,-0.216,2026-01-13 23:17,133003
HCLTECH,2026-01-27,1880.0,0.7,151550.0,269850.0,0.0,0.0,0.0,1664.0,1697.6,1626.0,-0.216,2026-01-13 23:17,176198
HCLTECH,2026-01-27,1920.0,0.0,0.0,0.0,0.0,0.0,0.0,1664.0,1697.6,1626.0,-0.216,2026-01-13 23:17,219992
HDFCAMC,2026-01-27,2080.0,0.0,0.0,0.0,0.0,0.0,0.0,2490.0,2512.5,2455.1,0.101,2026-01-13 23:17,53300
HDFCAMC,2026-01-27,2120.0,0.0,0.0,0.0,0.0,0.0,0.0,2490.0,2512.5,2455.1,0.101,2026-01-13 23:17,47912
HDFCAMC,2026-01-27,2160.0,0.0,0.0,0.0,1.55,12300.0,600.0,2490.0,2512.5,2455.1,0.101,2026-01-13 23:17,42524
HDFCAMC,2026-01-27,2200.0,0.0,0.0,0.0,4.95,30000.0,20100.0,2490.0,2512.5,2455.1,0.101,2026-01-13 23:17,37184
HDFCAMC,2026-01-27,2240.0,0.0,0.0,0.0,5.7,3900.0,2400.0,2490.0,2512.5,2455.1,0.101,2026-01-13 23:17,31950
HDFCAMC,2026-01-27,2260.0,0.0,0.0,0.0,0.0,0.0,0.0,2490.0,2512.5,2455.1,0.101,2026-01-13 23:17,29346
HDFCAMC,2026-01-27,2280.0,0.0,0.0,0.0,7.2,58800.0,30900.0,2490.0,2512.5,2455.1,0.101,2026-01-13 23:17,26745
HDFCAMC,2026-01-27,2300.0,205.0,300.0,300.0,8.7,66900.0,63600.0,2490.0,2512.5,2455.1,0.101,2026-01-13 23:17,24218
HDFCAMC,2026-01-27,2320.0,0.0,0.0,0.0,16.7,1200.0,0.0,2490.0,2512.5,2455.1,0.101,2026-01-13 23:17,21817
HDFCAMC,2026-01-27,2340.0,0.0,0.0,0.0,13.05,25200.0,35700.0,2490.0,2512.5,2455.1,0.101,2026-01-13 23:17,19468
HDFCAMC,2026-01-27,2360.0,145.05,300.0,0.0,20.2,33600.0,8400.0,2490.0,2512.5,2455.1,0.101,2026-01-13 23:17,17138
HDFCAMC,2026-01-27,2380.0,127.45,600.0,0.0,20.35,25800.0,21900.0,2490.0,2512.5,2455.1,0.101,2026-01-13 23:17,14845
HDFCAMC,2026-01-27,2400.0,120.0,6600.0,6300.0,24.35,171300.0,255600.0,2490.0,2512.5,2455.1,0.101,2026-01-13 23:17,12624
HDFCAMC,2026-01-27,2420.0,0.0,0.0,0.0,31.0,14100.0,17700.0,2490.0,2512.5,2455.1,0.101,2026-01-13 23:17,10466
HDFCAMC,2026-01-27,2440.0,93.0,4200.0,5100.0,37.05,26700.0,32400.0,2490.0,2512.5,2455.1,0.101,2026-01-13 23:17,8630
HDFCAMC,2026-01-27,2460.0,75.55,5400.0,8100.0,44.5,94500.0,110400.0,2490.0,2512.5,2455.1,0.101,2026-01-13 23:17,6840
HDFCAMC,2026-01-27,2480.0,65.05,30900.0,92700.0,55.35,81300.0,143100.0,2490.0,2512.5,2455.1,0.101,2026-01-13 23:17,4929
HDFCAMC,2026-01-27,2500.0,55.4,186300.0,597600.0,65.65,114000.0,214800.0,2490.0,2512.5,2455.1,0.101,2026-01-13 23:17,3374
HDFCAMC,2026-01-27,2520.0,47.05,38100.0,77400.0,77.7,32400.0,17100.0,2490.0,2512.5,2455.1,0.101,2026-01-13 23:17,2952
HDFCAMC,2026-01-27,2540.0,39.25,39000.0,80100.0,85.85,33300.0,5400.0,2490.0,2512.5,2455.1,0.101,2026-01-13 23:17,2315
HDFCAMC,2026-01-27,2560.0,32.8,66000.0,104400.0,106.5,41700.0,3300.0,2490.0,2512.5,2455.1,0.101,2026-01-13 23:17,1762
HDFCAMC,2026-01-27,2580.0,28.8,60900.0,61500.0,112.7,40800.0,7500.0,2490.0,2512.5,2455.1,0.101,2026-01-13 23:17,1330
HDFCAMC,2026-01-27,2600.0,22.95,208200.0,433200.0,127.9,126300.0,12600.0,2490.0,2512.5,2455.1,0.101,2026-01-13 23:17,1045
HDFCAMC,2026-01-27,2620.0,19.6,53100.0,23400.0,171.05,27900.0,2700.0,2490.0,2512.5,2455.1,0.101,2026-01-13 23:17,575
HDFCAMC,2026-01-27,2640.0,16.65,93600.0,30000.0,170.0,39900.0,5700.0,2490.0,2512.5,2455.1,0.101,2026-01-13 23:17,1031
HDFCAMC,2026-01-27,2660.0,13.9,80700.0,60900.0,189.0,34500.0,300.0,2490.0,2512.5,2455.1,0.101,2026-01-13 23:17,1606
HDFCAMC,2026-01-27,2680.0,11.4,65400.0,35100.0,191.0,41700.0,4800.0,2490.0,2512.5,2455.1,0.101,2026-01-13 23:17,2393
HDFCAMC,2026-01-27,2700.0,9.55,567900.0,284700.0,212.4,97800.0,3300.0,2490.0,2512.5,2455.1,0.101,2026-01-13 23:17,3213
HDFCAMC,2026-01-27,2720.0,8.6,49800.0,38700.0,108.25,7200.0,0.0,2490.0,2512.5,2455.1,0.101,2026-01-13 23:17,4551
HDFCAMC,2026-01-27,2740.0,7.45,48300.0,14100.0,125.2,5400.0,0.0,2490.0,2512.5,2455.1,0.101,2026-01-13 23:17,7502
HDFCAMC,2026-01-27,2760.0,6.0,40500.0,12900.0,270.0,9900.0,1200.0,2490.0,2512.5,2455.1,0.101,2026-01-13 23:17,10565
HDFCAMC,2026-01-27,2780.0,5.1,50700.0,300.0,136.45,1200.0,0.0,2490.0,2512.5,2455.1,0.101,2026-01-13 23:17,13517
HDFCAMC,2026-01-27,2800.0,4.3,219900.0,99600.0,310.0,30000.0,600.0,2490.0,2512.5,2455.1,0.101,2026-01-13 23:17,16825
HDFCAMC,2026-01-27,2820.0,3.8,14400.0,300.0,0.0,0.0,0.0,2490.0,2512.5,2455.1,0.101,2026-01-13 23:17,19788
HDFCAMC,2026-01-27,2840.0,3.0,27300.0,1500.0,183.0,300.0,0.0,2490.0,2512.5,2455.1,0.101,2026-01-13 23:17,23621
HDFCAMC,2026-01-27,2860.0,3.95,22200.0,600.0,220.0,1200.0,0.0,2490.0,2512.5,2455.1,0.101,2026-01-13 23:17,27506
HDFCAMC,2026-01-27,2880.0,3.0,6300.0,900.0,0.0,0.0,0.0,2490.0,2512.5,2455.1,0.101,2026-01-13 23:17,31418
HDFCAMC,2026-01-27,2900.0,2.6,83700.0,21900.0,310.0,10500.0,0.0,2490.0,2512.5,2455.1,0.101,2026-01-13 23:17,35362
HDFCAMC,2026-01-27,2920.0,6.5,2100.0,0.0,0.0,0.0,0.0,2490.0,2512.5,2455.1,0.101,2026-01-13 23:17,39189
HDFCAMC,2026-01-27,2940.0,2.0,12600.0,0.0,0.0,0.0,0.0,2490.0,2512.5,2455.1,0.101,2026-01-13 23:17,43325
HDFCAMC,2026-01-27,2960.0,1.5,20400.0,2400.0,0.0,0.0,0.0,2490.0,2512.5,2455.1,0.101,2026-01-13 23:17,47487
HDFCAMC,2026-01-27,3000.0,1.55,185100.0,58800.0,373.0,4200.0,0.0,2490.0,2512.5,2455.1,0.101,2026-01-13 23:17,55891
HDFCAMC,2026-01-27,3020.0,3.0,6000.0,0.0,0.0,0.0,0.0,2490.0,2512.5,2455.1,0.101,2026-01-13 23:17,60342
HDFCAMC,2026-01-27,3040.0,1.05,23700.0,0.0,0.0,0.0,0.0,2490.0,2512.5,2455.1,0.101,2026-01-13 23:17,64935
HDFCAMC,2026-01-27,3080.0,0.55,20700.0,3600.0,405.0,1200.0,0.0,2490.0,2512.5,2455.1,0.101,2026-01-13 23:17,74215
HDFCBANK,2026-01-27,820.0,0.0,0.0,0.0,0.0,0.0,0.0,934.75,947.7,932.6,-0.235,2026-01-13 23:17,415804
HDFCBANK,2026-01-27,830.0,0.0,0.0,0.0,0.6,106150.0,18700.0,934.75,947.7,932.6,-0.235,2026-01-13 23:17,377979
HDFCBANK,2026-01-27,840.0,0.0,0.0,0.0,0.9,138050.0,188100.0,934.75,947.7,932.6,-0.235,2026-01-13 23:17,340253
HDFCBANK,2026-01-27,850.0,0.0,0.0,0.0,0.95,431200.0,227150.0,934.75,947.7,932.6,-0.235,2026-01-13 23:17,302660
HDFCBANK,2026-01-27,860.0,139.75,2200.0,0.0,1.3,406450.0,300850.0,934.75,947.7,932.6,-0.235,2026-01-13 23:17,265469
HDFCBANK,2026-01-27,870.0,0.0,0.0,0.0,1.85,574200.0,294800.0,934.75,947.7,932.6,-0.235,2026-01-13 23:17,228706
HDFCBANK,2026-01-27,875.0,0.0,0.0,0.0,2.15,127600.0,160600.0,934.75,947.7,932.6,-0.235,2026-01-13 23:17,210516
HDFCBANK,2026-01-27,880.0,61.5,50600.0,26400.0,2.55,1448700.0,534050.0,934.75,947.7,932.6,-0.235,2026-01-13 23:17,192469
HDFCBANK,2026-01-27,885.0,0.0,0.0,0.0,3.05,159500.0,156200.0,934.75,947.7,932.6,-0.235,2026-01-13 23:17,175141
HDFCBANK,2026-01-27,890.0,0.0,0.0,0.0,3.7,577500.0,528550.0,934.75,947.7,932.6,-0.235,2026-01-13 23:17,157902
HDFCBANK,2026-01-27,895.0,0.0,0.0,0.0,4.3,430100.0,238700.0,934.75,947.7,932.6,-0.235,2026-01-13 23:17,140787
HDFCBANK,2026-01-27,900.0,44.8,861850.0,492800.0,5.1,5497250.0,1697300.0,934.75,947.7,932.6,-0.235,2026-01-13 23:17,123916
HDFCBANK,2026-01-27,905.0,43.95,550.0,0.0,5.95,503250.0,394900.0,934.75,947.7,932.6,-0.235,2026-01-13 23:17,111466
HDFCBANK,2026-01-27,910.0,37.9,56100.0,29150.0,7.0,1329900.0,927300.0,934.75,947.7,932.6,-0.235,2026-01-13 23:17,97914
HDFCBANK,2026-01-27,915.0,0.0,0.0,0.0,8.05,250250.0,527450.0,934.75,947.7,932.6,-0.235,2026-01-13 23:17,84634
HDFCBANK,2026-01-27,920.0,27.85,254100.0,509300.0,9.45,966350.0,3258200.0,934.75,947.7,932.6,-0.235,2026-01-13 23:17,71996
HDFCBANK,2026-01-27,925.0,24.5,119350.0,183150.0,10.8,525250.0,1287550.0,934.75,947.7,932.6,-0.235,2026-01-13 23:17,59963
HDFCBANK,2026-01-27,930.0,21.9,745250.0,2297350.0,12.9,1628000.0,3251600.0,934.75,947.7,932.6,-0.235,2026-01-13 23:17,48184
HDFCBANK,2026-01-27,935.0,18.75,673200.0,2416150.0,14.65,702350.0,2049300.0,934.75,947.7,932.6,-0.235,2026-01-13 23:17,37399
HDFCBANK,2026-01-27,940.0,16.4,3435850.0,8345700.0,17.4,3769700.0,5183200.0,934.75,947.7,932.6,-0.235,2026-01-13 23:17,28002
HDFCBANK,2026-01-27,945.0,13.95,1460800.0,5000050.0,19.95,944900.0,2131250.0,934.75,947.7,932.6,-0.235,2026-01-13 23:17,21050
HDFCBANK,2026-01-27,950.0,11.4,8405650.0,11210650.0,22.4,3081650.0,2699950.0,934.75,947.7,932.6,-0.235,2026-01-13 23:17,16379
HDFCBANK,2026-01-27,955.0,10.0,1214400.0,1896400.0,25.9,809600.0,548350.0,934.75,947.7,932.6,-0.235,2026-01-13 23:17,19977
HDFCBANK,2026-01-27,960.0,8.55,4430250.0,5211800.0,29.95,2061950.0,1037850.0,934.75,947.7,932.6,-0.235,2026-01-13 23:17,21026
HDFCBANK,2026-01-27,965.0,7.2,1486650.0,1399200.0,31.35,684750.0,132000.0,934.75,947.7,932.6,-0.235,2026-01-13 23:17,23816
HDFCBANK,2026-01-27,970.0,6.0,3843400.0,3227950.0,37.05,1774850.0,485650.0,934.75,947.7,932.6,-0.235,2026-01-13 23:17,29003
HDFCBANK,2026-01-27,975.0,5.2,1104400.0,1399750.0,42.05,587400.0,145200.0,934.75,947.7,932.6,-0.235,2026-01-13 23:17,33805
HDFCBANK,2026-01-27,980.0,4.4,4211900.0,3342350.0,46.65,1223200.0,265100.0,934.75,947.7,932.6,-0.235,2026-01-13 23:17,41828
HDFCBANK,2026-01-27,985.0,3.9,1944250.0,804100.0,47.1,581350.0,55000.0,934.75,947.7,932.6,-0.235,2026-01-13 23:17,50611
HDFCBANK,2026-01-27,990.0,3.45,5261300.0,1317250.0,53.25,1480050.0,71500.0,934.75,947.7,932.6,-0.235,2026-01-13 23:17,62529
HDFCBANK,2026-01-27,995.0,3.0,1694550.0,532400.0,57.2,556050.0,19800.0,934.75,947.7,932.6,-0.235,2026-01-13 23:17,73732
HDFCBANK,2026-01-27,1000.0,2.75,12268300.0,3182850.0,63.55,2346850.0,165000.0,934.75,947.7,932.6,-0.235,2026-01-13 23:17,89454
HDFCBANK,2026-01-27,1005.0,2.35,990550.0,521400.0,66.65,378950.0,7700.0,934.75,947.7,932.6,-0.235,2026-01-13 23:17,103616
HDFCBANK,2026-01-27,1010.0,1.95,2286350.0,638550.0,71.15,405350.0,10450.0,934.75,947.7,932.6,-0.235,2026-01-13 23:17,127710
HDFCBANK,2026-01-27,1015.0,1.75,440000.0,161700.0,76.5,77000.0,2750.0,934.75,947.7,932.6,-0.235,2026-01-13 23:17,153004
HDFCBANK,2026-01-27,1020.0,1.6,3321450.0,743050.0,81.25,279950.0,8250.0,934.75,947.7,932.6,-0.235,2026-01-13 23:17,180483
HDFCBANK,2026-01-27,1025.0,1.45,407000.0,153450.0,74.0,5500.0,0.0,934.75,947.7,932.6,-0.235,2026-01-13 23:17,208532
HDFCBANK,2026-01-27,1030.0,1.3,1037850.0,361900.0,92.35,566500.0,7700.0,934.75,947.7,932.6,-0.235,2026-01-13 23:17,238549
HDFCBANK,2026-01-27,1035.0,1.1,402600.0,130900.0,0.0,0.0,0.0,934.75,947.7,932.6,-0.235,2026-01-13 23:17,264252
HDFCBANK,2026-01-27,1040.0,1.05,1081300.0,302500.0,92.75,43450.0,0.0,934.75,947.7,932.6,-0.235,2026-01-13 23:17,295298
HDFCBANK,2026-01-27,1045.0,0.95,125950.0,22550.0,62.0,550.0,0.0,934.75,947.7,932.6,-0.235,2026-01-13 23:17,326572
HDFCBANK,2026-01-27,1050.0,0.9,1740200.0,198550.0,102.0,167750.0,2200.0,934.75,947.7,932.6,-0.235,2026-01-13 23:17,358208
HDFCBANK,2026-01-27,1055.0,0.75,180950.0,34100.0,0.0,0.0,0.0,934.75,947.7,932.6,-0.235,2026-01-13 23:17,389235
HDFCBANK,2026-01-27,1060.0,0.75,385000.0,51150.0,66.0,550.0,0.0,934.75,947.7,932.6,-0.235,2026-01-13 23:17,421920
HDFCBANK,2026-01-27,1065.0,0.7,757900.0,8800.0,0.0,0.0,0.0,934.75,947.7,932.6,-0.235,2026-01-13 23:17,454810
HDFCBANK,2026-01-27,1070.0,0.6,795300.0,22550.0,115.0,0.0,0.0,934.75,947.7,932.6,-0.235,2026-01-13 23:17,488106
HDFCBANK,2026-01-27,1080.0,0.55,245300.0,35200.0,0.0,0.0,0.0,934.75,947.7,932.6,-0.235,2026-01-13 23:17,555436
HDFCBANK,2026-01-27,1090.0,0.4,213950.0,17600.0,0.0,0.0,0.0,934.75,947.7,932.6,-0.235,2026-01-13 23:17,622977
HDFCBANK,2026-01-27,1100.0,0.4,2291300.0,350350.0,155.3,165000.0,1100.0,934.75,947.7,932.6,-0.235,2026-01-13 23:17,690727
HDFCBANK,2026-01-27,1110.0,0.45,120450.0,6050.0,175.0,2200.0,0.0,934.75,947.7,932.6,-0.235,2026-01-13 23:17,758454
HDFCBANK,2026-01-27,1120.0,0.35,263450.0,7150.0,121.85,550.0,0.0,934.75,947.7,932.6,-0.235,2026-01-13 23:17,828741
HDFCBANK,2026-01-27,1130.0,0.0,0.0,0.0,163.0,27500.0,0.0,934.75,947.7,932.6,-0.235,2026-01-13 23:17,899327
HDFCLIFE,2026-01-27,620.0,0.0,0.0,0.0,0.0,0.0,0.0,750.0,757.7,742.6,-0.616,2026-01-13 23:17,66810
HDFCLIFE,2026-01-27,640.0,0.0,0.0,0.0,0.0,0.0,0.0,750.0,757.7,742.6,-0.616,2026-01-13 23:17,54020
HDFCLIFE,2026-01-27,660.0,105.35,2200.0,0.0,0.0,0.0,0.0,750.0,757.7,742.6,-0.616,2026-01-13 23:17,41229
HDFCLIFE,2026-01-27,670.0,0.0,0.0,0.0,0.55,165000.0,69300.0,750.0,757.7,742.6,-0.616,2026-01-13 23:17,34859
HDFCLIFE,2026-01-27,680.0,0.0,0.0,0.0,0.85,353100.0,57200.0,750.0,757.7,742.6,-0.616,2026-01-13 23:17,28621
HDFCLIFE,2026-01-27,690.0,0.0,0.0,0.0,1.1,334400.0,291500.0,750.0,757.7,742.6,-0.616,2026-01-13 23:17,22716
HDFCLIFE,2026-01-27,700.0,49.6,218900.0,158400.0,1.75,682000.0,300300.0,750.0,757.7,742.6,-0.616,2026-01-13 23:17,17139
HDFCLIFE,2026-01-27,710.0,49.95,20900.0,0.0,2.95,336600.0,249700.0,750.0,757.7,742.6,-0.616,2026-01-13 23:17,13465
HDFCLIFE,2026-01-27,720.0,40.35,19800.0,8800.0,4.35,387200.0,487300.0,750.0,757.7,742.6,-0.616,2026-01-13 23:17,9188
HDFCLIFE,2026-01-27,730.0,27.0,35200.0,14300.0,6.8,504900.0,440000.0,750.0,757.7,742.6,-0.616,2026-01-13 23:17,5224
HDFCLIFE,2026-01-27,740.0,21.95,123200.0,177100.0,9.9,436700.0,696300.0,750.0,757.7,742.6,-0.616,2026-01-13 23:17,1641
HDFCLIFE,2026-01-27,750.0,15.7,783200.0,1655500.0,13.75,1463000.0,1096700.0,750.0,757.7,742.6,-0.616,2026-01-13 23:17,-1295
HDFCLIFE,2026-01-27,760.0,10.9,1059300.0,2458500.0,19.45,683100.0,889900.0,750.0,757.7,742.6,-0.616,2026-01-13 23:17,-2606
HDFCLIFE,2026-01-27,770.0,7.5,1730300.0,1329900.0,25.2,458700.0,71500.0,750.0,757.7,742.6,-0.616,2026-01-13 23:17,-1567
HDFCLIFE,2026-01-27,780.0,4.9,2211000.0,1555400.0,32.5,335500.0,12100.0,750.0,757.7,742.6,-0.616,2026-01-13 23:17,1976
HDFCLIFE,2026-01-27,790.0,3.3,1019700.0,961400.0,42.4,55000.0,0.0,750.0,757.7,742.6,-0.616,2026-01-13 23:17,7918
HDFCLIFE,2026-01-27,800.0,2.2,1336500.0,1512500.0,49.6,124300.0,2200.0,750.0,757.7,742.6,-0.616,2026-01-13 23:17,15045
HDFCLIFE,2026-01-27,810.0,1.4,338800.0,456500.0,54.6,26400.0,0.0,750.0,757.7,742.6,-0.616,2026-01-13 23:17,23206
HDFCLIFE,2026-01-27,820.0,0.95,627000.0,570900.0,58.5,5500.0,0.0,750.0,757.7,742.6,-0.616,2026-01-13 23:17,31959
HDFCLIFE,2026-01-27,830.0,0.7,601700.0,122100.0,0.0,0.0,0.0,750.0,757.7,742.6,-0.616,2026-01-13 23:17,41469
HDFCLIFE,2026-01-27,840.0,0.55,497200.0,61600.0,95.0,4400.0,0.0,750.0,757.7,742.6,-0.616,2026-01-13 23:17,51594
HDFCLIFE,2026-01-27,850.0,0.5,735900.0,177100.0,69.9,26400.0,0.0,750.0,757.7,742.6,-0.616,2026-01-13 23:17,62165
HDFCLIFE,2026-01-27,860.0,0.65,110000.0,13200.0,103.8,5500.0,0.0,750.0,757.7,742.6,-0.616,2026-01-13 23:17,73365
HDFCLIFE,2026-01-27,880.0,0.15,9900.0,0.0,131.0,7700.0,0.0,750.0,757.7,742.6,-0.616,2026-01-13 23:17,96241
HDFCLIFE,2026-01-27,900.0,0.25,38500.0,3300.0,0.0,0.0,0.0,750.0,757.7,742.6,-0.616,2026-01-13 23:17,119102
HDFCLIFE,2026-01-27,920.0,0.05,48400.0,15400.0,0.0,0.0,0.0,750.0,757.7,742.6,-0.616,2026-01-13 23:17,142141
HEROMOTOCO,2026-01-27,4400.0,1198.0,6450.0,0.0,0.0,0.0,0.0,5705.0,5780.0,5680.5,-0.375,2026-01-13 23:17,175276
HEROMOTOCO,2026-01-27,4800.0,1215.5,900.0,0.0,1.5,10650.0,0.0,5705.0,5780.0,5680.5,-0.375,2026-01-13 23:17,116313
HEROMOTOCO,2026-01-27,4900.0,721.2,1800.0,0.0,0.6,1800.0,0.0,5705.0,5780.0,5680.5,-0.375,2026-01-13 23:17,101602
HEROMOTOCO,2026-01-27,5000.0,751.05,8250.0,0.0,2.3,42150.0,4500.0,5705.0,5780.0,5680.5,-0.375,2026-01-13 23:17,86949
HEROMOTOCO,2026-01-27,5050.0,0.0,0.0,0.0,2.0,0.0,0.0,5705.0,5780.0,5680.5,-0.375,2026-01-13 23:17,80420
HEROMOTOCO,2026-01-27,5100.0,853.55,4800.0,0.0,2.05,17550.0,6150.0,5705.0,5780.0,5680.5,-0.375,2026-01-13 23:17,73281
HEROMOTOCO,2026-01-27,5150.0,884.6,150.0,0.0,4.0,4800.0,0.0,5705.0,5780.0,5680.5,-0.375,2026-01-13 23:17,66659
HEROMOTOCO,2026-01-27,5200.0,556.0,1050.0,0.0,4.15,40350.0,7350.0,5705.0,5780.0,5680.5,-0.375,2026-01-13 23:17,59668
HEROMOTOCO,2026-01-27,5250.0,0.0,0.0,0.0,4.15,6150.0,150.0,5705.0,5780.0,5680.5,-0.375,2026-01-13 23:17,52914
HEROMOTOCO,2026-01-27,5300.0,500.0,1200.0,0.0,7.6,79800.0,26250.0,5705.0,5780.0,5680.5,-0.375,2026-01-13 23:17,46146
HEROMOTOCO,2026-01-27,5350.0,370.0,150.0,0.0,9.3,12300.0,15450.0,5705.0,5780.0,5680.5,-0.375,2026-01-13 23:17,39786
HEROMOTOCO,2026-01-27,5400.0,358.7,3900.0,300.0,13.6,117000.0,60000.0,5705.0,5780.0,5680.5,-0.375,2026-01-13 23:17,33482
HEROMOTOCO,2026-01-27,5450.0,392.2,1050.0,0.0,22.75,27600.0,30900.0,5705.0,5780.0,5680.5,-0.375,2026-01-13 23:17,27769
HEROMOTOCO,2026-01-27,5500.0,243.95,10950.0,150.0,29.6,111450.0,156600.0,5705.0,5780.0,5680.5,-0.375,2026-01-13 23:17,22198
HEROMOTOCO,2026-01-27,5550.0,471.5,6900.0,0.0,39.8,43650.0,79050.0,5705.0,5780.0,5680.5,-0.375,2026-01-13 23:17,17197
HEROMOTOCO,2026-01-27,5600.0,184.8,66300.0,28050.0,53.1,131250.0,205800.0,5705.0,5780.0,5680.5,-0.375,2026-01-13 23:17,12663
HEROMOTOCO,2026-01-27,5650.0,153.05,42000.0,22950.0,73.0,94200.0,115200.0,5705.0,5780.0,5680.5,-0.375,2026-01-13 23:17,9494
HEROMOTOCO,2026-01-27,5700.0,123.05,96600.0,433200.0,90.0,138150.0,360900.0,5705.0,5780.0,5680.5,-0.375,2026-01-13 23:17,6433
HEROMOTOCO,2026-01-27,5750.0,98.0,95250.0,234750.0,111.5,74250.0,98250.0,5705.0,5780.0,5680.5,-0.375,2026-01-13 23:17,4535
HEROMOTOCO,2026-01-27,5800.0,75.0,212850.0,323850.0,142.45,144150.0,90000.0,5705.0,5780.0,5680.5,-0.375,2026-01-13 23:17,3646
HEROMOTOCO,2026-01-27,5850.0,56.0,88950.0,153000.0,180.7,47250.0,900.0,5705.0,5780.0,5680.5,-0.375,2026-01-13 23:17,3978
HEROMOTOCO,2026-01-27,5900.0,42.0,181800.0,289950.0,192.0,111900.0,11100.0,5705.0,5780.0,5680.5,-0.375,2026-01-13 23:17,5093
HEROMOTOCO,2026-01-27,5950.0,33.8,91350.0,119400.0,260.0,50400.0,1650.0,5705.0,5780.0,5680.5,-0.375,2026-01-13 23:17,6648
HEROMOTOCO,2026-01-27,6000.0,27.95,471300.0,436650.0,301.45,108600.0,6750.0,5705.0,5780.0,5680.5,-0.375,2026-01-13 23:17,9294
HEROMOTOCO,2026-01-27,6050.0,20.5,105000.0,52500.0,327.15,23100.0,0.0,5705.0,5780.0,5680.5,-0.375,2026-01-13 23:17,13885
HEROMOTOCO,2026-01-27,6100.0,18.05,217500.0,120150.0,362.05,17250.0,300.0,5705.0,5780.0,5680.5,-0.375,2026-01-13 23:17,20533
HEROMOTOCO,2026-01-27,6150.0,13.5,38550.0,14550.0,425.1,6450.0,0.0,5705.0,5780.0,5680.5,-0.375,2026-01-13 23:17,28663
HEROMOTOCO,2026-01-27,6200.0,11.25,297450.0,130050.0,478.25,27750.0,0.0,5705.0,5780.0,5680.5,-0.375,2026-01-13 23:17,37027
HEROMOTOCO,2026-01-27,6250.0,9.15,25050.0,23700.0,272.35,1200.0,0.0,5705.0,5780.0,5680.5,-0.375,2026-01-13 23:17,46247
HEROMOTOCO,2026-01-27,6300.0,7.6,161700.0,78600.0,419.25,3150.0,0.0,5705.0,5780.0,5680.5,-0.375,2026-01-13 23:17,56582
HEROMOTOCO,2026-01-27,6350.0,5.5,32850.0,5550.0,273.6,600.0,0.0,5705.0,5780.0,5680.5,-0.375,2026-01-13 23:17,67741
HEROMOTOCO,2026-01-27,6400.0,5.4,95250.0,12000.0,527.5,2100.0,0.0,5705.0,5780.0,5680.5,-0.375,2026-01-13 23:17,79078
HEROMOTOCO,2026-01-27,6450.0,4.95,7650.0,2550.0,0.0,0.0,0.0,5705.0,5780.0,5680.5,-0.375,2026-01-13 23:17,90841
HEROMOTOCO,2026-01-27,6500.0,4.05,150900.0,260850.0,540.0,1050.0,0.0,5705.0,5780.0,5680.5,-0.375,2026-01-13 23:17,102705
HEROMOTOCO,2026-01-27,6550.0,4.1,7500.0,0.0,0.0,0.0,0.0,5705.0,5780.0,5680.5,-0.375,2026-01-13 23:17,115330
HEROMOTOCO,2026-01-27,6600.0,3.25,48900.0,10800.0,980.0,900.0,0.0,5705.0,5780.0,5680.5,-0.375,2026-01-13 23:17,127991
HEROMOTOCO,2026-01-27,6700.0,2.2,44700.0,27900.0,0.0,0.0,0.0,5705.0,5780.0,5680.5,-0.375,2026-01-13 23:17,153732
HEROMOTOCO,2026-01-27,6800.0,1.85,61950.0,15000.0,0.0,0.0,0.0,5705.0,5780.0,5680.5,-0.375,2026-01-13 23:17,180002
HEROMOTOCO,2026-01-27,6900.0,0.0,0.0,0.0,0.0,0.0,0.0,5705.0,5780.0,5680.5,-0.375,2026-01-13 23:17,206894
HEROMOTOCO,2026-01-27,7000.0,0.0,0.0,0.0,1382.0,150.0,0.0,5705.0,5780.0,5680.5,-0.375,2026-01-13 23:17,233774
HEROMOTOCO,2026-01-27,7100.0,0.65,7650.0,0.0,0.0,0.0,0.0,5705.0,5780.0,5680.5,-0.375,2026-01-13 23:17,260634
HEROMOTOCO,2026-01-27,7200.0,0.95,450.0,750.0,1576.0,750.0,0.0,5705.0,5780.0,5680.5,-0.375,2026-01-13 23:17,287593
HINDALCO,2026-01-27,680.0,242.0,3500.0,0.0,0.15,14700.0,0.0,935.0,937.9,922.95,1.614,2026-01-13 23:17,188376
HINDALCO,2026-01-27,700.0,237.0,11900.0,2800.0,0.2,70700.0,2800.0,935.0,937.9,922.95,1.614,2026-01-13 23:17,164708
HINDALCO,2026-01-27,720.0,150.0,1400.0,0.0,0.4,3500.0,0.0,935.0,937.9,922.95,1.614,2026-01-13 23:17,141402
HINDALCO,2026-01-27,730.0,141.0,2800.0,0.0,0.0,0.0,0.0,935.0,937.9,922.95,1.614,2026-01-13 23:17,129634
HINDALCO,2026-01-27,740.0,138.0,2100.0,0.0,0.45,56000.0,4900.0,935.0,937.9,922.95,1.614,2026-01-13 23:17,117887
HINDALCO,2026-01-27,750.0,166.5,28700.0,0.0,0.4,71400.0,1400.0,935.0,937.9,922.95,1.614,2026-01-13 23:17,106186
HINDALCO,2026-01-27,760.0,125.95,5600.0,0.0,0.3,152600.0,0.0,935.0,937.9,922.95,1.614,2026-01-13 23:17,95033
HINDALCO,2026-01-27,770.0,163.0,3500.0,0.0,0.4,266700.0,8400.0,935.0,937.9,922.95,1.614,2026-01-13 23:17,83630
HINDALCO,2026-01-27,780.0,152.05,32900.0,2800.0,0.3,200900.0,700.0,935.0,937.9,922.95,1.614,2026-01-13 23:17,72477
HINDALCO,2026-01-27,790.0,143.0,9800.0,0.0,0.6,249900.0,700.0,935.0,937.9,922.95,1.614,2026-01-13 23:17,62006
HINDALCO,2026-01-27,800.0,134.0,72800.0,700.0,0.75,1035300.0,196000.0,935.0,937.9,922.95,1.614,2026-01-13 23:17,51425
HINDALCO,2026-01-27,810.0,119.45,16100.0,0.0,0.75,132300.0,9100.0,935.0,937.9,922.95,1.614,2026-01-13 23:17,42725
HINDALCO,2026-01-27,820.0,87.75,177100.0,0.0,0.85,405300.0,212100.0,935.0,937.9,922.95,1.614,2026-01-13 23:17,33458
HINDALCO,2026-01-27,830.0,106.0,21700.0,700.0,1.05,301700.0,102200.0,935.0,937.9,922.95,1.614,2026-01-13 23:17,26111
HINDALCO,2026-01-27,840.0,98.75,128100.0,2100.0,1.35,574000.0,245700.0,935.0,937.9,922.95,1.614,2026-01-13 23:17,17766
HINDALCO,2026-01-27,850.0,88.25,207200.0,35000.0,1.6,1304100.0,852600.0,935.0,937.9,922.95,1.614,2026-01-13 23:17,11112
HINDALCO,2026-01-27,860.0,78.25,197400.0,19600.0,2.1,720300.0,512400.0,935.0,937.9,922.95,1.614,2026-01-13 23:17,6402
HINDALCO,2026-01-27,870.0,68.6,263200.0,32900.0,2.65,492100.0,642600.0,935.0,937.9,922.95,1.614,2026-01-13 23:17,2383
HINDALCO,2026-01-27,880.0,58.1,560000.0,77000.0,3.5,910000.0,893900.0,935.0,937.9,922.95,1.614,2026-01-13 23:17,-598
HINDALCO,2026-01-27,890.0,50.95,450800.0,134400.0,4.7,636300.0,1163400.0,935.0,937.9,922.95,1.614,2026-01-13 23:17,-850
HINDALCO,2026-01-27,900.0,42.1,1361500.0,1367800.0,6.45,1233400.0,3937500.0,935.0,937.9,922.95,1.614,2026-01-13 23:17,-953
HINDALCO,2026-01-27,910.0,33.65,536200.0,938700.0,8.9,456400.0,1334900.0,935.0,937.9,922.95,1.614,2026-01-13 23:17,4478
HINDALCO,2026-01-27,920.0,27.25,1001000.0,3259200.0,12.15,618800.0,1963500.0,935.0,937.9,922.95,1.614,2026-01-13 23:17,7363
HINDALCO,2026-01-27,930.0,21.55,914900.0,6015800.0,16.0,469700.0,2355500.0,935.0,937.9,922.95,1.614,2026-01-13 23:17,12446
HINDALCO,2026-01-27,940.0,16.95,1036000.0,6016500.0,21.2,295400.0,1386700.0,935.0,937.9,922.95,1.614,2026-01-13 23:17,18158
HINDALCO,2026-01-27,950.0,12.6,1610000.0,5881400.0,27.4,367500.0,481600.0,935.0,937.9,922.95,1.614,2026-01-13 23:17,25112
HINDALCO,2026-01-27,960.0,9.3,1724800.0,4207700.0,34.2,410200.0,230300.0,935.0,937.9,922.95,1.614,2026-01-13 23:17,33934
HINDALCO,2026-01-27,970.0,6.9,1737400.0,2398900.0,39.8,109200.0,23800.0,935.0,937.9,922.95,1.614,2026-01-13 23:17,44071
HINDALCO,2026-01-27,980.0,5.25,1213800.0,2068500.0,49.85,240800.0,16100.0,935.0,937.9,922.95,1.614,2026-01-13 23:17,56618
HINDALCO,2026-01-27,990.0,4.0,588700.0,1116500.0,62.2,13300.0,5600.0,935.0,937.9,922.95,1.614,2026-01-13 23:17,69291
HINDALCO,2026-01-27,1000.0,3.1,2062900.0,1874600.0,67.0,62300.0,7700.0,935.0,937.9,922.95,1.614,2026-01-13 23:17,83283
HINDALCO,2026-01-27,1010.0,2.4,350000.0,327600.0,0.0,0.0,0.0,935.0,937.9,922.95,1.614,2026-01-13 23:17,99469
HINDALCO,2026-01-27,1020.0,1.85,591500.0,380100.0,0.0,0.0,0.0,935.0,937.9,922.95,1.614,2026-01-13 23:17,115868
HINDALCO,2026-01-27,1030.0,1.5,114100.0,268100.0,0.0,0.0,0.0,935.0,937.9,922.95,1.614,2026-01-13 23:17,132883
HINDALCO,2026-01-27,1040.0,1.2,956200.0,485800.0,104.75,19600.0,2800.0,935.0,937.9,922.95,1.614,2026-01-13 23:17,149920
HINDALCO,2026-01-27,1060.0,0.8,949200.0,968800.0,0.0,0.0,0.0,935.0,937.9,922.95,1.614,2026-01-13 23:17,185820
HINDPETRO,2026-01-27,380.0,0.0,0.0,0.0,0.45,2025.0,0.0,448.5,453.5,445.1,-0.565,2026-01-13 23:17,69265
HINDPETRO,2026-01-27,385.0,0.0,0.0,0.0,0.0,0.0,0.0,448.5,453.5,445.1,-0.565,2026-01-13 23:17,64200
HINDPETRO,2026-01-27,390.0,106.85,40500.0,0.0,0.45,111375.0,99225.0,448.5,453.5,445.1,-0.565,2026-01-13 23:17,59135
HINDPETRO,2026-01-27,395.0,0.0,0.0,0.0,0.0,0.0,0.0,448.5,453.5,445.1,-0.565,2026-01-13 23:17,54575
HINDPETRO,2026-01-27,400.0,58.05,30375.0,0.0,0.7,326025.0,52650.0,448.5,453.5,445.1,-0.565,2026-01-13 23:17,49586
HINDPETRO,2026-01-27,405.0,0.0,0.0,0.0,0.0,0.0,0.0,448.5,453.5,445.1,-0.565,2026-01-13 23:17,44929
HINDPETRO,2026-01-27,410.0,41.0,36450.0,16200.0,1.15,271350.0,89100.0,448.5,453.5,445.1,-0.565,2026-01-13 23:17,40119
HINDPETRO,2026-01-27,415.0,0.0,0.0,0.0,1.5,46575.0,50625.0,448.5,453.5,445.1,-0.565,2026-01-13 23:17,35580
HINDPETRO,2026-01-27,420.0,60.05,230850.0,0.0,2.1,560925.0,384750.0,448.5,453.5,445.1,-0.565,2026-01-13 23:17,30940
HINDPETRO,2026-01-27,425.0,0.0,0.0,0.0,2.85,176175.0,186300.0,448.5,453.5,445.1,-0.565,2026-01-13 23:17,27971
HINDPETRO,2026-01-27,430.0,21.0,26325.0,2025.0,3.65,581175.0,676350.0,448.5,453.5,445.1,-0.565,2026-01-13 23:17,23772
HINDPETRO,2026-01-27,435.0,18.9,66825.0,58725.0,5.0,281475.0,639900.0,448.5,453.5,445.1,-0.565,2026-01-13 23:17,19770
HINDPETRO,2026-01-27,440.0,16.15,396900.0,672300.0,6.55,1146150.0,848475.0,448.5,453.5,445.1,-0.565,2026-01-13 23:17,16084
HINDPETRO,2026-01-27,445.0,13.0,232875.0,591300.0,8.45,346275.0,615600.0,448.5,453.5,445.1,-0.565,2026-01-13 23:17,13074
HINDPETRO,2026-01-27,450.0,10.0,974025.0,2958525.0,10.8,1265625.0,899100.0,448.5,453.5,445.1,-0.565,2026-01-13 23:17,10474
HINDPETRO,2026-01-27,455.0,8.05,743175.0,1156275.0,13.85,405000.0,238950.0,448.5,453.5,445.1,-0.565,2026-01-13 23:17,8591
HINDPETRO,2026-01-27,460.0,6.15,965925.0,2176875.0,16.8,769500.0,236925.0,448.5,453.5,445.1,-0.565,2026-01-13 23:17,7712
HINDPETRO,2026-01-27,465.0,4.6,441450.0,951750.0,18.4,313875.0,0.0,448.5,453.5,445.1,-0.565,2026-01-13 23:17,6965
HINDPETRO,2026-01-27,470.0,3.6,1081350.0,1747575.0,24.0,577125.0,20250.0,448.5,453.5,445.1,-0.565,2026-01-13 23:17,6919
HINDPETRO,2026-01-27,475.0,2.75,1016550.0,996300.0,29.2,303750.0,16200.0,448.5,453.5,445.1,-0.565,2026-01-13 23:17,7082
HINDPETRO,2026-01-27,480.0,2.15,1978425.0,1229175.0,32.5,755325.0,26325.0,448.5,453.5,445.1,-0.565,2026-01-13 23:17,8293
HINDPETRO,2026-01-27,485.0,1.7,745200.0,141750.0,36.6,275400.0,30375.0,448.5,453.5,445.1,-0.565,2026-01-13 23:17,9449
HINDPETRO,2026-01-27,490.0,1.35,1247400.0,358425.0,43.75,457650.0,28350.0,448.5,453.5,445.1,-0.565,2026-01-13 23:17,12263
HINDPETRO,2026-01-27,495.0,1.05,425250.0,85050.0,43.25,212625.0,0.0,448.5,453.5,445.1,-0.565,2026-01-13 23:17,14977
HINDPETRO,2026-01-27,500.0,0.95,3345300.0,558900.0,51.1,562950.0,8100.0,448.5,453.5,445.1,-0.565,2026-01-13 23:17,18970
HINDPETRO,2026-01-27,505.0,1.0,538650.0,83025.0,56.1,62775.0,0.0,448.5,453.5,445.1,-0.565,2026-01-13 23:17,23232
HINDPETRO,2026-01-27,510.0,0.75,1061100.0,245025.0,57.8,202500.0,0.0,448.5,453.5,445.1,-0.565,2026-01-13 23:17,30055
HINDPETRO,2026-01-27,515.0,0.6,488025.0,85050.0,63.0,22275.0,0.0,448.5,453.5,445.1,-0.565,2026-01-13 23:17,36718
HINDPETRO,2026-01-27,520.0,0.5,1154250.0,309825.0,67.7,42525.0,0.0,448.5,453.5,445.1,-0.565,2026-01-13 23:17,44616
HINDPETRO,2026-01-27,525.0,0.45,157950.0,4050.0,30.0,4050.0,0.0,448.5,453.5,445.1,-0.565,2026-01-13 23:17,52993
HINDPETRO,2026-01-27,530.0,0.4,911250.0,60750.0,33.8,16200.0,0.0,448.5,453.5,445.1,-0.565,2026-01-13 23:17,61676
HINDPETRO,2026-01-27,535.0,0.45,220725.0,0.0,0.0,0.0,0.0,448.5,453.5,445.1,-0.565,2026-01-13 23:17,70810
HINDPETRO,2026-01-27,540.0,0.3,846450.0,68850.0,42.45,26325.0,0.0,448.5,453.5,445.1,-0.565,2026-01-13 23:17,80082
HINDPETRO,2026-01-27,545.0,0.3,87075.0,2025.0,93.45,6075.0,0.0,448.5,453.5,445.1,-0.565,2026-01-13 23:17,89695
HINDPETRO,2026-01-27,550.0,0.35,315900.0,58725.0,0.0,0.0,0.0,448.5,453.5,445.1,-0.565,2026-01-13 23:17,99386
HINDPETRO,2026-01-27,560.0,0.2,139725.0,14175.0,0.0,0.0,0.0,448.5,453.5,445.1,-0.565,2026-01-13 23:17,119204
HINDPETRO,2026-01-27,570.0,0.2,164025.0,2025.0,65.9,0.0,0.0,448.5,453.5,445.1,-0.565,2026-01-13 23:17,139153
HINDUNILVR,2026-01-27,1960.0,442.0,900.0,0.0,0.0,0.0,0.0,2389.5,2422.2,2365.0,-0.694,2026-01-13 23:17,98704
HINDUNILVR,2026-01-27,2000.0,398.0,1200.0,0.0,0.85,12300.0,0.0,2389.5,2422.2,2365.0,-0.694,2026-01-13 23:17,84970
HINDUNILVR,2026-01-27,2020.0,0.0,0.0,0.0,0.2,300.0,0.0,2389.5,2422.2,2365.0,-0.694,2026-01-13 23:17,78157
HINDUNILVR,2026-01-27,2040.0,0.0,0.0,0.0,0.0,0.0,0.0,2389.5,2422.2,2365.0,-0.694,2026-01-13 23:17,71298
HINDUNILVR,2026-01-27,2060.0,0.0,0.0,0.0,0.45,300.0,0.0,2389.5,2422.2,2365.0,-0.694,2026-01-13 23:17,64439
HINDUNILVR,2026-01-27,2080.0,0.0,0.0,0.0,0.3,9900.0,0.0,2389.5,2422.2,2365.0,-0.694,2026-01-13 23:17,57580
HINDUNILVR,2026-01-27,2100.0,278.35,2100.0,0.0,0.55,91200.0,9000.0,2389.5,2422.2,2365.0,-0.694,2026-01-13 23:17,50741
HINDUNILVR,2026-01-27,2120.0,0.0,0.0,0.0,0.6,21000.0,18300.0,2389.5,2422.2,2365.0,-0.694,2026-01-13 23:17,44142
HINDUNILVR,2026-01-27,2140.0,165.0,600.0,0.0,0.65,227100.0,25200.0,2389.5,2422.2,2365.0,-0.694,2026-01-13 23:17,37531
HINDUNILVR,2026-01-27,2160.0,247.5,900.0,0.0,0.75,45900.0,300.0,2389.5,2422.2,2365.0,-0.694,2026-01-13 23:17,31371
HINDUNILVR,2026-01-27,2180.0,0.0,0.0,0.0,1.2,77100.0,23400.0,2389.5,2422.2,2365.0,-0.694,2026-01-13 23:17,25329
HINDUNILVR,2026-01-27,2200.0,180.0,59400.0,3300.0,1.05,201000.0,43500.0,2389.5,2422.2,2365.0,-0.694,2026-01-13 23:17,19412
HINDUNILVR,2026-01-27,2220.0,196.45,21900.0,0.0,1.35,77100.0,28200.0,2389.5,2422.2,2365.0,-0.694,2026-01-13 23:17,15074
HINDUNILVR,2026-01-27,2240.0,159.2,16800.0,0.0,1.65,161700.0,57000.0,2389.5,2422.2,2365.0,-0.694,2026-01-13 23:17,10306
HINDUNILVR,2026-01-27,2260.0,121.2,28200.0,900.0,2.45,165900.0,48900.0,2389.5,2422.2,2365.0,-0.694,2026-01-13 23:17,5715
HINDUNILVR,2026-01-27,2280.0,104.75,64200.0,3600.0,3.5,154200.0,56700.0,2389.5,2422.2,2365.0,-0.694,2026-01-13 23:17,1574
HINDUNILVR,2026-01-27,2300.0,101.0,378600.0,25200.0,5.3,436200.0,401700.0,2389.5,2422.2,2365.0,-0.694,2026-01-13 23:17,-1813
HINDUNILVR,2026-01-27,2320.0,77.0,93600.0,11400.0,7.7,109500.0,183900.0,2389.5,2422.2,2365.0,-0.694,2026-01-13 23:17,-597
HINDUNILVR,2026-01-27,2340.0,66.35,751200.0,108900.0,12.2,281400.0,273000.0,2389.5,2422.2,2365.0,-0.694,2026-01-13 23:17,-1931
HINDUNILVR,2026-01-27,2360.0,50.45,371100.0,150300.0,18.1,284700.0,476100.0,2389.5,2422.2,2365.0,-0.694,2026-01-13 23:17,2804
HINDUNILVR,2026-01-27,2380.0,37.35,344400.0,814200.0,26.2,305100.0,529800.0,2389.5,2422.2,2365.0,-0.694,2026-01-13 23:17,5567
HINDUNILVR,2026-01-27,2400.0,29.35,943200.0,1472100.0,36.0,439200.0,883500.0,2389.5,2422.2,2365.0,-0.694,2026-01-13 23:17,8759
HINDUNILVR,2026-01-27,2420.0,20.6,331800.0,713700.0,46.95,124500.0,107400.0,2389.5,2422.2,2365.0,-0.694,2026-01-13 23:17,15417
HINDUNILVR,2026-01-27,2440.0,14.8,1108500.0,2776200.0,64.35,59100.0,58200.0,2389.5,2422.2,2365.0,-0.694,2026-01-13 23:17,21899
HINDUNILVR,2026-01-27,2460.0,10.45,185100.0,451800.0,75.0,16200.0,17100.0,2389.5,2422.2,2365.0,-0.694,2026-01-13 23:17,31877
HINDUNILVR,2026-01-27,2480.0,7.1,183900.0,331200.0,106.55,4500.0,7800.0,2389.5,2422.2,2365.0,-0.694,2026-01-13 23:17,41069
HINDUNILVR,2026-01-27,2500.0,5.25,360300.0,537000.0,111.0,113400.0,48600.0,2389.5,2422.2,2365.0,-0.694,2026-01-13 23:17,50649
HINDUNILVR,2026-01-27,2520.0,4.0,284700.0,142800.0,0.0,0.0,0.0,2389.5,2422.2,2365.0,-0.694,2026-01-13 23:17,60025
HINDUNILVR,2026-01-27,2540.0,2.95,78900.0,93600.0,149.5,2100.0,4200.0,2389.5,2422.2,2365.0,-0.694,2026-01-13 23:17,71153
HINDUNILVR,2026-01-27,2560.0,2.3,50400.0,44700.0,0.0,0.0,0.0,2389.5,2422.2,2365.0,-0.694,2026-01-13 23:17,82321
HINDUNILVR,2026-01-27,2580.0,1.85,28200.0,169800.0,0.0,0.0,0.0,2389.5,2422.2,2365.0,-0.694,2026-01-13 23:17,93609
HINDUNILVR,2026-01-27,2600.0,1.55,173700.0,615900.0,193.0,19500.0,0.0,2389.5,2422.2,2365.0,-0.694,2026-01-13 23:17,104948
HINDUNILVR,2026-01-27,2620.0,1.45,35400.0,22800.0,0.0,0.0,0.0,2389.5,2422.2,2365.0,-0.694,2026-01-13 23:17,116318
HINDUNILVR,2026-01-27,2640.0,0.0,0.0,0.0,0.0,0.0,0.0,2389.5,2422.2,2365.0,-0.694,2026-01-13 23:17,128114
HINDUNILVR,2026-01-27,2660.0,3.15,600.0,0.0,349.0,300.0,0.0,2389.5,2422.2,2365.0,-0.694,2026-01-13 23:17,139905
HINDUNILVR,2026-01-27,2680.0,0.0,0.0,0.0,0.0,0.0,0.0,2389.5,2422.2,2365.0,-0.694,2026-01-13 23:17,151687
HINDUNILVR,2026-01-27,2720.0,0.35,19200.0,0.0,388.2,3600.0,0.0,2389.5,2422.2,2365.0,-0.694,2026-01-13 23:17,175272
HINDUNILVR,2026-01-27,2760.0,0.8,6300.0,0.0,0.0,0.0,0.0,2389.5,2422.2,2365.0,-0.694,2026-01-13 23:17,198809
HINDUNILVR,2026-01-27,2800.0,0.0,0.0,0.0,0.0,0.0,0.0,2389.5,2422.2,2365.0,-0.694,2026-01-13 23:17,222510
HINDZINC,2026-01-27,400.0,0.0,0.0,0.0,0.45,18375.0,0.0,630.5,636.8,623.7,0.358,2026-01-13 23:17,407759
HINDZINC,2026-01-27,420.0,0.0,0.0,0.0,0.1,35525.0,0.0,630.5,636.8,623.7,0.358,2026-01-13 23:17,355774
HINDZINC,2026-01-27,440.0,71.5,3675.0,0.0,0.1,204575.0,1225.0,630.5,636.8,623.7,0.358,2026-01-13 23:17,303861
HINDZINC,2026-01-27,450.0,146.0,1225.0,0.0,0.1,237650.0,4900.0,630.5,636.8,623.7,0.358,2026-01-13 23:17,278137
HINDZINC,2026-01-27,455.0,0.0,0.0,0.0,0.1,50225.0,0.0,630.5,636.8,623.7,0.358,2026-01-13 23:17,265398
HINDZINC,2026-01-27,460.0,0.0,0.0,0.0,0.1,64925.0,2450.0,630.5,636.8,623.7,0.358,2026-01-13 23:17,252668
HINDZINC,2026-01-27,465.0,140.0,0.0,0.0,0.3,3675.0,1225.0,630.5,636.8,623.7,0.358,2026-01-13 23:17,239970
HINDZINC,2026-01-27,470.0,124.1,11025.0,0.0,0.15,79625.0,36750.0,630.5,636.8,623.7,0.358,2026-01-13 23:17,227275
HINDZINC,2026-01-27,475.0,134.0,1225.0,0.0,0.25,63700.0,6125.0,630.5,636.8,623.7,0.358,2026-01-13 23:17,214760
HINDZINC,2026-01-27,480.0,160.4,18375.0,0.0,0.2,200900.0,129850.0,630.5,636.8,623.7,0.358,2026-01-13 23:17,202158
HINDZINC,2026-01-27,485.0,0.0,0.0,0.0,0.6,2450.0,0.0,630.5,636.8,623.7,0.358,2026-01-13 23:17,189940
HINDZINC,2026-01-27,490.0,137.0,35525.0,13475.0,0.35,106575.0,15925.0,630.5,636.8,623.7,0.358,2026-01-13 23:17,177434
HINDZINC,2026-01-27,495.0,61.0,2450.0,0.0,0.35,128625.0,7350.0,630.5,636.8,623.7,0.358,2026-01-13 23:17,165481
HINDZINC,2026-01-27,500.0,131.0,196000.0,44100.0,0.4,1343825.0,716625.0,630.5,636.8,623.7,0.358,2026-01-13 23:17,153121
HINDZINC,2026-01-27,505.0,101.2,9800.0,0.0,0.45,93100.0,15925.0,630.5,636.8,623.7,0.358,2026-01-13 23:17,144035
HINDZINC,2026-01-27,510.0,101.15,22050.0,0.0,0.5,128625.0,61250.0,630.5,636.8,623.7,0.358,2026-01-13 23:17,132581
HINDZINC,2026-01-27,515.0,93.1,12250.0,0.0,0.55,72275.0,33075.0,630.5,636.8,623.7,0.358,2026-01-13 23:17,121325
HINDZINC,2026-01-27,520.0,107.35,155575.0,1225.0,0.6,345450.0,135975.0,630.5,636.8,623.7,0.358,2026-01-13 23:17,110004
HINDZINC,2026-01-27,525.0,92.65,3675.0,0.0,0.6,80850.0,68600.0,630.5,636.8,623.7,0.358,2026-01-13 23:17,100472
HINDZINC,2026-01-27,530.0,77.1,41650.0,0.0,0.7,325850.0,132300.0,630.5,636.8,623.7,0.358,2026-01-13 23:17,89363
HINDZINC,2026-01-27,535.0,40.85,6125.0,0.0,0.7,184975.0,89425.0,630.5,636.8,623.7,0.358,2026-01-13 23:17,78707
HINDZINC,2026-01-27,540.0,91.0,189875.0,2450.0,0.8,617400.0,271950.0,630.5,636.8,623.7,0.358,2026-01-13 23:17,67860
HINDZINC,2026-01-27,545.0,58.25,2450.0,0.0,0.9,121275.0,90650.0,630.5,636.8,623.7,0.358,2026-01-13 23:17,59083
HINDZINC,2026-01-27,550.0,84.0,225400.0,20825.0,1.15,2198875.0,850150.0,630.5,636.8,623.7,0.358,2026-01-13 23:17,48693
HINDZINC,2026-01-27,555.0,56.9,1225.0,0.0,1.25,200900.0,121275.0,630.5,636.8,623.7,0.358,2026-01-13 23:17,41152
HINDZINC,2026-01-27,560.0,76.0,105350.0,1225.0,1.45,769300.0,665175.0,630.5,636.8,623.7,0.358,2026-01-13 23:17,32054
HINDZINC,2026-01-27,565.0,40.2,29400.0,0.0,1.7,154350.0,189875.0,630.5,636.8,623.7,0.358,2026-01-13 23:17,24100
HINDZINC,2026-01-27,570.0,64.0,123725.0,6125.0,1.95,1977150.0,1427125.0,630.5,636.8,623.7,0.358,2026-01-13 23:17,15641
HINDZINC,2026-01-27,575.0,55.75,40425.0,0.0,2.5,294000.0,237650.0,630.5,636.8,623.7,0.358,2026-01-13 23:17,8546
HINDZINC,2026-01-27,580.0,52.4,294000.0,30625.0,3.05,1732150.0,1162525.0,630.5,636.8,623.7,0.358,2026-01-13 23:17,1365
HINDZINC,2026-01-27,585.0,52.7,50225.0,4900.0,3.75,366275.0,121275.0,630.5,636.8,623.7,0.358,2026-01-13 23:17,-3942
HINDZINC,2026-01-27,590.0,46.6,323400.0,25725.0,4.6,946925.0,704375.0,630.5,636.8,623.7,0.358,2026-01-13 23:17,-9927
HINDZINC,2026-01-27,595.0,45.0,142100.0,1225.0,5.5,387100.0,268275.0,630.5,636.8,623.7,0.358,2026-01-13 23:17,-14333
HINDZINC,2026-01-27,600.0,39.5,1922025.0,1182125.0,6.75,2766050.0,3008600.0,630.5,636.8,623.7,0.358,2026-01-13 23:17,-19119
HINDZINC,2026-01-27,605.0,35.55,276850.0,95550.0,8.0,368725.0,263375.0,630.5,636.8,623.7,0.358,2026-01-13 23:17,-16262
HINDZINC,2026-01-27,610.0,32.5,574525.0,414050.0,9.6,964075.0,875875.0,630.5,636.8,623.7,0.358,2026-01-13 23:17,-18118
HINDZINC,2026-01-27,615.0,29.1,232750.0,180075.0,11.3,497350.0,678650.0,630.5,636.8,623.7,0.358,2026-01-13 23:17,-18953
HINDZINC,2026-01-27,620.0,26.45,2535750.0,2623950.0,13.45,1623125.0,2902025.0,630.5,636.8,623.7,0.358,2026-01-13 23:17,-20249
HINDZINC,2026-01-27,625.0,23.95,687225.0,1930600.0,15.75,562275.0,1468775.0,630.5,636.8,623.7,0.358,2026-01-13 23:17,-15057
HINDZINC,2026-01-27,630.0,21.4,4116000.0,8000475.0,18.6,1542275.0,2928975.0,630.5,636.8,623.7,0.358,2026-01-13 23:17,-13003
HINDZINC,2026-01-27,635.0,19.25,1556975.0,7641550.0,20.65,716625.0,1248275.0,630.5,636.8,623.7,0.358,2026-01-13 23:17,-2942
HINDZINC,2026-01-27,640.0,17.15,5189100.0,5387550.0,23.7,1100050.0,722750.0,630.5,636.8,623.7,0.358,2026-01-13 23:17,3834
HINDZINC,2026-01-27,645.0,14.9,1086575.0,1619450.0,26.7,210700.0,89425.0,630.5,636.8,623.7,0.358,2026-01-13 23:17,18529
HINDZINC,2026-01-27,650.0,13.35,5681550.0,5663175.0,30.0,1102500.0,189875.0,630.5,636.8,623.7,0.358,2026-01-13 23:17,28638
HINDZINC,2026-01-27,655.0,11.85,437325.0,790125.0,33.0,133525.0,29400.0,630.5,636.8,623.7,0.358,2026-01-13 23:17,45359
HINDZINC,2026-01-27,660.0,10.4,1875475.0,2971850.0,39.25,173950.0,77175.0,630.5,636.8,623.7,0.358,2026-01-13 23:17,58167
HINDZINC,2026-01-27,665.0,9.0,411600.0,289100.0,39.2,68600.0,15925.0,630.5,636.8,623.7,0.358,2026-01-13 23:17,73189
HINDZINC,2026-01-27,670.0,7.9,1588825.0,1658650.0,44.0,112700.0,4900.0,630.5,636.8,623.7,0.358,2026-01-13 23:17,87285
HINDZINC,2026-01-27,675.0,7.1,482650.0,448350.0,42.85,7350.0,0.0,630.5,636.8,623.7,0.358,2026-01-13 23:17,102889
HINDZINC,2026-01-27,680.0,6.2,2797900.0,2437750.0,49.0,305025.0,1225.0,630.5,636.8,623.7,0.358,2026-01-13 23:17,118290
HINDZINC,2026-01-27,685.0,5.4,224175.0,159250.0,0.0,0.0,0.0,630.5,636.8,623.7,0.358,2026-01-13 23:17,135172
HINDZINC,2026-01-27,690.0,4.8,982450.0,589225.0,65.0,1225.0,0.0,630.5,636.8,623.7,0.358,2026-01-13 23:17,152047
HINDZINC,2026-01-27,695.0,3.95,85750.0,91875.0,0.0,0.0,0.0,630.5,636.8,623.7,0.358,2026-01-13 23:17,169756
HINDZINC,2026-01-27,700.0,3.8,2960825.0,2115575.0,74.45,213150.0,30625.0,630.5,636.8,623.7,0.358,2026-01-13 23:17,187078
HINDZINC,2026-01-27,710.0,2.95,1275225.0,872200.0,68.0,3675.0,0.0,630.5,636.8,623.7,0.358,2026-01-13 23:17,224367
HINDZINC,2026-01-27,720.0,2.35,1009400.0,687225.0,0.0,0.0,0.0,630.5,636.8,623.7,0.358,2026-01-13 23:17,263748
HINDZINC,2026-01-27,730.0,1.9,1074325.0,774200.0,0.0,0.0,0.0,630.5,636.8,623.7,0.358,2026-01-13 23:17,304025
HUDCO,2026-01-27,170.0,0.0,0.0,0.0,0.15,55500.0,27750.0,215.3,219.47,212.7,-1.021,2026-01-13 23:17,65760
HUDCO,2026-01-27,175.0,0.0,0.0,0.0,0.9,83250.0,0.0,215.3,219.47,212.7,-1.021,2026-01-13 23:17,58041
HUDCO,2026-01-27,180.0,0.0,0.0,0.0,0.24,66600.0,0.0,215.3,219.47,212.7,-1.021,2026-01-13 23:17,50358
HUDCO,2026-01-27,182.5,0.0,0.0,0.0,0.15,13875.0,0.0,215.3,219.47,212.7,-1.021,2026-01-13 23:17,46536
HUDCO,2026-01-27,185.0,44.14,205350.0,0.0,0.03,91575.0,0.0,215.3,219.47,212.7,-1.021,2026-01-13 23:17,42718
HUDCO,2026-01-27,187.5,0.0,0.0,0.0,0.38,24975.0,0.0,215.3,219.47,212.7,-1.021,2026-01-13 23:17,39880
HUDCO,2026-01-27,190.0,0.0,0.0,0.0,0.4,260850.0,27750.0,215.3,219.47,212.7,-1.021,2026-01-13 23:17,36142
HUDCO,2026-01-27,192.5,22.9,30525.0,22200.0,0.48,191475.0,194250.0,215.3,219.47,212.7,-1.021,2026-01-13 23:17,32460
HUDCO,2026-01-27,195.0,0.0,0.0,0.0,0.59,324675.0,163725.0,215.3,219.47,212.7,-1.021,2026-01-13 23:17,28904
HUDCO,2026-01-27,197.5,18.45,13875.0,24975.0,1.29,49950.0,0.0,215.3,219.47,212.7,-1.021,2026-01-13 23:17,25349
HUDCO,2026-01-27,200.0,16.0,222000.0,16650.0,0.97,888000.0,302475.0,215.3,219.47,212.7,-1.021,2026-01-13 23:17,21849
HUDCO,2026-01-27,202.5,0.0,0.0,0.0,1.48,299700.0,366300.0,215.3,219.47,212.7,-1.021,2026-01-13 23:17,18876
HUDCO,2026-01-27,205.0,13.5,27750.0,11100.0,1.61,904650.0,335775.0,215.3,219.47,212.7,-1.021,2026-01-13 23:17,15665
HUDCO,2026-01-27,207.5,0.0,0.0,0.0,3.0,222000.0,63825.0,215.3,219.47,212.7,-1.021,2026-01-13 23:17,12623
HUDCO,2026-01-27,210.0,8.65,299700.0,61050.0,2.87,2944275.0,1134975.0,215.3,219.47,212.7,-1.021,2026-01-13 23:17,9678
HUDCO,2026-01-27,212.5,7.3,310800.0,80475.0,3.66,496725.0,213675.0,215.3,219.47,212.7,-1.021,2026-01-13 23:17,7025
HUDCO,2026-01-27,215.0,5.79,857475.0,1026750.0,4.75,1412475.0,1384725.0,215.3,219.47,212.7,-1.021,2026-01-13 23:17,5204
HUDCO,2026-01-27,217.5,4.6,419025.0,505050.0,6.28,269175.0,266400.0,215.3,219.47,212.7,-1.021,2026-01-13 23:17,3732
HUDCO,2026-01-27,220.0,3.6,2544675.0,2974800.0,7.51,2478075.0,327450.0,215.3,219.47,212.7,-1.021,2026-01-13 23:17,2630
HUDCO,2026-01-27,222.5,2.78,327450.0,180375.0,9.5,355200.0,19425.0,215.3,219.47,212.7,-1.021,2026-01-13 23:17,1814
HUDCO,2026-01-27,225.0,2.17,2000775.0,1875900.0,11.4,943500.0,94350.0,215.3,219.47,212.7,-1.021,2026-01-13 23:17,1868
HUDCO,2026-01-27,227.5,1.69,1165500.0,593850.0,12.25,388500.0,22200.0,215.3,219.47,212.7,-1.021,2026-01-13 23:17,2264
HUDCO,2026-01-27,230.0,1.36,6010650.0,2389275.0,15.5,1251525.0,30525.0,215.3,219.47,212.7,-1.021,2026-01-13 23:17,3410
HUDCO,2026-01-27,232.5,1.06,771450.0,319125.0,17.73,274725.0,8325.0,215.3,219.47,212.7,-1.021,2026-01-13 23:17,5528
HUDCO,2026-01-27,235.0,0.88,1581750.0,1012875.0,21.0,155400.0,2775.0,215.3,219.47,212.7,-1.021,2026-01-13 23:17,8624
HUDCO,2026-01-27,237.5,0.61,405150.0,44400.0,19.71,94350.0,2775.0,215.3,219.47,212.7,-1.021,2026-01-13 23:17,12374
HUDCO,2026-01-27,240.0,0.63,3038625.0,824175.0,22.06,480075.0,5550.0,215.3,219.47,212.7,-1.021,2026-01-13 23:17,16274
HUDCO,2026-01-27,242.5,0.5,130425.0,8325.0,16.54,13875.0,0.0,215.3,219.47,212.7,-1.021,2026-01-13 23:17,20347
HUDCO,2026-01-27,245.0,0.48,635475.0,102675.0,33.3,47175.0,0.0,215.3,219.47,212.7,-1.021,2026-01-13 23:17,25307
HUDCO,2026-01-27,247.5,0.52,94350.0,0.0,0.0,0.0,0.0,215.3,219.47,212.7,-1.021,2026-01-13 23:17,30328
HUDCO,2026-01-27,250.0,0.37,3046950.0,1079475.0,22.93,185925.0,0.0,215.3,219.47,212.7,-1.021,2026-01-13 23:17,35504
HUDCO,2026-01-27,252.5,0.46,99900.0,0.0,0.0,0.0,0.0,215.3,219.47,212.7,-1.021,2026-01-13 23:17,41170
HUDCO,2026-01-27,255.0,0.3,227550.0,22200.0,0.0,0.0,0.0,215.3,219.47,212.7,-1.021,2026-01-13 23:17,47179
HUDCO,2026-01-27,257.5,0.35,86025.0,0.0,0.0,0.0,0.0,215.3,219.47,212.7,-1.021,2026-01-13 23:17,53247
HUDCO,2026-01-27,260.0,0.22,1345875.0,230325.0,41.85,8325.0,0.0,215.3,219.47,212.7,-1.021,2026-01-13 23:17,59333
HUDCO,2026-01-27,265.0,0.11,283050.0,0.0,37.8,36075.0,0.0,215.3,219.47,212.7,-1.021,2026-01-13 23:17,72171
HUDCO,2026-01-27,270.0,0.21,366300.0,0.0,52.13,138750.0,0.0,215.3,219.47,212.7,-1.021,2026-01-13 23:17,85040
HUDCO,2026-01-27,275.0,0.09,266400.0,13875.0,54.6,38850.0,0.0,215.3,219.47,212.7,-1.021,2026-01-13 23:17,97579
ICICIBANK,2026-01-27,1120.0,0.0,0.0,0.0,0.25,14000.0,700.0,1436.5,1441.8,1411.1,1.656,2026-01-13 23:17,488131
ICICIBANK,2026-01-27,1140.0,0.0,0.0,0.0,0.2,38500.0,8400.0,1436.5,1441.8,1411.1,1.656,2026-01-13 23:17,440558
ICICIBANK,2026-01-27,1160.0,0.0,0.0,0.0,0.5,11200.0,0.0,1436.5,1441.8,1411.1,1.656,2026-01-13 23:17,393060
ICICIBANK,2026-01-27,1180.0,0.0,0.0,0.0,0.6,40600.0,0.0,1436.5,1441.8,1411.1,1.656,2026-01-13 23:17,345586
ICICIBANK,2026-01-27,1200.0,228.1,16100.0,0.0,0.45,343000.0,58100.0,1436.5,1441.8,1411.1,1.656,2026-01-13 23:17,298191
ICICIBANK,2026-01-27,1220.0,0.0,0.0,0.0,0.65,27300.0,1400.0,1436.5,1441.8,1411.1,1.656,2026-01-13 23:17,251868
ICICIBANK,2026-01-27,1230.0,0.0,0.0,0.0,0.65,61600.0,0.0,1436.5,1441.8,1411.1,1.656,2026-01-13 23:17,228556
ICICIBANK,2026-01-27,1240.0,116.6,3500.0,0.0,0.6,153300.0,44800.0,1436.5,1441.8,1411.1,1.656,2026-01-13 23:17,205304
ICICIBANK,2026-01-27,1250.0,186.0,4900.0,700.0,0.6,200200.0,12600.0,1436.5,1441.8,1411.1,1.656,2026-01-13 23:17,182244
ICICIBANK,2026-01-27,1260.0,175.0,700.0,0.0,0.75,91000.0,14700.0,1436.5,1441.8,1411.1,1.656,2026-01-13 23:17,159436
ICICIBANK,2026-01-27,1270.0,152.0,14000.0,0.0,0.7,116900.0,19600.0,1436.5,1441.8,1411.1,1.656,2026-01-13 23:17,136647
ICICIBANK,2026-01-27,1280.0,162.0,10500.0,0.0,0.8,265300.0,61600.0,1436.5,1441.8,1411.1,1.656,2026-01-13 23:17,114188
ICICIBANK,2026-01-27,1290.0,66.4,2100.0,0.0,1.0,183400.0,56000.0,1436.5,1441.8,1411.1,1.656,2026-01-13 23:17,91948
ICICIBANK,2026-01-27,1300.0,139.3,625100.0,4200.0,1.15,1112300.0,709800.0,1436.5,1441.8,1411.1,1.656,2026-01-13 23:17,69741
ICICIBANK,2026-01-27,1310.0,101.95,149800.0,0.0,1.35,331800.0,222600.0,1436.5,1441.8,1411.1,1.656,2026-01-13 23:17,57856
ICICIBANK,2026-01-27,1320.0,120.0,161700.0,11200.0,1.6,641900.0,352100.0,1436.5,1441.8,1411.1,1.656,2026-01-13 23:17,39355
ICICIBANK,2026-01-27,1330.0,109.0,221900.0,21700.0,2.0,511000.0,361200.0,1436.5,1441.8,1411.1,1.656,2026-01-13 23:17,22012
ICICIBANK,2026-01-27,1340.0,99.7,473200.0,176400.0,2.5,985600.0,597800.0,1436.5,1441.8,1411.1,1.656,2026-01-13 23:17,5882
ICICIBANK,2026-01-27,1350.0,90.0,903700.0,53200.0,3.15,1826300.0,1850800.0,1436.5,1441.8,1411.1,1.656,2026-01-13 23:17,-6634
ICICIBANK,2026-01-27,1360.0,80.95,1610700.0,126700.0,4.05,1317400.0,1267000.0,1436.5,1441.8,1411.1,1.656,2026-01-13 23:17,-13334
ICICIBANK,2026-01-27,1370.0,73.0,1141700.0,67200.0,5.25,1300600.0,2221100.0,1436.5,1441.8,1411.1,1.656,2026-01-13 23:17,-12159
ICICIBANK,2026-01-27,1380.0,64.25,1801800.0,246400.0,6.75,3200400.0,5215700.0,1436.5,1441.8,1411.1,1.656,2026-01-13 23:17,-13396
ICICIBANK,2026-01-27,1390.0,55.7,603400.0,389200.0,8.35,1118600.0,3696000.0,1436.5,1441.8,1411.1,1.656,2026-01-13 23:17,-7865
ICICIBANK,2026-01-27,1400.0,48.6,3175900.0,4855200.0,10.65,3665900.0,7060200.0,1436.5,1441.8,1411.1,1.656,2026-01-13 23:17,-7602
ICICIBANK,2026-01-27,1410.0,40.85,931000.0,1934800.0,13.3,948500.0,3550400.0,1436.5,1441.8,1411.1,1.656,2026-01-13 23:17,8606
ICICIBANK,2026-01-27,1420.0,34.45,1640100.0,6449800.0,16.8,2175600.0,5303200.0,1436.5,1441.8,1411.1,1.656,2026-01-13 23:17,17705
ICICIBANK,2026-01-27,1430.0,29.05,1039500.0,5203800.0,21.1,905800.0,4529000.0,1436.5,1441.8,1411.1,1.656,2026-01-13 23:17,30074
ICICIBANK,2026-01-27,1440.0,24.1,1541400.0,7113400.0,26.2,842100.0,3665200.0,1436.5,1441.8,1411.1,1.656,2026-01-13 23:17,43501
ICICIBANK,2026-01-27,1450.0,20.0,5447400.0,7892500.0,32.15,745500.0,1631000.0,1436.5,1441.8,1411.1,1.656,2026-01-13 23:17,59711
ICICIBANK,2026-01-27,1460.0,16.35,1508500.0,3679900.0,38.6,268100.0,540400.0,1436.5,1441.8,1411.1,1.656,2026-01-13 23:17,89104
ICICIBANK,2026-01-27,1470.0,13.35,959700.0,2136400.0,46.05,108500.0,86100.0,1436.5,1441.8,1411.1,1.656,2026-01-13 23:17,113207
ICICIBANK,2026-01-27,1480.0,10.9,1395800.0,2090200.0,53.25,39200.0,72100.0,1436.5,1441.8,1411.1,1.656,2026-01-13 23:17,137729
ICICIBANK,2026-01-27,1490.0,9.0,1724800.0,1280300.0,62.5,5600.0,2100.0,1436.5,1441.8,1411.1,1.656,2026-01-13 23:17,164216
ICICIBANK,2026-01-27,1500.0,7.6,4940600.0,3449600.0,69.35,170100.0,131600.0,1436.5,1441.8,1411.1,1.656,2026-01-13 23:17,192639
ICICIBANK,2026-01-27,1510.0,6.25,484400.0,648900.0,77.85,2800.0,4200.0,1436.5,1441.8,1411.1,1.656,2026-01-13 23:17,227230
ICICIBANK,2026-01-27,1520.0,5.15,723800.0,1064000.0,85.0,1400.0,3500.0,1436.5,1441.8,1411.1,1.656,2026-01-13 23:17,260014
ICICIBANK,2026-01-27,1530.0,4.4,448700.0,613200.0,94.0,1400.0,1400.0,1436.5,1441.8,1411.1,1.656,2026-01-13 23:17,293603
ICICIBANK,2026-01-27,1540.0,3.65,753900.0,338800.0,102.0,3500.0,1400.0,1436.5,1441.8,1411.1,1.656,2026-01-13 23:17,327466
ICICIBANK,2026-01-27,1550.0,3.25,854000.0,1462300.0,0.0,0.0,0.0,1436.5,1441.8,1411.1,1.656,2026-01-13 23:17,362141
ICICIBANK,2026-01-27,1560.0,2.65,414400.0,213500.0,141.1,700.0,0.0,1436.5,1441.8,1411.1,1.656,2026-01-13 23:17,397708
ICICIBANK,2026-01-27,1580.0,2.15,369600.0,505400.0,0.0,0.0,0.0,1436.5,1441.8,1411.1,1.656,2026-01-13 23:17,469218
ICICIBANK,2026-01-27,1600.0,1.7,430500.0,639100.0,166.4,23800.0,700.0,1436.5,1441.8,1411.1,1.656,2026-01-13 23:17,541447
ICICIBANK,2026-01-27,1620.0,1.25,178500.0,180600.0,0.0,0.0,0.0,1436.5,1441.8,1411.1,1.656,2026-01-13 23:17,614181
ICICIBANK,2026-01-27,1640.0,1.1,58800.0,68600.0,0.0,0.0,0.0,1436.5,1441.8,1411.1,1.656,2026-01-13 23:17,687618
ICICIGI,2026-01-27,1600.0,0.0,0.0,0.0,0.0,0.0,0.0,1890.5,1920.0,1862.0,-1.036,2026-01-13 23:17,30506
ICICIGI,2026-01-27,1640.0,0.0,0.0,0.0,0.0,0.0,0.0,1890.5,1920.0,1862.0,-1.036,2026-01-13 23:17,24783
ICICIGI,2026-01-27,1680.0,0.0,0.0,0.0,0.0,0.0,0.0,1890.5,1920.0,1862.0,-1.036,2026-01-13 23:17,19061
ICICIGI,2026-01-27,1700.0,0.0,0.0,0.0,1.6,65325.0,145925.0,1890.5,1920.0,1862.0,-1.036,2026-01-13 23:17,16199
ICICIGI,2026-01-27,1720.0,0.0,0.0,0.0,2.5,63375.0,90675.0,1890.5,1920.0,1862.0,-1.036,2026-01-13 23:17,13458
ICICIGI,2026-01-27,1740.0,0.0,0.0,0.0,3.35,59150.0,146575.0,1890.5,1920.0,1862.0,-1.036,2026-01-13 23:17,10838
ICICIGI,2026-01-27,1760.0,0.0,0.0,0.0,5.25,46150.0,103675.0,1890.5,1920.0,1862.0,-1.036,2026-01-13 23:17,8333
ICICIGI,2026-01-27,1780.0,0.0,0.0,0.0,7.5,53300.0,76050.0,1890.5,1920.0,1862.0,-1.036,2026-01-13 23:17,5915
ICICIGI,2026-01-27,1800.0,97.0,2925.0,7150.0,12.95,367900.0,506675.0,1890.5,1920.0,1862.0,-1.036,2026-01-13 23:17,3589
ICICIGI,2026-01-27,1820.0,96.55,650.0,0.0,14.2,58500.0,108875.0,1890.5,1920.0,1862.0,-1.036,2026-01-13 23:17,1596
ICICIGI,2026-01-27,1840.0,68.9,13000.0,28600.0,21.6,96200.0,263250.0,1890.5,1920.0,1862.0,-1.036,2026-01-13 23:17,92
ICICIGI,2026-01-27,1860.0,55.2,36400.0,86450.0,28.75,87100.0,271375.0,1890.5,1920.0,1862.0,-1.036,2026-01-13 23:17,-1233
ICICIGI,2026-01-27,1880.0,46.05,148525.0,507650.0,37.0,144625.0,473525.0,1890.5,1920.0,1862.0,-1.036,2026-01-13 23:17,-2244
ICICIGI,2026-01-27,1900.0,36.0,325650.0,1094925.0,48.0,143325.0,361400.0,1890.5,1920.0,1862.0,-1.036,2026-01-13 23:17,-2470
ICICIGI,2026-01-27,1920.0,27.0,127400.0,434200.0,59.55,28925.0,10400.0,1890.5,1920.0,1862.0,-1.036,2026-01-13 23:17,-1423
ICICIGI,2026-01-27,1940.0,21.8,132275.0,425425.0,74.9,51675.0,22425.0,1890.5,1920.0,1862.0,-1.036,2026-01-13 23:17,-376
ICICIGI,2026-01-27,1960.0,17.45,132275.0,502775.0,88.75,66950.0,33150.0,1890.5,1920.0,1862.0,-1.036,2026-01-13 23:17,768
ICICIGI,2026-01-27,1980.0,12.6,154375.0,202800.0,105.85,28600.0,9425.0,1890.5,1920.0,1862.0,-1.036,2026-01-13 23:17,2046
ICICIGI,2026-01-27,2000.0,10.45,484575.0,1032525.0,121.55,44525.0,13000.0,1890.5,1920.0,1862.0,-1.036,2026-01-13 23:17,3946
ICICIGI,2026-01-27,2020.0,7.55,101075.0,223275.0,118.4,13325.0,0.0,1890.5,1920.0,1862.0,-1.036,2026-01-13 23:17,6977
ICICIGI,2026-01-27,2040.0,5.5,100750.0,183950.0,129.6,3575.0,0.0,1890.5,1920.0,1862.0,-1.036,2026-01-13 23:17,10191
ICICIGI,2026-01-27,2060.0,4.5,68575.0,191750.0,174.0,2600.0,1300.0,1890.5,1920.0,1862.0,-1.036,2026-01-13 23:17,13703
ICICIGI,2026-01-27,2080.0,3.45,81250.0,204425.0,0.0,0.0,0.0,1890.5,1920.0,1862.0,-1.036,2026-01-13 23:17,17335
ICICIGI,2026-01-27,2100.0,2.95,436800.0,1510275.0,187.65,2925.0,0.0,1890.5,1920.0,1862.0,-1.036,2026-01-13 23:17,21171
ICICIGI,2026-01-27,2120.0,2.25,34775.0,100425.0,0.0,0.0,0.0,1890.5,1920.0,1862.0,-1.036,2026-01-13 23:17,25933
ICICIGI,2026-01-27,2140.0,1.55,88725.0,30225.0,193.7,325.0,0.0,1890.5,1920.0,1862.0,-1.036,2026-01-13 23:17,30698
ICICIGI,2026-01-27,2160.0,1.3,18200.0,8450.0,195.0,975.0,0.0,1890.5,1920.0,1862.0,-1.036,2026-01-13 23:17,35641
ICICIGI,2026-01-27,2180.0,1.9,3575.0,0.0,0.0,0.0,0.0,1890.5,1920.0,1862.0,-1.036,2026-01-13 23:17,40598
ICICIGI,2026-01-27,2200.0,1.0,92625.0,82550.0,0.0,0.0,0.0,1890.5,1920.0,1862.0,-1.036,2026-01-13 23:17,45580
ICICIGI,2026-01-27,2220.0,1.25,1300.0,0.0,0.0,0.0,0.0,1890.5,1920.0,1862.0,-1.036,2026-01-13 23:17,50755
ICICIGI,2026-01-27,2240.0,1.0,1950.0,325.0,284.8,1300.0,0.0,1890.5,1920.0,1862.0,-1.036,2026-01-13 23:17,55924
ICICIGI,2026-01-27,2280.0,3.55,650.0,0.0,0.0,0.0,0.0,1890.5,1920.0,1862.0,-1.036,2026-01-13 23:17,66238
ICICIGI,2026-01-27,2400.0,1.0,3250.0,0.0,0.0,0.0,0.0,1890.5,1920.0,1862.0,-1.036,2026-01-13 23:17,97298
ICICIPRULI,2026-01-27,520.0,180.95,2775.0,0.0,0.0,0.0,0.0,682.05,706.8,671.8,0.191,2026-01-13 23:17,44696
ICICIPRULI,2026-01-27,530.0,136.35,1850.0,0.0,0.0,0.0,0.0,682.05,706.8,671.8,0.191,2026-01-13 23:17,40929
ICICIPRULI,2026-01-27,540.0,126.4,2775.0,0.0,0.0,0.0,0.0,682.05,706.8,671.8,0.191,2026-01-13 23:17,37138
ICICIPRULI,2026-01-27,550.0,0.0,0.0,0.0,0.3,15725.0,0.0,682.05,706.8,671.8,0.191,2026-01-13 23:17,33361
ICICIPRULI,2026-01-27,560.0,76.85,4625.0,0.0,0.0,0.0,0.0,682.05,706.8,671.8,0.191,2026-01-13 23:17,29563
ICICIPRULI,2026-01-27,570.0,110.05,9250.0,0.0,1.5,925.0,0.0,682.05,706.8,671.8,0.191,2026-01-13 23:17,25806
ICICIPRULI,2026-01-27,580.0,105.8,4625.0,0.0,0.6,1850.0,0.0,682.05,706.8,671.8,0.191,2026-01-13 23:17,22125
ICICIPRULI,2026-01-27,585.0,71.5,925.0,0.0,0.0,0.0,0.0,682.05,706.8,671.8,0.191,2026-01-13 23:17,20286
ICICIPRULI,2026-01-27,590.0,70.0,925.0,0.0,0.0,0.0,0.0,682.05,706.8,671.8,0.191,2026-01-13 23:17,18405
ICICIPRULI,2026-01-27,595.0,0.0,0.0,0.0,0.7,55500.0,3700.0,682.05,706.8,671.8,0.191,2026-01-13 23:17,16525
ICICIPRULI,2026-01-27,600.0,89.35,8325.0,0.0,0.6,136900.0,302475.0,682.05,706.8,671.8,0.191,2026-01-13 23:17,14662
ICICIPRULI,2026-01-27,605.0,0.0,0.0,0.0,0.75,10175.0,6475.0,682.05,706.8,671.8,0.191,2026-01-13 23:17,12941
ICICIPRULI,2026-01-27,610.0,57.0,925.0,0.0,0.9,72150.0,84175.0,682.05,706.8,671.8,0.191,2026-01-13 23:17,11159
ICICIPRULI,2026-01-27,615.0,0.0,0.0,0.0,17.55,1850.0,0.0,682.05,706.8,671.8,0.191,2026-01-13 23:17,9413
ICICIPRULI,2026-01-27,620.0,60.0,4625.0,925.0,1.1,561475.0,558700.0,682.05,706.8,671.8,0.191,2026-01-13 23:17,7665
ICICIPRULI,2026-01-27,625.0,0.0,0.0,0.0,1.3,148000.0,61975.0,682.05,706.8,671.8,0.191,2026-01-13 23:17,6170
ICICIPRULI,2026-01-27,630.0,63.5,5550.0,0.0,1.55,171125.0,604950.0,682.05,706.8,671.8,0.191,2026-01-13 23:17,4764
ICICIPRULI,2026-01-27,635.0,47.4,2775.0,0.0,1.1,2775.0,925.0,682.05,706.8,671.8,0.191,2026-01-13 23:17,3474
ICICIPRULI,2026-01-27,640.0,58.65,24975.0,4625.0,2.2,243275.0,896325.0,682.05,706.8,671.8,0.191,2026-01-13 23:17,2191
ICICIPRULI,2026-01-27,645.0,0.0,0.0,0.0,2.5,33300.0,54575.0,682.05,706.8,671.8,0.191,2026-01-13 23:17,1122
ICICIPRULI,2026-01-27,650.0,40.8,209050.0,28675.0,3.45,466200.0,1839825.0,682.05,706.8,671.8,0.191,2026-01-13 23:17,-30
ICICIPRULI,2026-01-27,655.0,40.05,24050.0,0.0,4.0,76775.0,264550.0,682.05,706.8,671.8,0.191,2026-01-13 23:17,-146
ICICIPRULI,2026-01-27,660.0,31.05,91575.0,92500.0,5.0,241425.0,1184925.0,682.05,706.8,671.8,0.191,2026-01-13 23:17,-837
ICICIPRULI,2026-01-27,665.0,30.4,34225.0,0.0,6.2,66600.0,260850.0,682.05,706.8,671.8,0.191,2026-01-13 23:17,-1264
ICICIPRULI,2026-01-27,670.0,22.15,471750.0,988825.0,7.8,234950.0,2368000.0,682.05,706.8,671.8,0.191,2026-01-13 23:17,-1742
ICICIPRULI,2026-01-27,675.0,20.15,54575.0,326525.0,9.7,161875.0,892625.0,682.05,706.8,671.8,0.191,2026-01-13 23:17,-1067
ICICIPRULI,2026-01-27,680.0,16.05,336700.0,3203275.0,11.65,514300.0,3743475.0,682.05,706.8,671.8,0.191,2026-01-13 23:17,-1192
ICICIPRULI,2026-01-27,685.0,13.8,157250.0,1323675.0,13.5,101750.0,773300.0,682.05,706.8,671.8,0.191,2026-01-13 23:17,-904
ICICIPRULI,2026-01-27,690.0,11.5,427350.0,5334475.0,16.75,251600.0,2456800.0,682.05,706.8,671.8,0.191,2026-01-13 23:17,-348
ICICIPRULI,2026-01-27,695.0,9.8,206275.0,1756575.0,19.9,71225.0,227550.0,682.05,706.8,671.8,0.191,2026-01-13 23:17,537
ICICIPRULI,2026-01-27,700.0,7.95,1032300.0,10274900.0,23.0,120250.0,1860175.0,682.05,706.8,671.8,0.191,2026-01-13 23:17,1552
ICICIPRULI,2026-01-27,705.0,6.55,212750.0,1418025.0,28.7,18500.0,53650.0,682.05,706.8,671.8,0.191,2026-01-13 23:17,3627
ICICIPRULI,2026-01-27,710.0,5.05,499500.0,4885850.0,23.6,23125.0,73075.0,682.05,706.8,671.8,0.191,2026-01-13 23:17,5359
ICICIPRULI,2026-01-27,715.0,4.4,53650.0,271025.0,0.0,0.0,0.0,682.05,706.8,671.8,0.191,2026-01-13 23:17,7465
ICICIPRULI,2026-01-27,720.0,3.35,525400.0,4389125.0,38.0,16650.0,19425.0,682.05,706.8,671.8,0.191,2026-01-13 23:17,9423
ICICIPRULI,2026-01-27,725.0,2.65,90650.0,345950.0,0.0,0.0,0.0,682.05,706.8,671.8,0.191,2026-01-13 23:17,11741
ICICIPRULI,2026-01-27,730.0,2.35,407000.0,2032225.0,42.95,0.0,925.0,682.05,706.8,671.8,0.191,2026-01-13 23:17,14016
ICICIPRULI,2026-01-27,735.0,1.9,150775.0,390350.0,0.0,0.0,0.0,682.05,706.8,671.8,0.191,2026-01-13 23:17,16567
ICICIPRULI,2026-01-27,740.0,1.6,343175.0,1776925.0,0.0,0.0,0.0,682.05,706.8,671.8,0.191,2026-01-13 23:17,19125
ICICIPRULI,2026-01-27,745.0,1.3,93425.0,146150.0,0.0,0.0,0.0,682.05,706.8,671.8,0.191,2026-01-13 23:17,21881
ICICIPRULI,2026-01-27,750.0,1.15,265475.0,1758425.0,0.0,0.0,0.0,682.05,706.8,671.8,0.191,2026-01-13 23:17,24642
ICICIPRULI,2026-01-27,760.0,0.85,227550.0,645650.0,0.0,0.0,0.0,682.05,706.8,671.8,0.191,2026-01-13 23:17,30434
ICICIPRULI,2026-01-27,770.0,0.6,48100.0,145225.0,0.0,0.0,0.0,682.05,706.8,671.8,0.191,2026-01-13 23:17,36443
ICICIPRULI,2026-01-27,780.0,0.65,7400.0,15725.0,0.0,0.0,0.0,682.05,706.8,671.8,0.191,2026-01-13 23:17,42483
ICICIPRULI,2026-01-27,790.0,0.4,925.0,3700.0,0.0,0.0,0.0,682.05,706.8,671.8,0.191,2026-01-13 23:17,48529
IDEA,2026-01-27,6.0,0.0,0.0,0.0,0.01,22228725.0,714750.0,10.82,11.32,10.71,-3.822,2026-01-13 23:17,655195
IDEA,2026-01-27,7.0,3.87,11007150.0,357375.0,0.02,35880450.0,3216375.0,10.82,11.32,10.71,-3.822,2026-01-13 23:17,510379
IDEA,2026-01-27,8.0,2.87,5860950.0,1286550.0,0.02,67972725.0,36094875.0,10.82,11.32,10.71,-3.822,2026-01-13 23:17,374461
IDEA,2026-01-27,9.0,1.92,12436650.0,1786875.0,0.04,111643950.0,161676450.0,10.82,11.32,10.71,-3.822,2026-01-13 23:17,243286
IDEA,2026-01-27,10.0,0.98,94918800.0,57680325.0,0.1,342794100.0,333573825.0,10.82,11.32,10.71,-3.822,2026-01-13 23:17,124913
IDEA,2026-01-27,11.0,0.35,448219725.0,484386075.0,0.48,390182025.0,220071525.0,10.82,11.32,10.71,-3.822,2026-01-13 23:17,54245
IDEA,2026-01-27,12.0,0.13,922170450.0,661715550.0,1.26,335646600.0,60253425.0,10.82,11.32,10.71,-3.822,2026-01-13 23:17,58501
IDEA,2026-01-27,13.0,0.06,545425725.0,441143700.0,2.19,103209900.0,22800525.0,10.82,11.32,10.71,-3.822,2026-01-13 23:17,161277
IDEA,2026-01-27,14.0,0.03,439714200.0,174684900.0,3.15,50461350.0,714750.0,10.82,11.32,10.71,-3.822,2026-01-13 23:17,339890
IDEA,2026-01-27,15.0,0.03,196270350.0,70402875.0,4.17,10149450.0,1500975.0,10.82,11.32,10.71,-3.822,2026-01-13 23:17,572274
IDEA,2026-01-27,16.0,0.02,169610175.0,43170900.0,0.0,0.0,0.0,10.82,11.32,10.71,-3.822,2026-01-13 23:17,836233
IDFCFIRSTB,2026-01-27,70.0,13.2,732725.0,222600.0,0.04,1205750.0,55650.0,82.99,85.4,82.27,-2.1,2026-01-13 23:17,75179
IDFCFIRSTB,2026-01-27,72.0,10.52,37100.0,27825.0,0.03,64925.0,0.0,82.99,85.4,82.27,-2.1,2026-01-13 23:17,62251
IDFCFIRSTB,2026-01-27,73.0,13.65,0.0,0.0,0.06,166950.0,0.0,82.99,85.4,82.27,-2.1,2026-01-13 23:17,55355
IDFCFIRSTB,2026-01-27,74.0,12.5,74200.0,0.0,0.11,519400.0,547225.0,82.99,85.4,82.27,-2.1,2026-01-13 23:17,48435
IDFCFIRSTB,2026-01-27,75.0,8.28,1632400.0,333900.0,0.11,2105425.0,3301900.0,82.99,85.4,82.27,-2.1,2026-01-13 23:17,41664
IDFCFIRSTB,2026-01-27,76.0,8.2,194775.0,37100.0,0.14,2801050.0,2977275.0,82.99,85.4,82.27,-2.1,2026-01-13 23:17,36507
IDFCFIRSTB,2026-01-27,77.0,6.36,231875.0,55650.0,0.18,5008500.0,1780800.0,82.99,85.4,82.27,-2.1,2026-01-13 23:17,30442
IDFCFIRSTB,2026-01-27,78.0,5.44,806925.0,454475.0,0.27,2365125.0,2457875.0,82.99,85.4,82.27,-2.1,2026-01-13 23:17,24838
IDFCFIRSTB,2026-01-27,79.0,4.56,241150.0,64925.0,0.4,7392175.0,3301900.0,82.99,85.4,82.27,-2.1,2026-01-13 23:17,19869
IDFCFIRSTB,2026-01-27,80.0,3.76,1817900.0,908950.0,0.58,6928425.0,8106350.0,82.99,85.4,82.27,-2.1,2026-01-13 23:17,15102
IDFCFIRSTB,2026-01-27,81.0,3.02,621425.0,306075.0,0.83,3821300.0,5147625.0,82.99,85.4,82.27,-2.1,2026-01-13 23:17,11677
IDFCFIRSTB,2026-01-27,82.0,2.37,2504250.0,2485700.0,1.2,6761475.0,13281800.0,82.99,85.4,82.27,-2.1,2026-01-13 23:17,8286
IDFCFIRSTB,2026-01-27,83.0,1.79,3181325.0,6501775.0,1.66,4461275.0,9321375.0,82.99,85.4,82.27,-2.1,2026-01-13 23:17,5733
IDFCFIRSTB,2026-01-27,84.0,1.36,5546450.0,13012825.0,2.15,5091975.0,8885450.0,82.99,85.4,82.27,-2.1,2026-01-13 23:17,3990
IDFCFIRSTB,2026-01-27,85.0,1.0,20015450.0,28529900.0,2.9,9497600.0,6844950.0,82.99,85.4,82.27,-2.1,2026-01-13 23:17,3142
IDFCFIRSTB,2026-01-27,86.0,0.75,10490025.0,15637650.0,3.58,4136650.0,1678775.0,82.99,85.4,82.27,-2.1,2026-01-13 23:17,4834
IDFCFIRSTB,2026-01-27,87.0,0.55,10295250.0,14812175.0,4.31,1864275.0,751275.0,82.99,85.4,82.27,-2.1,2026-01-13 23:17,8046
IDFCFIRSTB,2026-01-27,88.0,0.39,7642600.0,14209300.0,5.7,602875.0,111300.0,82.99,85.4,82.27,-2.1,2026-01-13 23:17,12931
IDFCFIRSTB,2026-01-27,89.0,0.3,3589425.0,5129075.0,4.45,510125.0,0.0,82.99,85.4,82.27,-2.1,2026-01-13 23:17,18833
IDFCFIRSTB,2026-01-27,90.0,0.21,32174975.0,18596375.0,7.0,4860100.0,371000.0,82.99,85.4,82.27,-2.1,2026-01-13 23:17,25071
IDFCFIRSTB,2026-01-27,91.0,0.18,2485700.0,1697325.0,6.16,166950.0,0.0,82.99,85.4,82.27,-2.1,2026-01-13 23:17,32405
IDFCFIRSTB,2026-01-27,92.0,0.13,9822225.0,5926725.0,7.07,343175.0,0.0,82.99,85.4,82.27,-2.1,2026-01-13 23:17,42673
IDFCFIRSTB,2026-01-27,93.0,0.1,2207450.0,1400525.0,8.25,18550.0,0.0,82.99,85.4,82.27,-2.1,2026-01-13 23:17,53900
IDFCFIRSTB,2026-01-27,94.0,0.08,5611375.0,2689750.0,8.93,176225.0,0.0,82.99,85.4,82.27,-2.1,2026-01-13 23:17,65472
IDFCFIRSTB,2026-01-27,96.0,0.06,4785900.0,4377800.0,10.99,398825.0,0.0,82.99,85.4,82.27,-2.1,2026-01-13 23:17,89647
IDFCFIRSTB,2026-01-27,98.0,0.05,1113000.0,352450.0,11.3,120575.0,0.0,82.99,85.4,82.27,-2.1,2026-01-13 23:17,114562
IEX,2026-01-27,110.0,0.0,0.0,0.0,0.27,2448750.0,1537500.0,141.45,143.14,139.62,-0.401,2026-01-13 23:17,173269
IEX,2026-01-27,112.0,0.0,0.0,0.0,0.35,90000.0,41250.0,141.45,143.14,139.62,-0.401,2026-01-13 23:17,159875
IEX,2026-01-27,114.0,34.21,22500.0,0.0,0.38,33750.0,0.0,141.45,143.14,139.62,-0.401,2026-01-13 23:17,146562
IEX,2026-01-27,115.0,31.0,3750.0,0.0,0.34,1005000.0,420000.0,141.45,143.14,139.62,-0.401,2026-01-13 23:17,139988
IEX,2026-01-27,116.0,0.0,0.0,0.0,0.73,7500.0,0.0,141.45,143.14,139.62,-0.401,2026-01-13 23:17,133417
IEX,2026-01-27,118.0,0.0,0.0,0.0,0.47,52500.0,0.0,141.45,143.14,139.62,-0.401,2026-01-13 23:17,120320
IEX,2026-01-27,120.0,20.69,56250.0,15000.0,0.48,3221250.0,1335000.0,141.45,143.14,139.62,-0.401,2026-01-13 23:17,107233
IEX,2026-01-27,121.0,0.0,0.0,0.0,0.99,90000.0,0.0,141.45,143.14,139.62,-0.401,2026-01-13 23:17,100980
IEX,2026-01-27,122.0,0.0,0.0,0.0,0.58,127500.0,0.0,141.45,143.14,139.62,-0.401,2026-01-13 23:17,94765
IEX,2026-01-27,122.5,30.0,30000.0,0.0,0.62,157500.0,15000.0,141.45,143.14,139.62,-0.401,2026-01-13 23:17,91661
IEX,2026-01-27,123.0,0.0,0.0,0.0,0.59,165000.0,45000.0,141.45,143.14,139.62,-0.401,2026-01-13 23:17,88654
IEX,2026-01-27,124.0,0.0,0.0,0.0,0.74,82500.0,0.0,141.45,143.14,139.62,-0.401,2026-01-13 23:17,82486
IEX,2026-01-27,125.0,17.52,543750.0,22500.0,0.71,4177500.0,4882500.0,141.45,143.14,139.62,-0.401,2026-01-13 23:17,76331
IEX,2026-01-27,126.0,0.0,0.0,0.0,0.82,330000.0,18750.0,141.45,143.14,139.62,-0.401,2026-01-13 23:17,71309
IEX,2026-01-27,127.0,24.9,7500.0,0.0,0.92,262500.0,176250.0,141.45,143.14,139.62,-0.401,2026-01-13 23:17,65638
IEX,2026-01-27,127.5,0.0,0.0,0.0,0.84,742500.0,873750.0,141.45,143.14,139.62,-0.401,2026-01-13 23:17,62823
IEX,2026-01-27,128.0,0.0,0.0,0.0,0.9,753750.0,255000.0,141.45,143.14,139.62,-0.401,2026-01-13 23:17,59989
IEX,2026-01-27,129.0,12.96,108750.0,0.0,1.05,375000.0,26250.0,141.45,143.14,139.62,-0.401,2026-01-13 23:17,54454
IEX,2026-01-27,130.0,12.65,1121250.0,101250.0,1.31,7998750.0,5242500.0,141.45,143.14,139.62,-0.401,2026-01-13 23:17,49136
IEX,2026-01-27,131.0,20.25,7500.0,0.0,1.55,281250.0,206250.0,141.45,143.14,139.62,-0.401,2026-01-13 23:17,44999
IEX,2026-01-27,132.0,20.83,60000.0,0.0,2.0,401250.0,101250.0,141.45,143.14,139.62,-0.401,2026-01-13 23:17,40492
IEX,2026-01-27,132.5,11.49,341250.0,0.0,1.68,1275000.0,506250.0,141.45,143.14,139.62,-0.401,2026-01-13 23:17,38320
IEX,2026-01-27,133.0,10.55,345000.0,0.0,1.7,446250.0,187500.0,141.45,143.14,139.62,-0.401,2026-01-13 23:17,36363
IEX,2026-01-27,134.0,8.43,356250.0,26250.0,1.93,588750.0,198750.0,141.45,143.14,139.62,-0.401,2026-01-13 23:17,32459
IEX,2026-01-27,135.0,8.4,2096250.0,213750.0,2.33,5951250.0,2478750.0,141.45,143.14,139.62,-0.401,2026-01-13 23:17,28548
IEX,2026-01-27,136.0,8.14,352500.0,11250.0,2.63,386250.0,536250.0,141.45,143.14,139.62,-0.401,2026-01-13 23:17,25630
IEX,2026-01-27,137.0,6.51,333750.0,22500.0,2.76,877500.0,513750.0,141.45,143.14,139.62,-0.401,2026-01-13 23:17,22597
IEX,2026-01-27,137.5,7.09,907500.0,26250.0,3.16,690000.0,693750.0,141.45,143.14,139.62,-0.401,2026-01-13 23:17,21023
IEX,2026-01-27,138.0,6.84,945000.0,401250.0,3.29,821250.0,1091250.0,141.45,143.14,139.62,-0.401,2026-01-13 23:17,19980
IEX,2026-01-27,139.0,6.07,397500.0,603750.0,3.73,817500.0,1083750.0,141.45,143.14,139.62,-0.401,2026-01-13 23:17,17595
IEX,2026-01-27,140.0,5.49,5970000.0,5763750.0,4.21,8377500.0,4725000.0,141.45,143.14,139.62,-0.401,2026-01-13 23:17,14892
IEX,2026-01-27,141.0,5.14,431250.0,1616250.0,4.73,547500.0,2062500.0,141.45,143.14,139.62,-0.401,2026-01-13 23:17,13437
IEX,2026-01-27,142.0,4.68,1260000.0,3318750.0,5.36,573750.0,1695000.0,141.45,143.14,139.62,-0.401,2026-01-13 23:17,12293
IEX,2026-01-27,142.5,4.5,712500.0,1905000.0,5.65,630000.0,817500.0,141.45,143.14,139.62,-0.401,2026-01-13 23:17,12113
IEX,2026-01-27,143.0,4.25,761250.0,2141250.0,5.99,303750.0,787500.0,141.45,143.14,139.62,-0.401,2026-01-13 23:17,11683
IEX,2026-01-27,144.0,3.97,930000.0,1582500.0,6.5,532500.0,45000.0,141.45,143.14,139.62,-0.401,2026-01-13 23:17,11142
IEX,2026-01-27,145.0,3.57,7530000.0,13575000.0,7.3,3288750.0,705000.0,141.45,143.14,139.62,-0.401,2026-01-13 23:17,10628
IEX,2026-01-27,146.0,3.29,686250.0,596250.0,7.97,600000.0,78750.0,141.45,143.14,139.62,-0.401,2026-01-13 23:17,11461
IEX,2026-01-27,147.0,3.08,697500.0,465000.0,8.46,397500.0,33750.0,141.45,143.14,139.62,-0.401,2026-01-13 23:17,11883
IEX,2026-01-27,147.5,3.03,570000.0,371250.0,9.22,817500.0,22500.0,141.45,143.14,139.62,-0.401,2026-01-13 23:17,12153
IEX,2026-01-27,148.0,2.88,630000.0,232500.0,9.42,1113750.0,71250.0,141.45,143.14,139.62,-0.401,2026-01-13 23:17,12033
IEX,2026-01-27,149.0,2.61,472500.0,187500.0,10.37,513750.0,3750.0,141.45,143.14,139.62,-0.401,2026-01-13 23:17,12262
IEX,2026-01-27,150.0,2.39,11988750.0,17553750.0,10.73,4807500.0,453750.0,141.45,143.14,139.62,-0.401,2026-01-13 23:17,13047
IEX,2026-01-27,151.0,2.24,798750.0,581250.0,12.45,363750.0,3750.0,141.45,143.14,139.62,-0.401,2026-01-13 23:17,13629
IEX,2026-01-27,152.0,2.11,1383750.0,1008750.0,12.75,517500.0,30000.0,141.45,143.14,139.62,-0.401,2026-01-13 23:17,16346
IEX,2026-01-27,152.5,2.09,708750.0,318750.0,14.13,1166250.0,11250.0,141.45,143.14,139.62,-0.401,2026-01-13 23:17,17569
IEX,2026-01-27,153.0,1.98,836250.0,307500.0,14.4,352500.0,11250.0,141.45,143.14,139.62,-0.401,2026-01-13 23:17,17753
IEX,2026-01-27,154.0,1.9,611250.0,157500.0,17.44,262500.0,0.0,141.45,143.14,139.62,-0.401,2026-01-13 23:17,20899
IEX,2026-01-27,155.0,1.73,5936250.0,4233750.0,15.43,1968750.0,63750.0,141.45,143.14,139.62,-0.401,2026-01-13 23:17,24132
IEX,2026-01-27,156.0,1.53,626250.0,210000.0,19.49,240000.0,0.0,141.45,143.14,139.62,-0.401,2026-01-13 23:17,26486
IEX,2026-01-27,157.0,1.58,735000.0,693750.0,20.4,120000.0,0.0,141.45,143.14,139.62,-0.401,2026-01-13 23:17,30567
IEX,2026-01-27,157.5,1.6,420000.0,416250.0,17.25,150000.0,0.0,141.45,143.14,139.62,-0.401,2026-01-13 23:17,32707
IEX,2026-01-27,158.0,1.56,963750.0,397500.0,18.21,352500.0,0.0,141.45,143.14,139.62,-0.401,2026-01-13 23:17,34812
IEX,2026-01-27,159.0,1.49,585000.0,322500.0,22.0,161250.0,0.0,141.45,143.14,139.62,-0.401,2026-01-13 23:17,39047
IEX,2026-01-27,160.0,1.28,15708750.0,8737500.0,20.19,2718750.0,71250.0,141.45,143.14,139.62,-0.401,2026-01-13 23:17,43580
IEX,2026-01-27,161.0,1.23,397500.0,71250.0,24.39,221250.0,0.0,141.45,143.14,139.62,-0.401,2026-01-13 23:17,46745
IEX,2026-01-27,162.0,1.06,491250.0,135000.0,25.16,243750.0,0.0,141.45,143.14,139.62,-0.401,2026-01-13 23:17,52960
IEX,2026-01-27,162.5,0.0,0.0,0.0,17.57,15000.0,0.0,141.45,143.14,139.62,-0.401,2026-01-13 23:17,55788
IEX,2026-01-27,163.0,1.11,528750.0,127500.0,22.45,127500.0,3750.0,141.45,143.14,139.62,-0.401,2026-01-13 23:17,59152
IEX,2026-01-27,164.0,0.93,337500.0,30000.0,13.29,165000.0,0.0,141.45,143.14,139.62,-0.401,2026-01-13 23:17,65770
IEX,2026-01-27,165.0,0.95,4035000.0,2167500.0,25.7,322500.0,7500.0,141.45,143.14,139.62,-0.401,2026-01-13 23:17,72479
IEX,2026-01-27,166.0,1.07,172500.0,0.0,14.6,37500.0,0.0,141.45,143.14,139.62,-0.401,2026-01-13 23:17,79365
IEX,2026-01-27,167.0,0.73,371250.0,26250.0,0.0,0.0,0.0,141.45,143.14,139.62,-0.401,2026-01-13 23:17,86682
IEX,2026-01-27,168.0,0.96,217500.0,0.0,0.0,0.0,0.0,141.45,143.14,139.62,-0.401,2026-01-13 23:17,94099
IEX,2026-01-27,169.0,0.79,180000.0,243750.0,0.0,0.0,0.0,141.45,143.14,139.62,-0.401,2026-01-13 23:17,101532
IEX,2026-01-27,170.0,0.74,11126250.0,1848750.0,29.5,2265000.0,45000.0,141.45,143.14,139.62,-0.401,2026-01-13 23:17,108976
IEX,2026-01-27,171.0,0.7,86250.0,75000.0,27.66,153750.0,0.0,141.45,143.14,139.62,-0.401,2026-01-13 23:17,111886
IEX,2026-01-27,172.0,0.56,1012500.0,30000.0,0.0,0.0,0.0,141.45,143.14,139.62,-0.401,2026-01-13 23:17,120260
IEX,2026-01-27,173.0,0.61,120000.0,15000.0,0.0,0.0,0.0,141.45,143.14,139.62,-0.401,2026-01-13 23:17,129211
IEX,2026-01-27,174.0,0.57,52500.0,11250.0,0.0,0.0,0.0,141.45,143.14,139.62,-0.401,2026-01-13 23:17,138125
IEX,2026-01-27,175.0,0.5,2523750.0,1192500.0,26.5,3750.0,0.0,141.45,143.14,139.62,-0.401,2026-01-13 23:17,147039
IEX,2026-01-27,176.0,0.54,157500.0,7500.0,0.0,0.0,0.0,141.45,143.14,139.62,-0.401,2026-01-13 23:17,156320
IEX,2026-01-27,177.0,0.5,825000.0,33750.0,0.0,0.0,0.0,141.45,143.14,139.62,-0.401,2026-01-13 23:17,165508
IEX,2026-01-27,178.0,0.47,3427500.0,817500.0,0.0,0.0,0.0,141.45,143.14,139.62,-0.401,2026-01-13 23:17,174812
IEX,2026-01-27,179.0,0.44,93750.0,60000.0,0.0,0.0,0.0,141.45,143.14,139.62,-0.401,2026-01-13 23:17,184578
IEX,2026-01-27,180.0,0.39,4170000.0,1920000.0,0.0,0.0,0.0,141.45,143.14,139.62,-0.401,2026-01-13 23:17,194197
IIFL,2026-01-27,500.0,139.9,6600.0,0.0,0.3,52800.0,0.0,636.05,650.7,630.65,-0.888,2026-01-13 23:17,42220
IIFL,2026-01-27,510.0,0.0,0.0,0.0,0.5,0.0,0.0,636.05,650.7,630.65,-0.888,2026-01-13 23:17,37823
IIFL,2026-01-27,520.0,133.75,6600.0,0.0,0.5,26400.0,0.0,636.05,650.7,630.65,-0.888,2026-01-13 23:17,33335
IIFL,2026-01-27,530.0,45.2,6600.0,0.0,0.4,16500.0,0.0,636.05,650.7,630.65,-0.888,2026-01-13 23:17,28966
IIFL,2026-01-27,540.0,46.7,6600.0,0.0,0.85,115500.0,18150.0,636.05,650.7,630.65,-0.888,2026-01-13 23:17,24564
IIFL,2026-01-27,550.0,100.55,33000.0,0.0,1.15,181500.0,42900.0,636.05,650.7,630.65,-0.888,2026-01-13 23:17,20275
IIFL,2026-01-27,560.0,43.35,3300.0,0.0,1.05,135300.0,13200.0,636.05,650.7,630.65,-0.888,2026-01-13 23:17,16491
IIFL,2026-01-27,570.0,75.5,24750.0,0.0,1.35,178200.0,107250.0,636.05,650.7,630.65,-0.888,2026-01-13 23:17,12534
IIFL,2026-01-27,580.0,57.0,72600.0,6600.0,2.5,326700.0,8250.0,636.05,650.7,630.65,-0.888,2026-01-13 23:17,8943
IIFL,2026-01-27,590.0,58.3,72600.0,0.0,2.2,245850.0,135300.0,636.05,650.7,630.65,-0.888,2026-01-13 23:17,5921
IIFL,2026-01-27,600.0,42.75,607200.0,33000.0,3.3,691350.0,313500.0,636.05,650.7,630.65,-0.888,2026-01-13 23:17,3254
IIFL,2026-01-27,610.0,41.35,123750.0,0.0,4.6,188100.0,301950.0,636.05,650.7,630.65,-0.888,2026-01-13 23:17,3884
IIFL,2026-01-27,620.0,27.2,202950.0,148500.0,6.5,676500.0,569250.0,636.05,650.7,630.65,-0.888,2026-01-13 23:17,2884
IIFL,2026-01-27,630.0,20.4,268950.0,179850.0,10.2,272250.0,528000.0,636.05,650.7,630.65,-0.888,2026-01-13 23:17,2450
IIFL,2026-01-27,640.0,14.65,519750.0,801900.0,14.2,780450.0,636900.0,636.05,650.7,630.65,-0.888,2026-01-13 23:17,2716
IIFL,2026-01-27,650.0,10.0,567600.0,1445400.0,19.7,283800.0,589050.0,636.05,650.7,630.65,-0.888,2026-01-13 23:17,3664
IIFL,2026-01-27,660.0,6.7,564300.0,1199550.0,26.85,179850.0,100650.0,636.05,650.7,630.65,-0.888,2026-01-13 23:17,5819
IIFL,2026-01-27,670.0,4.55,1072500.0,1463550.0,33.85,107250.0,14850.0,636.05,650.7,630.65,-0.888,2026-01-13 23:17,8605
IIFL,2026-01-27,680.0,3.0,514800.0,1885950.0,45.0,51150.0,6600.0,636.05,650.7,630.65,-0.888,2026-01-13 23:17,12801
IIFL,2026-01-27,690.0,2.0,138600.0,1427250.0,48.2,13200.0,0.0,636.05,650.7,630.65,-0.888,2026-01-13 23:17,17362
IIFL,2026-01-27,700.0,1.35,547800.0,462000.0,62.7,23100.0,0.0,636.05,650.7,630.65,-0.888,2026-01-13 23:17,22114
IIFL,2026-01-27,710.0,0.85,310200.0,37950.0,61.55,1650.0,0.0,636.05,650.7,630.65,-0.888,2026-01-13 23:17,27402
IIFL,2026-01-27,720.0,0.6,450450.0,80850.0,0.0,0.0,0.0,636.05,650.7,630.65,-0.888,2026-01-13 23:17,33090
IIFL,2026-01-27,730.0,0.4,125400.0,107250.0,0.0,0.0,0.0,636.05,650.7,630.65,-0.888,2026-01-13 23:17,39238
IIFL,2026-01-27,740.0,0.0,0.0,0.0,0.0,0.0,0.0,636.05,650.7,630.65,-0.888,2026-01-13 23:17,45490
INDHOTEL,2026-01-27,580.0,0.0,0.0,0.0,0.0,0.0,0.0,678.0,694.2,675.25,-1.753,2026-01-13 23:17,91037
INDHOTEL,2026-01-27,590.0,0.0,0.0,0.0,0.0,0.0,0.0,678.0,694.2,675.25,-1.753,2026-01-13 23:17,83389
INDHOTEL,2026-01-27,600.0,0.0,0.0,0.0,0.35,10000.0,11000.0,678.0,694.2,675.25,-1.753,2026-01-13 23:17,75741
INDHOTEL,2026-01-27,610.0,81.55,2000.0,0.0,0.0,0.0,0.0,678.0,694.2,675.25,-1.753,2026-01-13 23:17,68103
INDHOTEL,2026-01-27,620.0,0.0,0.0,0.0,1.05,80000.0,122000.0,678.0,694.2,675.25,-1.753,2026-01-13 23:17,60483
INDHOTEL,2026-01-27,630.0,0.0,0.0,0.0,1.65,355000.0,60000.0,678.0,694.2,675.25,-1.753,2026-01-13 23:17,52919
INDHOTEL,2026-01-27,635.0,0.0,0.0,0.0,0.0,0.0,0.0,678.0,694.2,675.25,-1.753,2026-01-13 23:17,49260
INDHOTEL,2026-01-27,640.0,0.0,0.0,0.0,2.5,188000.0,208000.0,678.0,694.2,675.25,-1.753,2026-01-13 23:17,45659
INDHOTEL,2026-01-27,645.0,0.0,0.0,0.0,0.0,0.0,0.0,678.0,694.2,675.25,-1.753,2026-01-13 23:17,42106
INDHOTEL,2026-01-27,650.0,42.0,9000.0,0.0,4.25,194000.0,338000.0,678.0,694.2,675.25,-1.753,2026-01-13 23:17,38599
INDHOTEL,2026-01-27,655.0,0.0,0.0,0.0,4.5,4000.0,0.0,678.0,694.2,675.25,-1.753,2026-01-13 23:17,35150
INDHOTEL,2026-01-27,660.0,26.05,18000.0,9000.0,6.6,621000.0,424000.0,678.0,694.2,675.25,-1.753,2026-01-13 23:17,31745
INDHOTEL,2026-01-27,665.0,0.0,0.0,0.0,8.05,25000.0,84000.0,678.0,694.2,675.25,-1.753,2026-01-13 23:17,28298
INDHOTEL,2026-01-27,670.0,19.8,4000.0,15000.0,10.05,346000.0,367000.0,678.0,694.2,675.25,-1.753,2026-01-13 23:17,25207
INDHOTEL,2026-01-27,675.0,16.5,34000.0,108000.0,12.1,538000.0,914000.0,678.0,694.2,675.25,-1.753,2026-01-13 23:17,21971
INDHOTEL,2026-01-27,680.0,13.95,225000.0,769000.0,14.55,505000.0,653000.0,678.0,694.2,675.25,-1.753,2026-01-13 23:17,18767
INDHOTEL,2026-01-27,685.0,11.55,320000.0,816000.0,17.35,221000.0,460000.0,678.0,694.2,675.25,-1.753,2026-01-13 23:17,16101
INDHOTEL,2026-01-27,690.0,9.45,332000.0,982000.0,20.2,338000.0,335000.0,678.0,694.2,675.25,-1.753,2026-01-13 23:17,14112
INDHOTEL,2026-01-27,695.0,7.95,143000.0,419000.0,23.65,109000.0,56000.0,678.0,694.2,675.25,-1.753,2026-01-13 23:17,12104
INDHOTEL,2026-01-27,700.0,6.75,1645000.0,2071000.0,25.8,758000.0,156000.0,678.0,694.2,675.25,-1.753,2026-01-13 23:17,10446
INDHOTEL,2026-01-27,705.0,5.4,220000.0,351000.0,31.0,69000.0,4000.0,678.0,694.2,675.25,-1.753,2026-01-13 23:17,9289
INDHOTEL,2026-01-27,710.0,4.4,782000.0,1257000.0,33.05,234000.0,32000.0,678.0,694.2,675.25,-1.753,2026-01-13 23:17,9026
INDHOTEL,2026-01-27,715.0,3.6,218000.0,176000.0,37.5,62000.0,2000.0,678.0,694.2,675.25,-1.753,2026-01-13 23:17,8938
INDHOTEL,2026-01-27,720.0,3.0,1023000.0,972000.0,42.9,400000.0,25000.0,678.0,694.2,675.25,-1.753,2026-01-13 23:17,9264
INDHOTEL,2026-01-27,725.0,2.45,237000.0,176000.0,47.75,86000.0,3000.0,678.0,694.2,675.25,-1.753,2026-01-13 23:17,9047
INDHOTEL,2026-01-27,730.0,2.05,1137000.0,525000.0,51.35,583000.0,28000.0,678.0,694.2,675.25,-1.753,2026-01-13 23:17,10048
INDHOTEL,2026-01-27,735.0,1.8,218000.0,179000.0,54.0,119000.0,11000.0,678.0,694.2,675.25,-1.753,2026-01-13 23:17,9501
INDHOTEL,2026-01-27,740.0,1.6,1142000.0,424000.0,59.25,541000.0,9000.0,678.0,694.2,675.25,-1.753,2026-01-13 23:17,11279
INDHOTEL,2026-01-27,745.0,1.35,145000.0,112000.0,53.5,79000.0,0.0,678.0,694.2,675.25,-1.753,2026-01-13 23:17,11480
INDHOTEL,2026-01-27,750.0,1.1,1294000.0,434000.0,70.15,308000.0,10000.0,678.0,694.2,675.25,-1.753,2026-01-13 23:17,14413
INDHOTEL,2026-01-27,755.0,1.0,110000.0,28000.0,0.0,0.0,0.0,678.0,694.2,675.25,-1.753,2026-01-13 23:17,16531
INDHOTEL,2026-01-27,760.0,0.85,747000.0,261000.0,74.4,223000.0,5000.0,678.0,694.2,675.25,-1.753,2026-01-13 23:17,20733
INDHOTEL,2026-01-27,765.0,0.8,132000.0,5000.0,0.0,0.0,0.0,678.0,694.2,675.25,-1.753,2026-01-13 23:17,23814
INDHOTEL,2026-01-27,770.0,0.65,284000.0,19000.0,55.05,121000.0,0.0,678.0,694.2,675.25,-1.753,2026-01-13 23:17,28567
INDHOTEL,2026-01-27,775.0,1.25,22000.0,0.0,0.0,0.0,0.0,678.0,694.2,675.25,-1.753,2026-01-13 23:17,32865
INDHOTEL,2026-01-27,780.0,0.55,538000.0,69000.0,96.45,186000.0,0.0,678.0,694.2,675.25,-1.753,2026-01-13 23:17,37823
INDHOTEL,2026-01-27,785.0,1.05,76000.0,0.0,0.0,0.0,0.0,678.0,694.2,675.25,-1.753,2026-01-13 23:17,41377
INDHOTEL,2026-01-27,790.0,0.5,274000.0,22000.0,56.0,4000.0,0.0,678.0,694.2,675.25,-1.753,2026-01-13 23:17,46741
INDHOTEL,2026-01-27,795.0,0.55,1000.0,0.0,0.0,0.0,0.0,678.0,694.2,675.25,-1.753,2026-01-13 23:17,52227
INDHOTEL,2026-01-27,800.0,0.4,785000.0,166000.0,113.0,224000.0,2000.0,678.0,694.2,675.25,-1.753,2026-01-13 23:17,57723
INDHOTEL,2026-01-27,805.0,0.65,24000.0,0.0,0.0,0.0,0.0,678.0,694.2,675.25,-1.753,2026-01-13 23:17,61223
INDHOTEL,2026-01-27,810.0,0.3,310000.0,12000.0,67.0,2000.0,0.0,678.0,694.2,675.25,-1.753,2026-01-13 23:17,67237
INDHOTEL,2026-01-27,820.0,0.3,88000.0,24000.0,66.0,4000.0,0.0,678.0,694.2,675.25,-1.753,2026-01-13 23:17,79569
INDHOTEL,2026-01-27,830.0,0.5,12000.0,0.0,96.0,12000.0,0.0,678.0,694.2,675.25,-1.753,2026-01-13 23:17,91973
INDHOTEL,2026-01-27,840.0,0.3,121000.0,0.0,106.5,25000.0,0.0,678.0,694.2,675.25,-1.753,2026-01-13 23:17,104310
INDHOTEL,2026-01-27,850.0,0.3,22000.0,0.0,0.0,0.0,0.0,678.0,694.2,675.25,-1.753,2026-01-13 23:17,116646
INDHOTEL,2026-01-27,860.0,0.1,19000.0,0.0,114.0,25000.0,0.0,678.0,694.2,675.25,-1.753,2026-01-13 23:17,129266
INDHOTEL,2026-01-27,880.0,0.0,0.0,0.0,138.0,49000.0,0.0,678.0,694.2,675.25,-1.753,2026-01-13 23:17,154309
INDIANB,2026-01-27,680.0,0.0,0.0,0.0,1.45,38000.0,0.0,817.7,833.35,807.8,-1.083,2026-01-13 23:17,34990
INDIANB,2026-01-27,690.0,0.0,0.0,0.0,0.5,17000.0,0.0,817.7,833.35,807.8,-1.083,2026-01-13 23:17,31629
INDIANB,2026-01-27,700.0,163.0,3000.0,0.0,0.75,67000.0,7000.0,817.7,833.35,807.8,-1.083,2026-01-13 23:17,28291
INDIANB,2026-01-27,710.0,0.0,0.0,0.0,0.4,41000.0,0.0,817.7,833.35,807.8,-1.083,2026-01-13 23:17,25066
INDIANB,2026-01-27,720.0,67.0,1000.0,0.0,0.25,59000.0,1000.0,817.7,833.35,807.8,-1.083,2026-01-13 23:17,21838
INDIANB,2026-01-27,730.0,109.0,2000.0,0.0,1.4,76000.0,81000.0,817.7,833.35,807.8,-1.083,2026-01-13 23:17,18676
INDIANB,2026-01-27,740.0,75.0,10000.0,0.0,1.8,125000.0,145000.0,817.7,833.35,807.8,-1.083,2026-01-13 23:17,15598
INDIANB,2026-01-27,750.0,69.1,3000.0,0.0,2.4,230000.0,108000.0,817.7,833.35,807.8,-1.083,2026-01-13 23:17,12697
INDIANB,2026-01-27,760.0,70.15,9000.0,4000.0,3.2,105000.0,121000.0,817.7,833.35,807.8,-1.083,2026-01-13 23:17,9941
INDIANB,2026-01-27,770.0,71.7,18000.0,0.0,4.45,174000.0,150000.0,817.7,833.35,807.8,-1.083,2026-01-13 23:17,7364
INDIANB,2026-01-27,780.0,48.05,138000.0,34000.0,6.15,275000.0,124000.0,817.7,833.35,807.8,-1.083,2026-01-13 23:17,5000
INDIANB,2026-01-27,790.0,55.8,62000.0,0.0,8.15,127000.0,58000.0,817.7,833.35,807.8,-1.083,2026-01-13 23:17,3492
INDIANB,2026-01-27,800.0,32.5,359000.0,39000.0,11.4,532000.0,503000.0,817.7,833.35,807.8,-1.083,2026-01-13 23:17,1922
INDIANB,2026-01-27,810.0,26.3,87000.0,95000.0,15.2,158000.0,166000.0,817.7,833.35,807.8,-1.083,2026-01-13 23:17,1560
INDIANB,2026-01-27,820.0,21.0,268000.0,826000.0,19.25,453000.0,453000.0,817.7,833.35,807.8,-1.083,2026-01-13 23:17,872
INDIANB,2026-01-27,830.0,16.5,193000.0,353000.0,25.4,111000.0,61000.0,817.7,833.35,807.8,-1.083,2026-01-13 23:17,606
INDIANB,2026-01-27,840.0,12.7,293000.0,320000.0,36.0,173000.0,8000.0,817.7,833.35,807.8,-1.083,2026-01-13 23:17,991
INDIANB,2026-01-27,850.0,9.6,538000.0,659000.0,37.95,318000.0,30000.0,817.7,833.35,807.8,-1.083,2026-01-13 23:17,1554
INDIANB,2026-01-27,860.0,7.2,432000.0,351000.0,45.6,119000.0,7000.0,817.7,833.35,807.8,-1.083,2026-01-13 23:17,2534
INDIANB,2026-01-27,870.0,5.3,601000.0,580000.0,54.25,91000.0,3000.0,817.7,833.35,807.8,-1.083,2026-01-13 23:17,4523
INDIANB,2026-01-27,880.0,4.0,217000.0,300000.0,64.25,34000.0,4000.0,817.7,833.35,807.8,-1.083,2026-01-13 23:17,7261
INDIANB,2026-01-27,890.0,3.1,162000.0,182000.0,65.8,20000.0,0.0,817.7,833.35,807.8,-1.083,2026-01-13 23:17,10294
INDIANB,2026-01-27,900.0,2.25,723000.0,516000.0,80.25,21000.0,5000.0,817.7,833.35,807.8,-1.083,2026-01-13 23:17,13558
INDIANB,2026-01-27,910.0,1.6,101000.0,69000.0,53.6,7000.0,0.0,817.7,833.35,807.8,-1.083,2026-01-13 23:17,17642
INDIANB,2026-01-27,920.0,1.35,140000.0,65000.0,62.5,14000.0,0.0,817.7,833.35,807.8,-1.083,2026-01-13 23:17,21819
INDIANB,2026-01-27,930.0,1.45,296000.0,2000.0,141.35,2000.0,0.0,817.7,833.35,807.8,-1.083,2026-01-13 23:17,26102
INDIANB,2026-01-27,940.0,0.9,94000.0,23000.0,84.0,1000.0,0.0,817.7,833.35,807.8,-1.083,2026-01-13 23:17,30767
INDIANB,2026-01-27,950.0,0.7,104000.0,21000.0,97.1,2000.0,0.0,817.7,833.35,807.8,-1.083,2026-01-13 23:17,35512
INDIANB,2026-01-27,960.0,0.55,237000.0,47000.0,0.0,0.0,0.0,817.7,833.35,807.8,-1.083,2026-01-13 23:17,40351
INDIANB,2026-01-27,980.0,0.35,136000.0,56000.0,118.55,3000.0,0.0,817.7,833.35,807.8,-1.083,2026-01-13 23:17,50540
INDIANB,2026-01-27,1000.0,0.1,103000.0,1000.0,0.0,0.0,0.0,817.7,833.35,807.8,-1.083,2026-01-13 23:17,60963
INDIGO,2026-01-27,3900.0,0.0,0.0,0.0,2.05,10800.0,4500.0,4753.5,4848.5,4725.0,-1.99,2026-01-13 23:17,300837
INDIGO,2026-01-27,4000.0,0.0,0.0,0.0,2.4,67350.0,12600.0,4753.5,4848.5,4725.0,-1.99,2026-01-13 23:17,268664
INDIGO,2026-01-27,4100.0,0.0,0.0,0.0,3.05,20100.0,12900.0,4753.5,4848.5,4725.0,-1.99,2026-01-13 23:17,237151
INDIGO,2026-01-27,4200.0,0.0,0.0,0.0,4.15,28950.0,36000.0,4753.5,4848.5,4725.0,-1.99,2026-01-13 23:17,205849
INDIGO,2026-01-27,4300.0,0.0,0.0,0.0,6.05,55650.0,68550.0,4753.5,4848.5,4725.0,-1.99,2026-01-13 23:17,174830
INDIGO,2026-01-27,4350.0,0.0,0.0,0.0,7.05,23550.0,14550.0,4753.5,4848.5,4725.0,-1.99,2026-01-13 23:17,159572
INDIGO,2026-01-27,4400.0,531.05,1200.0,0.0,9.3,78150.0,40650.0,4753.5,4848.5,4725.0,-1.99,2026-01-13 23:17,144448
INDIGO,2026-01-27,4450.0,0.0,0.0,0.0,12.9,56250.0,62250.0,4753.5,4848.5,4725.0,-1.99,2026-01-13 23:17,129728
INDIGO,2026-01-27,4500.0,288.4,15900.0,8550.0,17.7,344700.0,616350.0,4753.5,4848.5,4725.0,-1.99,2026-01-13 23:17,115226
INDIGO,2026-01-27,4550.0,0.0,0.0,0.0,24.6,63450.0,86100.0,4753.5,4848.5,4725.0,-1.99,2026-01-13 23:17,102449
INDIGO,2026-01-27,4600.0,555.0,1350.0,0.0,33.5,127500.0,468300.0,4753.5,4848.5,4725.0,-1.99,2026-01-13 23:17,89984
INDIGO,2026-01-27,4650.0,162.45,19050.0,33450.0,46.05,57000.0,152400.0,4753.5,4848.5,4725.0,-1.99,2026-01-13 23:17,77967
INDIGO,2026-01-27,4700.0,130.5,61650.0,105900.0,60.95,287100.0,537450.0,4753.5,4848.5,4725.0,-1.99,2026-01-13 23:17,66729
INDIGO,2026-01-27,4750.0,99.55,95250.0,280500.0,81.0,95250.0,429300.0,4753.5,4848.5,4725.0,-1.99,2026-01-13 23:17,56243
INDIGO,2026-01-27,4800.0,74.0,315600.0,842550.0,104.75,327150.0,712950.0,4753.5,4848.5,4725.0,-1.99,2026-01-13 23:17,47831
INDIGO,2026-01-27,4850.0,53.7,157050.0,299400.0,134.45,113700.0,195750.0,4753.5,4848.5,4725.0,-1.99,2026-01-13 23:17,41366
INDIGO,2026-01-27,4900.0,38.15,436800.0,875850.0,169.0,204600.0,244500.0,4753.5,4848.5,4725.0,-1.99,2026-01-13 23:17,36659
INDIGO,2026-01-27,4950.0,27.4,309450.0,247950.0,207.65,98850.0,47550.0,4753.5,4848.5,4725.0,-1.99,2026-01-13 23:17,34054
INDIGO,2026-01-27,5000.0,19.65,566100.0,792900.0,248.0,334050.0,50550.0,4753.5,4848.5,4725.0,-1.99,2026-01-13 23:17,34077
INDIGO,2026-01-27,5050.0,14.25,265350.0,253350.0,324.0,78000.0,1350.0,4753.5,4848.5,4725.0,-1.99,2026-01-13 23:17,32634
INDIGO,2026-01-27,5100.0,10.85,729150.0,389850.0,333.0,173250.0,16500.0,4753.5,4848.5,4725.0,-1.99,2026-01-13 23:17,37930
INDIGO,2026-01-27,5150.0,8.55,299250.0,147000.0,375.0,44850.0,5400.0,4753.5,4848.5,4725.0,-1.99,2026-01-13 23:17,44909
INDIGO,2026-01-27,5200.0,7.15,738600.0,547200.0,435.85,78600.0,12300.0,4753.5,4848.5,4725.0,-1.99,2026-01-13 23:17,57161
INDIGO,2026-01-27,5250.0,5.6,121800.0,134550.0,375.55,11850.0,0.0,4753.5,4848.5,4725.0,-1.99,2026-01-13 23:17,72027
INDIGO,2026-01-27,5300.0,4.7,345750.0,293400.0,522.55,54750.0,450.0,4753.5,4848.5,4725.0,-1.99,2026-01-13 23:17,90082
INDIGO,2026-01-27,5350.0,4.0,63000.0,39300.0,439.9,6300.0,0.0,4753.5,4848.5,4725.0,-1.99,2026-01-13 23:17,107818
INDIGO,2026-01-27,5400.0,3.6,363150.0,282000.0,645.0,32550.0,3300.0,4753.5,4848.5,4725.0,-1.99,2026-01-13 23:17,128347
INDIGO,2026-01-27,5450.0,3.25,47250.0,13800.0,352.25,1950.0,0.0,4753.5,4848.5,4725.0,-1.99,2026-01-13 23:17,149138
INDIGO,2026-01-27,5500.0,2.8,570150.0,340200.0,730.0,179850.0,7650.0,4753.5,4848.5,4725.0,-1.99,2026-01-13 23:17,172090
INDIGO,2026-01-27,5550.0,2.75,52650.0,12450.0,540.0,1500.0,0.0,4753.5,4848.5,4725.0,-1.99,2026-01-13 23:17,185876
INDIGO,2026-01-27,5600.0,2.5,179550.0,142650.0,455.0,32250.0,0.0,4753.5,4848.5,4725.0,-1.99,2026-01-13 23:17,212836
INDIGO,2026-01-27,5650.0,2.4,26550.0,0.0,518.4,3150.0,0.0,4753.5,4848.5,4725.0,-1.99,2026-01-13 23:17,239499
INDIGO,2026-01-27,5700.0,1.85,93900.0,39300.0,780.0,10050.0,0.0,4753.5,4848.5,4725.0,-1.99,2026-01-13 23:17,267576
INDIGO,2026-01-27,5750.0,1.9,8700.0,2250.0,709.0,300.0,0.0,4753.5,4848.5,4725.0,-1.99,2026-01-13 23:17,295563
INDIGO,2026-01-27,5800.0,1.8,113550.0,46200.0,961.95,15900.0,0.0,4753.5,4848.5,4725.0,-1.99,2026-01-13 23:17,324341
INDIGO,2026-01-27,5850.0,1.85,23400.0,900.0,0.0,0.0,0.0,4753.5,4848.5,4725.0,-1.99,2026-01-13 23:17,352278
INDIGO,2026-01-27,5900.0,1.15,25650.0,750.0,1031.85,68850.0,0.0,4753.5,4848.5,4725.0,-1.99,2026-01-13 23:17,381845
INDIGO,2026-01-27,5950.0,1.25,6300.0,900.0,793.0,300.0,0.0,4753.5,4848.5,4725.0,-1.99,2026-01-13 23:17,404779
INDIGO,2026-01-27,6000.0,1.55,355650.0,35550.0,1222.0,18150.0,150.0,4753.5,4848.5,4725.0,-1.99,2026-01-13 23:17,434824
INDIGO,2026-01-27,6050.0,1.5,4800.0,0.0,1281.85,1650.0,1500.0,4753.5,4848.5,4725.0,-1.99,2026-01-13 23:17,464599
INDIGO,2026-01-27,6100.0,2.0,900.0,0.0,1051.0,3000.0,0.0,4753.5,4848.5,4725.0,-1.99,2026-01-13 23:17,496357
INDIGO,2026-01-27,6200.0,1.2,26550.0,0.0,1404.0,750.0,1200.0,4753.5,4848.5,4725.0,-1.99,2026-01-13 23:17,560020
INDIGO,2026-01-27,6250.0,17.0,300.0,0.0,0.0,0.0,0.0,4753.5,4848.5,4725.0,-1.99,2026-01-13 23:17,592044
INDIGO,2026-01-27,6300.0,0.6,14250.0,0.0,0.0,0.0,0.0,4753.5,4848.5,4725.0,-1.99,2026-01-13 23:17,624171
INDIGO,2026-01-27,6350.0,2.0,150.0,600.0,0.0,0.0,0.0,4753.5,4848.5,4725.0,-1.99,2026-01-13 23:17,656370
INDIGO,2026-01-27,6500.0,1.5,2850.0,150.0,1370.0,15600.0,0.0,4753.5,4848.5,4725.0,-1.99,2026-01-13 23:17,752967
INDIGO,2026-01-27,6700.0,0.0,0.0,0.0,910.2,300.0,0.0,4753.5,4848.5,4725.0,-1.99,2026-01-13 23:17,879996
INDIGO,2026-01-27,6800.0,0.35,4800.0,750.0,0.0,0.0,0.0,4753.5,4848.5,4725.0,-1.99,2026-01-13 23:17,944554
INDUSINDBK,2026-01-27,720.0,0.0,0.0,0.0,0.5,95900.0,1400.0,911.95,913.7,897.5,0.718,2026-01-13 23:17,108474
INDUSINDBK,2026-01-27,740.0,0.0,0.0,0.0,0.65,90300.0,1400.0,911.95,913.7,897.5,0.718,2026-01-13 23:17,88648
INDUSINDBK,2026-01-27,750.0,0.0,0.0,0.0,1.5,1400.0,700.0,911.95,913.7,897.5,0.718,2026-01-13 23:17,78821
INDUSINDBK,2026-01-27,760.0,146.4,14700.0,0.0,0.95,163100.0,11900.0,911.95,913.7,897.5,0.718,2026-01-13 23:17,69002
INDUSINDBK,2026-01-27,770.0,78.0,2100.0,0.0,1.0,62300.0,0.0,911.95,913.7,897.5,0.718,2026-01-13 23:17,59561
INDUSINDBK,2026-01-27,780.0,66.8,700.0,0.0,1.0,119000.0,3500.0,911.95,913.7,897.5,0.718,2026-01-13 23:17,49994
INDUSINDBK,2026-01-27,790.0,60.25,9100.0,0.0,2.15,57400.0,4200.0,911.95,913.7,897.5,0.718,2026-01-13 23:17,40530
INDUSINDBK,2026-01-27,800.0,113.0,290500.0,25200.0,1.5,431900.0,218400.0,911.95,913.7,897.5,0.718,2026-01-13 23:17,31182
INDUSINDBK,2026-01-27,810.0,79.95,37800.0,0.0,1.85,320600.0,86800.0,911.95,913.7,897.5,0.718,2026-01-13 23:17,25732
INDUSINDBK,2026-01-27,820.0,68.2,29400.0,0.0,2.1,600600.0,107800.0,911.95,913.7,897.5,0.718,2026-01-13 23:17,17665
INDUSINDBK,2026-01-27,830.0,78.0,72100.0,0.0,2.4,785400.0,72800.0,911.95,913.7,897.5,0.718,2026-01-13 23:17,10060
INDUSINDBK,2026-01-27,840.0,75.7,347900.0,22400.0,3.3,802900.0,134400.0,911.95,913.7,897.5,0.718,2026-01-13 23:17,3611
INDUSINDBK,2026-01-27,850.0,66.9,789600.0,63700.0,4.35,1132600.0,483000.0,911.95,913.7,897.5,0.718,2026-01-13 23:17,309
INDUSINDBK,2026-01-27,860.0,59.55,405300.0,71400.0,5.45,618100.0,238000.0,911.95,913.7,897.5,0.718,2026-01-13 23:17,1349
INDUSINDBK,2026-01-27,870.0,49.4,450800.0,112000.0,7.05,761600.0,394800.0,911.95,913.7,897.5,0.718,2026-01-13 23:17,700
INDUSINDBK,2026-01-27,880.0,42.7,436800.0,205800.0,9.65,620900.0,571200.0,911.95,913.7,897.5,0.718,2026-01-13 23:17,877
INDUSINDBK,2026-01-27,890.0,35.15,502600.0,321300.0,12.2,407400.0,554400.0,911.95,913.7,897.5,0.718,2026-01-13 23:17,1687
INDUSINDBK,2026-01-27,900.0,28.4,1993600.0,2383500.0,16.1,1560300.0,1406300.0,911.95,913.7,897.5,0.718,2026-01-13 23:17,3411
INDUSINDBK,2026-01-27,910.0,22.65,702800.0,1563800.0,20.3,316400.0,406000.0,911.95,913.7,897.5,0.718,2026-01-13 23:17,10569
INDUSINDBK,2026-01-27,920.0,18.0,773500.0,1370600.0,26.5,284900.0,185500.0,911.95,913.7,897.5,0.718,2026-01-13 23:17,16546
INDUSINDBK,2026-01-27,930.0,14.4,480900.0,708400.0,31.55,304500.0,370300.0,911.95,913.7,897.5,0.718,2026-01-13 23:17,23269
INDUSINDBK,2026-01-27,940.0,11.0,575400.0,427000.0,38.5,296800.0,13300.0,911.95,913.7,897.5,0.718,2026-01-13 23:17,29872
INDUSINDBK,2026-01-27,950.0,8.65,1361500.0,646800.0,50.7,64400.0,0.0,911.95,913.7,897.5,0.718,2026-01-13 23:17,37106
INDUSINDBK,2026-01-27,960.0,6.95,567700.0,352100.0,54.0,46900.0,9800.0,911.95,913.7,897.5,0.718,2026-01-13 23:17,47126
INDUSINDBK,2026-01-27,970.0,5.65,154000.0,97300.0,0.0,0.0,0.0,911.95,913.7,897.5,0.718,2026-01-13 23:17,57051
INDUSINDBK,2026-01-27,980.0,4.35,740600.0,117600.0,76.85,36400.0,0.0,911.95,913.7,897.5,0.718,2026-01-13 23:17,67076
INDUSINDBK,2026-01-27,990.0,3.55,25900.0,32900.0,0.0,0.0,0.0,911.95,913.7,897.5,0.718,2026-01-13 23:17,77834
INDUSINDBK,2026-01-27,1000.0,3.1,658000.0,382900.0,119.0,24500.0,0.0,911.95,913.7,897.5,0.718,2026-01-13 23:17,88584
INDUSINDBK,2026-01-27,1020.0,2.2,151200.0,189700.0,0.0,0.0,0.0,911.95,913.7,897.5,0.718,2026-01-13 23:17,111343
INDUSINDBK,2026-01-27,1040.0,1.65,27300.0,44800.0,0.0,0.0,0.0,911.95,913.7,897.5,0.718,2026-01-13 23:17,134525
INDUSTOWER,2026-01-27,320.0,0.0,0.0,0.0,0.05,17000.0,0.0,427.0,433.45,423.1,-1.294,2026-01-13 23:17,145865
INDUSTOWER,2026-01-27,350.0,91.65,5100.0,0.0,0.25,164900.0,51000.0,427.0,433.45,423.1,-1.294,2026-01-13 23:17,96706
INDUSTOWER,2026-01-27,360.0,84.85,6800.0,0.0,0.2,83300.0,1700.0,427.0,433.45,423.1,-1.294,2026-01-13 23:17,80532
INDUSTOWER,2026-01-27,365.0,0.0,0.0,0.0,0.4,23800.0,0.0,427.0,433.45,423.1,-1.294,2026-01-13 23:17,72525
INDUSTOWER,2026-01-27,370.0,52.8,25500.0,0.0,0.4,331500.0,22100.0,427.0,433.45,423.1,-1.294,2026-01-13 23:17,64473
INDUSTOWER,2026-01-27,375.0,51.25,5100.0,0.0,0.3,103700.0,0.0,427.0,433.45,423.1,-1.294,2026-01-13 23:17,56722
INDUSTOWER,2026-01-27,380.0,57.65,28900.0,0.0,0.6,481100.0,190400.0,427.0,433.45,423.1,-1.294,2026-01-13 23:17,48926
INDUSTOWER,2026-01-27,385.0,43.6,3400.0,0.0,0.65,231200.0,64600.0,427.0,433.45,423.1,-1.294,2026-01-13 23:17,41501
INDUSTOWER,2026-01-27,390.0,46.9,22100.0,0.0,0.8,440300.0,176800.0,427.0,433.45,423.1,-1.294,2026-01-13 23:17,34055
INDUSTOWER,2026-01-27,395.0,34.25,3400.0,0.0,1.2,360400.0,119000.0,427.0,433.45,423.1,-1.294,2026-01-13 23:17,26908
INDUSTOWER,2026-01-27,400.0,29.2,916300.0,61200.0,1.5,1582700.0,938400.0,427.0,433.45,423.1,-1.294,2026-01-13 23:17,19844
INDUSTOWER,2026-01-27,405.0,27.55,44200.0,0.0,2.35,467500.0,317900.0,427.0,433.45,423.1,-1.294,2026-01-13 23:17,16498
INDUSTOWER,2026-01-27,410.0,20.5,263500.0,18700.0,3.15,870400.0,673200.0,427.0,433.45,423.1,-1.294,2026-01-13 23:17,10983
INDUSTOWER,2026-01-27,415.0,21.5,239700.0,0.0,4.5,751400.0,1213800.0,427.0,433.45,423.1,-1.294,2026-01-13 23:17,6288
INDUSTOWER,2026-01-27,420.0,14.5,1718700.0,1190000.0,5.6,3665200.0,2206600.0,427.0,433.45,423.1,-1.294,2026-01-13 23:17,2000
INDUSTOWER,2026-01-27,425.0,11.15,778600.0,1089700.0,7.9,1013200.0,1416100.0,427.0,433.45,423.1,-1.294,2026-01-13 23:17,667
INDUSTOWER,2026-01-27,430.0,8.6,3230000.0,4918100.0,10.8,2123300.0,1978800.0,427.0,433.45,423.1,-1.294,2026-01-13 23:17,-142
INDUSTOWER,2026-01-27,435.0,6.95,960500.0,1706800.0,13.9,770100.0,1038700.0,427.0,433.45,423.1,-1.294,2026-01-13 23:17,2141
INDUSTOWER,2026-01-27,440.0,5.15,2682600.0,4914700.0,16.75,856800.0,438600.0,427.0,433.45,423.1,-1.294,2026-01-13 23:17,4403
INDUSTOWER,2026-01-27,445.0,4.0,1759500.0,2184500.0,21.55,435200.0,102000.0,427.0,433.45,423.1,-1.294,2026-01-13 23:17,8784
INDUSTOWER,2026-01-27,450.0,3.05,5203700.0,5168000.0,25.55,914600.0,134300.0,427.0,433.45,423.1,-1.294,2026-01-13 23:17,14082
INDUSTOWER,2026-01-27,455.0,2.25,1099900.0,2374900.0,26.4,144500.0,0.0,427.0,433.45,423.1,-1.294,2026-01-13 23:17,21923
INDUSTOWER,2026-01-27,460.0,1.85,3116100.0,2493900.0,34.75,435200.0,8500.0,427.0,433.45,423.1,-1.294,2026-01-13 23:17,31002
INDUSTOWER,2026-01-27,465.0,1.4,538900.0,234600.0,0.0,0.0,0.0,427.0,433.45,423.1,-1.294,2026-01-13 23:17,41055
INDUSTOWER,2026-01-27,470.0,1.15,1718700.0,962200.0,37.85,57800.0,0.0,427.0,433.45,423.1,-1.294,2026-01-13 23:17,52389
INDUSTOWER,2026-01-27,475.0,0.85,748000.0,110500.0,0.0,0.0,0.0,427.0,433.45,423.1,-1.294,2026-01-13 23:17,64514
INDUSTOWER,2026-01-27,480.0,0.75,1837700.0,860200.0,46.75,45900.0,0.0,427.0,433.45,423.1,-1.294,2026-01-13 23:17,77098
INDUSTOWER,2026-01-27,485.0,0.65,287300.0,141100.0,52.9,28900.0,0.0,427.0,433.45,423.1,-1.294,2026-01-13 23:17,90484
INDUSTOWER,2026-01-27,490.0,0.55,494700.0,205700.0,0.0,0.0,0.0,427.0,433.45,423.1,-1.294,2026-01-13 23:17,103970
INDUSTOWER,2026-01-27,495.0,1.3,5100.0,0.0,0.0,0.0,0.0,427.0,433.45,423.1,-1.294,2026-01-13 23:17,117865
INDUSTOWER,2026-01-27,500.0,0.4,3355800.0,907800.0,68.9,3400.0,0.0,427.0,433.45,423.1,-1.294,2026-01-13 23:17,131736
INDUSTOWER,2026-01-27,505.0,0.6,37400.0,0.0,0.0,0.0,0.0,427.0,433.45,423.1,-1.294,2026-01-13 23:17,147397
INDUSTOWER,2026-01-27,510.0,0.35,68000.0,15300.0,0.0,0.0,0.0,427.0,433.45,423.1,-1.294,2026-01-13 23:17,162968
INDUSTOWER,2026-01-27,515.0,0.0,0.0,0.0,0.0,0.0,0.0,427.0,433.45,423.1,-1.294,2026-01-13 23:17,178573
INFY,2026-01-27,1320.0,289.45,3600.0,0.0,0.5,25600.0,1600.0,1600.0,1618.0,1586.4,0.257,2026-01-13 23:17,259473
INFY,2026-01-27,1360.0,233.0,16400.0,1600.0,1.15,132000.0,12000.0,1600.0,1618.0,1586.4,0.257,2026-01-13 23:17,210530
INFY,2026-01-27,1400.0,197.7,17600.0,1600.0,1.4,597200.0,184000.0,1600.0,1618.0,1586.4,0.257,2026-01-13 23:17,162444
INFY,2026-01-27,1420.0,0.0,0.0,0.0,1.75,142000.0,25200.0,1600.0,1618.0,1586.4,0.257,2026-01-13 23:17,139711
INFY,2026-01-27,1440.0,231.2,4800.0,0.0,2.1,305600.0,252000.0,1600.0,1618.0,1586.4,0.257,2026-01-13 23:17,116974
INFY,2026-01-27,1460.0,145.0,2400.0,0.0,2.6,469600.0,288400.0,1600.0,1618.0,1586.4,0.257,2026-01-13 23:17,94929
INFY,2026-01-27,1480.0,119.95,14800.0,6000.0,3.7,576000.0,640400.0,1600.0,1618.0,1586.4,0.257,2026-01-13 23:17,73693
INFY,2026-01-27,1500.0,107.85,236800.0,37200.0,5.15,1390000.0,1873200.0,1600.0,1618.0,1586.4,0.257,2026-01-13 23:17,53691
INFY,2026-01-27,1520.0,92.35,45600.0,25600.0,7.3,724400.0,1264400.0,1600.0,1618.0,1586.4,0.257,2026-01-13 23:17,38816
INFY,2026-01-27,1540.0,75.9,141600.0,157600.0,11.05,572400.0,1613600.0,1600.0,1618.0,1586.4,0.257,2026-01-13 23:17,23536
INFY,2026-01-27,1560.0,61.0,134400.0,227600.0,15.7,918000.0,1190400.0,1600.0,1618.0,1586.4,0.257,2026-01-13 23:17,10233
INFY,2026-01-27,1580.0,46.45,315200.0,990800.0,22.9,804800.0,2087200.0,1600.0,1618.0,1586.4,0.257,2026-01-13 23:17,-2027
INFY,2026-01-27,1600.0,35.4,2008000.0,4937200.0,31.5,1847200.0,3086400.0,1600.0,1618.0,1586.4,0.257,2026-01-13 23:17,-11806
INFY,2026-01-27,1620.0,26.0,2204800.0,3473200.0,41.5,1628000.0,1546800.0,1600.0,1618.0,1586.4,0.257,2026-01-13 23:17,-12206
INFY,2026-01-27,1640.0,18.35,3076800.0,2852000.0,51.0,744000.0,366000.0,1600.0,1618.0,1586.4,0.257,2026-01-13 23:17,-7254
INFY,2026-01-27,1660.0,12.5,4561600.0,2464800.0,69.35,621200.0,76800.0,1600.0,1618.0,1586.4,0.257,2026-01-13 23:17,8215
INFY,2026-01-27,1680.0,8.5,4089600.0,1870000.0,86.6,240400.0,16400.0,1600.0,1618.0,1586.4,0.257,2026-01-13 23:17,33592
INFY,2026-01-27,1700.0,6.15,4962800.0,2730800.0,100.55,244000.0,30800.0,1600.0,1618.0,1586.4,0.257,2026-01-13 23:17,67629
INFY,2026-01-27,1720.0,4.25,1120000.0,947200.0,126.7,39200.0,21200.0,1600.0,1618.0,1586.4,0.257,2026-01-13 23:17,111285
INFY,2026-01-27,1740.0,3.0,968000.0,564000.0,127.7,36400.0,0.0,1600.0,1618.0,1586.4,0.257,2026-01-13 23:17,156639
INFY,2026-01-27,1760.0,2.4,548800.0,271200.0,158.15,54800.0,0.0,1600.0,1618.0,1586.4,0.257,2026-01-13 23:17,203849
INFY,2026-01-27,1780.0,2.0,302400.0,143200.0,176.75,1200.0,0.0,1600.0,1618.0,1586.4,0.257,2026-01-13 23:17,251705
INFY,2026-01-27,1800.0,1.7,1345200.0,844400.0,198.0,126800.0,0.0,1600.0,1618.0,1586.4,0.257,2026-01-13 23:17,300943
INFY,2026-01-27,1820.0,1.25,321200.0,147600.0,0.0,0.0,0.0,1600.0,1618.0,1586.4,0.257,2026-01-13 23:17,350803
INFY,2026-01-27,1840.0,0.85,654800.0,104400.0,235.0,32000.0,0.0,1600.0,1618.0,1586.4,0.257,2026-01-13 23:17,403628
INFY,2026-01-27,1880.0,0.8,155600.0,11600.0,248.0,16400.0,0.0,1600.0,1618.0,1586.4,0.257,2026-01-13 23:17,511249
INFY,2026-01-27,1920.0,0.6,135200.0,40800.0,270.0,1600.0,0.0,1600.0,1618.0,1586.4,0.257,2026-01-13 23:17,619859
INOXWIND,2026-01-27,90.0,0.0,0.0,0.0,0.0,0.0,0.0,114.84,115.67,111.5,2.198,2026-01-13 23:17,64604
INOXWIND,2026-01-27,95.0,18.24,39325.0,28600.0,0.38,718575.0,1111825.0,114.84,115.67,111.5,2.198,2026-01-13 23:17,52072
INOXWIND,2026-01-27,100.0,15.99,78650.0,71500.0,0.61,1254825.0,1154725.0,114.84,115.67,111.5,2.198,2026-01-13 23:17,39963
INOXWIND,2026-01-27,102.5,0.0,0.0,0.0,0.77,178750.0,307450.0,114.84,115.67,111.5,2.198,2026-01-13 23:17,34269
INOXWIND,2026-01-27,105.0,9.84,121550.0,21450.0,0.96,1912625.0,1876875.0,114.84,115.67,111.5,2.198,2026-01-13 23:17,28557
INOXWIND,2026-01-27,107.5,9.07,722150.0,28600.0,1.2,1333475.0,1194050.0,114.84,115.67,111.5,2.198,2026-01-13 23:17,23303
INOXWIND,2026-01-27,110.0,6.98,579150.0,1118975.0,1.88,2155725.0,1984125.0,114.84,115.67,111.5,2.198,2026-01-13 23:17,19121
INOXWIND,2026-01-27,112.5,5.25,6384950.0,7171450.0,2.67,1966250.0,2838550.0,114.84,115.67,111.5,2.198,2026-01-13 23:17,15128
INOXWIND,2026-01-27,115.0,3.68,2574000.0,8465600.0,3.58,3446300.0,2409550.0,114.84,115.67,111.5,2.198,2026-01-13 23:17,16051
INOXWIND,2026-01-27,117.5,2.57,1372800.0,2502500.0,4.8,761475.0,332475.0,114.84,115.67,111.5,2.198,2026-01-13 23:17,15365
INOXWIND,2026-01-27,120.0,1.78,6427850.0,9420125.0,6.55,2155725.0,1351350.0,114.84,115.67,111.5,2.198,2026-01-13 23:17,15486
INOXWIND,2026-01-27,122.5,1.21,1919775.0,1530100.0,8.1,546975.0,71500.0,114.84,115.67,111.5,2.198,2026-01-13 23:17,17498
INOXWIND,2026-01-27,125.0,0.92,6981975.0,5462600.0,10.75,2691975.0,89375.0,114.84,115.67,111.5,2.198,2026-01-13 23:17,20184
INOXWIND,2026-01-27,127.5,0.65,2077075.0,1022450.0,14.48,486200.0,57200.0,114.84,115.67,111.5,2.198,2026-01-13 23:17,23248
INOXWIND,2026-01-27,130.0,0.5,5762900.0,4583150.0,16.05,1133275.0,10725.0,114.84,115.67,111.5,2.198,2026-01-13 23:17,28634
INOXWIND,2026-01-27,132.5,0.39,1222650.0,507650.0,19.3,132275.0,46475.0,114.84,115.67,111.5,2.198,2026-01-13 23:17,34784
INOXWIND,2026-01-27,135.0,0.32,3614325.0,993850.0,19.68,1065350.0,153725.0,114.84,115.67,111.5,2.198,2026-01-13 23:17,42595
INOXWIND,2026-01-27,137.5,0.24,375375.0,168025.0,22.83,57200.0,0.0,114.84,115.67,111.5,2.198,2026-01-13 23:17,49803
INOXWIND,2026-01-27,140.0,0.21,3224650.0,225225.0,24.5,1769625.0,3575.0,114.84,115.67,111.5,2.198,2026-01-13 23:17,58978
INOXWIND,2026-01-27,142.5,0.14,243100.0,0.0,15.73,21450.0,0.0,114.84,115.67,111.5,2.198,2026-01-13 23:17,65255
INOXWIND,2026-01-27,145.0,0.15,718575.0,264550.0,30.69,50050.0,7150.0,114.84,115.67,111.5,2.198,2026-01-13 23:17,75836
INOXWIND,2026-01-27,147.5,0.19,132275.0,0.0,0.0,0.0,0.0,114.84,115.67,111.5,2.198,2026-01-13 23:17,86497
INOXWIND,2026-01-27,150.0,0.1,1422850.0,178750.0,34.65,500500.0,85800.0,114.84,115.67,111.5,2.198,2026-01-13 23:17,97336
INOXWIND,2026-01-27,152.5,0.34,28600.0,0.0,28.5,71500.0,0.0,114.84,115.67,111.5,2.198,2026-01-13 23:17,106934
INOXWIND,2026-01-27,155.0,0.23,14300.0,0.0,32.2,92950.0,0.0,114.84,115.67,111.5,2.198,2026-01-13 23:17,118074
INOXWIND,2026-01-27,160.0,0.09,825825.0,110825.0,46.5,561275.0,0.0,114.84,115.67,111.5,2.198,2026-01-13 23:17,140514
INOXWIND,2026-01-27,180.0,0.04,214500.0,0.0,0.0,0.0,0.0,114.84,115.67,111.5,2.198,2026-01-13 23:17,231640
IOC,2026-01-27,132.0,0.0,0.0,0.0,0.0,0.0,0.0,157.22,159.4,155.75,-0.645,2026-01-13 23:17,83929
IOC,2026-01-27,134.0,22.8,9750.0,19500.0,0.0,0.0,0.0,157.22,159.4,155.75,-0.645,2026-01-13 23:17,77074
IOC,2026-01-27,135.0,22.0,229125.0,19500.0,0.12,370500.0,29250.0,157.22,159.4,155.75,-0.645,2026-01-13 23:17,73669
IOC,2026-01-27,136.0,0.0,0.0,0.0,0.14,48750.0,0.0,157.22,159.4,155.75,-0.645,2026-01-13 23:17,70802
IOC,2026-01-27,137.0,25.8,48750.0,0.0,0.08,9750.0,0.0,157.22,159.4,155.75,-0.645,2026-01-13 23:17,67440
IOC,2026-01-27,138.0,0.0,0.0,0.0,0.0,0.0,0.0,157.22,159.4,155.75,-0.645,2026-01-13 23:17,64209
IOC,2026-01-27,139.0,23.2,9750.0,0.0,0.18,263250.0,117000.0,157.22,159.4,155.75,-0.645,2026-01-13 23:17,60854
IOC,2026-01-27,140.0,16.0,29250.0,0.0,0.18,536250.0,277875.0,157.22,159.4,155.75,-0.645,2026-01-13 23:17,57543
IOC,2026-01-27,141.0,22.5,4875.0,0.0,0.0,0.0,0.0,157.22,159.4,155.75,-0.645,2026-01-13 23:17,54308
IOC,2026-01-27,142.0,0.0,0.0,0.0,0.23,156000.0,112125.0,157.22,159.4,155.75,-0.645,2026-01-13 23:17,51047
IOC,2026-01-27,143.0,0.0,0.0,0.0,0.28,438750.0,0.0,157.22,159.4,155.75,-0.645,2026-01-13 23:17,47788
IOC,2026-01-27,144.0,0.0,0.0,0.0,0.0,0.0,0.0,157.22,159.4,155.75,-0.645,2026-01-13 23:17,44563
IOC,2026-01-27,145.0,12.0,248625.0,4875.0,0.33,994500.0,448500.0,157.22,159.4,155.75,-0.645,2026-01-13 23:17,41351
IOC,2026-01-27,146.0,0.0,0.0,0.0,0.48,136500.0,14625.0,157.22,159.4,155.75,-0.645,2026-01-13 23:17,38529
IOC,2026-01-27,147.0,0.0,0.0,0.0,0.55,326625.0,4875.0,157.22,159.4,155.75,-0.645,2026-01-13 23:17,35448
IOC,2026-01-27,148.0,15.05,34125.0,0.0,0.54,887250.0,258375.0,157.22,159.4,155.75,-0.645,2026-01-13 23:17,32388
IOC,2026-01-27,149.0,0.0,0.0,0.0,0.67,346125.0,156000.0,157.22,159.4,155.75,-0.645,2026-01-13 23:17,29443
IOC,2026-01-27,150.0,7.8,726375.0,53625.0,0.77,2681250.0,3826875.0,157.22,159.4,155.75,-0.645,2026-01-13 23:17,26505
IOC,2026-01-27,151.0,7.96,4875.0,29250.0,0.92,443625.0,131625.0,157.22,159.4,155.75,-0.645,2026-01-13 23:17,24291
IOC,2026-01-27,152.0,6.55,78000.0,24375.0,1.17,1155375.0,653250.0,157.22,159.4,155.75,-0.645,2026-01-13 23:17,21725
IOC,2026-01-27,153.0,5.45,146250.0,156000.0,1.4,692250.0,297375.0,157.22,159.4,155.75,-0.645,2026-01-13 23:17,19235
IOC,2026-01-27,154.0,5.38,151125.0,0.0,1.65,867750.0,999375.0,157.22,159.4,155.75,-0.645,2026-01-13 23:17,16896
IOC,2026-01-27,155.0,4.8,1194375.0,682500.0,1.94,2769000.0,5947500.0,157.22,159.4,155.75,-0.645,2026-01-13 23:17,14614
IOC,2026-01-27,156.0,4.23,234000.0,516750.0,2.24,1062750.0,1145625.0,157.22,159.4,155.75,-0.645,2026-01-13 23:17,12826
IOC,2026-01-27,157.0,3.49,784875.0,1857375.0,2.71,1369875.0,1857375.0,157.22,159.4,155.75,-0.645,2026-01-13 23:17,10993
IOC,2026-01-27,158.0,3.01,1243125.0,2437500.0,3.19,1599000.0,2076750.0,157.22,159.4,155.75,-0.645,2026-01-13 23:17,9417
IOC,2026-01-27,159.0,2.68,570375.0,1418625.0,3.78,697125.0,331500.0,157.22,159.4,155.75,-0.645,2026-01-13 23:17,8087
IOC,2026-01-27,160.0,2.17,5274750.0,7902375.0,4.19,3929250.0,770250.0,157.22,159.4,155.75,-0.645,2026-01-13 23:17,6908
IOC,2026-01-27,161.0,1.81,614250.0,1135875.0,4.99,468000.0,48750.0,157.22,159.4,155.75,-0.645,2026-01-13 23:17,6259
IOC,2026-01-27,162.0,1.55,1623375.0,1014000.0,6.22,887250.0,24375.0,157.22,159.4,155.75,-0.645,2026-01-13 23:17,6098
IOC,2026-01-27,163.0,1.26,1662375.0,1306500.0,6.58,999375.0,29250.0,157.22,159.4,155.75,-0.645,2026-01-13 23:17,6010
IOC,2026-01-27,164.0,1.09,2071875.0,1033500.0,6.64,697125.0,9750.0,157.22,159.4,155.75,-0.645,2026-01-13 23:17,6040
IOC,2026-01-27,165.0,0.93,7176000.0,4782375.0,8.35,2842125.0,151125.0,157.22,159.4,155.75,-0.645,2026-01-13 23:17,6558
IOC,2026-01-27,166.0,0.77,1282125.0,380250.0,8.3,687375.0,9750.0,157.22,159.4,155.75,-0.645,2026-01-13 23:17,6609
IOC,2026-01-27,167.0,0.67,1798875.0,1116375.0,11.71,1092000.0,0.0,157.22,159.4,155.75,-0.645,2026-01-13 23:17,8091
IOC,2026-01-27,168.0,0.46,3461250.0,385125.0,10.82,862875.0,4875.0,157.22,159.4,155.75,-0.645,2026-01-13 23:17,9176
IOC,2026-01-27,169.0,0.49,1228500.0,146250.0,5.91,19500.0,0.0,157.22,159.4,155.75,-0.645,2026-01-13 23:17,11077
IOC,2026-01-27,170.0,0.44,7926750.0,1521000.0,12.77,1213875.0,43875.0,157.22,159.4,155.75,-0.645,2026-01-13 23:17,13926
IOC,2026-01-27,171.0,0.35,1023750.0,131625.0,0.0,0.0,0.0,157.22,159.4,155.75,-0.645,2026-01-13 23:17,16439
IOC,2026-01-27,172.0,0.31,1291875.0,312000.0,13.0,107250.0,0.0,157.22,159.4,155.75,-0.645,2026-01-13 23:17,20291
IOC,2026-01-27,173.0,0.27,838500.0,146250.0,0.0,0.0,0.0,157.22,159.4,155.75,-0.645,2026-01-13 23:17,24149
IOC,2026-01-27,174.0,0.24,619125.0,87750.0,0.0,0.0,0.0,157.22,159.4,155.75,-0.645,2026-01-13 23:17,28212
IOC,2026-01-27,175.0,0.22,4080375.0,653250.0,17.5,2032875.0,4875.0,157.22,159.4,155.75,-0.645,2026-01-13 23:17,32329
IOC,2026-01-27,176.0,0.19,438750.0,14625.0,0.0,0.0,0.0,157.22,159.4,155.75,-0.645,2026-01-13 23:17,33575
IOC,2026-01-27,177.0,0.19,536250.0,0.0,12.65,14625.0,0.0,157.22,159.4,155.75,-0.645,2026-01-13 23:17,38340
IOC,2026-01-27,178.0,0.16,199875.0,4875.0,0.0,0.0,0.0,157.22,159.4,155.75,-0.645,2026-01-13 23:17,43145
IOC,2026-01-27,179.0,0.14,321750.0,126750.0,0.0,0.0,0.0,157.22,159.4,155.75,-0.645,2026-01-13 23:17,47981
IOC,2026-01-27,180.0,0.14,3978000.0,238875.0,23.2,112125.0,39000.0,157.22,159.4,155.75,-0.645,2026-01-13 23:17,52850
IOC,2026-01-27,181.0,0.12,253500.0,4875.0,0.0,0.0,0.0,157.22,159.4,155.75,-0.645,2026-01-13 23:17,57919
IOC,2026-01-27,182.0,0.1,136500.0,0.0,0.0,0.0,0.0,157.22,159.4,155.75,-0.645,2026-01-13 23:17,63221
IOC,2026-01-27,183.0,0.11,360750.0,0.0,0.0,0.0,0.0,157.22,159.4,155.75,-0.645,2026-01-13 23:17,68535
IOC,2026-01-27,184.0,0.16,48750.0,0.0,0.0,0.0,0.0,157.22,159.4,155.75,-0.645,2026-01-13 23:17,73888
IOC,2026-01-27,185.0,0.08,1301625.0,141375.0,22.0,438750.0,0.0,157.22,159.4,155.75,-0.645,2026-01-13 23:17,79243
IOC,2026-01-27,186.0,0.14,43875.0,0.0,22.68,19500.0,0.0,157.22,159.4,155.75,-0.645,2026-01-13 23:17,83816
IOC,2026-01-27,187.0,0.08,1092000.0,48750.0,0.0,0.0,0.0,157.22,159.4,155.75,-0.645,2026-01-13 23:17,89306
IOC,2026-01-27,188.0,0.0,0.0,0.0,0.0,0.0,0.0,157.22,159.4,155.75,-0.645,2026-01-13 23:17,94958
IOC,2026-01-27,190.0,0.03,273000.0,29250.0,0.0,0.0,0.0,157.22,159.4,155.75,-0.645,2026-01-13 23:17,106245
IRCTC,2026-01-27,530.0,0.0,0.0,0.0,0.0,0.0,0.0,629.9,640.7,626.0,-0.78,2026-01-13 23:17,136693
IRCTC,2026-01-27,540.0,0.0,0.0,0.0,0.0,0.0,0.0,629.9,640.7,626.0,-0.78,2026-01-13 23:17,126469
IRCTC,2026-01-27,550.0,0.0,0.0,0.0,0.0,0.0,0.0,629.9,640.7,626.0,-0.78,2026-01-13 23:17,116246
IRCTC,2026-01-27,560.0,0.0,0.0,0.0,0.7,39375.0,7000.0,629.9,640.7,626.0,-0.78,2026-01-13 23:17,106022
IRCTC,2026-01-27,570.0,0.0,0.0,0.0,0.0,0.0,0.0,629.9,640.7,626.0,-0.78,2026-01-13 23:17,95836
IRCTC,2026-01-27,575.0,0.0,0.0,0.0,0.0,0.0,0.0,629.9,640.7,626.0,-0.78,2026-01-13 23:17,90743
IRCTC,2026-01-27,580.0,51.35,2625.0,5250.0,1.3,97125.0,111125.0,629.9,640.7,626.0,-0.78,2026-01-13 23:17,85651
IRCTC,2026-01-27,585.0,0.0,0.0,0.0,0.0,0.0,0.0,629.9,640.7,626.0,-0.78,2026-01-13 23:17,80610
IRCTC,2026-01-27,590.0,0.0,0.0,0.0,2.1,81375.0,92750.0,629.9,640.7,626.0,-0.78,2026-01-13 23:17,75568
IRCTC,2026-01-27,595.0,0.0,0.0,0.0,2.6,53375.0,78750.0,629.9,640.7,626.0,-0.78,2026-01-13 23:17,70549
IRCTC,2026-01-27,600.0,32.5,42000.0,18375.0,3.35,703500.0,397250.0,629.9,640.7,626.0,-0.78,2026-01-13 23:17,65561
IRCTC,2026-01-27,605.0,0.0,0.0,0.0,4.25,135625.0,191625.0,629.9,640.7,626.0,-0.78,2026-01-13 23:17,60859
IRCTC,2026-01-27,610.0,29.45,6125.0,0.0,5.4,275625.0,319375.0,629.9,640.7,626.0,-0.78,2026-01-13 23:17,56268
IRCTC,2026-01-27,615.0,0.0,0.0,0.0,6.75,85750.0,91000.0,629.9,640.7,626.0,-0.78,2026-01-13 23:17,51743
IRCTC,2026-01-27,620.0,17.25,81375.0,295750.0,8.55,483875.0,489125.0,629.9,640.7,626.0,-0.78,2026-01-13 23:17,47335
IRCTC,2026-01-27,625.0,14.25,62125.0,280000.0,10.35,114625.0,349125.0,629.9,640.7,626.0,-0.78,2026-01-13 23:17,42994
IRCTC,2026-01-27,630.0,11.8,405125.0,1475250.0,12.95,352625.0,891625.0,629.9,640.7,626.0,-0.78,2026-01-13 23:17,38984
IRCTC,2026-01-27,635.0,9.8,303625.0,1094625.0,15.8,170625.0,222250.0,629.9,640.7,626.0,-0.78,2026-01-13 23:17,35405
IRCTC,2026-01-27,640.0,8.0,765625.0,2239125.0,19.55,686875.0,257250.0,629.9,640.7,626.0,-0.78,2026-01-13 23:17,32069
IRCTC,2026-01-27,645.0,6.7,177625.0,248500.0,22.0,82250.0,26250.0,629.9,640.7,626.0,-0.78,2026-01-13 23:17,28702
IRCTC,2026-01-27,650.0,5.4,842625.0,1713250.0,25.8,627375.0,87500.0,629.9,640.7,626.0,-0.78,2026-01-13 23:17,26133
IRCTC,2026-01-27,655.0,4.45,214375.0,480375.0,29.6,159250.0,8750.0,629.9,640.7,626.0,-0.78,2026-01-13 23:17,23197
IRCTC,2026-01-27,660.0,3.75,870625.0,812000.0,33.55,496125.0,63875.0,629.9,640.7,626.0,-0.78,2026-01-13 23:17,21235
IRCTC,2026-01-27,665.0,3.05,404250.0,207375.0,40.15,155750.0,3500.0,629.9,640.7,626.0,-0.78,2026-01-13 23:17,18995
IRCTC,2026-01-27,670.0,2.65,1414000.0,779625.0,46.4,589750.0,18375.0,629.9,640.7,626.0,-0.78,2026-01-13 23:17,17871
IRCTC,2026-01-27,675.0,2.25,429625.0,258125.0,46.0,168875.0,875.0,629.9,640.7,626.0,-0.78,2026-01-13 23:17,15889
IRCTC,2026-01-27,680.0,1.95,2114000.0,914375.0,53.55,906500.0,81375.0,629.9,640.7,626.0,-0.78,2026-01-13 23:17,15888
IRCTC,2026-01-27,685.0,1.65,812000.0,169750.0,53.5,147000.0,3500.0,629.9,640.7,626.0,-0.78,2026-01-13 23:17,13635
IRCTC,2026-01-27,690.0,1.45,869750.0,392000.0,60.8,380625.0,20125.0,629.9,640.7,626.0,-0.78,2026-01-13 23:17,15651
IRCTC,2026-01-27,695.0,1.35,506625.0,121625.0,61.4,141750.0,0.0,629.9,640.7,626.0,-0.78,2026-01-13 23:17,16757
IRCTC,2026-01-27,700.0,1.2,5184375.0,1533000.0,72.5,1224125.0,26250.0,629.9,640.7,626.0,-0.78,2026-01-13 23:17,19573
IRCTC,2026-01-27,705.0,1.05,478625.0,132125.0,68.65,217000.0,0.0,629.9,640.7,626.0,-0.78,2026-01-13 23:17,18143
IRCTC,2026-01-27,710.0,1.0,2916375.0,621250.0,82.85,553000.0,7875.0,629.9,640.7,626.0,-0.78,2026-01-13 23:17,23873
IRCTC,2026-01-27,715.0,0.9,273875.0,74375.0,82.0,155750.0,0.0,629.9,640.7,626.0,-0.78,2026-01-13 23:17,28488
IRCTC,2026-01-27,720.0,0.8,1519000.0,592375.0,90.05,156625.0,0.0,629.9,640.7,626.0,-0.78,2026-01-13 23:17,36356
IRCTC,2026-01-27,725.0,0.75,238000.0,39375.0,97.2,18375.0,0.0,629.9,640.7,626.0,-0.78,2026-01-13 23:17,45024
IRCTC,2026-01-27,730.0,0.65,708750.0,194250.0,96.5,73500.0,0.0,629.9,640.7,626.0,-0.78,2026-01-13 23:17,54949
IRCTC,2026-01-27,735.0,0.65,136500.0,24500.0,56.0,875.0,0.0,629.9,640.7,626.0,-0.78,2026-01-13 23:17,64763
IRCTC,2026-01-27,740.0,0.55,500500.0,104125.0,112.15,57750.0,9625.0,629.9,640.7,626.0,-0.78,2026-01-13 23:17,75312
IRCTC,2026-01-27,745.0,0.55,185500.0,47250.0,0.0,0.0,0.0,629.9,640.7,626.0,-0.78,2026-01-13 23:17,85517
IRCTC,2026-01-27,750.0,0.5,2268875.0,632625.0,121.75,177625.0,13125.0,629.9,640.7,626.0,-0.78,2026-01-13 23:17,96444
IRCTC,2026-01-27,755.0,0.45,87500.0,11375.0,0.0,0.0,0.0,629.9,640.7,626.0,-0.78,2026-01-13 23:17,106536
IRCTC,2026-01-27,760.0,0.4,447125.0,42875.0,129.5,24500.0,5250.0,629.9,640.7,626.0,-0.78,2026-01-13 23:17,118724
IRCTC,2026-01-27,765.0,0.4,36750.0,3500.0,0.0,0.0,0.0,629.9,640.7,626.0,-0.78,2026-01-13 23:17,130845
IRCTC,2026-01-27,770.0,0.3,288750.0,23625.0,111.0,6125.0,0.0,629.9,640.7,626.0,-0.78,2026-01-13 23:17,143285
IRCTC,2026-01-27,780.0,0.3,315875.0,153125.0,146.45,11375.0,1750.0,629.9,640.7,626.0,-0.78,2026-01-13 23:17,168398
IRCTC,2026-01-27,790.0,0.3,140875.0,27125.0,103.0,3500.0,0.0,629.9,640.7,626.0,-0.78,2026-01-13 23:17,193740
IRCTC,2026-01-27,800.0,0.25,2124500.0,96250.0,170.1,350000.0,875.0,629.9,640.7,626.0,-0.78,2026-01-13 23:17,219352
IRCTC,2026-01-27,810.0,0.4,46375.0,0.0,133.85,2625.0,0.0,629.9,640.7,626.0,-0.78,2026-01-13 23:17,241569
IRCTC,2026-01-27,820.0,0.25,326375.0,1750.0,120.0,55125.0,0.0,629.9,640.7,626.0,-0.78,2026-01-13 23:17,269703
IREDA,2026-01-27,105.0,0.0,0.0,0.0,0.02,120750.0,86250.0,140.1,143.0,138.25,-0.989,2026-01-13 23:17,74784
IREDA,2026-01-27,110.0,0.0,0.0,0.0,0.14,244950.0,93150.0,140.1,143.0,138.25,-0.989,2026-01-13 23:17,61299
IREDA,2026-01-27,115.0,32.0,17250.0,0.0,0.2,382950.0,345000.0,140.1,143.0,138.25,-0.989,2026-01-13 23:17,47934
IREDA,2026-01-27,116.0,0.0,0.0,0.0,0.0,0.0,0.0,140.1,143.0,138.25,-0.989,2026-01-13 23:17,45349
IREDA,2026-01-27,117.5,15.09,27600.0,0.0,0.39,41400.0,0.0,140.1,143.0,138.25,-0.989,2026-01-13 23:17,41401
IREDA,2026-01-27,118.0,0.0,0.0,0.0,0.0,0.0,0.0,140.1,143.0,138.25,-0.989,2026-01-13 23:17,40128
IREDA,2026-01-27,120.0,19.85,106950.0,0.0,0.33,993600.0,1028100.0,140.1,143.0,138.25,-0.989,2026-01-13 23:17,34877
IREDA,2026-01-27,122.0,0.0,0.0,0.0,0.52,131100.0,24150.0,140.1,143.0,138.25,-0.989,2026-01-13 23:17,30026
IREDA,2026-01-27,122.5,19.0,24150.0,0.0,0.4,193200.0,37950.0,140.1,143.0,138.25,-0.989,2026-01-13 23:17,28768
IREDA,2026-01-27,124.0,0.0,0.0,0.0,0.46,186300.0,0.0,140.1,143.0,138.25,-0.989,2026-01-13 23:17,25085
IREDA,2026-01-27,125.0,15.08,58650.0,31050.0,0.53,2383950.0,1642200.0,140.1,143.0,138.25,-0.989,2026-01-13 23:17,22615
IREDA,2026-01-27,126.0,0.0,0.0,0.0,0.6,169050.0,262200.0,140.1,143.0,138.25,-0.989,2026-01-13 23:17,20359
IREDA,2026-01-27,127.0,0.0,0.0,0.0,0.79,196650.0,286350.0,140.1,143.0,138.25,-0.989,2026-01-13 23:17,18148
IREDA,2026-01-27,127.5,11.83,34500.0,3450.0,0.7,403650.0,203550.0,140.1,143.0,138.25,-0.989,2026-01-13 23:17,17042
IREDA,2026-01-27,128.0,0.0,0.0,0.0,0.78,407100.0,234600.0,140.1,143.0,138.25,-0.989,2026-01-13 23:17,15986
IREDA,2026-01-27,129.0,0.0,0.0,0.0,0.86,327750.0,186300.0,140.1,143.0,138.25,-0.989,2026-01-13 23:17,13858
IREDA,2026-01-27,130.0,10.6,410550.0,131100.0,1.0,2718600.0,3287850.0,140.1,143.0,138.25,-0.989,2026-01-13 23:17,11766
IREDA,2026-01-27,131.0,7.81,31050.0,0.0,1.08,213900.0,10350.0,140.1,143.0,138.25,-0.989,2026-01-13 23:17,10178
IREDA,2026-01-27,132.0,8.7,27600.0,0.0,1.34,607200.0,976350.0,140.1,143.0,138.25,-0.989,2026-01-13 23:17,8453
IREDA,2026-01-27,132.5,7.97,72450.0,27600.0,1.43,410550.0,182850.0,140.1,143.0,138.25,-0.989,2026-01-13 23:17,7564
IREDA,2026-01-27,133.0,7.59,13800.0,3450.0,1.57,348450.0,338100.0,140.1,143.0,138.25,-0.989,2026-01-13 23:17,6756
IREDA,2026-01-27,134.0,8.85,410550.0,0.0,1.75,262200.0,448500.0,140.1,143.0,138.25,-0.989,2026-01-13 23:17,5133
IREDA,2026-01-27,135.0,6.68,962550.0,1300650.0,2.0,2056200.0,2794500.0,140.1,143.0,138.25,-0.989,2026-01-13 23:17,3940
IREDA,2026-01-27,136.0,5.87,465750.0,269100.0,2.26,244950.0,403650.0,140.1,143.0,138.25,-0.989,2026-01-13 23:17,2962
IREDA,2026-01-27,137.0,5.18,441600.0,269100.0,2.68,507150.0,1121250.0,140.1,143.0,138.25,-0.989,2026-01-13 23:17,2042
IREDA,2026-01-27,137.5,5.03,489900.0,621000.0,2.87,634800.0,455400.0,140.1,143.0,138.25,-0.989,2026-01-13 23:17,1613
IREDA,2026-01-27,138.0,4.73,772800.0,1549050.0,3.02,796950.0,2007900.0,140.1,143.0,138.25,-0.989,2026-01-13 23:17,1212
IREDA,2026-01-27,139.0,4.18,1079850.0,2511600.0,3.52,621000.0,1980300.0,140.1,143.0,138.25,-0.989,2026-01-13 23:17,563
IREDA,2026-01-27,140.0,3.71,6627450.0,19682250.0,4.04,3691500.0,3795000.0,140.1,143.0,138.25,-0.989,2026-01-13 23:17,192
IREDA,2026-01-27,141.0,3.25,1231650.0,3111900.0,4.61,403650.0,462300.0,140.1,143.0,138.25,-0.989,2026-01-13 23:17,1588
IREDA,2026-01-27,142.0,2.86,1590450.0,4374600.0,5.2,200100.0,289800.0,140.1,143.0,138.25,-0.989,2026-01-13 23:17,2394
IREDA,2026-01-27,142.5,2.7,1000500.0,1845750.0,5.73,338100.0,24150.0,140.1,143.0,138.25,-0.989,2026-01-13 23:17,3130
IREDA,2026-01-27,143.0,2.51,800400.0,1752600.0,6.1,89700.0,17250.0,140.1,143.0,138.25,-0.989,2026-01-13 23:17,3659
IREDA,2026-01-27,144.0,2.22,572700.0,1286850.0,6.68,593400.0,34500.0,140.1,143.0,138.25,-0.989,2026-01-13 23:17,4798
IREDA,2026-01-27,145.0,1.96,7655550.0,10408650.0,7.25,2277000.0,213900.0,140.1,143.0,138.25,-0.989,2026-01-13 23:17,5639
IREDA,2026-01-27,146.0,1.77,869400.0,679650.0,7.35,379500.0,0.0,140.1,143.0,138.25,-0.989,2026-01-13 23:17,7592
IREDA,2026-01-27,147.0,1.48,790050.0,745200.0,10.1,144900.0,3450.0,140.1,143.0,138.25,-0.989,2026-01-13 23:17,9696
IREDA,2026-01-27,147.5,1.4,741750.0,324300.0,9.59,100050.0,0.0,140.1,143.0,138.25,-0.989,2026-01-13 23:17,10827
IREDA,2026-01-27,148.0,1.36,514050.0,345000.0,9.31,44850.0,0.0,140.1,143.0,138.25,-0.989,2026-01-13 23:17,12038
IREDA,2026-01-27,149.0,1.18,414000.0,289800.0,13.63,34500.0,0.0,140.1,143.0,138.25,-0.989,2026-01-13 23:17,14528
IREDA,2026-01-27,150.0,1.05,10322400.0,10988250.0,12.83,1511100.0,48300.0,140.1,143.0,138.25,-0.989,2026-01-13 23:17,17037
IREDA,2026-01-27,151.0,0.89,200100.0,110400.0,9.56,3450.0,0.0,140.1,143.0,138.25,-0.989,2026-01-13 23:17,19872
IREDA,2026-01-27,152.0,0.83,424350.0,234600.0,16.46,10350.0,0.0,140.1,143.0,138.25,-0.989,2026-01-13 23:17,23597
IREDA,2026-01-27,152.5,0.8,372600.0,162150.0,10.57,27600.0,0.0,140.1,143.0,138.25,-0.989,2026-01-13 23:17,25492
IREDA,2026-01-27,153.0,1.25,27600.0,0.0,0.0,0.0,0.0,140.1,143.0,138.25,-0.989,2026-01-13 23:17,27390
IREDA,2026-01-27,154.0,0.75,279450.0,44850.0,0.0,0.0,0.0,140.1,143.0,138.25,-0.989,2026-01-13 23:17,31190
IREDA,2026-01-27,155.0,0.6,3381000.0,3957150.0,17.48,293250.0,13800.0,140.1,143.0,138.25,-0.989,2026-01-13 23:17,35036
IREDA,2026-01-27,156.0,0.77,100050.0,0.0,0.0,0.0,0.0,140.1,143.0,138.25,-0.989,2026-01-13 23:17,38918
IREDA,2026-01-27,157.0,0.68,96600.0,0.0,0.0,0.0,0.0,140.1,143.0,138.25,-0.989,2026-01-13 23:17,43128
IREDA,2026-01-27,157.5,0.46,369150.0,351900.0,13.59,6900.0,0.0,140.1,143.0,138.25,-0.989,2026-01-13 23:17,45240
IREDA,2026-01-27,158.0,0.59,62100.0,0.0,15.74,48300.0,0.0,140.1,143.0,138.25,-0.989,2026-01-13 23:17,47372
IREDA,2026-01-27,159.0,0.37,103500.0,24150.0,20.59,148350.0,10350.0,140.1,143.0,138.25,-0.989,2026-01-13 23:17,51561
IREDA,2026-01-27,160.0,0.35,4616100.0,2342550.0,22.0,414000.0,10350.0,140.1,143.0,138.25,-0.989,2026-01-13 23:17,55544
IREDA,2026-01-27,161.0,0.31,131100.0,34500.0,0.0,0.0,0.0,140.1,143.0,138.25,-0.989,2026-01-13 23:17,59584
IREDA,2026-01-27,162.0,0.39,3450.0,0.0,0.0,0.0,0.0,140.1,143.0,138.25,-0.989,2026-01-13 23:17,64390
IREDA,2026-01-27,163.0,0.78,0.0,0.0,0.0,0.0,0.0,140.1,143.0,138.25,-0.989,2026-01-13 23:17,69192
IREDA,2026-01-27,164.0,0.0,0.0,0.0,0.0,0.0,0.0,140.1,143.0,138.25,-0.989,2026-01-13 23:17,73994
IREDA,2026-01-27,165.0,0.24,934950.0,534750.0,23.7,79350.0,0.0,140.1,143.0,138.25,-0.989,2026-01-13 23:17,78796
IREDA,2026-01-27,166.0,0.0,0.0,0.0,0.0,0.0,0.0,140.1,143.0,138.25,-0.989,2026-01-13 23:17,83534
IREDA,2026-01-27,167.0,0.82,3450.0,0.0,0.0,0.0,0.0,140.1,143.0,138.25,-0.989,2026-01-13 23:17,88437
IREDA,2026-01-27,170.0,0.12,1921650.0,472650.0,30.3,645150.0,106950.0,140.1,143.0,138.25,-0.989,2026-01-13 23:17,103149
IRFC,2026-01-27,90.0,0.0,0.0,0.0,0.09,68000.0,0.0,121.3,123.84,120.28,-1.085,2026-01-13 23:17,97751
IRFC,2026-01-27,92.0,0.0,0.0,0.0,0.1,42500.0,0.0,121.3,123.84,120.28,-1.085,2026-01-13 23:17,90722
IRFC,2026-01-27,94.0,0.0,0.0,0.0,0.15,46750.0,0.0,121.3,123.84,120.28,-1.085,2026-01-13 23:17,83702
IRFC,2026-01-27,96.0,0.0,0.0,0.0,2.3,25500.0,0.0,121.3,123.84,120.28,-1.085,2026-01-13 23:17,76692
IRFC,2026-01-27,98.0,0.0,0.0,0.0,0.43,21250.0,0.0,121.3,123.84,120.28,-1.085,2026-01-13 23:17,69681
IRFC,2026-01-27,99.0,0.0,0.0,0.0,0.47,21250.0,0.0,121.3,123.84,120.28,-1.085,2026-01-13 23:17,66180
IRFC,2026-01-27,100.0,15.0,4250.0,0.0,0.17,539750.0,131750.0,121.3,123.84,120.28,-1.085,2026-01-13 23:17,62681
IRFC,2026-01-27,102.0,0.0,0.0,0.0,0.27,174250.0,0.0,121.3,123.84,120.28,-1.085,2026-01-13 23:17,55790
IRFC,2026-01-27,103.0,0.0,0.0,0.0,0.23,106250.0,0.0,121.3,123.84,120.28,-1.085,2026-01-13 23:17,52359
IRFC,2026-01-27,104.0,0.0,0.0,0.0,0.26,293250.0,0.0,121.3,123.84,120.28,-1.085,2026-01-13 23:17,48941
IRFC,2026-01-27,105.0,0.0,0.0,0.0,0.28,629000.0,4250.0,121.3,123.84,120.28,-1.085,2026-01-13 23:17,45547
IRFC,2026-01-27,106.0,23.0,17000.0,0.0,0.35,204000.0,55250.0,121.3,123.84,120.28,-1.085,2026-01-13 23:17,42206
IRFC,2026-01-27,107.0,8.78,4250.0,0.0,0.0,0.0,0.0,121.3,123.84,120.28,-1.085,2026-01-13 23:17,38936
IRFC,2026-01-27,108.0,0.0,0.0,0.0,0.41,586500.0,552500.0,121.3,123.84,120.28,-1.085,2026-01-13 23:17,35639
IRFC,2026-01-27,109.0,0.0,0.0,0.0,0.53,144500.0,4250.0,121.3,123.84,120.28,-1.085,2026-01-13 23:17,32373
IRFC,2026-01-27,110.0,13.49,144500.0,0.0,0.56,2473500.0,790500.0,121.3,123.84,120.28,-1.085,2026-01-13 23:17,29137
IRFC,2026-01-27,111.0,18.95,4250.0,0.0,0.72,233750.0,25500.0,121.3,123.84,120.28,-1.085,2026-01-13 23:17,26228
IRFC,2026-01-27,112.0,14.0,106250.0,0.0,0.86,786250.0,106250.0,121.3,123.84,120.28,-1.085,2026-01-13 23:17,23277
IRFC,2026-01-27,113.0,11.55,63750.0,0.0,1.08,276250.0,85000.0,121.3,123.84,120.28,-1.085,2026-01-13 23:17,20505
IRFC,2026-01-27,114.0,9.95,51000.0,0.0,1.07,527000.0,374000.0,121.3,123.84,120.28,-1.085,2026-01-13 23:17,17730
IRFC,2026-01-27,115.0,8.18,314500.0,59500.0,1.24,3310750.0,1491750.0,121.3,123.84,120.28,-1.085,2026-01-13 23:17,14963
IRFC,2026-01-27,116.0,7.22,51000.0,21250.0,1.49,879750.0,433500.0,121.3,123.84,120.28,-1.085,2026-01-13 23:17,12411
IRFC,2026-01-27,117.0,7.04,51000.0,0.0,1.76,1377000.0,119000.0,121.3,123.84,120.28,-1.085,2026-01-13 23:17,10011
IRFC,2026-01-27,118.0,7.0,136000.0,4250.0,2.09,854250.0,629000.0,121.3,123.84,120.28,-1.085,2026-01-13 23:17,7642
IRFC,2026-01-27,119.0,4.9,63750.0,12750.0,2.5,646000.0,463250.0,121.3,123.84,120.28,-1.085,2026-01-13 23:17,5494
IRFC,2026-01-27,120.0,4.65,2095250.0,867000.0,2.83,3332000.0,1304750.0,121.3,123.84,120.28,-1.085,2026-01-13 23:17,3371
IRFC,2026-01-27,121.0,4.14,544000.0,429250.0,3.32,582250.0,918000.0,121.3,123.84,120.28,-1.085,2026-01-13 23:17,1953
IRFC,2026-01-27,122.0,3.61,879750.0,1088000.0,3.86,782000.0,493000.0,121.3,123.84,120.28,-1.085,2026-01-13 23:17,647
IRFC,2026-01-27,123.0,3.15,1959250.0,2592500.0,4.31,1275000.0,420750.0,121.3,123.84,120.28,-1.085,2026-01-13 23:17,-508
IRFC,2026-01-27,124.0,2.83,1474750.0,1776500.0,4.75,1024250.0,42500.0,121.3,123.84,120.28,-1.085,2026-01-13 23:17,-1288
IRFC,2026-01-27,125.0,2.47,6039250.0,5886250.0,5.75,3242750.0,255000.0,121.3,123.84,120.28,-1.085,2026-01-13 23:17,-1955
IRFC,2026-01-27,126.0,2.21,1517250.0,1262250.0,5.64,752250.0,0.0,121.3,123.84,120.28,-1.085,2026-01-13 23:17,-1998
IRFC,2026-01-27,127.0,1.92,1593750.0,930750.0,8.01,748000.0,72250.0,121.3,123.84,120.28,-1.085,2026-01-13 23:17,-1529
IRFC,2026-01-27,128.0,1.73,3357500.0,1895500.0,7.91,1003000.0,0.0,121.3,123.84,120.28,-1.085,2026-01-13 23:17,-1031
IRFC,2026-01-27,129.0,1.55,1287750.0,182750.0,7.94,433500.0,0.0,121.3,123.84,120.28,-1.085,2026-01-13 23:17,-16
IRFC,2026-01-27,130.0,1.42,13175000.0,3952500.0,9.62,3914250.0,21250.0,121.3,123.84,120.28,-1.085,2026-01-13 23:17,1238
IRFC,2026-01-27,131.0,1.24,1160250.0,187000.0,9.48,272000.0,0.0,121.3,123.84,120.28,-1.085,2026-01-13 23:17,2451
IRFC,2026-01-27,132.0,1.19,1963500.0,357000.0,10.35,603500.0,0.0,121.3,123.84,120.28,-1.085,2026-01-13 23:17,5589
IRFC,2026-01-27,133.0,0.99,1776500.0,488750.0,11.22,348500.0,0.0,121.3,123.84,120.28,-1.085,2026-01-13 23:17,8706
IRFC,2026-01-27,134.0,0.95,1551250.0,382500.0,10.11,272000.0,0.0,121.3,123.84,120.28,-1.085,2026-01-13 23:17,12212
IRFC,2026-01-27,135.0,0.9,7662750.0,3247000.0,12.86,956250.0,0.0,121.3,123.84,120.28,-1.085,2026-01-13 23:17,15988
IRFC,2026-01-27,136.0,0.78,2142000.0,259250.0,13.97,246500.0,0.0,121.3,123.84,120.28,-1.085,2026-01-13 23:17,20213
IRFC,2026-01-27,137.0,0.7,773500.0,85000.0,0.0,0.0,0.0,121.3,123.84,120.28,-1.085,2026-01-13 23:17,25039
IRFC,2026-01-27,138.0,0.61,1185750.0,221000.0,10.05,38250.0,0.0,121.3,123.84,120.28,-1.085,2026-01-13 23:17,30175
IRFC,2026-01-27,139.0,0.5,918000.0,17000.0,0.0,0.0,0.0,121.3,123.84,120.28,-1.085,2026-01-13 23:17,35412
IRFC,2026-01-27,140.0,0.59,14883500.0,2622250.0,18.3,833000.0,127500.0,121.3,123.84,120.28,-1.085,2026-01-13 23:17,40754
IRFC,2026-01-27,141.0,0.58,505750.0,46750.0,0.0,0.0,0.0,121.3,123.84,120.28,-1.085,2026-01-13 23:17,46975
IRFC,2026-01-27,142.0,0.5,913750.0,38250.0,17.62,34000.0,0.0,121.3,123.84,120.28,-1.085,2026-01-13 23:17,53922
IRFC,2026-01-27,143.0,0.46,335750.0,8500.0,0.0,0.0,0.0,121.3,123.84,120.28,-1.085,2026-01-13 23:17,60920
IRFC,2026-01-27,144.0,0.33,2095250.0,187000.0,19.0,4250.0,0.0,121.3,123.84,120.28,-1.085,2026-01-13 23:17,67982
IRFC,2026-01-27,145.0,0.39,4080000.0,816000.0,20.62,46750.0,0.0,121.3,123.84,120.28,-1.085,2026-01-13 23:17,75299
IRFC,2026-01-27,146.0,0.36,799000.0,314500.0,21.8,85000.0,0.0,121.3,123.84,120.28,-1.085,2026-01-13 23:17,83030
IRFC,2026-01-27,147.0,0.41,323000.0,0.0,0.0,0.0,0.0,121.3,123.84,120.28,-1.085,2026-01-13 23:17,90631
IRFC,2026-01-27,148.0,0.16,331500.0,12750.0,0.0,0.0,0.0,121.3,123.84,120.28,-1.085,2026-01-13 23:17,98433
IRFC,2026-01-27,149.0,0.3,599250.0,8500.0,0.0,0.0,0.0,121.3,123.84,120.28,-1.085,2026-01-13 23:17,106261
IRFC,2026-01-27,150.0,0.27,6001000.0,858500.0,23.0,110500.0,0.0,121.3,123.84,120.28,-1.085,2026-01-13 23:17,114162
IRFC,2026-01-27,151.0,0.34,263500.0,0.0,0.0,0.0,0.0,121.3,123.84,120.28,-1.085,2026-01-13 23:17,122563
IRFC,2026-01-27,152.0,0.26,386750.0,34000.0,0.0,0.0,0.0,121.3,123.84,120.28,-1.085,2026-01-13 23:17,131092
IRFC,2026-01-27,154.0,0.2,2711500.0,531250.0,0.0,0.0,0.0,121.3,123.84,120.28,-1.085,2026-01-13 23:17,148219
ITC,2026-01-27,275.0,0.0,0.0,0.0,0.0,0.0,0.0,334.3,339.5,333.7,-1.212,2026-01-13 23:17,866562
ITC,2026-01-27,280.0,0.0,0.0,0.0,0.1,102400.0,59200.0,334.3,339.5,333.7,-1.212,2026-01-13 23:17,807428
ITC,2026-01-27,285.0,0.0,0.0,0.0,0.2,40000.0,0.0,334.3,339.5,333.7,-1.212,2026-01-13 23:17,748343
ITC,2026-01-27,290.0,53.6,4800.0,0.0,0.2,710400.0,507200.0,334.3,339.5,333.7,-1.212,2026-01-13 23:17,689279
ITC,2026-01-27,292.5,49.25,4800.0,0.0,0.2,368000.0,40000.0,334.3,339.5,333.7,-1.212,2026-01-13 23:17,659938
ITC,2026-01-27,295.0,48.5,11200.0,0.0,0.25,230400.0,166400.0,334.3,339.5,333.7,-1.212,2026-01-13 23:17,630695
ITC,2026-01-27,297.5,44.2,4800.0,0.0,0.3,56000.0,0.0,334.3,339.5,333.7,-1.212,2026-01-13 23:17,601544
ITC,2026-01-27,300.0,35.7,121600.0,161600.0,0.35,3472000.0,2782400.0,334.3,339.5,333.7,-1.212,2026-01-13 23:17,572380
ITC,2026-01-27,302.5,39.55,4800.0,0.0,0.4,64000.0,52800.0,334.3,339.5,333.7,-1.212,2026-01-13 23:17,544407
ITC,2026-01-27,305.0,36.0,1600.0,0.0,0.4,2345600.0,1248000.0,334.3,339.5,333.7,-1.212,2026-01-13 23:17,516155
ITC,2026-01-27,307.5,31.1,3200.0,1600.0,0.5,75200.0,48000.0,334.3,339.5,333.7,-1.212,2026-01-13 23:17,488385
ITC,2026-01-27,310.0,25.6,4800.0,4800.0,0.55,2596800.0,1380800.0,334.3,339.5,333.7,-1.212,2026-01-13 23:17,460729
ITC,2026-01-27,312.5,0.0,0.0,0.0,0.65,104000.0,51200.0,334.3,339.5,333.7,-1.212,2026-01-13 23:17,433587
ITC,2026-01-27,315.0,27.9,14400.0,0.0,0.8,1780800.0,1422400.0,334.3,339.5,333.7,-1.212,2026-01-13 23:17,406595
ITC,2026-01-27,317.5,25.35,0.0,0.0,0.95,350400.0,228800.0,334.3,339.5,333.7,-1.212,2026-01-13 23:17,379956
ITC,2026-01-27,320.0,16.4,300800.0,172800.0,1.2,5104000.0,4206400.0,334.3,339.5,333.7,-1.212,2026-01-13 23:17,353473
ITC,2026-01-27,322.5,18.45,8000.0,0.0,1.5,697600.0,1176000.0,334.3,339.5,333.7,-1.212,2026-01-13 23:17,328256
ITC,2026-01-27,325.0,12.15,142400.0,238400.0,1.9,2595200.0,3227200.0,334.3,339.5,333.7,-1.212,2026-01-13 23:17,303244
ITC,2026-01-27,327.5,9.95,72000.0,224000.0,2.4,939200.0,2572800.0,334.3,339.5,333.7,-1.212,2026-01-13 23:17,278687
ITC,2026-01-27,330.0,8.3,1395200.0,3144000.0,3.05,9401600.0,10089600.0,334.3,339.5,333.7,-1.212,2026-01-13 23:17,254549
ITC,2026-01-27,332.5,6.6,945600.0,2188800.0,3.75,2115200.0,7190400.0,334.3,339.5,333.7,-1.212,2026-01-13 23:17,231554
ITC,2026-01-27,335.0,5.15,3062400.0,8894400.0,4.9,4558400.0,10468800.0,334.3,339.5,333.7,-1.212,2026-01-13 23:17,210865
ITC,2026-01-27,337.5,4.0,2833600.0,7316800.0,6.15,2505600.0,6638400.0,334.3,339.5,333.7,-1.212,2026-01-13 23:17,191594
ITC,2026-01-27,340.0,3.0,21894400.0,32756800.0,7.6,13584000.0,10966400.0,334.3,339.5,333.7,-1.212,2026-01-13 23:17,173906
ITC,2026-01-27,342.5,2.35,5118400.0,4872000.0,9.7,2217600.0,2281600.0,334.3,339.5,333.7,-1.212,2026-01-13 23:17,161741
ITC,2026-01-27,345.0,1.9,12096000.0,15923200.0,11.5,3452800.0,3558400.0,334.3,339.5,333.7,-1.212,2026-01-13 23:17,154216
ITC,2026-01-27,347.5,1.55,6340800.0,6027200.0,13.95,1406400.0,491200.0,334.3,339.5,333.7,-1.212,2026-01-13 23:17,149854
ITC,2026-01-27,350.0,1.4,41395200.0,39006400.0,16.1,13849600.0,2161600.0,334.3,339.5,333.7,-1.212,2026-01-13 23:17,148123
ITC,2026-01-27,352.5,1.1,6249600.0,4313600.0,18.3,1012800.0,60800.0,334.3,339.5,333.7,-1.212,2026-01-13 23:17,144679
ITC,2026-01-27,355.0,1.0,14492800.0,17155200.0,20.6,2251200.0,115200.0,334.3,339.5,333.7,-1.212,2026-01-13 23:17,158387
ITC,2026-01-27,357.5,0.85,2731200.0,2643200.0,22.45,460800.0,40000.0,334.3,339.5,333.7,-1.212,2026-01-13 23:17,174260
ITC,2026-01-27,360.0,0.7,33396800.0,51046400.0,25.5,5036800.0,435200.0,334.3,339.5,333.7,-1.212,2026-01-13 23:17,193316
ITC,2026-01-27,362.5,0.65,3252800.0,1875200.0,25.05,208000.0,41600.0,334.3,339.5,333.7,-1.212,2026-01-13 23:17,212276
ITC,2026-01-27,365.0,0.6,11436800.0,15489600.0,29.9,2819200.0,275200.0,334.3,339.5,333.7,-1.212,2026-01-13 23:17,242299
ITC,2026-01-27,367.5,0.55,2161600.0,1464000.0,27.65,385600.0,0.0,334.3,339.5,333.7,-1.212,2026-01-13 23:17,268452
ITC,2026-01-27,370.0,0.45,30489600.0,32064000.0,35.0,5284800.0,204800.0,334.3,339.5,333.7,-1.212,2026-01-13 23:17,302037
ITC,2026-01-27,372.5,0.45,2771200.0,721600.0,37.35,643200.0,17600.0,334.3,339.5,333.7,-1.212,2026-01-13 23:17,328389
ITC,2026-01-27,375.0,0.4,8264000.0,6872000.0,39.5,2248000.0,46400.0,334.3,339.5,333.7,-1.212,2026-01-13 23:17,370441
ITC,2026-01-27,377.5,0.35,1779200.0,1083200.0,42.4,961600.0,8000.0,334.3,339.5,333.7,-1.212,2026-01-13 23:17,408850
ITC,2026-01-27,380.0,0.3,29329600.0,22748800.0,44.3,3900800.0,96000.0,334.3,339.5,333.7,-1.212,2026-01-13 23:17,452478
ITC,2026-01-27,382.5,0.3,2921600.0,470400.0,42.1,483200.0,0.0,334.3,339.5,333.7,-1.212,2026-01-13 23:17,492029
ITC,2026-01-27,385.0,0.3,8264000.0,4433600.0,48.9,1448000.0,152000.0,334.3,339.5,333.7,-1.212,2026-01-13 23:17,546884
ITC,2026-01-27,387.5,0.3,1872000.0,350400.0,51.5,339200.0,14400.0,334.3,339.5,333.7,-1.212,2026-01-13 23:17,599281
ITC,2026-01-27,390.0,0.25,13856000.0,6915200.0,54.3,1846400.0,30400.0,334.3,339.5,333.7,-1.212,2026-01-13 23:17,657373
ITC,2026-01-27,392.5,0.2,1956800.0,137600.0,52.85,270400.0,0.0,334.3,339.5,333.7,-1.212,2026-01-13 23:17,711402
ITC,2026-01-27,395.0,0.2,4976000.0,715200.0,59.65,1099200.0,30400.0,334.3,339.5,333.7,-1.212,2026-01-13 23:17,774277
ITC,2026-01-27,397.5,0.2,800000.0,132800.0,61.05,377600.0,6400.0,334.3,339.5,333.7,-1.212,2026-01-13 23:17,833604
ITC,2026-01-27,400.0,0.2,32310400.0,11147200.0,64.5,2692800.0,88000.0,334.3,339.5,333.7,-1.212,2026-01-13 23:17,897393
ITC,2026-01-27,402.5,0.15,1449600.0,148800.0,63.15,606400.0,0.0,334.3,339.5,333.7,-1.212,2026-01-13 23:17,955500
ITC,2026-01-27,405.0,0.15,7288000.0,2528000.0,69.5,2409600.0,17600.0,334.3,339.5,333.7,-1.212,2026-01-13 23:17,1027036
ITC,2026-01-27,407.5,0.15,1268800.0,46400.0,72.05,489600.0,1600.0,334.3,339.5,333.7,-1.212,2026-01-13 23:17,1088166
ITC,2026-01-27,410.0,0.2,16681600.0,2353600.0,74.65,2796800.0,28800.0,334.3,339.5,333.7,-1.212,2026-01-13 23:17,1162864
ITC,2026-01-27,412.5,0.15,1291200.0,57600.0,61.9,212800.0,0.0,334.3,339.5,333.7,-1.212,2026-01-13 23:17,1225397
ITC,2026-01-27,415.0,0.15,1779200.0,324800.0,76.0,505600.0,0.0,334.3,339.5,333.7,-1.212,2026-01-13 23:17,1307552
ITC,2026-01-27,417.5,0.1,267200.0,107200.0,75.75,25600.0,0.0,334.3,339.5,333.7,-1.212,2026-01-13 23:17,1387760
ITC,2026-01-27,420.0,0.15,4649600.0,513600.0,84.3,1200000.0,22400.0,334.3,339.5,333.7,-1.212,2026-01-13 23:17,1471666
ITC,2026-01-27,422.5,0.1,324800.0,116800.0,81.25,0.0,0.0,334.3,339.5,333.7,-1.212,2026-01-13 23:17,1547179
ITC,2026-01-27,425.0,0.1,641600.0,38400.0,85.0,67200.0,0.0,334.3,339.5,333.7,-1.212,2026-01-13 23:17,1632823
ITC,2026-01-27,427.5,0.1,80000.0,0.0,75.0,19200.0,0.0,334.3,339.5,333.7,-1.212,2026-01-13 23:17,1718076
ITC,2026-01-27,430.0,0.05,1027200.0,203200.0,94.75,315200.0,11200.0,334.3,339.5,333.7,-1.212,2026-01-13 23:17,1803776
ITC,2026-01-27,432.5,0.1,43200.0,1600.0,0.0,0.0,0.0,334.3,339.5,333.7,-1.212,2026-01-13 23:17,1886973
ITC,2026-01-27,435.0,0.05,329600.0,6400.0,31.1,28800.0,0.0,334.3,339.5,333.7,-1.212,2026-01-13 23:17,1973163
ITC,2026-01-27,437.5,0.1,60800.0,0.0,63.85,19200.0,0.0,334.3,339.5,333.7,-1.212,2026-01-13 23:17,2059354
ITC,2026-01-27,440.0,0.05,448000.0,6400.0,101.0,105600.0,0.0,334.3,339.5,333.7,-1.212,2026-01-13 23:17,2145530
ITC,2026-01-27,445.0,0.05,97600.0,19200.0,79.0,3200.0,0.0,334.3,339.5,333.7,-1.212,2026-01-13 23:17,2317340
ITC,2026-01-27,450.0,0.05,867200.0,32000.0,114.0,848000.0,24000.0,334.3,339.5,333.7,-1.212,2026-01-13 23:17,2490240
ITC,2026-01-27,455.0,0.1,265600.0,0.0,86.35,12800.0,0.0,334.3,339.5,333.7,-1.212,2026-01-13 23:17,2654360
ITC,2026-01-27,460.0,0.05,169600.0,24000.0,124.0,92800.0,33600.0,334.3,339.5,333.7,-1.212,2026-01-13 23:17,2828174
ITC,2026-01-27,465.0,0.1,6400.0,0.0,76.6,17600.0,0.0,334.3,339.5,333.7,-1.212,2026-01-13 23:17,3001077
ITC,2026-01-27,470.0,0.1,121600.0,4800.0,0.0,0.0,0.0,334.3,339.5,333.7,-1.212,2026-01-13 23:17,3175007
JINDALSTEL,2026-01-27,820.0,0.0,0.0,0.0,0.2,625.0,625.0,1011.0,1031.8,1002.7,-1.212,2026-01-13 23:17,61306
JINDALSTEL,2026-01-27,840.0,0.0,0.0,0.0,0.45,3125.0,0.0,1011.0,1031.8,1002.7,-1.212,2026-01-13 23:17,54169
JINDALSTEL,2026-01-27,860.0,0.0,0.0,0.0,0.65,11250.0,625.0,1011.0,1031.8,1002.7,-1.212,2026-01-13 23:17,47037
JINDALSTEL,2026-01-27,870.0,0.0,0.0,0.0,0.0,0.0,0.0,1011.0,1031.8,1002.7,-1.212,2026-01-13 23:17,43482
JINDALSTEL,2026-01-27,880.0,0.0,0.0,0.0,0.5,21875.0,625.0,1011.0,1031.8,1002.7,-1.212,2026-01-13 23:17,39928
JINDALSTEL,2026-01-27,890.0,0.0,0.0,0.0,0.55,1250.0,0.0,1011.0,1031.8,1002.7,-1.212,2026-01-13 23:17,36394
JINDALSTEL,2026-01-27,900.0,111.0,3750.0,0.0,1.05,115625.0,12500.0,1011.0,1031.8,1002.7,-1.212,2026-01-13 23:17,32863
JINDALSTEL,2026-01-27,910.0,88.8,0.0,0.0,1.75,25000.0,0.0,1011.0,1031.8,1002.7,-1.212,2026-01-13 23:17,29480
JINDALSTEL,2026-01-27,920.0,0.0,0.0,0.0,1.8,123125.0,0.0,1011.0,1031.8,1002.7,-1.212,2026-01-13 23:17,26089
JINDALSTEL,2026-01-27,930.0,0.0,0.0,0.0,2.1,36250.0,9375.0,1011.0,1031.8,1002.7,-1.212,2026-01-13 23:17,22803
JINDALSTEL,2026-01-27,940.0,78.6,1875.0,0.0,2.05,156875.0,13125.0,1011.0,1031.8,1002.7,-1.212,2026-01-13 23:17,19568
JINDALSTEL,2026-01-27,950.0,68.0,625.0,625.0,3.95,452500.0,103125.0,1011.0,1031.8,1002.7,-1.212,2026-01-13 23:17,16482
JINDALSTEL,2026-01-27,960.0,131.35,1250.0,0.0,5.35,121250.0,83750.0,1011.0,1031.8,1002.7,-1.212,2026-01-13 23:17,13692
JINDALSTEL,2026-01-27,970.0,63.45,5000.0,0.0,7.0,51875.0,81250.0,1011.0,1031.8,1002.7,-1.212,2026-01-13 23:17,11150
JINDALSTEL,2026-01-27,980.0,44.0,34375.0,1875.0,9.15,213125.0,191875.0,1011.0,1031.8,1002.7,-1.212,2026-01-13 23:17,8710
JINDALSTEL,2026-01-27,990.0,34.95,45625.0,35000.0,12.35,106250.0,113125.0,1011.0,1031.8,1002.7,-1.212,2026-01-13 23:17,6477
JINDALSTEL,2026-01-27,1000.0,30.25,167500.0,241250.0,15.25,519375.0,529375.0,1011.0,1031.8,1002.7,-1.212,2026-01-13 23:17,4468
JINDALSTEL,2026-01-27,1010.0,24.65,85625.0,165000.0,19.3,171250.0,186250.0,1011.0,1031.8,1002.7,-1.212,2026-01-13 23:17,2833
JINDALSTEL,2026-01-27,1020.0,19.4,258125.0,511250.0,25.3,308750.0,291250.0,1011.0,1031.8,1002.7,-1.212,2026-01-13 23:17,1620
JINDALSTEL,2026-01-27,1030.0,14.95,296250.0,970000.0,31.45,108750.0,188125.0,1011.0,1031.8,1002.7,-1.212,2026-01-13 23:17,814
JINDALSTEL,2026-01-27,1040.0,11.6,210000.0,718125.0,38.0,135625.0,63125.0,1011.0,1031.8,1002.7,-1.212,2026-01-13 23:17,793
JINDALSTEL,2026-01-27,1050.0,8.55,369375.0,538125.0,44.8,201250.0,43750.0,1011.0,1031.8,1002.7,-1.212,2026-01-13 23:17,746
JINDALSTEL,2026-01-27,1060.0,6.6,336250.0,355000.0,50.85,149375.0,16875.0,1011.0,1031.8,1002.7,-1.212,2026-01-13 23:17,955
JINDALSTEL,2026-01-27,1070.0,5.05,394375.0,198750.0,61.0,215625.0,2500.0,1011.0,1031.8,1002.7,-1.212,2026-01-13 23:17,1698
JINDALSTEL,2026-01-27,1080.0,4.05,447500.0,373125.0,61.85,110625.0,5000.0,1011.0,1031.8,1002.7,-1.212,2026-01-13 23:17,2473
JINDALSTEL,2026-01-27,1090.0,3.2,310000.0,125000.0,82.3,56250.0,625.0,1011.0,1031.8,1002.7,-1.212,2026-01-13 23:17,4418
JINDALSTEL,2026-01-27,1100.0,2.5,1021875.0,293125.0,88.5,66875.0,10625.0,1011.0,1031.8,1002.7,-1.212,2026-01-13 23:17,6870
JINDALSTEL,2026-01-27,1110.0,2.0,110625.0,23750.0,42.75,7500.0,0.0,1011.0,1031.8,1002.7,-1.212,2026-01-13 23:17,10437
JINDALSTEL,2026-01-27,1120.0,1.6,164375.0,58750.0,97.15,43125.0,2500.0,1011.0,1031.8,1002.7,-1.212,2026-01-13 23:17,14449
JINDALSTEL,2026-01-27,1130.0,1.3,125625.0,23750.0,0.0,0.0,0.0,1011.0,1031.8,1002.7,-1.212,2026-01-13 23:17,18286
JINDALSTEL,2026-01-27,1140.0,1.0,224375.0,46875.0,109.6,12500.0,0.0,1011.0,1031.8,1002.7,-1.212,2026-01-13 23:17,22657
JINDALSTEL,2026-01-27,1150.0,0.9,191250.0,32500.0,70.3,8750.0,0.0,1011.0,1031.8,1002.7,-1.212,2026-01-13 23:17,27134
JINDALSTEL,2026-01-27,1160.0,0.75,122500.0,19375.0,131.65,7500.0,0.0,1011.0,1031.8,1002.7,-1.212,2026-01-13 23:17,31882
JINDALSTEL,2026-01-27,1170.0,0.8,21875.0,0.0,0.0,0.0,0.0,1011.0,1031.8,1002.7,-1.212,2026-01-13 23:17,36714
JINDALSTEL,2026-01-27,1180.0,0.65,97500.0,1875.0,0.0,0.0,0.0,1011.0,1031.8,1002.7,-1.212,2026-01-13 23:17,41660
JINDALSTEL,2026-01-27,1200.0,0.35,231250.0,75000.0,118.5,6250.0,0.0,1011.0,1031.8,1002.7,-1.212,2026-01-13 23:17,51749
JINDALSTEL,2026-01-27,1220.0,0.2,73125.0,3750.0,0.0,0.0,0.0,1011.0,1031.8,1002.7,-1.212,2026-01-13 23:17,62240
JINDALSTEL,2026-01-27,1240.0,0.3,76875.0,17500.0,0.0,0.0,0.0,1011.0,1031.8,1002.7,-1.212,2026-01-13 23:17,72945
JIOFIN,2026-01-27,240.0,0.0,0.0,0.0,0.35,157450.0,72850.0,284.15,290.2,281.9,-1.422,2026-01-13 23:17,250146
JIOFIN,2026-01-27,245.0,0.0,0.0,0.0,0.35,0.0,2350.0,284.15,290.2,281.9,-1.422,2026-01-13 23:17,226672
JIOFIN,2026-01-27,250.0,33.9,2350.0,2350.0,0.5,1395900.0,225600.0,284.15,290.2,281.9,-1.422,2026-01-13 23:17,203204
JIOFIN,2026-01-27,255.0,0.0,0.0,0.0,0.6,303150.0,298450.0,284.15,290.2,281.9,-1.422,2026-01-13 23:17,180373
JIOFIN,2026-01-27,257.5,0.0,0.0,0.0,0.65,82250.0,101050.0,284.15,290.2,281.9,-1.422,2026-01-13 23:17,169046
JIOFIN,2026-01-27,260.0,23.2,4700.0,0.0,0.85,1222000.0,735550.0,284.15,290.2,281.9,-1.422,2026-01-13 23:17,157752
JIOFIN,2026-01-27,262.5,0.0,0.0,0.0,1.1,4700.0,7050.0,284.15,290.2,281.9,-1.422,2026-01-13 23:17,146678
JIOFIN,2026-01-27,265.0,21.5,0.0,2350.0,1.25,589850.0,390100.0,284.15,290.2,281.9,-1.422,2026-01-13 23:17,135697
JIOFIN,2026-01-27,267.5,0.0,0.0,0.0,1.5,512300.0,359550.0,284.15,290.2,281.9,-1.422,2026-01-13 23:17,124790
JIOFIN,2026-01-27,270.0,17.3,72850.0,39950.0,1.85,2345300.0,1506350.0,284.15,290.2,281.9,-1.422,2026-01-13 23:17,114008
JIOFIN,2026-01-27,272.5,14.95,2350.0,0.0,2.3,192700.0,321950.0,284.15,290.2,281.9,-1.422,2026-01-13 23:17,103600
JIOFIN,2026-01-27,275.0,13.15,96350.0,25850.0,2.85,1402950.0,2530950.0,284.15,290.2,281.9,-1.422,2026-01-13 23:17,93508
JIOFIN,2026-01-27,277.5,13.95,28200.0,0.0,3.6,272600.0,376000.0,284.15,290.2,281.9,-1.422,2026-01-13 23:17,83558
JIOFIN,2026-01-27,280.0,9.75,2023350.0,1612100.0,4.55,3771750.0,3264150.0,284.15,290.2,281.9,-1.422,2026-01-13 23:17,73898
JIOFIN,2026-01-27,282.5,8.4,296100.0,1313650.0,5.5,646250.0,2878750.0,284.15,290.2,281.9,-1.422,2026-01-13 23:17,66002
JIOFIN,2026-01-27,285.0,7.0,1602700.0,6648150.0,6.65,3863400.0,7884250.0,284.15,290.2,281.9,-1.422,2026-01-13 23:17,57978
JIOFIN,2026-01-27,287.5,5.8,540500.0,2775350.0,8.0,648600.0,1614450.0,284.15,290.2,281.9,-1.422,2026-01-13 23:17,49980
JIOFIN,2026-01-27,290.0,4.85,6239250.0,10861700.0,9.6,6295650.0,2756550.0,284.15,290.2,281.9,-1.422,2026-01-13 23:17,43521
JIOFIN,2026-01-27,292.5,4.05,726150.0,2754200.0,11.2,676800.0,460600.0,284.15,290.2,281.9,-1.422,2026-01-13 23:17,37384
JIOFIN,2026-01-27,295.0,3.3,3670700.0,7005350.0,12.8,3362850.0,427700.0,284.15,290.2,281.9,-1.422,2026-01-13 23:17,34151
JIOFIN,2026-01-27,297.5,2.8,824850.0,2728350.0,15.15,460600.0,23500.0,284.15,290.2,281.9,-1.422,2026-01-13 23:17,30047
JIOFIN,2026-01-27,300.0,2.25,11674800.0,10090900.0,16.85,5788050.0,249100.0,284.15,290.2,281.9,-1.422,2026-01-13 23:17,28891
JIOFIN,2026-01-27,302.5,1.85,853050.0,1360650.0,15.7,650950.0,0.0,284.15,290.2,281.9,-1.422,2026-01-13 23:17,25442
JIOFIN,2026-01-27,305.0,1.6,5811550.0,2857600.0,20.9,1590950.0,75200.0,284.15,290.2,281.9,-1.422,2026-01-13 23:17,28630
JIOFIN,2026-01-27,307.5,1.35,662700.0,321950.0,22.8,298450.0,2350.0,284.15,290.2,281.9,-1.422,2026-01-13 23:17,32138
JIOFIN,2026-01-27,310.0,1.15,8361300.0,4394500.0,25.5,1527500.0,42300.0,284.15,290.2,281.9,-1.422,2026-01-13 23:17,37691
JIOFIN,2026-01-27,312.5,0.9,477050.0,70500.0,20.95,180950.0,0.0,284.15,290.2,281.9,-1.422,2026-01-13 23:17,43373
JIOFIN,2026-01-27,315.0,0.75,3062050.0,2716600.0,28.0,632150.0,0.0,284.15,290.2,281.9,-1.422,2026-01-13 23:17,51817
JIOFIN,2026-01-27,317.5,0.65,430050.0,192700.0,0.0,0.0,0.0,284.15,290.2,281.9,-1.422,2026-01-13 23:17,59980
JIOFIN,2026-01-27,320.0,0.6,5773950.0,4911500.0,35.0,1431150.0,51700.0,284.15,290.2,281.9,-1.422,2026-01-13 23:17,69819
JIOFIN,2026-01-27,322.5,0.5,131600.0,49350.0,18.0,2350.0,0.0,284.15,290.2,281.9,-1.422,2026-01-13 23:17,76769
JIOFIN,2026-01-27,325.0,0.45,1623850.0,893000.0,20.9,277300.0,0.0,284.15,290.2,281.9,-1.422,2026-01-13 23:17,88418
JIOFIN,2026-01-27,327.5,0.4,148050.0,32900.0,0.0,0.0,0.0,284.15,290.2,281.9,-1.422,2026-01-13 23:17,100033
JIOFIN,2026-01-27,330.0,0.35,7430700.0,2037450.0,46.9,733200.0,30550.0,284.15,290.2,281.9,-1.422,2026-01-13 23:17,112197
JIOFIN,2026-01-27,332.5,0.35,192700.0,0.0,0.0,0.0,0.0,284.15,290.2,281.9,-1.422,2026-01-13 23:17,123217
JIOFIN,2026-01-27,335.0,0.25,1388850.0,91650.0,34.2,2350.0,0.0,284.15,290.2,281.9,-1.422,2026-01-13 23:17,137472
JIOFIN,2026-01-27,340.0,0.2,2834100.0,310200.0,40.0,2930450.0,0.0,284.15,290.2,281.9,-1.422,2026-01-13 23:17,166689
JIOFIN,2026-01-27,345.0,0.15,117500.0,39950.0,0.0,0.0,0.0,284.15,290.2,281.9,-1.422,2026-01-13 23:17,187097
JIOFIN,2026-01-27,350.0,0.1,1496950.0,263200.0,60.2,2382900.0,0.0,284.15,290.2,281.9,-1.422,2026-01-13 23:17,219230
JIOFIN,2026-01-27,360.0,0.1,970550.0,21150.0,72.0,458250.0,0.0,284.15,290.2,281.9,-1.422,2026-01-13 23:17,273043
JSWENERGY,2026-01-27,380.0,0.0,0.0,0.0,0.95,5000.0,0.0,493.1,502.05,488.0,-1.143,2026-01-13 23:17,64586
JSWENERGY,2026-01-27,400.0,0.0,0.0,0.0,0.4,67000.0,2000.0,493.1,502.05,488.0,-1.143,2026-01-13 23:17,52160
JSWENERGY,2026-01-27,410.0,104.15,7000.0,0.0,0.3,18000.0,0.0,493.1,502.05,488.0,-1.143,2026-01-13 23:17,46011
JSWENERGY,2026-01-27,420.0,91.35,3000.0,0.0,0.4,55000.0,0.0,493.1,502.05,488.0,-1.143,2026-01-13 23:17,39963
JSWENERGY,2026-01-27,430.0,0.0,0.0,0.0,0.5,41000.0,0.0,493.1,502.05,488.0,-1.143,2026-01-13 23:17,33925
JSWENERGY,2026-01-27,435.0,0.0,0.0,0.0,0.85,3000.0,0.0,493.1,502.05,488.0,-1.143,2026-01-13 23:17,30912
JSWENERGY,2026-01-27,440.0,61.5,0.0,0.0,0.8,168000.0,133000.0,493.1,502.05,488.0,-1.143,2026-01-13 23:17,27902
JSWENERGY,2026-01-27,445.0,52.6,2000.0,0.0,1.0,30000.0,47000.0,493.1,502.05,488.0,-1.143,2026-01-13 23:17,24963
JSWENERGY,2026-01-27,450.0,45.0,14000.0,2000.0,1.2,217000.0,89000.0,493.1,502.05,488.0,-1.143,2026-01-13 23:17,22061
JSWENERGY,2026-01-27,455.0,0.0,0.0,0.0,2.3,2000.0,0.0,493.1,502.05,488.0,-1.143,2026-01-13 23:17,19304
JSWENERGY,2026-01-27,460.0,39.2,81000.0,0.0,2.0,253000.0,132000.0,493.1,502.05,488.0,-1.143,2026-01-13 23:17,16511
JSWENERGY,2026-01-27,465.0,30.5,4000.0,6000.0,2.8,231000.0,126000.0,493.1,502.05,488.0,-1.143,2026-01-13 23:17,14151
JSWENERGY,2026-01-27,470.0,28.25,376000.0,0.0,3.85,625000.0,379000.0,493.1,502.05,488.0,-1.143,2026-01-13 23:17,11590
JSWENERGY,2026-01-27,475.0,33.4,32000.0,0.0,4.95,91000.0,94000.0,493.1,502.05,488.0,-1.143,2026-01-13 23:17,10404
JSWENERGY,2026-01-27,480.0,21.0,557000.0,81000.0,6.6,502000.0,342000.0,493.1,502.05,488.0,-1.143,2026-01-13 23:17,8519
JSWENERGY,2026-01-27,485.0,17.9,80000.0,42000.0,8.35,95000.0,166000.0,493.1,502.05,488.0,-1.143,2026-01-13 23:17,7941
JSWENERGY,2026-01-27,490.0,14.1,391000.0,457000.0,10.5,878000.0,777000.0,493.1,502.05,488.0,-1.143,2026-01-13 23:17,6675
JSWENERGY,2026-01-27,495.0,11.35,257000.0,371000.0,12.9,73000.0,141000.0,493.1,502.05,488.0,-1.143,2026-01-13 23:17,5610
JSWENERGY,2026-01-27,500.0,9.2,973000.0,1119000.0,15.55,368000.0,211000.0,493.1,502.05,488.0,-1.143,2026-01-13 23:17,5277
JSWENERGY,2026-01-27,505.0,7.2,206000.0,94000.0,19.45,266000.0,11000.0,493.1,502.05,488.0,-1.143,2026-01-13 23:17,5740
JSWENERGY,2026-01-27,510.0,5.75,531000.0,415000.0,21.5,274000.0,2000.0,493.1,502.05,488.0,-1.143,2026-01-13 23:17,5748
JSWENERGY,2026-01-27,515.0,4.4,485000.0,299000.0,22.45,229000.0,0.0,493.1,502.05,488.0,-1.143,2026-01-13 23:17,6243
JSWENERGY,2026-01-27,520.0,3.3,1021000.0,700000.0,30.15,340000.0,20000.0,493.1,502.05,488.0,-1.143,2026-01-13 23:17,7078
JSWENERGY,2026-01-27,525.0,2.6,805000.0,67000.0,24.75,20000.0,0.0,493.1,502.05,488.0,-1.143,2026-01-13 23:17,8207
JSWENERGY,2026-01-27,530.0,2.05,1178000.0,263000.0,42.85,941000.0,1000.0,493.1,502.05,488.0,-1.143,2026-01-13 23:17,10596
JSWENERGY,2026-01-27,535.0,1.7,154000.0,69000.0,0.0,0.0,0.0,493.1,502.05,488.0,-1.143,2026-01-13 23:17,10093
JSWENERGY,2026-01-27,540.0,1.45,519000.0,392000.0,49.25,295000.0,1000.0,493.1,502.05,488.0,-1.143,2026-01-13 23:17,13485
JSWENERGY,2026-01-27,545.0,1.2,135000.0,60000.0,32.9,58000.0,0.0,493.1,502.05,488.0,-1.143,2026-01-13 23:17,15880
JSWENERGY,2026-01-27,550.0,1.05,351000.0,136000.0,63.65,8000.0,0.0,493.1,502.05,488.0,-1.143,2026-01-13 23:17,19574
JSWENERGY,2026-01-27,555.0,1.0,43000.0,50000.0,0.0,0.0,0.0,493.1,502.05,488.0,-1.143,2026-01-13 23:17,23609
JSWENERGY,2026-01-27,560.0,0.8,310000.0,86000.0,66.15,36000.0,5000.0,493.1,502.05,488.0,-1.143,2026-01-13 23:17,27683
JSWENERGY,2026-01-27,565.0,0.0,0.0,0.0,0.0,0.0,0.0,493.1,502.05,488.0,-1.143,2026-01-13 23:17,31713
JSWENERGY,2026-01-27,570.0,0.75,72000.0,2000.0,0.0,0.0,0.0,493.1,502.05,488.0,-1.143,2026-01-13 23:17,35956
JSWENERGY,2026-01-27,580.0,0.3,113000.0,5000.0,74.15,29000.0,0.0,493.1,502.05,488.0,-1.143,2026-01-13 23:17,44519
JSWENERGY,2026-01-27,590.0,0.0,0.0,0.0,0.0,0.0,0.0,493.1,502.05,488.0,-1.143,2026-01-13 23:17,53007
JSWENERGY,2026-01-27,600.0,0.2,67000.0,18000.0,0.0,0.0,0.0,493.1,502.05,488.0,-1.143,2026-01-13 23:17,61707
JSWSTEEL,2026-01-27,940.0,0.0,0.0,0.0,0.25,1350.0,0.0,1178.1,1194.8,1168.4,-0.389,2026-01-13 23:17,94385
JSWSTEEL,2026-01-27,960.0,138.0,1350.0,0.0,1.85,4050.0,0.0,1178.1,1194.8,1168.4,-0.389,2026-01-13 23:17,79826
JSWSTEEL,2026-01-27,970.0,0.0,0.0,0.0,0.4,2025.0,0.0,1178.1,1194.8,1168.4,-0.389,2026-01-13 23:17,72570
JSWSTEEL,2026-01-27,980.0,0.0,0.0,0.0,0.25,31050.0,0.0,1178.1,1194.8,1168.4,-0.389,2026-01-13 23:17,65298
JSWSTEEL,2026-01-27,990.0,0.0,0.0,0.0,0.3,30375.0,675.0,1178.1,1194.8,1168.4,-0.389,2026-01-13 23:17,58057
JSWSTEEL,2026-01-27,1000.0,187.0,3375.0,0.0,0.55,97200.0,8775.0,1178.1,1194.8,1168.4,-0.389,2026-01-13 23:17,50846
JSWSTEEL,2026-01-27,1010.0,145.8,114075.0,0.0,0.5,22950.0,0.0,1178.1,1194.8,1168.4,-0.389,2026-01-13 23:17,43794
JSWSTEEL,2026-01-27,1020.0,96.2,6075.0,0.0,0.9,69525.0,0.0,1178.1,1194.8,1168.4,-0.389,2026-01-13 23:17,38483
JSWSTEEL,2026-01-27,1030.0,163.1,0.0,0.0,0.7,55350.0,0.0,1178.1,1194.8,1168.4,-0.389,2026-01-13 23:17,31638
JSWSTEEL,2026-01-27,1040.0,151.65,2025.0,0.0,0.55,404325.0,4725.0,1178.1,1194.8,1168.4,-0.389,2026-01-13 23:17,24792
JSWSTEEL,2026-01-27,1050.0,139.4,500175.0,0.0,0.95,258525.0,20925.0,1178.1,1194.8,1168.4,-0.389,2026-01-13 23:17,18365
JSWSTEEL,2026-01-27,1060.0,129.55,12150.0,0.0,1.2,178875.0,19575.0,1178.1,1194.8,1168.4,-0.389,2026-01-13 23:17,19637
JSWSTEEL,2026-01-27,1070.0,109.75,0.0,0.0,1.45,52650.0,14175.0,1178.1,1194.8,1168.4,-0.389,2026-01-13 23:17,14287
JSWSTEEL,2026-01-27,1080.0,95.0,97200.0,0.0,1.9,918675.0,216000.0,1178.1,1194.8,1168.4,-0.389,2026-01-13 23:17,8846
JSWSTEEL,2026-01-27,1090.0,100.45,504225.0,0.0,2.65,219375.0,72225.0,1178.1,1194.8,1168.4,-0.389,2026-01-13 23:17,5178
JSWSTEEL,2026-01-27,1100.0,84.2,446175.0,39825.0,3.3,1507950.0,1548450.0,1178.1,1194.8,1168.4,-0.389,2026-01-13 23:17,6491
JSWSTEEL,2026-01-27,1110.0,81.6,87075.0,0.0,4.35,218700.0,208575.0,1178.1,1194.8,1168.4,-0.389,2026-01-13 23:17,8011
JSWSTEEL,2026-01-27,1120.0,65.4,141075.0,6075.0,5.85,377325.0,197775.0,1178.1,1194.8,1168.4,-0.389,2026-01-13 23:17,7192
JSWSTEEL,2026-01-27,1130.0,56.05,392850.0,4725.0,7.75,220050.0,184950.0,1178.1,1194.8,1168.4,-0.389,2026-01-13 23:17,6979
JSWSTEEL,2026-01-27,1140.0,50.5,91125.0,17550.0,10.1,371925.0,322650.0,1178.1,1194.8,1168.4,-0.389,2026-01-13 23:17,8708
JSWSTEEL,2026-01-27,1150.0,40.85,452250.0,78300.0,12.9,663525.0,915300.0,1178.1,1194.8,1168.4,-0.389,2026-01-13 23:17,8953
JSWSTEEL,2026-01-27,1160.0,34.15,473850.0,270675.0,16.1,537300.0,1021950.0,1178.1,1194.8,1168.4,-0.389,2026-01-13 23:17,11221
JSWSTEEL,2026-01-27,1170.0,28.2,189000.0,548775.0,20.35,258525.0,603450.0,1178.1,1194.8,1168.4,-0.389,2026-01-13 23:17,14262
JSWSTEEL,2026-01-27,1180.0,24.0,391500.0,1281825.0,25.5,351000.0,794475.0,1178.1,1194.8,1168.4,-0.389,2026-01-13 23:17,17004
JSWSTEEL,2026-01-27,1190.0,19.4,342225.0,1252800.0,30.4,161325.0,514350.0,1178.1,1194.8,1168.4,-0.389,2026-01-13 23:17,20526
JSWSTEEL,2026-01-27,1200.0,15.75,849150.0,3800250.0,36.7,128925.0,251100.0,1178.1,1194.8,1168.4,-0.389,2026-01-13 23:17,24680
JSWSTEEL,2026-01-27,1210.0,12.5,269325.0,752625.0,42.05,45225.0,42525.0,1178.1,1194.8,1168.4,-0.389,2026-01-13 23:17,30504
JSWSTEEL,2026-01-27,1220.0,9.85,385425.0,1045575.0,51.25,56700.0,63450.0,1178.1,1194.8,1168.4,-0.389,2026-01-13 23:17,35924
JSWSTEEL,2026-01-27,1230.0,7.8,100575.0,305775.0,69.1,12150.0,0.0,1178.1,1194.8,1168.4,-0.389,2026-01-13 23:17,41729
JSWSTEEL,2026-01-27,1240.0,6.15,225450.0,512325.0,79.45,8775.0,0.0,1178.1,1194.8,1168.4,-0.389,2026-01-13 23:17,47552
JSWSTEEL,2026-01-27,1250.0,4.75,251100.0,292275.0,87.5,2700.0,0.0,1178.1,1194.8,1168.4,-0.389,2026-01-13 23:17,53684
JSWSTEEL,2026-01-27,1260.0,3.95,141075.0,187650.0,74.5,9450.0,0.0,1178.1,1194.8,1168.4,-0.389,2026-01-13 23:17,60096
JSWSTEEL,2026-01-27,1270.0,2.95,135000.0,123525.0,0.0,0.0,0.0,1178.1,1194.8,1168.4,-0.389,2026-01-13 23:17,66549
JSWSTEEL,2026-01-27,1280.0,2.25,160650.0,74925.0,0.0,0.0,0.0,1178.1,1194.8,1168.4,-0.389,2026-01-13 23:17,73191
JSWSTEEL,2026-01-27,1290.0,1.6,31050.0,4050.0,0.0,0.0,0.0,1178.1,1194.8,1168.4,-0.389,2026-01-13 23:17,79990
JSWSTEEL,2026-01-27,1300.0,1.45,458325.0,194400.0,109.0,2700.0,675.0,1178.1,1194.8,1168.4,-0.389,2026-01-13 23:17,86789
JSWSTEEL,2026-01-27,1320.0,0.8,428625.0,40500.0,0.0,0.0,0.0,1178.1,1194.8,1168.4,-0.389,2026-01-13 23:17,101336
JSWSTEEL,2026-01-27,1340.0,0.4,329400.0,70200.0,0.0,0.0,0.0,1178.1,1194.8,1168.4,-0.389,2026-01-13 23:17,116737
JUBLFOOD,2026-01-27,430.0,0.0,0.0,0.0,0.0,0.0,0.0,527.1,528.6,520.5,0.668,2026-01-13 23:17,79246
JUBLFOOD,2026-01-27,440.0,0.0,0.0,0.0,0.0,0.0,0.0,527.1,528.6,520.5,0.668,2026-01-13 23:17,71210
JUBLFOOD,2026-01-27,450.0,0.0,0.0,0.0,0.0,0.0,0.0,527.1,528.6,520.5,0.668,2026-01-13 23:17,63174
JUBLFOOD,2026-01-27,460.0,98.2,1250.0,0.0,0.5,387500.0,23750.0,527.1,528.6,520.5,0.668,2026-01-13 23:17,55137
JUBLFOOD,2026-01-27,465.0,0.0,0.0,0.0,0.0,0.0,0.0,527.1,528.6,520.5,0.668,2026-01-13 23:17,51306
JUBLFOOD,2026-01-27,470.0,0.0,0.0,0.0,0.6,93750.0,90000.0,527.1,528.6,520.5,0.668,2026-01-13 23:17,47483
JUBLFOOD,2026-01-27,475.0,0.0,0.0,0.0,0.65,32500.0,12500.0,527.1,528.6,520.5,0.668,2026-01-13 23:17,43700
JUBLFOOD,2026-01-27,480.0,118.9,1250.0,0.0,0.6,605000.0,30000.0,527.1,528.6,520.5,0.668,2026-01-13 23:17,39937
JUBLFOOD,2026-01-27,485.0,0.0,0.0,0.0,0.8,41250.0,12500.0,527.1,528.6,520.5,0.668,2026-01-13 23:17,36458
JUBLFOOD,2026-01-27,490.0,72.4,12500.0,0.0,1.05,317500.0,197500.0,527.1,528.6,520.5,0.668,2026-01-13 23:17,33018
JUBLFOOD,2026-01-27,495.0,0.0,0.0,0.0,1.25,43750.0,51250.0,527.1,528.6,520.5,0.668,2026-01-13 23:17,29804
JUBLFOOD,2026-01-27,500.0,30.0,121250.0,15000.0,1.8,845000.0,282500.0,527.1,528.6,520.5,0.668,2026-01-13 23:17,26548
JUBLFOOD,2026-01-27,505.0,0.0,0.0,0.0,2.55,2500.0,5000.0,527.1,528.6,520.5,0.668,2026-01-13 23:17,23993
JUBLFOOD,2026-01-27,510.0,20.65,17500.0,30000.0,3.2,366250.0,373750.0,527.1,528.6,520.5,0.668,2026-01-13 23:17,21227
JUBLFOOD,2026-01-27,515.0,0.0,0.0,0.0,4.5,123750.0,93750.0,527.1,528.6,520.5,0.668,2026-01-13 23:17,18572
JUBLFOOD,2026-01-27,520.0,14.0,321250.0,805000.0,6.05,530000.0,528750.0,527.1,528.6,520.5,0.668,2026-01-13 23:17,16004
JUBLFOOD,2026-01-27,525.0,10.9,251250.0,448750.0,8.1,128750.0,245000.0,527.1,528.6,520.5,0.668,2026-01-13 23:17,14047
JUBLFOOD,2026-01-27,530.0,8.65,658750.0,625000.0,10.45,831250.0,168750.0,527.1,528.6,520.5,0.668,2026-01-13 23:17,12320
JUBLFOOD,2026-01-27,535.0,6.4,268750.0,330000.0,13.2,111250.0,10000.0,527.1,528.6,520.5,0.668,2026-01-13 23:17,10870
JUBLFOOD,2026-01-27,540.0,5.05,1197500.0,1711250.0,15.95,452500.0,50000.0,527.1,528.6,520.5,0.668,2026-01-13 23:17,9934
JUBLFOOD,2026-01-27,545.0,4.05,255000.0,46250.0,22.0,97500.0,1250.0,527.1,528.6,520.5,0.668,2026-01-13 23:17,9681
JUBLFOOD,2026-01-27,550.0,2.95,1505000.0,1103750.0,24.0,776250.0,31250.0,527.1,528.6,520.5,0.668,2026-01-13 23:17,9610
JUBLFOOD,2026-01-27,555.0,2.6,337500.0,63750.0,30.9,80000.0,11250.0,527.1,528.6,520.5,0.668,2026-01-13 23:17,9371
JUBLFOOD,2026-01-27,560.0,1.85,1781250.0,540000.0,33.0,903750.0,7500.0,527.1,528.6,520.5,0.668,2026-01-13 23:17,10601
JUBLFOOD,2026-01-27,565.0,1.6,146250.0,22500.0,29.65,11250.0,0.0,527.1,528.6,520.5,0.668,2026-01-13 23:17,10680
JUBLFOOD,2026-01-27,570.0,1.35,1163750.0,185000.0,45.4,126250.0,0.0,527.1,528.6,520.5,0.668,2026-01-13 23:17,13481
JUBLFOOD,2026-01-27,575.0,1.2,338750.0,61250.0,38.2,16250.0,0.0,527.1,528.6,520.5,0.668,2026-01-13 23:17,16521
JUBLFOOD,2026-01-27,580.0,1.0,1328750.0,295000.0,53.0,175000.0,2500.0,527.1,528.6,520.5,0.668,2026-01-13 23:17,20132
JUBLFOOD,2026-01-27,585.0,0.9,83750.0,1250.0,0.0,0.0,0.0,527.1,528.6,520.5,0.668,2026-01-13 23:17,23723
JUBLFOOD,2026-01-27,590.0,0.7,395000.0,101250.0,67.0,188750.0,0.0,527.1,528.6,520.5,0.668,2026-01-13 23:17,28157
JUBLFOOD,2026-01-27,595.0,0.65,28750.0,2500.0,0.0,0.0,0.0,527.1,528.6,520.5,0.668,2026-01-13 23:17,31639
JUBLFOOD,2026-01-27,600.0,0.55,2946250.0,437500.0,81.5,260000.0,0.0,527.1,528.6,520.5,0.668,2026-01-13 23:17,36374
JUBLFOOD,2026-01-27,605.0,1.05,43750.0,0.0,0.0,0.0,0.0,527.1,528.6,520.5,0.668,2026-01-13 23:17,40753
JUBLFOOD,2026-01-27,610.0,0.35,290000.0,11250.0,65.3,18750.0,0.0,527.1,528.6,520.5,0.668,2026-01-13 23:17,47116
JUBLFOOD,2026-01-27,615.0,0.0,0.0,0.0,0.0,0.0,0.0,527.1,528.6,520.5,0.668,2026-01-13 23:17,53516
JUBLFOOD,2026-01-27,620.0,0.45,288750.0,21250.0,95.0,70000.0,1250.0,527.1,528.6,520.5,0.668,2026-01-13 23:17,60029
JUBLFOOD,2026-01-27,630.0,0.3,261250.0,1250.0,104.0,83750.0,1250.0,527.1,528.6,520.5,0.668,2026-01-13 23:17,72760
JUBLFOOD,2026-01-27,640.0,0.1,63750.0,0.0,104.15,92500.0,0.0,527.1,528.6,520.5,0.668,2026-01-13 23:17,85626
JUBLFOOD,2026-01-27,650.0,0.15,633750.0,1250.0,122.0,157500.0,0.0,527.1,528.6,520.5,0.668,2026-01-13 23:17,98548
JUBLFOOD,2026-01-27,660.0,0.7,1250.0,0.0,98.0,2500.0,0.0,527.1,528.6,520.5,0.668,2026-01-13 23:17,111312
JUBLFOOD,2026-01-27,670.0,0.25,13750.0,0.0,108.55,1250.0,0.0,527.1,528.6,520.5,0.668,2026-01-13 23:17,125968
JUBLFOOD,2026-01-27,680.0,0.2,18750.0,0.0,119.1,11250.0,0.0,527.1,528.6,520.5,0.668,2026-01-13 23:17,140650
JUBLFOOD,2026-01-27,700.0,0.2,48750.0,0.0,140.0,51250.0,0.0,527.1,528.6,520.5,0.668,2026-01-13 23:17,169966
KALYANKJIL,2026-01-27,380.0,110.1,1175.0,0.0,0.0,0.0,0.0,493.0,505.55,490.25,-1.675,2026-01-13 23:17,64217
KALYANKJIL,2026-01-27,410.0,0.0,0.0,0.0,0.0,0.0,0.0,493.0,505.55,490.25,-1.675,2026-01-13 23:17,45025
KALYANKJIL,2026-01-27,420.0,0.0,0.0,0.0,0.35,149225.0,4700.0,493.0,505.55,490.25,-1.675,2026-01-13 23:17,38624
KALYANKJIL,2026-01-27,430.0,0.0,0.0,0.0,0.5,58750.0,0.0,493.0,505.55,490.25,-1.675,2026-01-13 23:17,32367
KALYANKJIL,2026-01-27,435.0,0.0,0.0,0.0,0.0,0.0,0.0,493.0,505.55,490.25,-1.675,2026-01-13 23:17,29267
KALYANKJIL,2026-01-27,440.0,54.45,1175.0,1175.0,0.55,94000.0,29375.0,493.0,505.55,490.25,-1.675,2026-01-13 23:17,26170
KALYANKJIL,2026-01-27,445.0,0.0,0.0,0.0,0.7,68150.0,0.0,493.0,505.55,490.25,-1.675,2026-01-13 23:17,23122
KALYANKJIL,2026-01-27,450.0,79.85,17625.0,0.0,1.05,462950.0,25850.0,493.0,505.55,490.25,-1.675,2026-01-13 23:17,20103
KALYANKJIL,2026-01-27,455.0,0.0,0.0,0.0,1.3,186825.0,70500.0,493.0,505.55,490.25,-1.675,2026-01-13 23:17,17420
KALYANKJIL,2026-01-27,460.0,50.55,17625.0,0.0,1.7,352500.0,97525.0,493.0,505.55,490.25,-1.675,2026-01-13 23:17,14714
KALYANKJIL,2026-01-27,465.0,0.0,0.0,0.0,2.15,185650.0,94000.0,493.0,505.55,490.25,-1.675,2026-01-13 23:17,12247
KALYANKJIL,2026-01-27,470.0,37.2,16450.0,0.0,2.95,312550.0,213850.0,493.0,505.55,490.25,-1.675,2026-01-13 23:17,9804
KALYANKJIL,2026-01-27,475.0,31.4,2350.0,0.0,4.1,341925.0,130425.0,493.0,505.55,490.25,-1.675,2026-01-13 23:17,7534
KALYANKJIL,2026-01-27,480.0,19.05,172725.0,145700.0,5.5,759050.0,560475.0,493.0,505.55,490.25,-1.675,2026-01-13 23:17,5334
KALYANKJIL,2026-01-27,485.0,15.6,30550.0,51700.0,6.7,180950.0,256150.0,493.0,505.55,490.25,-1.675,2026-01-13 23:17,3645
KALYANKJIL,2026-01-27,490.0,11.95,437100.0,366600.0,9.2,784900.0,1029300.0,493.0,505.55,490.25,-1.675,2026-01-13 23:17,2076
KALYANKJIL,2026-01-27,495.0,10.0,173900.0,723800.0,11.6,230300.0,561650.0,493.0,505.55,490.25,-1.675,2026-01-13 23:17,992
KALYANKJIL,2026-01-27,500.0,7.8,1227875.0,2569725.0,14.8,663875.0,623925.0,493.0,505.55,490.25,-1.675,2026-01-13 23:17,217
KALYANKJIL,2026-01-27,505.0,6.5,309025.0,594550.0,17.95,198575.0,299625.0,493.0,505.55,490.25,-1.675,2026-01-13 23:17,456
KALYANKJIL,2026-01-27,510.0,4.85,434750.0,1128000.0,21.9,153925.0,23500.0,493.0,505.55,490.25,-1.675,2026-01-13 23:17,818
KALYANKJIL,2026-01-27,515.0,4.0,183300.0,685025.0,25.0,54050.0,5875.0,493.0,505.55,490.25,-1.675,2026-01-13 23:17,1503
KALYANKJIL,2026-01-27,520.0,3.25,1170300.0,1411175.0,29.0,348975.0,27025.0,493.0,505.55,490.25,-1.675,2026-01-13 23:17,2372
KALYANKJIL,2026-01-27,525.0,2.65,517000.0,462950.0,29.5,99875.0,0.0,493.0,505.55,490.25,-1.675,2026-01-13 23:17,3431
KALYANKJIL,2026-01-27,530.0,2.1,1226700.0,1059850.0,30.3,552250.0,0.0,493.0,505.55,490.25,-1.675,2026-01-13 23:17,5272
KALYANKJIL,2026-01-27,535.0,1.75,371300.0,110450.0,40.4,52875.0,2350.0,493.0,505.55,490.25,-1.675,2026-01-13 23:17,6744
KALYANKJIL,2026-01-27,540.0,1.5,901225.0,484100.0,50.0,57575.0,4700.0,493.0,505.55,490.25,-1.675,2026-01-13 23:17,9696
KALYANKJIL,2026-01-27,545.0,1.2,111625.0,51700.0,35.05,10575.0,0.0,493.0,505.55,490.25,-1.675,2026-01-13 23:17,13123
KALYANKJIL,2026-01-27,550.0,1.0,690900.0,451200.0,57.0,14100.0,4700.0,493.0,505.55,490.25,-1.675,2026-01-13 23:17,16740
KALYANKJIL,2026-01-27,555.0,0.9,259675.0,42300.0,0.0,0.0,0.0,493.0,505.55,490.25,-1.675,2026-01-13 23:17,20722
KALYANKJIL,2026-01-27,560.0,0.8,400675.0,250275.0,41.25,10575.0,0.0,493.0,505.55,490.25,-1.675,2026-01-13 23:17,24868
KALYANKJIL,2026-01-27,565.0,0.6,260850.0,59925.0,40.4,2350.0,0.0,493.0,505.55,490.25,-1.675,2026-01-13 23:17,29185
KALYANKJIL,2026-01-27,570.0,0.55,462950.0,65800.0,47.1,3525.0,0.0,493.0,505.55,490.25,-1.675,2026-01-13 23:17,33652
KALYANKJIL,2026-01-27,575.0,0.4,55225.0,8225.0,0.0,0.0,0.0,493.0,505.55,490.25,-1.675,2026-01-13 23:17,38354
KALYANKJIL,2026-01-27,580.0,0.5,191525.0,105750.0,52.0,11750.0,0.0,493.0,505.55,490.25,-1.675,2026-01-13 23:17,43078
KALYANKJIL,2026-01-27,585.0,0.45,17625.0,18800.0,0.0,0.0,0.0,493.0,505.55,490.25,-1.675,2026-01-13 23:17,47849
KALYANKJIL,2026-01-27,590.0,1.95,47000.0,0.0,0.0,0.0,0.0,493.0,505.55,490.25,-1.675,2026-01-13 23:17,52681
KALYANKJIL,2026-01-27,595.0,0.7,7050.0,0.0,0.0,0.0,0.0,493.0,505.55,490.25,-1.675,2026-01-13 23:17,57546
KALYANKJIL,2026-01-27,600.0,0.4,804875.0,159800.0,0.0,0.0,0.0,493.0,505.55,490.25,-1.675,2026-01-13 23:17,62405
KAYNES,2026-01-27,2800.0,0.0,0.0,0.0,7.0,43700.0,28300.0,3700.5,3738.8,3631.0,0.138,2026-01-13 23:17,152972
KAYNES,2026-01-27,3000.0,0.0,0.0,0.0,12.0,116500.0,84300.0,3700.5,3738.8,3631.0,0.138,2026-01-13 23:17,116632
KAYNES,2026-01-27,3100.0,593.05,300.0,0.0,15.1,25700.0,18100.0,3700.5,3738.8,3631.0,0.138,2026-01-13 23:17,99502
KAYNES,2026-01-27,3200.0,470.0,1700.0,100.0,22.55,89800.0,123000.0,3700.5,3738.8,3631.0,0.138,2026-01-13 23:17,82751
KAYNES,2026-01-27,3250.0,0.0,0.0,0.0,25.95,11800.0,13200.0,3700.5,3738.8,3631.0,0.138,2026-01-13 23:17,74721
KAYNES,2026-01-27,3300.0,450.0,400.0,0.0,31.1,58900.0,94700.0,3700.5,3738.8,3631.0,0.138,2026-01-13 23:17,66842
KAYNES,2026-01-27,3350.0,0.0,0.0,0.0,37.45,19200.0,18200.0,3700.5,3738.8,3631.0,0.138,2026-01-13 23:17,59125
KAYNES,2026-01-27,3400.0,355.0,1300.0,0.0,45.05,84700.0,148900.0,3700.5,3738.8,3631.0,0.138,2026-01-13 23:17,51597
KAYNES,2026-01-27,3450.0,264.6,1100.0,0.0,54.3,29900.0,96500.0,3700.5,3738.8,3631.0,0.138,2026-01-13 23:17,44235
KAYNES,2026-01-27,3500.0,280.0,20100.0,7700.0,65.0,177300.0,378000.0,3700.5,3738.8,3631.0,0.138,2026-01-13 23:17,37231
KAYNES,2026-01-27,3550.0,235.05,6600.0,1900.0,77.75,21000.0,104800.0,3700.5,3738.8,3631.0,0.138,2026-01-13 23:17,30757
KAYNES,2026-01-27,3600.0,211.95,48800.0,131800.0,94.4,136200.0,262600.0,3700.5,3738.8,3631.0,0.138,2026-01-13 23:17,25003
KAYNES,2026-01-27,3650.0,183.0,35700.0,94400.0,112.15,36200.0,163800.0,3700.5,3738.8,3631.0,0.138,2026-01-13 23:17,19931
KAYNES,2026-01-27,3700.0,155.0,290700.0,571000.0,134.0,170400.0,257300.0,3700.5,3738.8,3631.0,0.138,2026-01-13 23:17,15717
KAYNES,2026-01-27,3750.0,129.55,41600.0,192500.0,158.15,30500.0,71500.0,3700.5,3738.8,3631.0,0.138,2026-01-13 23:17,15783
KAYNES,2026-01-27,3800.0,106.45,343700.0,623100.0,185.75,182400.0,67900.0,3700.5,3738.8,3631.0,0.138,2026-01-13 23:17,14044
KAYNES,2026-01-27,3850.0,87.6,72700.0,122700.0,225.65,22400.0,300.0,3700.5,3738.8,3631.0,0.138,2026-01-13 23:17,15150
KAYNES,2026-01-27,3900.0,71.0,332600.0,367300.0,249.1,102000.0,6100.0,3700.5,3738.8,3631.0,0.138,2026-01-13 23:17,16592
KAYNES,2026-01-27,3950.0,60.8,72300.0,151300.0,309.6,24600.0,300.0,3700.5,3738.8,3631.0,0.138,2026-01-13 23:17,19896
KAYNES,2026-01-27,4000.0,49.0,629500.0,539800.0,339.45,202300.0,5400.0,3700.5,3738.8,3631.0,0.138,2026-01-13 23:17,23542
KAYNES,2026-01-27,4050.0,40.85,71800.0,45200.0,385.75,20000.0,3900.0,3700.5,3738.8,3631.0,0.138,2026-01-13 23:17,27886
KAYNES,2026-01-27,4100.0,34.5,262600.0,210000.0,430.75,34500.0,100.0,3700.5,3738.8,3631.0,0.138,2026-01-13 23:17,35994
KAYNES,2026-01-27,4150.0,28.45,49000.0,68100.0,410.65,2600.0,0.0,3700.5,3738.8,3631.0,0.138,2026-01-13 23:17,45486
KAYNES,2026-01-27,4200.0,23.6,392500.0,297400.0,544.8,44300.0,900.0,3700.5,3738.8,3631.0,0.138,2026-01-13 23:17,55848
KAYNES,2026-01-27,4250.0,20.1,30600.0,6900.0,452.3,1000.0,0.0,3700.5,3738.8,3631.0,0.138,2026-01-13 23:17,66874
KAYNES,2026-01-27,4300.0,17.45,199900.0,160800.0,658.0,20200.0,500.0,3700.5,3738.8,3631.0,0.138,2026-01-13 23:17,79562
KAYNES,2026-01-27,4350.0,13.0,12400.0,1100.0,641.65,300.0,0.0,3700.5,3738.8,3631.0,0.138,2026-01-13 23:17,92353
KAYNES,2026-01-27,4400.0,13.0,189400.0,119400.0,705.0,12500.0,0.0,3700.5,3738.8,3631.0,0.138,2026-01-13 23:17,106186
KAYNES,2026-01-27,4500.0,9.7,323700.0,161200.0,838.7,35400.0,500.0,3700.5,3738.8,3631.0,0.138,2026-01-13 23:17,135241
KAYNES,2026-01-27,4600.0,7.05,131100.0,75300.0,860.0,7800.0,0.0,3700.5,3738.8,3631.0,0.138,2026-01-13 23:17,165867
KAYNES,2026-01-27,4700.0,5.8,111500.0,34300.0,1045.0,13000.0,200.0,3700.5,3738.8,3631.0,0.138,2026-01-13 23:17,199958
KAYNES,2026-01-27,4800.0,4.55,57800.0,21400.0,1100.0,3800.0,0.0,3700.5,3738.8,3631.0,0.138,2026-01-13 23:17,234580
KAYNES,2026-01-27,4900.0,3.25,16900.0,116500.0,1115.4,1600.0,0.0,3700.5,3738.8,3631.0,0.138,2026-01-13 23:17,270719
KAYNES,2026-01-27,5000.0,3.7,207900.0,68800.0,1240.0,16600.0,0.0,3700.5,3738.8,3631.0,0.138,2026-01-13 23:17,307262
KAYNES,2026-01-27,5100.0,3.05,11400.0,1900.0,1355.0,3200.0,0.0,3700.5,3738.8,3631.0,0.138,2026-01-13 23:17,344241
KAYNES,2026-01-27,5200.0,3.1,27600.0,4300.0,1232.2,1400.0,0.0,3700.5,3738.8,3631.0,0.138,2026-01-13 23:17,382918
KAYNES,2026-01-27,5300.0,3.25,1400.0,100.0,1422.45,1100.0,0.0,3700.5,3738.8,3631.0,0.138,2026-01-13 23:17,422151
KAYNES,2026-01-27,5400.0,4.1,2900.0,100.0,1600.0,1200.0,0.0,3700.5,3738.8,3631.0,0.138,2026-01-13 23:17,461417
KAYNES,2026-01-27,5500.0,2.25,49400.0,4200.0,1789.85,22500.0,0.0,3700.5,3738.8,3631.0,0.138,2026-01-13 23:17,500690
KAYNES,2026-01-27,5600.0,1.35,1400.0,800.0,1950.0,3300.0,0.0,3700.5,3738.8,3631.0,0.138,2026-01-13 23:17,536855
KAYNES,2026-01-27,5700.0,3.95,700.0,0.0,1645.0,1200.0,0.0,3700.5,3738.8,3631.0,0.138,2026-01-13 23:17,576441
KAYNES,2026-01-27,5800.0,1.8,9400.0,3100.0,1810.0,3500.0,0.0,3700.5,3738.8,3631.0,0.138,2026-01-13 23:17,616492
KAYNES,2026-01-27,5900.0,2.0,2200.0,3100.0,2065.0,100.0,0.0,3700.5,3738.8,3631.0,0.138,2026-01-13 23:17,656237
KAYNES,2026-01-27,6000.0,1.15,65700.0,12500.0,1885.0,15900.0,0.0,3700.5,3738.8,3631.0,0.138,2026-01-13 23:17,696617
KAYNES,2026-01-27,6100.0,0.0,0.0,0.0,2085.0,1200.0,0.0,3700.5,3738.8,3631.0,0.138,2026-01-13 23:17,734843
KAYNES,2026-01-27,6200.0,0.0,0.0,0.0,2095.15,800.0,0.0,3700.5,3738.8,3631.0,0.138,2026-01-13 23:17,775821
KAYNES,2026-01-27,6300.0,0.95,4300.0,3000.0,2547.0,300.0,0.0,3700.5,3738.8,3631.0,0.138,2026-01-13 23:17,816890
KAYNES,2026-01-27,6400.0,0.5,200.0,0.0,2366.3,1200.0,0.0,3700.5,3738.8,3631.0,0.138,2026-01-13 23:17,858096
KAYNES,2026-01-27,6500.0,3.6,3600.0,0.0,2439.0,1300.0,0.0,3700.5,3738.8,3631.0,0.138,2026-01-13 23:17,899108
KAYNES,2026-01-27,6600.0,0.25,800.0,200.0,2610.0,1500.0,0.0,3700.5,3738.8,3631.0,0.138,2026-01-13 23:17,940137
KAYNES,2026-01-27,6800.0,4.0,2500.0,0.0,2805.0,400.0,0.0,3700.5,3738.8,3631.0,0.138,2026-01-13 23:17,1022481
KEI,2026-01-27,3550.0,0.0,0.0,0.0,3.45,875.0,1050.0,4330.0,4392.3,4222.4,-0.872,2026-01-13 23:17,24301
KEI,2026-01-27,3650.0,824.4,350.0,0.0,0.0,0.0,0.0,4330.0,4392.3,4222.4,-0.872,2026-01-13 23:17,20776
KEI,2026-01-27,3700.0,760.2,525.0,0.0,0.0,0.0,0.0,4330.0,4392.3,4222.4,-0.872,2026-01-13 23:17,19044
KEI,2026-01-27,3800.0,261.45,350.0,0.0,6.0,1400.0,4900.0,4330.0,4392.3,4222.4,-0.872,2026-01-13 23:17,15568
KEI,2026-01-27,3900.0,637.9,350.0,0.0,8.5,13650.0,46375.0,4330.0,4392.3,4222.4,-0.872,2026-01-13 23:17,12079
KEI,2026-01-27,3950.0,217.8,1400.0,0.0,0.0,0.0,0.0,4330.0,4392.3,4222.4,-0.872,2026-01-13 23:17,10410
KEI,2026-01-27,4000.0,470.0,525.0,0.0,15.1,29925.0,55825.0,4330.0,4392.3,4222.4,-0.872,2026-01-13 23:17,8768
KEI,2026-01-27,4050.0,265.0,1400.0,0.0,17.0,2275.0,0.0,4330.0,4392.3,4222.4,-0.872,2026-01-13 23:17,7228
KEI,2026-01-27,4100.0,225.0,1400.0,2275.0,29.6,29050.0,187775.0,4330.0,4392.3,4222.4,-0.872,2026-01-13 23:17,5760
KEI,2026-01-27,4150.0,0.0,0.0,0.0,54.7,4900.0,1750.0,4330.0,4392.3,4222.4,-0.872,2026-01-13 23:17,4356
KEI,2026-01-27,4200.0,178.95,2975.0,1750.0,53.0,55650.0,252175.0,4330.0,4392.3,4222.4,-0.872,2026-01-13 23:17,3005
KEI,2026-01-27,4250.0,153.65,3850.0,13475.0,68.9,11025.0,17675.0,4330.0,4392.3,4222.4,-0.872,2026-01-13 23:17,1731
KEI,2026-01-27,4300.0,116.0,24325.0,97475.0,89.65,36925.0,377475.0,4330.0,4392.3,4222.4,-0.872,2026-01-13 23:17,757
KEI,2026-01-27,4350.0,96.6,11025.0,22750.0,116.3,15225.0,12425.0,4330.0,4392.3,4222.4,-0.872,2026-01-13 23:17,57
KEI,2026-01-27,4400.0,68.75,54775.0,100975.0,136.8,48300.0,73500.0,4330.0,4392.3,4222.4,-0.872,2026-01-13 23:17,-532
KEI,2026-01-27,4450.0,57.4,28175.0,35000.0,232.7,23975.0,2100.0,4330.0,4392.3,4222.4,-0.872,2026-01-13 23:17,-821
KEI,2026-01-27,4500.0,38.95,97300.0,186900.0,211.0,51275.0,12425.0,4330.0,4392.3,4222.4,-0.872,2026-01-13 23:17,-960
KEI,2026-01-27,4550.0,28.7,28000.0,15750.0,215.45,15575.0,0.0,4330.0,4392.3,4222.4,-0.872,2026-01-13 23:17,-664
KEI,2026-01-27,4600.0,22.05,77350.0,138075.0,339.8,11200.0,3325.0,4330.0,4392.3,4222.4,-0.872,2026-01-13 23:17,297
KEI,2026-01-27,4650.0,15.4,25550.0,12250.0,0.0,0.0,0.0,4330.0,4392.3,4222.4,-0.872,2026-01-13 23:17,1747
KEI,2026-01-27,4700.0,13.0,49700.0,80850.0,211.75,1225.0,0.0,4330.0,4392.3,4222.4,-0.872,2026-01-13 23:17,3574
KEI,2026-01-27,4750.0,9.9,4900.0,10325.0,0.0,0.0,0.0,4330.0,4392.3,4222.4,-0.872,2026-01-13 23:17,5655
KEI,2026-01-27,4800.0,7.15,41475.0,55475.0,255.9,875.0,0.0,4330.0,4392.3,4222.4,-0.872,2026-01-13 23:17,7726
KEI,2026-01-27,4850.0,6.6,26075.0,700.0,0.0,0.0,0.0,4330.0,4392.3,4222.4,-0.872,2026-01-13 23:17,10012
KEI,2026-01-27,4900.0,0.0,0.0,0.0,0.0,0.0,0.0,4330.0,4392.3,4222.4,-0.872,2026-01-13 23:17,12438
KEI,2026-01-27,4950.0,0.0,0.0,0.0,0.0,0.0,0.0,4330.0,4392.3,4222.4,-0.872,2026-01-13 23:17,14847
KEI,2026-01-27,5000.0,3.5,25900.0,2625.0,0.0,0.0,0.0,4330.0,4392.3,4222.4,-0.872,2026-01-13 23:17,17256
KEI,2026-01-27,5100.0,7.0,175.0,0.0,0.0,0.0,0.0,4330.0,4392.3,4222.4,-0.872,2026-01-13 23:17,22342
KFINTECH,2026-01-27,880.0,0.0,0.0,0.0,1.1,1500.0,0.0,1054.0,1063.0,1037.0,0.285,2026-01-13 23:17,14405
KFINTECH,2026-01-27,900.0,0.0,0.0,0.0,1.2,7000.0,0.0,1054.0,1063.0,1037.0,0.285,2026-01-13 23:17,12305
KFINTECH,2026-01-27,920.0,156.7,0.0,0.0,2.15,27500.0,18500.0,1054.0,1063.0,1037.0,0.285,2026-01-13 23:17,10220
KFINTECH,2026-01-27,960.0,82.9,3000.0,0.0,5.35,129000.0,66500.0,1054.0,1063.0,1037.0,0.285,2026-01-13 23:17,6154
KFINTECH,2026-01-27,980.0,56.4,2000.0,1500.0,9.0,103500.0,93000.0,1054.0,1063.0,1037.0,0.285,2026-01-13 23:17,4343
KFINTECH,2026-01-27,1000.0,35.8,15000.0,8500.0,14.3,255000.0,38500.0,1054.0,1063.0,1037.0,0.285,2026-01-13 23:17,2707
KFINTECH,2026-01-27,1020.0,30.0,18500.0,24000.0,22.05,37000.0,21500.0,1054.0,1063.0,1037.0,0.285,2026-01-13 23:17,1381
KFINTECH,2026-01-27,1040.0,21.0,87000.0,150500.0,31.8,76000.0,48000.0,1054.0,1063.0,1037.0,0.285,2026-01-13 23:17,451
KFINTECH,2026-01-27,1060.0,13.9,191500.0,405000.0,45.05,161000.0,29500.0,1054.0,1063.0,1037.0,0.285,2026-01-13 23:17,-185
KFINTECH,2026-01-27,1080.0,9.1,167000.0,121000.0,59.05,85500.0,16500.0,1054.0,1063.0,1037.0,0.285,2026-01-13 23:17,-518
KFINTECH,2026-01-27,1100.0,6.15,644500.0,401000.0,79.35,123500.0,3000.0,1054.0,1063.0,1037.0,0.285,2026-01-13 23:17,-238
KFINTECH,2026-01-27,1120.0,4.3,103000.0,36500.0,85.9,2000.0,0.0,1054.0,1063.0,1037.0,0.285,2026-01-13 23:17,1345
KFINTECH,2026-01-27,1140.0,2.9,247500.0,154500.0,76.0,3500.0,0.0,1054.0,1063.0,1037.0,0.285,2026-01-13 23:17,3750
KFINTECH,2026-01-27,1160.0,2.2,38000.0,83000.0,137.7,2500.0,5000.0,1054.0,1063.0,1037.0,0.285,2026-01-13 23:17,6675
KFINTECH,2026-01-27,1180.0,1.75,13000.0,16500.0,145.15,1000.0,0.0,1054.0,1063.0,1037.0,0.285,2026-01-13 23:17,9610
KFINTECH,2026-01-27,1200.0,1.4,343000.0,48000.0,172.5,29000.0,0.0,1054.0,1063.0,1037.0,0.285,2026-01-13 23:17,12587
KFINTECH,2026-01-27,1220.0,1.15,33500.0,500.0,0.0,0.0,0.0,1054.0,1063.0,1037.0,0.285,2026-01-13 23:17,15868
KFINTECH,2026-01-27,1240.0,0.45,14000.0,2000.0,218.25,2000.0,1000.0,1054.0,1063.0,1037.0,0.285,2026-01-13 23:17,19672
KFINTECH,2026-01-27,1260.0,1.5,14500.0,0.0,0.0,0.0,0.0,1054.0,1063.0,1037.0,0.285,2026-01-13 23:17,23461
KFINTECH,2026-01-27,1280.0,0.0,0.0,0.0,198.0,4500.0,0.0,1054.0,1063.0,1037.0,0.285,2026-01-13 23:17,27324
KOTAKBANK,2026-01-27,1800.0,0.0,0.0,0.0,4.8,0.0,400.0,2132.0,2144.4,2120.0,-0.061,2026-01-13 23:17,149067
KOTAKBANK,2026-01-27,1840.0,0.0,0.0,0.0,1.45,40000.0,20400.0,2132.0,2144.4,2120.0,-0.061,2026-01-13 23:17,127092
KOTAKBANK,2026-01-27,1880.0,271.0,400.0,0.0,1.2,12400.0,400.0,2132.0,2144.4,2120.0,-0.061,2026-01-13 23:17,105272
KOTAKBANK,2026-01-27,1900.0,232.0,4000.0,5200.0,1.55,113200.0,29600.0,2132.0,2144.4,2120.0,-0.061,2026-01-13 23:17,94400
KOTAKBANK,2026-01-27,1920.0,207.0,3600.0,0.0,2.25,90000.0,400.0,2132.0,2144.4,2120.0,-0.061,2026-01-13 23:17,83828
KOTAKBANK,2026-01-27,1940.0,216.0,800.0,0.0,2.05,80800.0,65200.0,2132.0,2144.4,2120.0,-0.061,2026-01-13 23:17,73422
KOTAKBANK,2026-01-27,1960.0,0.0,0.0,0.0,2.6,186000.0,107200.0,2132.0,2144.4,2120.0,-0.061,2026-01-13 23:17,63126
KOTAKBANK,2026-01-27,1980.0,0.0,0.0,0.0,3.5,130400.0,96000.0,2132.0,2144.4,2120.0,-0.061,2026-01-13 23:17,53153
KOTAKBANK,2026-01-27,2000.0,134.0,181200.0,6000.0,5.05,315200.0,185200.0,2132.0,2144.4,2120.0,-0.061,2026-01-13 23:17,43443
KOTAKBANK,2026-01-27,2020.0,130.1,6800.0,0.0,6.65,183600.0,102000.0,2132.0,2144.4,2120.0,-0.061,2026-01-13 23:17,37041
KOTAKBANK,2026-01-27,2040.0,124.0,1600.0,0.0,9.25,320000.0,277600.0,2132.0,2144.4,2120.0,-0.061,2026-01-13 23:17,28717
KOTAKBANK,2026-01-27,2060.0,87.8,24400.0,2800.0,12.2,352000.0,340800.0,2132.0,2144.4,2120.0,-0.061,2026-01-13 23:17,20793
KOTAKBANK,2026-01-27,2080.0,72.25,69600.0,35600.0,17.1,172400.0,342400.0,2132.0,2144.4,2120.0,-0.061,2026-01-13 23:17,13684
KOTAKBANK,2026-01-27,2100.0,59.0,325600.0,529600.0,23.1,745200.0,866400.0,2132.0,2144.4,2120.0,-0.061,2026-01-13 23:17,7482
KOTAKBANK,2026-01-27,2120.0,46.25,303200.0,602000.0,30.85,424000.0,594800.0,2132.0,2144.4,2120.0,-0.061,2026-01-13 23:17,3412
KOTAKBANK,2026-01-27,2140.0,35.6,713600.0,1795600.0,39.65,685600.0,724000.0,2132.0,2144.4,2120.0,-0.061,2026-01-13 23:17,692
KOTAKBANK,2026-01-27,2160.0,27.0,667200.0,839200.0,51.35,547600.0,209600.0,2132.0,2144.4,2120.0,-0.061,2026-01-13 23:17,498
KOTAKBANK,2026-01-27,2180.0,20.1,418000.0,534800.0,63.3,296400.0,57600.0,2132.0,2144.4,2120.0,-0.061,2026-01-13 23:17,1901
KOTAKBANK,2026-01-27,2200.0,14.4,1834800.0,1539200.0,80.05,385600.0,58400.0,2132.0,2144.4,2120.0,-0.061,2026-01-13 23:17,4708
KOTAKBANK,2026-01-27,2220.0,10.65,524400.0,645600.0,95.35,131200.0,30000.0,2132.0,2144.4,2120.0,-0.061,2026-01-13 23:17,12546
KOTAKBANK,2026-01-27,2240.0,7.65,552400.0,527600.0,110.9,118000.0,0.0,2132.0,2144.4,2120.0,-0.061,2026-01-13 23:17,21448
KOTAKBANK,2026-01-27,2260.0,5.5,312400.0,169600.0,138.0,48400.0,400.0,2132.0,2144.4,2120.0,-0.061,2026-01-13 23:17,31497
KOTAKBANK,2026-01-27,2280.0,3.9,454400.0,145600.0,135.85,20400.0,0.0,2132.0,2144.4,2120.0,-0.061,2026-01-13 23:17,42658
KOTAKBANK,2026-01-27,2300.0,2.8,627200.0,460400.0,166.7,74800.0,0.0,2132.0,2144.4,2120.0,-0.061,2026-01-13 23:17,55165
KOTAKBANK,2026-01-27,2320.0,2.0,206400.0,88000.0,155.35,3600.0,0.0,2132.0,2144.4,2120.0,-0.061,2026-01-13 23:17,68104
KOTAKBANK,2026-01-27,2340.0,1.55,261600.0,53200.0,175.5,8000.0,0.0,2132.0,2144.4,2120.0,-0.061,2026-01-13 23:17,82519
KOTAKBANK,2026-01-27,2360.0,1.0,170400.0,62000.0,239.0,4000.0,0.0,2132.0,2144.4,2120.0,-0.061,2026-01-13 23:17,97389
KOTAKBANK,2026-01-27,2380.0,0.8,447600.0,44800.0,0.0,0.0,0.0,2132.0,2144.4,2120.0,-0.061,2026-01-13 23:17,112629
KOTAKBANK,2026-01-27,2400.0,0.95,276800.0,46800.0,192.95,4800.0,0.0,2132.0,2144.4,2120.0,-0.061,2026-01-13 23:17,128878
KOTAKBANK,2026-01-27,2420.0,0.95,102000.0,0.0,0.0,0.0,0.0,2132.0,2144.4,2120.0,-0.061,2026-01-13 23:17,145589
KOTAKBANK,2026-01-27,2440.0,0.6,21600.0,2000.0,0.0,0.0,0.0,2132.0,2144.4,2120.0,-0.061,2026-01-13 23:17,162579
KOTAKBANK,2026-01-27,2480.0,0.7,17600.0,0.0,0.0,0.0,0.0,2132.0,2144.4,2120.0,-0.061,2026-01-13 23:17,196629
KOTAKBANK,2026-01-27,2520.0,0.0,0.0,0.0,0.0,0.0,0.0,2132.0,2144.4,2120.0,-0.061,2026-01-13 23:17,230748
KPITTECH,2026-01-27,960.0,276.0,1275.0,0.0,0.7,3825.0,0.0,1173.7,1185.5,1161.4,0.094,2026-01-13 23:17,23669
KPITTECH,2026-01-27,980.0,0.0,0.0,0.0,0.0,0.0,0.0,1173.7,1185.5,1161.4,0.094,2026-01-13 23:17,20785
KPITTECH,2026-01-27,1000.0,0.0,0.0,0.0,0.9,14875.0,0.0,1173.7,1185.5,1161.4,0.094,2026-01-13 23:17,17865
KPITTECH,2026-01-27,1020.0,0.0,0.0,0.0,0.9,425.0,425.0,1173.7,1185.5,1161.4,0.094,2026-01-13 23:17,14974
KPITTECH,2026-01-27,1030.0,0.0,0.0,0.0,0.0,0.0,0.0,1173.7,1185.5,1161.4,0.094,2026-01-13 23:17,13529
KPITTECH,2026-01-27,1040.0,170.5,0.0,0.0,1.3,37825.0,850.0,1173.7,1185.5,1161.4,0.094,2026-01-13 23:17,12084
KPITTECH,2026-01-27,1050.0,167.05,1275.0,0.0,3.05,13600.0,0.0,1173.7,1185.5,1161.4,0.094,2026-01-13 23:17,10673
KPITTECH,2026-01-27,1060.0,0.0,0.0,0.0,2.45,83300.0,32725.0,1173.7,1185.5,1161.4,0.094,2026-01-13 23:17,9298
KPITTECH,2026-01-27,1070.0,0.0,0.0,0.0,0.0,0.0,0.0,1173.7,1185.5,1161.4,0.094,2026-01-13 23:17,7969
KPITTECH,2026-01-27,1080.0,0.0,0.0,0.0,3.7,82450.0,17425.0,1173.7,1185.5,1161.4,0.094,2026-01-13 23:17,6660
KPITTECH,2026-01-27,1090.0,0.0,0.0,0.0,3.25,7650.0,0.0,1173.7,1185.5,1161.4,0.094,2026-01-13 23:17,5404
KPITTECH,2026-01-27,1100.0,74.85,17425.0,3400.0,6.05,178075.0,206125.0,1173.7,1185.5,1161.4,0.094,2026-01-13 23:17,4183
KPITTECH,2026-01-27,1110.0,102.15,10200.0,0.0,7.5,188275.0,5525.0,1173.7,1185.5,1161.4,0.094,2026-01-13 23:17,3183
KPITTECH,2026-01-27,1120.0,75.0,9350.0,0.0,9.0,62475.0,14025.0,1173.7,1185.5,1161.4,0.094,2026-01-13 23:17,2321
KPITTECH,2026-01-27,1130.0,59.0,10200.0,425.0,12.5,28475.0,3400.0,1173.7,1185.5,1161.4,0.094,2026-01-13 23:17,1582
KPITTECH,2026-01-27,1140.0,44.5,27200.0,3400.0,14.5,104125.0,3400.0,1173.7,1185.5,1161.4,0.094,2026-01-13 23:17,893
KPITTECH,2026-01-27,1150.0,41.0,27200.0,850.0,17.35,73525.0,8075.0,1173.7,1185.5,1161.4,0.094,2026-01-13 23:17,280
KPITTECH,2026-01-27,1160.0,36.85,93075.0,22525.0,21.05,79050.0,8075.0,1173.7,1185.5,1161.4,0.094,2026-01-13 23:17,-217
KPITTECH,2026-01-27,1170.0,33.0,68000.0,68425.0,27.8,57800.0,26775.0,1173.7,1185.5,1161.4,0.094,2026-01-13 23:17,-350
KPITTECH,2026-01-27,1180.0,25.7,96475.0,224400.0,32.95,58650.0,13600.0,1173.7,1185.5,1161.4,0.094,2026-01-13 23:17,-470
KPITTECH,2026-01-27,1190.0,22.45,77350.0,17850.0,39.4,42075.0,5100.0,1173.7,1185.5,1161.4,0.094,2026-01-13 23:17,-445
KPITTECH,2026-01-27,1200.0,19.0,352325.0,370175.0,48.95,141525.0,5525.0,1173.7,1185.5,1161.4,0.094,2026-01-13 23:17,-346
KPITTECH,2026-01-27,1210.0,14.5,67575.0,2550.0,50.75,30175.0,0.0,1173.7,1185.5,1161.4,0.094,2026-01-13 23:17,214
KPITTECH,2026-01-27,1220.0,13.1,137275.0,48875.0,63.15,61200.0,0.0,1173.7,1185.5,1161.4,0.094,2026-01-13 23:17,841
KPITTECH,2026-01-27,1230.0,10.85,79475.0,34000.0,64.3,15725.0,1275.0,1173.7,1185.5,1161.4,0.094,2026-01-13 23:17,1515
KPITTECH,2026-01-27,1240.0,8.4,207400.0,86700.0,82.0,45900.0,425.0,1173.7,1185.5,1161.4,0.094,2026-01-13 23:17,2476
KPITTECH,2026-01-27,1250.0,7.2,84150.0,9775.0,0.0,0.0,0.0,1173.7,1185.5,1161.4,0.094,2026-01-13 23:17,3503
KPITTECH,2026-01-27,1260.0,5.5,80750.0,37400.0,82.35,5950.0,0.0,1173.7,1185.5,1161.4,0.094,2026-01-13 23:17,4877
KPITTECH,2026-01-27,1270.0,4.15,33150.0,5950.0,0.0,0.0,0.0,1173.7,1185.5,1161.4,0.094,2026-01-13 23:17,6272
KPITTECH,2026-01-27,1280.0,3.95,96050.0,44200.0,93.5,5100.0,0.0,1173.7,1185.5,1161.4,0.094,2026-01-13 23:17,7719
KPITTECH,2026-01-27,1290.0,3.05,104550.0,2550.0,0.0,0.0,0.0,1173.7,1185.5,1161.4,0.094,2026-01-13 23:17,9243
KPITTECH,2026-01-27,1300.0,2.7,393550.0,215050.0,110.3,21675.0,0.0,1173.7,1185.5,1161.4,0.094,2026-01-13 23:17,10914
KPITTECH,2026-01-27,1310.0,2.35,175950.0,21250.0,0.0,0.0,0.0,1173.7,1185.5,1161.4,0.094,2026-01-13 23:17,12835
KPITTECH,2026-01-27,1320.0,2.65,70975.0,0.0,153.0,10625.0,1700.0,1173.7,1185.5,1161.4,0.094,2026-01-13 23:17,15106
KPITTECH,2026-01-27,1330.0,2.05,9350.0,0.0,0.0,0.0,0.0,1173.7,1185.5,1161.4,0.094,2026-01-13 23:17,17274
KPITTECH,2026-01-27,1340.0,2.0,49300.0,0.0,0.0,0.0,0.0,1173.7,1185.5,1161.4,0.094,2026-01-13 23:17,19597
KPITTECH,2026-01-27,1350.0,0.0,0.0,0.0,0.0,0.0,0.0,1173.7,1185.5,1161.4,0.094,2026-01-13 23:17,21977
KPITTECH,2026-01-27,1360.0,1.05,20400.0,850.0,177.5,4675.0,0.0,1173.7,1185.5,1161.4,0.094,2026-01-13 23:17,24347
KPITTECH,2026-01-27,1380.0,1.5,17425.0,0.0,202.05,1275.0,2550.0,1173.7,1185.5,1161.4,0.094,2026-01-13 23:17,29057
KPITTECH,2026-01-27,1400.0,0.7,55675.0,15725.0,230.15,2975.0,0.0,1173.7,1185.5,1161.4,0.094,2026-01-13 23:17,33862
KPITTECH,2026-01-27,1440.0,1.25,850.0,0.0,233.65,1700.0,0.0,1173.7,1185.5,1161.4,0.094,2026-01-13 23:17,43688
KPITTECH,2026-01-27,1480.0,3.45,11050.0,0.0,0.0,0.0,0.0,1173.7,1185.5,1161.4,0.094,2026-01-13 23:17,53549
LAURUSLABS,2026-01-27,840.0,200.0,30600.0,1700.0,0.4,14450.0,3400.0,1061.0,1063.2,1023.8,1.706,2026-01-13 23:17,96416
LAURUSLABS,2026-01-27,860.0,182.0,850.0,850.0,0.0,0.0,0.0,1061.0,1063.2,1023.8,1.706,2026-01-13 23:17,85729
LAURUSLABS,2026-01-27,870.0,0.0,0.0,0.0,0.0,0.0,0.0,1061.0,1063.2,1023.8,1.706,2026-01-13 23:17,80096
LAURUSLABS,2026-01-27,880.0,160.5,8500.0,2550.0,1.05,30600.0,3400.0,1061.0,1063.2,1023.8,1.706,2026-01-13 23:17,74448
LAURUSLABS,2026-01-27,890.0,0.0,0.0,0.0,0.0,0.0,0.0,1061.0,1063.2,1023.8,1.706,2026-01-13 23:17,68972
LAURUSLABS,2026-01-27,900.0,133.1,89250.0,15300.0,1.2,245650.0,138550.0,1061.0,1063.2,1023.8,1.706,2026-01-13 23:17,63363
LAURUSLABS,2026-01-27,910.0,180.0,850.0,0.0,2.5,2550.0,3400.0,1061.0,1063.2,1023.8,1.706,2026-01-13 23:17,59247
LAURUSLABS,2026-01-27,920.0,0.0,0.0,0.0,2.2,36550.0,10200.0,1061.0,1063.2,1023.8,1.706,2026-01-13 23:17,53991
LAURUSLABS,2026-01-27,930.0,159.25,2550.0,0.0,3.15,27200.0,19550.0,1061.0,1063.2,1023.8,1.706,2026-01-13 23:17,48749
LAURUSLABS,2026-01-27,940.0,0.0,0.0,0.0,2.3,67150.0,113050.0,1061.0,1063.2,1023.8,1.706,2026-01-13 23:17,43576
LAURUSLABS,2026-01-27,950.0,91.05,36550.0,2550.0,2.85,99450.0,135150.0,1061.0,1063.2,1023.8,1.706,2026-01-13 23:17,38423
LAURUSLABS,2026-01-27,960.0,132.65,2550.0,0.0,3.7,107100.0,85000.0,1061.0,1063.2,1023.8,1.706,2026-01-13 23:17,33726
LAURUSLABS,2026-01-27,970.0,127.15,0.0,0.0,4.5,60350.0,170000.0,1061.0,1063.2,1023.8,1.706,2026-01-13 23:17,28829
LAURUSLABS,2026-01-27,980.0,115.0,5100.0,0.0,5.55,231200.0,375700.0,1061.0,1063.2,1023.8,1.706,2026-01-13 23:17,23970
LAURUSLABS,2026-01-27,990.0,58.0,2550.0,3400.0,7.0,128350.0,220150.0,1061.0,1063.2,1023.8,1.706,2026-01-13 23:17,19305
LAURUSLABS,2026-01-27,1000.0,73.2,163200.0,124100.0,9.0,466650.0,849150.0,1061.0,1063.2,1023.8,1.706,2026-01-13 23:17,14766
LAURUSLABS,2026-01-27,1010.0,60.0,12750.0,1700.0,11.05,144500.0,176800.0,1061.0,1063.2,1023.8,1.706,2026-01-13 23:17,11706
LAURUSLABS,2026-01-27,1020.0,56.4,142800.0,85850.0,13.65,243100.0,735250.0,1061.0,1063.2,1023.8,1.706,2026-01-13 23:17,7946
LAURUSLABS,2026-01-27,1030.0,51.65,240550.0,554200.0,17.55,344250.0,971550.0,1061.0,1063.2,1023.8,1.706,2026-01-13 23:17,5128
LAURUSLABS,2026-01-27,1040.0,45.6,339150.0,814300.0,20.7,304300.0,527000.0,1061.0,1063.2,1023.8,1.706,2026-01-13 23:17,3060
LAURUSLABS,2026-01-27,1050.0,38.55,592450.0,1484950.0,25.0,759900.0,595000.0,1061.0,1063.2,1023.8,1.706,2026-01-13 23:17,1914
LAURUSLABS,2026-01-27,1060.0,34.2,309400.0,1176400.0,29.35,167450.0,182750.0,1061.0,1063.2,1023.8,1.706,2026-01-13 23:17,1588
LAURUSLABS,2026-01-27,1070.0,29.6,141100.0,334900.0,34.7,102000.0,137700.0,1061.0,1063.2,1023.8,1.706,2026-01-13 23:17,1921
LAURUSLABS,2026-01-27,1080.0,25.5,373150.0,640900.0,40.7,294100.0,68000.0,1061.0,1063.2,1023.8,1.706,2026-01-13 23:17,1994
LAURUSLABS,2026-01-27,1090.0,21.15,225250.0,238000.0,47.25,170000.0,12750.0,1061.0,1063.2,1023.8,1.706,2026-01-13 23:17,2425
LAURUSLABS,2026-01-27,1100.0,18.95,1573350.0,1932050.0,52.75,817700.0,411400.0,1061.0,1063.2,1023.8,1.706,2026-01-13 23:17,3170
LAURUSLABS,2026-01-27,1110.0,15.95,557600.0,185300.0,82.6,136000.0,5950.0,1061.0,1063.2,1023.8,1.706,2026-01-13 23:17,5301
LAURUSLABS,2026-01-27,1120.0,13.4,652800.0,601800.0,75.0,204000.0,4250.0,1061.0,1063.2,1023.8,1.706,2026-01-13 23:17,9223
LAURUSLABS,2026-01-27,1130.0,11.4,441150.0,214200.0,93.5,194650.0,4250.0,1061.0,1063.2,1023.8,1.706,2026-01-13 23:17,13581
LAURUSLABS,2026-01-27,1140.0,9.7,551650.0,492150.0,102.25,134300.0,0.0,1061.0,1063.2,1023.8,1.706,2026-01-13 23:17,17913
LAURUSLABS,2026-01-27,1150.0,8.1,1403350.0,782850.0,109.0,82450.0,5100.0,1061.0,1063.2,1023.8,1.706,2026-01-13 23:17,23410
LAURUSLABS,2026-01-27,1160.0,6.55,643450.0,352750.0,116.5,29750.0,850.0,1061.0,1063.2,1023.8,1.706,2026-01-13 23:17,31469
LAURUSLABS,2026-01-27,1170.0,5.45,152150.0,142800.0,88.85,21250.0,0.0,1061.0,1063.2,1023.8,1.706,2026-01-13 23:17,40038
LAURUSLABS,2026-01-27,1180.0,4.75,137700.0,81600.0,83.4,5950.0,0.0,1061.0,1063.2,1023.8,1.706,2026-01-13 23:17,48600
LAURUSLABS,2026-01-27,1190.0,4.0,177650.0,8500.0,0.0,0.0,0.0,1061.0,1063.2,1023.8,1.706,2026-01-13 23:17,57427
LAURUSLABS,2026-01-27,1200.0,3.3,838100.0,462400.0,148.0,15300.0,0.0,1061.0,1063.2,1023.8,1.706,2026-01-13 23:17,66486
LAURUSLABS,2026-01-27,1210.0,2.75,102850.0,7650.0,0.0,0.0,0.0,1061.0,1063.2,1023.8,1.706,2026-01-13 23:17,76379
LAURUSLABS,2026-01-27,1220.0,2.5,255850.0,51850.0,110.5,5950.0,0.0,1061.0,1063.2,1023.8,1.706,2026-01-13 23:17,86352
LAURUSLABS,2026-01-27,1230.0,0.0,0.0,0.0,0.0,0.0,0.0,1061.0,1063.2,1023.8,1.706,2026-01-13 23:17,96557
LAURUSLABS,2026-01-27,1240.0,1.3,126650.0,850.0,0.0,0.0,0.0,1061.0,1063.2,1023.8,1.706,2026-01-13 23:17,106764
LAURUSLABS,2026-01-27,1260.0,1.2,98600.0,13600.0,0.0,0.0,0.0,1061.0,1063.2,1023.8,1.706,2026-01-13 23:17,127447
LAURUSLABS,2026-01-27,1280.0,0.85,14450.0,5950.0,0.0,0.0,0.0,1061.0,1063.2,1023.8,1.706,2026-01-13 23:17,148323
LICHSGFIN,2026-01-27,440.0,0.0,0.0,0.0,0.0,0.0,0.0,521.0,526.8,514.3,0.434,2026-01-13 23:17,77492
LICHSGFIN,2026-01-27,450.0,0.0,0.0,0.0,0.25,4000.0,0.0,521.0,526.8,514.3,0.434,2026-01-13 23:17,68994
LICHSGFIN,2026-01-27,460.0,0.0,0.0,0.0,0.4,2000.0,0.0,521.0,526.8,514.3,0.434,2026-01-13 23:17,60500
LICHSGFIN,2026-01-27,465.0,0.0,0.0,0.0,0.0,0.0,0.0,521.0,526.8,514.3,0.434,2026-01-13 23:17,56254
LICHSGFIN,2026-01-27,470.0,0.0,0.0,0.0,0.55,64000.0,10000.0,521.0,526.8,514.3,0.434,2026-01-13 23:17,52008
LICHSGFIN,2026-01-27,475.0,0.0,0.0,0.0,0.0,0.0,0.0,521.0,526.8,514.3,0.434,2026-01-13 23:17,47790
LICHSGFIN,2026-01-27,480.0,0.0,0.0,0.0,1.05,68000.0,55000.0,521.0,526.8,514.3,0.434,2026-01-13 23:17,43576
LICHSGFIN,2026-01-27,485.0,0.0,0.0,0.0,1.25,87000.0,47000.0,521.0,526.8,514.3,0.434,2026-01-13 23:17,39389
LICHSGFIN,2026-01-27,490.0,0.0,0.0,0.0,1.65,204000.0,78000.0,521.0,526.8,514.3,0.434,2026-01-13 23:17,35242
LICHSGFIN,2026-01-27,495.0,27.4,0.0,1000.0,2.95,39000.0,23000.0,521.0,526.8,514.3,0.434,2026-01-13 23:17,31174
LICHSGFIN,2026-01-27,500.0,25.3,94000.0,33000.0,2.75,1058000.0,1139000.0,521.0,526.8,514.3,0.434,2026-01-13 23:17,27147
LICHSGFIN,2026-01-27,505.0,25.1,25000.0,3000.0,3.7,115000.0,154000.0,521.0,526.8,514.3,0.434,2026-01-13 23:17,23655
LICHSGFIN,2026-01-27,510.0,17.3,62000.0,174000.0,4.75,615000.0,375000.0,521.0,526.8,514.3,0.434,2026-01-13 23:17,20306
LICHSGFIN,2026-01-27,515.0,14.35,88000.0,215000.0,6.5,215000.0,283000.0,521.0,526.8,514.3,0.434,2026-01-13 23:17,17091
LICHSGFIN,2026-01-27,520.0,11.35,454000.0,1306000.0,8.45,1150000.0,669000.0,521.0,526.8,514.3,0.434,2026-01-13 23:17,14198
LICHSGFIN,2026-01-27,525.0,8.8,217000.0,860000.0,10.7,122000.0,118000.0,521.0,526.8,514.3,0.434,2026-01-13 23:17,11665
LICHSGFIN,2026-01-27,530.0,6.65,703000.0,2140000.0,13.3,1030000.0,175000.0,521.0,526.8,514.3,0.434,2026-01-13 23:17,9818
LICHSGFIN,2026-01-27,535.0,5.05,258000.0,350000.0,18.65,388000.0,7000.0,521.0,526.8,514.3,0.434,2026-01-13 23:17,7874
LICHSGFIN,2026-01-27,540.0,4.0,1596000.0,699000.0,21.0,1051000.0,33000.0,521.0,526.8,514.3,0.434,2026-01-13 23:17,6563
LICHSGFIN,2026-01-27,545.0,3.05,733000.0,409000.0,28.2,189000.0,7000.0,521.0,526.8,514.3,0.434,2026-01-13 23:17,5600
LICHSGFIN,2026-01-27,550.0,2.25,1093000.0,420000.0,31.5,530000.0,18000.0,521.0,526.8,514.3,0.434,2026-01-13 23:17,6357
LICHSGFIN,2026-01-27,555.0,1.8,123000.0,129000.0,26.15,51000.0,0.0,521.0,526.8,514.3,0.434,2026-01-13 23:17,6811
LICHSGFIN,2026-01-27,560.0,1.45,813000.0,392000.0,43.0,425000.0,2000.0,521.0,526.8,514.3,0.434,2026-01-13 23:17,8665
LICHSGFIN,2026-01-27,565.0,1.2,104000.0,40000.0,32.25,47000.0,0.0,521.0,526.8,514.3,0.434,2026-01-13 23:17,9539
LICHSGFIN,2026-01-27,570.0,0.85,320000.0,77000.0,40.1,189000.0,0.0,521.0,526.8,514.3,0.434,2026-01-13 23:17,12060
LICHSGFIN,2026-01-27,575.0,0.8,85000.0,21000.0,36.15,1000.0,0.0,521.0,526.8,514.3,0.434,2026-01-13 23:17,14243
LICHSGFIN,2026-01-27,580.0,0.6,511000.0,60000.0,36.85,124000.0,0.0,521.0,526.8,514.3,0.434,2026-01-13 23:17,17203
LICHSGFIN,2026-01-27,585.0,1.25,45000.0,1000.0,54.35,1000.0,0.0,521.0,526.8,514.3,0.434,2026-01-13 23:17,20052
LICHSGFIN,2026-01-27,590.0,0.45,129000.0,21000.0,50.0,16000.0,0.0,521.0,526.8,514.3,0.434,2026-01-13 23:17,23349
LICHSGFIN,2026-01-27,595.0,0.75,14000.0,0.0,0.0,0.0,0.0,521.0,526.8,514.3,0.434,2026-01-13 23:17,26645
LICHSGFIN,2026-01-27,600.0,0.4,571000.0,43000.0,80.0,295000.0,2000.0,521.0,526.8,514.3,0.434,2026-01-13 23:17,30023
LICHSGFIN,2026-01-27,610.0,0.35,11000.0,0.0,81.95,28000.0,0.0,521.0,526.8,514.3,0.434,2026-01-13 23:17,35306
LICHSGFIN,2026-01-27,620.0,0.25,20000.0,0.0,95.45,35000.0,3000.0,521.0,526.8,514.3,0.434,2026-01-13 23:17,42736
LICHSGFIN,2026-01-27,630.0,0.2,49000.0,25000.0,87.75,6000.0,0.0,521.0,526.8,514.3,0.434,2026-01-13 23:17,50116
LICHSGFIN,2026-01-27,640.0,0.3,28000.0,0.0,99.55,71000.0,0.0,521.0,526.8,514.3,0.434,2026-01-13 23:17,57834
LICHSGFIN,2026-01-27,650.0,0.2,144000.0,0.0,129.2,233000.0,12000.0,521.0,526.8,514.3,0.434,2026-01-13 23:17,64996
LICHSGFIN,2026-01-27,680.0,0.0,0.0,0.0,138.0,45000.0,0.0,521.0,526.8,514.3,0.434,2026-01-13 23:17,86723
LICI,2026-01-27,700.0,0.0,0.0,0.0,0.3,7000.0,0.0,830.8,838.9,825.8,-0.156,2026-01-13 23:17,48024
LICI,2026-01-27,710.0,0.0,0.0,0.0,0.0,0.0,0.0,830.8,838.9,825.8,-0.156,2026-01-13 23:17,44232
LICI,2026-01-27,720.0,0.0,0.0,0.0,0.0,0.0,0.0,830.8,838.9,825.8,-0.156,2026-01-13 23:17,40440
LICI,2026-01-27,730.0,0.0,0.0,0.0,0.0,0.0,0.0,830.8,838.9,825.8,-0.156,2026-01-13 23:17,36648
LICI,2026-01-27,740.0,124.5,1400.0,0.0,0.8,40600.0,44100.0,830.8,838.9,825.8,-0.156,2026-01-13 23:17,32856
LICI,2026-01-27,750.0,0.0,0.0,0.0,0.7,22400.0,32900.0,830.8,838.9,825.8,-0.156,2026-01-13 23:17,29120
LICI,2026-01-27,760.0,0.0,0.0,0.0,0.65,7700.0,10500.0,830.8,838.9,825.8,-0.156,2026-01-13 23:17,25391
LICI,2026-01-27,770.0,0.0,0.0,0.0,0.9,54600.0,28700.0,830.8,838.9,825.8,-0.156,2026-01-13 23:17,21671
LICI,2026-01-27,775.0,0.0,0.0,0.0,0.0,0.0,0.0,830.8,838.9,825.8,-0.156,2026-01-13 23:17,19833
LICI,2026-01-27,780.0,53.0,1400.0,700.0,1.1,156100.0,114800.0,830.8,838.9,825.8,-0.156,2026-01-13 23:17,18001
LICI,2026-01-27,785.0,0.0,0.0,0.0,1.8,700.0,0.0,830.8,838.9,825.8,-0.156,2026-01-13 23:17,16237
LICI,2026-01-27,790.0,0.0,0.0,0.0,1.85,121800.0,13300.0,830.8,838.9,825.8,-0.156,2026-01-13 23:17,14484
LICI,2026-01-27,795.0,0.0,0.0,0.0,2.4,35700.0,16800.0,830.8,838.9,825.8,-0.156,2026-01-13 23:17,12768
LICI,2026-01-27,800.0,35.7,38500.0,8400.0,3.2,539700.0,119000.0,830.8,838.9,825.8,-0.156,2026-01-13 23:17,11085
LICI,2026-01-27,805.0,0.0,0.0,0.0,4.2,4200.0,2800.0,830.8,838.9,825.8,-0.156,2026-01-13 23:17,9664
LICI,2026-01-27,810.0,0.0,0.0,0.0,4.75,87500.0,60900.0,830.8,838.9,825.8,-0.156,2026-01-13 23:17,8279
LICI,2026-01-27,815.0,0.0,0.0,0.0,6.5,35000.0,3500.0,830.8,838.9,825.8,-0.156,2026-01-13 23:17,6898
LICI,2026-01-27,820.0,20.85,19600.0,18200.0,7.8,291200.0,86100.0,830.8,838.9,825.8,-0.156,2026-01-13 23:17,5552
LICI,2026-01-27,825.0,17.7,24500.0,16800.0,9.8,48300.0,24500.0,830.8,838.9,825.8,-0.156,2026-01-13 23:17,4199
LICI,2026-01-27,830.0,13.85,371700.0,238000.0,12.0,546000.0,188300.0,830.8,838.9,825.8,-0.156,2026-01-13 23:17,3065
LICI,2026-01-27,835.0,11.35,100800.0,109900.0,13.75,35000.0,25200.0,830.8,838.9,825.8,-0.156,2026-01-13 23:17,2253
LICI,2026-01-27,840.0,9.25,356300.0,819000.0,15.8,280000.0,36400.0,830.8,838.9,825.8,-0.156,2026-01-13 23:17,1715
LICI,2026-01-27,845.0,7.5,137900.0,37800.0,22.5,49000.0,2100.0,830.8,838.9,825.8,-0.156,2026-01-13 23:17,1317
LICI,2026-01-27,850.0,6.15,924000.0,338800.0,23.65,498400.0,23100.0,830.8,838.9,825.8,-0.156,2026-01-13 23:17,1118
LICI,2026-01-27,855.0,3.45,162400.0,6300.0,28.5,72800.0,0.0,830.8,838.9,825.8,-0.156,2026-01-13 23:17,1026
LICI,2026-01-27,860.0,4.0,907200.0,297500.0,33.0,378700.0,4900.0,830.8,838.9,825.8,-0.156,2026-01-13 23:17,1512
LICI,2026-01-27,865.0,3.5,91700.0,6300.0,0.0,0.0,0.0,830.8,838.9,825.8,-0.156,2026-01-13 23:17,1904
LICI,2026-01-27,870.0,2.65,684600.0,221200.0,41.0,84000.0,700.0,830.8,838.9,825.8,-0.156,2026-01-13 23:17,3262
LICI,2026-01-27,875.0,2.15,119700.0,64400.0,0.0,0.0,0.0,830.8,838.9,825.8,-0.156,2026-01-13 23:17,4809
LICI,2026-01-27,880.0,1.85,417900.0,170800.0,49.0,99400.0,2100.0,830.8,838.9,825.8,-0.156,2026-01-13 23:17,6604
LICI,2026-01-27,885.0,1.75,9100.0,2100.0,0.0,0.0,0.0,830.8,838.9,825.8,-0.156,2026-01-13 23:17,8223
LICI,2026-01-27,890.0,1.4,257600.0,55300.0,50.6,21700.0,0.0,830.8,838.9,825.8,-0.156,2026-01-13 23:17,10257
LICI,2026-01-27,895.0,0.0,0.0,0.0,0.0,0.0,0.0,830.8,838.9,825.8,-0.156,2026-01-13 23:17,12356
LICI,2026-01-27,900.0,1.25,1607900.0,110600.0,67.0,175000.0,0.0,830.8,838.9,825.8,-0.156,2026-01-13 23:17,14528
LICI,2026-01-27,905.0,0.0,0.0,0.0,0.0,0.0,0.0,830.8,838.9,825.8,-0.156,2026-01-13 23:17,16621
LICI,2026-01-27,910.0,1.0,171500.0,90300.0,73.5,2800.0,0.0,830.8,838.9,825.8,-0.156,2026-01-13 23:17,19684
LICI,2026-01-27,915.0,0.0,0.0,0.0,0.0,0.0,0.0,830.8,838.9,825.8,-0.156,2026-01-13 23:17,22832
LICI,2026-01-27,920.0,0.8,370300.0,143500.0,60.5,33600.0,0.0,830.8,838.9,825.8,-0.156,2026-01-13 23:17,25983
LICI,2026-01-27,930.0,0.75,100800.0,1400.0,78.95,18200.0,0.0,830.8,838.9,825.8,-0.156,2026-01-13 23:17,32515
LICI,2026-01-27,940.0,0.9,97300.0,0.0,0.0,0.0,0.0,830.8,838.9,825.8,-0.156,2026-01-13 23:17,39204
LICI,2026-01-27,950.0,0.5,109900.0,0.0,111.1,16800.0,0.0,830.8,838.9,825.8,-0.156,2026-01-13 23:17,46135
LICI,2026-01-27,960.0,0.3,24500.0,0.0,104.75,4200.0,0.0,830.8,838.9,825.8,-0.156,2026-01-13 23:17,53003
LICI,2026-01-27,970.0,0.0,0.0,0.0,119.0,2800.0,0.0,830.8,838.9,825.8,-0.156,2026-01-13 23:17,60038
LICI,2026-01-27,980.0,0.4,2100.0,0.0,147.0,3500.0,0.0,830.8,838.9,825.8,-0.156,2026-01-13 23:17,67085
LICI,2026-01-27,1000.0,0.2,42700.0,3500.0,149.0,24500.0,0.0,830.8,838.9,825.8,-0.156,2026-01-13 23:17,81206
LICI,2026-01-27,1020.0,0.2,0.0,0.0,0.0,0.0,0.0,830.8,838.9,825.8,-0.156,2026-01-13 23:17,95148
LODHA,2026-01-27,900.0,221.05,4500.0,0.0,0.7,5400.0,0.0,1071.4,1088.4,1060.0,-0.594,2026-01-13 23:17,26536
LODHA,2026-01-27,920.0,153.65,0.0,2250.0,0.55,35550.0,0.0,1071.4,1088.4,1060.0,-0.594,2026-01-13 23:17,22580
LODHA,2026-01-27,940.0,0.0,0.0,0.0,1.35,56250.0,3150.0,1071.4,1088.4,1060.0,-0.594,2026-01-13 23:17,18595
LODHA,2026-01-27,950.0,0.0,0.0,0.0,1.25,450.0,0.0,1071.4,1088.4,1060.0,-0.594,2026-01-13 23:17,16652
LODHA,2026-01-27,960.0,117.45,2700.0,0.0,2.4,78750.0,65700.0,1071.4,1088.4,1060.0,-0.594,2026-01-13 23:17,14717
LODHA,2026-01-27,970.0,0.0,0.0,0.0,0.0,0.0,0.0,1071.4,1088.4,1060.0,-0.594,2026-01-13 23:17,12876
LODHA,2026-01-27,980.0,0.0,0.0,0.0,3.25,118800.0,45900.0,1071.4,1088.4,1060.0,-0.594,2026-01-13 23:17,11023
LODHA,2026-01-27,990.0,0.0,0.0,0.0,5.6,87750.0,23400.0,1071.4,1088.4,1060.0,-0.594,2026-01-13 23:17,9249
LODHA,2026-01-27,1000.0,79.05,45900.0,3600.0,5.15,250650.0,138600.0,1071.4,1088.4,1060.0,-0.594,2026-01-13 23:17,7553
LODHA,2026-01-27,1010.0,63.25,1800.0,0.0,6.6,38700.0,17100.0,1071.4,1088.4,1060.0,-0.594,2026-01-13 23:17,6436
LODHA,2026-01-27,1020.0,68.15,13050.0,0.0,8.6,109800.0,28800.0,1071.4,1088.4,1060.0,-0.594,2026-01-13 23:17,5112
LODHA,2026-01-27,1030.0,57.3,2700.0,0.0,10.9,51750.0,44100.0,1071.4,1088.4,1060.0,-0.594,2026-01-13 23:17,3920
LODHA,2026-01-27,1040.0,52.5,9900.0,0.0,13.2,98550.0,85500.0,1071.4,1088.4,1060.0,-0.594,2026-01-13 23:17,2746
LODHA,2026-01-27,1050.0,34.2,28800.0,13500.0,17.1,74250.0,86400.0,1071.4,1088.4,1060.0,-0.594,2026-01-13 23:17,1644
LODHA,2026-01-27,1060.0,36.1,108000.0,215550.0,21.25,207450.0,147150.0,1071.4,1088.4,1060.0,-0.594,2026-01-13 23:17,694
LODHA,2026-01-27,1070.0,29.85,56250.0,181800.0,25.35,48150.0,136350.0,1071.4,1088.4,1060.0,-0.594,2026-01-13 23:17,37
LODHA,2026-01-27,1080.0,24.85,216450.0,401850.0,29.85,173250.0,145800.0,1071.4,1088.4,1060.0,-0.594,2026-01-13 23:17,-417
LODHA,2026-01-27,1090.0,20.7,72900.0,25200.0,39.5,54000.0,2250.0,1071.4,1088.4,1060.0,-0.594,2026-01-13 23:17,-508
LODHA,2026-01-27,1100.0,17.45,506700.0,702450.0,40.0,198900.0,11700.0,1071.4,1088.4,1060.0,-0.594,2026-01-13 23:17,-555
LODHA,2026-01-27,1110.0,14.25,80100.0,26550.0,50.0,58950.0,0.0,1071.4,1088.4,1060.0,-0.594,2026-01-13 23:17,254
LODHA,2026-01-27,1120.0,11.25,551700.0,277650.0,55.2,99900.0,4050.0,1071.4,1088.4,1060.0,-0.594,2026-01-13 23:17,933
LODHA,2026-01-27,1130.0,9.35,267300.0,153450.0,74.8,26550.0,3150.0,1071.4,1088.4,1060.0,-0.594,2026-01-13 23:17,2514
LODHA,2026-01-27,1140.0,7.8,224550.0,201600.0,73.0,34200.0,6750.0,1071.4,1088.4,1060.0,-0.594,2026-01-13 23:17,4370
LODHA,2026-01-27,1150.0,6.15,123300.0,41400.0,83.0,10350.0,900.0,1071.4,1088.4,1060.0,-0.594,2026-01-13 23:17,6360
LODHA,2026-01-27,1160.0,5.0,133650.0,40950.0,92.0,39600.0,0.0,1071.4,1088.4,1060.0,-0.594,2026-01-13 23:17,8548
LODHA,2026-01-27,1170.0,4.1,103950.0,51300.0,0.0,0.0,0.0,1071.4,1088.4,1060.0,-0.594,2026-01-13 23:17,10621
LODHA,2026-01-27,1180.0,3.45,108900.0,104400.0,105.0,13950.0,0.0,1071.4,1088.4,1060.0,-0.594,2026-01-13 23:17,13139
LODHA,2026-01-27,1190.0,2.9,36450.0,4950.0,0.0,0.0,0.0,1071.4,1088.4,1060.0,-0.594,2026-01-13 23:17,15628
LODHA,2026-01-27,1200.0,2.6,278100.0,107550.0,105.05,27900.0,0.0,1071.4,1088.4,1060.0,-0.594,2026-01-13 23:17,18273
LODHA,2026-01-27,1210.0,2.8,23850.0,0.0,0.0,0.0,0.0,1071.4,1088.4,1060.0,-0.594,2026-01-13 23:17,20992
LODHA,2026-01-27,1220.0,1.75,152100.0,7200.0,160.0,1800.0,0.0,1071.4,1088.4,1060.0,-0.594,2026-01-13 23:17,23963
LODHA,2026-01-27,1230.0,3.55,7650.0,0.0,0.0,0.0,0.0,1071.4,1088.4,1060.0,-0.594,2026-01-13 23:17,27079
LODHA,2026-01-27,1240.0,1.4,42750.0,4500.0,130.0,14850.0,0.0,1071.4,1088.4,1060.0,-0.594,2026-01-13 23:17,30207
LODHA,2026-01-27,1260.0,1.25,55350.0,0.0,137.05,450.0,0.0,1071.4,1088.4,1060.0,-0.594,2026-01-13 23:17,36387
LODHA,2026-01-27,1280.0,1.05,39600.0,0.0,204.35,13050.0,0.0,1071.4,1088.4,1060.0,-0.594,2026-01-13 23:17,42866
LODHA,2026-01-27,1320.0,0.6,4950.0,0.0,250.3,7200.0,0.0,1071.4,1088.4,1060.0,-0.594,2026-01-13 23:17,55770
LODHA,2026-01-27,1360.0,0.5,24300.0,900.0,0.0,0.0,0.0,1071.4,1088.4,1060.0,-0.594,2026-01-13 23:17,68806
LT,2026-01-27,3520.0,375.9,15050.0,5075.0,3.45,32550.0,287350.0,3890.0,4028.0,3837.0,-3.21,2026-01-13 23:17,114463
LT,2026-01-27,3560.0,0.0,0.0,0.0,4.85,41475.0,119525.0,3890.0,4028.0,3837.0,-3.21,2026-01-13 23:17,102800
LT,2026-01-27,3600.0,300.0,11900.0,13650.0,6.3,146300.0,841925.0,3890.0,4028.0,3837.0,-3.21,2026-01-13 23:17,90728
LT,2026-01-27,3640.0,0.0,0.0,0.0,8.6,22225.0,302050.0,3890.0,4028.0,3837.0,-3.21,2026-01-13 23:17,79574
LT,2026-01-27,3680.0,380.0,525.0,0.0,11.65,36400.0,362775.0,3890.0,4028.0,3837.0,-3.21,2026-01-13 23:17,68224
LT,2026-01-27,3720.0,199.3,1050.0,875.0,15.55,63350.0,369775.0,3890.0,4028.0,3837.0,-3.21,2026-01-13 23:17,57019
LT,2026-01-27,3740.0,295.0,700.0,0.0,18.65,75425.0,435225.0,3890.0,4028.0,3837.0,-3.21,2026-01-13 23:17,51479
LT,2026-01-27,3760.0,163.6,525.0,700.0,22.25,46725.0,369250.0,3890.0,4028.0,3837.0,-3.21,2026-01-13 23:17,46049
LT,2026-01-27,3780.0,0.0,0.0,0.0,26.05,82775.0,216125.0,3890.0,4028.0,3837.0,-3.21,2026-01-13 23:17,40738
LT,2026-01-27,3800.0,127.95,75950.0,218050.0,31.0,273000.0,2583700.0,3890.0,4028.0,3837.0,-3.21,2026-01-13 23:17,35472
LT,2026-01-27,3820.0,0.0,0.0,0.0,36.15,33075.0,230650.0,3890.0,4028.0,3837.0,-3.21,2026-01-13 23:17,31246
LT,2026-01-27,3840.0,98.35,14525.0,95900.0,43.0,59325.0,1052100.0,3890.0,4028.0,3837.0,-3.21,2026-01-13 23:17,26840
LT,2026-01-27,3860.0,85.2,64400.0,387800.0,49.85,75950.0,875175.0,3890.0,4028.0,3837.0,-3.21,2026-01-13 23:17,22589
LT,2026-01-27,3880.0,75.0,74550.0,575400.0,59.6,111300.0,1045450.0,3890.0,4028.0,3837.0,-3.21,2026-01-13 23:17,18902
LT,2026-01-27,3900.0,64.0,454125.0,2467850.0,68.7,327075.0,3613400.0,3890.0,4028.0,3837.0,-3.21,2026-01-13 23:17,15311
LT,2026-01-27,3920.0,54.8,148925.0,835450.0,78.5,70700.0,1245125.0,3890.0,4028.0,3837.0,-3.21,2026-01-13 23:17,14047
LT,2026-01-27,3940.0,45.2,130200.0,1273825.0,88.6,75775.0,1232875.0,3890.0,4028.0,3837.0,-3.21,2026-01-13 23:17,12824
LT,2026-01-27,3960.0,37.8,419125.0,1510425.0,100.3,78225.0,793800.0,3890.0,4028.0,3837.0,-3.21,2026-01-13 23:17,11669
LT,2026-01-27,3980.0,31.9,200725.0,952875.0,118.65,57050.0,259175.0,3890.0,4028.0,3837.0,-3.21,2026-01-13 23:17,12391
LT,2026-01-27,4000.0,26.5,879375.0,3687250.0,131.2,340900.0,853825.0,3890.0,4028.0,3837.0,-3.21,2026-01-13 23:17,12792
LT,2026-01-27,4020.0,22.2,93275.0,728525.0,148.95,43225.0,105525.0,3890.0,4028.0,3837.0,-3.21,2026-01-13 23:17,13528
LT,2026-01-27,4040.0,18.9,126000.0,827050.0,165.05,69650.0,37450.0,3890.0,4028.0,3837.0,-3.21,2026-01-13 23:17,16243
LT,2026-01-27,4060.0,15.5,253925.0,726775.0,178.85,78575.0,26775.0,3890.0,4028.0,3837.0,-3.21,2026-01-13 23:17,18874
LT,2026-01-27,4080.0,13.15,73325.0,364000.0,198.7,52500.0,7000.0,3890.0,4028.0,3837.0,-3.21,2026-01-13 23:17,22070
LT,2026-01-27,4100.0,11.0,962675.0,2366000.0,215.0,337750.0,123550.0,3890.0,4028.0,3837.0,-3.21,2026-01-13 23:17,25583
LT,2026-01-27,4120.0,9.55,147700.0,333550.0,232.3,71925.0,11550.0,3890.0,4028.0,3837.0,-3.21,2026-01-13 23:17,26440
LT,2026-01-27,4140.0,8.35,396375.0,665350.0,251.75,75425.0,4550.0,3890.0,4028.0,3837.0,-3.21,2026-01-13 23:17,32410
LT,2026-01-27,4160.0,7.1,427875.0,403550.0,273.25,71575.0,5425.0,3890.0,4028.0,3837.0,-3.21,2026-01-13 23:17,39285
LT,2026-01-27,4180.0,6.2,499625.0,390600.0,289.5,46025.0,4200.0,3890.0,4028.0,3837.0,-3.21,2026-01-13 23:17,47075
LT,2026-01-27,4200.0,5.55,907725.0,1347325.0,308.65,129850.0,9100.0,3890.0,4028.0,3837.0,-3.21,2026-01-13 23:17,56586
LT,2026-01-27,4220.0,5.05,85225.0,229425.0,248.95,16275.0,0.0,3890.0,4028.0,3837.0,-3.21,2026-01-13 23:17,65690
LT,2026-01-27,4240.0,4.35,91350.0,200725.0,0.0,0.0,0.0,3890.0,4028.0,3837.0,-3.21,2026-01-13 23:17,78139
LT,2026-01-27,4260.0,3.9,77350.0,178325.0,262.35,875.0,0.0,3890.0,4028.0,3837.0,-3.21,2026-01-13 23:17,91173
LT,2026-01-27,4280.0,3.5,45675.0,93450.0,0.0,0.0,0.0,3890.0,4028.0,3837.0,-3.21,2026-01-13 23:17,104331
LT,2026-01-27,4300.0,3.2,380275.0,483000.0,405.9,28175.0,4550.0,3890.0,4028.0,3837.0,-3.21,2026-01-13 23:17,117589
LT,2026-01-27,4320.0,3.0,18900.0,37100.0,255.0,175.0,0.0,3890.0,4028.0,3837.0,-3.21,2026-01-13 23:17,130626
LT,2026-01-27,4340.0,0.0,0.0,0.0,0.0,0.0,0.0,3890.0,4028.0,3837.0,-3.21,2026-01-13 23:17,144724
LT,2026-01-27,4360.0,6.25,175.0,0.0,0.0,0.0,0.0,3890.0,4028.0,3837.0,-3.21,2026-01-13 23:17,158821
LT,2026-01-27,4380.0,2.4,20300.0,1750.0,0.0,0.0,0.0,3890.0,4028.0,3837.0,-3.21,2026-01-13 23:17,172918
LT,2026-01-27,4400.0,2.25,246225.0,165200.0,499.0,30450.0,700.0,3890.0,4028.0,3837.0,-3.21,2026-01-13 23:17,187061
LT,2026-01-27,4440.0,2.0,77350.0,131775.0,0.0,0.0,0.0,3890.0,4028.0,3837.0,-3.21,2026-01-13 23:17,214979
LT,2026-01-27,4480.0,1.3,39725.0,11550.0,0.0,0.0,0.0,3890.0,4028.0,3837.0,-3.21,2026-01-13 23:17,244687
LT,2026-01-27,4520.0,1.7,1575.0,525.0,0.0,0.0,0.0,3890.0,4028.0,3837.0,-3.21,2026-01-13 23:17,274543
LT,2026-01-27,4560.0,1.2,17325.0,3325.0,0.0,0.0,0.0,3890.0,4028.0,3837.0,-3.21,2026-01-13 23:17,304400
LT,2026-01-27,4600.0,1.9,350.0,0.0,0.0,0.0,0.0,3890.0,4028.0,3837.0,-3.21,2026-01-13 23:17,334328
LT,2026-01-27,4640.0,1.2,4025.0,3150.0,0.0,0.0,0.0,3890.0,4028.0,3837.0,-3.21,2026-01-13 23:17,364256
LTF,2026-01-27,250.0,0.0,0.0,0.0,0.55,292500.0,339750.0,287.25,302.25,285.35,-3.005,2026-01-13 23:17,73284
LTF,2026-01-27,260.0,55.4,0.0,0.0,1.15,200250.0,333000.0,287.25,302.25,285.35,-3.005,2026-01-13 23:17,57070
LTF,2026-01-27,265.0,24.0,297000.0,47250.0,1.65,227250.0,378000.0,287.25,302.25,285.35,-3.005,2026-01-13 23:17,49049
LTF,2026-01-27,270.0,20.5,114750.0,13500.0,2.5,443250.0,927000.0,287.25,302.25,285.35,-3.005,2026-01-13 23:17,41987
LTF,2026-01-27,275.0,16.85,31500.0,27000.0,3.7,695250.0,1197000.0,287.25,302.25,285.35,-3.005,2026-01-13 23:17,34654
LTF,2026-01-27,277.5,0.0,0.0,0.0,4.2,67500.0,123750.0,287.25,302.25,285.35,-3.005,2026-01-13 23:17,30903
LTF,2026-01-27,280.0,13.1,184500.0,389250.0,5.3,850500.0,3420000.0,287.25,302.25,285.35,-3.005,2026-01-13 23:17,27344
LTF,2026-01-27,282.5,0.0,0.0,0.0,6.0,119250.0,366750.0,287.25,302.25,285.35,-3.005,2026-01-13 23:17,23864
LTF,2026-01-27,285.0,10.3,137250.0,488250.0,7.2,483750.0,2259000.0,287.25,302.25,285.35,-3.005,2026-01-13 23:17,20550
LTF,2026-01-27,287.5,0.0,0.0,0.0,7.85,139500.0,513000.0,287.25,302.25,285.35,-3.005,2026-01-13 23:17,17257
LTF,2026-01-27,290.0,7.75,735750.0,3057750.0,10.0,1005750.0,4846500.0,287.25,302.25,285.35,-3.005,2026-01-13 23:17,14096
LTF,2026-01-27,292.5,0.0,0.0,0.0,10.15,105750.0,195750.0,287.25,302.25,285.35,-3.005,2026-01-13 23:17,11044
LTF,2026-01-27,295.0,5.85,924750.0,4439250.0,13.0,654750.0,1896750.0,287.25,302.25,285.35,-3.005,2026-01-13 23:17,8347
LTF,2026-01-27,297.5,5.0,445500.0,2178000.0,14.85,346500.0,830250.0,287.25,302.25,285.35,-3.005,2026-01-13 23:17,5842
LTF,2026-01-27,300.0,4.3,7008750.0,8930250.0,16.2,2385000.0,1606500.0,287.25,302.25,285.35,-3.005,2026-01-13 23:17,3553
LTF,2026-01-27,302.5,3.65,594000.0,2355750.0,16.7,481500.0,162000.0,287.25,302.25,285.35,-3.005,2026-01-13 23:17,3055
LTF,2026-01-27,305.0,3.1,1525500.0,6126750.0,18.55,1998000.0,292500.0,287.25,302.25,285.35,-3.005,2026-01-13 23:17,3088
LTF,2026-01-27,307.5,2.7,535500.0,2216250.0,23.0,317250.0,67500.0,287.25,302.25,285.35,-3.005,2026-01-13 23:17,1356
LTF,2026-01-27,310.0,2.25,3588750.0,7362000.0,22.65,2315250.0,186750.0,287.25,302.25,285.35,-3.005,2026-01-13 23:17,2485
LTF,2026-01-27,312.5,2.0,551250.0,909000.0,22.5,279000.0,6750.0,287.25,302.25,285.35,-3.005,2026-01-13 23:17,1239
LTF,2026-01-27,315.0,1.65,1705500.0,3280500.0,28.0,560250.0,184500.0,287.25,302.25,285.35,-3.005,2026-01-13 23:17,4120
LTF,2026-01-27,317.5,1.55,445500.0,288000.0,27.3,139500.0,4500.0,287.25,302.25,285.35,-3.005,2026-01-13 23:17,6797
LTF,2026-01-27,320.0,1.3,4261500.0,3825000.0,31.2,1527750.0,137250.0,287.25,302.25,285.35,-3.005,2026-01-13 23:17,10596
LTF,2026-01-27,322.5,1.15,308250.0,182250.0,21.45,135000.0,0.0,287.25,302.25,285.35,-3.005,2026-01-13 23:17,11942
LTF,2026-01-27,325.0,1.0,1674000.0,2126250.0,30.4,290250.0,0.0,287.25,302.25,285.35,-3.005,2026-01-13 23:17,17356
LTF,2026-01-27,327.5,0.85,216000.0,85500.0,0.0,0.0,0.0,287.25,302.25,285.35,-3.005,2026-01-13 23:17,22801
LTF,2026-01-27,330.0,0.8,2551500.0,3568500.0,40.0,351000.0,9000.0,287.25,302.25,285.35,-3.005,2026-01-13 23:17,29034
LTF,2026-01-27,332.5,0.7,155250.0,72000.0,0.0,0.0,0.0,287.25,302.25,285.35,-3.005,2026-01-13 23:17,34773
LTF,2026-01-27,335.0,0.6,1125000.0,546750.0,44.0,27000.0,2250.0,287.25,302.25,285.35,-3.005,2026-01-13 23:17,41763
LTF,2026-01-27,337.5,0.6,128250.0,29250.0,0.0,0.0,0.0,287.25,302.25,285.35,-3.005,2026-01-13 23:17,48978
LTF,2026-01-27,340.0,0.55,3487500.0,2297250.0,52.85,29250.0,24750.0,287.25,302.25,285.35,-3.005,2026-01-13 23:17,56284
LTF,2026-01-27,345.0,0.4,481500.0,274500.0,33.85,4500.0,0.0,287.25,302.25,285.35,-3.005,2026-01-13 23:17,72676
LTF,2026-01-27,350.0,0.35,864000.0,497250.0,35.45,4500.0,0.0,287.25,302.25,285.35,-3.005,2026-01-13 23:17,89279
LTF,2026-01-27,360.0,0.2,560250.0,157500.0,45.6,13500.0,0.0,287.25,302.25,285.35,-3.005,2026-01-13 23:17,123358
LTF,2026-01-27,370.0,0.15,389250.0,117000.0,0.0,0.0,0.0,287.25,302.25,285.35,-3.005,2026-01-13 23:17,157946
LTIM,2026-01-27,4800.0,0.0,0.0,0.0,8.25,300.0,0.0,6108.0,6108.5,6003.5,1.792,2026-01-13 23:17,59819
LTIM,2026-01-27,5000.0,0.0,0.0,0.0,2.95,2850.0,1200.0,6108.0,6108.5,6003.5,1.792,2026-01-13 23:17,45962
LTIM,2026-01-27,5100.0,968.0,2250.0,0.0,1.7,2250.0,0.0,6108.0,6108.5,6003.5,1.792,2026-01-13 23:17,39061
LTIM,2026-01-27,5200.0,794.35,300.0,0.0,5.0,2100.0,0.0,6108.0,6108.5,6003.5,1.792,2026-01-13 23:17,32423
LTIM,2026-01-27,5300.0,773.7,300.0,0.0,2.5,29400.0,1200.0,6108.0,6108.5,6003.5,1.792,2026-01-13 23:17,25615
LTIM,2026-01-27,5350.0,963.5,300.0,0.0,17.0,900.0,0.0,6108.0,6108.5,6003.5,1.792,2026-01-13 23:17,22364
LTIM,2026-01-27,5400.0,661.5,450.0,0.0,5.6,47700.0,28650.0,6108.0,6108.5,6003.5,1.792,2026-01-13 23:17,19130
LTIM,2026-01-27,5450.0,0.0,0.0,0.0,8.1,86250.0,2400.0,6108.0,6108.5,6003.5,1.792,2026-01-13 23:17,16113
LTIM,2026-01-27,5500.0,650.0,750.0,0.0,9.25,54300.0,40500.0,6108.0,6108.5,6003.5,1.792,2026-01-13 23:17,13454
LTIM,2026-01-27,5550.0,675.2,450.0,0.0,9.75,6600.0,150.0,6108.0,6108.5,6003.5,1.792,2026-01-13 23:17,11139
LTIM,2026-01-27,5600.0,496.0,1350.0,0.0,15.8,24900.0,23100.0,6108.0,6108.5,6003.5,1.792,2026-01-13 23:17,8884
LTIM,2026-01-27,5650.0,0.0,0.0,0.0,24.2,12450.0,11850.0,6108.0,6108.5,6003.5,1.792,2026-01-13 23:17,6765
LTIM,2026-01-27,5700.0,301.3,1500.0,0.0,26.5,53400.0,37650.0,6108.0,6108.5,6003.5,1.792,2026-01-13 23:17,4650
LTIM,2026-01-27,5750.0,495.0,300.0,0.0,37.15,9000.0,2250.0,6108.0,6108.5,6003.5,1.792,2026-01-13 23:17,2743
LTIM,2026-01-27,5800.0,300.55,6600.0,0.0,41.5,55200.0,41250.0,6108.0,6108.5,6003.5,1.792,2026-01-13 23:17,960
LTIM,2026-01-27,5850.0,310.35,0.0,600.0,52.0,8250.0,1050.0,6108.0,6108.5,6003.5,1.792,2026-01-13 23:17,-524
LTIM,2026-01-27,5900.0,265.0,6300.0,1650.0,66.45,48150.0,58650.0,6108.0,6108.5,6003.5,1.792,2026-01-13 23:17,-1981
LTIM,2026-01-27,5950.0,223.45,4200.0,1200.0,79.5,14250.0,3450.0,6108.0,6108.5,6003.5,1.792,2026-01-13 23:17,-3276
LTIM,2026-01-27,6000.0,209.0,39450.0,61950.0,97.0,83100.0,98400.0,6108.0,6108.5,6003.5,1.792,2026-01-13 23:17,-4344
LTIM,2026-01-27,6050.0,175.9,56100.0,24450.0,117.0,41700.0,37350.0,6108.0,6108.5,6003.5,1.792,2026-01-13 23:17,-4762
LTIM,2026-01-27,6100.0,152.55,88350.0,171150.0,143.0,40350.0,22050.0,6108.0,6108.5,6003.5,1.792,2026-01-13 23:17,-4211
LTIM,2026-01-27,6150.0,129.95,31800.0,8700.0,166.0,19800.0,1500.0,6108.0,6108.5,6003.5,1.792,2026-01-13 23:17,-2744
LTIM,2026-01-27,6200.0,109.0,90600.0,114900.0,194.0,21600.0,2700.0,6108.0,6108.5,6003.5,1.792,2026-01-13 23:17,-1706
LTIM,2026-01-27,6250.0,89.15,18150.0,16350.0,315.0,8250.0,0.0,6108.0,6108.5,6003.5,1.792,2026-01-13 23:17,377
LTIM,2026-01-27,6300.0,73.25,83100.0,156900.0,262.0,8850.0,1050.0,6108.0,6108.5,6003.5,1.792,2026-01-13 23:17,1926
LTIM,2026-01-27,6350.0,49.35,14400.0,6900.0,289.65,2850.0,0.0,6108.0,6108.5,6003.5,1.792,2026-01-13 23:17,4409
LTIM,2026-01-27,6400.0,49.15,68100.0,69000.0,468.25,3000.0,0.0,6108.0,6108.5,6003.5,1.792,2026-01-13 23:17,6591
LTIM,2026-01-27,6450.0,38.15,10350.0,4050.0,0.0,0.0,0.0,6108.0,6108.5,6003.5,1.792,2026-01-13 23:17,9334
LTIM,2026-01-27,6500.0,30.75,90300.0,85050.0,420.8,3600.0,1200.0,6108.0,6108.5,6003.5,1.792,2026-01-13 23:17,11973
LTIM,2026-01-27,6550.0,115.0,300.0,0.0,0.0,0.0,0.0,6108.0,6108.5,6003.5,1.792,2026-01-13 23:17,15169
LTIM,2026-01-27,6600.0,19.95,26550.0,9600.0,716.8,300.0,0.0,6108.0,6108.5,6003.5,1.792,2026-01-13 23:17,18244
LTIM,2026-01-27,6650.0,8.0,1650.0,0.0,0.0,0.0,0.0,6108.0,6108.5,6003.5,1.792,2026-01-13 23:17,21481
LTIM,2026-01-27,6700.0,13.5,21150.0,7800.0,530.0,750.0,0.0,6108.0,6108.5,6003.5,1.792,2026-01-13 23:17,24696
LTIM,2026-01-27,6750.0,10.95,3000.0,0.0,529.0,600.0,0.0,6108.0,6108.5,6003.5,1.792,2026-01-13 23:17,28008
LTIM,2026-01-27,6800.0,9.0,46950.0,17250.0,758.95,150.0,0.0,6108.0,6108.5,6003.5,1.792,2026-01-13 23:17,31321
LTIM,2026-01-27,6850.0,4.5,99900.0,0.0,0.0,0.0,0.0,6108.0,6108.5,6003.5,1.792,2026-01-13 23:17,34929
LTIM,2026-01-27,6900.0,5.4,5250.0,300.0,0.0,0.0,0.0,6108.0,6108.5,6003.5,1.792,2026-01-13 23:17,39050
LTIM,2026-01-27,7000.0,3.0,36150.0,6750.0,0.0,0.0,0.0,6108.0,6108.5,6003.5,1.792,2026-01-13 23:17,47258
LTIM,2026-01-27,7100.0,2.4,3900.0,750.0,0.0,0.0,0.0,6108.0,6108.5,6003.5,1.792,2026-01-13 23:17,55835
LUPIN,2026-01-27,1760.0,0.0,0.0,0.0,0.0,0.0,0.0,2177.4,2205.0,2157.3,-0.503,2026-01-13 23:17,40957
LUPIN,2026-01-27,1800.0,0.0,0.0,0.0,0.85,10200.0,0.0,2177.4,2205.0,2157.3,-0.503,2026-01-13 23:17,35187
LUPIN,2026-01-27,1840.0,368.9,1275.0,0.0,0.0,0.0,0.0,2177.4,2205.0,2157.3,-0.503,2026-01-13 23:17,29457
LUPIN,2026-01-27,1860.0,328.55,1275.0,0.0,0.0,0.0,0.0,2177.4,2205.0,2157.3,-0.503,2026-01-13 23:17,26642
LUPIN,2026-01-27,1880.0,0.0,0.0,0.0,1.25,4675.0,2975.0,2177.4,2205.0,2157.3,-0.503,2026-01-13 23:17,23825
LUPIN,2026-01-27,1900.0,298.0,1275.0,0.0,1.35,89675.0,73950.0,2177.4,2205.0,2157.3,-0.503,2026-01-13 23:17,20974
LUPIN,2026-01-27,1920.0,251.3,1275.0,0.0,0.45,12750.0,0.0,2177.4,2205.0,2157.3,-0.503,2026-01-13 23:17,18332
LUPIN,2026-01-27,1940.0,0.0,0.0,0.0,2.55,40375.0,14025.0,2177.4,2205.0,2157.3,-0.503,2026-01-13 23:17,15723
LUPIN,2026-01-27,1960.0,0.0,0.0,0.0,3.05,75225.0,12325.0,2177.4,2205.0,2157.3,-0.503,2026-01-13 23:17,13154
LUPIN,2026-01-27,1980.0,125.0,425.0,0.0,2.0,31025.0,0.0,2177.4,2205.0,2157.3,-0.503,2026-01-13 23:17,10722
LUPIN,2026-01-27,2000.0,188.85,16150.0,0.0,2.95,118575.0,119000.0,2177.4,2205.0,2157.3,-0.503,2026-01-13 23:17,8375
LUPIN,2026-01-27,2020.0,0.0,0.0,0.0,3.55,37825.0,3400.0,2177.4,2205.0,2157.3,-0.503,2026-01-13 23:17,6568
LUPIN,2026-01-27,2040.0,117.95,5525.0,0.0,4.9,56525.0,38675.0,2177.4,2205.0,2157.3,-0.503,2026-01-13 23:17,4554
LUPIN,2026-01-27,2060.0,121.3,12325.0,2550.0,6.25,50575.0,56950.0,2177.4,2205.0,2157.3,-0.503,2026-01-13 23:17,2715
LUPIN,2026-01-27,2080.0,103.0,49725.0,21250.0,8.95,79475.0,150875.0,2177.4,2205.0,2157.3,-0.503,2026-01-13 23:17,1082
LUPIN,2026-01-27,2100.0,88.0,149600.0,17000.0,12.7,194225.0,174250.0,2177.4,2205.0,2157.3,-0.503,2026-01-13 23:17,30
LUPIN,2026-01-27,2120.0,65.2,50150.0,2550.0,17.1,94775.0,77775.0,2177.4,2205.0,2157.3,-0.503,2026-01-13 23:17,295
LUPIN,2026-01-27,2140.0,57.55,77775.0,16150.0,23.0,113900.0,104125.0,2177.4,2205.0,2157.3,-0.503,2026-01-13 23:17,-54
LUPIN,2026-01-27,2160.0,46.2,123250.0,112200.0,31.5,70550.0,298350.0,2177.4,2205.0,2157.3,-0.503,2026-01-13 23:17,0
LUPIN,2026-01-27,2180.0,32.2,133875.0,381225.0,41.1,67150.0,180625.0,2177.4,2205.0,2157.3,-0.503,2026-01-13 23:17,602
LUPIN,2026-01-27,2200.0,26.5,447950.0,657050.0,52.75,160225.0,108800.0,2177.4,2205.0,2157.3,-0.503,2026-01-13 23:17,1415
LUPIN,2026-01-27,2220.0,20.2,170000.0,217175.0,62.6,66725.0,13600.0,2177.4,2205.0,2157.3,-0.503,2026-01-13 23:17,3631
LUPIN,2026-01-27,2240.0,14.25,131325.0,182325.0,82.15,27200.0,3825.0,2177.4,2205.0,2157.3,-0.503,2026-01-13 23:17,5904
LUPIN,2026-01-27,2260.0,10.7,88825.0,118575.0,91.75,15300.0,0.0,2177.4,2205.0,2157.3,-0.503,2026-01-13 23:17,8533
LUPIN,2026-01-27,2280.0,7.4,134725.0,123675.0,105.0,2125.0,0.0,2177.4,2205.0,2157.3,-0.503,2026-01-13 23:17,11360
LUPIN,2026-01-27,2300.0,5.85,307275.0,297500.0,109.8,7650.0,0.0,2177.4,2205.0,2157.3,-0.503,2026-01-13 23:17,14584
LUPIN,2026-01-27,2320.0,3.85,198900.0,39950.0,108.2,14875.0,0.0,2177.4,2205.0,2157.3,-0.503,2026-01-13 23:17,18457
LUPIN,2026-01-27,2340.0,4.95,72250.0,425.0,0.0,0.0,0.0,2177.4,2205.0,2157.3,-0.503,2026-01-13 23:17,22576
LUPIN,2026-01-27,2360.0,2.45,82450.0,82025.0,237.0,850.0,0.0,2177.4,2205.0,2157.3,-0.503,2026-01-13 23:17,26961
LUPIN,2026-01-27,2380.0,0.0,0.0,0.0,0.0,0.0,0.0,2177.4,2205.0,2157.3,-0.503,2026-01-13 23:17,31476
LUPIN,2026-01-27,2400.0,1.55,282625.0,82875.0,0.0,0.0,0.0,2177.4,2205.0,2157.3,-0.503,2026-01-13 23:17,35991
LUPIN,2026-01-27,2420.0,1.55,850.0,0.0,0.0,0.0,0.0,2177.4,2205.0,2157.3,-0.503,2026-01-13 23:17,41115
LUPIN,2026-01-27,2440.0,1.1,76925.0,13175.0,0.0,0.0,0.0,2177.4,2205.0,2157.3,-0.503,2026-01-13 23:17,46198
LUPIN,2026-01-27,2480.0,0.65,62050.0,5100.0,0.0,0.0,0.0,2177.4,2205.0,2157.3,-0.503,2026-01-13 23:17,56678
LUPIN,2026-01-27,2520.0,0.0,0.0,0.0,0.0,0.0,0.0,2177.4,2205.0,2157.3,-0.503,2026-01-13 23:17,67402
M&M,2026-01-27,3100.0,540.0,36600.0,0.0,1.9,28400.0,0.0,3658.0,3717.0,3631.5,-0.652,2026-01-13 23:17,85059
M&M,2026-01-27,3200.0,452.0,200.0,0.0,1.5,54600.0,2400.0,3658.0,3717.0,3631.5,-0.652,2026-01-13 23:17,67704
M&M,2026-01-27,3250.0,410.0,400.0,0.0,2.3,11800.0,13200.0,3658.0,3717.0,3631.5,-0.652,2026-01-13 23:17,58316
M&M,2026-01-27,3300.0,326.55,1600.0,0.0,2.7,89800.0,30400.0,3658.0,3717.0,3631.5,-0.652,2026-01-13 23:17,49002
M&M,2026-01-27,3350.0,0.0,0.0,0.0,3.8,29200.0,20800.0,3658.0,3717.0,3631.5,-0.652,2026-01-13 23:17,40159
M&M,2026-01-27,3400.0,270.55,15000.0,2200.0,5.45,189600.0,123800.0,3658.0,3717.0,3631.5,-0.652,2026-01-13 23:17,31422
M&M,2026-01-27,3450.0,199.0,400.0,1200.0,8.1,104000.0,138600.0,3658.0,3717.0,3631.5,-0.652,2026-01-13 23:17,24023
M&M,2026-01-27,3500.0,183.0,37000.0,14400.0,13.0,208400.0,381800.0,3658.0,3717.0,3631.5,-0.652,2026-01-13 23:17,16767
M&M,2026-01-27,3550.0,138.3,24200.0,6400.0,21.45,109000.0,212600.0,3658.0,3717.0,3631.5,-0.652,2026-01-13 23:17,11220
M&M,2026-01-27,3600.0,98.1,132200.0,224400.0,34.0,278800.0,595600.0,3658.0,3717.0,3631.5,-0.652,2026-01-13 23:17,6034
M&M,2026-01-27,3650.0,67.95,251000.0,544600.0,53.65,192200.0,586200.0,3658.0,3717.0,3631.5,-0.652,2026-01-13 23:17,3151
M&M,2026-01-27,3700.0,44.45,636200.0,1189600.0,79.0,278600.0,266000.0,3658.0,3717.0,3631.5,-0.652,2026-01-13 23:17,2809
M&M,2026-01-27,3750.0,27.75,312600.0,418200.0,113.85,125000.0,65200.0,3658.0,3717.0,3631.5,-0.652,2026-01-13 23:17,6994
M&M,2026-01-27,3800.0,17.0,824400.0,676200.0,151.0,145600.0,17200.0,3658.0,3717.0,3631.5,-0.652,2026-01-13 23:17,12184
M&M,2026-01-27,3850.0,10.05,491200.0,505000.0,190.1,52400.0,1600.0,3658.0,3717.0,3631.5,-0.652,2026-01-13 23:17,21983
M&M,2026-01-27,3900.0,6.7,299400.0,216800.0,236.0,65800.0,3400.0,3658.0,3717.0,3631.5,-0.652,2026-01-13 23:17,34795
M&M,2026-01-27,3950.0,4.5,199200.0,78400.0,207.0,14200.0,0.0,3658.0,3717.0,3631.5,-0.652,2026-01-13 23:17,48583
M&M,2026-01-27,4000.0,3.6,431200.0,129800.0,355.0,13400.0,200.0,3658.0,3717.0,3631.5,-0.652,2026-01-13 23:17,64585
M&M,2026-01-27,4050.0,2.8,56600.0,6000.0,283.0,1000.0,0.0,3658.0,3717.0,3631.5,-0.652,2026-01-13 23:17,82695
M&M,2026-01-27,4100.0,1.95,164800.0,39000.0,352.2,5400.0,0.0,3658.0,3717.0,3631.5,-0.652,2026-01-13 23:17,101400
M&M,2026-01-27,4150.0,2.15,400.0,0.0,0.0,0.0,0.0,3658.0,3717.0,3631.5,-0.652,2026-01-13 23:17,120811
M&M,2026-01-27,4200.0,1.6,100800.0,8800.0,508.25,400.0,0.0,3658.0,3717.0,3631.5,-0.652,2026-01-13 23:17,140382
M&M,2026-01-27,4300.0,1.0,27000.0,3200.0,0.0,0.0,0.0,3658.0,3717.0,3631.5,-0.652,2026-01-13 23:17,180532
M&M,2026-01-27,4400.0,1.1,32000.0,2800.0,0.0,0.0,0.0,3658.0,3717.0,3631.5,-0.652,2026-01-13 23:17,220959
MANAPPURAM,2026-01-27,225.0,0.0,0.0,0.0,0.2,111000.0,84000.0,307.0,309.3,293.0,4.351,2026-01-13 23:17,105237
MANAPPURAM,2026-01-27,230.0,0.0,0.0,0.0,0.2,138000.0,36000.0,307.0,309.3,293.0,4.351,2026-01-13 23:17,94649
MANAPPURAM,2026-01-27,235.0,0.0,0.0,0.0,0.2,54000.0,21000.0,307.0,309.3,293.0,4.351,2026-01-13 23:17,84130
MANAPPURAM,2026-01-27,240.0,0.0,0.0,0.0,0.2,207000.0,168000.0,307.0,309.3,293.0,4.351,2026-01-13 23:17,73639
MANAPPURAM,2026-01-27,242.5,0.0,0.0,0.0,0.3,12000.0,15000.0,307.0,309.3,293.0,4.351,2026-01-13 23:17,68442
MANAPPURAM,2026-01-27,245.0,0.0,0.0,0.0,0.3,27000.0,45000.0,307.0,309.3,293.0,4.351,2026-01-13 23:17,63252
MANAPPURAM,2026-01-27,247.5,0.0,0.0,0.0,0.3,42000.0,27000.0,307.0,309.3,293.0,4.351,2026-01-13 23:17,58068
MANAPPURAM,2026-01-27,250.0,0.0,0.0,0.0,0.3,1347000.0,1548000.0,307.0,309.3,293.0,4.351,2026-01-13 23:17,52894
MANAPPURAM,2026-01-27,252.5,43.95,0.0,0.0,0.4,42000.0,48000.0,307.0,309.3,293.0,4.351,2026-01-13 23:17,48017
MANAPPURAM,2026-01-27,255.0,0.0,0.0,0.0,0.4,276000.0,432000.0,307.0,309.3,293.0,4.351,2026-01-13 23:17,43190
MANAPPURAM,2026-01-27,257.5,40.9,0.0,0.0,1.2,6000.0,0.0,307.0,309.3,293.0,4.351,2026-01-13 23:17,38423
MANAPPURAM,2026-01-27,260.0,37.25,141000.0,0.0,0.5,630000.0,1572000.0,307.0,309.3,293.0,4.351,2026-01-13 23:17,33667
MANAPPURAM,2026-01-27,262.5,0.0,0.0,0.0,0.6,129000.0,12000.0,307.0,309.3,293.0,4.351,2026-01-13 23:17,29598
MANAPPURAM,2026-01-27,265.0,0.0,0.0,0.0,0.65,489000.0,1164000.0,307.0,309.3,293.0,4.351,2026-01-13 23:17,25061
MANAPPURAM,2026-01-27,267.5,0.0,0.0,0.0,0.7,96000.0,159000.0,307.0,309.3,293.0,4.351,2026-01-13 23:17,20621
MANAPPURAM,2026-01-27,270.0,30.0,96000.0,0.0,0.85,1161000.0,3216000.0,307.0,309.3,293.0,4.351,2026-01-13 23:17,16231
MANAPPURAM,2026-01-27,272.5,0.0,0.0,0.0,0.9,162000.0,255000.0,307.0,309.3,293.0,4.351,2026-01-13 23:17,12351
MANAPPURAM,2026-01-27,275.0,18.25,15000.0,0.0,1.05,714000.0,1815000.0,307.0,309.3,293.0,4.351,2026-01-13 23:17,8307
MANAPPURAM,2026-01-27,277.5,19.55,9000.0,0.0,1.3,102000.0,198000.0,307.0,309.3,293.0,4.351,2026-01-13 23:17,4413
MANAPPURAM,2026-01-27,280.0,28.75,531000.0,87000.0,1.5,2478000.0,3687000.0,307.0,309.3,293.0,4.351,2026-01-13 23:17,598
MANAPPURAM,2026-01-27,282.5,25.6,27000.0,30000.0,1.9,309000.0,600000.0,307.0,309.3,293.0,4.351,2026-01-13 23:17,-1313
MANAPPURAM,2026-01-27,285.0,25.0,141000.0,36000.0,2.35,678000.0,1809000.0,307.0,309.3,293.0,4.351,2026-01-13 23:17,-4285
MANAPPURAM,2026-01-27,287.5,22.75,111000.0,72000.0,2.85,246000.0,753000.0,307.0,309.3,293.0,4.351,2026-01-13 23:17,-6870
MANAPPURAM,2026-01-27,290.0,20.85,1008000.0,1764000.0,3.2,2397000.0,4998000.0,307.0,309.3,293.0,4.351,2026-01-13 23:17,-9376
MANAPPURAM,2026-01-27,292.5,19.4,237000.0,711000.0,3.85,339000.0,1248000.0,307.0,309.3,293.0,4.351,2026-01-13 23:17,-9879
MANAPPURAM,2026-01-27,295.0,16.85,1173000.0,4578000.0,4.6,1092000.0,4056000.0,307.0,309.3,293.0,4.351,2026-01-13 23:17,-11244
MANAPPURAM,2026-01-27,297.5,15.8,357000.0,2100000.0,5.4,702000.0,1989000.0,307.0,309.3,293.0,4.351,2026-01-13 23:17,-10897
MANAPPURAM,2026-01-27,300.0,13.3,4839000.0,18111000.0,6.05,2277000.0,7515000.0,307.0,309.3,293.0,4.351,2026-01-13 23:17,-11574
MANAPPURAM,2026-01-27,302.5,11.95,336000.0,2472000.0,7.05,360000.0,1503000.0,307.0,309.3,293.0,4.351,2026-01-13 23:17,-5599
MANAPPURAM,2026-01-27,305.0,10.3,1713000.0,11106000.0,8.15,807000.0,3852000.0,307.0,309.3,293.0,4.351,2026-01-13 23:17,-4361
MANAPPURAM,2026-01-27,307.5,9.25,405000.0,2724000.0,9.45,603000.0,2367000.0,307.0,309.3,293.0,4.351,2026-01-13 23:17,-1534
MANAPPURAM,2026-01-27,310.0,7.9,6564000.0,24537000.0,10.85,1323000.0,1977000.0,307.0,309.3,293.0,4.351,2026-01-13 23:17,242
MANAPPURAM,2026-01-27,312.5,6.75,615000.0,1215000.0,12.15,219000.0,66000.0,307.0,309.3,293.0,4.351,2026-01-13 23:17,7937
MANAPPURAM,2026-01-27,315.0,5.8,2082000.0,5046000.0,13.7,711000.0,246000.0,307.0,309.3,293.0,4.351,2026-01-13 23:17,12239
MANAPPURAM,2026-01-27,317.5,5.15,366000.0,969000.0,15.45,69000.0,36000.0,307.0,309.3,293.0,4.351,2026-01-13 23:17,17323
MANAPPURAM,2026-01-27,320.0,4.2,4032000.0,10467000.0,16.7,468000.0,186000.0,307.0,309.3,293.0,4.351,2026-01-13 23:17,22365
MANAPPURAM,2026-01-27,322.5,3.5,378000.0,648000.0,24.3,18000.0,0.0,307.0,309.3,293.0,4.351,2026-01-13 23:17,29361
MANAPPURAM,2026-01-27,325.0,3.1,969000.0,2166000.0,25.8,108000.0,0.0,307.0,309.3,293.0,4.351,2026-01-13 23:17,35634
MANAPPURAM,2026-01-27,327.5,2.45,174000.0,267000.0,13.65,15000.0,0.0,307.0,309.3,293.0,4.351,2026-01-13 23:17,42108
MANAPPURAM,2026-01-27,330.0,2.15,2202000.0,5685000.0,24.95,162000.0,42000.0,307.0,309.3,293.0,4.351,2026-01-13 23:17,48631
MANAPPURAM,2026-01-27,332.5,2.0,111000.0,171000.0,23.75,27000.0,0.0,307.0,309.3,293.0,4.351,2026-01-13 23:17,55791
MANAPPURAM,2026-01-27,335.0,1.55,735000.0,972000.0,19.6,6000.0,0.0,307.0,309.3,293.0,4.351,2026-01-13 23:17,62875
MANAPPURAM,2026-01-27,337.5,1.3,105000.0,129000.0,0.0,0.0,0.0,307.0,309.3,293.0,4.351,2026-01-13 23:17,70288
MANAPPURAM,2026-01-27,340.0,1.05,2304000.0,3846000.0,35.7,78000.0,21000.0,307.0,309.3,293.0,4.351,2026-01-13 23:17,77639
MANAPPURAM,2026-01-27,342.5,0.0,0.0,0.0,0.0,0.0,0.0,307.0,309.3,293.0,4.351,2026-01-13 23:17,85535
MANAPPURAM,2026-01-27,345.0,0.95,498000.0,636000.0,50.0,0.0,9000.0,307.0,309.3,293.0,4.351,2026-01-13 23:17,93468
MANAPPURAM,2026-01-27,347.5,0.0,0.0,0.0,0.0,0.0,0.0,307.0,309.3,293.0,4.351,2026-01-13 23:17,101573
MANAPPURAM,2026-01-27,350.0,0.6,1638000.0,2100000.0,49.95,9000.0,0.0,307.0,309.3,293.0,4.351,2026-01-13 23:17,109630
MANAPPURAM,2026-01-27,352.5,0.55,42000.0,12000.0,0.0,0.0,0.0,307.0,309.3,293.0,4.351,2026-01-13 23:17,118152
MANAPPURAM,2026-01-27,355.0,0.45,270000.0,309000.0,59.75,21000.0,12000.0,307.0,309.3,293.0,4.351,2026-01-13 23:17,126634
MANAPPURAM,2026-01-27,360.0,0.25,1140000.0,1527000.0,66.35,15000.0,0.0,307.0,309.3,293.0,4.351,2026-01-13 23:17,143625
MANAPPURAM,2026-01-27,365.0,0.0,0.0,0.0,0.0,0.0,0.0,307.0,309.3,293.0,4.351,2026-01-13 23:17,161236
MANKIND,2026-01-27,1800.0,0.0,0.0,0.0,1.85,5625.0,0.0,2216.5,2235.0,2190.3,-0.351,2026-01-13 23:17,17727
MANKIND,2026-01-27,1840.0,0.0,0.0,0.0,0.0,0.0,0.0,2216.5,2235.0,2190.3,-0.351,2026-01-13 23:17,15664
MANKIND,2026-01-27,1880.0,0.0,0.0,0.0,0.0,0.0,0.0,2216.5,2235.0,2190.3,-0.351,2026-01-13 23:17,13602
MANKIND,2026-01-27,1900.0,288.45,225.0,0.0,0.5,900.0,0.0,2216.5,2235.0,2190.3,-0.351,2026-01-13 23:17,12571
MANKIND,2026-01-27,1920.0,0.0,0.0,0.0,0.0,0.0,0.0,2216.5,2235.0,2190.3,-0.351,2026-01-13 23:17,11549
MANKIND,2026-01-27,1940.0,0.0,0.0,0.0,0.0,0.0,0.0,2216.5,2235.0,2190.3,-0.351,2026-01-13 23:17,10521
MANKIND,2026-01-27,1950.0,0.0,0.0,0.0,4.5,1350.0,0.0,2216.5,2235.0,2190.3,-0.351,2026-01-13 23:17,10006
MANKIND,2026-01-27,1960.0,0.0,0.0,0.0,0.0,0.0,0.0,2216.5,2235.0,2190.3,-0.351,2026-01-13 23:17,9493
MANKIND,2026-01-27,1980.0,0.0,0.0,0.0,2.5,16200.0,17775.0,2216.5,2235.0,2190.3,-0.351,2026-01-13 23:17,8467
MANKIND,2026-01-27,2000.0,318.6,4275.0,0.0,2.5,18225.0,6300.0,2216.5,2235.0,2190.3,-0.351,2026-01-13 23:17,7469
MANKIND,2026-01-27,2020.0,0.0,0.0,0.0,0.0,0.0,0.0,2216.5,2235.0,2190.3,-0.351,2026-01-13 23:17,6652
MANKIND,2026-01-27,2040.0,0.0,0.0,0.0,2.7,0.0,0.0,2216.5,2235.0,2190.3,-0.351,2026-01-13 23:17,5703
MANKIND,2026-01-27,2060.0,0.0,0.0,0.0,7.8,12825.0,4500.0,2216.5,2235.0,2190.3,-0.351,2026-01-13 23:17,4755
MANKIND,2026-01-27,2080.0,135.5,225.0,0.0,7.05,29700.0,32625.0,2216.5,2235.0,2190.3,-0.351,2026-01-13 23:17,3822
MANKIND,2026-01-27,2100.0,140.25,3375.0,0.0,10.75,48600.0,33075.0,2216.5,2235.0,2190.3,-0.351,2026-01-13 23:17,2941
MANKIND,2026-01-27,2120.0,0.0,0.0,0.0,11.85,225.0,0.0,2216.5,2235.0,2190.3,-0.351,2026-01-13 23:17,2177
MANKIND,2026-01-27,2140.0,90.5,675.0,900.0,24.4,11475.0,8100.0,2216.5,2235.0,2190.3,-0.351,2026-01-13 23:17,1418
MANKIND,2026-01-27,2150.0,98.7,11475.0,0.0,22.8,35100.0,10125.0,2216.5,2235.0,2190.3,-0.351,2026-01-13 23:17,1029
MANKIND,2026-01-27,2160.0,71.9,900.0,675.0,25.85,14850.0,6075.0,2216.5,2235.0,2190.3,-0.351,2026-01-13 23:17,741
MANKIND,2026-01-27,2180.0,52.2,8100.0,0.0,29.5,5850.0,5850.0,2216.5,2235.0,2190.3,-0.351,2026-01-13 23:17,100
MANKIND,2026-01-27,2200.0,51.35,179325.0,425025.0,35.45,115650.0,63900.0,2216.5,2235.0,2190.3,-0.351,2026-01-13 23:17,-456
MANKIND,2026-01-27,2220.0,40.65,31725.0,62325.0,51.0,17550.0,4725.0,2216.5,2235.0,2190.3,-0.351,2026-01-13 23:17,62
MANKIND,2026-01-27,2240.0,30.0,33300.0,17100.0,58.85,27000.0,2025.0,2216.5,2235.0,2190.3,-0.351,2026-01-13 23:17,208
MANKIND,2026-01-27,2250.0,27.0,28575.0,15075.0,60.0,18900.0,225.0,2216.5,2235.0,2190.3,-0.351,2026-01-13 23:17,262
MANKIND,2026-01-27,2260.0,23.7,73350.0,2925.0,59.85,74700.0,0.0,2216.5,2235.0,2190.3,-0.351,2026-01-13 23:17,387
MANKIND,2026-01-27,2280.0,16.75,25425.0,3825.0,70.0,3600.0,0.0,2216.5,2235.0,2190.3,-0.351,2026-01-13 23:17,732
MANKIND,2026-01-27,2300.0,14.45,249300.0,312075.0,87.1,40275.0,0.0,2216.5,2235.0,2190.3,-0.351,2026-01-13 23:17,1426
MANKIND,2026-01-27,2320.0,11.3,30600.0,19125.0,117.0,4725.0,0.0,2216.5,2235.0,2190.3,-0.351,2026-01-13 23:17,2691
MANKIND,2026-01-27,2340.0,10.75,17775.0,0.0,0.0,0.0,0.0,2216.5,2235.0,2190.3,-0.351,2026-01-13 23:17,3997
MANKIND,2026-01-27,2350.0,7.2,123975.0,128700.0,143.55,1575.0,0.0,2216.5,2235.0,2190.3,-0.351,2026-01-13 23:17,4696
MANKIND,2026-01-27,2360.0,6.0,12600.0,7425.0,0.0,0.0,0.0,2216.5,2235.0,2190.3,-0.351,2026-01-13 23:17,5570
MANKIND,2026-01-27,2380.0,15.25,2700.0,0.0,0.0,0.0,0.0,2216.5,2235.0,2190.3,-0.351,2026-01-13 23:17,7215
MANKIND,2026-01-27,2400.0,3.8,115425.0,145800.0,194.2,5850.0,0.0,2216.5,2235.0,2190.3,-0.351,2026-01-13 23:17,8863
MANKIND,2026-01-27,2420.0,3.9,225.0,0.0,0.0,0.0,0.0,2216.5,2235.0,2190.3,-0.351,2026-01-13 23:17,10679
MANKIND,2026-01-27,2440.0,0.0,0.0,0.0,225.5,225.0,0.0,2216.5,2235.0,2190.3,-0.351,2026-01-13 23:17,12565
MANKIND,2026-01-27,2450.0,2.85,86850.0,86850.0,238.0,3375.0,0.0,2216.5,2235.0,2190.3,-0.351,2026-01-13 23:17,13504
MANKIND,2026-01-27,2460.0,9.35,675.0,0.0,0.0,0.0,0.0,2216.5,2235.0,2190.3,-0.351,2026-01-13 23:17,14482
MANKIND,2026-01-27,2480.0,0.0,0.0,0.0,0.0,0.0,0.0,2216.5,2235.0,2190.3,-0.351,2026-01-13 23:17,16551
MANKIND,2026-01-27,2500.0,1.85,25650.0,17100.0,279.0,5175.0,0.0,2216.5,2235.0,2190.3,-0.351,2026-01-13 23:17,18620
MANKIND,2026-01-27,2520.0,1.7,4050.0,0.0,0.0,0.0,0.0,2216.5,2235.0,2190.3,-0.351,2026-01-13 23:17,20610
MANKIND,2026-01-27,2540.0,0.0,0.0,0.0,0.0,0.0,0.0,2216.5,2235.0,2190.3,-0.351,2026-01-13 23:17,22749
MANKIND,2026-01-27,2560.0,0.9,13275.0,0.0,0.0,0.0,0.0,2216.5,2235.0,2190.3,-0.351,2026-01-13 23:17,24888
MANKIND,2026-01-27,2600.0,1.0,450.0,0.0,400.0,1350.0,0.0,2216.5,2235.0,2190.3,-0.351,2026-01-13 23:17,29219
MANKIND,2026-01-27,2640.0,0.0,0.0,0.0,0.0,0.0,0.0,2216.5,2235.0,2190.3,-0.351,2026-01-13 23:17,33502
MANKIND,2026-01-27,2700.0,0.25,450.0,225.0,515.0,225.0,0.0,2216.5,2235.0,2190.3,-0.351,2026-01-13 23:17,40008
MARICO,2026-01-27,600.0,143.85,13200.0,0.0,0.0,0.0,0.0,754.2,760.5,751.7,-0.264,2026-01-13 23:17,49738
MARICO,2026-01-27,640.0,135.85,2400.0,0.0,0.15,1200.0,0.0,754.2,760.5,751.7,-0.264,2026-01-13 23:17,33800
MARICO,2026-01-27,650.0,108.4,3600.0,0.0,0.2,8400.0,0.0,754.2,760.5,751.7,-0.264,2026-01-13 23:17,29804
MARICO,2026-01-27,660.0,0.0,0.0,0.0,0.0,0.0,0.0,754.2,760.5,751.7,-0.264,2026-01-13 23:17,25827
MARICO,2026-01-27,670.0,65.0,0.0,0.0,0.45,49200.0,70800.0,754.2,760.5,751.7,-0.264,2026-01-13 23:17,21810
MARICO,2026-01-27,680.0,0.0,0.0,0.0,0.45,68400.0,27600.0,754.2,760.5,751.7,-0.264,2026-01-13 23:17,17841
MARICO,2026-01-27,690.0,0.0,0.0,0.0,0.55,249600.0,7200.0,754.2,760.5,751.7,-0.264,2026-01-13 23:17,13939
MARICO,2026-01-27,695.0,0.0,0.0,0.0,0.0,0.0,0.0,754.2,760.5,751.7,-0.264,2026-01-13 23:17,12100
MARICO,2026-01-27,700.0,61.3,7200.0,1200.0,0.9,283200.0,18000.0,754.2,760.5,751.7,-0.264,2026-01-13 23:17,10276
MARICO,2026-01-27,705.0,0.0,0.0,0.0,1.5,15600.0,0.0,754.2,760.5,751.7,-0.264,2026-01-13 23:17,8615
MARICO,2026-01-27,710.0,56.25,31200.0,0.0,1.3,471600.0,129600.0,754.2,760.5,751.7,-0.264,2026-01-13 23:17,6941
MARICO,2026-01-27,715.0,0.0,0.0,0.0,1.0,1200.0,0.0,754.2,760.5,751.7,-0.264,2026-01-13 23:17,5635
MARICO,2026-01-27,720.0,40.05,26400.0,0.0,2.25,306000.0,94800.0,754.2,760.5,751.7,-0.264,2026-01-13 23:17,4215
MARICO,2026-01-27,725.0,32.75,1200.0,8400.0,2.9,153600.0,22800.0,754.2,760.5,751.7,-0.264,2026-01-13 23:17,2999
MARICO,2026-01-27,730.0,31.4,63600.0,0.0,3.6,458400.0,66000.0,754.2,760.5,751.7,-0.264,2026-01-13 23:17,1782
MARICO,2026-01-27,735.0,28.25,4800.0,7200.0,4.95,216000.0,150000.0,754.2,760.5,751.7,-0.264,2026-01-13 23:17,902
MARICO,2026-01-27,740.0,20.0,97200.0,1200.0,6.1,516000.0,33600.0,754.2,760.5,751.7,-0.264,2026-01-13 23:17,4
MARICO,2026-01-27,745.0,20.65,4800.0,0.0,6.95,76800.0,20400.0,754.2,760.5,751.7,-0.264,2026-01-13 23:17,-613
MARICO,2026-01-27,750.0,15.75,286800.0,106800.0,10.15,337200.0,396000.0,754.2,760.5,751.7,-0.264,2026-01-13 23:17,-1114
MARICO,2026-01-27,755.0,13.55,80400.0,88800.0,12.25,61200.0,38400.0,754.2,760.5,751.7,-0.264,2026-01-13 23:17,-1150
MARICO,2026-01-27,760.0,11.2,314400.0,495600.0,13.85,169200.0,68400.0,754.2,760.5,751.7,-0.264,2026-01-13 23:17,-1190
MARICO,2026-01-27,765.0,8.85,103200.0,190800.0,18.6,102000.0,2400.0,754.2,760.5,751.7,-0.264,2026-01-13 23:17,-905
MARICO,2026-01-27,770.0,7.0,361200.0,242400.0,20.75,151200.0,3600.0,754.2,760.5,751.7,-0.264,2026-01-13 23:17,-733
MARICO,2026-01-27,775.0,5.9,128400.0,49200.0,24.55,73200.0,6000.0,754.2,760.5,751.7,-0.264,2026-01-13 23:17,-268
MARICO,2026-01-27,780.0,4.6,626400.0,421200.0,29.95,226800.0,3600.0,754.2,760.5,751.7,-0.264,2026-01-13 23:17,254
MARICO,2026-01-27,785.0,3.75,1945200.0,358800.0,34.05,6000.0,2400.0,754.2,760.5,751.7,-0.264,2026-01-13 23:17,916
MARICO,2026-01-27,790.0,2.85,397200.0,225600.0,35.35,10800.0,0.0,754.2,760.5,751.7,-0.264,2026-01-13 23:17,3655
MARICO,2026-01-27,795.0,2.25,92400.0,36000.0,40.1,1200.0,4800.0,754.2,760.5,751.7,-0.264,2026-01-13 23:17,5963
MARICO,2026-01-27,800.0,1.8,890400.0,474000.0,44.8,18000.0,0.0,754.2,760.5,751.7,-0.264,2026-01-13 23:17,8259
MARICO,2026-01-27,805.0,1.25,56400.0,9600.0,0.0,0.0,0.0,754.2,760.5,751.7,-0.264,2026-01-13 23:17,11073
MARICO,2026-01-27,810.0,1.15,169200.0,39600.0,0.0,0.0,0.0,754.2,760.5,751.7,-0.264,2026-01-13 23:17,13842
MARICO,2026-01-27,815.0,1.05,306000.0,3600.0,0.0,0.0,0.0,754.2,760.5,751.7,-0.264,2026-01-13 23:17,16709
MARICO,2026-01-27,820.0,0.7,793200.0,78000.0,0.0,0.0,0.0,754.2,760.5,751.7,-0.264,2026-01-13 23:17,19741
MARICO,2026-01-27,825.0,0.8,19200.0,0.0,65.55,0.0,3600.0,754.2,760.5,751.7,-0.264,2026-01-13 23:17,23193
MARICO,2026-01-27,830.0,0.65,213600.0,67200.0,68.85,7200.0,0.0,754.2,760.5,751.7,-0.264,2026-01-13 23:17,26601
MARICO,2026-01-27,835.0,1.7,19200.0,0.0,0.0,0.0,0.0,754.2,760.5,751.7,-0.264,2026-01-13 23:17,30082
MARICO,2026-01-27,840.0,0.5,214800.0,21600.0,117.45,0.0,0.0,754.2,760.5,751.7,-0.264,2026-01-13 23:17,33611
MARICO,2026-01-27,850.0,0.4,224400.0,20400.0,0.0,0.0,0.0,754.2,760.5,751.7,-0.264,2026-01-13 23:17,40889
MARICO,2026-01-27,860.0,0.45,1200.0,0.0,0.0,0.0,0.0,754.2,760.5,751.7,-0.264,2026-01-13 23:17,48390
MARICO,2026-01-27,870.0,0.0,0.0,0.0,105.75,6000.0,0.0,754.2,760.5,751.7,-0.264,2026-01-13 23:17,55882
MARICO,2026-01-27,880.0,0.0,0.0,0.0,0.0,0.0,0.0,754.2,760.5,751.7,-0.264,2026-01-13 23:17,63318
MARICO,2026-01-27,890.0,0.1,55200.0,69600.0,0.0,0.0,0.0,754.2,760.5,751.7,-0.264,2026-01-13 23:17,70817
MARUTI,2026-01-27,13200.0,0.0,0.0,0.0,2.2,150.0,0.0,16387.0,16726.0,16293.0,-1.176,2026-01-13 23:17,252422
MARUTI,2026-01-27,13800.0,2950.0,250.0,0.0,3.0,550.0,0.0,16387.0,16726.0,16293.0,-1.176,2026-01-13 23:17,197612
MARUTI,2026-01-27,14000.0,2400.0,5150.0,100.0,4.25,17150.0,20250.0,16387.0,16726.0,16293.0,-1.176,2026-01-13 23:17,179431
MARUTI,2026-01-27,14200.0,0.0,0.0,0.0,5.0,550.0,0.0,16387.0,16726.0,16293.0,-1.176,2026-01-13 23:17,162852
MARUTI,2026-01-27,14400.0,0.0,0.0,0.0,6.7,1600.0,350.0,16387.0,16726.0,16293.0,-1.176,2026-01-13 23:17,145055
MARUTI,2026-01-27,14600.0,2100.0,100.0,0.0,9.4,1600.0,300.0,16387.0,16726.0,16293.0,-1.176,2026-01-13 23:17,127289
MARUTI,2026-01-27,14700.0,2000.0,400.0,0.0,15.95,2700.0,2850.0,16387.0,16726.0,16293.0,-1.176,2026-01-13 23:17,118443
MARUTI,2026-01-27,14800.0,1940.0,150.0,0.0,12.4,2750.0,2150.0,16387.0,16726.0,16293.0,-1.176,2026-01-13 23:17,109684
MARUTI,2026-01-27,14900.0,0.0,0.0,0.0,2.25,850.0,0.0,16387.0,16726.0,16293.0,-1.176,2026-01-13 23:17,100904
MARUTI,2026-01-27,15000.0,1530.0,3100.0,150.0,12.85,67650.0,65200.0,16387.0,16726.0,16293.0,-1.176,2026-01-13 23:17,92107
MARUTI,2026-01-27,15100.0,1610.0,50.0,0.0,16.45,3250.0,750.0,16387.0,16726.0,16293.0,-1.176,2026-01-13 23:17,84405
MARUTI,2026-01-27,15200.0,0.0,0.0,0.0,16.5,8100.0,11700.0,16387.0,16726.0,16293.0,-1.176,2026-01-13 23:17,76351
MARUTI,2026-01-27,15300.0,1400.0,200.0,0.0,21.95,21350.0,9700.0,16387.0,16726.0,16293.0,-1.176,2026-01-13 23:17,68362
MARUTI,2026-01-27,15400.0,0.0,0.0,0.0,24.25,9700.0,10000.0,16387.0,16726.0,16293.0,-1.176,2026-01-13 23:17,60583
MARUTI,2026-01-27,15500.0,921.6,1500.0,100.0,31.85,53350.0,147950.0,16387.0,16726.0,16293.0,-1.176,2026-01-13 23:17,52897
MARUTI,2026-01-27,15600.0,0.0,0.0,0.0,39.35,14650.0,20600.0,16387.0,16726.0,16293.0,-1.176,2026-01-13 23:17,45750
MARUTI,2026-01-27,15700.0,729.2,250.0,150.0,50.8,11750.0,18600.0,16387.0,16726.0,16293.0,-1.176,2026-01-13 23:17,38725
MARUTI,2026-01-27,15800.0,700.0,1850.0,650.0,63.35,58900.0,98650.0,16387.0,16726.0,16293.0,-1.176,2026-01-13 23:17,31835
MARUTI,2026-01-27,15900.0,684.7,100.0,0.0,78.5,18750.0,133050.0,16387.0,16726.0,16293.0,-1.176,2026-01-13 23:17,25351
MARUTI,2026-01-27,16000.0,511.1,21650.0,16800.0,102.1,106500.0,475200.0,16387.0,16726.0,16293.0,-1.176,2026-01-13 23:17,19159
MARUTI,2026-01-27,16100.0,384.7,1400.0,450.0,128.1,23450.0,145300.0,16387.0,16726.0,16293.0,-1.176,2026-01-13 23:17,14407
MARUTI,2026-01-27,16200.0,364.15,5450.0,11950.0,160.4,29700.0,225550.0,16387.0,16726.0,16293.0,-1.176,2026-01-13 23:17,9639
MARUTI,2026-01-27,16300.0,301.4,10350.0,93150.0,198.75,38850.0,304700.0,16387.0,16726.0,16293.0,-1.176,2026-01-13 23:17,5191
MARUTI,2026-01-27,16400.0,248.65,33250.0,225950.0,245.1,48350.0,330100.0,16387.0,16726.0,16293.0,-1.176,2026-01-13 23:17,1052
MARUTI,2026-01-27,16500.0,202.0,83650.0,488700.0,297.5,131250.0,540250.0,16387.0,16726.0,16293.0,-1.176,2026-01-13 23:17,-2168
MARUTI,2026-01-27,16600.0,163.45,84550.0,444650.0,355.8,32250.0,239750.0,16387.0,16726.0,16293.0,-1.176,2026-01-13 23:17,-5096
MARUTI,2026-01-27,16700.0,127.45,98100.0,409500.0,420.3,48850.0,91550.0,16387.0,16726.0,16293.0,-1.176,2026-01-13 23:17,-4407
MARUTI,2026-01-27,16800.0,99.55,181200.0,470450.0,500.0,30600.0,28250.0,16387.0,16726.0,16293.0,-1.176,2026-01-13 23:17,-3286
MARUTI,2026-01-27,16900.0,78.75,93700.0,287700.0,548.8,21200.0,26200.0,16387.0,16726.0,16293.0,-1.176,2026-01-13 23:17,1029
MARUTI,2026-01-27,17000.0,63.4,304050.0,834650.0,644.0,36400.0,24450.0,16387.0,16726.0,16293.0,-1.176,2026-01-13 23:17,5794
MARUTI,2026-01-27,17100.0,52.1,66700.0,180850.0,815.7,14150.0,1550.0,16387.0,16726.0,16293.0,-1.176,2026-01-13 23:17,13973
MARUTI,2026-01-27,17200.0,42.0,173700.0,225400.0,627.7,17500.0,0.0,16387.0,16726.0,16293.0,-1.176,2026-01-13 23:17,22570
MARUTI,2026-01-27,17300.0,35.9,178550.0,216350.0,913.65,17550.0,650.0,16387.0,16726.0,16293.0,-1.176,2026-01-13 23:17,33517
MARUTI,2026-01-27,17400.0,30.0,71650.0,86250.0,916.5,7650.0,100.0,16387.0,16726.0,16293.0,-1.176,2026-01-13 23:17,45832
MARUTI,2026-01-27,17500.0,26.15,226650.0,205850.0,899.0,9200.0,100.0,16387.0,16726.0,16293.0,-1.176,2026-01-13 23:17,59416
MARUTI,2026-01-27,17600.0,21.6,53800.0,72100.0,920.3,2850.0,200.0,16387.0,16726.0,16293.0,-1.176,2026-01-13 23:17,75610
MARUTI,2026-01-27,17700.0,19.05,53400.0,48300.0,890.85,100.0,0.0,16387.0,16726.0,16293.0,-1.176,2026-01-13 23:17,92459
MARUTI,2026-01-27,17800.0,16.75,41850.0,46200.0,921.9,100.0,0.0,16387.0,16726.0,16293.0,-1.176,2026-01-13 23:17,110082
MARUTI,2026-01-27,17900.0,13.8,15850.0,8050.0,0.0,0.0,0.0,16387.0,16726.0,16293.0,-1.176,2026-01-13 23:17,128092
MARUTI,2026-01-27,18000.0,13.25,166300.0,134600.0,1488.0,1800.0,0.0,16387.0,16726.0,16293.0,-1.176,2026-01-13 23:17,146222
MARUTI,2026-01-27,18100.0,0.0,0.0,0.0,0.0,0.0,0.0,16387.0,16726.0,16293.0,-1.176,2026-01-13 23:17,165963
MARUTI,2026-01-27,18200.0,11.0,67100.0,46350.0,0.0,0.0,0.0,16387.0,16726.0,16293.0,-1.176,2026-01-13 23:17,185752
MARUTI,2026-01-27,18300.0,10.7,450.0,300.0,0.0,0.0,0.0,16387.0,16726.0,16293.0,-1.176,2026-01-13 23:17,206286
MARUTI,2026-01-27,18400.0,9.1,73100.0,34350.0,0.0,0.0,0.0,16387.0,16726.0,16293.0,-1.176,2026-01-13 23:17,226751
MARUTI,2026-01-27,18500.0,7.05,50.0,0.0,0.0,0.0,0.0,16387.0,16726.0,16293.0,-1.176,2026-01-13 23:17,248013
MARUTI,2026-01-27,18600.0,8.2,13450.0,6350.0,0.0,0.0,0.0,16387.0,16726.0,16293.0,-1.176,2026-01-13 23:17,269209
MARUTI,2026-01-27,18800.0,6.5,23000.0,21600.0,0.0,0.0,0.0,16387.0,16726.0,16293.0,-1.176,2026-01-13 23:17,311881
MARUTI,2026-01-27,19000.0,5.95,39200.0,22500.0,0.0,0.0,0.0,16387.0,16726.0,16293.0,-1.176,2026-01-13 23:17,355017
MARUTI,2026-01-27,19200.0,4.3,5400.0,2650.0,0.0,0.0,0.0,16387.0,16726.0,16293.0,-1.176,2026-01-13 23:17,398945
MARUTI,2026-01-27,19400.0,2.75,1750.0,500.0,0.0,0.0,0.0,16387.0,16726.0,16293.0,-1.176,2026-01-13 23:17,442961
MARUTI,2026-01-27,19600.0,0.0,0.0,0.0,0.0,0.0,0.0,16387.0,16726.0,16293.0,-1.176,2026-01-13 23:17,487009
MAXHEALTH,2026-01-27,860.0,0.0,0.0,0.0,0.0,0.0,0.0,1029.9,1031.7,1003.3,1.598,2026-01-13 23:17,38029
MAXHEALTH,2026-01-27,880.0,0.0,0.0,0.0,0.6,15225.0,0.0,1029.9,1031.7,1003.3,1.598,2026-01-13 23:17,33320
MAXHEALTH,2026-01-27,900.0,117.8,0.0,0.0,1.0,1575.0,2625.0,1029.9,1031.7,1003.3,1.598,2026-01-13 23:17,28640
MAXHEALTH,2026-01-27,910.0,0.0,0.0,0.0,0.85,35700.0,39375.0,1029.9,1031.7,1003.3,1.598,2026-01-13 23:17,26302
MAXHEALTH,2026-01-27,920.0,0.0,0.0,0.0,0.9,59325.0,44625.0,1029.9,1031.7,1003.3,1.598,2026-01-13 23:17,23997
MAXHEALTH,2026-01-27,930.0,0.0,0.0,0.0,1.05,16800.0,18375.0,1029.9,1031.7,1003.3,1.598,2026-01-13 23:17,21749
MAXHEALTH,2026-01-27,940.0,0.0,0.0,0.0,1.35,37275.0,32025.0,1029.9,1031.7,1003.3,1.598,2026-01-13 23:17,19521
MAXHEALTH,2026-01-27,950.0,60.65,2100.0,0.0,1.8,18375.0,6825.0,1029.9,1031.7,1003.3,1.598,2026-01-13 23:17,17327
MAXHEALTH,2026-01-27,960.0,77.05,3150.0,0.0,2.5,178500.0,135975.0,1029.9,1031.7,1003.3,1.598,2026-01-13 23:17,15169
MAXHEALTH,2026-01-27,970.0,0.0,0.0,0.0,3.45,40425.0,52500.0,1029.9,1031.7,1003.3,1.598,2026-01-13 23:17,13162
MAXHEALTH,2026-01-27,980.0,42.0,9450.0,1050.0,4.8,136500.0,44100.0,1029.9,1031.7,1003.3,1.598,2026-01-13 23:17,11202
MAXHEALTH,2026-01-27,990.0,38.15,1575.0,0.0,6.75,19425.0,37275.0,1029.9,1031.7,1003.3,1.598,2026-01-13 23:17,9376
MAXHEALTH,2026-01-27,1000.0,39.05,90300.0,198450.0,8.95,273525.0,633150.0,1029.9,1031.7,1003.3,1.598,2026-01-13 23:17,7589
MAXHEALTH,2026-01-27,1010.0,32.3,87150.0,248325.0,12.1,65100.0,142275.0,1029.9,1031.7,1003.3,1.598,2026-01-13 23:17,6282
MAXHEALTH,2026-01-27,1020.0,25.5,252525.0,624225.0,15.85,163800.0,138075.0,1029.9,1031.7,1003.3,1.598,2026-01-13 23:17,5221
MAXHEALTH,2026-01-27,1030.0,20.55,143850.0,234150.0,20.9,55125.0,28350.0,1029.9,1031.7,1003.3,1.598,2026-01-13 23:17,4759
MAXHEALTH,2026-01-27,1040.0,16.0,313950.0,371700.0,26.85,287700.0,4200.0,1029.9,1031.7,1003.3,1.598,2026-01-13 23:17,4291
MAXHEALTH,2026-01-27,1050.0,11.8,311325.0,177450.0,32.15,187425.0,2100.0,1029.9,1031.7,1003.3,1.598,2026-01-13 23:17,3975
MAXHEALTH,2026-01-27,1060.0,9.0,460950.0,366975.0,37.3,274050.0,4725.0,1029.9,1031.7,1003.3,1.598,2026-01-13 23:17,4192
MAXHEALTH,2026-01-27,1070.0,7.1,127050.0,52500.0,56.0,525.0,0.0,1029.9,1031.7,1003.3,1.598,2026-01-13 23:17,4772
MAXHEALTH,2026-01-27,1080.0,5.1,425250.0,225750.0,66.65,141750.0,0.0,1029.9,1031.7,1003.3,1.598,2026-01-13 23:17,6175
MAXHEALTH,2026-01-27,1090.0,4.3,65100.0,35700.0,0.0,0.0,0.0,1029.9,1031.7,1003.3,1.598,2026-01-13 23:17,7329
MAXHEALTH,2026-01-27,1100.0,3.45,695100.0,190575.0,73.0,98700.0,3675.0,1029.9,1031.7,1003.3,1.598,2026-01-13 23:17,9304
MAXHEALTH,2026-01-27,1110.0,0.0,0.0,0.0,0.0,0.0,0.0,1029.9,1031.7,1003.3,1.598,2026-01-13 23:17,11565
MAXHEALTH,2026-01-27,1120.0,2.2,129675.0,162225.0,125.0,9975.0,0.0,1029.9,1031.7,1003.3,1.598,2026-01-13 23:17,14306
MAXHEALTH,2026-01-27,1130.0,1.65,17850.0,0.0,0.0,0.0,0.0,1029.9,1031.7,1003.3,1.598,2026-01-13 23:17,17090
MAXHEALTH,2026-01-27,1140.0,1.65,142275.0,47775.0,98.1,7350.0,0.0,1029.9,1031.7,1003.3,1.598,2026-01-13 23:17,19992
MAXHEALTH,2026-01-27,1150.0,1.0,14175.0,0.0,0.0,0.0,0.0,1029.9,1031.7,1003.3,1.598,2026-01-13 23:17,22991
MAXHEALTH,2026-01-27,1160.0,1.4,124950.0,24675.0,113.0,8400.0,0.0,1029.9,1031.7,1003.3,1.598,2026-01-13 23:17,26055
MAXHEALTH,2026-01-27,1170.0,0.0,0.0,0.0,0.0,0.0,0.0,1029.9,1031.7,1003.3,1.598,2026-01-13 23:17,29173
MAXHEALTH,2026-01-27,1180.0,0.9,108150.0,16275.0,134.0,7350.0,0.0,1029.9,1031.7,1003.3,1.598,2026-01-13 23:17,32369
MAXHEALTH,2026-01-27,1200.0,0.9,193725.0,6825.0,169.3,202650.0,3150.0,1029.9,1031.7,1003.3,1.598,2026-01-13 23:17,38902
MAXHEALTH,2026-01-27,1220.0,1.0,4200.0,0.0,148.2,6300.0,0.0,1029.9,1031.7,1003.3,1.598,2026-01-13 23:17,42904
MAXHEALTH,2026-01-27,1240.0,0.5,29400.0,7350.0,167.0,4200.0,0.0,1029.9,1031.7,1003.3,1.598,2026-01-13 23:17,50247
MAXHEALTH,2026-01-27,1260.0,0.5,8400.0,0.0,179.0,525.0,0.0,1029.9,1031.7,1003.3,1.598,2026-01-13 23:17,57682
MAXHEALTH,2026-01-27,1280.0,1.8,1575.0,0.0,236.0,1050.0,0.0,1029.9,1031.7,1003.3,1.598,2026-01-13 23:17,65194
MAXHEALTH,2026-01-27,1320.0,0.1,11550.0,0.0,0.0,0.0,0.0,1029.9,1031.7,1003.3,1.598,2026-01-13 23:17,80222
MAXHEALTH,2026-01-27,1360.0,0.05,525.0,0.0,0.0,0.0,0.0,1029.9,1031.7,1003.3,1.598,2026-01-13 23:17,95321
MAZDOCK,2026-01-27,2000.0,555.0,600.0,0.0,3.3,43200.0,400.0,2475.6,2547.8,2450.5,-1.809,2026-01-13 23:17,94567
MAZDOCK,2026-01-27,2050.0,470.0,400.0,0.0,0.0,0.0,0.0,2475.6,2547.8,2450.5,-1.809,2026-01-13 23:17,83213
MAZDOCK,2026-01-27,2100.0,390.7,200.0,0.0,4.9,47400.0,3800.0,2475.6,2547.8,2450.5,-1.809,2026-01-13 23:17,71861
MAZDOCK,2026-01-27,2120.0,0.0,0.0,0.0,0.0,0.0,0.0,2475.6,2547.8,2450.5,-1.809,2026-01-13 23:17,67392
MAZDOCK,2026-01-27,2150.0,0.0,0.0,0.0,6.9,18800.0,6000.0,2475.6,2547.8,2450.5,-1.809,2026-01-13 23:17,60713
MAZDOCK,2026-01-27,2160.0,0.0,0.0,0.0,0.0,0.0,0.0,2475.6,2547.8,2450.5,-1.809,2026-01-13 23:17,58492
MAZDOCK,2026-01-27,2200.0,0.0,0.0,0.0,10.0,121800.0,35000.0,2475.6,2547.8,2450.5,-1.809,2026-01-13 23:17,49661
MAZDOCK,2026-01-27,2240.0,0.0,0.0,0.0,0.0,0.0,0.0,2475.6,2547.8,2450.5,-1.809,2026-01-13 23:17,41195
MAZDOCK,2026-01-27,2250.0,275.7,1600.0,2200.0,13.4,36400.0,13200.0,2475.6,2547.8,2450.5,-1.809,2026-01-13 23:17,39109
MAZDOCK,2026-01-27,2260.0,292.0,200.0,0.0,14.75,8200.0,2200.0,2475.6,2547.8,2450.5,-1.809,2026-01-13 23:17,37056
MAZDOCK,2026-01-27,2280.0,0.0,0.0,0.0,17.45,4800.0,600.0,2475.6,2547.8,2450.5,-1.809,2026-01-13 23:17,32971
MAZDOCK,2026-01-27,2300.0,203.55,31000.0,2200.0,21.6,204000.0,109000.0,2475.6,2547.8,2450.5,-1.809,2026-01-13 23:17,28893
MAZDOCK,2026-01-27,2320.0,0.0,0.0,0.0,25.45,8400.0,0.0,2475.6,2547.8,2450.5,-1.809,2026-01-13 23:17,25483
MAZDOCK,2026-01-27,2340.0,175.1,0.0,1000.0,27.1,11000.0,6200.0,2475.6,2547.8,2450.5,-1.809,2026-01-13 23:17,21879
MAZDOCK,2026-01-27,2350.0,168.0,8200.0,4600.0,30.65,57800.0,36600.0,2475.6,2547.8,2450.5,-1.809,2026-01-13 23:17,20069
MAZDOCK,2026-01-27,2360.0,0.0,0.0,0.0,50.0,200.0,0.0,2475.6,2547.8,2450.5,-1.809,2026-01-13 23:17,18315
MAZDOCK,2026-01-27,2380.0,0.0,0.0,0.0,31.4,3800.0,0.0,2475.6,2547.8,2450.5,-1.809,2026-01-13 23:17,14886
MAZDOCK,2026-01-27,2400.0,126.8,67400.0,18800.0,45.95,333400.0,249800.0,2475.6,2547.8,2450.5,-1.809,2026-01-13 23:17,11453
MAZDOCK,2026-01-27,2420.0,0.0,0.0,0.0,51.7,13400.0,15000.0,2475.6,2547.8,2450.5,-1.809,2026-01-13 23:17,8157
MAZDOCK,2026-01-27,2440.0,100.05,2200.0,4400.0,59.35,8200.0,16200.0,2475.6,2547.8,2450.5,-1.809,2026-01-13 23:17,5495
MAZDOCK,2026-01-27,2450.0,95.0,71400.0,98800.0,64.3,119200.0,118400.0,2475.6,2547.8,2450.5,-1.809,2026-01-13 23:17,4182
MAZDOCK,2026-01-27,2460.0,90.25,24200.0,36400.0,68.2,57800.0,75800.0,2475.6,2547.8,2450.5,-1.809,2026-01-13 23:17,2999
MAZDOCK,2026-01-27,2480.0,79.7,35400.0,161600.0,79.1,42000.0,145400.0,2475.6,2547.8,2450.5,-1.809,2026-01-13 23:17,797
MAZDOCK,2026-01-27,2500.0,70.0,580400.0,936400.0,90.0,371400.0,353600.0,2475.6,2547.8,2450.5,-1.809,2026-01-13 23:17,-1124
MAZDOCK,2026-01-27,2520.0,62.45,84600.0,209800.0,98.35,46800.0,56000.0,2475.6,2547.8,2450.5,-1.809,2026-01-13 23:17,-372
MAZDOCK,2026-01-27,2540.0,53.35,87800.0,153800.0,113.15,35400.0,18200.0,2475.6,2547.8,2450.5,-1.809,2026-01-13 23:17,-9
MAZDOCK,2026-01-27,2550.0,51.35,587800.0,294800.0,119.05,125000.0,15000.0,2475.6,2547.8,2450.5,-1.809,2026-01-13 23:17,329
MAZDOCK,2026-01-27,2560.0,48.2,46000.0,64200.0,129.0,27400.0,600.0,2475.6,2547.8,2450.5,-1.809,2026-01-13 23:17,2842
MAZDOCK,2026-01-27,2580.0,41.55,95400.0,107200.0,134.95,39600.0,600.0,2475.6,2547.8,2450.5,-1.809,2026-01-13 23:17,4824
MAZDOCK,2026-01-27,2600.0,35.5,789400.0,701400.0,152.65,182400.0,19400.0,2475.6,2547.8,2450.5,-1.809,2026-01-13 23:17,7070
MAZDOCK,2026-01-27,2620.0,31.85,46800.0,16000.0,152.75,1800.0,0.0,2475.6,2547.8,2450.5,-1.809,2026-01-13 23:17,11415
MAZDOCK,2026-01-27,2640.0,26.75,44800.0,18000.0,169.95,1200.0,0.0,2475.6,2547.8,2450.5,-1.809,2026-01-13 23:17,15961
MAZDOCK,2026-01-27,2650.0,26.15,272400.0,162400.0,165.35,20200.0,0.0,2475.6,2547.8,2450.5,-1.809,2026-01-13 23:17,18319
MAZDOCK,2026-01-27,2660.0,24.0,6200.0,2800.0,0.0,0.0,0.0,2475.6,2547.8,2450.5,-1.809,2026-01-13 23:17,21248
MAZDOCK,2026-01-27,2680.0,33.85,6000.0,0.0,0.0,0.0,0.0,2475.6,2547.8,2450.5,-1.809,2026-01-13 23:17,26377
MAZDOCK,2026-01-27,2700.0,18.75,398400.0,414800.0,250.05,59400.0,1800.0,2475.6,2547.8,2450.5,-1.809,2026-01-13 23:17,31523
MAZDOCK,2026-01-27,2720.0,16.75,16200.0,24200.0,0.0,0.0,0.0,2475.6,2547.8,2450.5,-1.809,2026-01-13 23:17,36826
MAZDOCK,2026-01-27,2740.0,13.0,13200.0,11200.0,0.0,0.0,0.0,2475.6,2547.8,2450.5,-1.809,2026-01-13 23:17,42927
MAZDOCK,2026-01-27,2750.0,14.0,83000.0,79600.0,245.0,3800.0,0.0,2475.6,2547.8,2450.5,-1.809,2026-01-13 23:17,45995
MAZDOCK,2026-01-27,2760.0,12.9,13800.0,11400.0,0.0,0.0,0.0,2475.6,2547.8,2450.5,-1.809,2026-01-13 23:17,49155
MAZDOCK,2026-01-27,2780.0,0.0,0.0,0.0,0.0,0.0,0.0,2475.6,2547.8,2450.5,-1.809,2026-01-13 23:17,55474
MAZDOCK,2026-01-27,2800.0,10.15,444400.0,293600.0,341.0,155800.0,1000.0,2475.6,2547.8,2450.5,-1.809,2026-01-13 23:17,61776
MAZDOCK,2026-01-27,2820.0,8.35,3000.0,5000.0,0.0,0.0,0.0,2475.6,2547.8,2450.5,-1.809,2026-01-13 23:17,64416
MAZDOCK,2026-01-27,2840.0,8.1,3800.0,1800.0,0.0,0.0,0.0,2475.6,2547.8,2450.5,-1.809,2026-01-13 23:17,71927
MAZDOCK,2026-01-27,2850.0,7.8,31800.0,10600.0,379.35,800.0,0.0,2475.6,2547.8,2450.5,-1.809,2026-01-13 23:17,75688
MAZDOCK,2026-01-27,2860.0,0.0,0.0,0.0,0.0,0.0,0.0,2475.6,2547.8,2450.5,-1.809,2026-01-13 23:17,79472
MAZDOCK,2026-01-27,2880.0,6.5,9400.0,5200.0,349.85,600.0,0.0,2475.6,2547.8,2450.5,-1.809,2026-01-13 23:17,87053
MAZDOCK,2026-01-27,2900.0,5.75,157200.0,75200.0,315.0,30000.0,0.0,2475.6,2547.8,2450.5,-1.809,2026-01-13 23:17,94639
MAZDOCK,2026-01-27,2920.0,0.0,0.0,0.0,0.0,0.0,0.0,2475.6,2547.8,2450.5,-1.809,2026-01-13 23:17,101760
MAZDOCK,2026-01-27,2940.0,0.0,0.0,0.0,0.0,0.0,0.0,2475.6,2547.8,2450.5,-1.809,2026-01-13 23:17,109735
MAZDOCK,2026-01-27,2950.0,4.2,7400.0,1200.0,476.95,3400.0,0.0,2475.6,2547.8,2450.5,-1.809,2026-01-13 23:17,113723
MAZDOCK,2026-01-27,2960.0,0.0,0.0,0.0,0.0,0.0,0.0,2475.6,2547.8,2450.5,-1.809,2026-01-13 23:17,117562
MAZDOCK,2026-01-27,3000.0,3.85,257400.0,102600.0,477.0,13200.0,0.0,2475.6,2547.8,2450.5,-1.809,2026-01-13 23:17,133555
MAZDOCK,2026-01-27,3100.0,2.7,537000.0,26800.0,605.0,60400.0,600.0,2475.6,2547.8,2450.5,-1.809,2026-01-13 23:17,175715
MCX,2026-01-27,1600.0,2950.2,4375.0,0.0,0.0,0.0,0.0,2293.0,2303.0,2239.0,2.595,2026-01-13 23:17,283171
MCX,2026-01-27,1660.0,575.6,5000.0,0.0,0.7,13125.0,0.0,2293.0,2303.0,2239.0,2.595,2026-01-13 23:17,243812
MCX,2026-01-27,1680.0,2440.0,1875.0,0.0,0.0,0.0,0.0,2293.0,2303.0,2239.0,2.595,2026-01-13 23:17,230585
MCX,2026-01-27,1700.0,2475.0,7500.0,0.0,1.0,11875.0,0.0,2293.0,2303.0,2239.0,2.595,2026-01-13 23:17,217532
MCX,2026-01-27,1740.0,0.0,0.0,0.0,0.8,18125.0,0.0,2293.0,2303.0,2239.0,2.595,2026-01-13 23:17,192445
MCX,2026-01-27,1760.0,2185.0,625.0,0.0,0.0,0.0,0.0,2293.0,2303.0,2239.0,2.595,2026-01-13 23:17,179009
MCX,2026-01-27,1780.0,2060.0,2500.0,0.0,0.0,0.0,0.0,2293.0,2303.0,2239.0,2.595,2026-01-13 23:17,165711
MCX,2026-01-27,1800.0,400.0,20000.0,0.0,1.35,191875.0,31875.0,2293.0,2303.0,2239.0,2.595,2026-01-13 23:17,152798
MCX,2026-01-27,1840.0,1570.0,625.0,0.0,0.0,0.0,0.0,2293.0,2303.0,2239.0,2.595,2026-01-13 23:17,127562
MCX,2026-01-27,1860.0,0.0,0.0,0.0,3.2,8125.0,625.0,2293.0,2303.0,2239.0,2.595,2026-01-13 23:17,114656
MCX,2026-01-27,1880.0,366.65,8750.0,0.0,1.6,108750.0,4375.0,2293.0,2303.0,2239.0,2.595,2026-01-13 23:17,101666
MCX,2026-01-27,1900.0,323.5,11250.0,0.0,1.7,279375.0,36250.0,2293.0,2303.0,2239.0,2.595,2026-01-13 23:17,89217
MCX,2026-01-27,1920.0,295.8,3125.0,0.0,2.65,76875.0,2500.0,2293.0,2303.0,2239.0,2.595,2026-01-13 23:17,77362
MCX,2026-01-27,1940.0,321.0,3125.0,0.0,0.0,0.0,0.0,2293.0,2303.0,2239.0,2.595,2026-01-13 23:17,65423
MCX,2026-01-27,1960.0,270.0,3125.0,0.0,3.5,111250.0,95000.0,2293.0,2303.0,2239.0,2.595,2026-01-13 23:17,53518
MCX,2026-01-27,1980.0,270.5,625.0,0.0,4.0,86250.0,17500.0,2293.0,2303.0,2239.0,2.595,2026-01-13 23:17,41787
MCX,2026-01-27,2000.0,272.2,343125.0,13750.0,4.55,790625.0,765000.0,2293.0,2303.0,2239.0,2.595,2026-01-13 23:17,30167
MCX,2026-01-27,2020.0,255.0,7500.0,1875.0,4.75,76875.0,51250.0,2293.0,2303.0,2239.0,2.595,2026-01-13 23:17,29813
MCX,2026-01-27,2040.0,261.0,23750.0,4375.0,5.65,169375.0,278125.0,2293.0,2303.0,2239.0,2.595,2026-01-13 23:17,20801
MCX,2026-01-27,2060.0,156.0,55000.0,0.0,6.85,253750.0,132500.0,2293.0,2303.0,2239.0,2.595,2026-01-13 23:17,12545
MCX,2026-01-27,2080.0,205.5,46875.0,11875.0,8.05,180625.0,151250.0,2293.0,2303.0,2239.0,2.595,2026-01-13 23:17,5067
MCX,2026-01-27,2100.0,195.0,375625.0,25625.0,10.05,685625.0,986250.0,2293.0,2303.0,2239.0,2.595,2026-01-13 23:17,-1822
MCX,2026-01-27,2120.0,187.0,21875.0,1250.0,12.2,190625.0,235000.0,2293.0,2303.0,2239.0,2.595,2026-01-13 23:17,-771
MCX,2026-01-27,2140.0,157.0,41250.0,1250.0,15.0,240000.0,310625.0,2293.0,2303.0,2239.0,2.595,2026-01-13 23:17,-5755
MCX,2026-01-27,2160.0,152.0,83125.0,15000.0,18.8,291875.0,498750.0,2293.0,2303.0,2239.0,2.595,2026-01-13 23:17,-10065
MCX,2026-01-27,2180.0,140.0,87500.0,15625.0,23.0,160625.0,288125.0,2293.0,2303.0,2239.0,2.595,2026-01-13 23:17,-13197
MCX,2026-01-27,2200.0,121.3,658750.0,962500.0,28.5,1099375.0,1360625.0,2293.0,2303.0,2239.0,2.595,2026-01-13 23:17,-15693
MCX,2026-01-27,2220.0,107.3,238125.0,262500.0,34.65,158750.0,398750.0,2293.0,2303.0,2239.0,2.595,2026-01-13 23:17,-10671
MCX,2026-01-27,2240.0,95.0,393750.0,1019375.0,40.95,225625.0,415000.0,2293.0,2303.0,2239.0,2.595,2026-01-13 23:17,-7707
MCX,2026-01-27,2260.0,82.6,424375.0,1436875.0,50.3,240000.0,828750.0,2293.0,2303.0,2239.0,2.595,2026-01-13 23:17,-2693
MCX,2026-01-27,2280.0,72.55,455625.0,2119375.0,57.6,184375.0,853750.0,2293.0,2303.0,2239.0,2.595,2026-01-13 23:17,3131
MCX,2026-01-27,2300.0,61.8,1501250.0,6941875.0,67.55,683750.0,1423125.0,2293.0,2303.0,2239.0,2.595,2026-01-13 23:17,10181
MCX,2026-01-27,2320.0,54.2,478125.0,1940000.0,95.3,83125.0,70625.0,2293.0,2303.0,2239.0,2.595,2026-01-13 23:17,24016
MCX,2026-01-27,2340.0,45.15,375625.0,877500.0,90.0,48125.0,25625.0,2293.0,2303.0,2239.0,2.595,2026-01-13 23:17,36114
MCX,2026-01-27,2360.0,37.75,168750.0,621250.0,101.7,17500.0,20625.0,2293.0,2303.0,2239.0,2.595,2026-01-13 23:17,48523
MCX,2026-01-27,2380.0,31.9,186250.0,358750.0,125.55,3750.0,2500.0,2293.0,2303.0,2239.0,2.595,2026-01-13 23:17,60501
MCX,2026-01-27,2400.0,26.35,1663125.0,2950000.0,140.0,75625.0,36875.0,2293.0,2303.0,2239.0,2.595,2026-01-13 23:17,72947
MCX,2026-01-27,2420.0,22.05,155625.0,385000.0,0.0,0.0,0.0,2293.0,2303.0,2239.0,2.595,2026-01-13 23:17,91646
MCX,2026-01-27,2440.0,18.0,383125.0,612500.0,186.0,8750.0,3750.0,2293.0,2303.0,2239.0,2.595,2026-01-13 23:17,107677
MCX,2026-01-27,2460.0,14.45,388125.0,485625.0,0.0,0.0,0.0,2293.0,2303.0,2239.0,2.595,2026-01-13 23:17,124675
MCX,2026-01-27,2480.0,11.75,596875.0,493125.0,280.0,4375.0,0.0,2293.0,2303.0,2239.0,2.595,2026-01-13 23:17,142484
MCX,2026-01-27,2500.0,9.6,468125.0,936875.0,0.0,0.0,0.0,2293.0,2303.0,2239.0,2.595,2026-01-13 23:17,161512
MCX,2026-01-27,2520.0,8.35,313750.0,471875.0,0.0,0.0,0.0,2293.0,2303.0,2239.0,2.595,2026-01-13 23:17,181348
MCX,2026-01-27,2560.0,5.25,412500.0,454375.0,0.0,0.0,0.0,2293.0,2303.0,2239.0,2.595,2026-01-13 23:17,221637
MCX,2026-01-27,2600.0,3.8,186250.0,396250.0,398.0,625.0,0.0,2293.0,2303.0,2239.0,2.595,2026-01-13 23:17,263532
MCX,2026-01-27,2640.0,2.8,52500.0,111875.0,0.0,0.0,0.0,2293.0,2303.0,2239.0,2.595,2026-01-13 23:17,306002
MFSL,2026-01-27,1280.0,465.1,12400.0,0.0,0.25,1600.0,0.0,1645.0,1675.0,1635.6,-1.041,2026-01-13 23:17,34212
MFSL,2026-01-27,1360.0,313.0,400.0,0.0,0.0,0.0,0.0,1645.0,1675.0,1635.6,-1.041,2026-01-13 23:17,26609
MFSL,2026-01-27,1400.0,260.0,1600.0,0.0,0.0,0.0,0.0,1645.0,1675.0,1635.6,-1.041,2026-01-13 23:17,22534
MFSL,2026-01-27,1440.0,258.2,2400.0,0.0,0.6,800.0,0.0,1645.0,1675.0,1635.6,-1.041,2026-01-13 23:17,18494
MFSL,2026-01-27,1480.0,202.25,4000.0,0.0,1.5,5200.0,0.0,1645.0,1675.0,1635.6,-1.041,2026-01-13 23:17,14487
MFSL,2026-01-27,1500.0,150.0,2000.0,0.0,1.0,29200.0,0.0,1645.0,1675.0,1635.6,-1.041,2026-01-13 23:17,12551
MFSL,2026-01-27,1520.0,147.0,1200.0,0.0,2.2,21600.0,38000.0,1645.0,1675.0,1635.6,-1.041,2026-01-13 23:17,10624
MFSL,2026-01-27,1540.0,161.35,2000.0,0.0,2.5,6800.0,0.0,1645.0,1675.0,1635.6,-1.041,2026-01-13 23:17,8729
MFSL,2026-01-27,1560.0,126.15,2400.0,0.0,4.6,112400.0,193200.0,1645.0,1675.0,1635.6,-1.041,2026-01-13 23:17,6870
MFSL,2026-01-27,1580.0,97.0,400.0,0.0,7.0,138000.0,98800.0,1645.0,1675.0,1635.6,-1.041,2026-01-13 23:17,5187
MFSL,2026-01-27,1600.0,62.55,23200.0,4400.0,10.55,116800.0,224000.0,1645.0,1675.0,1635.6,-1.041,2026-01-13 23:17,3711
MFSL,2026-01-27,1620.0,60.95,8800.0,0.0,12.7,179600.0,21200.0,1645.0,1675.0,1635.6,-1.041,2026-01-13 23:17,2628
MFSL,2026-01-27,1640.0,34.95,8400.0,14000.0,22.5,66400.0,61200.0,1645.0,1675.0,1635.6,-1.041,2026-01-13 23:17,1727
MFSL,2026-01-27,1660.0,25.0,66800.0,90400.0,32.75,86400.0,52000.0,1645.0,1675.0,1635.6,-1.041,2026-01-13 23:17,1029
MFSL,2026-01-27,1680.0,17.7,52000.0,58400.0,52.5,46800.0,3200.0,1645.0,1675.0,1635.6,-1.041,2026-01-13 23:17,642
MFSL,2026-01-27,1700.0,11.5,169200.0,248800.0,60.2,102400.0,37200.0,1645.0,1675.0,1635.6,-1.041,2026-01-13 23:17,415
MFSL,2026-01-27,1720.0,7.5,103200.0,150800.0,61.3,31600.0,400.0,1645.0,1675.0,1635.6,-1.041,2026-01-13 23:17,463
MFSL,2026-01-27,1740.0,5.15,207600.0,264400.0,91.65,56400.0,9600.0,1645.0,1675.0,1635.6,-1.041,2026-01-13 23:17,1085
MFSL,2026-01-27,1760.0,3.6,148400.0,97200.0,81.55,6000.0,0.0,1645.0,1675.0,1635.6,-1.041,2026-01-13 23:17,1943
MFSL,2026-01-27,1780.0,2.6,124000.0,86400.0,98.25,5200.0,0.0,1645.0,1675.0,1635.6,-1.041,2026-01-13 23:17,3523
MFSL,2026-01-27,1800.0,2.0,240400.0,162000.0,145.0,22000.0,800.0,1645.0,1675.0,1635.6,-1.041,2026-01-13 23:17,5339
MFSL,2026-01-27,1820.0,1.6,87600.0,120400.0,0.0,0.0,0.0,1645.0,1675.0,1635.6,-1.041,2026-01-13 23:17,7427
MFSL,2026-01-27,1840.0,1.5,271600.0,159600.0,0.0,0.0,0.0,1645.0,1675.0,1635.6,-1.041,2026-01-13 23:17,9975
MFSL,2026-01-27,1860.0,1.3,52800.0,20400.0,0.0,0.0,0.0,1645.0,1675.0,1635.6,-1.041,2026-01-13 23:17,13094
MFSL,2026-01-27,1880.0,1.1,20000.0,2400.0,0.0,0.0,0.0,1645.0,1675.0,1635.6,-1.041,2026-01-13 23:17,16284
MFSL,2026-01-27,1900.0,1.4,142400.0,400.0,0.0,0.0,0.0,1645.0,1675.0,1635.6,-1.041,2026-01-13 23:17,19509
MFSL,2026-01-27,1920.0,0.85,14800.0,0.0,222.75,800.0,0.0,1645.0,1675.0,1635.6,-1.041,2026-01-13 23:17,23037
MFSL,2026-01-27,1960.0,0.4,58800.0,800.0,314.0,400.0,0.0,1645.0,1675.0,1635.6,-1.041,2026-01-13 23:17,30099
MIDCPNIFTY,2026-01-27,11900.0,0.0,0.0,0.0,1.8,19800.0,10080.0,0.0,0.0,0.0,0.0,2026-01-13 23:17,1068613
MIDCPNIFTY,2026-01-27,12000.0,1775.6,1560.0,0.0,2.4,84960.0,29640.0,0.0,0.0,0.0,0.0,2026-01-13 23:17,992197
MIDCPNIFTY,2026-01-27,12100.0,1555.0,840.0,0.0,2.8,4320.0,3840.0,0.0,0.0,0.0,0.0,2026-01-13 23:17,916906
MIDCPNIFTY,2026-01-27,12200.0,1710.0,120.0,0.0,2.25,12480.0,7080.0,0.0,0.0,0.0,0.0,2026-01-13 23:17,841540
MIDCPNIFTY,2026-01-27,12300.0,0.0,0.0,0.0,3.15,15960.0,9960.0,0.0,0.0,0.0,0.0,2026-01-13 23:17,766188
MIDCPNIFTY,2026-01-27,12400.0,0.0,0.0,0.0,3.2,16560.0,17880.0,0.0,0.0,0.0,0.0,2026-01-13 23:17,690973
MIDCPNIFTY,2026-01-27,12500.0,1180.0,13320.0,120.0,3.8,318480.0,228480.0,0.0,0.0,0.0,0.0,2026-01-13 23:17,615924
MIDCPNIFTY,2026-01-27,12600.0,0.0,0.0,0.0,4.7,94560.0,70560.0,0.0,0.0,0.0,0.0,2026-01-13 23:17,545648
MIDCPNIFTY,2026-01-27,12625.0,0.0,0.0,0.0,5.4,2040.0,3240.0,0.0,0.0,0.0,0.0,2026-01-13 23:17,527908
MIDCPNIFTY,2026-01-27,12650.0,0.0,0.0,0.0,5.45,2760.0,10680.0,0.0,0.0,0.0,0.0,2026-01-13 23:17,510217
MIDCPNIFTY,2026-01-27,12675.0,0.0,0.0,0.0,7.8,1440.0,120.0,0.0,0.0,0.0,0.0,2026-01-13 23:17,492532
MIDCPNIFTY,2026-01-27,12700.0,0.0,0.0,0.0,6.3,87360.0,238320.0,0.0,0.0,0.0,0.0,2026-01-13 23:17,474852
MIDCPNIFTY,2026-01-27,12725.0,0.0,0.0,0.0,6.8,4320.0,2040.0,0.0,0.0,0.0,0.0,2026-01-13 23:17,457335
MIDCPNIFTY,2026-01-27,12750.0,0.0,0.0,0.0,8.25,6480.0,18960.0,0.0,0.0,0.0,0.0,2026-01-13 23:17,439882
MIDCPNIFTY,2026-01-27,12775.0,0.0,0.0,0.0,13.4,1560.0,5520.0,0.0,0.0,0.0,0.0,2026-01-13 23:17,422443
MIDCPNIFTY,2026-01-27,12800.0,894.4,120.0,120.0,9.5,407880.0,556200.0,0.0,0.0,0.0,0.0,2026-01-13 23:17,405010
MIDCPNIFTY,2026-01-27,12825.0,0.0,0.0,0.0,13.75,1560.0,2400.0,0.0,0.0,0.0,0.0,2026-01-13 23:17,388223
MIDCPNIFTY,2026-01-27,12850.0,0.0,0.0,0.0,10.95,9120.0,15600.0,0.0,0.0,0.0,0.0,2026-01-13 23:17,371815
MIDCPNIFTY,2026-01-27,12875.0,0.0,0.0,0.0,11.9,5880.0,6600.0,0.0,0.0,0.0,0.0,2026-01-13 23:17,355421
MIDCPNIFTY,2026-01-27,12900.0,0.0,0.0,0.0,13.05,205800.0,416280.0,0.0,0.0,0.0,0.0,2026-01-13 23:17,339045
MIDCPNIFTY,2026-01-27,12925.0,0.0,0.0,0.0,12.95,2400.0,4200.0,0.0,0.0,0.0,0.0,2026-01-13 23:17,322922
MIDCPNIFTY,2026-01-27,12950.0,740.0,240.0,360.0,16.75,9000.0,16320.0,0.0,0.0,0.0,0.0,2026-01-13 23:17,307071
MIDCPNIFTY,2026-01-27,12975.0,0.0,0.0,0.0,18.4,3480.0,5760.0,0.0,0.0,0.0,0.0,2026-01-13 23:17,291248
MIDCPNIFTY,2026-01-27,13000.0,670.0,45840.0,9840.0,20.9,870360.0,1842480.0,0.0,0.0,0.0,0.0,2026-01-13 23:17,275425
MIDCPNIFTY,2026-01-27,13025.0,0.0,0.0,0.0,22.25,3120.0,10440.0,0.0,0.0,0.0,0.0,2026-01-13 23:17,263151
MIDCPNIFTY,2026-01-27,13050.0,0.0,0.0,0.0,22.9,4680.0,23160.0,0.0,0.0,0.0,0.0,2026-01-13 23:17,249626
MIDCPNIFTY,2026-01-27,13075.0,0.0,0.0,0.0,26.0,3720.0,7320.0,0.0,0.0,0.0,0.0,2026-01-13 23:17,236109
MIDCPNIFTY,2026-01-27,13100.0,593.0,360.0,840.0,29.45,333000.0,952200.0,0.0,0.0,0.0,0.0,2026-01-13 23:17,222602
MIDCPNIFTY,2026-01-27,13125.0,0.0,0.0,0.0,30.65,10080.0,38640.0,0.0,0.0,0.0,0.0,2026-01-13 23:17,208978
MIDCPNIFTY,2026-01-27,13150.0,0.0,0.0,0.0,33.8,14400.0,55800.0,0.0,0.0,0.0,0.0,2026-01-13 23:17,196309
MIDCPNIFTY,2026-01-27,13175.0,479.0,120.0,120.0,36.75,9960.0,15480.0,0.0,0.0,0.0,0.0,2026-01-13 23:17,183657
MIDCPNIFTY,2026-01-27,13200.0,501.35,3960.0,30120.0,43.3,479280.0,1461600.0,0.0,0.0,0.0,0.0,2026-01-13 23:17,171049
MIDCPNIFTY,2026-01-27,13225.0,0.0,0.0,0.0,44.3,11040.0,26880.0,0.0,0.0,0.0,0.0,2026-01-13 23:17,157803
MIDCPNIFTY,2026-01-27,13250.0,408.85,1080.0,4680.0,50.8,32400.0,50880.0,0.0,0.0,0.0,0.0,2026-01-13 23:17,146412
MIDCPNIFTY,2026-01-27,13275.0,530.0,120.0,120.0,53.35,12120.0,22320.0,0.0,0.0,0.0,0.0,2026-01-13 23:17,135034
MIDCPNIFTY,2026-01-27,13300.0,380.35,90600.0,386280.0,62.55,411360.0,1436880.0,0.0,0.0,0.0,0.0,2026-01-13 23:17,123748
MIDCPNIFTY,2026-01-27,13325.0,0.0,0.0,0.0,62.5,17520.0,18480.0,0.0,0.0,0.0,0.0,2026-01-13 23:17,114648
MIDCPNIFTY,2026-01-27,13350.0,379.2,2160.0,38880.0,67.9,30480.0,83400.0,0.0,0.0,0.0,0.0,2026-01-13 23:17,104610
MIDCPNIFTY,2026-01-27,13375.0,331.45,1080.0,1200.0,79.0,14520.0,18960.0,0.0,0.0,0.0,0.0,2026-01-13 23:17,94638
MIDCPNIFTY,2026-01-27,13400.0,309.9,15000.0,20040.0,87.55,309480.0,1055040.0,0.0,0.0,0.0,0.0,2026-01-13 23:17,84751
MIDCPNIFTY,2026-01-27,13425.0,311.85,2280.0,1080.0,87.65,11760.0,62040.0,0.0,0.0,0.0,0.0,2026-01-13 23:17,73509
MIDCPNIFTY,2026-01-27,13450.0,312.05,4920.0,11880.0,97.25,23400.0,85920.0,0.0,0.0,0.0,0.0,2026-01-13 23:17,64515
MIDCPNIFTY,2026-01-27,13475.0,290.85,2760.0,1080.0,103.1,11880.0,86640.0,0.0,0.0,0.0,0.0,2026-01-13 23:17,55550
MIDCPNIFTY,2026-01-27,13500.0,249.2,372240.0,577680.0,119.0,621120.0,2296200.0,0.0,0.0,0.0,0.0,2026-01-13 23:17,46653
MIDCPNIFTY,2026-01-27,13525.0,236.85,5280.0,13440.0,129.0,15840.0,151800.0,0.0,0.0,0.0,0.0,2026-01-13 23:17,42167
MIDCPNIFTY,2026-01-27,13550.0,215.0,20280.0,164400.0,137.2,36120.0,439080.0,0.0,0.0,0.0,0.0,2026-01-13 23:17,35769
MIDCPNIFTY,2026-01-27,13575.0,215.4,8520.0,111120.0,142.4,14520.0,366600.0,0.0,0.0,0.0,0.0,2026-01-13 23:17,29533
MIDCPNIFTY,2026-01-27,13600.0,185.2,219360.0,2153040.0,164.0,606480.0,2571600.0,0.0,0.0,0.0,0.0,2026-01-13 23:17,23390
MIDCPNIFTY,2026-01-27,13625.0,182.0,27360.0,334320.0,171.85,19800.0,493200.0,0.0,0.0,0.0,0.0,2026-01-13 23:17,13451
MIDCPNIFTY,2026-01-27,13650.0,164.0,86760.0,1346280.0,187.05,109560.0,1210800.0,0.0,0.0,0.0,0.0,2026-01-13 23:17,9671
MIDCPNIFTY,2026-01-27,13675.0,145.5,42840.0,604320.0,196.4,18240.0,534120.0,0.0,0.0,0.0,0.0,2026-01-13 23:17,5598
MIDCPNIFTY,2026-01-27,13700.0,143.0,515280.0,3048840.0,211.0,411720.0,2625480.0,0.0,0.0,0.0,0.0,2026-01-13 23:17,2570
MIDCPNIFTY,2026-01-27,13725.0,134.0,40080.0,428160.0,217.0,12960.0,215640.0,0.0,0.0,0.0,0.0,2026-01-13 23:17,275
MIDCPNIFTY,2026-01-27,13750.0,117.25,134400.0,738120.0,237.6,50040.0,315480.0,0.0,0.0,0.0,0.0,2026-01-13 23:17,-312
MIDCPNIFTY,2026-01-27,13775.0,111.0,46800.0,334680.0,255.0,9960.0,66480.0,0.0,0.0,0.0,0.0,2026-01-13 23:17,-308
MIDCPNIFTY,2026-01-27,13800.0,102.95,585600.0,2231520.0,262.0,447720.0,766200.0,0.0,0.0,0.0,0.0,2026-01-13 23:17,-283
MIDCPNIFTY,2026-01-27,13825.0,98.85,37200.0,169560.0,271.15,12720.0,19200.0,0.0,0.0,0.0,0.0,2026-01-13 23:17,-3641
MIDCPNIFTY,2026-01-27,13850.0,87.25,252240.0,502200.0,290.0,52560.0,20640.0,0.0,0.0,0.0,0.0,2026-01-13 23:17,-1151
MIDCPNIFTY,2026-01-27,13875.0,84.3,32280.0,138480.0,311.25,15240.0,1680.0,0.0,0.0,0.0,0.0,2026-01-13 23:17,2754
MIDCPNIFTY,2026-01-27,13900.0,72.7,441720.0,2237880.0,339.8,203760.0,142440.0,0.0,0.0,0.0,0.0,2026-01-13 23:17,5900
MIDCPNIFTY,2026-01-27,13925.0,72.4,32280.0,77520.0,324.0,19440.0,600.0,0.0,0.0,0.0,0.0,2026-01-13 23:17,7149
MIDCPNIFTY,2026-01-27,13950.0,60.2,114840.0,208800.0,332.35,28680.0,4080.0,0.0,0.0,0.0,0.0,2026-01-13 23:17,11845
MIDCPNIFTY,2026-01-27,13975.0,60.05,40560.0,84720.0,352.75,15480.0,5880.0,0.0,0.0,0.0,0.0,2026-01-13 23:17,17033
MIDCPNIFTY,2026-01-27,14000.0,50.0,1403880.0,3678240.0,420.05,515880.0,267360.0,0.0,0.0,0.0,0.0,2026-01-13 23:17,22321
MIDCPNIFTY,2026-01-27,14025.0,46.0,28680.0,88560.0,350.0,17520.0,0.0,0.0,0.0,0.0,0.0,2026-01-13 23:17,18060
MIDCPNIFTY,2026-01-27,14050.0,44.4,187200.0,161280.0,481.65,160320.0,2520.0,0.0,0.0,0.0,0.0,2026-01-13 23:17,28084
MIDCPNIFTY,2026-01-27,14075.0,40.35,33360.0,83400.0,506.35,9240.0,2160.0,0.0,0.0,0.0,0.0,2026-01-13 23:17,32567
MIDCPNIFTY,2026-01-27,14100.0,35.0,667560.0,1604400.0,490.0,122760.0,21240.0,0.0,0.0,0.0,0.0,2026-01-13 23:17,43714
MIDCPNIFTY,2026-01-27,14125.0,33.55,24840.0,51840.0,480.0,4680.0,1440.0,0.0,0.0,0.0,0.0,2026-01-13 23:17,53492
MIDCPNIFTY,2026-01-27,14150.0,30.2,42720.0,164040.0,475.65,8040.0,2760.0,0.0,0.0,0.0,0.0,2026-01-13 23:17,66880
MIDCPNIFTY,2026-01-27,14175.0,27.6,14520.0,33240.0,519.15,6480.0,1680.0,0.0,0.0,0.0,0.0,2026-01-13 23:17,80284
MIDCPNIFTY,2026-01-27,14200.0,22.2,673440.0,1655040.0,541.7,43680.0,17760.0,0.0,0.0,0.0,0.0,2026-01-13 23:17,93697
MIDCPNIFTY,2026-01-27,14225.0,20.7,15240.0,29280.0,563.85,2640.0,1080.0,0.0,0.0,0.0,0.0,2026-01-13 23:17,108328
MIDCPNIFTY,2026-01-27,14250.0,19.95,25440.0,52680.0,508.75,1680.0,1440.0,0.0,0.0,0.0,0.0,2026-01-13 23:17,123758
MIDCPNIFTY,2026-01-27,14275.0,18.75,15480.0,26760.0,352.0,1080.0,0.0,0.0,0.0,0.0,0.0,2026-01-13 23:17,139338
MIDCPNIFTY,2026-01-27,14300.0,15.4,321600.0,989880.0,635.55,15960.0,3120.0,0.0,0.0,0.0,0.0,2026-01-13 23:17,154985
MIDCPNIFTY,2026-01-27,14325.0,14.4,13320.0,33960.0,0.0,0.0,0.0,0.0,0.0,0.0,0.0,2026-01-13 23:17,170966
MIDCPNIFTY,2026-01-27,14350.0,12.9,11400.0,40800.0,504.0,840.0,0.0,0.0,0.0,0.0,0.0,2026-01-13 23:17,187518
MIDCPNIFTY,2026-01-27,14375.0,11.9,3600.0,8760.0,650.0,960.0,0.0,0.0,0.0,0.0,0.0,2026-01-13 23:17,204054
MIDCPNIFTY,2026-01-27,14400.0,10.2,393000.0,574320.0,723.25,3000.0,840.0,0.0,0.0,0.0,0.0,2026-01-13 23:17,220572
MIDCPNIFTY,2026-01-27,14425.0,10.45,9600.0,12000.0,0.0,0.0,0.0,0.0,0.0,0.0,0.0,2026-01-13 23:17,238321
MIDCPNIFTY,2026-01-27,14450.0,8.25,31200.0,72360.0,0.0,0.0,0.0,0.0,0.0,0.0,0.0,2026-01-13 23:17,255920
MIDCPNIFTY,2026-01-27,14475.0,7.9,5160.0,17760.0,0.0,0.0,0.0,0.0,0.0,0.0,0.0,2026-01-13 23:17,273613
MIDCPNIFTY,2026-01-27,14500.0,7.2,1233000.0,1339920.0,812.0,38760.0,1440.0,0.0,0.0,0.0,0.0,2026-01-13 23:17,291297
MIDCPNIFTY,2026-01-27,14525.0,0.0,0.0,0.0,0.0,0.0,0.0,0.0,0.0,0.0,0.0,2026-01-13 23:17,309897
MIDCPNIFTY,2026-01-27,14550.0,0.0,0.0,0.0,0.0,0.0,0.0,0.0,0.0,0.0,0.0,2026-01-13 23:17,330757
MIDCPNIFTY,2026-01-27,14575.0,5.7,120.0,360.0,0.0,0.0,0.0,0.0,0.0,0.0,0.0,2026-01-13 23:17,351617
MIDCPNIFTY,2026-01-27,14600.0,4.9,512400.0,483960.0,0.0,0.0,0.0,0.0,0.0,0.0,0.0,2026-01-13 23:17,372477
MIDCPNIFTY,2026-01-27,14625.0,4.2,3480.0,6000.0,0.0,0.0,0.0,0.0,0.0,0.0,0.0,2026-01-13 23:17,394869
MIDCPNIFTY,2026-01-27,14650.0,5.5,4200.0,5760.0,0.0,0.0,0.0,0.0,0.0,0.0,0.0,2026-01-13 23:17,417020
MIDCPNIFTY,2026-01-27,14675.0,4.85,0.0,3840.0,0.0,0.0,0.0,0.0,0.0,0.0,0.0,2026-01-13 23:17,439182
MIDCPNIFTY,2026-01-27,14700.0,4.0,351240.0,508200.0,0.0,0.0,0.0,0.0,0.0,0.0,0.0,2026-01-13 23:17,461342
MIDCPNIFTY,2026-01-27,14725.0,4.6,720.0,10440.0,0.0,0.0,0.0,0.0,0.0,0.0,0.0,2026-01-13 23:17,484521
MIDCPNIFTY,2026-01-27,14750.0,4.9,960.0,6720.0,0.0,0.0,0.0,0.0,0.0,0.0,0.0,2026-01-13 23:17,507561
MIDCPNIFTY,2026-01-27,14775.0,3.9,840.0,1320.0,0.0,0.0,0.0,0.0,0.0,0.0,0.0,2026-01-13 23:17,530604
MIDCPNIFTY,2026-01-27,14800.0,3.35,192840.0,131880.0,0.0,0.0,0.0,0.0,0.0,0.0,0.0,2026-01-13 23:17,553649
MIDCPNIFTY,2026-01-27,14825.0,3.3,5040.0,5160.0,0.0,0.0,0.0,0.0,0.0,0.0,0.0,2026-01-13 23:17,577240
MIDCPNIFTY,2026-01-27,14900.0,3.7,66120.0,89640.0,0.0,0.0,0.0,0.0,0.0,0.0,0.0,2026-01-13 23:17,647859
MIDCPNIFTY,2026-01-27,15000.0,3.2,456720.0,137880.0,1218.5,52320.0,120.0,0.0,0.0,0.0,0.0,2026-01-13 23:17,742702
MIDCPNIFTY,2026-01-27,15100.0,3.1,23160.0,4920.0,0.0,0.0,0.0,0.0,0.0,0.0,0.0,2026-01-13 23:17,836381
MIDCPNIFTY,2026-01-27,15200.0,2.9,26520.0,4800.0,0.0,0.0,0.0,0.0,0.0,0.0,0.0,2026-01-13 23:17,936528
MIDCPNIFTY,2026-01-27,15300.0,2.5,17400.0,8280.0,1400.0,120.0,0.0,0.0,0.0,0.0,0.0,2026-01-13 23:17,1036941
MIDCPNIFTY,2026-01-27,15400.0,2.2,3840.0,10920.0,0.0,0.0,0.0,0.0,0.0,0.0,0.0,2026-01-13 23:17,1137509
MIDCPNIFTY,2026-01-27,15500.0,2.05,41520.0,17880.0,1650.0,360.0,0.0,0.0,0.0,0.0,0.0,2026-01-13 23:17,1238129
MIDCPNIFTY,2026-01-27,15600.0,2.05,24840.0,28080.0,0.0,0.0,0.0,0.0,0.0,0.0,0.0,2026-01-13 23:17,1339116
MOTHERSON,2026-01-27,96.0,22.05,18450.0,0.0,0.0,0.0,0.0,114.38,116.89,114.35,-0.53,2026-01-13 23:17,56041
MOTHERSON,2026-01-27,98.0,0.0,0.0,0.0,0.06,135300.0,0.0,114.38,116.89,114.35,-0.53,2026-01-13 23:17,49748
MOTHERSON,2026-01-27,100.0,15.1,30750.0,0.0,0.12,1795800.0,276750.0,114.38,116.89,114.35,-0.53,2026-01-13 23:17,43439
MOTHERSON,2026-01-27,101.0,0.0,0.0,0.0,0.38,18450.0,0.0,114.38,116.89,114.35,-0.53,2026-01-13 23:17,40493
MOTHERSON,2026-01-27,102.0,0.0,0.0,0.0,0.0,0.0,0.0,114.38,116.89,114.35,-0.53,2026-01-13 23:17,37523
MOTHERSON,2026-01-27,103.0,0.0,0.0,0.0,0.18,522750.0,701100.0,114.38,116.89,114.35,-0.53,2026-01-13 23:17,34554
MOTHERSON,2026-01-27,104.0,12.06,0.0,0.0,0.2,184500.0,67650.0,114.38,116.89,114.35,-0.53,2026-01-13 23:17,31628
MOTHERSON,2026-01-27,105.0,12.01,67650.0,12300.0,0.25,1242300.0,928650.0,114.38,116.89,114.35,-0.53,2026-01-13 23:17,28725
MOTHERSON,2026-01-27,106.0,0.0,0.0,0.0,0.33,264450.0,0.0,114.38,116.89,114.35,-0.53,2026-01-13 23:17,26008
MOTHERSON,2026-01-27,107.0,0.0,0.0,0.0,0.35,639600.0,129150.0,114.38,116.89,114.35,-0.53,2026-01-13 23:17,23258
MOTHERSON,2026-01-27,108.0,6.45,0.0,0.0,0.45,1445250.0,1020900.0,114.38,116.89,114.35,-0.53,2026-01-13 23:17,20559
MOTHERSON,2026-01-27,109.0,11.2,0.0,0.0,0.64,615000.0,725700.0,114.38,116.89,114.35,-0.53,2026-01-13 23:17,17961
MOTHERSON,2026-01-27,110.0,5.8,639600.0,141450.0,0.8,2515350.0,1476000.0,114.38,116.89,114.35,-0.53,2026-01-13 23:17,15451
MOTHERSON,2026-01-27,111.0,5.25,6150.0,24600.0,1.04,633450.0,123000.0,114.38,116.89,114.35,-0.53,2026-01-13 23:17,13465
MOTHERSON,2026-01-27,112.0,4.92,116850.0,6150.0,1.32,1033200.0,215250.0,114.38,116.89,114.35,-0.53,2026-01-13 23:17,11311
MOTHERSON,2026-01-27,113.0,4.32,61500.0,18450.0,1.63,1740450.0,639600.0,114.38,116.89,114.35,-0.53,2026-01-13 23:17,9255
MOTHERSON,2026-01-27,114.0,3.18,375150.0,325950.0,2.03,1316100.0,787200.0,114.38,116.89,114.35,-0.53,2026-01-13 23:17,7202
MOTHERSON,2026-01-27,115.0,2.54,3302550.0,4108200.0,2.39,2472300.0,1678950.0,114.38,116.89,114.35,-0.53,2026-01-13 23:17,5427
MOTHERSON,2026-01-27,116.0,2.05,1451400.0,1611300.0,3.0,731850.0,485850.0,114.38,116.89,114.35,-0.53,2026-01-13 23:17,4625
MOTHERSON,2026-01-27,117.0,1.66,1082400.0,1365300.0,3.65,787200.0,307500.0,114.38,116.89,114.35,-0.53,2026-01-13 23:17,3871
MOTHERSON,2026-01-27,118.0,1.38,1924950.0,1599000.0,4.1,897900.0,98400.0,114.38,116.89,114.35,-0.53,2026-01-13 23:17,3119
MOTHERSON,2026-01-27,119.0,1.07,1199250.0,565800.0,4.64,824100.0,61500.0,114.38,116.89,114.35,-0.53,2026-01-13 23:17,2654
MOTHERSON,2026-01-27,120.0,0.9,11328300.0,5368950.0,5.83,3628500.0,442800.0,114.38,116.89,114.35,-0.53,2026-01-13 23:17,2240
MOTHERSON,2026-01-27,121.0,0.7,2324700.0,1894200.0,5.7,1451400.0,12300.0,114.38,116.89,114.35,-0.53,2026-01-13 23:17,2480
MOTHERSON,2026-01-27,122.0,0.6,4452600.0,2785950.0,7.79,1180800.0,30750.0,114.38,116.89,114.35,-0.53,2026-01-13 23:17,3529
MOTHERSON,2026-01-27,123.0,0.5,2343150.0,313650.0,7.88,1309950.0,49200.0,114.38,116.89,114.35,-0.53,2026-01-13 23:17,5153
MOTHERSON,2026-01-27,124.0,0.42,2054100.0,252150.0,9.09,854850.0,24600.0,114.38,116.89,114.35,-0.53,2026-01-13 23:17,6880
MOTHERSON,2026-01-27,125.0,0.35,15073650.0,2232450.0,9.7,2435400.0,49200.0,114.38,116.89,114.35,-0.53,2026-01-13 23:17,9122
MOTHERSON,2026-01-27,126.0,0.27,1599000.0,498150.0,11.25,92250.0,43050.0,114.38,116.89,114.35,-0.53,2026-01-13 23:17,11971
MOTHERSON,2026-01-27,127.0,0.26,1254600.0,787200.0,9.82,73800.0,0.0,114.38,116.89,114.35,-0.53,2026-01-13 23:17,16764
MOTHERSON,2026-01-27,128.0,0.22,1309950.0,916350.0,12.8,110700.0,12300.0,114.38,116.89,114.35,-0.53,2026-01-13 23:17,21710
MOTHERSON,2026-01-27,129.0,0.2,608850.0,123000.0,13.5,61500.0,12300.0,114.38,116.89,114.35,-0.53,2026-01-13 23:17,26725
MOTHERSON,2026-01-27,130.0,0.18,9840000.0,3548550.0,14.6,350550.0,12300.0,114.38,116.89,114.35,-0.53,2026-01-13 23:17,31849
MOTHERSON,2026-01-27,131.0,0.19,369000.0,0.0,0.0,0.0,0.0,114.38,116.89,114.35,-0.53,2026-01-13 23:17,37728
MOTHERSON,2026-01-27,132.0,0.14,873300.0,246000.0,9.81,36900.0,0.0,114.38,116.89,114.35,-0.53,2026-01-13 23:17,43986
MOTHERSON,2026-01-27,133.0,0.14,196800.0,12300.0,0.0,0.0,0.0,114.38,116.89,114.35,-0.53,2026-01-13 23:17,50304
MOTHERSON,2026-01-27,134.0,0.15,1070100.0,6150.0,0.0,0.0,0.0,114.38,116.89,114.35,-0.53,2026-01-13 23:17,56668
MOTHERSON,2026-01-27,135.0,0.26,49200.0,0.0,0.0,0.0,0.0,114.38,116.89,114.35,-0.53,2026-01-13 23:17,63153
MOTHERSON,2026-01-27,136.0,0.1,959400.0,325950.0,18.02,18450.0,0.0,114.38,116.89,114.35,-0.53,2026-01-13 23:17,69627
MOTHERSON,2026-01-27,138.0,0.06,1039350.0,0.0,14.98,246000.0,0.0,114.38,116.89,114.35,-0.53,2026-01-13 23:17,82746
MOTHERSON,2026-01-27,140.0,0.04,246000.0,12300.0,16.52,24600.0,0.0,114.38,116.89,114.35,-0.53,2026-01-13 23:17,95784
MPHASIS,2026-01-27,2200.0,638.65,825.0,0.0,0.9,11550.0,0.0,2860.0,2878.5,2805.0,0.982,2026-01-13 23:17,28153
MPHASIS,2026-01-27,2400.0,400.55,275.0,0.0,1.25,32450.0,3850.0,2860.0,2878.5,2805.0,0.982,2026-01-13 23:17,15192
MPHASIS,2026-01-27,2500.0,368.8,5500.0,825.0,3.3,43175.0,24200.0,2860.0,2878.5,2805.0,0.982,2026-01-13 23:17,9019
MPHASIS,2026-01-27,2550.0,262.45,275.0,0.0,5.05,36025.0,27500.0,2860.0,2878.5,2805.0,0.982,2026-01-13 23:17,6362
MPHASIS,2026-01-27,2600.0,268.5,40425.0,550.0,7.5,81400.0,45100.0,2860.0,2878.5,2805.0,0.982,2026-01-13 23:17,3686
MPHASIS,2026-01-27,2650.0,184.45,275.0,0.0,11.65,55550.0,59950.0,2860.0,2878.5,2805.0,0.982,2026-01-13 23:17,2655
MPHASIS,2026-01-27,2700.0,189.35,10450.0,3025.0,20.2,84425.0,123475.0,2860.0,2878.5,2805.0,0.982,2026-01-13 23:17,819
MPHASIS,2026-01-27,2750.0,145.25,10450.0,1925.0,29.7,64075.0,31075.0,2860.0,2878.5,2805.0,0.982,2026-01-13 23:17,-455
MPHASIS,2026-01-27,2800.0,120.55,62150.0,103950.0,46.5,98175.0,75900.0,2860.0,2878.5,2805.0,0.982,2026-01-13 23:17,-1423
MPHASIS,2026-01-27,2850.0,88.5,82500.0,598675.0,65.1,73425.0,56375.0,2860.0,2878.5,2805.0,0.982,2026-01-13 23:17,-1258
MPHASIS,2026-01-27,2900.0,63.35,172150.0,385275.0,90.75,49775.0,16225.0,2860.0,2878.5,2805.0,0.982,2026-01-13 23:17,-354
MPHASIS,2026-01-27,2950.0,46.5,39875.0,76450.0,134.0,1375.0,550.0,2860.0,2878.5,2805.0,0.982,2026-01-13 23:17,2045
MPHASIS,2026-01-27,3000.0,30.9,191400.0,325325.0,154.0,18425.0,2200.0,2860.0,2878.5,2805.0,0.982,2026-01-13 23:17,4179
MPHASIS,2026-01-27,3050.0,21.35,131725.0,60500.0,275.5,275.0,0.0,2860.0,2878.5,2805.0,0.982,2026-01-13 23:17,7504
MPHASIS,2026-01-27,3100.0,14.3,106700.0,152900.0,318.8,2750.0,0.0,2860.0,2878.5,2805.0,0.982,2026-01-13 23:17,11454
MPHASIS,2026-01-27,3150.0,10.0,51150.0,46750.0,329.9,1925.0,0.0,2860.0,2878.5,2805.0,0.982,2026-01-13 23:17,15743
MPHASIS,2026-01-27,3200.0,6.7,69575.0,41800.0,385.75,4950.0,0.0,2860.0,2878.5,2805.0,0.982,2026-01-13 23:17,20220
MPHASIS,2026-01-27,3250.0,4.8,23925.0,12650.0,456.4,550.0,0.0,2860.0,2878.5,2805.0,0.982,2026-01-13 23:17,24938
MPHASIS,2026-01-27,3300.0,3.25,25025.0,24200.0,0.0,0.0,0.0,2860.0,2878.5,2805.0,0.982,2026-01-13 23:17,29909
MPHASIS,2026-01-27,3400.0,1.6,11550.0,0.0,577.0,2750.0,0.0,2860.0,2878.5,2805.0,0.982,2026-01-13 23:17,40136
MUTHOOTFIN,2026-01-27,3000.0,776.95,26125.0,0.0,0.0,0.0,0.0,3915.7,3947.0,3885.0,0.171,2026-01-13 23:17,88328
MUTHOOTFIN,2026-01-27,3100.0,0.0,0.0,0.0,1.3,14850.0,0.0,3915.7,3947.0,3885.0,0.171,2026-01-13 23:17,76093
MUTHOOTFIN,2026-01-27,3200.0,0.0,0.0,0.0,1.2,10725.0,1375.0,3915.7,3947.0,3885.0,0.171,2026-01-13 23:17,61976
MUTHOOTFIN,2026-01-27,3300.0,610.0,27225.0,1100.0,2.75,19525.0,550.0,3915.7,3947.0,3885.0,0.171,2026-01-13 23:17,47966
MUTHOOTFIN,2026-01-27,3400.0,450.0,8800.0,0.0,2.55,36575.0,825.0,3915.7,3947.0,3885.0,0.171,2026-01-13 23:17,36080
MUTHOOTFIN,2026-01-27,3450.0,554.55,275.0,0.0,3.7,29150.0,12925.0,3915.7,3947.0,3885.0,0.171,2026-01-13 23:17,29923
MUTHOOTFIN,2026-01-27,3500.0,385.0,13475.0,0.0,5.1,103675.0,47300.0,3915.7,3947.0,3885.0,0.171,2026-01-13 23:17,23531
MUTHOOTFIN,2026-01-27,3550.0,0.0,0.0,0.0,6.15,43175.0,10450.0,3915.7,3947.0,3885.0,0.171,2026-01-13 23:17,18186
MUTHOOTFIN,2026-01-27,3600.0,325.25,24200.0,5500.0,8.3,129250.0,75625.0,3915.7,3947.0,3885.0,0.171,2026-01-13 23:17,12565
MUTHOOTFIN,2026-01-27,3650.0,0.0,0.0,0.0,11.7,47300.0,39875.0,3915.7,3947.0,3885.0,0.171,2026-01-13 23:17,8417
MUTHOOTFIN,2026-01-27,3700.0,242.45,92675.0,3025.0,16.45,192225.0,195250.0,3915.7,3947.0,3885.0,0.171,2026-01-13 23:17,3771
MUTHOOTFIN,2026-01-27,3750.0,184.3,29700.0,0.0,21.35,65725.0,76450.0,3915.7,3947.0,3885.0,0.171,2026-01-13 23:17,2535
MUTHOOTFIN,2026-01-27,3800.0,161.0,138875.0,126775.0,33.45,265375.0,302225.0,3915.7,3947.0,3885.0,0.171,2026-01-13 23:17,252
MUTHOOTFIN,2026-01-27,3850.0,123.9,61875.0,186175.0,46.95,92950.0,226600.0,3915.7,3947.0,3885.0,0.171,2026-01-13 23:17,932
MUTHOOTFIN,2026-01-27,3900.0,96.1,364925.0,479600.0,65.3,152075.0,312950.0,3915.7,3947.0,3885.0,0.171,2026-01-13 23:17,1368
MUTHOOTFIN,2026-01-27,3950.0,69.05,237875.0,827200.0,88.1,146025.0,157025.0,3915.7,3947.0,3885.0,0.171,2026-01-13 23:17,6573
MUTHOOTFIN,2026-01-27,4000.0,48.4,389125.0,991375.0,121.25,86075.0,14300.0,3915.7,3947.0,3885.0,0.171,2026-01-13 23:17,11539
MUTHOOTFIN,2026-01-27,4050.0,34.35,56925.0,165000.0,316.2,275.0,0.0,3915.7,3947.0,3885.0,0.171,2026-01-13 23:17,19366
MUTHOOTFIN,2026-01-27,4100.0,23.05,227150.0,308550.0,190.0,9075.0,825.0,3915.7,3947.0,3885.0,0.171,2026-01-13 23:17,26825
MUTHOOTFIN,2026-01-27,4150.0,16.25,102575.0,93225.0,304.5,825.0,0.0,3915.7,3947.0,3885.0,0.171,2026-01-13 23:17,35629
MUTHOOTFIN,2026-01-27,4200.0,10.95,202125.0,160050.0,288.95,7700.0,1925.0,3915.7,3947.0,3885.0,0.171,2026-01-13 23:17,44741
MUTHOOTFIN,2026-01-27,4250.0,8.75,72875.0,36025.0,0.0,0.0,0.0,3915.7,3947.0,3885.0,0.171,2026-01-13 23:17,54760
MUTHOOTFIN,2026-01-27,4300.0,5.95,119075.0,93500.0,0.0,0.0,0.0,3915.7,3947.0,3885.0,0.171,2026-01-13 23:17,65208
MUTHOOTFIN,2026-01-27,4350.0,5.1,10175.0,12100.0,0.0,0.0,0.0,3915.7,3947.0,3885.0,0.171,2026-01-13 23:17,76258
MUTHOOTFIN,2026-01-27,4400.0,3.6,64900.0,25575.0,0.0,0.0,0.0,3915.7,3947.0,3885.0,0.171,2026-01-13 23:17,87293
MUTHOOTFIN,2026-01-27,4500.0,2.25,18425.0,11275.0,0.0,0.0,0.0,3915.7,3947.0,3885.0,0.171,2026-01-13 23:17,110026
MUTHOOTFIN,2026-01-27,4600.0,0.0,0.0,0.0,0.0,0.0,0.0,3915.7,3947.0,3885.0,0.171,2026-01-13 23:17,132924
NATIONALUM,2026-01-27,215.0,0.0,0.0,0.0,0.05,26250.0,0.0,356.95,359.8,351.15,1.971,2026-01-13 23:17,316006
NATIONALUM,2026-01-27,220.0,0.0,0.0,0.0,0.1,3750.0,0.0,356.95,359.8,351.15,1.971,2026-01-13 23:17,296446
NATIONALUM,2026-01-27,225.0,79.9,37500.0,0.0,0.15,26250.0,0.0,356.95,359.8,351.15,1.971,2026-01-13 23:17,276888
NATIONALUM,2026-01-27,230.0,127.0,135000.0,3750.0,0.15,127500.0,0.0,356.95,359.8,351.15,1.971,2026-01-13 23:17,257661
NATIONALUM,2026-01-27,235.0,61.9,3750.0,0.0,0.0,0.0,0.0,356.95,359.8,351.15,1.971,2026-01-13 23:17,239979
NATIONALUM,2026-01-27,240.0,111.0,26250.0,0.0,0.1,247500.0,0.0,356.95,359.8,351.15,1.971,2026-01-13 23:17,220609
NATIONALUM,2026-01-27,242.5,0.0,0.0,0.0,0.35,11250.0,0.0,356.95,359.8,351.15,1.971,2026-01-13 23:17,211270
NATIONALUM,2026-01-27,245.0,60.0,3750.0,0.0,0.1,37500.0,3750.0,356.95,359.8,351.15,1.971,2026-01-13 23:17,201644
NATIONALUM,2026-01-27,247.5,77.65,56250.0,0.0,0.55,11250.0,0.0,356.95,359.8,351.15,1.971,2026-01-13 23:17,192051
NATIONALUM,2026-01-27,250.0,98.0,153750.0,0.0,0.15,558750.0,18750.0,356.95,359.8,351.15,1.971,2026-01-13 23:17,182889
NATIONALUM,2026-01-27,255.0,62.5,18750.0,0.0,0.2,41250.0,0.0,356.95,359.8,351.15,1.971,2026-01-13 23:17,165547
NATIONALUM,2026-01-27,257.5,0.0,0.0,0.0,0.65,45000.0,0.0,356.95,359.8,351.15,1.971,2026-01-13 23:17,156259
NATIONALUM,2026-01-27,260.0,86.3,116250.0,0.0,0.2,780000.0,37500.0,356.95,359.8,351.15,1.971,2026-01-13 23:17,146862
NATIONALUM,2026-01-27,262.5,0.0,0.0,0.0,0.25,326250.0,0.0,356.95,359.8,351.15,1.971,2026-01-13 23:17,138680
NATIONALUM,2026-01-27,265.0,45.6,7500.0,0.0,0.15,105000.0,3750.0,356.95,359.8,351.15,1.971,2026-01-13 23:17,129584
NATIONALUM,2026-01-27,267.5,0.0,0.0,0.0,0.2,157500.0,0.0,356.95,359.8,351.15,1.971,2026-01-13 23:17,120556
NATIONALUM,2026-01-27,270.0,85.5,210000.0,18750.0,0.25,933750.0,101250.0,356.95,359.8,351.15,1.971,2026-01-13 23:17,111533
NATIONALUM,2026-01-27,272.5,0.0,0.0,0.0,0.4,30000.0,0.0,356.95,359.8,351.15,1.971,2026-01-13 23:17,104570
NATIONALUM,2026-01-27,275.0,71.2,108750.0,0.0,0.3,408750.0,48750.0,356.95,359.8,351.15,1.971,2026-01-13 23:17,95842
NATIONALUM,2026-01-27,277.5,25.9,7500.0,0.0,0.55,37500.0,0.0,356.95,359.8,351.15,1.971,2026-01-13 23:17,88006
NATIONALUM,2026-01-27,280.0,77.9,1331250.0,172500.0,0.3,1710000.0,255000.0,356.95,359.8,351.15,1.971,2026-01-13 23:17,79437
NATIONALUM,2026-01-27,282.5,66.95,22500.0,0.0,0.45,86250.0,0.0,356.95,359.8,351.15,1.971,2026-01-13 23:17,81930
NATIONALUM,2026-01-27,285.0,64.0,82500.0,0.0,0.35,288750.0,63750.0,356.95,359.8,351.15,1.971,2026-01-13 23:17,74277
NATIONALUM,2026-01-27,287.5,62.45,37500.0,0.0,0.9,82500.0,0.0,356.95,359.8,351.15,1.971,2026-01-13 23:17,67089
NATIONALUM,2026-01-27,290.0,68.5,487500.0,15000.0,0.45,1470000.0,258750.0,356.95,359.8,351.15,1.971,2026-01-13 23:17,59639
NATIONALUM,2026-01-27,292.5,26.7,18750.0,0.0,0.55,172500.0,0.0,356.95,359.8,351.15,1.971,2026-01-13 23:17,55726
NATIONALUM,2026-01-27,295.0,41.45,472500.0,0.0,0.45,686250.0,161250.0,356.95,359.8,351.15,1.971,2026-01-13 23:17,48627
NATIONALUM,2026-01-27,297.5,30.8,37500.0,0.0,0.5,296250.0,71250.0,356.95,359.8,351.15,1.971,2026-01-13 23:17,43706
NATIONALUM,2026-01-27,300.0,55.0,1226250.0,45000.0,0.6,3641250.0,1301250.0,356.95,359.8,351.15,1.971,2026-01-13 23:17,37040
NATIONALUM,2026-01-27,302.5,55.65,71250.0,7500.0,0.65,187500.0,26250.0,356.95,359.8,351.15,1.971,2026-01-13 23:17,38017
NATIONALUM,2026-01-27,305.0,53.0,270000.0,22500.0,0.7,513750.0,397500.0,356.95,359.8,351.15,1.971,2026-01-13 23:17,32917
NATIONALUM,2026-01-27,307.5,49.45,108750.0,7500.0,0.85,427500.0,172500.0,356.95,359.8,351.15,1.971,2026-01-13 23:17,29024
NATIONALUM,2026-01-27,310.0,46.7,1005000.0,108750.0,0.8,2853750.0,2347500.0,356.95,359.8,351.15,1.971,2026-01-13 23:17,24371
NATIONALUM,2026-01-27,312.5,36.2,513750.0,0.0,0.95,345000.0,71250.0,356.95,359.8,351.15,1.971,2026-01-13 23:17,24646
NATIONALUM,2026-01-27,315.0,42.75,705000.0,41250.0,1.05,1080000.0,693750.0,356.95,359.8,351.15,1.971,2026-01-13 23:17,22498
NATIONALUM,2026-01-27,317.5,42.15,266250.0,18750.0,1.25,483750.0,176250.0,356.95,359.8,351.15,1.971,2026-01-13 23:17,21870
NATIONALUM,2026-01-27,320.0,40.0,1143750.0,101250.0,1.35,3292500.0,2861250.0,356.95,359.8,351.15,1.971,2026-01-13 23:17,19590
NATIONALUM,2026-01-27,322.5,34.3,165000.0,3750.0,1.5,288750.0,195000.0,356.95,359.8,351.15,1.971,2026-01-13 23:17,21489
NATIONALUM,2026-01-27,325.0,34.0,690000.0,52500.0,1.65,1215000.0,1361250.0,356.95,359.8,351.15,1.971,2026-01-13 23:17,19893
NATIONALUM,2026-01-27,327.5,30.2,292500.0,7500.0,1.95,435000.0,127500.0,356.95,359.8,351.15,1.971,2026-01-13 23:17,20396
NATIONALUM,2026-01-27,330.0,29.45,1623750.0,652500.0,2.25,2100000.0,3521250.0,356.95,359.8,351.15,1.971,2026-01-13 23:17,19734
NATIONALUM,2026-01-27,332.5,27.5,292500.0,67500.0,2.45,348750.0,303750.0,356.95,359.8,351.15,1.971,2026-01-13 23:17,23513
NATIONALUM,2026-01-27,335.0,25.35,577500.0,187500.0,3.0,877500.0,2231250.0,356.95,359.8,351.15,1.971,2026-01-13 23:17,23863
NATIONALUM,2026-01-27,337.5,21.85,120000.0,41250.0,3.45,292500.0,1207500.0,356.95,359.8,351.15,1.971,2026-01-13 23:17,25058
NATIONALUM,2026-01-27,340.0,21.4,1998750.0,2685000.0,3.85,2178750.0,5373750.0,356.95,359.8,351.15,1.971,2026-01-13 23:17,25317
NATIONALUM,2026-01-27,342.5,19.25,168750.0,63750.0,4.55,236250.0,1012500.0,356.95,359.8,351.15,1.971,2026-01-13 23:17,29897
NATIONALUM,2026-01-27,345.0,18.3,937500.0,978750.0,5.35,1443750.0,3075000.0,356.95,359.8,351.15,1.971,2026-01-13 23:17,31358
NATIONALUM,2026-01-27,347.5,16.35,247500.0,243750.0,5.8,232500.0,1372500.0,356.95,359.8,351.15,1.971,2026-01-13 23:17,34139
NATIONALUM,2026-01-27,350.0,14.5,3112500.0,8985000.0,6.65,2448750.0,11775000.0,356.95,359.8,351.15,1.971,2026-01-13 23:17,36367
NATIONALUM,2026-01-27,352.5,12.85,438750.0,2835000.0,7.8,315000.0,1578750.0,356.95,359.8,351.15,1.971,2026-01-13 23:17,42601
NATIONALUM,2026-01-27,355.0,11.45,2167500.0,13162500.0,8.7,660000.0,5471250.0,356.95,359.8,351.15,1.971,2026-01-13 23:17,46456
NATIONALUM,2026-01-27,357.5,10.3,1132500.0,10038750.0,9.85,251250.0,1691250.0,356.95,359.8,351.15,1.971,2026-01-13 23:17,52608
NATIONALUM,2026-01-27,360.0,8.95,6360000.0,29460000.0,11.2,3112500.0,5820000.0,356.95,359.8,351.15,1.971,2026-01-13 23:17,58117
NATIONALUM,2026-01-27,362.5,7.8,986250.0,2846250.0,12.65,63750.0,138750.0,356.95,359.8,351.15,1.971,2026-01-13 23:17,67281
NATIONALUM,2026-01-27,365.0,6.9,903750.0,5527500.0,14.2,120000.0,258750.0,356.95,359.8,351.15,1.971,2026-01-13 23:17,75190
NATIONALUM,2026-01-27,367.5,6.0,318750.0,1012500.0,14.9,48750.0,67500.0,356.95,359.8,351.15,1.971,2026-01-13 23:17,83120
NATIONALUM,2026-01-27,370.0,5.3,2400000.0,9322500.0,18.45,652500.0,873750.0,356.95,359.8,351.15,1.971,2026-01-13 23:17,90807
NATIONALUM,2026-01-27,372.5,4.55,318750.0,746250.0,20.3,56250.0,15000.0,356.95,359.8,351.15,1.971,2026-01-13 23:17,99207
NATIONALUM,2026-01-27,375.0,3.9,2055000.0,5673750.0,20.35,135000.0,41250.0,356.95,359.8,351.15,1.971,2026-01-13 23:17,107663
NATIONALUM,2026-01-27,377.5,3.35,562500.0,851250.0,21.75,45000.0,37500.0,356.95,359.8,351.15,1.971,2026-01-13 23:17,117163
NATIONALUM,2026-01-27,380.0,2.9,5043750.0,4428750.0,25.0,30000.0,71250.0,356.95,359.8,351.15,1.971,2026-01-13 23:17,126378
NATIONALUM,2026-01-27,382.5,2.6,337500.0,315000.0,0.0,0.0,0.0,356.95,359.8,351.15,1.971,2026-01-13 23:17,138159
NATIONALUM,2026-01-27,385.0,2.2,630000.0,1121250.0,0.0,0.0,0.0,356.95,359.8,351.15,1.971,2026-01-13 23:17,148724
NATIONALUM,2026-01-27,387.5,1.85,198750.0,435000.0,0.0,0.0,0.0,356.95,359.8,351.15,1.971,2026-01-13 23:17,159498
NATIONALUM,2026-01-27,390.0,1.65,2148750.0,4342500.0,33.6,11250.0,3750.0,356.95,359.8,351.15,1.971,2026-01-13 23:17,170219
NATIONALUM,2026-01-27,392.5,1.45,367500.0,322500.0,0.0,0.0,0.0,356.95,359.8,351.15,1.971,2026-01-13 23:17,181760
NATIONALUM,2026-01-27,395.0,1.25,2250000.0,3652500.0,47.45,15000.0,0.0,356.95,359.8,351.15,1.971,2026-01-13 23:17,193130
NAUKRI,2026-01-27,1120.0,245.35,1875.0,0.0,0.8,4500.0,375.0,1333.9,1335.0,1305.7,1.6,2026-01-13 23:17,32883
NAUKRI,2026-01-27,1160.0,205.9,1125.0,0.0,1.3,54000.0,18000.0,1333.9,1335.0,1305.7,1.6,2026-01-13 23:17,24611
NAUKRI,2026-01-27,1180.0,0.0,0.0,0.0,1.65,38625.0,52125.0,1333.9,1335.0,1305.7,1.6,2026-01-13 23:17,20579
NAUKRI,2026-01-27,1200.0,109.35,0.0,1125.0,2.1,120375.0,52125.0,1333.9,1335.0,1305.7,1.6,2026-01-13 23:17,16601
NAUKRI,2026-01-27,1220.0,150.0,1125.0,0.0,2.95,48375.0,61500.0,1333.9,1335.0,1305.7,1.6,2026-01-13 23:17,12845
NAUKRI,2026-01-27,1240.0,0.0,0.0,0.0,3.95,213750.0,88875.0,1333.9,1335.0,1305.7,1.6,2026-01-13 23:17,9216
NAUKRI,2026-01-27,1260.0,71.9,5625.0,12375.0,6.1,318750.0,28500.0,1333.9,1335.0,1305.7,1.6,2026-01-13 23:17,5928
NAUKRI,2026-01-27,1280.0,74.15,750.0,0.0,9.35,329625.0,147750.0,1333.9,1335.0,1305.7,1.6,2026-01-13 23:17,3219
NAUKRI,2026-01-27,1300.0,45.2,93000.0,163875.0,15.55,203250.0,163125.0,1333.9,1335.0,1305.7,1.6,2026-01-13 23:17,1021
NAUKRI,2026-01-27,1320.0,33.25,92250.0,300750.0,23.3,138750.0,207000.0,1333.9,1335.0,1305.7,1.6,2026-01-13 23:17,-175
NAUKRI,2026-01-27,1340.0,24.2,207000.0,368625.0,33.25,165375.0,37500.0,1333.9,1335.0,1305.7,1.6,2026-01-13 23:17,-1032
NAUKRI,2026-01-27,1360.0,16.7,282750.0,177375.0,44.2,231000.0,15750.0,1333.9,1335.0,1305.7,1.6,2026-01-13 23:17,-1176
NAUKRI,2026-01-27,1380.0,10.95,529875.0,190875.0,70.35,92625.0,0.0,1333.9,1335.0,1305.7,1.6,2026-01-13 23:17,-793
NAUKRI,2026-01-27,1400.0,8.3,906750.0,286500.0,74.0,76125.0,4500.0,1333.9,1335.0,1305.7,1.6,2026-01-13 23:17,1312
NAUKRI,2026-01-27,1420.0,5.75,147000.0,101625.0,85.05,2625.0,0.0,1333.9,1335.0,1305.7,1.6,2026-01-13 23:17,5645
NAUKRI,2026-01-27,1440.0,4.3,192000.0,145125.0,134.85,2250.0,2625.0,1333.9,1335.0,1305.7,1.6,2026-01-13 23:17,10149
NAUKRI,2026-01-27,1460.0,3.35,108375.0,125625.0,101.1,1500.0,0.0,1333.9,1335.0,1305.7,1.6,2026-01-13 23:17,15032
NAUKRI,2026-01-27,1480.0,2.6,210000.0,96000.0,0.0,0.0,0.0,1333.9,1335.0,1305.7,1.6,2026-01-13 23:17,20104
NAUKRI,2026-01-27,1500.0,2.25,926625.0,210750.0,143.65,8625.0,0.0,1333.9,1335.0,1305.7,1.6,2026-01-13 23:17,25629
NAUKRI,2026-01-27,1520.0,1.7,144750.0,58125.0,178.1,2625.0,0.0,1333.9,1335.0,1305.7,1.6,2026-01-13 23:17,33054
NAUKRI,2026-01-27,1540.0,1.5,103875.0,42000.0,181.2,375.0,0.0,1333.9,1335.0,1305.7,1.6,2026-01-13 23:17,40668
NAUKRI,2026-01-27,1560.0,1.05,85500.0,9000.0,188.55,375.0,0.0,1333.9,1335.0,1305.7,1.6,2026-01-13 23:17,48521
NAUKRI,2026-01-27,1600.0,0.6,36750.0,0.0,288.9,32250.0,0.0,1333.9,1335.0,1305.7,1.6,2026-01-13 23:17,64555
NBCC,2026-01-27,90.0,0.0,0.0,0.0,0.16,279500.0,331500.0,105.29,108.59,104.19,-2.101,2026-01-13 23:17,61484
NBCC,2026-01-27,92.0,0.0,0.0,0.0,0.23,370500.0,520000.0,105.29,108.59,104.19,-2.101,2026-01-13 23:17,55462
NBCC,2026-01-27,94.0,0.0,0.0,0.0,0.37,58500.0,201500.0,105.29,108.59,104.19,-2.101,2026-01-13 23:17,49510
NBCC,2026-01-27,96.0,0.0,0.0,0.0,0.48,325000.0,273000.0,105.29,108.59,104.19,-2.101,2026-01-13 23:17,43576
NBCC,2026-01-27,97.0,0.0,0.0,0.0,0.56,195000.0,188500.0,105.29,108.59,104.19,-2.101,2026-01-13 23:17,40627
NBCC,2026-01-27,98.0,0.0,0.0,0.0,0.65,182000.0,117000.0,105.29,108.59,104.19,-2.101,2026-01-13 23:17,37702
NBCC,2026-01-27,99.0,0.0,0.0,0.0,0.86,45500.0,97500.0,105.29,108.59,104.19,-2.101,2026-01-13 23:17,34794
NBCC,2026-01-27,100.0,6.72,117000.0,91000.0,1.05,1651000.0,1482000.0,105.29,108.59,104.19,-2.101,2026-01-13 23:17,31899
NBCC,2026-01-27,101.0,5.71,26000.0,52000.0,1.28,253500.0,175500.0,105.29,108.59,104.19,-2.101,2026-01-13 23:17,29090
NBCC,2026-01-27,102.0,4.91,65000.0,19500.0,1.52,468000.0,227500.0,105.29,108.59,104.19,-2.101,2026-01-13 23:17,26386
NBCC,2026-01-27,103.0,4.07,78000.0,26000.0,1.88,656500.0,390000.0,105.29,108.59,104.19,-2.101,2026-01-13 23:17,23713
NBCC,2026-01-27,104.0,3.35,39000.0,19500.0,2.24,1059500.0,1215500.0,105.29,108.59,104.19,-2.101,2026-01-13 23:17,21062
NBCC,2026-01-27,105.0,3.21,1137500.0,2535000.0,2.72,2788500.0,4660500.0,105.29,108.59,104.19,-2.101,2026-01-13 23:17,18388
NBCC,2026-01-27,106.0,2.68,832000.0,2086500.0,3.19,650000.0,923000.0,105.29,108.59,104.19,-2.101,2026-01-13 23:17,15937
NBCC,2026-01-27,107.0,2.3,916500.0,1872000.0,3.75,1514500.0,500500.0,105.29,108.59,104.19,-2.101,2026-01-13 23:17,14044
NBCC,2026-01-27,108.0,1.92,1534000.0,2483000.0,4.36,1612000.0,591500.0,105.29,108.59,104.19,-2.101,2026-01-13 23:17,12021
NBCC,2026-01-27,109.0,1.6,292500.0,455000.0,3.77,286000.0,0.0,105.29,108.59,104.19,-2.101,2026-01-13 23:17,10261
NBCC,2026-01-27,110.0,1.35,5577000.0,11440000.0,5.95,3835000.0,598000.0,105.29,108.59,104.19,-2.101,2026-01-13 23:17,8907
NBCC,2026-01-27,111.0,1.11,526500.0,708500.0,6.9,338000.0,52000.0,105.29,108.59,104.19,-2.101,2026-01-13 23:17,7025
NBCC,2026-01-27,112.0,0.98,1157000.0,1417000.0,5.62,429000.0,0.0,105.29,108.59,104.19,-2.101,2026-01-13 23:17,6585
NBCC,2026-01-27,113.0,0.84,1410500.0,2099500.0,7.93,520000.0,6500.0,105.29,108.59,104.19,-2.101,2026-01-13 23:17,6350
NBCC,2026-01-27,114.0,0.7,923000.0,845000.0,9.62,266500.0,0.0,105.29,108.59,104.19,-2.101,2026-01-13 23:17,6142
NBCC,2026-01-27,115.0,0.67,5499000.0,3360500.0,9.85,2177500.0,65000.0,105.29,108.59,104.19,-2.101,2026-01-13 23:17,6155
NBCC,2026-01-27,116.0,0.55,1157000.0,279500.0,8.83,656500.0,6500.0,105.29,108.59,104.19,-2.101,2026-01-13 23:17,5351
NBCC,2026-01-27,117.0,0.48,2073500.0,546000.0,10.05,1079000.0,0.0,105.29,108.59,104.19,-2.101,2026-01-13 23:17,5988
NBCC,2026-01-27,118.0,0.43,1820000.0,702000.0,11.3,572000.0,0.0,105.29,108.59,104.19,-2.101,2026-01-13 23:17,6473
NBCC,2026-01-27,119.0,0.41,1495000.0,468000.0,11.47,500500.0,13000.0,105.29,108.59,104.19,-2.101,2026-01-13 23:17,7613
NBCC,2026-01-27,120.0,0.35,13455000.0,6636500.0,15.4,2665000.0,45500.0,105.29,108.59,104.19,-2.101,2026-01-13 23:17,9008
NBCC,2026-01-27,121.0,0.34,981500.0,156000.0,13.24,754000.0,0.0,105.29,108.59,104.19,-2.101,2026-01-13 23:17,8894
NBCC,2026-01-27,122.0,0.29,2814500.0,643500.0,17.0,695500.0,6500.0,105.29,108.59,104.19,-2.101,2026-01-13 23:17,11623
NBCC,2026-01-27,123.0,0.27,2548000.0,130000.0,16.25,799500.0,6500.0,105.29,108.59,104.19,-2.101,2026-01-13 23:17,14566
NBCC,2026-01-27,124.0,0.24,1352000.0,357500.0,6.68,468000.0,0.0,105.29,108.59,104.19,-2.101,2026-01-13 23:17,17715
NBCC,2026-01-27,125.0,0.24,8963500.0,2203500.0,17.2,1417000.0,0.0,105.29,108.59,104.19,-2.101,2026-01-13 23:17,21996
NBCC,2026-01-27,126.0,0.25,3269500.0,104000.0,10.63,188500.0,0.0,105.29,108.59,104.19,-2.101,2026-01-13 23:17,25373
NBCC,2026-01-27,127.0,0.19,650000.0,292500.0,9.58,104000.0,0.0,105.29,108.59,104.19,-2.101,2026-01-13 23:17,31199
NBCC,2026-01-27,128.0,0.25,806000.0,0.0,9.63,26000.0,0.0,105.29,108.59,104.19,-2.101,2026-01-13 23:17,37132
NBCC,2026-01-27,129.0,0.17,383500.0,32500.0,16.12,97500.0,0.0,105.29,108.59,104.19,-2.101,2026-01-13 23:17,43231
NBCC,2026-01-27,130.0,0.16,7819500.0,1202500.0,23.87,351000.0,13000.0,105.29,108.59,104.19,-2.101,2026-01-13 23:17,49232
NBCC,2026-01-27,131.0,0.35,318500.0,0.0,9.17,6500.0,0.0,105.29,108.59,104.19,-2.101,2026-01-13 23:17,55487
NBCC,2026-01-27,132.0,0.18,435500.0,0.0,0.0,0.0,0.0,105.29,108.59,104.19,-2.101,2026-01-13 23:17,62494
NBCC,2026-01-27,133.0,0.22,91000.0,0.0,0.0,0.0,0.0,105.29,108.59,104.19,-2.101,2026-01-13 23:17,69546
NBCC,2026-01-27,134.0,0.15,390000.0,0.0,0.0,0.0,0.0,105.29,108.59,104.19,-2.101,2026-01-13 23:17,76602
NBCC,2026-01-27,135.0,0.11,1339000.0,325000.0,12.01,6500.0,0.0,105.29,108.59,104.19,-2.101,2026-01-13 23:17,83701
NBCC,2026-01-27,136.0,0.12,1579500.0,0.0,0.0,0.0,0.0,105.29,108.59,104.19,-2.101,2026-01-13 23:17,90935
NBCC,2026-01-27,138.0,0.09,149500.0,0.0,0.0,0.0,0.0,105.29,108.59,104.19,-2.101,2026-01-13 23:17,105725
NBCC,2026-01-27,139.0,0.09,656500.0,6500.0,16.0,19500.0,0.0,105.29,108.59,104.19,-2.101,2026-01-13 23:17,113126
NBCC,2026-01-27,140.0,0.07,2496000.0,221000.0,0.0,0.0,0.0,105.29,108.59,104.19,-2.101,2026-01-13 23:17,120569
NESTLEIND,2026-01-27,1020.0,242.0,500.0,0.0,0.0,0.0,0.0,1315.6,1321.9,1309.0,0.244,2026-01-13 23:17,52446
NESTLEIND,2026-01-27,1040.0,0.0,0.0,0.0,0.3,5500.0,0.0,1315.6,1321.9,1309.0,0.244,2026-01-13 23:17,47734
NESTLEIND,2026-01-27,1060.0,0.0,0.0,0.0,1.3,3000.0,0.0,1315.6,1321.9,1309.0,0.244,2026-01-13 23:17,43021
NESTLEIND,2026-01-27,1080.0,0.0,0.0,0.0,1.4,3000.0,0.0,1315.6,1321.9,1309.0,0.244,2026-01-13 23:17,38313
NESTLEIND,2026-01-27,1100.0,217.65,0.0,500.0,0.3,3000.0,0.0,1315.6,1321.9,1309.0,0.244,2026-01-13 23:17,33612
NESTLEIND,2026-01-27,1110.0,0.0,0.0,0.0,1.9,1000.0,0.0,1315.6,1321.9,1309.0,0.244,2026-01-13 23:17,31264
NESTLEIND,2026-01-27,1120.0,0.0,0.0,0.0,0.4,7000.0,0.0,1315.6,1321.9,1309.0,0.244,2026-01-13 23:17,28918
NESTLEIND,2026-01-27,1140.0,180.75,1500.0,0.0,0.8,4500.0,0.0,1315.6,1321.9,1309.0,0.244,2026-01-13 23:17,24238
NESTLEIND,2026-01-27,1160.0,0.0,0.0,0.0,0.65,32000.0,500.0,1315.6,1321.9,1309.0,0.244,2026-01-13 23:17,19598
NESTLEIND,2026-01-27,1170.0,112.0,5000.0,0.0,0.4,21500.0,0.0,1315.6,1321.9,1309.0,0.244,2026-01-13 23:17,17295
NESTLEIND,2026-01-27,1180.0,0.0,0.0,0.0,0.8,38500.0,27000.0,1315.6,1321.9,1309.0,0.244,2026-01-13 23:17,15075
NESTLEIND,2026-01-27,1190.0,65.0,0.0,0.0,0.75,76000.0,11500.0,1315.6,1321.9,1309.0,0.244,2026-01-13 23:17,12835
NESTLEIND,2026-01-27,1200.0,114.7,22000.0,3500.0,0.9,168500.0,22000.0,1315.6,1321.9,1309.0,0.244,2026-01-13 23:17,10669
NESTLEIND,2026-01-27,1210.0,75.3,0.0,0.0,0.85,20000.0,5500.0,1315.6,1321.9,1309.0,0.244,2026-01-13 23:17,8936
NESTLEIND,2026-01-27,1220.0,106.05,2500.0,0.0,1.25,119500.0,37000.0,1315.6,1321.9,1309.0,0.244,2026-01-13 23:17,6985
NESTLEIND,2026-01-27,1230.0,91.15,2500.0,0.0,1.55,71500.0,52500.0,1315.6,1321.9,1309.0,0.244,2026-01-13 23:17,5168
NESTLEIND,2026-01-27,1240.0,65.85,38000.0,0.0,1.9,104000.0,94000.0,1315.6,1321.9,1309.0,0.244,2026-01-13 23:17,3426
NESTLEIND,2026-01-27,1250.0,70.75,20500.0,1000.0,2.55,100500.0,46000.0,1315.6,1321.9,1309.0,0.244,2026-01-13 23:17,2044
NESTLEIND,2026-01-27,1260.0,63.0,45500.0,3500.0,3.4,126000.0,44000.0,1315.6,1321.9,1309.0,0.244,2026-01-13 23:17,673
NESTLEIND,2026-01-27,1270.0,45.75,31500.0,0.0,4.6,69000.0,74500.0,1315.6,1321.9,1309.0,0.244,2026-01-13 23:17,-402
NESTLEIND,2026-01-27,1280.0,40.55,110000.0,2000.0,6.35,163000.0,93000.0,1315.6,1321.9,1309.0,0.244,2026-01-13 23:17,-1509
NESTLEIND,2026-01-27,1290.0,37.1,76000.0,12000.0,8.3,118000.0,147500.0,1315.6,1321.9,1309.0,0.244,2026-01-13 23:17,-2112
NESTLEIND,2026-01-27,1300.0,30.2,518000.0,381000.0,11.8,749500.0,255000.0,1315.6,1321.9,1309.0,0.244,2026-01-13 23:17,-2680
NESTLEIND,2026-01-27,1310.0,24.05,130000.0,455500.0,15.4,129500.0,139000.0,1315.6,1321.9,1309.0,0.244,2026-01-13 23:17,-1485
NESTLEIND,2026-01-27,1320.0,18.8,581000.0,964000.0,20.5,116500.0,147500.0,1315.6,1321.9,1309.0,0.244,2026-01-13 23:17,-596
NESTLEIND,2026-01-27,1330.0,14.35,161500.0,320500.0,25.2,37000.0,20500.0,1315.6,1321.9,1309.0,0.244,2026-01-13 23:17,1729
NESTLEIND,2026-01-27,1340.0,10.85,618000.0,241000.0,32.4,41500.0,19500.0,1315.6,1321.9,1309.0,0.244,2026-01-13 23:17,3538
NESTLEIND,2026-01-27,1350.0,8.15,200000.0,266000.0,39.3,28000.0,1500.0,1315.6,1321.9,1309.0,0.244,2026-01-13 23:17,6405
NESTLEIND,2026-01-27,1360.0,6.3,131000.0,133000.0,49.0,2000.0,3000.0,1315.6,1321.9,1309.0,0.244,2026-01-13 23:17,9016
NESTLEIND,2026-01-27,1370.0,4.7,161000.0,42000.0,0.0,0.0,0.0,1315.6,1321.9,1309.0,0.244,2026-01-13 23:17,11780
NESTLEIND,2026-01-27,1380.0,3.55,141000.0,124500.0,85.65,1500.0,0.0,1315.6,1321.9,1309.0,0.244,2026-01-13 23:17,14708
NESTLEIND,2026-01-27,1390.0,2.85,83500.0,79000.0,0.0,0.0,0.0,1315.6,1321.9,1309.0,0.244,2026-01-13 23:17,17741
NESTLEIND,2026-01-27,1400.0,2.25,359000.0,153000.0,131.0,500.0,0.0,1315.6,1321.9,1309.0,0.244,2026-01-13 23:17,20843
NESTLEIND,2026-01-27,1410.0,1.85,26500.0,14000.0,0.0,0.0,0.0,1315.6,1321.9,1309.0,0.244,2026-01-13 23:17,24355
NESTLEIND,2026-01-27,1420.0,1.55,78000.0,41500.0,167.0,1500.0,0.0,1315.6,1321.9,1309.0,0.244,2026-01-13 23:17,27825
NESTLEIND,2026-01-27,1430.0,1.2,500.0,0.0,0.0,0.0,0.0,1315.6,1321.9,1309.0,0.244,2026-01-13 23:17,31356
NESTLEIND,2026-01-27,1440.0,1.2,148500.0,79500.0,0.0,0.0,0.0,1315.6,1321.9,1309.0,0.244,2026-01-13 23:17,34900
NESTLEIND,2026-01-27,1460.0,0.95,109000.0,65500.0,0.0,0.0,0.0,1315.6,1321.9,1309.0,0.244,2026-01-13 23:17,42304
NESTLEIND,2026-01-27,1480.0,0.0,0.0,0.0,0.0,0.0,0.0,1315.6,1321.9,1309.0,0.244,2026-01-13 23:17,49918
NESTLEIND,2026-01-27,1500.0,0.25,2000.0,0.0,0.0,0.0,0.0,1315.6,1321.9,1309.0,0.244,2026-01-13 23:17,57522
NHPC,2026-01-27,62.0,0.0,0.0,0.0,0.02,70400.0,0.0,81.23,83.34,80.75,-1.896,2026-01-13 23:17,32393
NHPC,2026-01-27,66.0,0.0,0.0,0.0,0.02,25600.0,0.0,81.23,83.34,80.75,-1.896,2026-01-13 23:17,24019
NHPC,2026-01-27,67.0,0.0,0.0,0.0,0.08,115200.0,0.0,81.23,83.34,80.75,-1.896,2026-01-13 23:17,21928
NHPC,2026-01-27,68.0,0.0,0.0,0.0,0.12,19200.0,0.0,81.23,83.34,80.75,-1.896,2026-01-13 23:17,19848
NHPC,2026-01-27,69.0,0.0,0.0,0.0,0.08,19200.0,0.0,81.23,83.34,80.75,-1.896,2026-01-13 23:17,17770
NHPC,2026-01-27,70.0,8.5,12800.0,0.0,0.06,358400.0,83200.0,81.23,83.34,80.75,-1.896,2026-01-13 23:17,15694
NHPC,2026-01-27,71.0,12.87,19200.0,0.0,0.05,140800.0,0.0,81.23,83.34,80.75,-1.896,2026-01-13 23:17,13665
NHPC,2026-01-27,72.0,9.9,6400.0,0.0,0.07,748800.0,211200.0,81.23,83.34,80.75,-1.896,2026-01-13 23:17,11666
NHPC,2026-01-27,73.0,9.15,32000.0,0.0,0.09,774400.0,800000.0,81.23,83.34,80.75,-1.896,2026-01-13 23:17,9720
NHPC,2026-01-27,74.0,7.87,44800.0,0.0,0.12,633600.0,505600.0,81.23,83.34,80.75,-1.896,2026-01-13 23:17,7876
NHPC,2026-01-27,75.0,7.12,300800.0,0.0,0.17,678400.0,441600.0,81.23,83.34,80.75,-1.896,2026-01-13 23:17,6106
NHPC,2026-01-27,76.0,7.12,96000.0,0.0,0.22,2131200.0,2060800.0,81.23,83.34,80.75,-1.896,2026-01-13 23:17,4608
NHPC,2026-01-27,77.0,5.19,460800.0,0.0,0.32,934400.0,774400.0,81.23,83.34,80.75,-1.896,2026-01-13 23:17,3152
NHPC,2026-01-27,78.0,3.8,966400.0,19200.0,0.48,1625600.0,1548800.0,81.23,83.34,80.75,-1.896,2026-01-13 23:17,2023
NHPC,2026-01-27,79.0,3.15,505600.0,32000.0,0.68,1568000.0,723200.0,81.23,83.34,80.75,-1.896,2026-01-13 23:17,1233
NHPC,2026-01-27,80.0,2.37,2771200.0,1683200.0,1.03,3955200.0,7500800.0,81.23,83.34,80.75,-1.896,2026-01-13 23:17,414
NHPC,2026-01-27,81.0,1.77,1228800.0,2150400.0,1.46,908800.0,8620800.0,81.23,83.34,80.75,-1.896,2026-01-13 23:17,464
NHPC,2026-01-27,82.0,1.29,3654400.0,7014400.0,2.01,1427200.0,1625600.0,81.23,83.34,80.75,-1.896,2026-01-13 23:17,564
NHPC,2026-01-27,83.0,0.95,2739200.0,5536000.0,2.53,2732800.0,601600.0,81.23,83.34,80.75,-1.896,2026-01-13 23:17,1271
NHPC,2026-01-27,84.0,0.69,2880000.0,2976000.0,2.6,576000.0,6400.0,81.23,83.34,80.75,-1.896,2026-01-13 23:17,1910
NHPC,2026-01-27,85.0,0.51,6438400.0,8544000.0,3.9,844800.0,422400.0,81.23,83.34,80.75,-1.896,2026-01-13 23:17,3375
NHPC,2026-01-27,86.0,0.37,2144000.0,1433600.0,5.11,89600.0,6400.0,81.23,83.34,80.75,-1.896,2026-01-13 23:17,5517
NHPC,2026-01-27,87.0,0.29,1760000.0,1216000.0,4.85,89600.0,0.0,81.23,83.34,80.75,-1.896,2026-01-13 23:17,7918
NHPC,2026-01-27,88.0,0.23,1324800.0,665600.0,5.57,185600.0,0.0,81.23,83.34,80.75,-1.896,2026-01-13 23:17,10478
NHPC,2026-01-27,89.0,0.19,544000.0,320000.0,0.0,0.0,0.0,81.23,83.34,80.75,-1.896,2026-01-13 23:17,13109
NHPC,2026-01-27,90.0,0.17,6937600.0,4480000.0,8.4,102400.0,51200.0,81.23,83.34,80.75,-1.896,2026-01-13 23:17,15877
NHPC,2026-01-27,91.0,0.14,537600.0,268800.0,7.4,19200.0,0.0,81.23,83.34,80.75,-1.896,2026-01-13 23:17,19371
NHPC,2026-01-27,92.0,0.11,2003200.0,288000.0,8.5,19200.0,0.0,81.23,83.34,80.75,-1.896,2026-01-13 23:17,22881
NHPC,2026-01-27,93.0,0.11,460800.0,51200.0,10.25,147200.0,0.0,81.23,83.34,80.75,-1.896,2026-01-13 23:17,26607
NHPC,2026-01-27,94.0,0.11,44800.0,0.0,0.0,0.0,0.0,81.23,83.34,80.75,-1.896,2026-01-13 23:17,30241
NHPC,2026-01-27,95.0,0.09,3654400.0,499200.0,11.51,64000.0,0.0,81.23,83.34,80.75,-1.896,2026-01-13 23:17,34027
NHPC,2026-01-27,96.0,0.08,211200.0,6400.0,0.0,0.0,0.0,81.23,83.34,80.75,-1.896,2026-01-13 23:17,38143
NIFTY,2026-01-13,23950.0,0.0,0.0,0.0,0.05,787605.0,4790305.0,0.0,0.0,0.0,0.0,2026-01-13 23:17,21309465
NIFTY,2026-01-13,24000.0,1733.85,16380.0,40040.0,0.05,3328715.0,25491700.0,0.0,0.0,0.0,0.0,2026-01-13 23:17,20551139
NIFTY,2026-01-13,24050.0,2201.85,195.0,0.0,0.05,199875.0,2983825.0,0.0,0.0,0.0,0.0,2026-01-13 23:17,19812365
NIFTY,2026-01-13,24100.0,1846.0,195.0,0.0,0.05,513760.0,2990585.0,0.0,0.0,0.0,0.0,2026-01-13 23:17,19071811
NIFTY,2026-01-13,24150.0,2055.1,325.0,0.0,0.05,426790.0,3660280.0,0.0,0.0,0.0,0.0,2026-01-13 23:17,18333818
NIFTY,2026-01-13,24200.0,1400.0,455.0,0.0,0.05,340015.0,3718455.0,0.0,0.0,0.0,0.0,2026-01-13 23:17,17597991
NIFTY,2026-01-13,24250.0,1271.45,910.0,0.0,0.05,283400.0,2959060.0,0.0,0.0,0.0,0.0,2026-01-13 23:17,16863865
NIFTY,2026-01-13,24300.0,1480.0,520.0,130.0,0.05,533975.0,4364230.0,0.0,0.0,0.0,0.0,2026-01-13 23:17,16131212
NIFTY,2026-01-13,24350.0,1471.5,845.0,130.0,0.05,223535.0,3300960.0,0.0,0.0,0.0,0.0,2026-01-13 23:17,15401192
NIFTY,2026-01-13,24400.0,1336.0,3055.0,1950.0,0.05,587600.0,7254455.0,0.0,0.0,0.0,0.0,2026-01-13 23:17,14672342
NIFTY,2026-01-13,24450.0,1350.6,260.0,0.0,0.05,339495.0,3804775.0,0.0,0.0,0.0,0.0,2026-01-13 23:17,13946728
NIFTY,2026-01-13,24500.0,1235.0,6370.0,5070.0,0.05,4377880.0,39745680.0,0.0,0.0,0.0,0.0,2026-01-13 23:17,13222441
NIFTY,2026-01-13,24550.0,1194.4,780.0,130.0,0.05,412295.0,7878195.0,0.0,0.0,0.0,0.0,2026-01-13 23:17,12520806
NIFTY,2026-01-13,24600.0,1132.7,4550.0,2470.0,0.05,1895205.0,24495575.0,0.0,0.0,0.0,0.0,2026-01-13 23:17,11820563
NIFTY,2026-01-13,24650.0,1009.05,455.0,1365.0,0.05,847600.0,13281580.0,0.0,0.0,0.0,0.0,2026-01-13 23:17,11130234
NIFTY,2026-01-13,24700.0,1034.0,30030.0,238290.0,0.05,2772770.0,33974200.0,0.0,0.0,0.0,0.0,2026-01-13 23:17,10443680
NIFTY,2026-01-13,24750.0,892.3,1105.0,1300.0,0.05,1264705.0,16960385.0,0.0,0.0,0.0,0.0,2026-01-13 23:17,9774191
NIFTY,2026-01-13,24800.0,932.25,5590.0,8060.0,0.05,4031950.0,40178970.0,0.0,0.0,0.0,0.0,2026-01-13 23:17,9108031
NIFTY,2026-01-13,24850.0,883.1,975.0,12480.0,0.05,1267695.0,21830055.0,0.0,0.0,0.0,0.0,2026-01-13 23:17,8462468
NIFTY,2026-01-13,24900.0,833.1,6435.0,12220.0,0.05,3327740.0,45985030.0,0.0,0.0,0.0,0.0,2026-01-13 23:17,7822827
NIFTY,2026-01-13,24950.0,783.6,4355.0,2600.0,0.05,1254370.0,21101535.0,0.0,0.0,0.0,0.0,2026-01-13 23:17,7200296
NIFTY,2026-01-13,25000.0,732.8,72150.0,419965.0,0.05,7850180.0,100581975.0,0.0,0.0,0.0,0.0,2026-01-13 23:17,6583875
NIFTY,2026-01-13,25050.0,684.0,8840.0,19500.0,0.05,1553110.0,39705510.0,0.0,0.0,0.0,0.0,2026-01-13 23:17,6011978
NIFTY,2026-01-13,25100.0,632.05,13975.0,57330.0,0.05,3549000.0,81687775.0,0.0,0.0,0.0,0.0,2026-01-13 23:17,5443240
NIFTY,2026-01-13,25150.0,582.65,17940.0,25935.0,0.05,2467010.0,67010125.0,0.0,0.0,0.0,0.0,2026-01-13 23:17,4892585
NIFTY,2026-01-13,25200.0,531.75,89375.0,264680.0,0.05,4822870.0,118365390.0,0.0,0.0,0.0,0.0,2026-01-13 23:17,4354523
NIFTY,2026-01-13,25250.0,481.65,25220.0,200330.0,0.05,2211105.0,75548915.0,0.0,0.0,0.0,0.0,2026-01-13 23:17,3844717
NIFTY,2026-01-13,25300.0,432.5,75335.0,1140295.0,0.05,6324695.0,150619625.0,0.0,0.0,0.0,0.0,2026-01-13 23:17,3342568
NIFTY,2026-01-13,25350.0,381.75,63960.0,716885.0,0.05,2852070.0,132510170.0,0.0,0.0,0.0,0.0,2026-01-13 23:17,2874442
NIFTY,2026-01-13,25400.0,332.4,161980.0,5420285.0,0.05,5481580.0,260176475.0,0.0,0.0,0.0,0.0,2026-01-13 23:17,2420097
NIFTY,2026-01-13,25450.0,282.4,160030.0,7523490.0,0.05,3825315.0,337031695.0,0.0,0.0,0.0,0.0,2026-01-13 23:17,1996900
NIFTY,2026-01-13,25500.0,231.7,829855.0,55361930.0,0.05,7615985.0,899323815.0,0.0,0.0,0.0,0.0,2026-01-13 23:17,1592772
NIFTY,2026-01-13,25550.0,181.7,736775.0,86387795.0,0.05,5355480.0,1201408715.0,0.0,0.0,0.0,0.0,2026-01-13 23:17,1245563
NIFTY,2026-01-13,25600.0,132.0,2180555.0,459798560.0,0.05,9110855.0,2261021815.0,0.0,0.0,0.0,0.0,2026-01-13 23:17,922987
NIFTY,2026-01-13,25650.0,81.9,6788535.0,1165996130.0,0.05,13118430.0,2460244215.0,0.0,0.0,0.0,0.0,2026-01-13 23:17,672244
NIFTY,2026-01-13,25700.0,32.2,11841830.0,2353114270.0,0.05,23062585.0,2959328840.0,0.0,0.0,0.0,0.0,2026-01-13 23:17,547831
NIFTY,2026-01-13,25750.0,0.05,27602380.0,2766043215.0,17.7,9768135.0,1734336305.0,0.0,0.0,0.0,0.0,2026-01-13 23:17,580423
NIFTY,2026-01-13,25800.0,0.05,16271515.0,1959547395.0,67.7,5384990.0,1037947885.0,0.0,0.0,0.0,0.0,2026-01-13 23:17,744701
NIFTY,2026-01-13,25850.0,0.05,9205755.0,1170271700.0,117.4,725855.0,330006755.0,0.0,0.0,0.0,0.0,2026-01-13 23:17,998038
NIFTY,2026-01-13,25900.0,0.05,9627475.0,1112128225.0,167.75,1452555.0,200786495.0,0.0,0.0,0.0,0.0,2026-01-13 23:17,1328932
NIFTY,2026-01-13,25950.0,0.05,4777565.0,672057620.0,217.9,555620.0,39621660.0,0.0,0.0,0.0,0.0,2026-01-13 23:17,1699384
NIFTY,2026-01-13,26000.0,0.05,10627240.0,629714280.0,267.6,1844050.0,47786115.0,0.0,0.0,0.0,0.0,2026-01-13 23:17,2108737
NIFTY,2026-01-13,26050.0,0.05,3916445.0,285092535.0,318.45,238550.0,5542030.0,0.0,0.0,0.0,0.0,2026-01-13 23:17,2543235
NIFTY,2026-01-13,26100.0,0.05,8588450.0,293094295.0,368.65,924690.0,5289830.0,0.0,0.0,0.0,0.0,2026-01-13 23:17,3040226
NIFTY,2026-01-13,26150.0,0.05,4101045.0,154854310.0,417.6,405405.0,1451320.0,0.0,0.0,0.0,0.0,2026-01-13 23:17,3558313
NIFTY,2026-01-13,26200.0,0.05,7590310.0,232930555.0,468.5,1318005.0,2031250.0,0.0,0.0,0.0,0.0,2026-01-13 23:17,4116069
NIFTY,2026-01-13,26250.0,0.05,4367285.0,141592295.0,517.2,129610.0,575510.0,0.0,0.0,0.0,0.0,2026-01-13 23:17,4673566
NIFTY,2026-01-13,26300.0,0.05,8005530.0,181419615.0,568.75,480935.0,895830.0,0.0,0.0,0.0,0.0,2026-01-13 23:17,5308575
NIFTY,2026-01-13,26350.0,0.05,2555150.0,90428520.0,618.55,115375.0,160485.0,0.0,0.0,0.0,0.0,2026-01-13 23:17,5965386
NIFTY,2026-01-13,26400.0,0.05,5509010.0,141618815.0,667.95,270270.0,241800.0,0.0,0.0,0.0,0.0,2026-01-13 23:17,6655738
NIFTY,2026-01-13,26450.0,0.05,2458755.0,69146935.0,715.3,74490.0,38480.0,0.0,0.0,0.0,0.0,2026-01-13 23:17,7364086
NIFTY,2026-01-13,26500.0,0.05,8550360.0,132777775.0,769.0,163865.0,245765.0,0.0,0.0,0.0,0.0,2026-01-13 23:17,8097809
NIFTY,2026-01-13,26550.0,0.05,1504100.0,38380875.0,818.25,34450.0,27820.0,0.0,0.0,0.0,0.0,2026-01-13 23:17,8867861
NIFTY,2026-01-13,26600.0,0.05,4679285.0,58433830.0,867.1,57460.0,100620.0,0.0,0.0,0.0,0.0,2026-01-13 23:17,9655352
NIFTY,2026-01-13,26650.0,0.05,1553045.0,33167160.0,916.2,28665.0,6175.0,0.0,0.0,0.0,0.0,2026-01-13 23:17,10464380
NIFTY,2026-01-13,26700.0,0.05,4642040.0,58397885.0,969.7,51155.0,94640.0,0.0,0.0,0.0,0.0,2026-01-13 23:17,11283656
NIFTY,2026-01-13,26750.0,0.05,1207180.0,26710840.0,1024.35,21450.0,5720.0,0.0,0.0,0.0,0.0,2026-01-13 23:17,12124080
NIFTY,2026-01-13,26800.0,0.05,4598295.0,47475090.0,1068.9,38805.0,14690.0,0.0,0.0,0.0,0.0,2026-01-13 23:17,12973393
NIFTY,2026-01-13,26850.0,0.05,1429740.0,20962110.0,1077.3,15340.0,6370.0,0.0,0.0,0.0,0.0,2026-01-13 23:17,13843958
NIFTY,2026-01-13,26900.0,0.05,2633800.0,37231675.0,1163.85,31005.0,2275.0,0.0,0.0,0.0,0.0,2026-01-13 23:17,14724228
NIFTY,2026-01-13,26950.0,0.05,802490.0,12482015.0,1209.7,12025.0,1365.0,0.0,0.0,0.0,0.0,2026-01-13 23:17,15615871
NIFTY,2026-01-13,27000.0,0.05,5693545.0,64869090.0,1266.25,35490.0,49400.0,0.0,0.0,0.0,0.0,2026-01-13 23:17,16513733
NIFTY,2026-01-13,27050.0,0.05,1184755.0,8901425.0,1364.3,1625.0,780.0,0.0,0.0,0.0,0.0,2026-01-13 23:17,17437224
NIFTY,2026-01-13,27100.0,0.05,2073045.0,21431085.0,1364.85,9620.0,1235.0,0.0,0.0,0.0,0.0,2026-01-13 23:17,18370897
NIFTY,2026-01-13,27150.0,0.05,1284010.0,9836255.0,1420.0,520.0,325.0,0.0,0.0,0.0,0.0,2026-01-13 23:17,19313896
NIFTY,2026-01-13,27200.0,0.05,3034785.0,14442545.0,1469.0,4810.0,1365.0,0.0,0.0,0.0,0.0,2026-01-13 23:17,20264554
NIFTY,2026-01-13,27250.0,0.05,424970.0,5174130.0,1523.65,130.0,65.0,0.0,0.0,0.0,0.0,2026-01-13 23:17,21229785
NIFTY,2026-01-13,27300.0,0.05,1600040.0,9011990.0,1570.0,1690.0,130.0,0.0,0.0,0.0,0.0,2026-01-13 23:17,22197816
NIFTY,2026-01-13,27350.0,0.05,341835.0,3885115.0,1621.75,585.0,130.0,0.0,0.0,0.0,0.0,2026-01-13 23:17,23173615
NIFTY,2026-01-13,27400.0,0.05,2026115.0,10810735.0,1670.0,260.0,65.0,0.0,0.0,0.0,0.0,2026-01-13 23:17,24151291
NIFTY,2026-01-13,27450.0,0.05,283270.0,3099980.0,1491.85,195.0,0.0,0.0,0.0,0.0,0.0,2026-01-13 23:17,25139159
NIFTY,2026-01-13,27500.0,0.05,2870140.0,24652225.0,1765.0,4420.0,1625.0,0.0,0.0,0.0,0.0,2026-01-13 23:17,26128449
NIFTY,2026-01-13,27550.0,0.1,276900.0,3586440.0,1820.4,260.0,130.0,0.0,0.0,0.0,0.0,2026-01-13 23:17,27131374
NIFTY,2026-01-13,27600.0,0.05,1827345.0,11307855.0,1802.1,4420.0,0.0,0.0,0.0,0.0,0.0,2026-01-13 23:17,28136407
NIFTY,2026-01-13,27650.0,0.05,227305.0,2306980.0,1930.0,390.0,65.0,0.0,0.0,0.0,0.0,2026-01-13 23:17,29149855
NIFTY,2026-01-13,27700.0,0.05,931450.0,7756385.0,1975.35,650.0,325.0,0.0,0.0,0.0,0.0,2026-01-13 23:17,30165155
NIFTY,2026-01-13,27750.0,0.05,113815.0,1909700.0,2251.5,195.0,0.0,0.0,0.0,0.0,0.0,2026-01-13 23:17,31185066
NIFTY,2026-01-13,27800.0,0.05,273585.0,2827955.0,2252.5,260.0,0.0,0.0,0.0,0.0,0.0,2026-01-13 23:17,32205627
NIFTY,2026-01-13,27850.0,0.05,106600.0,1451840.0,2348.6,390.0,0.0,0.0,0.0,0.0,0.0,2026-01-13 23:17,33227544
NIFTY,2026-01-13,27900.0,0.05,389090.0,2725255.0,2221.45,19240.0,325.0,0.0,0.0,0.0,0.0,2026-01-13 23:17,34249962
NIFTY,2026-01-13,27950.0,0.05,211185.0,2824315.0,2451.35,455.0,0.0,0.0,0.0,0.0,0.0,2026-01-13 23:17,35270240
NIFTY,2026-01-13,28000.0,0.05,770250.0,10097555.0,2259.65,6240.0,5460.0,0.0,0.0,0.0,0.0,2026-01-13 23:17,36295738
NIFTY,2026-01-13,28050.0,0.05,233415.0,1666860.0,1842.45,0.0,0.0,0.0,0.0,0.0,0.0,2026-01-13 23:17,37323823
NIFTY,2026-01-13,28100.0,0.05,1258920.0,5677620.0,2596.55,195.0,0.0,0.0,0.0,0.0,0.0,2026-01-13 23:17,38354482
NIFTYNXT50,2026-01-27,57500.0,0.0,0.0,0.0,0.0,0.0,0.0,0.0,0.0,0.0,0.0,2026-01-13 23:17,4346
NIFTYNXT50,2026-01-27,58000.0,0.0,0.0,0.0,0.0,0.0,0.0,0.0,0.0,0.0,0.0,2026-01-13 23:17,4146
NIFTYNXT50,2026-01-27,58500.0,0.0,0.0,0.0,0.0,0.0,0.0,0.0,0.0,0.0,0.0,2026-01-13 23:17,3946
NIFTYNXT50,2026-01-27,59000.0,0.0,0.0,0.0,0.0,0.0,0.0,0.0,0.0,0.0,0.0,2026-01-13 23:17,3746
NIFTYNXT50,2026-01-27,59500.0,0.0,0.0,0.0,0.0,0.0,0.0,0.0,0.0,0.0,0.0,2026-01-13 23:17,3546
NIFTYNXT50,2026-01-27,60000.0,0.0,0.0,0.0,20.0,0.0,25.0,0.0,0.0,0.0,0.0,2026-01-13 23:17,3346
NIFTYNXT50,2026-01-27,60500.0,0.0,0.0,0.0,0.0,0.0,0.0,0.0,0.0,0.0,0.0,2026-01-13 23:17,3146
NIFTYNXT50,2026-01-27,61000.0,0.0,0.0,0.0,0.0,0.0,0.0,0.0,0.0,0.0,0.0,2026-01-13 23:17,2946
NIFTYNXT50,2026-01-27,61500.0,0.0,0.0,0.0,0.0,0.0,0.0,0.0,0.0,0.0,0.0,2026-01-13 23:17,2746
NIFTYNXT50,2026-01-27,62000.0,0.0,0.0,0.0,0.0,0.0,0.0,0.0,0.0,0.0,0.0,2026-01-13 23:17,2546
NIFTYNXT50,2026-01-27,62500.0,0.0,0.0,0.0,0.0,0.0,0.0,0.0,0.0,0.0,0.0,2026-01-13 23:17,2346
NIFTYNXT50,2026-01-27,63000.0,0.0,0.0,0.0,0.0,0.0,0.0,0.0,0.0,0.0,0.0,2026-01-13 23:17,2146
NIFTYNXT50,2026-01-27,63300.0,0.0,0.0,0.0,0.0,0.0,0.0,0.0,0.0,0.0,0.0,2026-01-13 23:17,2026
NIFTYNXT50,2026-01-27,63400.0,0.0,0.0,0.0,0.0,0.0,0.0,0.0,0.0,0.0,0.0,2026-01-13 23:17,1986
NIFTYNXT50,2026-01-27,63500.0,0.0,0.0,0.0,0.0,0.0,0.0,0.0,0.0,0.0,0.0,2026-01-13 23:17,1946
NIFTYNXT50,2026-01-27,63600.0,0.0,0.0,0.0,0.0,0.0,0.0,0.0,0.0,0.0,0.0,2026-01-13 23:17,1906
NIFTYNXT50,2026-01-27,63700.0,0.0,0.0,0.0,0.0,0.0,0.0,0.0,0.0,0.0,0.0,2026-01-13 23:17,1866
NIFTYNXT50,2026-01-27,63800.0,0.0,0.0,0.0,0.0,0.0,0.0,0.0,0.0,0.0,0.0,2026-01-13 23:17,1826
NIFTYNXT50,2026-01-27,63900.0,0.0,0.0,0.0,0.0,0.0,0.0,0.0,0.0,0.0,0.0,2026-01-13 23:17,1786
NIFTYNXT50,2026-01-27,64000.0,0.0,0.0,0.0,0.0,0.0,0.0,0.0,0.0,0.0,0.0,2026-01-13 23:17,1746
NIFTYNXT50,2026-01-27,64100.0,0.0,0.0,0.0,0.0,0.0,0.0,0.0,0.0,0.0,0.0,2026-01-13 23:17,1706
NIFTYNXT50,2026-01-27,64200.0,0.0,0.0,0.0,0.0,0.0,0.0,0.0,0.0,0.0,0.0,2026-01-13 23:17,1666
NIFTYNXT50,2026-01-27,64300.0,0.0,0.0,0.0,0.0,0.0,0.0,0.0,0.0,0.0,0.0,2026-01-13 23:17,1626
NIFTYNXT50,2026-01-27,64400.0,0.0,0.0,0.0,0.0,0.0,0.0,0.0,0.0,0.0,0.0,2026-01-13 23:17,1586
NIFTYNXT50,2026-01-27,64500.0,0.0,0.0,0.0,0.0,0.0,0.0,0.0,0.0,0.0,0.0,2026-01-13 23:17,1546
NIFTYNXT50,2026-01-27,64600.0,0.0,0.0,0.0,0.0,0.0,0.0,0.0,0.0,0.0,0.0,2026-01-13 23:17,1506
NIFTYNXT50,2026-01-27,64700.0,0.0,0.0,0.0,0.0,0.0,0.0,0.0,0.0,0.0,0.0,2026-01-13 23:17,1466
NIFTYNXT50,2026-01-27,64800.0,0.0,0.0,0.0,0.0,0.0,0.0,0.0,0.0,0.0,0.0,2026-01-13 23:17,1426
NIFTYNXT50,2026-01-27,64900.0,0.0,0.0,0.0,0.0,0.0,0.0,0.0,0.0,0.0,0.0,2026-01-13 23:17,1386
NIFTYNXT50,2026-01-27,65000.0,0.0,0.0,0.0,0.0,0.0,0.0,0.0,0.0,0.0,0.0,2026-01-13 23:17,1346
NIFTYNXT50,2026-01-27,65100.0,0.0,0.0,0.0,0.0,0.0,0.0,0.0,0.0,0.0,0.0,2026-01-13 23:17,1306
NIFTYNXT50,2026-01-27,65200.0,0.0,0.0,0.0,0.0,0.0,0.0,0.0,0.0,0.0,0.0,2026-01-13 23:17,1266
NIFTYNXT50,2026-01-27,65300.0,0.0,0.0,0.0,0.0,0.0,0.0,0.0,0.0,0.0,0.0,2026-01-13 23:17,1226
NIFTYNXT50,2026-01-27,65400.0,0.0,0.0,0.0,0.0,0.0,0.0,0.0,0.0,0.0,0.0,2026-01-13 23:17,1186
NIFTYNXT50,2026-01-27,65500.0,0.0,0.0,0.0,0.0,0.0,0.0,0.0,0.0,0.0,0.0,2026-01-13 23:17,1146
NIFTYNXT50,2026-01-27,65600.0,0.0,0.0,0.0,0.0,0.0,0.0,0.0,0.0,0.0,0.0,2026-01-13 23:17,1106
NIFTYNXT50,2026-01-27,65700.0,0.0,0.0,0.0,0.0,0.0,0.0,0.0,0.0,0.0,0.0,2026-01-13 23:17,1066
NIFTYNXT50,2026-01-27,65800.0,0.0,0.0,0.0,0.0,0.0,0.0,0.0,0.0,0.0,0.0,2026-01-13 23:17,1026
NIFTYNXT50,2026-01-27,65900.0,0.0,0.0,0.0,0.0,0.0,0.0,0.0,0.0,0.0,0.0,2026-01-13 23:17,986
NIFTYNXT50,2026-01-27,66000.0,0.0,0.0,0.0,0.0,0.0,0.0,0.0,0.0,0.0,0.0,2026-01-13 23:17,946
NIFTYNXT50,2026-01-27,66100.0,0.0,0.0,0.0,0.0,0.0,0.0,0.0,0.0,0.0,0.0,2026-01-13 23:17,906
NIFTYNXT50,2026-01-27,66200.0,0.0,0.0,0.0,0.0,0.0,0.0,0.0,0.0,0.0,0.0,2026-01-13 23:17,866
NIFTYNXT50,2026-01-27,66300.0,0.0,0.0,0.0,0.0,0.0,0.0,0.0,0.0,0.0,0.0,2026-01-13 23:17,826
NIFTYNXT50,2026-01-27,66400.0,0.0,0.0,0.0,0.0,0.0,0.0,0.0,0.0,0.0,0.0,2026-01-13 23:17,786
NIFTYNXT50,2026-01-27,66500.0,0.0,0.0,0.0,0.0,0.0,0.0,0.0,0.0,0.0,0.0,2026-01-13 23:17,746
NIFTYNXT50,2026-01-27,66600.0,0.0,0.0,0.0,0.0,0.0,0.0,0.0,0.0,0.0,0.0,2026-01-13 23:17,706
NIFTYNXT50,2026-01-27,66700.0,0.0,0.0,0.0,0.0,0.0,0.0,0.0,0.0,0.0,0.0,2026-01-13 23:17,666
NIFTYNXT50,2026-01-27,66800.0,0.0,0.0,0.0,0.0,0.0,0.0,0.0,0.0,0.0,0.0,2026-01-13 23:17,626
NIFTYNXT50,2026-01-27,66900.0,0.0,0.0,0.0,0.0,0.0,0.0,0.0,0.0,0.0,0.0,2026-01-13 23:17,586
NIFTYNXT50,2026-01-27,67000.0,0.0,0.0,0.0,293.4,25.0,25.0,0.0,0.0,0.0,0.0,2026-01-13 23:17,546
NIFTYNXT50,2026-01-27,67100.0,0.0,0.0,0.0,0.0,0.0,0.0,0.0,0.0,0.0,0.0,2026-01-13 23:17,506
NIFTYNXT50,2026-01-27,67200.0,0.0,0.0,0.0,460.5,0.0,25.0,0.0,0.0,0.0,0.0,2026-01-13 23:17,466
NIFTYNXT50,2026-01-27,67300.0,0.0,0.0,0.0,0.0,0.0,0.0,0.0,0.0,0.0,0.0,2026-01-13 23:17,426
NIFTYNXT50,2026-01-27,67400.0,0.0,0.0,0.0,0.0,0.0,0.0,0.0,0.0,0.0,0.0,2026-01-13 23:17,387
NIFTYNXT50,2026-01-27,67500.0,0.0,0.0,0.0,400.0,50.0,0.0,0.0,0.0,0.0,0.0,2026-01-13 23:17,347
NIFTYNXT50,2026-01-27,67600.0,0.0,0.0,0.0,0.0,0.0,0.0,0.0,0.0,0.0,0.0,2026-01-13 23:17,306
NIFTYNXT50,2026-01-27,67700.0,1499.95,25.0,0.0,0.0,0.0,0.0,0.0,0.0,0.0,0.0,2026-01-13 23:17,266
NIFTYNXT50,2026-01-27,67800.0,1468.95,25.0,0.0,0.0,0.0,0.0,0.0,0.0,0.0,0.0,2026-01-13 23:17,231
NIFTYNXT50,2026-01-27,67900.0,0.0,0.0,0.0,0.0,0.0,0.0,0.0,0.0,0.0,0.0,2026-01-13 23:17,196
NIFTYNXT50,2026-01-27,68000.0,1065.0,50.0,25.0,0.0,0.0,0.0,0.0,0.0,0.0,0.0,2026-01-13 23:17,157
NIFTYNXT50,2026-01-27,68100.0,1109.85,50.0,0.0,0.0,0.0,0.0,0.0,0.0,0.0,0.0,2026-01-13 23:17,124
NIFTYNXT50,2026-01-27,68200.0,998.95,0.0,25.0,753.9,150.0,50.0,0.0,0.0,0.0,0.0,2026-01-13 23:17,92
NIFTYNXT50,2026-01-27,68300.0,919.7,0.0,25.0,0.0,0.0,0.0,0.0,0.0,0.0,0.0,2026-01-13 23:17,45
NIFTYNXT50,2026-01-27,68400.0,1196.45,25.0,0.0,0.0,0.0,0.0,0.0,0.0,0.0,0.0,2026-01-13 23:17,8
NIFTYNXT50,2026-01-27,68500.0,820.05,675.0,4875.0,0.0,0.0,0.0,0.0,0.0,0.0,0.0,2026-01-13 23:17,-24
NIFTYNXT50,2026-01-27,68600.0,944.95,25.0,0.0,686.6,75.0,125.0,0.0,0.0,0.0,0.0,2026-01-13 23:17,2
NIFTYNXT50,2026-01-27,68700.0,0.0,0.0,0.0,0.0,0.0,0.0,0.0,0.0,0.0,0.0,2026-01-13 23:17,-28
NIFTYNXT50,2026-01-27,68800.0,0.0,0.0,0.0,575.95,25.0,0.0,0.0,0.0,0.0,0.0,2026-01-13 23:17,-57
NIFTYNXT50,2026-01-27,68900.0,0.0,0.0,0.0,0.0,0.0,0.0,0.0,0.0,0.0,0.0,2026-01-13 23:17,-86
NIFTYNXT50,2026-01-27,69000.0,600.0,1200.0,1075.0,1020.0,2025.0,1675.0,0.0,0.0,0.0,0.0,2026-01-13 23:17,-114
NIFTYNXT50,2026-01-27,69100.0,1394.3,25.0,0.0,321.5,50.0,0.0,0.0,0.0,0.0,0.0,2026-01-13 23:17,-244
NIFTYNXT50,2026-01-27,69200.0,0.0,0.0,0.0,0.0,0.0,0.0,0.0,0.0,0.0,0.0,2026-01-13 23:17,-238
NIFTYNXT50,2026-01-27,69300.0,0.0,0.0,0.0,399.0,300.0,0.0,0.0,0.0,0.0,0.0,2026-01-13 23:17,-233
NIFTYNXT50,2026-01-27,69400.0,1189.7,50.0,0.0,0.0,0.0,0.0,0.0,0.0,0.0,0.0,2026-01-13 23:17,-237
NIFTYNXT50,2026-01-27,69500.0,422.0,1075.0,350.0,1244.8,400.0,0.0,0.0,0.0,0.0,0.0,2026-01-13 23:17,-222
NIFTYNXT50,2026-01-27,69600.0,342.9,275.0,225.0,0.0,0.0,0.0,0.0,0.0,0.0,0.0,2026-01-13 23:17,-203
NIFTYNXT50,2026-01-27,69700.0,0.0,0.0,0.0,0.0,0.0,0.0,0.0,0.0,0.0,0.0,2026-01-13 23:17,-168
NIFTYNXT50,2026-01-27,69800.0,0.0,0.0,0.0,0.0,0.0,0.0,0.0,0.0,0.0,0.0,2026-01-13 23:17,-142
NIFTYNXT50,2026-01-27,69900.0,513.2,225.0,0.0,949.65,325.0,0.0,0.0,0.0,0.0,0.0,2026-01-13 23:17,-116
NIFTYNXT50,2026-01-27,70000.0,267.75,2475.0,1125.0,1994.75,225.0,50.0,0.0,0.0,0.0,0.0,2026-01-13 23:17,-104
NIFTYNXT50,2026-01-27,70100.0,209.3,150.0,0.0,0.0,0.0,0.0,0.0,0.0,0.0,0.0,2026-01-13 23:17,-24
NIFTYNXT50,2026-01-27,70200.0,0.0,0.0,0.0,0.0,0.0,0.0,0.0,0.0,0.0,0.0,2026-01-13 23:17,38
NIFTYNXT50,2026-01-27,70300.0,890.15,75.0,0.0,0.0,0.0,0.0,0.0,0.0,0.0,0.0,2026-01-13 23:17,98
NIFTYNXT50,2026-01-27,70400.0,1289.85,50.0,0.0,1191.6,25.0,0.0,0.0,0.0,0.0,0.0,2026-01-13 23:17,166
NIFTYNXT50,2026-01-27,70500.0,182.0,650.0,300.0,1485.2,275.0,0.0,0.0,0.0,0.0,0.0,2026-01-13 23:17,231
NIFTYNXT50,2026-01-27,70600.0,390.5,150.0,0.0,768.75,50.0,0.0,0.0,0.0,0.0,0.0,2026-01-13 23:17,273
NIFTYNXT50,2026-01-27,70700.0,899.95,25.0,0.0,0.0,0.0,0.0,0.0,0.0,0.0,0.0,2026-01-13 23:17,347
NIFTYNXT50,2026-01-27,70800.0,0.0,0.0,0.0,0.0,0.0,0.0,0.0,0.0,0.0,0.0,2026-01-13 23:17,423
NIFTYNXT50,2026-01-27,70900.0,0.0,0.0,0.0,0.0,0.0,0.0,0.0,0.0,0.0,0.0,2026-01-13 23:17,496
NIFTYNXT50,2026-01-27,71000.0,100.75,1325.0,1400.0,0.0,0.0,0.0,0.0,0.0,0.0,0.0,2026-01-13 23:17,569
NIFTYNXT50,2026-01-27,71100.0,0.0,0.0,0.0,0.0,0.0,0.0,0.0,0.0,0.0,0.0,2026-01-13 23:17,668
NIFTYNXT50,2026-01-27,71200.0,633.0,200.0,0.0,0.0,0.0,0.0,0.0,0.0,0.0,0.0,2026-01-13 23:17,754
NIFTYNXT50,2026-01-27,71300.0,0.0,0.0,0.0,0.0,0.0,0.0,0.0,0.0,0.0,0.0,2026-01-13 23:17,855
NIFTYNXT50,2026-01-27,71400.0,0.0,0.0,0.0,0.0,0.0,0.0,0.0,0.0,0.0,0.0,2026-01-13 23:17,944
NIFTYNXT50,2026-01-27,71500.0,0.0,0.0,0.0,0.0,0.0,0.0,0.0,0.0,0.0,0.0,2026-01-13 23:17,1032
NIFTYNXT50,2026-01-27,71600.0,0.0,0.0,0.0,0.0,0.0,0.0,0.0,0.0,0.0,0.0,2026-01-13 23:17,1120
NIFTYNXT50,2026-01-27,71700.0,86.0,425.0,175.0,3648.85,0.0,25.0,0.0,0.0,0.0,0.0,2026-01-13 23:17,1208
NIFTYNXT50,2026-01-27,71800.0,0.0,0.0,0.0,0.0,0.0,0.0,0.0,0.0,0.0,0.0,2026-01-13 23:17,1304
NIFTYNXT50,2026-01-27,71900.0,0.0,0.0,0.0,0.0,0.0,0.0,0.0,0.0,0.0,0.0,2026-01-13 23:17,1397
NIFTYNXT50,2026-01-27,72000.0,0.0,0.0,0.0,0.0,0.0,0.0,0.0,0.0,0.0,0.0,2026-01-13 23:17,1489
NIFTYNXT50,2026-01-27,72100.0,0.0,0.0,0.0,0.0,0.0,0.0,0.0,0.0,0.0,0.0,2026-01-13 23:17,1582
NIFTYNXT50,2026-01-27,72200.0,0.0,0.0,0.0,0.0,0.0,0.0,0.0,0.0,0.0,0.0,2026-01-13 23:17,1674
NIFTYNXT50,2026-01-27,72300.0,0.0,0.0,0.0,0.0,0.0,0.0,0.0,0.0,0.0,0.0,2026-01-13 23:17,1767
NIFTYNXT50,2026-01-27,72400.0,0.0,0.0,0.0,0.0,0.0,0.0,0.0,0.0,0.0,0.0,2026-01-13 23:17,1859
NIFTYNXT50,2026-01-27,72500.0,0.0,0.0,0.0,0.0,0.0,0.0,0.0,0.0,0.0,0.0,2026-01-13 23:17,1952
NIFTYNXT50,2026-01-27,72600.0,0.0,0.0,0.0,0.0,0.0,0.0,0.0,0.0,0.0,0.0,2026-01-13 23:17,2044
NIFTYNXT50,2026-01-27,72700.0,0.0,0.0,0.0,0.0,0.0,0.0,0.0,0.0,0.0,0.0,2026-01-13 23:17,2137
NIFTYNXT50,2026-01-27,72800.0,0.0,0.0,0.0,0.0,0.0,0.0,0.0,0.0,0.0,0.0,2026-01-13 23:17,2229
NIFTYNXT50,2026-01-27,72900.0,0.0,0.0,0.0,0.0,0.0,0.0,0.0,0.0,0.0,0.0,2026-01-13 23:17,2322
NIFTYNXT50,2026-01-27,73000.0,0.0,0.0,0.0,0.0,0.0,0.0,0.0,0.0,0.0,0.0,2026-01-13 23:17,2414
NIFTYNXT50,2026-01-27,73100.0,0.0,0.0,0.0,0.0,0.0,0.0,0.0,0.0,0.0,0.0,2026-01-13 23:17,2507
NIFTYNXT50,2026-01-27,73200.0,0.0,0.0,0.0,0.0,0.0,0.0,0.0,0.0,0.0,0.0,2026-01-13 23:17,2599
NIFTYNXT50,2026-01-27,73300.0,0.0,0.0,0.0,0.0,0.0,0.0,0.0,0.0,0.0,0.0,2026-01-13 23:17,2692
NIFTYNXT50,2026-01-27,73400.0,0.0,0.0,0.0,0.0,0.0,0.0,0.0,0.0,0.0,0.0,2026-01-13 23:17,2784
NIFTYNXT50,2026-01-27,73500.0,0.0,0.0,0.0,0.0,0.0,0.0,0.0,0.0,0.0,0.0,2026-01-13 23:17,2877
NIFTYNXT50,2026-01-27,73600.0,0.0,0.0,0.0,0.0,0.0,0.0,0.0,0.0,0.0,0.0,2026-01-13 23:17,2969
NIFTYNXT50,2026-01-27,73700.0,0.0,0.0,0.0,0.0,0.0,0.0,0.0,0.0,0.0,0.0,2026-01-13 23:17,3062
NIFTYNXT50,2026-01-27,73800.0,0.0,0.0,0.0,0.0,0.0,0.0,0.0,0.0,0.0,0.0,2026-01-13 23:17,3154
NIFTYNXT50,2026-01-27,73900.0,0.0,0.0,0.0,0.0,0.0,0.0,0.0,0.0,0.0,0.0,2026-01-13 23:17,3247
NIFTYNXT50,2026-01-27,74000.0,0.0,0.0,0.0,0.0,0.0,0.0,0.0,0.0,0.0,0.0,2026-01-13 23:17,3339
NIFTYNXT50,2026-01-27,74100.0,0.0,0.0,0.0,0.0,0.0,0.0,0.0,0.0,0.0,0.0,2026-01-13 23:17,3432
NIFTYNXT50,2026-01-27,74200.0,0.0,0.0,0.0,0.0,0.0,0.0,0.0,0.0,0.0,0.0,2026-01-13 23:17,3524
NIFTYNXT50,2026-01-27,74300.0,0.0,0.0,0.0,0.0,0.0,0.0,0.0,0.0,0.0,0.0,2026-01-13 23:17,3617
NIFTYNXT50,2026-01-27,74400.0,0.0,0.0,0.0,0.0,0.0,0.0,0.0,0.0,0.0,0.0,2026-01-13 23:17,3709
NIFTYNXT50,2026-01-27,74500.0,0.0,0.0,0.0,0.0,0.0,0.0,0.0,0.0,0.0,0.0,2026-01-13 23:17,3802
NIFTYNXT50,2026-01-27,74600.0,0.0,0.0,0.0,0.0,0.0,0.0,0.0,0.0,0.0,0.0,2026-01-13 23:17,3894
NIFTYNXT50,2026-01-27,74700.0,0.0,0.0,0.0,0.0,0.0,0.0,0.0,0.0,0.0,0.0,2026-01-13 23:17,3987
NIFTYNXT50,2026-01-27,75000.0,10.5,100.0,0.0,0.0,0.0,0.0,0.0,0.0,0.0,0.0,2026-01-13 23:17,4264
NIFTYNXT50,2026-01-27,75500.0,0.0,0.0,0.0,0.0,0.0,0.0,0.0,0.0,0.0,0.0,2026-01-13 23:17,4732
NIFTYNXT50,2026-01-27,76000.0,0.0,0.0,0.0,0.0,0.0,0.0,0.0,0.0,0.0,0.0,2026-01-13 23:17,5200
NIFTYNXT50,2026-01-27,76500.0,0.0,0.0,0.0,0.0,0.0,0.0,0.0,0.0,0.0,0.0,2026-01-13 23:17,5667
NIFTYNXT50,2026-01-27,77000.0,0.0,0.0,0.0,0.0,0.0,0.0,0.0,0.0,0.0,0.0,2026-01-13 23:17,6135
NIFTYNXT50,2026-01-27,77500.0,0.0,0.0,0.0,0.0,0.0,0.0,0.0,0.0,0.0,0.0,2026-01-13 23:17,6602
NIFTYNXT50,2026-01-27,78000.0,0.0,0.0,0.0,0.0,0.0,0.0,0.0,0.0,0.0,0.0,2026-01-13 23:17,7070
NIFTYNXT50,2026-01-27,78500.0,0.0,0.0,0.0,0.0,0.0,0.0,0.0,0.0,0.0,0.0,2026-01-13 23:17,7537
NIFTYNXT50,2026-01-27,79000.0,0.0,0.0,0.0,0.0,0.0,0.0,0.0,0.0,0.0,0.0,2026-01-13 23:17,8005
NIFTYNXT50,2026-01-27,79500.0,0.0,0.0,0.0,0.0,0.0,0.0,0.0,0.0,0.0,0.0,2026-01-13 23:17,8472
NIFTYNXT50,2026-01-27,80000.0,0.0,0.0,0.0,0.0,0.0,0.0,0.0,0.0,0.0,0.0,2026-01-13 23:17,8940
NIFTYNXT50,2026-01-27,80500.0,0.0,0.0,0.0,0.0,0.0,0.0,0.0,0.0,0.0,0.0,2026-01-13 23:17,9407
NMDC,2026-01-27,62.0,19.0,27000.0,0.0,0.02,27000.0,0.0,82.05,82.47,81.1,0.355,2026-01-13 23:17,83759
NMDC,2026-01-27,64.0,18.1,1093500.0,202500.0,0.03,371250.0,0.0,82.05,82.47,81.1,0.355,2026-01-13 23:17,72209
NMDC,2026-01-27,66.0,16.0,13500.0,0.0,0.0,0.0,0.0,82.05,82.47,81.1,0.355,2026-01-13 23:17,62878
NMDC,2026-01-27,67.0,15.0,13500.0,0.0,0.0,0.0,0.0,82.05,82.47,81.1,0.355,2026-01-13 23:17,57246
NMDC,2026-01-27,68.0,16.19,67500.0,0.0,0.07,155250.0,0.0,82.05,82.47,81.1,0.355,2026-01-13 23:17,51615
NMDC,2026-01-27,69.0,0.0,0.0,0.0,0.08,74250.0,0.0,82.05,82.47,81.1,0.355,2026-01-13 23:17,46093
NMDC,2026-01-27,70.0,13.2,283500.0,0.0,0.08,2848500.0,567000.0,82.05,82.47,81.1,0.355,2026-01-13 23:17,40471
NMDC,2026-01-27,71.0,8.61,20250.0,0.0,0.11,546750.0,108000.0,82.05,82.47,81.1,0.355,2026-01-13 23:17,35513
NMDC,2026-01-27,72.0,11.5,6750.0,0.0,0.13,891000.0,432000.0,82.05,82.47,81.1,0.355,2026-01-13 23:17,30272
NMDC,2026-01-27,73.0,9.36,54000.0,20250.0,0.16,2976750.0,330750.0,82.05,82.47,81.1,0.355,2026-01-13 23:17,25106
NMDC,2026-01-27,74.0,7.22,162000.0,0.0,0.2,2092500.0,695250.0,82.05,82.47,81.1,0.355,2026-01-13 23:17,20250
NMDC,2026-01-27,75.0,7.5,1741500.0,13500.0,0.25,6473250.0,1343250.0,82.05,82.47,81.1,0.355,2026-01-13 23:17,15691
NMDC,2026-01-27,76.0,6.5,492750.0,6750.0,0.3,2187000.0,702000.0,82.05,82.47,81.1,0.355,2026-01-13 23:17,13023
NMDC,2026-01-27,77.0,5.46,708750.0,0.0,0.42,2119500.0,3003750.0,82.05,82.47,81.1,0.355,2026-01-13 23:17,9733
NMDC,2026-01-27,78.0,4.5,1775250.0,60750.0,0.56,3233250.0,2990250.0,82.05,82.47,81.1,0.355,2026-01-13 23:17,6770
NMDC,2026-01-27,79.0,4.03,1046250.0,6750.0,0.73,1984500.0,1235250.0,82.05,82.47,81.1,0.355,2026-01-13 23:17,4627
NMDC,2026-01-27,80.0,3.1,8916750.0,4617000.0,1.02,7364250.0,5683500.0,82.05,82.47,81.1,0.355,2026-01-13 23:17,2446
NMDC,2026-01-27,81.0,2.45,3840750.0,1728000.0,1.36,2727000.0,1599750.0,82.05,82.47,81.1,0.355,2026-01-13 23:17,3629
NMDC,2026-01-27,82.0,1.89,8167500.0,10428750.0,1.83,4974750.0,3233250.0,82.05,82.47,81.1,0.355,2026-01-13 23:17,4027
NMDC,2026-01-27,83.0,1.5,6702750.0,7755750.0,2.32,3314250.0,891000.0,82.05,82.47,81.1,0.355,2026-01-13 23:17,5801
NMDC,2026-01-27,84.0,1.14,6574500.0,6662250.0,2.85,2409750.0,162000.0,82.05,82.47,81.1,0.355,2026-01-13 23:17,8181
NMDC,2026-01-27,85.0,0.89,32116500.0,14897250.0,3.7,3395250.0,391500.0,82.05,82.47,81.1,0.355,2026-01-13 23:17,11285
NMDC,2026-01-27,86.0,0.68,12379500.0,5913000.0,5.23,1998000.0,0.0,82.05,82.47,81.1,0.355,2026-01-13 23:17,19480
NMDC,2026-01-27,87.0,0.54,8498250.0,2868750.0,5.1,621000.0,6750.0,82.05,82.47,81.1,0.355,2026-01-13 23:17,27307
NMDC,2026-01-27,88.0,0.44,7020000.0,3435750.0,6.15,526500.0,6750.0,82.05,82.47,81.1,0.355,2026-01-13 23:17,36392
NMDC,2026-01-27,89.0,0.36,4272750.0,1363500.0,8.71,128250.0,0.0,82.05,82.47,81.1,0.355,2026-01-13 23:17,46074
NMDC,2026-01-27,90.0,0.32,25724250.0,8484750.0,8.4,4110750.0,33750.0,82.05,82.47,81.1,0.355,2026-01-13 23:17,56253
NMDC,2026-01-27,91.0,0.26,2133000.0,722250.0,10.45,195750.0,0.0,82.05,82.47,81.1,0.355,2026-01-13 23:17,66744
NMDC,2026-01-27,92.0,0.23,3543750.0,1822500.0,11.04,135000.0,0.0,82.05,82.47,81.1,0.355,2026-01-13 23:17,79949
NMDC,2026-01-27,93.0,0.2,364500.0,830250.0,0.0,0.0,0.0,82.05,82.47,81.1,0.355,2026-01-13 23:17,93602
NMDC,2026-01-27,94.0,0.16,5805000.0,1336500.0,8.48,168750.0,0.0,82.05,82.47,81.1,0.355,2026-01-13 23:17,107368
NMDC,2026-01-27,96.0,0.13,2430000.0,526500.0,9.71,6750.0,0.0,82.05,82.47,81.1,0.355,2026-01-13 23:17,136028
NMDC,2026-01-27,98.0,0.0,0.0,0.0,15.5,6750.0,0.0,82.05,82.47,81.1,0.355,2026-01-13 23:17,165251
NTPC,2026-01-27,270.0,84.0,0.0,0.0,0.0,0.0,0.0,337.95,339.25,335.05,0.148,2026-01-13 23:17,129256
NTPC,2026-01-27,275.0,0.0,0.0,0.0,0.1,4500.0,0.0,337.95,339.25,335.05,0.148,2026-01-13 23:17,118291
NTPC,2026-01-27,280.0,0.0,0.0,0.0,0.0,0.0,0.0,337.95,339.25,335.05,0.148,2026-01-13 23:17,107328
NTPC,2026-01-27,285.0,0.0,0.0,0.0,0.15,1500.0,0.0,337.95,339.25,335.05,0.148,2026-01-13 23:17,96366
NTPC,2026-01-27,290.0,59.8,1500.0,0.0,0.1,73500.0,0.0,337.95,339.25,335.05,0.148,2026-01-13 23:17,85404
NTPC,2026-01-27,292.5,0.0,0.0,0.0,0.1,0.0,0.0,337.95,339.25,335.05,0.148,2026-01-13 23:17,79950
NTPC,2026-01-27,295.0,30.4,1500.0,0.0,0.2,67500.0,0.0,337.95,339.25,335.05,0.148,2026-01-13 23:17,74487
NTPC,2026-01-27,297.5,0.0,0.0,0.0,0.15,15000.0,0.0,337.95,339.25,335.05,0.148,2026-01-13 23:17,69046
NTPC,2026-01-27,300.0,52.1,24000.0,0.0,0.15,538500.0,132000.0,337.95,339.25,335.05,0.148,2026-01-13 23:17,63604
NTPC,2026-01-27,302.5,0.0,0.0,0.0,0.25,109500.0,106500.0,337.95,339.25,335.05,0.148,2026-01-13 23:17,58420
NTPC,2026-01-27,305.0,0.0,0.0,0.0,0.3,820500.0,97500.0,337.95,339.25,335.05,0.148,2026-01-13 23:17,53144
NTPC,2026-01-27,307.5,0.0,0.0,0.0,0.3,78000.0,0.0,337.95,339.25,335.05,0.148,2026-01-13 23:17,48052
NTPC,2026-01-27,310.0,28.0,558000.0,4500.0,0.35,1999500.0,160500.0,337.95,339.25,335.05,0.148,2026-01-13 23:17,43001
NTPC,2026-01-27,312.5,15.25,13500.0,0.0,0.4,186000.0,39000.0,337.95,339.25,335.05,0.148,2026-01-13 23:17,40084
NTPC,2026-01-27,315.0,26.5,42000.0,0.0,0.45,741000.0,399000.0,337.95,339.25,335.05,0.148,2026-01-13 23:17,35738
NTPC,2026-01-27,317.5,12.05,12000.0,0.0,0.5,210000.0,303000.0,337.95,339.25,335.05,0.148,2026-01-13 23:17,31652
NTPC,2026-01-27,320.0,18.95,393000.0,22500.0,0.6,1338000.0,421500.0,337.95,339.25,335.05,0.148,2026-01-13 23:17,27548
NTPC,2026-01-27,322.5,15.35,94500.0,0.0,0.8,534000.0,232500.0,337.95,339.25,335.05,0.148,2026-01-13 23:17,24537
NTPC,2026-01-27,325.0,14.6,628500.0,0.0,0.95,1842000.0,1117500.0,337.95,339.25,335.05,0.148,2026-01-13 23:17,21121
NTPC,2026-01-27,327.5,13.35,259500.0,0.0,1.3,537000.0,588000.0,337.95,339.25,335.05,0.148,2026-01-13 23:17,18963
NTPC,2026-01-27,330.0,9.75,1872000.0,1029000.0,1.75,2299500.0,7137000.0,337.95,339.25,335.05,0.148,2026-01-13 23:17,16538
NTPC,2026-01-27,332.5,7.8,298500.0,1446000.0,2.35,475500.0,4129500.0,337.95,339.25,335.05,0.148,2026-01-13 23:17,16302
NTPC,2026-01-27,335.0,6.15,3675000.0,4302000.0,3.2,1650000.0,6573000.0,337.95,339.25,335.05,0.148,2026-01-13 23:17,14958
NTPC,2026-01-27,337.5,4.6,726000.0,4921500.0,4.25,480000.0,4384500.0,337.95,339.25,335.05,0.148,2026-01-13 23:17,16556
NTPC,2026-01-27,340.0,3.5,3862500.0,9396000.0,5.5,1312500.0,4167000.0,337.95,339.25,335.05,0.148,2026-01-13 23:17,16854
NTPC,2026-01-27,342.5,2.55,1378500.0,5787000.0,6.9,339000.0,726000.0,337.95,339.25,335.05,0.148,2026-01-13 23:17,18945
NTPC,2026-01-27,345.0,1.9,5319000.0,9649500.0,8.75,741000.0,120000.0,337.95,339.25,335.05,0.148,2026-01-13 23:17,20954
NTPC,2026-01-27,347.5,1.35,1060500.0,1138500.0,10.75,396000.0,88500.0,337.95,339.25,335.05,0.148,2026-01-13 23:17,24722
NTPC,2026-01-27,350.0,1.0,5425500.0,5028000.0,12.75,1059000.0,253500.0,337.95,339.25,335.05,0.148,2026-01-13 23:17,28209
NTPC,2026-01-27,352.5,0.75,1083000.0,979500.0,14.75,264000.0,0.0,337.95,339.25,335.05,0.148,2026-01-13 23:17,32792
NTPC,2026-01-27,355.0,0.6,4678500.0,2451000.0,17.05,424500.0,31500.0,337.95,339.25,335.05,0.148,2026-01-13 23:17,38212
NTPC,2026-01-27,357.5,0.5,487500.0,388500.0,21.3,97500.0,0.0,337.95,339.25,335.05,0.148,2026-01-13 23:17,44772
NTPC,2026-01-27,360.0,0.35,7863000.0,2085000.0,23.0,694500.0,13500.0,337.95,339.25,335.05,0.148,2026-01-13 23:17,51739
NTPC,2026-01-27,362.5,0.35,354000.0,336000.0,0.0,0.0,0.0,337.95,339.25,335.05,0.148,2026-01-13 23:17,59706
NTPC,2026-01-27,365.0,0.3,2335500.0,910500.0,38.0,6000.0,0.0,337.95,339.25,335.05,0.148,2026-01-13 23:17,69096
NTPC,2026-01-27,367.5,0.3,322500.0,48000.0,17.1,15000.0,0.0,337.95,339.25,335.05,0.148,2026-01-13 23:17,79106
NTPC,2026-01-27,370.0,0.2,2005500.0,1203000.0,33.4,93000.0,1500.0,337.95,339.25,335.05,0.148,2026-01-13 23:17,89138
NTPC,2026-01-27,372.5,0.25,213000.0,21000.0,23.5,1500.0,0.0,337.95,339.25,335.05,0.148,2026-01-13 23:17,99439
NTPC,2026-01-27,375.0,0.2,1501500.0,394500.0,26.2,3000.0,0.0,337.95,339.25,335.05,0.148,2026-01-13 23:17,110066
NTPC,2026-01-27,377.5,0.2,52500.0,0.0,0.0,0.0,0.0,337.95,339.25,335.05,0.148,2026-01-13 23:17,121090
NTPC,2026-01-27,380.0,0.1,2220000.0,717000.0,41.7,2478000.0,0.0,337.95,339.25,335.05,0.148,2026-01-13 23:17,132106
NTPC,2026-01-27,382.5,0.2,4500.0,0.0,0.0,0.0,0.0,337.95,339.25,335.05,0.148,2026-01-13 23:17,133985
NTPC,2026-01-27,385.0,0.15,250500.0,0.0,0.0,0.0,0.0,337.95,339.25,335.05,0.148,2026-01-13 23:17,146175
NTPC,2026-01-27,390.0,0.15,1686000.0,405000.0,0.0,0.0,0.0,337.95,339.25,335.05,0.148,2026-01-13 23:17,170685
NTPC,2026-01-27,395.0,0.35,1500.0,0.0,0.0,0.0,0.0,337.95,339.25,335.05,0.148,2026-01-13 23:17,196060
NTPC,2026-01-27,400.0,0.1,280500.0,13500.0,64.0,4500.0,1500.0,337.95,339.25,335.05,0.148,2026-01-13 23:17,221410
NUVAMA,2026-01-27,1160.0,0.0,0.0,0.0,0.0,0.0,0.0,1421.0,1427.2,1402.1,0.247,2026-01-13 23:17,15928
NUVAMA,2026-01-27,1200.0,0.0,0.0,0.0,0.55,24500.0,0.0,1421.0,1427.2,1402.1,0.247,2026-01-13 23:17,13026
NUVAMA,2026-01-27,1240.0,174.3,3500.0,0.0,1.25,500.0,0.0,1421.0,1427.2,1402.1,0.247,2026-01-13 23:17,10221
NUVAMA,2026-01-27,1260.0,0.0,0.0,0.0,0.0,0.0,0.0,1421.0,1427.2,1402.1,0.247,2026-01-13 23:17,8888
NUVAMA,2026-01-27,1280.0,188.25,3500.0,0.0,4.3,14500.0,8000.0,1421.0,1427.2,1402.1,0.247,2026-01-13 23:17,7494
NUVAMA,2026-01-27,1300.0,184.35,1500.0,0.0,5.0,70500.0,60500.0,1421.0,1427.2,1402.1,0.247,2026-01-13 23:17,6195
NUVAMA,2026-01-27,1320.0,0.0,0.0,0.0,7.3,34000.0,3000.0,1421.0,1427.2,1402.1,0.247,2026-01-13 23:17,4974
NUVAMA,2026-01-27,1340.0,92.75,3000.0,0.0,9.95,14000.0,19500.0,1421.0,1427.2,1402.1,0.247,2026-01-13 23:17,3803
NUVAMA,2026-01-27,1360.0,113.35,500.0,0.0,14.8,65500.0,500.0,1421.0,1427.2,1402.1,0.247,2026-01-13 23:17,2705
NUVAMA,2026-01-27,1380.0,0.0,0.0,0.0,19.25,69000.0,0.0,1421.0,1427.2,1402.1,0.247,2026-01-13 23:17,1633
NUVAMA,2026-01-27,1400.0,38.75,39000.0,7500.0,23.3,113000.0,139500.0,1421.0,1427.2,1402.1,0.247,2026-01-13 23:17,659
NUVAMA,2026-01-27,1420.0,39.05,24500.0,41500.0,32.7,22000.0,15500.0,1421.0,1427.2,1402.1,0.247,2026-01-13 23:17,8
NUVAMA,2026-01-27,1440.0,29.65,59000.0,29500.0,41.6,43500.0,1500.0,1421.0,1427.2,1402.1,0.247,2026-01-13 23:17,-412
NUVAMA,2026-01-27,1460.0,22.0,113000.0,19000.0,60.35,97000.0,14000.0,1421.0,1427.2,1402.1,0.247,2026-01-13 23:17,-658
NUVAMA,2026-01-27,1480.0,16.45,86000.0,69500.0,77.0,29500.0,500.0,1421.0,1427.2,1402.1,0.247,2026-01-13 23:17,-815
NUVAMA,2026-01-27,1500.0,12.3,434000.0,203000.0,84.0,83500.0,5000.0,1421.0,1427.2,1402.1,0.247,2026-01-13 23:17,-489
NUVAMA,2026-01-27,1520.0,9.2,110000.0,16500.0,115.0,26500.0,0.0,1421.0,1427.2,1402.1,0.247,2026-01-13 23:17,788
NUVAMA,2026-01-27,1540.0,4.4,67500.0,10000.0,119.45,7500.0,500.0,1421.0,1427.2,1402.1,0.247,2026-01-13 23:17,2304
NUVAMA,2026-01-27,1560.0,4.45,274000.0,33000.0,86.9,3500.0,0.0,1421.0,1427.2,1402.1,0.247,2026-01-13 23:17,4113
NUVAMA,2026-01-27,1580.0,3.8,23500.0,0.0,156.0,0.0,500.0,1421.0,1427.2,1402.1,0.247,2026-01-13 23:17,6628
NUVAMA,2026-01-27,1600.0,2.9,144000.0,77000.0,148.95,5500.0,0.0,1421.0,1427.2,1402.1,0.247,2026-01-13 23:17,9108
NUVAMA,2026-01-27,1620.0,2.0,8000.0,500.0,0.0,0.0,0.0,1421.0,1427.2,1402.1,0.247,2026-01-13 23:17,11838
NUVAMA,2026-01-27,1640.0,1.5,25000.0,3500.0,0.0,0.0,0.0,1421.0,1427.2,1402.1,0.247,2026-01-13 23:17,14626
NUVAMA,2026-01-27,1660.0,1.2,13000.0,1000.0,0.0,0.0,0.0,1421.0,1427.2,1402.1,0.247,2026-01-13 23:17,17465
NUVAMA,2026-01-27,1680.0,1.2,55500.0,1500.0,240.1,1500.0,0.0,1421.0,1427.2,1402.1,0.247,2026-01-13 23:17,20329
NUVAMA,2026-01-27,1720.0,1.25,14000.0,0.0,253.25,0.0,0.0,1421.0,1427.2,1402.1,0.247,2026-01-13 23:17,26252
NYKAA,2026-01-27,210.0,0.0,0.0,0.0,0.15,234375.0,265625.0,255.95,256.0,248.4,1.266,2026-01-13 23:17,33454
NYKAA,2026-01-27,215.0,39.2,9375.0,0.0,0.15,18750.0,21875.0,255.95,256.0,248.4,1.266,2026-01-13 23:17,29465
NYKAA,2026-01-27,220.0,32.4,18750.0,0.0,0.1,31250.0,0.0,255.95,256.0,248.4,1.266,2026-01-13 23:17,25530
NYKAA,2026-01-27,222.5,0.0,0.0,0.0,0.15,9375.0,0.0,255.95,256.0,248.4,1.266,2026-01-13 23:17,23617
NYKAA,2026-01-27,225.0,32.7,9375.0,0.0,2.1,65625.0,0.0,255.95,256.0,248.4,1.266,2026-01-13 23:17,21645
NYKAA,2026-01-27,227.5,33.85,6250.0,0.0,0.45,12500.0,0.0,255.95,256.0,248.4,1.266,2026-01-13 23:17,19710
NYKAA,2026-01-27,230.0,31.4,9375.0,0.0,0.25,215625.0,59375.0,255.95,256.0,248.4,1.266,2026-01-13 23:17,17783
NYKAA,2026-01-27,232.5,29.15,9375.0,0.0,0.55,40625.0,0.0,255.95,256.0,248.4,1.266,2026-01-13 23:17,15915
NYKAA,2026-01-27,235.0,27.65,3125.0,0.0,0.4,328125.0,384375.0,255.95,256.0,248.4,1.266,2026-01-13 23:17,14062
NYKAA,2026-01-27,237.5,15.55,12500.0,37500.0,0.6,128125.0,125000.0,255.95,256.0,248.4,1.266,2026-01-13 23:17,12261
NYKAA,2026-01-27,240.0,15.2,31250.0,0.0,0.7,634375.0,287500.0,255.95,256.0,248.4,1.266,2026-01-13 23:17,10512
NYKAA,2026-01-27,242.5,11.5,18750.0,0.0,0.95,121875.0,146875.0,255.95,256.0,248.4,1.266,2026-01-13 23:17,8920
NYKAA,2026-01-27,245.0,10.0,46875.0,21875.0,1.35,300000.0,506250.0,255.95,256.0,248.4,1.266,2026-01-13 23:17,7371
NYKAA,2026-01-27,247.5,11.5,15625.0,0.0,1.85,112500.0,493750.0,255.95,256.0,248.4,1.266,2026-01-13 23:17,5905
NYKAA,2026-01-27,250.0,8.9,337500.0,968750.0,2.35,806250.0,2131250.0,255.95,256.0,248.4,1.266,2026-01-13 23:17,4461
NYKAA,2026-01-27,252.5,7.2,209375.0,1428125.0,3.2,218750.0,831250.0,255.95,256.0,248.4,1.266,2026-01-13 23:17,3417
NYKAA,2026-01-27,255.0,5.6,1184375.0,3309375.0,4.1,500000.0,284375.0,255.95,256.0,248.4,1.266,2026-01-13 23:17,2451
NYKAA,2026-01-27,257.5,4.4,381250.0,981250.0,7.85,212500.0,9375.0,255.95,256.0,248.4,1.266,2026-01-13 23:17,2282
NYKAA,2026-01-27,260.0,3.3,1637500.0,3656250.0,6.9,1775000.0,81250.0,255.95,256.0,248.4,1.266,2026-01-13 23:17,1805
NYKAA,2026-01-27,262.5,2.4,521875.0,537500.0,11.5,328125.0,28125.0,255.95,256.0,248.4,1.266,2026-01-13 23:17,1496
NYKAA,2026-01-27,265.0,1.95,1250000.0,971875.0,11.2,621875.0,25000.0,255.95,256.0,248.4,1.266,2026-01-13 23:17,1831
NYKAA,2026-01-27,267.5,1.4,275000.0,162500.0,15.95,187500.0,21875.0,255.95,256.0,248.4,1.266,2026-01-13 23:17,2434
NYKAA,2026-01-27,270.0,1.15,3443750.0,1371875.0,17.7,750000.0,25000.0,255.95,256.0,248.4,1.266,2026-01-13 23:17,3344
NYKAA,2026-01-27,272.5,0.8,387500.0,65625.0,19.9,168750.0,6250.0,255.95,256.0,248.4,1.266,2026-01-13 23:17,4632
NYKAA,2026-01-27,275.0,0.65,1221875.0,415625.0,21.25,96875.0,0.0,255.95,256.0,248.4,1.266,2026-01-13 23:17,6686
NYKAA,2026-01-27,277.5,0.5,287500.0,18750.0,23.6,31250.0,0.0,255.95,256.0,248.4,1.266,2026-01-13 23:17,9248
NYKAA,2026-01-27,280.0,0.5,881250.0,615625.0,27.65,31250.0,0.0,255.95,256.0,248.4,1.266,2026-01-13 23:17,11957
NYKAA,2026-01-27,282.5,0.25,178125.0,0.0,15.15,31250.0,0.0,255.95,256.0,248.4,1.266,2026-01-13 23:17,14910
NYKAA,2026-01-27,285.0,0.3,803125.0,21875.0,18.4,9375.0,0.0,255.95,256.0,248.4,1.266,2026-01-13 23:17,17916
NYKAA,2026-01-27,287.5,0.25,184375.0,0.0,18.75,21875.0,0.0,255.95,256.0,248.4,1.266,2026-01-13 23:17,21174
NYKAA,2026-01-27,290.0,0.25,403125.0,34375.0,27.44,12500.0,0.0,255.95,256.0,248.4,1.266,2026-01-13 23:17,24441
NYKAA,2026-01-27,292.5,0.15,90625.0,0.0,44.45,0.0,0.0,255.95,256.0,248.4,1.266,2026-01-13 23:17,27824
NYKAA,2026-01-27,295.0,0.2,93750.0,9375.0,0.0,0.0,0.0,255.95,256.0,248.4,1.266,2026-01-13 23:17,31255
NYKAA,2026-01-27,300.0,0.2,712500.0,34375.0,29.95,150000.0,0.0,255.95,256.0,248.4,1.266,2026-01-13 23:17,38163
NYKAA,2026-01-27,305.0,0.15,3125.0,0.0,0.0,0.0,0.0,255.95,256.0,248.4,1.266,2026-01-13 23:17,45066
NYKAA,2026-01-27,310.0,0.1,109375.0,9375.0,0.0,0.0,0.0,255.95,256.0,248.4,1.266,2026-01-13 23:17,52405
OBEROIRLTY,2026-01-27,1360.0,0.0,0.0,0.0,4.65,1400.0,0.0,1655.8,1681.8,1629.1,-0.109,2026-01-13 23:17,21002
OBEROIRLTY,2026-01-27,1400.0,0.0,0.0,0.0,0.0,0.0,0.0,1655.8,1681.8,1629.1,-0.109,2026-01-13 23:17,17623
OBEROIRLTY,2026-01-27,1440.0,239.05,2800.0,0.0,0.9,19950.0,0.0,1655.8,1681.8,1629.1,-0.109,2026-01-13 23:17,14245
OBEROIRLTY,2026-01-27,1480.0,182.85,700.0,0.0,4.7,1750.0,0.0,1655.8,1681.8,1629.1,-0.109,2026-01-13 23:17,11023
OBEROIRLTY,2026-01-27,1500.0,158.8,1400.0,0.0,4.35,44450.0,28000.0,1655.8,1681.8,1629.1,-0.109,2026-01-13 23:17,9396
OBEROIRLTY,2026-01-27,1520.0,137.9,350.0,0.0,7.55,10850.0,17850.0,1655.8,1681.8,1629.1,-0.109,2026-01-13 23:17,7852
OBEROIRLTY,2026-01-27,1540.0,155.0,350.0,0.0,8.35,51800.0,67900.0,1655.8,1681.8,1629.1,-0.109,2026-01-13 23:17,6324
OBEROIRLTY,2026-01-27,1560.0,94.4,700.0,1050.0,12.1,45150.0,25900.0,1655.8,1681.8,1629.1,-0.109,2026-01-13 23:17,4866
OBEROIRLTY,2026-01-27,1580.0,81.75,1400.0,1050.0,15.0,80150.0,28000.0,1655.8,1681.8,1629.1,-0.109,2026-01-13 23:17,3490
OBEROIRLTY,2026-01-27,1600.0,75.0,9100.0,5600.0,21.05,99750.0,192500.0,1655.8,1681.8,1629.1,-0.109,2026-01-13 23:17,2215
OBEROIRLTY,2026-01-27,1620.0,60.4,3150.0,1400.0,29.5,43750.0,12600.0,1655.8,1681.8,1629.1,-0.109,2026-01-13 23:17,1126
OBEROIRLTY,2026-01-27,1640.0,49.2,46200.0,60900.0,35.65,101850.0,148050.0,1655.8,1681.8,1629.1,-0.109,2026-01-13 23:17,162
OBEROIRLTY,2026-01-27,1660.0,38.55,85750.0,128800.0,47.05,74900.0,72800.0,1655.8,1681.8,1629.1,-0.109,2026-01-13 23:17,-531
OBEROIRLTY,2026-01-27,1680.0,31.65,64050.0,58800.0,61.25,60550.0,4900.0,1655.8,1681.8,1629.1,-0.109,2026-01-13 23:17,-789
OBEROIRLTY,2026-01-27,1700.0,24.05,166950.0,161350.0,84.0,73500.0,4200.0,1655.8,1681.8,1629.1,-0.109,2026-01-13 23:17,-945
OBEROIRLTY,2026-01-27,1720.0,17.35,112350.0,78750.0,96.35,33600.0,1400.0,1655.8,1681.8,1629.1,-0.109,2026-01-13 23:17,-667
OBEROIRLTY,2026-01-27,1740.0,14.0,276850.0,141750.0,113.5,26250.0,1050.0,1655.8,1681.8,1629.1,-0.109,2026-01-13 23:17,-11
OBEROIRLTY,2026-01-27,1760.0,10.15,115150.0,74550.0,115.8,13300.0,0.0,1655.8,1681.8,1629.1,-0.109,2026-01-13 23:17,1470
OBEROIRLTY,2026-01-27,1780.0,7.8,80850.0,46200.0,0.0,0.0,0.0,1655.8,1681.8,1629.1,-0.109,2026-01-13 23:17,3081
OBEROIRLTY,2026-01-27,1800.0,6.0,168000.0,94850.0,158.5,45150.0,0.0,1655.8,1681.8,1629.1,-0.109,2026-01-13 23:17,4954
OBEROIRLTY,2026-01-27,1820.0,4.65,65450.0,8050.0,113.05,1050.0,0.0,1655.8,1681.8,1629.1,-0.109,2026-01-13 23:17,6576
OBEROIRLTY,2026-01-27,1840.0,3.4,114450.0,26600.0,186.0,350.0,0.0,1655.8,1681.8,1629.1,-0.109,2026-01-13 23:17,8964
OBEROIRLTY,2026-01-27,1860.0,2.85,26600.0,15400.0,0.0,0.0,0.0,1655.8,1681.8,1629.1,-0.109,2026-01-13 23:17,11595
OBEROIRLTY,2026-01-27,1880.0,2.8,38150.0,350.0,230.0,1400.0,0.0,1655.8,1681.8,1629.1,-0.109,2026-01-13 23:17,14255
OBEROIRLTY,2026-01-27,1900.0,1.8,25550.0,1050.0,0.0,0.0,0.0,1655.8,1681.8,1629.1,-0.109,2026-01-13 23:17,16965
OBEROIRLTY,2026-01-27,1920.0,1.6,75250.0,10500.0,265.75,14700.0,0.0,1655.8,1681.8,1629.1,-0.109,2026-01-13 23:17,19752
OBEROIRLTY,2026-01-27,1960.0,0.0,0.0,0.0,225.0,350.0,0.0,1655.8,1681.8,1629.1,-0.109,2026-01-13 23:17,25298
OBEROIRLTY,2026-01-27,2000.0,0.0,0.0,0.0,0.0,0.0,0.0,1655.8,1681.8,1629.1,-0.109,2026-01-13 23:17,31217
OFSS,2026-01-27,6200.0,0.0,0.0,0.0,1.8,975.0,0.0,7685.0,7705.5,7582.0,1.332,2026-01-13 23:17,44800
OFSS,2026-01-27,6400.0,0.0,0.0,0.0,6.5,825.0,75.0,7685.0,7705.5,7582.0,1.332,2026-01-13 23:17,37259
OFSS,2026-01-27,6600.0,0.0,0.0,0.0,9.15,18675.0,6150.0,7685.0,7705.5,7582.0,1.332,2026-01-13 23:17,29735
OFSS,2026-01-27,6800.0,0.0,0.0,0.0,13.45,9675.0,1275.0,7685.0,7705.5,7582.0,1.332,2026-01-13 23:17,22567
OFSS,2026-01-27,6900.0,0.0,0.0,0.0,19.1,5550.0,3300.0,7685.0,7705.5,7582.0,1.332,2026-01-13 23:17,19076
OFSS,2026-01-27,7000.0,730.0,825.0,75.0,28.9,31275.0,30750.0,7685.0,7705.5,7582.0,1.332,2026-01-13 23:17,15642
OFSS,2026-01-27,7100.0,0.0,0.0,0.0,32.2,9225.0,1950.0,7685.0,7705.5,7582.0,1.332,2026-01-13 23:17,12510
OFSS,2026-01-27,7200.0,0.0,0.0,0.0,50.65,15675.0,22125.0,7685.0,7705.5,7582.0,1.332,2026-01-13 23:17,9470
OFSS,2026-01-27,7300.0,384.0,75.0,0.0,68.55,23925.0,26400.0,7685.0,7705.5,7582.0,1.332,2026-01-13 23:17,6538
OFSS,2026-01-27,7400.0,390.0,1725.0,2100.0,90.9,37875.0,14400.0,7685.0,7705.5,7582.0,1.332,2026-01-13 23:17,3764
OFSS,2026-01-27,7500.0,312.05,14925.0,42750.0,122.25,49800.0,37575.0,7685.0,7705.5,7582.0,1.332,2026-01-13 23:17,1270
OFSS,2026-01-27,7600.0,255.55,22125.0,48300.0,159.6,35400.0,93975.0,7685.0,7705.5,7582.0,1.332,2026-01-13 23:17,-442
OFSS,2026-01-27,7700.0,205.0,57000.0,150000.0,206.95,45225.0,18150.0,7685.0,7705.5,7582.0,1.332,2026-01-13 23:17,-1436
OFSS,2026-01-27,7800.0,156.25,65700.0,50325.0,250.3,24225.0,675.0,7685.0,7705.5,7582.0,1.332,2026-01-13 23:17,-1176
OFSS,2026-01-27,7900.0,122.05,27975.0,21975.0,325.1,9225.0,525.0,7685.0,7705.5,7582.0,1.332,2026-01-13 23:17,170
OFSS,2026-01-27,8000.0,94.0,117525.0,98475.0,378.7,26175.0,1650.0,7685.0,7705.5,7582.0,1.332,2026-01-13 23:17,1511
OFSS,2026-01-27,8100.0,69.75,14100.0,6300.0,488.8,2925.0,150.0,7685.0,7705.5,7582.0,1.332,2026-01-13 23:17,4360
OFSS,2026-01-27,8200.0,51.85,34050.0,61650.0,541.5,7575.0,675.0,7685.0,7705.5,7582.0,1.332,2026-01-13 23:17,7222
OFSS,2026-01-27,8300.0,38.35,21750.0,7125.0,517.5,3450.0,0.0,7685.0,7705.5,7582.0,1.332,2026-01-13 23:17,10311
OFSS,2026-01-27,8400.0,30.5,12000.0,11625.0,783.55,2400.0,300.0,7685.0,7705.5,7582.0,1.332,2026-01-13 23:17,13790
OFSS,2026-01-27,8500.0,23.5,49500.0,52725.0,898.5,5325.0,375.0,7685.0,7705.5,7582.0,1.332,2026-01-13 23:17,17357
OFSS,2026-01-27,8600.0,18.55,9675.0,300.0,862.8,300.0,0.0,7685.0,7705.5,7582.0,1.332,2026-01-13 23:17,21262
OFSS,2026-01-27,8700.0,13.2,6675.0,0.0,1061.2,750.0,675.0,7685.0,7705.5,7582.0,1.332,2026-01-13 23:17,25621
OFSS,2026-01-27,8800.0,14.0,9300.0,300.0,1145.15,3525.0,0.0,7685.0,7705.5,7582.0,1.332,2026-01-13 23:17,29990
OFSS,2026-01-27,8900.0,14.6,750.0,0.0,1179.45,0.0,0.0,7685.0,7705.5,7582.0,1.332,2026-01-13 23:17,34169
OFSS,2026-01-27,9000.0,8.7,24225.0,68850.0,1220.0,7050.0,0.0,7685.0,7705.5,7582.0,1.332,2026-01-13 23:17,38746
OFSS,2026-01-27,9100.0,0.0,0.0,0.0,1418.25,225.0,0.0,7685.0,7705.5,7582.0,1.332,2026-01-13 23:17,42797
OFSS,2026-01-27,9200.0,0.0,0.0,0.0,1515.3,225.0,0.0,7685.0,7705.5,7582.0,1.332,2026-01-13 23:17,47656
OFSS,2026-01-27,9400.0,5.0,825.0,75.0,1720.0,525.0,0.0,7685.0,7705.5,7582.0,1.332,2026-01-13 23:17,57410
OFSS,2026-01-27,9600.0,2.4,2400.0,375.0,0.0,0.0,0.0,7685.0,7705.5,7582.0,1.332,2026-01-13 23:17,67134
OIL,2026-01-27,340.0,86.75,0.0,0.0,0.0,0.0,0.0,449.5,449.9,425.6,5.616,2026-01-13 23:17,33570
OIL,2026-01-27,350.0,0.0,0.0,0.0,0.15,53200.0,44800.0,449.5,449.9,425.6,5.616,2026-01-13 23:17,28300
OIL,2026-01-27,360.0,58.45,11200.0,0.0,0.15,8400.0,23800.0,449.5,449.9,425.6,5.616,2026-01-13 23:17,23083
OIL,2026-01-27,365.0,0.0,0.0,0.0,0.55,7000.0,0.0,449.5,449.9,425.6,5.616,2026-01-13 23:17,20550
OIL,2026-01-27,370.0,58.7,5600.0,0.0,0.25,112000.0,33600.0,449.5,449.9,425.6,5.616,2026-01-13 23:17,17954
OIL,2026-01-27,375.0,0.0,0.0,0.0,0.55,43400.0,0.0,449.5,449.9,425.6,5.616,2026-01-13 23:17,15448
OIL,2026-01-27,380.0,0.0,0.0,0.0,0.4,151200.0,81200.0,449.5,449.9,425.6,5.616,2026-01-13 23:17,12932
OIL,2026-01-27,385.0,0.0,0.0,0.0,0.4,182000.0,70000.0,449.5,449.9,425.6,5.616,2026-01-13 23:17,10487
OIL,2026-01-27,390.0,0.0,0.0,0.0,0.5,253400.0,172200.0,449.5,449.9,425.6,5.616,2026-01-13 23:17,8132
OIL,2026-01-27,395.0,26.15,18200.0,0.0,0.55,81200.0,176400.0,449.5,449.9,425.6,5.616,2026-01-13 23:17,5898
OIL,2026-01-27,400.0,43.0,75600.0,23800.0,0.75,439600.0,1276800.0,449.5,449.9,425.6,5.616,2026-01-13 23:17,3770
OIL,2026-01-27,405.0,37.8,53200.0,7000.0,0.95,140000.0,673400.0,449.5,449.9,425.6,5.616,2026-01-13 23:17,2148
OIL,2026-01-27,410.0,38.6,205800.0,88200.0,1.2,491400.0,1611400.0,449.5,449.9,425.6,5.616,2026-01-13 23:17,519
OIL,2026-01-27,415.0,34.05,56000.0,53200.0,1.55,428400.0,1254400.0,449.5,449.9,425.6,5.616,2026-01-13 23:17,-214
OIL,2026-01-27,420.0,29.4,310800.0,875000.0,2.05,574000.0,2205000.0,449.5,449.9,425.6,5.616,2026-01-13 23:17,-1316
OIL,2026-01-27,425.0,24.95,190400.0,646800.0,2.9,427000.0,1859200.0,449.5,449.9,425.6,5.616,2026-01-13 23:17,-1304
OIL,2026-01-27,430.0,21.55,317800.0,9471000.0,4.0,635600.0,2632000.0,449.5,449.9,425.6,5.616,2026-01-13 23:17,-1428
OIL,2026-01-27,435.0,17.9,109200.0,6104000.0,5.45,200200.0,905800.0,449.5,449.9,425.6,5.616,2026-01-13 23:17,-996
OIL,2026-01-27,440.0,14.6,613200.0,13706000.0,7.2,512400.0,2763600.0,449.5,449.9,425.6,5.616,2026-01-13 23:17,-753
OIL,2026-01-27,445.0,11.8,323400.0,6479200.0,9.3,168000.0,495600.0,449.5,449.9,425.6,5.616,2026-01-13 23:17,491
OIL,2026-01-27,450.0,9.45,961800.0,9853200.0,12.0,79800.0,212800.0,449.5,449.9,425.6,5.616,2026-01-13 23:17,1681
OIL,2026-01-27,455.0,7.45,184800.0,2618000.0,15.25,2800.0,4200.0,449.5,449.9,425.6,5.616,2026-01-13 23:17,3979
OIL,2026-01-27,460.0,5.9,701400.0,5511800.0,18.4,274400.0,371000.0,449.5,449.9,425.6,5.616,2026-01-13 23:17,5692
OIL,2026-01-27,465.0,4.6,456400.0,1516200.0,58.9,0.0,0.0,449.5,449.9,425.6,5.616,2026-01-13 23:17,7668
OIL,2026-01-27,470.0,3.65,578200.0,2287600.0,31.0,0.0,1400.0,449.5,449.9,425.6,5.616,2026-01-13 23:17,10173
OIL,2026-01-27,480.0,2.25,693000.0,3425800.0,61.85,4200.0,0.0,449.5,449.9,425.6,5.616,2026-01-13 23:17,15553
OIL,2026-01-27,490.0,1.55,187600.0,372400.0,56.9,0.0,4200.0,449.5,449.9,425.6,5.616,2026-01-13 23:17,21549
OIL,2026-01-27,500.0,1.1,609000.0,3057600.0,0.0,0.0,0.0,449.5,449.9,425.6,5.616,2026-01-13 23:17,27632
ONGC,2026-01-27,195.0,0.0,0.0,0.0,0.07,137250.0,191250.0,243.5,244.15,235.8,3.305,2026-01-13 23:17,132408
ONGC,2026-01-27,200.0,0.0,0.0,0.0,0.08,335250.0,119250.0,243.5,244.15,235.8,3.305,2026-01-13 23:17,111320
ONGC,2026-01-27,205.0,0.0,0.0,0.0,0.1,31500.0,2250.0,243.5,244.15,235.8,3.305,2026-01-13 23:17,90398
ONGC,2026-01-27,208.0,0.0,0.0,0.0,0.0,0.0,0.0,243.5,244.15,235.8,3.305,2026-01-13 23:17,77856
ONGC,2026-01-27,210.0,34.0,15750.0,15750.0,0.09,605250.0,252000.0,243.5,244.15,235.8,3.305,2026-01-13 23:17,69494
ONGC,2026-01-27,212.0,0.0,0.0,0.0,0.19,9000.0,0.0,243.5,244.15,235.8,3.305,2026-01-13 23:17,61305
ONGC,2026-01-27,214.0,0.0,0.0,0.0,0.24,267750.0,27000.0,243.5,244.15,235.8,3.305,2026-01-13 23:17,53069
ONGC,2026-01-27,215.0,24.5,24750.0,0.0,0.14,564750.0,360000.0,243.5,244.15,235.8,3.305,2026-01-13 23:17,48972
ONGC,2026-01-27,216.0,0.0,0.0,0.0,0.0,0.0,0.0,243.5,244.15,235.8,3.305,2026-01-13 23:17,44993
ONGC,2026-01-27,217.5,0.0,0.0,0.0,0.18,711000.0,24750.0,243.5,244.15,235.8,3.305,2026-01-13 23:17,38945
ONGC,2026-01-27,218.0,18.81,6750.0,0.0,0.0,0.0,0.0,243.5,244.15,235.8,3.305,2026-01-13 23:17,36952
ONGC,2026-01-27,219.0,0.0,0.0,0.0,0.0,0.0,0.0,243.5,244.15,235.8,3.305,2026-01-13 23:17,33004
ONGC,2026-01-27,220.0,24.39,171000.0,189000.0,0.22,2650500.0,1984500.0,243.5,244.15,235.8,3.305,2026-01-13 23:17,29044
ONGC,2026-01-27,221.0,0.0,0.0,0.0,0.0,0.0,0.0,243.5,244.15,235.8,3.305,2026-01-13 23:17,25724
ONGC,2026-01-27,222.0,0.0,0.0,0.0,0.25,247500.0,400500.0,243.5,244.15,235.8,3.305,2026-01-13 23:17,22046
ONGC,2026-01-27,222.5,0.0,0.0,0.0,0.22,288000.0,578250.0,243.5,244.15,235.8,3.305,2026-01-13 23:17,20214
ONGC,2026-01-27,223.0,0.0,0.0,0.0,0.0,0.0,0.0,243.5,244.15,235.8,3.305,2026-01-13 23:17,18395
ONGC,2026-01-27,224.0,18.13,4500.0,0.0,0.29,184500.0,429750.0,243.5,244.15,235.8,3.305,2026-01-13 23:17,14770
ONGC,2026-01-27,225.0,19.2,159750.0,29250.0,0.31,1192500.0,1590750.0,243.5,244.15,235.8,3.305,2026-01-13 23:17,11168
ONGC,2026-01-27,226.0,0.0,0.0,0.0,0.41,373500.0,123750.0,243.5,244.15,235.8,3.305,2026-01-13 23:17,7967
ONGC,2026-01-27,227.0,0.0,0.0,0.0,0.37,213750.0,335250.0,243.5,244.15,235.8,3.305,2026-01-13 23:17,4519
ONGC,2026-01-27,227.5,0.0,0.0,0.0,0.39,315000.0,623250.0,243.5,244.15,235.8,3.305,2026-01-13 23:17,2805
ONGC,2026-01-27,228.0,0.0,0.0,0.0,0.4,279000.0,535500.0,243.5,244.15,235.8,3.305,2026-01-13 23:17,1102
ONGC,2026-01-27,229.0,0.0,0.0,0.0,0.46,312750.0,461250.0,243.5,244.15,235.8,3.305,2026-01-13 23:17,-2260
ONGC,2026-01-27,230.0,14.12,886500.0,956250.0,0.52,2333250.0,4140000.0,243.5,244.15,235.8,3.305,2026-01-13 23:17,-5595
ONGC,2026-01-27,231.0,11.67,213750.0,4500.0,0.54,225000.0,1062000.0,243.5,244.15,235.8,3.305,2026-01-13 23:17,-7464
ONGC,2026-01-27,232.0,11.07,324000.0,1134000.0,0.66,479250.0,2412000.0,243.5,244.15,235.8,3.305,2026-01-13 23:17,-10182
ONGC,2026-01-27,232.5,12.1,249750.0,110250.0,0.66,542250.0,1093500.0,243.5,244.15,235.8,3.305,2026-01-13 23:17,-11292
ONGC,2026-01-27,233.0,11.56,243000.0,94500.0,0.73,393750.0,2178000.0,243.5,244.15,235.8,3.305,2026-01-13 23:17,-12424
ONGC,2026-01-27,234.0,10.6,2436750.0,753750.0,0.77,933750.0,3080250.0,243.5,244.15,235.8,3.305,2026-01-13 23:17,-14903
ONGC,2026-01-27,235.0,9.62,3937500.0,4432500.0,0.92,3267000.0,10424250.0,243.5,244.15,235.8,3.305,2026-01-13 23:17,-14787
ONGC,2026-01-27,236.0,8.96,2607750.0,1244250.0,1.01,929250.0,2396250.0,243.5,244.15,235.8,3.305,2026-01-13 23:17,-12974
ONGC,2026-01-27,237.0,8.15,999000.0,1082250.0,1.16,1143000.0,2673000.0,243.5,244.15,235.8,3.305,2026-01-13 23:17,-12052
ONGC,2026-01-27,237.5,7.42,1482750.0,882000.0,1.29,1287000.0,2103750.0,243.5,244.15,235.8,3.305,2026-01-13 23:17,-11924
ONGC,2026-01-27,238.0,7.18,11886750.0,8061750.0,1.35,2268000.0,4781250.0,243.5,244.15,235.8,3.305,2026-01-13 23:17,-11405
ONGC,2026-01-27,239.0,6.45,1683000.0,4032000.0,1.57,1264500.0,2367000.0,243.5,244.15,235.8,3.305,2026-01-13 23:17,-2590
ONGC,2026-01-27,240.0,5.61,13711500.0,50314500.0,1.89,7402500.0,19284750.0,243.5,244.15,235.8,3.305,2026-01-13 23:17,-823
ONGC,2026-01-27,241.0,5.0,1203750.0,8390250.0,2.2,1118250.0,3917250.0,243.5,244.15,235.8,3.305,2026-01-13 23:17,8461
ONGC,2026-01-27,242.0,4.4,1199250.0,10980000.0,2.62,902250.0,3026250.0,243.5,244.15,235.8,3.305,2026-01-13 23:17,12042
ONGC,2026-01-27,242.5,4.05,3507750.0,7398000.0,2.77,1212750.0,3519000.0,243.5,244.15,235.8,3.305,2026-01-13 23:17,14050
ONGC,2026-01-27,243.0,3.84,1307250.0,6750000.0,3.06,1021500.0,2790000.0,243.5,244.15,235.8,3.305,2026-01-13 23:17,17088
ONGC,2026-01-27,244.0,3.36,1669500.0,7299000.0,3.47,1037250.0,1901250.0,243.5,244.15,235.8,3.305,2026-01-13 23:17,21417
ONGC,2026-01-27,245.0,2.85,9913500.0,34452000.0,4.07,2034000.0,3359250.0,243.5,244.15,235.8,3.305,2026-01-13 23:17,26028
ONGC,2026-01-27,246.0,2.43,1147500.0,4245750.0,4.62,150750.0,130500.0,243.5,244.15,235.8,3.305,2026-01-13 23:17,33630
ONGC,2026-01-27,247.0,2.03,4857750.0,9771750.0,6.27,27000.0,33750.0,243.5,244.15,235.8,3.305,2026-01-13 23:17,39574
ONGC,2026-01-27,247.5,1.9,5796000.0,8689500.0,5.68,560250.0,726750.0,243.5,244.15,235.8,3.305,2026-01-13 23:17,43655
ONGC,2026-01-27,248.0,1.75,560250.0,2398500.0,13.41,78750.0,0.0,243.5,244.15,235.8,3.305,2026-01-13 23:17,47867
ONGC,2026-01-27,249.0,1.55,513000.0,2252250.0,6.63,76500.0,67500.0,243.5,244.15,235.8,3.305,2026-01-13 23:17,54782
ONGC,2026-01-27,250.0,1.36,11256750.0,22869000.0,7.43,522000.0,339750.0,243.5,244.15,235.8,3.305,2026-01-13 23:17,61792
ONGC,2026-01-27,251.0,1.19,515250.0,1577250.0,0.0,0.0,0.0,243.5,244.15,235.8,3.305,2026-01-13 23:17,71095
ONGC,2026-01-27,252.0,1.0,447750.0,1230750.0,16.74,36000.0,0.0,243.5,244.15,235.8,3.305,2026-01-13 23:17,79367
ONGC,2026-01-27,252.5,0.96,389250.0,787500.0,9.09,38250.0,0.0,243.5,244.15,235.8,3.305,2026-01-13 23:17,83481
ONGC,2026-01-27,253.0,0.87,202500.0,353250.0,0.0,0.0,0.0,243.5,244.15,235.8,3.305,2026-01-13 23:17,87635
ONGC,2026-01-27,254.0,0.8,324000.0,630000.0,0.0,0.0,0.0,243.5,244.15,235.8,3.305,2026-01-13 23:17,95975
ONGC,2026-01-27,255.0,0.71,1237500.0,4891500.0,12.05,297000.0,31500.0,243.5,244.15,235.8,3.305,2026-01-13 23:17,104355
ONGC,2026-01-27,256.0,0.55,177750.0,351000.0,0.0,0.0,0.0,243.5,244.15,235.8,3.305,2026-01-13 23:17,112593
ONGC,2026-01-27,257.5,0.55,222750.0,760500.0,18.51,4500.0,0.0,243.5,244.15,235.8,3.305,2026-01-13 23:17,125392
ONGC,2026-01-27,258.0,0.51,312750.0,765000.0,0.0,0.0,0.0,243.5,244.15,235.8,3.305,2026-01-13 23:17,129670
ONGC,2026-01-27,260.0,0.41,3834000.0,6804000.0,16.84,132750.0,13500.0,243.5,244.15,235.8,3.305,2026-01-13 23:17,146846
ONGC,2026-01-27,262.0,0.26,193500.0,0.0,0.0,0.0,0.0,243.5,244.15,235.8,3.305,2026-01-13 23:17,164733
ONGC,2026-01-27,262.5,0.36,171000.0,276750.0,0.0,0.0,0.0,243.5,244.15,235.8,3.305,2026-01-13 23:17,169236
ONGC,2026-01-27,264.0,0.24,281250.0,105750.0,21.78,60750.0,0.0,243.5,244.15,235.8,3.305,2026-01-13 23:17,182762
ONGC,2026-01-27,265.0,0.3,567000.0,2063250.0,28.55,1221750.0,0.0,243.5,244.15,235.8,3.305,2026-01-13 23:17,191683
ONGC,2026-01-27,266.0,0.0,0.0,0.0,0.0,0.0,0.0,243.5,244.15,235.8,3.305,2026-01-13 23:17,197438
ONGC,2026-01-27,267.5,0.41,49500.0,15750.0,0.0,0.0,0.0,243.5,244.15,235.8,3.305,2026-01-13 23:17,211278
ONGC,2026-01-27,270.0,0.21,1026000.0,2450250.0,28.5,180000.0,0.0,243.5,244.15,235.8,3.305,2026-01-13 23:17,234357
ONGC,2026-01-27,274.0,0.11,81000.0,27000.0,0.0,0.0,0.0,243.5,244.15,235.8,3.305,2026-01-13 23:17,271273
ONGC,2026-01-27,275.0,0.17,1975500.0,753750.0,33.0,308250.0,0.0,243.5,244.15,235.8,3.305,2026-01-13 23:17,280633
ONGC,2026-01-27,279.0,0.12,58500.0,9000.0,0.0,0.0,0.0,243.5,244.15,235.8,3.305,2026-01-13 23:17,318002
ONGC,2026-01-27,280.0,0.14,429750.0,283500.0,37.5,94500.0,6750.0,243.5,244.15,235.8,3.305,2026-01-13 23:17,327597
ONGC,2026-01-27,285.0,0.13,58500.0,11250.0,43.45,9000.0,0.0,243.5,244.15,235.8,3.305,2026-01-13 23:17,375481
PAGEIND,2026-01-27,29000.0,0.0,0.0,0.0,0.0,0.0,0.0,34550.0,34750.0,34215.0,0.538,2026-01-13 23:17,25350
PAGEIND,2026-01-27,30000.0,5000.0,180.0,0.0,30.6,2580.0,23310.0,34550.0,34750.0,34215.0,0.538,2026-01-13 23:17,20456
PAGEIND,2026-01-27,31000.0,5945.85,0.0,0.0,58.05,1005.0,0.0,34550.0,34750.0,34215.0,0.538,2026-01-13 23:17,15919
PAGEIND,2026-01-27,31500.0,0.0,0.0,0.0,75.6,510.0,0.0,34550.0,34750.0,34215.0,0.538,2026-01-13 23:17,13655
PAGEIND,2026-01-27,32000.0,3436.4,30.0,0.0,66.7,3930.0,8610.0,34550.0,34750.0,34215.0,0.538,2026-01-13 23:17,11417
PAGEIND,2026-01-27,32500.0,2500.0,0.0,0.0,98.5,825.0,2445.0,34550.0,34750.0,34215.0,0.538,2026-01-13 23:17,9366
PAGEIND,2026-01-27,33000.0,1683.95,150.0,0.0,141.6,3930.0,1515.0,34550.0,34750.0,34215.0,0.538,2026-01-13 23:17,7363
PAGEIND,2026-01-27,33500.0,0.0,0.0,0.0,244.4,3135.0,1410.0,34550.0,34750.0,34215.0,0.538,2026-01-13 23:17,5543
PAGEIND,2026-01-27,34000.0,916.35,1455.0,1695.0,400.0,4725.0,3420.0,34550.0,34750.0,34215.0,0.538,2026-01-13 23:17,3833
PAGEIND,2026-01-27,34500.0,624.0,6975.0,13020.0,624.95,3555.0,2925.0,34550.0,34750.0,34215.0,0.538,2026-01-13 23:17,2452
PAGEIND,2026-01-27,35000.0,432.25,8985.0,20595.0,926.1,9720.0,675.0,34550.0,34750.0,34215.0,0.538,2026-01-13 23:17,1868
PAGEIND,2026-01-27,35500.0,282.55,8505.0,5385.0,1286.35,3270.0,675.0,34550.0,34750.0,34215.0,0.538,2026-01-13 23:17,1493
PAGEIND,2026-01-27,36000.0,186.2,15825.0,24660.0,1654.1,4710.0,45.0,34550.0,34750.0,34215.0,0.538,2026-01-13 23:17,2039
PAGEIND,2026-01-27,36500.0,128.35,14970.0,2235.0,2176.85,1560.0,15.0,34550.0,34750.0,34215.0,0.538,2026-01-13 23:17,3307
PAGEIND,2026-01-27,37000.0,84.0,18105.0,11220.0,2400.0,1395.0,105.0,34550.0,34750.0,34215.0,0.538,2026-01-13 23:17,5739
PAGEIND,2026-01-27,37500.0,65.75,3150.0,1410.0,2080.0,75.0,0.0,34550.0,34750.0,34215.0,0.538,2026-01-13 23:17,9110
PAGEIND,2026-01-27,38000.0,45.55,10845.0,13470.0,3648.35,1440.0,0.0,34550.0,34750.0,34215.0,0.538,2026-01-13 23:17,12831
PAGEIND,2026-01-27,38500.0,41.0,1005.0,60.0,1759.0,15.0,0.0,34550.0,34750.0,34215.0,0.538,2026-01-13 23:17,16685
PAGEIND,2026-01-27,39000.0,29.65,10020.0,2520.0,3140.0,390.0,0.0,34550.0,34750.0,34215.0,0.538,2026-01-13 23:17,21067
PAGEIND,2026-01-27,39500.0,25.0,375.0,225.0,3268.75,0.0,0.0,34550.0,34750.0,34215.0,0.538,2026-01-13 23:17,25875
PAGEIND,2026-01-27,40000.0,23.55,7545.0,29565.0,3990.0,555.0,0.0,34550.0,34750.0,34215.0,0.538,2026-01-13 23:17,30796
PAGEIND,2026-01-27,40500.0,24.55,510.0,330.0,4722.0,45.0,0.0,34550.0,34750.0,34215.0,0.538,2026-01-13 23:17,35918
PAGEIND,2026-01-27,41000.0,24.0,1065.0,45.0,6510.0,555.0,15.0,34550.0,34750.0,34215.0,0.538,2026-01-13 23:17,41250
PAGEIND,2026-01-27,41500.0,21.45,510.0,0.0,0.0,0.0,0.0,34550.0,34750.0,34215.0,0.538,2026-01-13 23:17,46325
PAGEIND,2026-01-27,42000.0,19.0,2220.0,135.0,7075.0,300.0,0.0,34550.0,34750.0,34215.0,0.538,2026-01-13 23:17,51786
PAGEIND,2026-01-27,43000.0,10.0,1125.0,36990.0,6750.0,105.0,0.0,34550.0,34750.0,34215.0,0.538,2026-01-13 23:17,62748
PAGEIND,2026-01-27,43500.0,0.0,0.0,0.0,7100.0,15.0,0.0,34550.0,34750.0,34215.0,0.538,2026-01-13 23:17,68325
PAGEIND,2026-01-27,44000.0,8.0,510.0,360.0,9439.9,600.0,435.0,34550.0,34750.0,34215.0,0.538,2026-01-13 23:17,73962
PAGEIND,2026-01-27,45000.0,5.0,1005.0,0.0,0.0,0.0,0.0,34550.0,34750.0,34215.0,0.538,2026-01-13 23:17,84802
PATANJALI,2026-01-27,470.0,0.0,0.0,0.0,0.0,0.0,0.0,543.7,552.95,541.05,-1.405,2026-01-13 23:17,17737
PATANJALI,2026-01-27,480.0,94.0,2700.0,0.0,0.5,45900.0,0.0,543.7,552.95,541.05,-1.405,2026-01-13 23:17,14966
PATANJALI,2026-01-27,485.0,75.05,4500.0,0.0,0.95,74700.0,107100.0,543.7,552.95,541.05,-1.405,2026-01-13 23:17,13629
PATANJALI,2026-01-27,490.0,67.0,3600.0,0.0,0.85,30600.0,36900.0,543.7,552.95,541.05,-1.405,2026-01-13 23:17,12334
PATANJALI,2026-01-27,495.0,55.95,1800.0,0.0,0.7,15300.0,900.0,543.7,552.95,541.05,-1.405,2026-01-13 23:17,11052
PATANJALI,2026-01-27,500.0,74.55,27000.0,0.0,0.95,115200.0,22500.0,543.7,552.95,541.05,-1.405,2026-01-13 23:17,9765
PATANJALI,2026-01-27,505.0,64.65,9000.0,0.0,1.1,12600.0,0.0,543.7,552.95,541.05,-1.405,2026-01-13 23:17,8731
PATANJALI,2026-01-27,510.0,72.15,2700.0,0.0,1.6,138600.0,252900.0,543.7,552.95,541.05,-1.405,2026-01-13 23:17,7574
PATANJALI,2026-01-27,515.0,57.7,30600.0,0.0,2.0,85500.0,79200.0,543.7,552.95,541.05,-1.405,2026-01-13 23:17,6428
PATANJALI,2026-01-27,520.0,54.45,38700.0,0.0,2.65,427500.0,82800.0,543.7,552.95,541.05,-1.405,2026-01-13 23:17,5503
PATANJALI,2026-01-27,525.0,37.25,2700.0,0.0,3.8,119700.0,77400.0,543.7,552.95,541.05,-1.405,2026-01-13 23:17,4748
PATANJALI,2026-01-27,530.0,18.95,32400.0,3600.0,5.0,180900.0,132300.0,543.7,552.95,541.05,-1.405,2026-01-13 23:17,3922
PATANJALI,2026-01-27,535.0,15.5,19800.0,900.0,6.2,50400.0,9900.0,543.7,552.95,541.05,-1.405,2026-01-13 23:17,3209
PATANJALI,2026-01-27,540.0,13.95,291600.0,82800.0,8.5,191700.0,60300.0,543.7,552.95,541.05,-1.405,2026-01-13 23:17,2560
PATANJALI,2026-01-27,545.0,11.0,50400.0,36900.0,11.55,98100.0,54000.0,543.7,552.95,541.05,-1.405,2026-01-13 23:17,2396
PATANJALI,2026-01-27,550.0,8.65,455400.0,232200.0,13.45,223200.0,144000.0,543.7,552.95,541.05,-1.405,2026-01-13 23:17,2006
PATANJALI,2026-01-27,555.0,6.3,115200.0,17100.0,16.3,126900.0,17100.0,543.7,552.95,541.05,-1.405,2026-01-13 23:17,2106
PATANJALI,2026-01-27,560.0,5.25,330300.0,223200.0,19.6,86400.0,44100.0,543.7,552.95,541.05,-1.405,2026-01-13 23:17,2099
PATANJALI,2026-01-27,565.0,4.3,117900.0,43200.0,27.0,45000.0,900.0,543.7,552.95,541.05,-1.405,2026-01-13 23:17,2438
PATANJALI,2026-01-27,570.0,3.3,437400.0,250200.0,27.8,153000.0,39600.0,543.7,552.95,541.05,-1.405,2026-01-13 23:17,2785
PATANJALI,2026-01-27,575.0,2.65,153900.0,109800.0,32.15,46800.0,8100.0,543.7,552.95,541.05,-1.405,2026-01-13 23:17,3216
PATANJALI,2026-01-27,580.0,2.15,407700.0,184500.0,36.6,96300.0,38700.0,543.7,552.95,541.05,-1.405,2026-01-13 23:17,3919
PATANJALI,2026-01-27,585.0,1.7,49500.0,8100.0,22.15,11700.0,0.0,543.7,552.95,541.05,-1.405,2026-01-13 23:17,4719
PATANJALI,2026-01-27,590.0,1.55,245700.0,63900.0,30.15,54000.0,0.0,543.7,552.95,541.05,-1.405,2026-01-13 23:17,5797
PATANJALI,2026-01-27,595.0,1.4,105300.0,50400.0,29.7,17100.0,0.0,543.7,552.95,541.05,-1.405,2026-01-13 23:17,6917
PATANJALI,2026-01-27,600.0,1.3,1206900.0,310500.0,48.0,264600.0,0.0,543.7,552.95,541.05,-1.405,2026-01-13 23:17,8188
PATANJALI,2026-01-27,605.0,1.1,111600.0,64800.0,38.45,900.0,0.0,543.7,552.95,541.05,-1.405,2026-01-13 23:17,9116
PATANJALI,2026-01-27,610.0,1.0,204300.0,69300.0,57.05,18000.0,1800.0,543.7,552.95,541.05,-1.405,2026-01-13 23:17,11224
PATANJALI,2026-01-27,615.0,0.85,337500.0,0.0,0.0,0.0,0.0,543.7,552.95,541.05,-1.405,2026-01-13 23:17,13351
PATANJALI,2026-01-27,620.0,0.5,306000.0,18900.0,67.15,24300.0,0.0,543.7,552.95,541.05,-1.405,2026-01-13 23:17,15758
PATANJALI,2026-01-27,625.0,0.85,72000.0,0.0,0.0,0.0,0.0,543.7,552.95,541.05,-1.405,2026-01-13 23:17,18153
PATANJALI,2026-01-27,630.0,1.25,153000.0,0.0,54.7,5400.0,0.0,543.7,552.95,541.05,-1.405,2026-01-13 23:17,20739
PATANJALI,2026-01-27,640.0,0.6,250200.0,2700.0,0.0,0.0,0.0,543.7,552.95,541.05,-1.405,2026-01-13 23:17,26046
PATANJALI,2026-01-27,650.0,0.0,0.0,0.0,0.0,0.0,0.0,543.7,552.95,541.05,-1.405,2026-01-13 23:17,31628
PATANJALI,2026-01-27,660.0,0.35,74700.0,0.0,109.5,9900.0,0.0,543.7,552.95,541.05,-1.405,2026-01-13 23:17,37195
PAYTM,2026-01-27,1040.0,0.0,0.0,0.0,1.15,29000.0,3625.0,1281.6,1298.5,1268.0,1.112,2026-01-13 23:17,66803
PAYTM,2026-01-27,1080.0,236.95,1450.0,0.0,1.35,44950.0,21025.0,1281.6,1298.5,1268.0,1.112,2026-01-13 23:17,52706
PAYTM,2026-01-27,1120.0,180.9,0.0,0.0,2.3,271875.0,446600.0,1281.6,1298.5,1268.0,1.112,2026-01-13 23:17,38826
PAYTM,2026-01-27,1140.0,170.0,2175.0,0.0,3.05,67425.0,110200.0,1281.6,1298.5,1268.0,1.112,2026-01-13 23:17,32353
PAYTM,2026-01-27,1160.0,0.0,0.0,0.0,3.85,84825.0,84825.0,1281.6,1298.5,1268.0,1.112,2026-01-13 23:17,26098
PAYTM,2026-01-27,1180.0,0.0,0.0,0.0,5.9,94975.0,63075.0,1281.6,1298.5,1268.0,1.112,2026-01-13 23:17,19964
PAYTM,2026-01-27,1200.0,93.85,30450.0,9425.0,8.2,465450.0,661200.0,1281.6,1298.5,1268.0,1.112,2026-01-13 23:17,13996
PAYTM,2026-01-27,1220.0,110.0,725.0,0.0,12.05,83375.0,178350.0,1281.6,1298.5,1268.0,1.112,2026-01-13 23:17,8980
PAYTM,2026-01-27,1240.0,56.8,94250.0,84100.0,16.3,464725.0,424850.0,1281.6,1298.5,1268.0,1.112,2026-01-13 23:17,4136
PAYTM,2026-01-27,1260.0,45.5,123975.0,319725.0,23.4,432825.0,693100.0,1281.6,1298.5,1268.0,1.112,2026-01-13 23:17,280
PAYTM,2026-01-27,1280.0,33.35,335675.0,1466675.0,32.25,294350.0,560425.0,1281.6,1298.5,1268.0,1.112,2026-01-13 23:17,-2687
PAYTM,2026-01-27,1300.0,24.45,948300.0,2520825.0,43.2,549550.0,411075.0,1281.6,1298.5,1268.0,1.112,2026-01-13 23:17,-3777
PAYTM,2026-01-27,1320.0,17.9,806925.0,1161450.0,55.15,256650.0,43500.0,1281.6,1298.5,1268.0,1.112,2026-01-13 23:17,-2097
PAYTM,2026-01-27,1340.0,12.7,907700.0,1241200.0,80.5,217500.0,35525.0,1281.6,1298.5,1268.0,1.112,2026-01-13 23:17,1794
PAYTM,2026-01-27,1360.0,8.8,647425.0,935975.0,87.65,63075.0,81925.0,1281.6,1298.5,1268.0,1.112,2026-01-13 23:17,7309
PAYTM,2026-01-27,1380.0,6.25,262450.0,325525.0,97.75,21750.0,0.0,1281.6,1298.5,1268.0,1.112,2026-01-13 23:17,14860
PAYTM,2026-01-27,1400.0,4.55,754000.0,756175.0,130.7,58725.0,0.0,1281.6,1298.5,1268.0,1.112,2026-01-13 23:17,22914
PAYTM,2026-01-27,1420.0,3.3,209525.0,171825.0,149.7,4350.0,2900.0,1281.6,1298.5,1268.0,1.112,2026-01-13 23:17,32218
PAYTM,2026-01-27,1440.0,2.7,49300.0,52925.0,167.0,6525.0,0.0,1281.6,1298.5,1268.0,1.112,2026-01-13 23:17,42377
PAYTM,2026-01-27,1460.0,2.05,269700.0,43500.0,0.0,0.0,0.0,1281.6,1298.5,1268.0,1.112,2026-01-13 23:17,52549
PAYTM,2026-01-27,1480.0,1.85,242150.0,47850.0,175.0,5075.0,0.0,1281.6,1298.5,1268.0,1.112,2026-01-13 23:17,63411
PAYTM,2026-01-27,1520.0,1.15,60900.0,7975.0,0.0,0.0,0.0,1281.6,1298.5,1268.0,1.112,2026-01-13 23:17,85970
PAYTM,2026-01-27,1560.0,0.6,65975.0,9425.0,223.0,35525.0,0.0,1281.6,1298.5,1268.0,1.112,2026-01-13 23:17,108823
PERSISTENT,2026-01-27,5200.0,1236.0,700.0,0.0,4.15,5300.0,2300.0,6350.0,6424.5,6278.0,0.387,2026-01-13 23:17,36746
PERSISTENT,2026-01-27,5400.0,870.0,500.0,0.0,10.7,7100.0,0.0,6350.0,6424.5,6278.0,0.387,2026-01-13 23:17,26798
PERSISTENT,2026-01-27,5500.0,852.75,4000.0,0.0,11.65,25900.0,38600.0,6350.0,6424.5,6278.0,0.387,2026-01-13 23:17,21894
PERSISTENT,2026-01-27,5600.0,617.45,200.0,0.0,18.25,25800.0,7900.0,6350.0,6424.5,6278.0,0.387,2026-01-13 23:17,17564
PERSISTENT,2026-01-27,5700.0,590.0,100.0,0.0,22.8,17500.0,4300.0,6350.0,6424.5,6278.0,0.387,2026-01-13 23:17,13148
PERSISTENT,2026-01-27,5800.0,570.0,1400.0,0.0,31.95,31100.0,15500.0,6350.0,6424.5,6278.0,0.387,2026-01-13 23:17,8909
PERSISTENT,2026-01-27,5900.0,455.65,600.0,0.0,45.95,25800.0,10800.0,6350.0,6424.5,6278.0,0.387,2026-01-13 23:17,5010
PERSISTENT,2026-01-27,6000.0,405.0,37300.0,46100.0,69.0,82100.0,61800.0,6350.0,6424.5,6278.0,0.387,2026-01-13 23:17,1303
PERSISTENT,2026-01-27,6100.0,324.1,7700.0,1300.0,92.8,26900.0,34700.0,6350.0,6424.5,6278.0,0.387,2026-01-13 23:17,-174
PERSISTENT,2026-01-27,6200.0,265.0,36900.0,7400.0,130.0,52100.0,51000.0,6350.0,6424.5,6278.0,0.387,2026-01-13 23:17,-2250
PERSISTENT,2026-01-27,6300.0,210.95,72800.0,104100.0,172.0,66700.0,115300.0,6350.0,6424.5,6278.0,0.387,2026-01-13 23:17,-3136
PERSISTENT,2026-01-27,6400.0,163.7,87200.0,176300.0,224.2,56800.0,29800.0,6350.0,6424.5,6278.0,0.387,2026-01-13 23:17,-2538
PERSISTENT,2026-01-27,6500.0,123.45,113500.0,110400.0,285.6,55900.0,19300.0,6350.0,6424.5,6278.0,0.387,2026-01-13 23:17,-735
PERSISTENT,2026-01-27,6600.0,93.0,105500.0,65500.0,342.2,13500.0,2500.0,6350.0,6424.5,6278.0,0.387,2026-01-13 23:17,2411
PERSISTENT,2026-01-27,6700.0,67.95,43600.0,55800.0,439.5,12700.0,0.0,6350.0,6424.5,6278.0,0.387,2026-01-13 23:17,7464
PERSISTENT,2026-01-27,6800.0,49.7,32400.0,33200.0,540.0,1200.0,0.0,6350.0,6424.5,6278.0,0.387,2026-01-13 23:17,12298
PERSISTENT,2026-01-27,6900.0,36.1,38000.0,7300.0,0.0,0.0,0.0,6350.0,6424.5,6278.0,0.387,2026-01-13 23:17,17826
PERSISTENT,2026-01-27,7000.0,26.0,83000.0,59100.0,0.0,0.0,0.0,6350.0,6424.5,6278.0,0.387,2026-01-13 23:17,23775
PERSISTENT,2026-01-27,7100.0,18.8,5000.0,5600.0,757.65,300.0,400.0,6350.0,6424.5,6278.0,0.387,2026-01-13 23:17,30633
PERSISTENT,2026-01-27,7200.0,13.2,61000.0,21900.0,885.0,500.0,0.0,6350.0,6424.5,6278.0,0.387,2026-01-13 23:17,37315
PERSISTENT,2026-01-27,7400.0,6.85,32400.0,7800.0,1065.0,400.0,0.0,6350.0,6424.5,6278.0,0.387,2026-01-13 23:17,51971
PERSISTENT,2026-01-27,7600.0,0.0,0.0,0.0,0.0,0.0,0.0,6350.0,6424.5,6278.0,0.387,2026-01-13 23:17,67226
PETRONET,2026-01-27,230.0,0.0,0.0,0.0,0.35,3800.0,0.0,287.05,288.8,282.2,0.262,2026-01-13 23:17,76802
PETRONET,2026-01-27,242.5,0.0,0.0,0.0,0.7,7600.0,0.0,287.05,288.8,282.2,0.262,2026-01-13 23:17,54204
PETRONET,2026-01-27,245.0,51.1,17100.0,0.0,0.4,104500.0,0.0,287.05,288.8,282.2,0.262,2026-01-13 23:17,49685
PETRONET,2026-01-27,247.5,0.0,0.0,0.0,2.0,5700.0,0.0,287.05,288.8,282.2,0.262,2026-01-13 23:17,45281
PETRONET,2026-01-27,250.0,44.1,3800.0,0.0,0.45,385700.0,47500.0,287.05,288.8,282.2,0.262,2026-01-13 23:17,40794
PETRONET,2026-01-27,252.5,21.4,1900.0,0.0,0.0,0.0,0.0,287.05,288.8,282.2,0.262,2026-01-13 23:17,36405
PETRONET,2026-01-27,255.0,0.0,0.0,0.0,0.3,11400.0,0.0,287.05,288.8,282.2,0.262,2026-01-13 23:17,32021
PETRONET,2026-01-27,257.5,0.0,0.0,0.0,0.65,366700.0,0.0,287.05,288.8,282.2,0.262,2026-01-13 23:17,27636
PETRONET,2026-01-27,260.0,32.8,24700.0,0.0,0.65,678300.0,66500.0,287.05,288.8,282.2,0.262,2026-01-13 23:17,23318
PETRONET,2026-01-27,262.5,0.0,0.0,0.0,1.05,817000.0,0.0,287.05,288.8,282.2,0.262,2026-01-13 23:17,19237
PETRONET,2026-01-27,263.0,0.0,0.0,0.0,0.95,511100.0,0.0,287.05,288.8,282.2,0.262,2026-01-13 23:17,18369
PETRONET,2026-01-27,265.0,21.8,1900.0,0.0,0.9,5124300.0,165300.0,287.05,288.8,282.2,0.262,2026-01-13 23:17,15292
PETRONET,2026-01-27,267.5,28.0,7600.0,0.0,1.15,824600.0,115900.0,287.05,288.8,282.2,0.262,2026-01-13 23:17,12330
PETRONET,2026-01-27,270.0,20.0,68400.0,22800.0,1.3,720100.0,157700.0,287.05,288.8,282.2,0.262,2026-01-13 23:17,9961
PETRONET,2026-01-27,272.5,15.3,24700.0,0.0,1.4,252700.0,11400.0,287.05,288.8,282.2,0.262,2026-01-13 23:17,7905
PETRONET,2026-01-27,275.0,11.7,279300.0,13300.0,1.7,473100.0,260300.0,287.05,288.8,282.2,0.262,2026-01-13 23:17,5878
PETRONET,2026-01-27,277.5,18.4,108300.0,0.0,2.05,216600.0,152000.0,287.05,288.8,282.2,0.262,2026-01-13 23:17,4282
PETRONET,2026-01-27,280.0,10.95,1031700.0,110200.0,2.6,1261600.0,473100.0,287.05,288.8,282.2,0.262,2026-01-13 23:17,2677
PETRONET,2026-01-27,282.5,8.75,285000.0,83600.0,3.3,191900.0,290700.0,287.05,288.8,282.2,0.262,2026-01-13 23:17,2292
PETRONET,2026-01-27,283.0,6.0,83600.0,0.0,0.0,0.0,0.0,287.05,288.8,282.2,0.262,2026-01-13 23:17,2264
PETRONET,2026-01-27,285.0,7.75,1873400.0,883500.0,4.3,986100.0,514900.0,287.05,288.8,282.2,0.262,2026-01-13 23:17,1477
PETRONET,2026-01-27,287.5,6.45,478800.0,604200.0,5.25,163400.0,212800.0,287.05,288.8,282.2,0.262,2026-01-13 23:17,2173
PETRONET,2026-01-27,290.0,5.25,1501000.0,3549200.0,6.9,1611200.0,150100.0,287.05,288.8,282.2,0.262,2026-01-13 23:17,2224
PETRONET,2026-01-27,292.5,4.2,300200.0,416100.0,11.05,195700.0,11400.0,287.05,288.8,282.2,0.262,2026-01-13 23:17,2507
PETRONET,2026-01-27,293.0,3.7,134900.0,106400.0,0.0,0.0,0.0,287.05,288.8,282.2,0.262,2026-01-13 23:17,2563
PETRONET,2026-01-27,295.0,3.3,1126700.0,1128600.0,9.8,361000.0,24700.0,287.05,288.8,282.2,0.262,2026-01-13 23:17,3224
PETRONET,2026-01-27,297.5,2.3,281200.0,114000.0,10.9,195700.0,0.0,287.05,288.8,282.2,0.262,2026-01-13 23:17,4379
PETRONET,2026-01-27,298.0,2.3,136800.0,60800.0,0.0,0.0,0.0,287.05,288.8,282.2,0.262,2026-01-13 23:17,4481
PETRONET,2026-01-27,300.0,2.1,2517500.0,1432600.0,13.3,2527000.0,26600.0,287.05,288.8,282.2,0.262,2026-01-13 23:17,5544
PETRONET,2026-01-27,302.5,1.35,157700.0,53200.0,12.05,11400.0,0.0,287.05,288.8,282.2,0.262,2026-01-13 23:17,5263
PETRONET,2026-01-27,303.0,1.55,114000.0,13300.0,0.0,0.0,0.0,287.05,288.8,282.2,0.262,2026-01-13 23:17,5789
PETRONET,2026-01-27,305.0,1.3,250800.0,209000.0,16.7,11400.0,0.0,287.05,288.8,282.2,0.262,2026-01-13 23:17,7904
PETRONET,2026-01-27,307.5,1.05,108300.0,28500.0,14.65,20900.0,0.0,287.05,288.8,282.2,0.262,2026-01-13 23:17,10604
PETRONET,2026-01-27,308.0,1.0,58900.0,5700.0,0.0,0.0,0.0,287.05,288.8,282.2,0.262,2026-01-13 23:17,11129
PETRONET,2026-01-27,310.0,0.95,1083000.0,670700.0,22.4,22800.0,0.0,287.05,288.8,282.2,0.262,2026-01-13 23:17,13322
PETRONET,2026-01-27,312.5,0.5,62700.0,9500.0,0.0,0.0,0.0,287.05,288.8,282.2,0.262,2026-01-13 23:17,16385
PETRONET,2026-01-27,315.0,0.6,114000.0,34200.0,33.25,9500.0,0.0,287.05,288.8,282.2,0.262,2026-01-13 23:17,19414
PETRONET,2026-01-27,317.5,0.0,0.0,0.0,0.0,0.0,0.0,287.05,288.8,282.2,0.262,2026-01-13 23:17,22446
PETRONET,2026-01-27,320.0,0.45,399000.0,178600.0,30.8,9500.0,0.0,287.05,288.8,282.2,0.262,2026-01-13 23:17,25503
PETRONET,2026-01-27,322.5,0.0,0.0,0.0,0.0,0.0,0.0,287.05,288.8,282.2,0.262,2026-01-13 23:17,28651
PETRONET,2026-01-27,323.0,0.4,53200.0,1900.0,0.0,0.0,0.0,287.05,288.8,282.2,0.262,2026-01-13 23:17,29283
PETRONET,2026-01-27,325.0,0.35,163400.0,9500.0,0.0,0.0,0.0,287.05,288.8,282.2,0.262,2026-01-13 23:17,31823
PETRONET,2026-01-27,330.0,0.35,262200.0,39900.0,0.0,0.0,0.0,287.05,288.8,282.2,0.262,2026-01-13 23:17,38256
PETRONET,2026-01-27,335.0,0.0,0.0,0.0,0.0,0.0,0.0,287.05,288.8,282.2,0.262,2026-01-13 23:17,44823
PFC,2026-01-27,280.0,79.0,10400.0,0.0,0.1,10400.0,0.0,369.95,374.9,366.0,-0.498,2026-01-13 23:17,186352
PFC,2026-01-27,290.0,0.0,0.0,0.0,0.15,5200.0,0.0,369.95,374.9,366.0,-0.498,2026-01-13 23:17,160605
PFC,2026-01-27,300.0,71.0,13000.0,0.0,0.25,490100.0,33800.0,369.95,374.9,366.0,-0.498,2026-01-13 23:17,134780
PFC,2026-01-27,305.0,0.0,0.0,0.0,0.9,15600.0,0.0,369.95,374.9,366.0,-0.498,2026-01-13 23:17,122199
PFC,2026-01-27,310.0,0.0,0.0,0.0,0.3,135200.0,16900.0,369.95,374.9,366.0,-0.498,2026-01-13 23:17,109545
PFC,2026-01-27,315.0,46.0,2600.0,0.0,0.45,118300.0,0.0,369.95,374.9,366.0,-0.498,2026-01-13 23:17,96956
PFC,2026-01-27,320.0,49.5,62400.0,0.0,0.45,730600.0,32500.0,369.95,374.9,366.0,-0.498,2026-01-13 23:17,84438
PFC,2026-01-27,325.0,28.5,74100.0,0.0,0.45,162500.0,3900.0,369.95,374.9,366.0,-0.498,2026-01-13 23:17,72585
PFC,2026-01-27,327.5,0.0,0.0,0.0,0.9,1300.0,0.0,369.95,374.9,366.0,-0.498,2026-01-13 23:17,66784
PFC,2026-01-27,330.0,42.8,258700.0,0.0,0.55,929500.0,286000.0,369.95,374.9,366.0,-0.498,2026-01-13 23:17,60779
PFC,2026-01-27,332.5,0.0,0.0,0.0,0.95,39000.0,0.0,369.95,374.9,366.0,-0.498,2026-01-13 23:17,56128
PFC,2026-01-27,335.0,33.0,89700.0,0.0,0.75,252200.0,115700.0,369.95,374.9,366.0,-0.498,2026-01-13 23:17,50426
PFC,2026-01-27,337.5,0.0,0.0,0.0,0.0,0.0,0.0,369.95,374.9,366.0,-0.498,2026-01-13 23:17,45091
PFC,2026-01-27,340.0,29.3,985400.0,10400.0,0.9,1710800.0,230100.0,369.95,374.9,366.0,-0.498,2026-01-13 23:17,39478
PFC,2026-01-27,342.5,24.05,2600.0,0.0,1.1,109200.0,29900.0,369.95,374.9,366.0,-0.498,2026-01-13 23:17,37273
PFC,2026-01-27,345.0,29.15,261300.0,0.0,1.25,596700.0,328900.0,369.95,374.9,366.0,-0.498,2026-01-13 23:17,32357
PFC,2026-01-27,347.5,30.4,7800.0,0.0,1.55,208000.0,170300.0,369.95,374.9,366.0,-0.498,2026-01-13 23:17,28348
PFC,2026-01-27,350.0,20.5,3000400.0,54600.0,1.7,3927300.0,660400.0,369.95,374.9,366.0,-0.498,2026-01-13 23:17,23698
PFC,2026-01-27,352.5,20.25,68900.0,0.0,2.25,321100.0,78000.0,369.95,374.9,366.0,-0.498,2026-01-13 23:17,26271
PFC,2026-01-27,355.0,17.0,1796600.0,23400.0,2.45,1920100.0,1017900.0,369.95,374.9,366.0,-0.498,2026-01-13 23:17,23526
PFC,2026-01-27,357.5,15.25,62400.0,5200.0,3.0,406900.0,258700.0,369.95,374.9,366.0,-0.498,2026-01-13 23:17,24226
PFC,2026-01-27,360.0,13.15,2853500.0,529100.0,3.6,2823600.0,1510600.0,369.95,374.9,366.0,-0.498,2026-01-13 23:17,22433
PFC,2026-01-27,362.5,11.4,170300.0,163800.0,4.5,388700.0,526500.0,369.95,374.9,366.0,-0.498,2026-01-13 23:17,24822
PFC,2026-01-27,365.0,10.05,946400.0,1651000.0,5.1,1180400.0,5954000.0,369.95,374.9,366.0,-0.498,2026-01-13 23:17,24634
PFC,2026-01-27,367.5,8.6,323700.0,2334800.0,6.25,349700.0,6272500.0,369.95,374.9,366.0,-0.498,2026-01-13 23:17,25308
PFC,2026-01-27,370.0,7.4,2789800.0,10370100.0,7.5,1762800.0,8798400.0,369.95,374.9,366.0,-0.498,2026-01-13 23:17,25861
PFC,2026-01-27,372.5,6.25,396500.0,4435600.0,8.9,332800.0,1791400.0,369.95,374.9,366.0,-0.498,2026-01-13 23:17,28234
PFC,2026-01-27,375.0,5.3,1922700.0,10536500.0,10.45,848900.0,1118000.0,369.95,374.9,366.0,-0.498,2026-01-13 23:17,30000
PFC,2026-01-27,377.5,4.4,816400.0,5314400.0,12.4,263900.0,209300.0,369.95,374.9,366.0,-0.498,2026-01-13 23:17,32638
PFC,2026-01-27,380.0,3.65,5336500.0,12994800.0,14.05,1307800.0,88400.0,369.95,374.9,366.0,-0.498,2026-01-13 23:17,35446
PFC,2026-01-27,382.5,3.15,478400.0,7189000.0,16.3,154700.0,6500.0,369.95,374.9,366.0,-0.498,2026-01-13 23:17,39994
PFC,2026-01-27,385.0,2.65,1565200.0,1147900.0,18.05,217100.0,10400.0,369.95,374.9,366.0,-0.498,2026-01-13 23:17,44489
PFC,2026-01-27,387.5,2.2,271700.0,274300.0,20.4,6500.0,5200.0,369.95,374.9,366.0,-0.498,2026-01-13 23:17,49553
PFC,2026-01-27,390.0,1.85,2115100.0,1731600.0,23.1,531700.0,7800.0,369.95,374.9,366.0,-0.498,2026-01-13 23:17,54710
PFC,2026-01-27,392.5,1.5,193700.0,150800.0,23.0,24700.0,1300.0,369.95,374.9,366.0,-0.498,2026-01-13 23:17,59646
PFC,2026-01-27,395.0,1.35,681200.0,404300.0,44.0,15600.0,0.0,369.95,374.9,366.0,-0.498,2026-01-13 23:17,65446
PFC,2026-01-27,397.5,0.0,0.0,0.0,0.0,0.0,0.0,369.95,374.9,366.0,-0.498,2026-01-13 23:17,71470
PFC,2026-01-27,400.0,1.0,4230200.0,2925000.0,33.2,1777100.0,13000.0,369.95,374.9,366.0,-0.498,2026-01-13 23:17,77472
PFC,2026-01-27,402.5,0.9,16900.0,6500.0,0.0,0.0,0.0,369.95,374.9,366.0,-0.498,2026-01-13 23:17,79498
PFC,2026-01-27,405.0,0.8,530400.0,76700.0,32.35,10400.0,0.0,369.95,374.9,366.0,-0.498,2026-01-13 23:17,87007
PFC,2026-01-27,407.5,1.75,1300.0,0.0,0.0,0.0,0.0,369.95,374.9,366.0,-0.498,2026-01-13 23:17,94659
PFC,2026-01-27,410.0,0.65,1229800.0,731900.0,38.3,249600.0,0.0,369.95,374.9,366.0,-0.498,2026-01-13 23:17,102302
PFC,2026-01-27,415.0,0.7,130000.0,0.0,0.0,0.0,0.0,369.95,374.9,366.0,-0.498,2026-01-13 23:17,117452
PFC,2026-01-27,420.0,0.4,780000.0,218400.0,49.95,395200.0,6500.0,369.95,374.9,366.0,-0.498,2026-01-13 23:17,133551
PFC,2026-01-27,425.0,0.0,0.0,0.0,0.0,0.0,0.0,369.95,374.9,366.0,-0.498,2026-01-13 23:17,148287
PFC,2026-01-27,430.0,0.35,841100.0,460200.0,57.9,1119300.0,0.0,369.95,374.9,366.0,-0.498,2026-01-13 23:17,164965
PFC,2026-01-27,450.0,0.3,263900.0,0.0,0.0,0.0,0.0,369.95,374.9,366.0,-0.498,2026-01-13 23:17,229148
PGEL,2026-01-27,440.0,158.05,19000.0,0.0,0.2,0.0,0.0,590.9,600.8,580.35,-0.781,2026-01-13 23:17,49946
PGEL,2026-01-27,450.0,0.0,0.0,0.0,0.25,2850.0,1900.0,590.9,600.8,580.35,-0.781,2026-01-13 23:17,46269
PGEL,2026-01-27,460.0,133.15,2850.0,0.0,0.2,12350.0,0.0,590.9,600.8,580.35,-0.781,2026-01-13 23:17,42294
PGEL,2026-01-27,470.0,0.0,0.0,0.0,2.2,1900.0,0.0,590.9,600.8,580.35,-0.781,2026-01-13 23:17,38372
PGEL,2026-01-27,480.0,0.0,0.0,0.0,0.5,49400.0,32300.0,590.9,600.8,580.35,-0.781,2026-01-13 23:17,34414
PGEL,2026-01-27,490.0,0.0,0.0,0.0,0.5,13300.0,0.0,590.9,600.8,580.35,-0.781,2026-01-13 23:17,30503
PGEL,2026-01-27,500.0,99.0,10450.0,0.0,1.3,107350.0,19000.0,590.9,600.8,580.35,-0.781,2026-01-13 23:17,26607
PGEL,2026-01-27,510.0,0.0,0.0,0.0,1.2,38000.0,23750.0,590.9,600.8,580.35,-0.781,2026-01-13 23:17,22920
PGEL,2026-01-27,520.0,69.7,8550.0,4750.0,1.45,150100.0,185250.0,590.9,600.8,580.35,-0.781,2026-01-13 23:17,19176
PGEL,2026-01-27,530.0,68.55,20900.0,0.0,2.0,109250.0,121600.0,590.9,600.8,580.35,-0.781,2026-01-13 23:17,15633
PGEL,2026-01-27,540.0,53.0,11400.0,2850.0,2.9,177650.0,470250.0,590.9,600.8,580.35,-0.781,2026-01-13 23:17,12304
PGEL,2026-01-27,550.0,44.15,30400.0,5700.0,3.65,466450.0,883500.0,590.9,600.8,580.35,-0.781,2026-01-13 23:17,9052
PGEL,2026-01-27,560.0,34.65,38000.0,5700.0,5.4,331550.0,347700.0,590.9,600.8,580.35,-0.781,2026-01-13 23:17,6251
PGEL,2026-01-27,570.0,29.8,75050.0,5700.0,7.65,263150.0,361950.0,590.9,600.8,580.35,-0.781,2026-01-13 23:17,3809
PGEL,2026-01-27,580.0,22.65,171950.0,213750.0,10.7,540550.0,635550.0,590.9,600.8,580.35,-0.781,2026-01-13 23:17,1774
PGEL,2026-01-27,590.0,17.8,228000.0,567150.0,14.4,571900.0,366700.0,590.9,600.8,580.35,-0.781,2026-01-13 23:17,241
PGEL,2026-01-27,600.0,12.85,699200.0,1745150.0,20.4,369550.0,316350.0,590.9,600.8,580.35,-0.781,2026-01-13 23:17,-720
PGEL,2026-01-27,610.0,9.15,240350.0,361000.0,26.9,154850.0,23750.0,590.9,600.8,580.35,-0.781,2026-01-13 23:17,-51
PGEL,2026-01-27,620.0,6.5,1182750.0,1072550.0,41.75,240350.0,16150.0,590.9,600.8,580.35,-0.781,2026-01-13 23:17,671
PGEL,2026-01-27,630.0,4.6,646950.0,1846800.0,42.0,155800.0,13300.0,590.9,600.8,580.35,-0.781,2026-01-13 23:17,2779
PGEL,2026-01-27,640.0,3.4,626050.0,714400.0,48.0,102600.0,0.0,590.9,600.8,580.35,-0.781,2026-01-13 23:17,5568
PGEL,2026-01-27,650.0,2.55,1153300.0,1005100.0,60.0,57000.0,16150.0,590.9,600.8,580.35,-0.781,2026-01-13 23:17,9162
PGEL,2026-01-27,660.0,1.8,395200.0,284050.0,65.9,23750.0,0.0,590.9,600.8,580.35,-0.781,2026-01-13 23:17,14199
PGEL,2026-01-27,670.0,1.5,273600.0,103550.0,86.1,11400.0,2850.0,590.9,600.8,580.35,-0.781,2026-01-13 23:17,19617
PGEL,2026-01-27,680.0,1.1,467400.0,735300.0,85.1,16150.0,0.0,590.9,600.8,580.35,-0.781,2026-01-13 23:17,25348
PGEL,2026-01-27,690.0,0.9,315400.0,59850.0,94.55,10450.0,0.0,590.9,600.8,580.35,-0.781,2026-01-13 23:17,31534
PGEL,2026-01-27,700.0,0.8,346750.0,243200.0,104.2,14250.0,0.0,590.9,600.8,580.35,-0.781,2026-01-13 23:17,38061
PGEL,2026-01-27,710.0,0.7,38000.0,24700.0,112.7,4750.0,0.0,590.9,600.8,580.35,-0.781,2026-01-13 23:17,44899
PGEL,2026-01-27,720.0,0.55,134900.0,33250.0,0.0,0.0,0.0,590.9,600.8,580.35,-0.781,2026-01-13 23:17,51850
PHOENIXLTD,2026-01-27,1480.0,304.25,3850.0,0.0,0.3,51450.0,3150.0,1892.5,1925.8,1880.0,0.393,2026-01-13 23:17,13609
PHOENIXLTD,2026-01-27,1520.0,0.0,0.0,0.0,1.35,16450.0,0.0,1892.5,1925.8,1880.0,0.393,2026-01-13 23:17,11748
PHOENIXLTD,2026-01-27,1560.0,378.75,2800.0,0.0,1.9,2450.0,0.0,1892.5,1925.8,1880.0,0.393,2026-01-13 23:17,9834
PHOENIXLTD,2026-01-27,1600.0,256.0,3150.0,0.0,0.0,0.0,0.0,1892.5,1925.8,1880.0,0.393,2026-01-13 23:17,8050
PHOENIXLTD,2026-01-27,1640.0,260.65,1050.0,0.0,2.65,15050.0,0.0,1892.5,1925.8,1880.0,0.393,2026-01-13 23:17,6253
PHOENIXLTD,2026-01-27,1660.0,240.0,1750.0,350.0,0.0,0.0,0.0,1892.5,1925.8,1880.0,0.393,2026-01-13 23:17,5370
PHOENIXLTD,2026-01-27,1680.0,200.35,1050.0,0.0,3.05,15050.0,1400.0,1892.5,1925.8,1880.0,0.393,2026-01-13 23:17,4509
PHOENIXLTD,2026-01-27,1700.0,250.0,5600.0,0.0,3.65,17500.0,21350.0,1892.5,1925.8,1880.0,0.393,2026-01-13 23:17,3655
PHOENIXLTD,2026-01-27,1720.0,98.9,2800.0,0.0,3.3,8750.0,19950.0,1892.5,1925.8,1880.0,0.393,2026-01-13 23:17,2964
PHOENIXLTD,2026-01-27,1740.0,161.85,45850.0,700.0,3.75,11900.0,26600.0,1892.5,1925.8,1880.0,0.393,2026-01-13 23:17,2187
PHOENIXLTD,2026-01-27,1760.0,129.2,17500.0,0.0,4.9,55300.0,8400.0,1892.5,1925.8,1880.0,0.393,2026-01-13 23:17,2239
PHOENIXLTD,2026-01-27,1780.0,69.5,3150.0,0.0,5.9,61950.0,71400.0,1892.5,1925.8,1880.0,0.393,2026-01-13 23:17,1897
PHOENIXLTD,2026-01-27,1800.0,118.85,16450.0,4900.0,8.0,62300.0,74200.0,1892.5,1925.8,1880.0,0.393,2026-01-13 23:17,1472
PHOENIXLTD,2026-01-27,1820.0,82.3,2450.0,0.0,14.0,2450.0,0.0,1892.5,1925.8,1880.0,0.393,2026-01-13 23:17,1365
PHOENIXLTD,2026-01-27,1840.0,68.8,17850.0,1750.0,15.65,41300.0,55300.0,1892.5,1925.8,1880.0,0.393,2026-01-13 23:17,1139
PHOENIXLTD,2026-01-27,1860.0,60.25,28700.0,19600.0,22.6,31150.0,56700.0,1892.5,1925.8,1880.0,0.393,2026-01-13 23:17,1073
PHOENIXLTD,2026-01-27,1880.0,47.6,26250.0,30450.0,27.0,33950.0,52850.0,1892.5,1925.8,1880.0,0.393,2026-01-13 23:17,1170
PHOENIXLTD,2026-01-27,1900.0,36.4,103250.0,473900.0,38.5,55300.0,133700.0,1892.5,1925.8,1880.0,0.393,2026-01-13 23:17,1319
PHOENIXLTD,2026-01-27,1920.0,27.25,41300.0,68250.0,50.55,10150.0,6650.0,1892.5,1925.8,1880.0,0.393,2026-01-13 23:17,1915
PHOENIXLTD,2026-01-27,1940.0,18.5,33250.0,47950.0,77.0,17850.0,0.0,1892.5,1925.8,1880.0,0.393,2026-01-13 23:17,2511
PHOENIXLTD,2026-01-27,1960.0,14.65,65100.0,94500.0,90.0,11550.0,0.0,1892.5,1925.8,1880.0,0.393,2026-01-13 23:17,3073
PHOENIXLTD,2026-01-27,1980.0,10.8,68250.0,95550.0,90.65,700.0,2450.0,1892.5,1925.8,1880.0,0.393,2026-01-13 23:17,3856
PHOENIXLTD,2026-01-27,2000.0,7.2,114100.0,194250.0,113.5,25900.0,65800.0,1892.5,1925.8,1880.0,0.393,2026-01-13 23:17,4852
PHOENIXLTD,2026-01-27,2020.0,5.6,3150.0,9100.0,0.0,0.0,0.0,1892.5,1925.8,1880.0,0.393,2026-01-13 23:17,5849
PHOENIXLTD,2026-01-27,2040.0,4.05,7000.0,6650.0,0.0,0.0,0.0,1892.5,1925.8,1880.0,0.393,2026-01-13 23:17,7066
PHOENIXLTD,2026-01-27,2060.0,3.1,29750.0,29050.0,0.0,0.0,0.0,1892.5,1925.8,1880.0,0.393,2026-01-13 23:17,8298
PHOENIXLTD,2026-01-27,2080.0,2.5,77350.0,92750.0,164.25,1050.0,0.0,1892.5,1925.8,1880.0,0.393,2026-01-13 23:17,9596
PHOENIXLTD,2026-01-27,2100.0,0.0,0.0,0.0,0.0,0.0,0.0,1892.5,1925.8,1880.0,0.393,2026-01-13 23:17,11043
PHOENIXLTD,2026-01-27,2120.0,1.75,8750.0,1750.0,0.0,0.0,0.0,1892.5,1925.8,1880.0,0.393,2026-01-13 23:17,12489
PHOENIXLTD,2026-01-27,2140.0,0.0,0.0,0.0,0.0,0.0,0.0,1892.5,1925.8,1880.0,0.393,2026-01-13 23:17,13953
PHOENIXLTD,2026-01-27,2160.0,0.0,0.0,0.0,0.0,0.0,0.0,1892.5,1925.8,1880.0,0.393,2026-01-13 23:17,15416
PHOENIXLTD,2026-01-27,2200.0,0.0,0.0,0.0,0.0,0.0,0.0,1892.5,1925.8,1880.0,0.393,2026-01-13 23:17,18342
PHOENIXLTD,2026-01-27,2240.0,0.0,0.0,0.0,0.0,0.0,0.0,1892.5,1925.8,1880.0,0.393,2026-01-13 23:17,21268
PIDILITIND,2026-01-27,1240.0,0.0,0.0,0.0,0.25,500.0,0.0,1495.0,1511.0,1485.1,-0.386,2026-01-13 23:17,20592
PIDILITIND,2026-01-27,1260.0,0.0,0.0,0.0,0.0,0.0,0.0,1495.0,1511.0,1485.1,-0.386,2026-01-13 23:17,18416
PIDILITIND,2026-01-27,1280.0,0.0,0.0,0.0,1.0,2500.0,500.0,1495.0,1511.0,1485.1,-0.386,2026-01-13 23:17,16240
PIDILITIND,2026-01-27,1300.0,205.8,500.0,0.0,0.3,1500.0,0.0,1495.0,1511.0,1485.1,-0.386,2026-01-13 23:17,14069
PIDILITIND,2026-01-27,1320.0,0.0,0.0,0.0,0.0,0.0,0.0,1495.0,1511.0,1485.1,-0.386,2026-01-13 23:17,11912
PIDILITIND,2026-01-27,1340.0,128.1,1000.0,0.0,1.0,24000.0,44000.0,1495.0,1511.0,1485.1,-0.386,2026-01-13 23:17,9745
PIDILITIND,2026-01-27,1350.0,0.0,0.0,0.0,0.0,0.0,0.0,1495.0,1511.0,1485.1,-0.386,2026-01-13 23:17,8697
PIDILITIND,2026-01-27,1360.0,0.0,0.0,0.0,0.65,72000.0,16500.0,1495.0,1511.0,1485.1,-0.386,2026-01-13 23:17,7639
PIDILITIND,2026-01-27,1370.0,0.0,0.0,0.0,1.25,1500.0,0.0,1495.0,1511.0,1485.1,-0.386,2026-01-13 23:17,6648
PIDILITIND,2026-01-27,1380.0,99.95,500.0,0.0,1.2,29000.0,500.0,1495.0,1511.0,1485.1,-0.386,2026-01-13 23:17,5662
PIDILITIND,2026-01-27,1390.0,0.0,0.0,0.0,1.7,9500.0,0.0,1495.0,1511.0,1485.1,-0.386,2026-01-13 23:17,4708
PIDILITIND,2026-01-27,1400.0,87.0,19000.0,0.0,1.6,149500.0,21000.0,1495.0,1511.0,1485.1,-0.386,2026-01-13 23:17,3761
PIDILITIND,2026-01-27,1410.0,0.0,0.0,0.0,1.9,31000.0,43000.0,1495.0,1511.0,1485.1,-0.386,2026-01-13 23:17,3125
PIDILITIND,2026-01-27,1420.0,99.5,500.0,0.0,2.25,145000.0,97500.0,1495.0,1511.0,1485.1,-0.386,2026-01-13 23:17,2372
PIDILITIND,2026-01-27,1430.0,78.3,1000.0,500.0,0.0,0.0,0.0,1495.0,1511.0,1485.1,-0.386,2026-01-13 23:17,1744
PIDILITIND,2026-01-27,1440.0,53.3,29500.0,0.0,4.0,109000.0,47000.0,1495.0,1511.0,1485.1,-0.386,2026-01-13 23:17,1152
PIDILITIND,2026-01-27,1450.0,56.25,4000.0,3000.0,5.0,22500.0,13500.0,1495.0,1511.0,1485.1,-0.386,2026-01-13 23:17,804
PIDILITIND,2026-01-27,1460.0,47.0,75000.0,7500.0,6.9,66500.0,64000.0,1495.0,1511.0,1485.1,-0.386,2026-01-13 23:17,380
PIDILITIND,2026-01-27,1470.0,41.1,14500.0,1000.0,9.5,28000.0,33000.0,1495.0,1511.0,1485.1,-0.386,2026-01-13 23:17,393
PIDILITIND,2026-01-27,1480.0,31.9,41500.0,7500.0,12.2,49500.0,70500.0,1495.0,1511.0,1485.1,-0.386,2026-01-13 23:17,175
PIDILITIND,2026-01-27,1490.0,27.05,28000.0,11500.0,16.4,25000.0,26000.0,1495.0,1511.0,1485.1,-0.386,2026-01-13 23:17,87
PIDILITIND,2026-01-27,1500.0,19.3,274500.0,309000.0,22.0,175000.0,307500.0,1495.0,1511.0,1485.1,-0.386,2026-01-13 23:17,15
PIDILITIND,2026-01-27,1510.0,15.65,83500.0,49500.0,32.0,93000.0,3500.0,1495.0,1511.0,1485.1,-0.386,2026-01-13 23:17,502
PIDILITIND,2026-01-27,1520.0,11.1,117500.0,64000.0,33.35,10000.0,3000.0,1495.0,1511.0,1485.1,-0.386,2026-01-13 23:17,854
PIDILITIND,2026-01-27,1530.0,9.55,42500.0,18500.0,0.0,0.0,0.0,1495.0,1511.0,1485.1,-0.386,2026-01-13 23:17,1598
PIDILITIND,2026-01-27,1540.0,6.15,51000.0,91500.0,42.7,15500.0,1000.0,1495.0,1511.0,1485.1,-0.386,2026-01-13 23:17,2327
PIDILITIND,2026-01-27,1550.0,5.4,35500.0,25000.0,52.05,1500.0,500.0,1495.0,1511.0,1485.1,-0.386,2026-01-13 23:17,3048
PIDILITIND,2026-01-27,1560.0,3.5,102500.0,78500.0,61.7,6000.0,1500.0,1495.0,1511.0,1485.1,-0.386,2026-01-13 23:17,3852
PIDILITIND,2026-01-27,1570.0,0.0,0.0,0.0,0.0,0.0,0.0,1495.0,1511.0,1485.1,-0.386,2026-01-13 23:17,4752
PIDILITIND,2026-01-27,1580.0,2.1,206500.0,149500.0,72.0,2500.0,0.0,1495.0,1511.0,1485.1,-0.386,2026-01-13 23:17,5653
PIDILITIND,2026-01-27,1590.0,0.0,0.0,0.0,0.0,0.0,0.0,1495.0,1511.0,1485.1,-0.386,2026-01-13 23:17,6788
PIDILITIND,2026-01-27,1600.0,1.55,121000.0,136000.0,100.0,16500.0,500.0,1495.0,1511.0,1485.1,-0.386,2026-01-13 23:17,7898
PIDILITIND,2026-01-27,1610.0,0.0,0.0,0.0,0.0,0.0,0.0,1495.0,1511.0,1485.1,-0.386,2026-01-13 23:17,8999
PIDILITIND,2026-01-27,1620.0,2.4,2500.0,0.0,0.0,0.0,0.0,1495.0,1511.0,1485.1,-0.386,2026-01-13 23:17,10247
PIDILITIND,2026-01-27,1630.0,0.0,0.0,0.0,0.0,0.0,0.0,1495.0,1511.0,1485.1,-0.386,2026-01-13 23:17,11497
PIDILITIND,2026-01-27,1640.0,1.45,38500.0,40500.0,129.5,1500.0,0.0,1495.0,1511.0,1485.1,-0.386,2026-01-13 23:17,12747
PIDILITIND,2026-01-27,1660.0,1.1,69000.0,44500.0,0.0,0.0,0.0,1495.0,1511.0,1485.1,-0.386,2026-01-13 23:17,15314
PIDILITIND,2026-01-27,1680.0,0.95,52000.0,28500.0,195.0,500.0,0.0,1495.0,1511.0,1485.1,-0.386,2026-01-13 23:17,18039
PIDILITIND,2026-01-27,1700.0,1.0,1500.0,0.0,0.0,0.0,0.0,1495.0,1511.0,1485.1,-0.386,2026-01-13 23:17,20857
PIDILITIND,2026-01-27,1720.0,0.2,3000.0,0.0,0.0,0.0,0.0,1495.0,1511.0,1485.1,-0.386,2026-01-13 23:17,23683
PIDILITIND,2026-01-27,1740.0,0.0,0.0,0.0,0.0,0.0,0.0,1495.0,1511.0,1485.1,-0.386,2026-01-13 23:17,26516
PIIND,2026-01-27,2600.0,626.6,525.0,0.0,0.0,0.0,0.0,3250.0,3274.3,3225.0,-0.197,2026-01-13 23:17,29309
PIIND,2026-01-27,2700.0,0.0,0.0,0.0,2.35,1750.0,0.0,3250.0,3274.3,3225.0,-0.197,2026-01-13 23:17,24122
PIIND,2026-01-27,2720.0,0.0,0.0,0.0,0.0,0.0,0.0,3250.0,3274.3,3225.0,-0.197,2026-01-13 23:17,23081
PIIND,2026-01-27,2760.0,0.0,0.0,0.0,0.0,0.0,0.0,3250.0,3274.3,3225.0,-0.197,2026-01-13 23:17,21000
PIIND,2026-01-27,2800.0,0.0,0.0,0.0,1.0,1050.0,350.0,3250.0,3274.3,3225.0,-0.197,2026-01-13 23:17,18919
PIIND,2026-01-27,2840.0,0.0,0.0,0.0,0.0,0.0,0.0,3250.0,3274.3,3225.0,-0.197,2026-01-13 23:17,16842
PIIND,2026-01-27,2850.0,0.0,0.0,0.0,6.0,350.0,0.0,3250.0,3274.3,3225.0,-0.197,2026-01-13 23:17,16322
PIIND,2026-01-27,2880.0,0.0,0.0,0.0,1.05,525.0,0.0,3250.0,3274.3,3225.0,-0.197,2026-01-13 23:17,14766
PIIND,2026-01-27,2900.0,0.0,0.0,0.0,3.0,3150.0,525.0,3250.0,3274.3,3225.0,-0.197,2026-01-13 23:17,13729
PIIND,2026-01-27,2920.0,0.0,0.0,0.0,0.0,0.0,0.0,3250.0,3274.3,3225.0,-0.197,2026-01-13 23:17,12697
PIIND,2026-01-27,2950.0,0.0,0.0,0.0,8.95,10675.0,0.0,3250.0,3274.3,3225.0,-0.197,2026-01-13 23:17,11152
PIIND,2026-01-27,2960.0,0.0,0.0,0.0,0.0,0.0,0.0,3250.0,3274.3,3225.0,-0.197,2026-01-13 23:17,10638
PIIND,2026-01-27,2980.0,0.0,0.0,0.0,0.0,0.0,0.0,3250.0,3274.3,3225.0,-0.197,2026-01-13 23:17,9629
PIIND,2026-01-27,3000.0,251.3,13475.0,0.0,4.4,52500.0,27650.0,3250.0,3274.3,3225.0,-0.197,2026-01-13 23:17,8620
PIIND,2026-01-27,3020.0,0.0,0.0,0.0,7.8,700.0,0.0,3250.0,3274.3,3225.0,-0.197,2026-01-13 23:17,8058
PIIND,2026-01-27,3040.0,0.0,0.0,0.0,0.0,0.0,0.0,3250.0,3274.3,3225.0,-0.197,2026-01-13 23:17,7182
PIIND,2026-01-27,3050.0,255.5,1225.0,0.0,8.5,14700.0,525.0,3250.0,3274.3,3225.0,-0.197,2026-01-13 23:17,6744
PIIND,2026-01-27,3060.0,0.0,0.0,0.0,0.0,0.0,0.0,3250.0,3274.3,3225.0,-0.197,2026-01-13 23:17,6341
PIIND,2026-01-27,3080.0,199.5,175.0,0.0,9.7,3325.0,175.0,3250.0,3274.3,3225.0,-0.197,2026-01-13 23:17,5497
PIIND,2026-01-27,3100.0,165.0,15050.0,6650.0,11.7,40775.0,38325.0,3250.0,3274.3,3225.0,-0.197,2026-01-13 23:17,4660
PIIND,2026-01-27,3120.0,167.4,175.0,0.0,0.0,0.0,0.0,3250.0,3274.3,3225.0,-0.197,2026-01-13 23:17,4136
PIIND,2026-01-27,3140.0,0.0,0.0,0.0,24.95,2100.0,0.0,3250.0,3274.3,3225.0,-0.197,2026-01-13 23:17,3414
PIIND,2026-01-27,3150.0,121.6,2450.0,0.0,29.3,14875.0,0.0,3250.0,3274.3,3225.0,-0.197,2026-01-13 23:17,3048
PIIND,2026-01-27,3160.0,137.95,1225.0,0.0,32.9,4725.0,0.0,3250.0,3274.3,3225.0,-0.197,2026-01-13 23:17,2692
PIIND,2026-01-27,3180.0,102.15,7175.0,875.0,28.95,8050.0,2800.0,3250.0,3274.3,3225.0,-0.197,2026-01-13 23:17,2019
PIIND,2026-01-27,3200.0,97.7,52675.0,42875.0,35.4,121275.0,66500.0,3250.0,3274.3,3225.0,-0.197,2026-01-13 23:17,1425
PIIND,2026-01-27,3220.0,85.15,9800.0,2275.0,42.35,14350.0,4900.0,3250.0,3274.3,3225.0,-0.197,2026-01-13 23:17,1215
PIIND,2026-01-27,3240.0,68.0,14875.0,3150.0,47.8,15225.0,350.0,3250.0,3274.3,3225.0,-0.197,2026-01-13 23:17,990
PIIND,2026-01-27,3250.0,61.5,55475.0,54425.0,56.1,46025.0,49175.0,3250.0,3274.3,3225.0,-0.197,2026-01-13 23:17,925
PIIND,2026-01-27,3260.0,58.25,40250.0,32725.0,60.15,29925.0,10500.0,3250.0,3274.3,3225.0,-0.197,2026-01-13 23:17,1016
PIIND,2026-01-27,3280.0,55.0,16450.0,9275.0,52.25,6125.0,175.0,3250.0,3274.3,3225.0,-0.197,2026-01-13 23:17,1226
PIIND,2026-01-27,3300.0,41.55,203175.0,133875.0,78.7,57050.0,29050.0,3250.0,3274.3,3225.0,-0.197,2026-01-13 23:17,1486
PIIND,2026-01-27,3320.0,37.15,12775.0,5075.0,0.0,0.0,0.0,3250.0,3274.3,3225.0,-0.197,2026-01-13 23:17,2603
PIIND,2026-01-27,3340.0,27.15,2800.0,2975.0,0.0,0.0,0.0,3250.0,3274.3,3225.0,-0.197,2026-01-13 23:17,3397
PIIND,2026-01-27,3350.0,24.8,32025.0,10325.0,167.15,1750.0,0.0,3250.0,3274.3,3225.0,-0.197,2026-01-13 23:17,3781
PIIND,2026-01-27,3360.0,25.6,525.0,350.0,0.0,0.0,0.0,3250.0,3274.3,3225.0,-0.197,2026-01-13 23:17,4242
PIIND,2026-01-27,3380.0,0.0,0.0,0.0,0.0,0.0,0.0,3250.0,3274.3,3225.0,-0.197,2026-01-13 23:17,5065
PIIND,2026-01-27,3400.0,15.35,107450.0,89600.0,155.65,16800.0,1750.0,3250.0,3274.3,3225.0,-0.197,2026-01-13 23:17,5886
PIIND,2026-01-27,3420.0,14.8,3850.0,1400.0,0.0,0.0,0.0,3250.0,3274.3,3225.0,-0.197,2026-01-13 23:17,6859
PIIND,2026-01-27,3440.0,0.0,0.0,0.0,0.0,0.0,0.0,3250.0,3274.3,3225.0,-0.197,2026-01-13 23:17,7943
PIIND,2026-01-27,3450.0,10.1,97825.0,40075.0,164.4,4200.0,0.0,3250.0,3274.3,3225.0,-0.197,2026-01-13 23:17,8482
PIIND,2026-01-27,3460.0,16.45,13475.0,0.0,0.0,0.0,0.0,3250.0,3274.3,3225.0,-0.197,2026-01-13 23:17,9152
PIIND,2026-01-27,3480.0,13.65,1750.0,0.0,0.0,0.0,0.0,3250.0,3274.3,3225.0,-0.197,2026-01-13 23:17,10483
PIIND,2026-01-27,3500.0,7.4,50050.0,17500.0,235.0,17850.0,2100.0,3250.0,3274.3,3225.0,-0.197,2026-01-13 23:17,11798
PIIND,2026-01-27,3520.0,9.2,175.0,0.0,0.0,0.0,0.0,3250.0,3274.3,3225.0,-0.197,2026-01-13 23:17,12863
PIIND,2026-01-27,3550.0,5.7,3500.0,0.0,263.0,2450.0,0.0,3250.0,3274.3,3225.0,-0.197,2026-01-13 23:17,15036
PIIND,2026-01-27,3560.0,0.0,0.0,0.0,0.0,0.0,0.0,3250.0,3274.3,3225.0,-0.197,2026-01-13 23:17,15703
PIIND,2026-01-27,3600.0,5.0,74725.0,67025.0,392.0,8575.0,0.0,3250.0,3274.3,3225.0,-0.197,2026-01-13 23:17,18624
PIIND,2026-01-27,3640.0,0.0,0.0,0.0,0.0,0.0,0.0,3250.0,3274.3,3225.0,-0.197,2026-01-13 23:17,21579
PIIND,2026-01-27,3650.0,4.8,11375.0,0.0,358.0,4025.0,0.0,3250.0,3274.3,3225.0,-0.197,2026-01-13 23:17,22392
PIIND,2026-01-27,3680.0,0.0,0.0,0.0,0.0,0.0,0.0,3250.0,3274.3,3225.0,-0.197,2026-01-13 23:17,24740
PIIND,2026-01-27,3700.0,3.3,13825.0,14700.0,450.0,5950.0,875.0,3250.0,3274.3,3225.0,-0.197,2026-01-13 23:17,26397
PIIND,2026-01-27,3720.0,0.0,0.0,0.0,0.0,0.0,0.0,3250.0,3274.3,3225.0,-0.197,2026-01-13 23:17,27831
PIIND,2026-01-27,3750.0,16.0,525.0,0.0,498.0,2450.0,0.0,3250.0,3274.3,3225.0,-0.197,2026-01-13 23:17,30377
PIIND,2026-01-27,3760.0,0.0,0.0,0.0,0.0,0.0,0.0,3250.0,3274.3,3225.0,-0.197,2026-01-13 23:17,31107
PIIND,2026-01-27,3800.0,2.65,6650.0,525.0,502.0,3150.0,0.0,3250.0,3274.3,3225.0,-0.197,2026-01-13 23:17,34514
PIIND,2026-01-27,3900.0,1.25,175.0,0.0,669.75,1050.0,0.0,3250.0,3274.3,3225.0,-0.197,2026-01-13 23:17,42971
PIIND,2026-01-27,4000.0,0.8,2450.0,0.0,770.0,4725.0,0.0,3250.0,3274.3,3225.0,-0.197,2026-01-13 23:17,51526
PIIND,2026-01-27,4100.0,0.4,2100.0,0.0,879.1,350.0,0.0,3250.0,3274.3,3225.0,-0.197,2026-01-13 23:17,59860
PNB,2026-01-27,98.0,23.4,8000.0,0.0,0.04,312000.0,128000.0,124.33,124.66,122.58,0.95,2026-01-13 23:17,119091
PNB,2026-01-27,100.0,0.0,0.0,0.0,0.05,1560000.0,432000.0,124.33,124.66,122.58,0.95,2026-01-13 23:17,106528
PNB,2026-01-27,101.0,0.0,0.0,0.0,0.07,120000.0,0.0,124.33,124.66,122.58,0.95,2026-01-13 23:17,100385
PNB,2026-01-27,102.0,0.0,0.0,0.0,0.09,88000.0,0.0,124.33,124.66,122.58,0.95,2026-01-13 23:17,94262
PNB,2026-01-27,103.0,0.0,0.0,0.0,0.06,120000.0,0.0,124.33,124.66,122.58,0.95,2026-01-13 23:17,88148
PNB,2026-01-27,104.0,18.8,24000.0,0.0,0.1,240000.0,0.0,124.33,124.66,122.58,0.95,2026-01-13 23:17,82046
PNB,2026-01-27,105.0,0.0,0.0,0.0,0.07,952000.0,104000.0,124.33,124.66,122.58,0.95,2026-01-13 23:17,76013
PNB,2026-01-27,106.0,16.2,8000.0,0.0,0.11,360000.0,0.0,124.33,124.66,122.58,0.95,2026-01-13 23:17,70026
PNB,2026-01-27,107.0,18.3,16000.0,0.0,0.15,248000.0,0.0,124.33,124.66,122.58,0.95,2026-01-13 23:17,64092
PNB,2026-01-27,108.0,0.0,0.0,0.0,0.11,368000.0,168000.0,124.33,124.66,122.58,0.95,2026-01-13 23:17,58201
PNB,2026-01-27,109.0,0.0,0.0,0.0,0.12,352000.0,184000.0,124.33,124.66,122.58,0.95,2026-01-13 23:17,52317
PNB,2026-01-27,110.0,13.8,680000.0,80000.0,0.14,3720000.0,1672000.0,124.33,124.66,122.58,0.95,2026-01-13 23:17,46468
PNB,2026-01-27,111.0,11.3,8000.0,0.0,0.16,1088000.0,656000.0,124.33,124.66,122.58,0.95,2026-01-13 23:17,41949
PNB,2026-01-27,112.0,9.7,8000.0,0.0,0.18,864000.0,616000.0,124.33,124.66,122.58,0.95,2026-01-13 23:17,36646
PNB,2026-01-27,113.0,10.25,8000.0,0.0,0.21,520000.0,552000.0,124.33,124.66,122.58,0.95,2026-01-13 23:17,31430
PNB,2026-01-27,114.0,9.75,16000.0,0.0,0.25,1360000.0,504000.0,124.33,124.66,122.58,0.95,2026-01-13 23:17,26272
PNB,2026-01-27,115.0,9.21,664000.0,0.0,0.31,6408000.0,4864000.0,124.33,124.66,122.58,0.95,2026-01-13 23:17,21236
PNB,2026-01-27,116.0,10.82,104000.0,0.0,0.35,1448000.0,896000.0,124.33,124.66,122.58,0.95,2026-01-13 23:17,17339
PNB,2026-01-27,117.0,7.69,104000.0,0.0,0.44,1416000.0,720000.0,124.33,124.66,122.58,0.95,2026-01-13 23:17,13245
PNB,2026-01-27,118.0,7.2,368000.0,8000.0,0.56,1832000.0,1544000.0,124.33,124.66,122.58,0.95,2026-01-13 23:17,9260
PNB,2026-01-27,119.0,5.41,592000.0,32000.0,0.68,2304000.0,2944000.0,124.33,124.66,122.58,0.95,2026-01-13 23:17,5639
PNB,2026-01-27,120.0,5.51,4328000.0,1640000.0,0.88,8952000.0,8712000.0,124.33,124.66,122.58,0.95,2026-01-13 23:17,2309
PNB,2026-01-27,121.0,4.8,1032000.0,152000.0,1.12,2232000.0,2736000.0,124.33,124.66,122.58,0.95,2026-01-13 23:17,1740
PNB,2026-01-27,122.0,3.99,2336000.0,2576000.0,1.39,3368000.0,5944000.0,124.33,124.66,122.58,0.95,2026-01-13 23:17,146
PNB,2026-01-27,123.0,3.36,2320000.0,4832000.0,1.75,3120000.0,5992000.0,124.33,124.66,122.58,0.95,2026-01-13 23:17,-657
PNB,2026-01-27,124.0,2.76,5832000.0,5912000.0,2.14,2688000.0,2728000.0,124.33,124.66,122.58,0.95,2026-01-13 23:17,-1149
PNB,2026-01-27,125.0,2.3,13160000.0,12184000.0,2.65,8248000.0,2080000.0,124.33,124.66,122.58,0.95,2026-01-13 23:17,12
PNB,2026-01-27,126.0,1.88,3696000.0,4552000.0,3.18,2984000.0,88000.0,124.33,124.66,122.58,0.95,2026-01-13 23:17,3121
PNB,2026-01-27,127.0,1.5,4264000.0,3048000.0,4.57,776000.0,0.0,124.33,124.66,122.58,0.95,2026-01-13 23:17,5803
PNB,2026-01-27,128.0,1.21,3840000.0,3008000.0,5.74,1200000.0,8000.0,124.33,124.66,122.58,0.95,2026-01-13 23:17,9528
PNB,2026-01-27,129.0,1.0,2664000.0,2152000.0,6.83,288000.0,16000.0,124.33,124.66,122.58,0.95,2026-01-13 23:17,13248
PNB,2026-01-27,130.0,0.8,14800000.0,8848000.0,5.97,2640000.0,144000.0,124.33,124.66,122.58,0.95,2026-01-13 23:17,17557
PNB,2026-01-27,131.0,0.65,1832000.0,2048000.0,8.32,88000.0,0.0,124.33,124.66,122.58,0.95,2026-01-13 23:17,23148
PNB,2026-01-27,132.0,0.51,1856000.0,1176000.0,9.22,336000.0,48000.0,124.33,124.66,122.58,0.95,2026-01-13 23:17,29369
PNB,2026-01-27,133.0,0.42,1280000.0,672000.0,12.45,0.0,0.0,124.33,124.66,122.58,0.95,2026-01-13 23:17,35548
PNB,2026-01-27,134.0,0.34,1600000.0,504000.0,9.06,88000.0,0.0,124.33,124.66,122.58,0.95,2026-01-13 23:17,42124
PNB,2026-01-27,135.0,0.28,4824000.0,2704000.0,10.6,256000.0,16000.0,124.33,124.66,122.58,0.95,2026-01-13 23:17,48790
PNB,2026-01-27,136.0,0.23,1552000.0,944000.0,13.37,32000.0,0.0,124.33,124.66,122.58,0.95,2026-01-13 23:17,55853
PNB,2026-01-27,137.0,0.19,584000.0,56000.0,0.0,0.0,0.0,124.33,124.66,122.58,0.95,2026-01-13 23:17,63203
PNB,2026-01-27,138.0,0.17,1144000.0,440000.0,14.5,56000.0,0.0,124.33,124.66,122.58,0.95,2026-01-13 23:17,70631
PNB,2026-01-27,140.0,0.12,4488000.0,1112000.0,16.75,96000.0,16000.0,124.33,124.66,122.58,0.95,2026-01-13 23:17,85641
PNB,2026-01-27,142.0,0.09,1560000.0,480000.0,18.2,88000.0,16000.0,124.33,124.66,122.58,0.95,2026-01-13 23:17,101523
PNB,2026-01-27,144.0,0.09,872000.0,232000.0,18.5,8000.0,0.0,124.33,124.66,122.58,0.95,2026-01-13 23:17,117695
PNBHOUSING,2026-01-27,760.0,196.0,6500.0,0.0,3.5,1300.0,0.0,970.7,992.65,959.4,-0.711,2026-01-13 23:17,27814
PNBHOUSING,2026-01-27,800.0,0.0,0.0,0.0,0.6,15600.0,0.0,970.7,992.65,959.4,-0.711,2026-01-13 23:17,20601
PNBHOUSING,2026-01-27,810.0,175.0,650.0,0.0,1.2,1300.0,0.0,970.7,992.65,959.4,-0.711,2026-01-13 23:17,18781
PNBHOUSING,2026-01-27,820.0,196.05,1950.0,0.0,1.15,29900.0,12350.0,970.7,992.65,959.4,-0.711,2026-01-13 23:17,16975
PNBHOUSING,2026-01-27,830.0,0.0,0.0,0.0,3.6,5200.0,0.0,970.7,992.65,959.4,-0.711,2026-01-13 23:17,15224
PNBHOUSING,2026-01-27,840.0,0.0,0.0,0.0,0.9,0.0,0.0,970.7,992.65,959.4,-0.711,2026-01-13 23:17,13442
PNBHOUSING,2026-01-27,850.0,0.0,0.0,0.0,0.8,14300.0,0.0,970.7,992.65,959.4,-0.711,2026-01-13 23:17,11662
PNBHOUSING,2026-01-27,860.0,0.0,0.0,0.0,2.1,28600.0,0.0,970.7,992.65,959.4,-0.711,2026-01-13 23:17,9894
PNBHOUSING,2026-01-27,870.0,137.15,1950.0,0.0,2.5,52650.0,61750.0,970.7,992.65,959.4,-0.711,2026-01-13 23:17,8151
PNBHOUSING,2026-01-27,880.0,99.6,2600.0,0.0,2.35,38350.0,0.0,970.7,992.65,959.4,-0.711,2026-01-13 23:17,6482
PNBHOUSING,2026-01-27,890.0,41.0,0.0,0.0,3.6,28600.0,7800.0,970.7,992.65,959.4,-0.711,2026-01-13 23:17,4857
PNBHOUSING,2026-01-27,900.0,71.6,46800.0,0.0,4.2,295750.0,133250.0,970.7,992.65,959.4,-0.711,2026-01-13 23:17,3233
PNBHOUSING,2026-01-27,910.0,67.1,5850.0,1300.0,5.3,143650.0,76700.0,970.7,992.65,959.4,-0.711,2026-01-13 23:17,2173
PNBHOUSING,2026-01-27,920.0,60.15,47450.0,3900.0,6.95,66950.0,37700.0,970.7,992.65,959.4,-0.711,2026-01-13 23:17,1015
PNBHOUSING,2026-01-27,930.0,50.4,46800.0,9100.0,8.5,54600.0,54600.0,970.7,992.65,959.4,-0.711,2026-01-13 23:17,247
PNBHOUSING,2026-01-27,940.0,48.8,89050.0,0.0,11.55,110500.0,88400.0,970.7,992.65,959.4,-0.711,2026-01-13 23:17,-468
PNBHOUSING,2026-01-27,950.0,35.8,351000.0,24700.0,13.65,364650.0,52650.0,970.7,992.65,959.4,-0.711,2026-01-13 23:17,-867
PNBHOUSING,2026-01-27,960.0,31.45,103350.0,66950.0,16.55,86450.0,46800.0,970.7,992.65,959.4,-0.711,2026-01-13 23:17,-98
PNBHOUSING,2026-01-27,970.0,25.4,150150.0,144950.0,20.8,63050.0,75400.0,970.7,992.65,959.4,-0.711,2026-01-13 23:17,282
PNBHOUSING,2026-01-27,980.0,19.85,172250.0,202150.0,27.2,113100.0,92950.0,970.7,992.65,959.4,-0.711,2026-01-13 23:17,945
PNBHOUSING,2026-01-27,990.0,16.65,120900.0,172250.0,33.95,35100.0,1300.0,970.7,992.65,959.4,-0.711,2026-01-13 23:17,1678
PNBHOUSING,2026-01-27,1000.0,12.45,434200.0,397800.0,39.4,129350.0,9100.0,970.7,992.65,959.4,-0.711,2026-01-13 23:17,2614
PNBHOUSING,2026-01-27,1010.0,9.15,83850.0,35100.0,51.1,132600.0,0.0,970.7,992.65,959.4,-0.711,2026-01-13 23:17,4062
PNBHOUSING,2026-01-27,1020.0,7.45,200200.0,232700.0,54.15,16250.0,2600.0,970.7,992.65,959.4,-0.711,2026-01-13 23:17,5096
PNBHOUSING,2026-01-27,1030.0,5.95,123500.0,27950.0,60.0,1300.0,3250.0,970.7,992.65,959.4,-0.711,2026-01-13 23:17,7007
PNBHOUSING,2026-01-27,1040.0,4.8,107250.0,78650.0,72.7,4550.0,650.0,970.7,992.65,959.4,-0.711,2026-01-13 23:17,9048
PNBHOUSING,2026-01-27,1050.0,3.75,191100.0,166400.0,79.65,9100.0,6500.0,970.7,992.65,959.4,-0.711,2026-01-13 23:17,11154
PNBHOUSING,2026-01-27,1060.0,3.05,78000.0,72800.0,0.0,0.0,0.0,970.7,992.65,959.4,-0.711,2026-01-13 23:17,13441
PNBHOUSING,2026-01-27,1070.0,2.15,16900.0,26650.0,0.0,0.0,0.0,970.7,992.65,959.4,-0.711,2026-01-13 23:17,15830
PNBHOUSING,2026-01-27,1080.0,2.0,202800.0,104650.0,0.0,0.0,0.0,970.7,992.65,959.4,-0.711,2026-01-13 23:17,18216
PNBHOUSING,2026-01-27,1090.0,0.75,0.0,0.0,0.0,0.0,0.0,970.7,992.65,959.4,-0.711,2026-01-13 23:17,20841
PNBHOUSING,2026-01-27,1100.0,1.25,132600.0,5200.0,0.0,0.0,0.0,970.7,992.65,959.4,-0.711,2026-01-13 23:17,23426
PNBHOUSING,2026-01-27,1120.0,0.0,0.0,0.0,0.0,0.0,0.0,970.7,992.65,959.4,-0.711,2026-01-13 23:17,28878
PNBHOUSING,2026-01-27,1140.0,2.4,45500.0,1300.0,0.0,0.0,0.0,970.7,992.65,959.4,-0.711,2026-01-13 23:17,34313
POLICYBZR,2026-01-27,1400.0,0.0,0.0,0.0,1.5,0.0,350.0,1631.0,1679.0,1630.1,-2.656,2026-01-13 23:17,41821
POLICYBZR,2026-01-27,1440.0,211.05,1050.0,1050.0,2.0,700.0,350.0,1631.0,1679.0,1630.1,-2.656,2026-01-13 23:17,36064
POLICYBZR,2026-01-27,1480.0,0.0,0.0,0.0,4.0,10150.0,350.0,1631.0,1679.0,1630.1,-2.656,2026-01-13 23:17,30336
POLICYBZR,2026-01-27,1500.0,0.0,0.0,0.0,5.25,16450.0,87500.0,1631.0,1679.0,1630.1,-2.656,2026-01-13 23:17,27477
POLICYBZR,2026-01-27,1520.0,184.75,1050.0,0.0,7.45,97300.0,91000.0,1631.0,1679.0,1630.1,-2.656,2026-01-13 23:17,24647
POLICYBZR,2026-01-27,1540.0,0.0,0.0,0.0,10.55,42000.0,79450.0,1631.0,1679.0,1630.1,-2.656,2026-01-13 23:17,21969
POLICYBZR,2026-01-27,1560.0,0.0,0.0,0.0,14.25,62650.0,65800.0,1631.0,1679.0,1630.1,-2.656,2026-01-13 23:17,19384
POLICYBZR,2026-01-27,1580.0,150.1,350.0,0.0,18.9,25900.0,60550.0,1631.0,1679.0,1630.1,-2.656,2026-01-13 23:17,16879
POLICYBZR,2026-01-27,1600.0,0.0,0.0,0.0,25.5,83300.0,555450.0,1631.0,1679.0,1630.1,-2.656,2026-01-13 23:17,14472
POLICYBZR,2026-01-27,1620.0,50.15,5600.0,22050.0,33.45,50400.0,61250.0,1631.0,1679.0,1630.1,-2.656,2026-01-13 23:17,12063
POLICYBZR,2026-01-27,1640.0,39.85,101850.0,224700.0,42.45,74200.0,427350.0,1631.0,1679.0,1630.1,-2.656,2026-01-13 23:17,9838
POLICYBZR,2026-01-27,1660.0,30.5,79800.0,257600.0,52.65,70350.0,253050.0,1631.0,1679.0,1630.1,-2.656,2026-01-13 23:17,8196
POLICYBZR,2026-01-27,1680.0,23.25,94850.0,278950.0,66.9,73850.0,94500.0,1631.0,1679.0,1630.1,-2.656,2026-01-13 23:17,6637
POLICYBZR,2026-01-27,1700.0,17.5,226100.0,642950.0,79.95,158200.0,70700.0,1631.0,1679.0,1630.1,-2.656,2026-01-13 23:17,5269
POLICYBZR,2026-01-27,1720.0,13.1,111300.0,246750.0,89.7,67200.0,19950.0,1631.0,1679.0,1630.1,-2.656,2026-01-13 23:17,4073
POLICYBZR,2026-01-27,1740.0,10.0,173250.0,405650.0,112.0,168700.0,30800.0,1631.0,1679.0,1630.1,-2.656,2026-01-13 23:17,3647
POLICYBZR,2026-01-27,1760.0,7.55,106050.0,188650.0,120.0,36750.0,350.0,1631.0,1679.0,1630.1,-2.656,2026-01-13 23:17,2646
POLICYBZR,2026-01-27,1780.0,6.1,120050.0,106750.0,144.75,46900.0,1750.0,1631.0,1679.0,1630.1,-2.656,2026-01-13 23:17,3285
POLICYBZR,2026-01-27,1800.0,5.15,440300.0,325150.0,163.0,103600.0,2450.0,1631.0,1679.0,1630.1,-2.656,2026-01-13 23:17,4013
POLICYBZR,2026-01-27,1820.0,4.1,162400.0,143500.0,164.45,29050.0,350.0,1631.0,1679.0,1630.1,-2.656,2026-01-13 23:17,4974
POLICYBZR,2026-01-27,1840.0,3.5,161700.0,90300.0,182.9,31850.0,0.0,1631.0,1679.0,1630.1,-2.656,2026-01-13 23:17,7367
POLICYBZR,2026-01-27,1860.0,2.95,119000.0,54250.0,214.55,42000.0,700.0,1631.0,1679.0,1630.1,-2.656,2026-01-13 23:17,10033
POLICYBZR,2026-01-27,1880.0,2.7,107100.0,21700.0,237.5,24150.0,700.0,1631.0,1679.0,1630.1,-2.656,2026-01-13 23:17,12681
POLICYBZR,2026-01-27,1900.0,2.35,423500.0,213850.0,225.7,53550.0,0.0,1631.0,1679.0,1630.1,-2.656,2026-01-13 23:17,15913
POLICYBZR,2026-01-27,1920.0,2.1,63000.0,27300.0,175.25,11550.0,0.0,1631.0,1679.0,1630.1,-2.656,2026-01-13 23:17,19535
POLICYBZR,2026-01-27,1940.0,1.8,71400.0,5950.0,167.45,4550.0,0.0,1631.0,1679.0,1630.1,-2.656,2026-01-13 23:17,24225
POLICYBZR,2026-01-27,1960.0,1.65,57400.0,32900.0,214.8,9800.0,0.0,1631.0,1679.0,1630.1,-2.656,2026-01-13 23:17,29193
POLICYBZR,2026-01-27,1980.0,1.4,25900.0,5250.0,0.0,0.0,0.0,1631.0,1679.0,1630.1,-2.656,2026-01-13 23:17,34158
POLICYBZR,2026-01-27,2000.0,1.35,236600.0,83650.0,276.15,43050.0,0.0,1631.0,1679.0,1630.1,-2.656,2026-01-13 23:17,39380
POLICYBZR,2026-01-27,2020.0,1.0,14000.0,0.0,0.0,0.0,0.0,1631.0,1679.0,1630.1,-2.656,2026-01-13 23:17,44000
POLICYBZR,2026-01-27,2040.0,1.5,23100.0,0.0,186.0,700.0,0.0,1631.0,1679.0,1630.1,-2.656,2026-01-13 23:17,49807
POLICYBZR,2026-01-27,2080.0,1.1,7000.0,0.0,0.0,0.0,0.0,1631.0,1679.0,1630.1,-2.656,2026-01-13 23:17,61502
POLICYBZR,2026-01-27,2100.0,2.4,80850.0,7700.0,0.0,0.0,0.0,1631.0,1679.0,1630.1,-2.656,2026-01-13 23:17,67370
POLICYBZR,2026-01-27,2120.0,0.0,0.0,0.0,258.7,350.0,0.0,1631.0,1679.0,1630.1,-2.656,2026-01-13 23:17,73418
POLICYBZR,2026-01-27,2200.0,0.9,12250.0,0.0,0.0,0.0,0.0,1631.0,1679.0,1630.1,-2.656,2026-01-13 23:17,97525
POLICYBZR,2026-01-27,2240.0,4.0,700.0,0.0,0.0,0.0,0.0,1631.0,1679.0,1630.1,-2.656,2026-01-13 23:17,109633
POLYCAB,2026-01-27,6000.0,1610.0,125.0,0.0,0.0,0.0,0.0,7517.5,7663.5,7402.0,-1.462,2026-01-13 23:17,83856
POLYCAB,2026-01-27,6400.0,0.0,0.0,0.0,15.0,1125.0,750.0,7517.5,7663.5,7402.0,-1.462,2026-01-13 23:17,57746
POLYCAB,2026-01-27,6500.0,0.0,0.0,0.0,9.65,4750.0,1125.0,7517.5,7663.5,7402.0,-1.462,2026-01-13 23:17,51223
POLYCAB,2026-01-27,6600.0,962.0,125.0,0.0,11.15,6750.0,8500.0,7517.5,7663.5,7402.0,-1.462,2026-01-13 23:17,44745
POLYCAB,2026-01-27,6800.0,0.0,0.0,0.0,22.2,31750.0,65125.0,7517.5,7663.5,7402.0,-1.462,2026-01-13 23:17,31940
POLYCAB,2026-01-27,6900.0,1021.2,0.0,0.0,30.8,4375.0,625.0,7517.5,7663.5,7402.0,-1.462,2026-01-13 23:17,25782
POLYCAB,2026-01-27,7000.0,487.4,2625.0,125.0,43.95,84375.0,224125.0,7517.5,7663.5,7402.0,-1.462,2026-01-13 23:17,19724
POLYCAB,2026-01-27,7100.0,684.75,2250.0,0.0,63.1,21125.0,42250.0,7517.5,7663.5,7402.0,-1.462,2026-01-13 23:17,14308
POLYCAB,2026-01-27,7200.0,456.7,29000.0,36750.0,81.0,16500.0,27250.0,7517.5,7663.5,7402.0,-1.462,2026-01-13 23:17,9389
POLYCAB,2026-01-27,7300.0,317.35,6125.0,5125.0,120.15,49375.0,62750.0,7517.5,7663.5,7402.0,-1.462,2026-01-13 23:17,6094
POLYCAB,2026-01-27,7400.0,259.95,13375.0,32500.0,151.75,60500.0,118750.0,7517.5,7663.5,7402.0,-1.462,2026-01-13 23:17,1765
POLYCAB,2026-01-27,7500.0,207.0,57750.0,216000.0,201.8,163750.0,557375.0,7517.5,7663.5,7402.0,-1.462,2026-01-13 23:17,-1995
POLYCAB,2026-01-27,7600.0,168.95,52125.0,184250.0,256.4,66750.0,323625.0,7517.5,7663.5,7402.0,-1.462,2026-01-13 23:17,-5080
POLYCAB,2026-01-27,7700.0,130.3,47375.0,239250.0,322.15,59375.0,123250.0,7517.5,7663.5,7402.0,-1.462,2026-01-13 23:17,-5699
POLYCAB,2026-01-27,7800.0,100.4,66750.0,260625.0,347.7,46500.0,10500.0,7517.5,7663.5,7402.0,-1.462,2026-01-13 23:17,-5714
POLYCAB,2026-01-27,7900.0,76.05,81250.0,178375.0,459.1,24000.0,8000.0,7517.5,7663.5,7402.0,-1.462,2026-01-13 23:17,-4248
POLYCAB,2026-01-27,8000.0,58.3,150250.0,332750.0,497.25,10625.0,375.0,7517.5,7663.5,7402.0,-1.462,2026-01-13 23:17,-1267
POLYCAB,2026-01-27,8100.0,40.95,136250.0,169750.0,0.0,0.0,0.0,7517.5,7663.5,7402.0,-1.462,2026-01-13 23:17,4153
POLYCAB,2026-01-27,8200.0,32.25,77875.0,160625.0,787.3,125.0,250.0,7517.5,7663.5,7402.0,-1.462,2026-01-13 23:17,11147
POLYCAB,2026-01-27,8300.0,25.5,71000.0,134750.0,470.0,750.0,0.0,7517.5,7663.5,7402.0,-1.462,2026-01-13 23:17,18605
POLYCAB,2026-01-27,8400.0,18.95,32875.0,103375.0,0.0,0.0,0.0,7517.5,7663.5,7402.0,-1.462,2026-01-13 23:17,26684
POLYCAB,2026-01-27,8500.0,15.55,35500.0,80375.0,686.25,500.0,0.0,7517.5,7663.5,7402.0,-1.462,2026-01-13 23:17,35009
POLYCAB,2026-01-27,8600.0,8.65,51500.0,95500.0,0.0,0.0,0.0,7517.5,7663.5,7402.0,-1.462,2026-01-13 23:17,43653
POLYCAB,2026-01-27,8800.0,7.1,35875.0,65625.0,930.0,375.0,0.0,7517.5,7663.5,7402.0,-1.462,2026-01-13 23:17,61972
POWERGRID,2026-01-27,220.0,0.0,0.0,0.0,0.0,0.0,0.0,259.2,259.95,256.1,0.251,2026-01-13 23:17,88312
POWERGRID,2026-01-27,225.0,41.45,1900.0,0.0,0.2,1900.0,0.0,259.2,259.95,256.1,0.251,2026-01-13 23:17,77349
POWERGRID,2026-01-27,230.0,28.5,38000.0,3800.0,0.2,385700.0,172900.0,259.2,259.95,256.1,0.251,2026-01-13 23:17,66396
POWERGRID,2026-01-27,232.5,0.0,0.0,0.0,0.9,0.0,53200.0,259.2,259.95,256.1,0.251,2026-01-13 23:17,61122
POWERGRID,2026-01-27,235.0,0.0,0.0,0.0,0.35,0.0,1900.0,259.2,259.95,256.1,0.251,2026-01-13 23:17,55747
POWERGRID,2026-01-27,237.5,0.0,0.0,0.0,0.35,374300.0,456000.0,259.2,259.95,256.1,0.251,2026-01-13 23:17,50373
POWERGRID,2026-01-27,240.0,19.75,245100.0,0.0,0.4,1208400.0,260300.0,259.2,259.95,256.1,0.251,2026-01-13 23:17,45078
POWERGRID,2026-01-27,242.5,29.5,7600.0,0.0,0.4,1065900.0,283100.0,259.2,259.95,256.1,0.251,2026-01-13 23:17,40597
POWERGRID,2026-01-27,245.0,0.0,0.0,0.0,0.6,1746100.0,201400.0,259.2,259.95,256.1,0.251,2026-01-13 23:17,35927
POWERGRID,2026-01-27,247.5,30.9,5700.0,0.0,0.85,589000.0,36100.0,259.2,259.95,256.1,0.251,2026-01-13 23:17,31609
POWERGRID,2026-01-27,250.0,10.3,273600.0,340100.0,1.15,2905100.0,1476300.0,259.2,259.95,256.1,0.251,2026-01-13 23:17,27513
POWERGRID,2026-01-27,252.5,8.0,233700.0,1900.0,1.55,277400.0,229900.0,259.2,259.95,256.1,0.251,2026-01-13 23:17,24191
POWERGRID,2026-01-27,255.0,6.55,421800.0,440800.0,2.25,1031700.0,1670100.0,259.2,259.95,256.1,0.251,2026-01-13 23:17,21194
POWERGRID,2026-01-27,257.5,4.8,370500.0,1366100.0,3.2,513000.0,1244500.0,259.2,259.95,256.1,0.251,2026-01-13 23:17,18459
POWERGRID,2026-01-27,260.0,3.5,2688500.0,5021700.0,4.3,2756900.0,978500.0,259.2,259.95,256.1,0.251,2026-01-13 23:17,15916
POWERGRID,2026-01-27,262.5,2.45,718200.0,1442100.0,5.85,875900.0,70300.0,259.2,259.95,256.1,0.251,2026-01-13 23:17,14475
POWERGRID,2026-01-27,265.0,1.75,5386500.0,1824000.0,7.45,1385100.0,70300.0,259.2,259.95,256.1,0.251,2026-01-13 23:17,13341
POWERGRID,2026-01-27,267.5,1.2,989900.0,530100.0,9.4,505400.0,28500.0,259.2,259.95,256.1,0.251,2026-01-13 23:17,14147
POWERGRID,2026-01-27,270.0,0.9,6490400.0,4031800.0,12.25,1436400.0,87400.0,259.2,259.95,256.1,0.251,2026-01-13 23:17,15060
POWERGRID,2026-01-27,272.5,0.7,1069700.0,1060200.0,15.5,456000.0,5700.0,259.2,259.95,256.1,0.251,2026-01-13 23:17,17136
POWERGRID,2026-01-27,275.0,0.6,2631500.0,826500.0,16.15,627000.0,39900.0,259.2,259.95,256.1,0.251,2026-01-13 23:17,20136
POWERGRID,2026-01-27,277.5,0.45,590900.0,30400.0,16.1,1900.0,0.0,259.2,259.95,256.1,0.251,2026-01-13 23:17,23728
POWERGRID,2026-01-27,280.0,0.4,7123100.0,2166000.0,22.55,784700.0,30400.0,259.2,259.95,256.1,0.251,2026-01-13 23:17,28347
POWERGRID,2026-01-27,282.5,0.3,387600.0,93100.0,0.0,0.0,0.0,259.2,259.95,256.1,0.251,2026-01-13 23:17,33435
POWERGRID,2026-01-27,285.0,0.35,3725900.0,763800.0,25.8,237500.0,7600.0,259.2,259.95,256.1,0.251,2026-01-13 23:17,40115
POWERGRID,2026-01-27,287.5,0.25,182400.0,0.0,19.0,1900.0,0.0,259.2,259.95,256.1,0.251,2026-01-13 23:17,47293
POWERGRID,2026-01-27,290.0,0.25,3028600.0,77900.0,32.6,583300.0,7600.0,259.2,259.95,256.1,0.251,2026-01-13 23:17,55000
POWERGRID,2026-01-27,292.5,0.2,226100.0,30400.0,0.0,0.0,0.0,259.2,259.95,256.1,0.251,2026-01-13 23:17,61783
POWERGRID,2026-01-27,295.0,0.15,551000.0,32300.0,33.0,26600.0,0.0,259.2,259.95,256.1,0.251,2026-01-13 23:17,70453
POWERGRID,2026-01-27,297.5,0.15,252700.0,3800.0,0.0,0.0,0.0,259.2,259.95,256.1,0.251,2026-01-13 23:17,79183
POWERGRID,2026-01-27,300.0,0.1,1206500.0,93100.0,42.0,864500.0,0.0,259.2,259.95,256.1,0.251,2026-01-13 23:17,88060
POWERGRID,2026-01-27,305.0,0.1,83600.0,24700.0,40.0,1900.0,0.0,259.2,259.95,256.1,0.251,2026-01-13 23:17,103222
POWERGRID,2026-01-27,310.0,0.1,201400.0,0.0,37.25,266000.0,0.0,259.2,259.95,256.1,0.251,2026-01-13 23:17,122040
POWERGRID,2026-01-27,315.0,0.0,0.0,0.0,41.8,22800.0,0.0,259.2,259.95,256.1,0.251,2026-01-13 23:17,140109
POWERGRID,2026-01-27,320.0,0.05,638400.0,0.0,57.95,993700.0,0.0,259.2,259.95,256.1,0.251,2026-01-13 23:17,159083
POWERINDIA,2026-01-27,14500.0,3000.05,50.0,50.0,44.25,2200.0,3600.0,17072.0,17550.0,17020.0,-2.048,2026-01-13 23:17,36457
POWERINDIA,2026-01-27,14750.0,2272.75,50.0,0.0,60.0,6450.0,3300.0,17072.0,17550.0,17020.0,-2.048,2026-01-13 23:17,32275
POWERINDIA,2026-01-27,15000.0,2376.0,50.0,0.0,75.5,13300.0,31000.0,17072.0,17550.0,17020.0,-2.048,2026-01-13 23:17,28223
POWERINDIA,2026-01-27,15250.0,0.0,0.0,0.0,141.3,1550.0,100.0,17072.0,17550.0,17020.0,-2.048,2026-01-13 23:17,24443
POWERINDIA,2026-01-27,15500.0,1800.0,200.0,50.0,135.0,24300.0,26150.0,17072.0,17550.0,17020.0,-2.048,2026-01-13 23:17,20768
POWERINDIA,2026-01-27,15750.0,2376.8,1050.0,0.0,174.35,4300.0,1500.0,17072.0,17550.0,17020.0,-2.048,2026-01-13 23:17,17436
POWERINDIA,2026-01-27,16000.0,2175.6,100.0,0.0,230.95,15250.0,32300.0,17072.0,17550.0,17020.0,-2.048,2026-01-13 23:17,14705
POWERINDIA,2026-01-27,16250.0,1862.45,650.0,0.0,273.6,1050.0,2750.0,17072.0,17550.0,17020.0,-2.048,2026-01-13 23:17,11852
POWERINDIA,2026-01-27,16500.0,1276.55,950.0,0.0,349.15,8250.0,14100.0,17072.0,17550.0,17020.0,-2.048,2026-01-13 23:17,9464
POWERINDIA,2026-01-27,16750.0,1205.0,600.0,0.0,432.65,3650.0,5300.0,17072.0,17550.0,17020.0,-2.048,2026-01-13 23:17,7047
POWERINDIA,2026-01-27,17000.0,703.0,16050.0,18900.0,544.85,19300.0,48850.0,17072.0,17550.0,17020.0,-2.048,2026-01-13 23:17,4818
POWERINDIA,2026-01-27,17250.0,585.5,5000.0,10300.0,644.6,3600.0,11350.0,17072.0,17550.0,17020.0,-2.048,2026-01-13 23:17,3635
POWERINDIA,2026-01-27,17500.0,450.0,15700.0,35700.0,800.0,9300.0,22000.0,17072.0,17550.0,17020.0,-2.048,2026-01-13 23:17,2650
POWERINDIA,2026-01-27,17750.0,356.0,5250.0,9100.0,983.0,1750.0,100.0,17072.0,17550.0,17020.0,-2.048,2026-01-13 23:17,2193
POWERINDIA,2026-01-27,18000.0,263.95,36600.0,51750.0,1105.6,13650.0,450.0,17072.0,17550.0,17020.0,-2.048,2026-01-13 23:17,1963
POWERINDIA,2026-01-27,18250.0,208.0,6300.0,6600.0,1250.8,8250.0,800.0,17072.0,17550.0,17020.0,-2.048,2026-01-13 23:17,2431
POWERINDIA,2026-01-27,18500.0,159.05,25950.0,45500.0,1260.95,9550.0,50.0,17072.0,17550.0,17020.0,-2.048,2026-01-13 23:17,2905
POWERINDIA,2026-01-27,18750.0,239.0,1850.0,0.0,1719.0,1050.0,50.0,17072.0,17550.0,17020.0,-2.048,2026-01-13 23:17,4376
POWERINDIA,2026-01-27,19000.0,90.5,29400.0,62250.0,1967.0,6900.0,100.0,17072.0,17550.0,17020.0,-2.048,2026-01-13 23:17,6575
POWERINDIA,2026-01-27,19250.0,81.0,4950.0,3050.0,1566.35,5550.0,0.0,17072.0,17550.0,17020.0,-2.048,2026-01-13 23:17,8726
POWERINDIA,2026-01-27,19500.0,57.0,29400.0,34000.0,2221.0,3450.0,0.0,17072.0,17550.0,17020.0,-2.048,2026-01-13 23:17,11402
POWERINDIA,2026-01-27,19750.0,54.0,4250.0,2200.0,1896.0,1150.0,0.0,17072.0,17550.0,17020.0,-2.048,2026-01-13 23:17,15129
POWERINDIA,2026-01-27,20000.0,38.5,46100.0,69000.0,2880.0,2950.0,50.0,17072.0,17550.0,17020.0,-2.048,2026-01-13 23:17,19396
POWERINDIA,2026-01-27,20250.0,26.9,3000.0,850.0,1443.55,300.0,0.0,17072.0,17550.0,17020.0,-2.048,2026-01-13 23:17,24411
POWERINDIA,2026-01-27,20500.0,26.0,8550.0,2550.0,2863.25,250.0,0.0,17072.0,17550.0,17020.0,-2.048,2026-01-13 23:17,30146
POWERINDIA,2026-01-27,20750.0,24.0,2000.0,100.0,0.0,0.0,0.0,17072.0,17550.0,17020.0,-2.048,2026-01-13 23:17,36086
POWERINDIA,2026-01-27,21000.0,20.0,33350.0,13550.0,4000.0,650.0,0.0,17072.0,17550.0,17020.0,-2.048,2026-01-13 23:17,42131
POWERINDIA,2026-01-27,21250.0,0.0,0.0,0.0,0.0,0.0,0.0,17072.0,17550.0,17020.0,-2.048,2026-01-13 23:17,48828
POWERINDIA,2026-01-27,21500.0,19.95,33150.0,29150.0,3520.0,1550.0,0.0,17072.0,17550.0,17020.0,-2.048,2026-01-13 23:17,55718
POWERINDIA,2026-01-27,21750.0,20.25,2150.0,0.0,0.0,0.0,0.0,17072.0,17550.0,17020.0,-2.048,2026-01-13 23:17,62996
POWERINDIA,2026-01-27,22000.0,17.0,27250.0,13750.0,0.0,0.0,0.0,17072.0,17550.0,17020.0,-2.048,2026-01-13 23:17,70812
POWERINDIA,2026-01-27,22250.0,0.0,0.0,0.0,0.0,0.0,0.0,17072.0,17550.0,17020.0,-2.048,2026-01-13 23:17,79350
POWERINDIA,2026-01-27,22500.0,14.95,2500.0,650.0,4018.15,250.0,0.0,17072.0,17550.0,17020.0,-2.048,2026-01-13 23:17,87843
POWERINDIA,2026-01-27,25500.0,6.65,5100.0,450.0,0.0,0.0,0.0,17072.0,17550.0,17020.0,-2.048,2026-01-13 23:17,190481
PPLPHARMA,2026-01-27,135.0,43.31,7875.0,0.0,0.01,2625.0,0.0,168.08,169.43,165.38,0.209,2026-01-13 23:17,21916
PPLPHARMA,2026-01-27,140.0,31.91,7875.0,0.0,0.16,2625.0,0.0,168.08,169.43,165.38,0.209,2026-01-13 23:17,18641
PPLPHARMA,2026-01-27,145.0,0.0,0.0,0.0,0.05,5250.0,0.0,168.08,169.43,165.38,0.209,2026-01-13 23:17,15363
PPLPHARMA,2026-01-27,150.0,18.92,21000.0,0.0,0.42,564375.0,572250.0,168.08,169.43,165.38,0.209,2026-01-13 23:17,12062
PPLPHARMA,2026-01-27,152.5,0.0,0.0,0.0,0.0,0.0,0.0,168.08,169.43,165.38,0.209,2026-01-13 23:17,10574
PPLPHARMA,2026-01-27,155.0,0.0,0.0,0.0,0.72,569625.0,102375.0,168.08,169.43,165.38,0.209,2026-01-13 23:17,9069
PPLPHARMA,2026-01-27,157.5,12.34,13125.0,0.0,1.29,559125.0,422625.0,168.08,169.43,165.38,0.209,2026-01-13 23:17,7667
PPLPHARMA,2026-01-27,160.0,9.0,52500.0,18375.0,1.51,462000.0,223125.0,168.08,169.43,165.38,0.209,2026-01-13 23:17,6392
PPLPHARMA,2026-01-27,162.5,8.35,7875.0,0.0,2.59,105000.0,5250.0,168.08,169.43,165.38,0.209,2026-01-13 23:17,5280
PPLPHARMA,2026-01-27,165.0,5.82,191625.0,175875.0,2.8,719250.0,643125.0,168.08,169.43,165.38,0.209,2026-01-13 23:17,4197
PPLPHARMA,2026-01-27,167.5,4.8,141750.0,162750.0,3.68,207375.0,168000.0,168.08,169.43,165.38,0.209,2026-01-13 23:17,3273
PPLPHARMA,2026-01-27,170.0,3.6,1034250.0,1099875.0,5.49,485625.0,154875.0,168.08,169.43,165.38,0.209,2026-01-13 23:17,2518
PPLPHARMA,2026-01-27,172.5,2.67,315000.0,91875.0,7.51,259875.0,18375.0,168.08,169.43,165.38,0.209,2026-01-13 23:17,2257
PPLPHARMA,2026-01-27,175.0,1.96,1333500.0,1078875.0,10.0,328125.0,7875.0,168.08,169.43,165.38,0.209,2026-01-13 23:17,1923
PPLPHARMA,2026-01-27,177.5,1.46,540750.0,28875.0,11.2,144375.0,15750.0,168.08,169.43,165.38,0.209,2026-01-13 23:17,2048
PPLPHARMA,2026-01-27,180.0,1.07,2727375.0,1816500.0,14.23,790125.0,7875.0,168.08,169.43,165.38,0.209,2026-01-13 23:17,2329
PPLPHARMA,2026-01-27,182.5,0.87,370125.0,107625.0,14.37,99750.0,0.0,168.08,169.43,165.38,0.209,2026-01-13 23:17,2739
PPLPHARMA,2026-01-27,185.0,0.65,2068500.0,1152375.0,18.12,343875.0,15750.0,168.08,169.43,165.38,0.209,2026-01-13 23:17,3989
PPLPHARMA,2026-01-27,187.5,0.48,477750.0,118125.0,8.42,89250.0,0.0,168.08,169.43,165.38,0.209,2026-01-13 23:17,5464
PPLPHARMA,2026-01-27,190.0,0.44,3147375.0,553875.0,23.05,346500.0,10500.0,168.08,169.43,165.38,0.209,2026-01-13 23:17,7517
PPLPHARMA,2026-01-27,192.5,0.39,196875.0,0.0,10.41,23625.0,0.0,168.08,169.43,165.38,0.209,2026-01-13 23:17,9835
PPLPHARMA,2026-01-27,195.0,0.29,456750.0,18375.0,24.48,173250.0,0.0,168.08,169.43,165.38,0.209,2026-01-13 23:17,12852
PPLPHARMA,2026-01-27,197.5,0.56,49875.0,0.0,23.92,2625.0,0.0,168.08,169.43,165.38,0.209,2026-01-13 23:17,15633
PPLPHARMA,2026-01-27,200.0,0.25,2811375.0,616875.0,25.95,236250.0,0.0,168.08,169.43,165.38,0.209,2026-01-13 23:17,18834
PPLPHARMA,2026-01-27,202.5,0.83,65625.0,0.0,28.65,2625.0,0.0,168.08,169.43,165.38,0.209,2026-01-13 23:17,22257
PPLPHARMA,2026-01-27,205.0,0.13,406875.0,23625.0,31.25,7875.0,0.0,168.08,169.43,165.38,0.209,2026-01-13 23:17,26238
PPLPHARMA,2026-01-27,207.5,0.0,0.0,0.0,29.8,7875.0,0.0,168.08,169.43,165.38,0.209,2026-01-13 23:17,30306
PPLPHARMA,2026-01-27,210.0,0.15,328125.0,2625.0,29.01,52500.0,0.0,168.08,169.43,165.38,0.209,2026-01-13 23:17,34372
PPLPHARMA,2026-01-27,215.0,0.0,0.0,0.0,44.26,36750.0,0.0,168.08,169.43,165.38,0.209,2026-01-13 23:17,42593
PPLPHARMA,2026-01-27,220.0,0.15,160125.0,0.0,0.0,0.0,0.0,168.08,169.43,165.38,0.209,2026-01-13 23:17,50817
PPLPHARMA,2026-01-27,225.0,0.08,99750.0,0.0,0.0,0.0,0.0,168.08,169.43,165.38,0.209,2026-01-13 23:17,59287
PREMIERENE,2026-01-27,600.0,0.0,0.0,0.0,0.0,0.0,0.0,747.65,759.85,734.0,0.275,2026-01-13 23:17,26850
PREMIERENE,2026-01-27,620.0,0.0,0.0,0.0,1.4,12075.0,0.0,747.65,759.85,734.0,0.275,2026-01-13 23:17,21429
PREMIERENE,2026-01-27,630.0,0.0,0.0,0.0,0.0,0.0,0.0,747.65,759.85,734.0,0.275,2026-01-13 23:17,18729
PREMIERENE,2026-01-27,640.0,0.0,0.0,0.0,1.55,318550.0,129375.0,747.65,759.85,734.0,0.275,2026-01-13 23:17,16030
PREMIERENE,2026-01-27,650.0,99.7,575.0,575.0,2.2,51750.0,5175.0,747.65,759.85,734.0,0.275,2026-01-13 23:17,13601
PREMIERENE,2026-01-27,660.0,0.0,0.0,0.0,2.6,204125.0,106375.0,747.65,759.85,734.0,0.275,2026-01-13 23:17,11268
PREMIERENE,2026-01-27,670.0,80.15,4025.0,0.0,3.0,90275.0,39100.0,747.65,759.85,734.0,0.275,2026-01-13 23:17,9091
PREMIERENE,2026-01-27,680.0,78.75,1725.0,3450.0,4.45,284625.0,138000.0,747.65,759.85,734.0,0.275,2026-01-13 23:17,7067
PREMIERENE,2026-01-27,690.0,0.0,0.0,0.0,5.8,82800.0,50600.0,747.65,759.85,734.0,0.275,2026-01-13 23:17,5211
PREMIERENE,2026-01-27,700.0,57.95,34500.0,20700.0,7.85,260475.0,196650.0,747.65,759.85,734.0,0.275,2026-01-13 23:17,3503
PREMIERENE,2026-01-27,710.0,52.55,6325.0,7475.0,10.5,148925.0,64400.0,747.65,759.85,734.0,0.275,2026-01-13 23:17,2134
PREMIERENE,2026-01-27,720.0,42.8,41400.0,24150.0,13.15,263925.0,116725.0,747.65,759.85,734.0,0.275,2026-01-13 23:17,801
PREMIERENE,2026-01-27,730.0,36.4,46575.0,109250.0,16.6,140875.0,144325.0,747.65,759.85,734.0,0.275,2026-01-13 23:17,-273
PREMIERENE,2026-01-27,740.0,30.45,119600.0,252425.0,20.9,181125.0,177675.0,747.65,759.85,734.0,0.275,2026-01-13 23:17,-1054
PREMIERENE,2026-01-27,750.0,25.5,193775.0,688850.0,25.65,169050.0,152950.0,747.65,759.85,734.0,0.275,2026-01-13 23:17,-1485
PREMIERENE,2026-01-27,760.0,21.0,167900.0,508300.0,31.25,63250.0,33925.0,747.65,759.85,734.0,0.275,2026-01-13 23:17,-1477
PREMIERENE,2026-01-27,770.0,17.0,156400.0,142025.0,37.2,87400.0,6900.0,747.65,759.85,734.0,0.275,2026-01-13 23:17,-1145
PREMIERENE,2026-01-27,780.0,13.95,198950.0,228850.0,50.0,45425.0,5750.0,747.65,759.85,734.0,0.275,2026-01-13 23:17,-783
PREMIERENE,2026-01-27,790.0,10.9,119025.0,100050.0,60.1,40825.0,0.0,747.65,759.85,734.0,0.275,2026-01-13 23:17,-66
PREMIERENE,2026-01-27,800.0,8.85,791775.0,584200.0,58.75,123050.0,13800.0,747.65,759.85,734.0,0.275,2026-01-13 23:17,643
PREMIERENE,2026-01-27,810.0,7.0,226550.0,67275.0,72.25,6900.0,2300.0,747.65,759.85,734.0,0.275,2026-01-13 23:17,2361
PREMIERENE,2026-01-27,820.0,5.5,427800.0,132825.0,95.0,31625.0,0.0,747.65,759.85,734.0,0.275,2026-01-13 23:17,4444
PREMIERENE,2026-01-27,830.0,4.15,64400.0,74175.0,97.0,10925.0,0.0,747.65,759.85,734.0,0.275,2026-01-13 23:17,6812
PREMIERENE,2026-01-27,840.0,3.4,144900.0,66700.0,86.85,10350.0,3450.0,747.65,759.85,734.0,0.275,2026-01-13 23:17,9241
PREMIERENE,2026-01-27,850.0,2.75,377775.0,113850.0,111.7,58650.0,2875.0,747.65,759.85,734.0,0.275,2026-01-13 23:17,11865
PREMIERENE,2026-01-27,860.0,1.85,142600.0,28175.0,108.55,6325.0,0.0,747.65,759.85,734.0,0.275,2026-01-13 23:17,14414
PREMIERENE,2026-01-27,870.0,1.45,73600.0,1725.0,118.7,14950.0,0.0,747.65,759.85,734.0,0.275,2026-01-13 23:17,17621
PREMIERENE,2026-01-27,880.0,1.4,116150.0,25300.0,0.0,0.0,0.0,747.65,759.85,734.0,0.275,2026-01-13 23:17,20792
PREMIERENE,2026-01-27,890.0,0.7,35075.0,4025.0,0.0,0.0,0.0,747.65,759.85,734.0,0.275,2026-01-13 23:17,24262
PREMIERENE,2026-01-27,900.0,1.05,320850.0,51175.0,55.0,575.0,0.0,747.65,759.85,734.0,0.275,2026-01-13 23:17,27754
PREMIERENE,2026-01-27,910.0,1.15,16100.0,0.0,187.85,1725.0,0.0,747.65,759.85,734.0,0.275,2026-01-13 23:17,31595
PREMIERENE,2026-01-27,920.0,0.5,230000.0,2875.0,0.0,0.0,0.0,747.65,759.85,734.0,0.275,2026-01-13 23:17,35393
PREMIERENE,2026-01-27,930.0,0.85,6900.0,0.0,0.0,0.0,0.0,747.65,759.85,734.0,0.275,2026-01-13 23:17,39463
PREMIERENE,2026-01-27,940.0,0.6,9200.0,575.0,0.0,0.0,0.0,747.65,759.85,734.0,0.275,2026-01-13 23:17,43528
PREMIERENE,2026-01-27,960.0,0.4,20125.0,0.0,0.0,0.0,0.0,747.65,759.85,734.0,0.275,2026-01-13 23:17,51678
PREMIERENE,2026-01-27,980.0,0.3,33350.0,1725.0,0.0,0.0,0.0,747.65,759.85,734.0,0.275,2026-01-13 23:17,59868
PRESTIGE,2026-01-27,1280.0,0.0,0.0,0.0,0.0,0.0,0.0,1513.5,1526.8,1495.6,0.558,2026-01-13 23:17,23035
PRESTIGE,2026-01-27,1320.0,0.0,0.0,0.0,0.0,0.0,0.0,1513.5,1526.8,1495.6,0.558,2026-01-13 23:17,18807
PRESTIGE,2026-01-27,1340.0,0.0,0.0,0.0,0.0,0.0,0.0,1513.5,1526.8,1495.6,0.558,2026-01-13 23:17,16693
PRESTIGE,2026-01-27,1360.0,0.0,0.0,0.0,2.6,78750.0,65700.0,1513.5,1526.8,1495.6,0.558,2026-01-13 23:17,14579
PRESTIGE,2026-01-27,1380.0,139.55,4050.0,7650.0,4.95,5400.0,17550.0,1513.5,1526.8,1495.6,0.558,2026-01-13 23:17,12602
PRESTIGE,2026-01-27,1400.0,0.0,0.0,0.0,5.3,74700.0,91350.0,1513.5,1526.8,1495.6,0.558,2026-01-13 23:17,10718
PRESTIGE,2026-01-27,1420.0,95.65,2250.0,7650.0,9.55,63000.0,31050.0,1513.5,1526.8,1495.6,0.558,2026-01-13 23:17,8890
PRESTIGE,2026-01-27,1440.0,79.8,4950.0,450.0,11.2,131400.0,42750.0,1513.5,1526.8,1495.6,0.558,2026-01-13 23:17,7194
PRESTIGE,2026-01-27,1460.0,76.1,900.0,0.0,15.5,94050.0,52200.0,1513.5,1526.8,1495.6,0.558,2026-01-13 23:17,5701
PRESTIGE,2026-01-27,1480.0,52.9,3600.0,4500.0,22.0,38250.0,54000.0,1513.5,1526.8,1495.6,0.558,2026-01-13 23:17,4367
PRESTIGE,2026-01-27,1500.0,46.15,100800.0,397350.0,30.95,87750.0,347400.0,1513.5,1526.8,1495.6,0.558,2026-01-13 23:17,3190
PRESTIGE,2026-01-27,1520.0,36.85,78750.0,283950.0,37.9,27000.0,36900.0,1513.5,1526.8,1495.6,0.558,2026-01-13 23:17,2649
PRESTIGE,2026-01-27,1540.0,28.0,43650.0,126000.0,51.0,80550.0,14400.0,1513.5,1526.8,1495.6,0.558,2026-01-13 23:17,2314
PRESTIGE,2026-01-27,1560.0,20.3,89550.0,236250.0,63.65,71550.0,900.0,1513.5,1526.8,1495.6,0.558,2026-01-13 23:17,1751
PRESTIGE,2026-01-27,1580.0,15.4,68850.0,94500.0,86.5,24750.0,450.0,1513.5,1526.8,1495.6,0.558,2026-01-13 23:17,1525
PRESTIGE,2026-01-27,1600.0,11.0,209700.0,220500.0,104.0,93600.0,1800.0,1513.5,1526.8,1495.6,0.558,2026-01-13 23:17,1652
PRESTIGE,2026-01-27,1620.0,8.1,140850.0,61650.0,114.0,25200.0,0.0,1513.5,1526.8,1495.6,0.558,2026-01-13 23:17,1751
PRESTIGE,2026-01-27,1640.0,5.8,282600.0,125550.0,124.0,72450.0,1800.0,1513.5,1526.8,1495.6,0.558,2026-01-13 23:17,2751
PRESTIGE,2026-01-27,1660.0,4.45,169650.0,144450.0,158.25,19800.0,1350.0,1513.5,1526.8,1495.6,0.558,2026-01-13 23:17,3901
PRESTIGE,2026-01-27,1680.0,3.35,143550.0,18900.0,168.0,13950.0,0.0,1513.5,1526.8,1495.6,0.558,2026-01-13 23:17,5925
PRESTIGE,2026-01-27,1700.0,2.8,167400.0,78750.0,194.9,17550.0,0.0,1513.5,1526.8,1495.6,0.558,2026-01-13 23:17,8317
PRESTIGE,2026-01-27,1720.0,1.85,144900.0,5400.0,215.05,7650.0,0.0,1513.5,1526.8,1495.6,0.558,2026-01-13 23:17,10969
PRESTIGE,2026-01-27,1740.0,1.65,56700.0,8550.0,233.9,1350.0,0.0,1513.5,1526.8,1495.6,0.558,2026-01-13 23:17,14084
PRESTIGE,2026-01-27,1760.0,1.45,51750.0,2700.0,253.0,1350.0,0.0,1513.5,1526.8,1495.6,0.558,2026-01-13 23:17,17430
PRESTIGE,2026-01-27,1780.0,1.45,27450.0,0.0,272.3,900.0,0.0,1513.5,1526.8,1495.6,0.558,2026-01-13 23:17,20879
PRESTIGE,2026-01-27,1800.0,1.1,151650.0,47700.0,291.75,900.0,0.0,1513.5,1526.8,1495.6,0.558,2026-01-13 23:17,24390
PRESTIGE,2026-01-27,1820.0,0.0,0.0,0.0,0.0,0.0,0.0,1513.5,1526.8,1495.6,0.558,2026-01-13 23:17,28217
PRESTIGE,2026-01-27,1840.0,1.15,35100.0,450.0,308.8,0.0,0.0,1513.5,1526.8,1495.6,0.558,2026-01-13 23:17,32054
PRESTIGE,2026-01-27,1880.0,0.5,8550.0,0.0,370.65,5850.0,0.0,1513.5,1526.8,1495.6,0.558,2026-01-13 23:17,39871
PRESTIGE,2026-01-27,1920.0,2.05,900.0,450.0,410.4,19350.0,0.0,1513.5,1526.8,1495.6,0.558,2026-01-13 23:17,47526
PRESTIGE,2026-01-27,1960.0,0.45,17550.0,5850.0,0.0,0.0,0.0,1513.5,1526.8,1495.6,0.558,2026-01-13 23:17,54685
PRESTIGE,2026-01-27,2000.0,0.3,4500.0,0.0,0.0,0.0,0.0,1513.5,1526.8,1495.6,0.558,2026-01-13 23:17,62708
RBLBANK,2026-01-27,250.0,0.0,0.0,0.0,0.0,0.0,0.0,304.5,307.7,297.75,-0.131,2026-01-13 23:17,67247
RBLBANK,2026-01-27,260.0,0.0,0.0,0.0,0.35,28575.0,0.0,304.5,307.7,297.75,-0.131,2026-01-13 23:17,53033
RBLBANK,2026-01-27,270.0,36.5,9525.0,0.0,0.45,63500.0,104775.0,304.5,307.7,297.75,-0.131,2026-01-13 23:17,38846
RBLBANK,2026-01-27,275.0,0.0,0.0,0.0,0.95,44450.0,31750.0,304.5,307.7,297.75,-0.131,2026-01-13 23:17,31821
RBLBANK,2026-01-27,280.0,27.75,3175.0,0.0,0.9,660400.0,869950.0,304.5,307.7,297.75,-0.131,2026-01-13 23:17,24783
RBLBANK,2026-01-27,285.0,19.9,9525.0,3175.0,1.4,854075.0,301625.0,304.5,307.7,297.75,-0.131,2026-01-13 23:17,18030
RBLBANK,2026-01-27,290.0,17.65,76200.0,104775.0,2.1,1504950.0,1911350.0,304.5,307.7,297.75,-0.131,2026-01-13 23:17,11658
RBLBANK,2026-01-27,295.0,13.45,31750.0,238125.0,3.3,1492250.0,2206625.0,304.5,307.7,297.75,-0.131,2026-01-13 23:17,5997
RBLBANK,2026-01-27,300.0,10.2,1111250.0,2384425.0,4.9,3987800.0,2924175.0,304.5,307.7,297.75,-0.131,2026-01-13 23:17,829
RBLBANK,2026-01-27,305.0,7.5,819150.0,2381250.0,6.95,939800.0,1524000.0,304.5,307.7,297.75,-0.131,2026-01-13 23:17,-2159
RBLBANK,2026-01-27,310.0,5.4,3730625.0,4651375.0,9.35,1781175.0,466725.0,304.5,307.7,297.75,-0.131,2026-01-13 23:17,-3487
RBLBANK,2026-01-27,315.0,3.6,2708275.0,3101975.0,13.2,1130300.0,136525.0,304.5,307.7,297.75,-0.131,2026-01-13 23:17,-1671
RBLBANK,2026-01-27,320.0,2.5,4181475.0,4956175.0,17.45,1117600.0,149225.0,304.5,307.7,297.75,-0.131,2026-01-13 23:17,1197
RBLBANK,2026-01-27,325.0,1.75,1031875.0,1323975.0,20.35,139700.0,12700.0,304.5,307.7,297.75,-0.131,2026-01-13 23:17,6328
RBLBANK,2026-01-27,330.0,1.15,1933575.0,1435100.0,27.25,377825.0,0.0,304.5,307.7,297.75,-0.131,2026-01-13 23:17,12846
RBLBANK,2026-01-27,335.0,0.8,460375.0,180975.0,31.45,3175.0,0.0,304.5,307.7,297.75,-0.131,2026-01-13 23:17,19816
RBLBANK,2026-01-27,340.0,0.55,1968500.0,590550.0,35.85,38100.0,0.0,304.5,307.7,297.75,-0.131,2026-01-13 23:17,27852
RBLBANK,2026-01-27,345.0,0.45,279400.0,38100.0,0.0,0.0,0.0,304.5,307.7,297.75,-0.131,2026-01-13 23:17,36836
RBLBANK,2026-01-27,350.0,0.3,1381125.0,269875.0,45.05,50800.0,0.0,304.5,307.7,297.75,-0.131,2026-01-13 23:17,46000
RBLBANK,2026-01-27,360.0,0.3,365125.0,34925.0,0.0,0.0,0.0,304.5,307.7,297.75,-0.131,2026-01-13 23:17,65548
RBLBANK,2026-01-27,370.0,0.15,158750.0,38100.0,0.0,0.0,0.0,304.5,307.7,297.75,-0.131,2026-01-13 23:17,85660
RECLTD,2026-01-27,270.0,95.0,44800.0,2800.0,0.0,0.0,0.0,366.8,373.1,363.6,-0.999,2026-01-13 23:17,242314
RECLTD,2026-01-27,280.0,79.9,7000.0,0.0,0.35,9800.0,1400.0,366.8,373.1,363.6,-0.999,2026-01-13 23:17,214317
RECLTD,2026-01-27,290.0,0.0,0.0,0.0,0.2,35000.0,21000.0,366.8,373.1,363.6,-0.999,2026-01-13 23:17,185967
RECLTD,2026-01-27,300.0,62.2,35000.0,0.0,0.25,480200.0,28000.0,366.8,373.1,363.6,-0.999,2026-01-13 23:17,157595
RECLTD,2026-01-27,305.0,0.0,0.0,0.0,0.3,88200.0,0.0,366.8,373.1,363.6,-0.999,2026-01-13 23:17,143873
RECLTD,2026-01-27,310.0,47.4,1400.0,0.0,0.35,131600.0,15400.0,366.8,373.1,363.6,-0.999,2026-01-13 23:17,129986
RECLTD,2026-01-27,315.0,50.0,12600.0,0.0,0.45,112000.0,0.0,366.8,373.1,363.6,-0.999,2026-01-13 23:17,116171
RECLTD,2026-01-27,320.0,45.0,35000.0,1400.0,0.5,527800.0,88200.0,366.8,373.1,363.6,-0.999,2026-01-13 23:17,102474
RECLTD,2026-01-27,322.5,0.0,0.0,0.0,0.05,2800.0,0.0,366.8,373.1,363.6,-0.999,2026-01-13 23:17,95868
RECLTD,2026-01-27,325.0,0.0,0.0,0.0,0.65,247800.0,107800.0,366.8,373.1,363.6,-0.999,2026-01-13 23:17,89132
RECLTD,2026-01-27,327.5,0.0,0.0,0.0,0.0,0.0,0.0,366.8,373.1,363.6,-0.999,2026-01-13 23:17,82442
RECLTD,2026-01-27,330.0,34.95,187600.0,1400.0,0.75,856800.0,123200.0,366.8,373.1,363.6,-0.999,2026-01-13 23:17,75768
RECLTD,2026-01-27,332.5,0.0,0.0,0.0,0.0,0.0,0.0,366.8,373.1,363.6,-0.999,2026-01-13 23:17,69946
RECLTD,2026-01-27,335.0,51.25,201600.0,0.0,0.95,329000.0,93800.0,366.8,373.1,363.6,-0.999,2026-01-13 23:17,63533
RECLTD,2026-01-27,337.5,0.0,0.0,0.0,1.2,121800.0,0.0,366.8,373.1,363.6,-0.999,2026-01-13 23:17,58255
RECLTD,2026-01-27,340.0,27.85,574000.0,8400.0,1.25,1668800.0,180600.0,366.8,373.1,363.6,-0.999,2026-01-13 23:17,51990
RECLTD,2026-01-27,342.5,0.0,0.0,0.0,2.3,15400.0,0.0,366.8,373.1,363.6,-0.999,2026-01-13 23:17,47691
RECLTD,2026-01-27,345.0,26.0,417200.0,1400.0,1.7,739200.0,329000.0,366.8,373.1,363.6,-0.999,2026-01-13 23:17,42002
RECLTD,2026-01-27,347.5,0.0,0.0,0.0,3.3,1400.0,0.0,366.8,373.1,363.6,-0.999,2026-01-13 23:17,37565
RECLTD,2026-01-27,350.0,19.75,1569400.0,70000.0,2.4,2899400.0,655200.0,366.8,373.1,363.6,-0.999,2026-01-13 23:17,32168
RECLTD,2026-01-27,352.5,15.75,39200.0,0.0,2.85,177800.0,81200.0,366.8,373.1,363.6,-0.999,2026-01-13 23:17,30293
RECLTD,2026-01-27,355.0,15.55,1006600.0,43400.0,3.5,2679600.0,392000.0,366.8,373.1,363.6,-0.999,2026-01-13 23:17,26080
RECLTD,2026-01-27,357.5,13.9,215600.0,1400.0,4.15,313600.0,193200.0,366.8,373.1,363.6,-0.999,2026-01-13 23:17,23404
RECLTD,2026-01-27,360.0,12.05,3186400.0,1163400.0,4.75,4351200.0,2002000.0,366.8,373.1,363.6,-0.999,2026-01-13 23:17,20403
RECLTD,2026-01-27,362.5,10.3,354200.0,301000.0,5.65,338800.0,411600.0,366.8,373.1,363.6,-0.999,2026-01-13 23:17,20890
RECLTD,2026-01-27,365.0,8.8,1071000.0,1960000.0,6.8,1353800.0,1699600.0,366.8,373.1,363.6,-0.999,2026-01-13 23:17,19950
RECLTD,2026-01-27,367.5,7.6,512400.0,1171800.0,7.9,376600.0,893200.0,366.8,373.1,363.6,-0.999,2026-01-13 23:17,19465
RECLTD,2026-01-27,370.0,6.45,2907800.0,6948200.0,9.25,2174200.0,2510200.0,366.8,373.1,363.6,-0.999,2026-01-13 23:17,19273
RECLTD,2026-01-27,372.5,5.65,372400.0,1094800.0,10.85,376600.0,527800.0,366.8,373.1,363.6,-0.999,2026-01-13 23:17,20123
RECLTD,2026-01-27,375.0,4.75,1496600.0,2794400.0,12.4,982800.0,558600.0,366.8,373.1,363.6,-0.999,2026-01-13 23:17,21098
RECLTD,2026-01-27,377.5,4.1,319200.0,847000.0,14.0,336000.0,117600.0,366.8,373.1,363.6,-0.999,2026-01-13 23:17,22383
RECLTD,2026-01-27,380.0,3.45,4575200.0,5734400.0,16.35,2563400.0,180600.0,366.8,373.1,363.6,-0.999,2026-01-13 23:17,24001
RECLTD,2026-01-27,382.5,2.9,642600.0,1395800.0,18.05,355600.0,2800.0,366.8,373.1,363.6,-0.999,2026-01-13 23:17,25129
RECLTD,2026-01-27,385.0,2.4,2871400.0,1873200.0,17.3,481600.0,0.0,366.8,373.1,363.6,-0.999,2026-01-13 23:17,28665
RECLTD,2026-01-27,387.5,2.15,435400.0,134400.0,26.15,222600.0,0.0,366.8,373.1,363.6,-0.999,2026-01-13 23:17,33350
RECLTD,2026-01-27,390.0,1.85,4187400.0,1373400.0,24.6,396200.0,28000.0,366.8,373.1,363.6,-0.999,2026-01-13 23:17,37855
RECLTD,2026-01-27,392.5,1.65,289800.0,33600.0,26.15,65800.0,2800.0,366.8,373.1,363.6,-0.999,2026-01-13 23:17,43795
RECLTD,2026-01-27,395.0,1.4,586600.0,316400.0,28.8,140000.0,0.0,366.8,373.1,363.6,-0.999,2026-01-13 23:17,49900
RECLTD,2026-01-27,397.5,1.15,151200.0,29400.0,23.8,57400.0,0.0,366.8,373.1,363.6,-0.999,2026-01-13 23:17,55989
RECLTD,2026-01-27,400.0,1.15,6155800.0,2233000.0,33.55,1040200.0,43400.0,366.8,373.1,363.6,-0.999,2026-01-13 23:17,62332
RECLTD,2026-01-27,402.5,1.15,91000.0,9800.0,28.55,23800.0,0.0,366.8,373.1,363.6,-0.999,2026-01-13 23:17,67811
RECLTD,2026-01-27,405.0,0.85,898800.0,282800.0,33.4,46200.0,0.0,366.8,373.1,363.6,-0.999,2026-01-13 23:17,76044
RECLTD,2026-01-27,407.5,0.8,30800.0,0.0,0.0,0.0,0.0,366.8,373.1,363.6,-0.999,2026-01-13 23:17,84492
RECLTD,2026-01-27,410.0,0.75,1444800.0,588000.0,42.8,165200.0,0.0,366.8,373.1,363.6,-0.999,2026-01-13 23:17,93029
RECLTD,2026-01-27,412.5,0.0,0.0,0.0,0.0,0.0,0.0,366.8,373.1,363.6,-0.999,2026-01-13 23:17,101367
RECLTD,2026-01-27,415.0,0.65,1054200.0,54600.0,0.0,0.0,0.0,366.8,373.1,363.6,-0.999,2026-01-13 23:17,110303
RECLTD,2026-01-27,420.0,0.55,2361800.0,557200.0,35.75,198800.0,0.0,366.8,373.1,363.6,-0.999,2026-01-13 23:17,128772
RECLTD,2026-01-27,425.0,0.45,78400.0,0.0,0.0,0.0,0.0,366.8,373.1,363.6,-0.999,2026-01-13 23:17,147872
RECLTD,2026-01-27,430.0,0.35,449400.0,71400.0,0.0,0.0,0.0,366.8,373.1,363.6,-0.999,2026-01-13 23:17,167595
RECLTD,2026-01-27,435.0,0.2,5600.0,0.0,0.0,0.0,0.0,366.8,373.1,363.6,-0.999,2026-01-13 23:17,187555
RECLTD,2026-01-27,440.0,0.25,1240400.0,313600.0,74.5,982800.0,4200.0,366.8,373.1,363.6,-0.999,2026-01-13 23:17,207502
RELIANCE,2026-01-27,1240.0,0.0,0.0,0.0,0.0,0.0,0.0,1456.9,1485.8,1444.7,-1.773,2026-01-13 23:17,773914
RELIANCE,2026-01-27,1260.0,197.1,52500.0,28000.0,1.2,203500.0,222000.0,1456.9,1485.8,1444.7,-1.773,2026-01-13 23:17,703679
RELIANCE,2026-01-27,1270.0,0.0,0.0,0.0,1.3,67500.0,51500.0,1456.9,1485.8,1444.7,-1.773,2026-01-13 23:17,669828
RELIANCE,2026-01-27,1280.0,0.0,0.0,0.0,1.35,297500.0,175000.0,1456.9,1485.8,1444.7,-1.773,2026-01-13 23:17,635025
RELIANCE,2026-01-27,1290.0,0.0,0.0,0.0,1.6,38000.0,52500.0,1456.9,1485.8,1444.7,-1.773,2026-01-13 23:17,600489
RELIANCE,2026-01-27,1300.0,156.0,33500.0,33000.0,1.7,373000.0,608000.0,1456.9,1485.8,1444.7,-1.773,2026-01-13 23:17,566024
RELIANCE,2026-01-27,1310.0,0.0,0.0,0.0,1.95,61500.0,49000.0,1456.9,1485.8,1444.7,-1.773,2026-01-13 23:17,532431
RELIANCE,2026-01-27,1320.0,137.35,841500.0,54000.0,2.0,834500.0,410500.0,1456.9,1485.8,1444.7,-1.773,2026-01-13 23:17,498429
RELIANCE,2026-01-27,1330.0,0.0,0.0,0.0,2.45,106000.0,126500.0,1456.9,1485.8,1444.7,-1.773,2026-01-13 23:17,477505
RELIANCE,2026-01-27,1340.0,132.5,2500.0,1000.0,2.65,289000.0,489000.0,1456.9,1485.8,1444.7,-1.773,2026-01-13 23:17,445271
RELIANCE,2026-01-27,1350.0,131.35,500.0,0.0,3.1,892500.0,1253500.0,1456.9,1485.8,1444.7,-1.773,2026-01-13 23:17,413310
RELIANCE,2026-01-27,1360.0,101.0,24500.0,16500.0,3.7,920000.0,884000.0,1456.9,1485.8,1444.7,-1.773,2026-01-13 23:17,382016
RELIANCE,2026-01-27,1370.0,0.0,0.0,0.0,4.45,301000.0,577500.0,1456.9,1485.8,1444.7,-1.773,2026-01-13 23:17,351844
RELIANCE,2026-01-27,1380.0,78.75,19000.0,13000.0,5.45,616500.0,1113000.0,1456.9,1485.8,1444.7,-1.773,2026-01-13 23:17,321931
RELIANCE,2026-01-27,1390.0,102.4,0.0,500.0,6.7,321000.0,990500.0,1456.9,1485.8,1444.7,-1.773,2026-01-13 23:17,292602
RELIANCE,2026-01-27,1400.0,66.25,688500.0,1569500.0,8.35,2286000.0,5025500.0,1456.9,1485.8,1444.7,-1.773,2026-01-13 23:17,263565
RELIANCE,2026-01-27,1410.0,53.2,10000.0,13500.0,10.35,377000.0,2043000.0,1456.9,1485.8,1444.7,-1.773,2026-01-13 23:17,240370
RELIANCE,2026-01-27,1420.0,50.8,53000.0,128500.0,12.85,1178500.0,2919000.0,1456.9,1485.8,1444.7,-1.773,2026-01-13 23:17,214572
RELIANCE,2026-01-27,1430.0,43.2,104000.0,430000.0,15.9,844000.0,2859500.0,1456.9,1485.8,1444.7,-1.773,2026-01-13 23:17,189098
RELIANCE,2026-01-27,1440.0,36.85,337000.0,1570500.0,19.4,1145000.0,4505000.0,1456.9,1485.8,1444.7,-1.773,2026-01-13 23:17,164925
RELIANCE,2026-01-27,1450.0,31.8,1412000.0,4919500.0,23.8,2610500.0,7078000.0,1456.9,1485.8,1444.7,-1.773,2026-01-13 23:17,142146
RELIANCE,2026-01-27,1460.0,26.3,2006500.0,6667000.0,28.45,1543000.0,6150500.0,1456.9,1485.8,1444.7,-1.773,2026-01-13 23:17,122647
RELIANCE,2026-01-27,1470.0,21.95,2200500.0,6445500.0,34.15,1147000.0,3478500.0,1456.9,1485.8,1444.7,-1.773,2026-01-13 23:17,109307
RELIANCE,2026-01-27,1480.0,18.1,3631000.0,9094000.0,40.3,1911500.0,3193000.0,1456.9,1485.8,1444.7,-1.773,2026-01-13 23:17,99341
RELIANCE,2026-01-27,1490.0,15.1,1708500.0,4328000.0,47.1,787500.0,1044500.0,1456.9,1485.8,1444.7,-1.773,2026-01-13 23:17,92872
RELIANCE,2026-01-27,1500.0,12.5,9047000.0,13392000.0,53.85,3166500.0,1972000.0,1456.9,1485.8,1444.7,-1.773,2026-01-13 23:17,88902
RELIANCE,2026-01-27,1510.0,10.2,2518000.0,3843000.0,64.55,950500.0,127500.0,1456.9,1485.8,1444.7,-1.773,2026-01-13 23:17,92532
RELIANCE,2026-01-27,1520.0,8.55,4899500.0,4674000.0,70.6,1484000.0,204000.0,1456.9,1485.8,1444.7,-1.773,2026-01-13 23:17,101806
RELIANCE,2026-01-27,1530.0,6.9,4118500.0,3994500.0,78.85,1325500.0,217500.0,1456.9,1485.8,1444.7,-1.773,2026-01-13 23:17,114742
RELIANCE,2026-01-27,1540.0,5.7,4160500.0,3634500.0,87.55,655500.0,90500.0,1456.9,1485.8,1444.7,-1.773,2026-01-13 23:17,131801
RELIANCE,2026-01-27,1550.0,4.6,8339500.0,6919000.0,96.2,1425500.0,140000.0,1456.9,1485.8,1444.7,-1.773,2026-01-13 23:17,157918
RELIANCE,2026-01-27,1560.0,3.85,3773500.0,2430500.0,105.65,1377000.0,82500.0,1456.9,1485.8,1444.7,-1.773,2026-01-13 23:17,187290
RELIANCE,2026-01-27,1570.0,3.3,2253500.0,1769500.0,115.75,554000.0,57000.0,1456.9,1485.8,1444.7,-1.773,2026-01-13 23:17,218595
RELIANCE,2026-01-27,1580.0,3.0,3943500.0,1645500.0,127.3,663500.0,54500.0,1456.9,1485.8,1444.7,-1.773,2026-01-13 23:17,260134
RELIANCE,2026-01-27,1590.0,2.65,1741500.0,695500.0,136.3,325500.0,6000.0,1456.9,1485.8,1444.7,-1.773,2026-01-13 23:17,304685
RELIANCE,2026-01-27,1600.0,2.25,16057500.0,7240500.0,145.35,1693000.0,74500.0,1456.9,1485.8,1444.7,-1.773,2026-01-13 23:17,354591
RELIANCE,2026-01-27,1610.0,1.95,1433000.0,611500.0,126.4,161000.0,0.0,1456.9,1485.8,1444.7,-1.773,2026-01-13 23:17,405229
RELIANCE,2026-01-27,1620.0,1.6,4223500.0,985500.0,158.05,328500.0,1000.0,1456.9,1485.8,1444.7,-1.773,2026-01-13 23:17,476699
RELIANCE,2026-01-27,1630.0,1.5,1124500.0,615000.0,162.85,82500.0,0.0,1456.9,1485.8,1444.7,-1.773,2026-01-13 23:17,549961
RELIANCE,2026-01-27,1640.0,1.25,1084000.0,565000.0,183.85,123500.0,2500.0,1456.9,1485.8,1444.7,-1.773,2026-01-13 23:17,627771
RELIANCE,2026-01-27,1650.0,1.2,1973500.0,1075000.0,194.0,175000.0,12000.0,1456.9,1485.8,1444.7,-1.773,2026-01-13 23:17,705828
RELIANCE,2026-01-27,1660.0,1.05,728000.0,468500.0,195.0,37500.0,0.0,1456.9,1485.8,1444.7,-1.773,2026-01-13 23:17,785011
RELIANCE,2026-01-27,1670.0,1.05,320500.0,244000.0,0.0,0.0,0.0,1456.9,1485.8,1444.7,-1.773,2026-01-13 23:17,867463
RELIANCE,2026-01-27,1680.0,0.85,945000.0,279000.0,144.5,21000.0,0.0,1456.9,1485.8,1444.7,-1.773,2026-01-13 23:17,950924
RELIANCE,2026-01-27,1690.0,0.8,183000.0,103000.0,95.0,2000.0,0.0,1456.9,1485.8,1444.7,-1.773,2026-01-13 23:17,1035093
RELIANCE,2026-01-27,1700.0,0.75,2600500.0,1071000.0,243.8,462500.0,8500.0,1456.9,1485.8,1444.7,-1.773,2026-01-13 23:17,1119667
RELIANCE,2026-01-27,1710.0,0.7,53000.0,17000.0,0.0,0.0,0.0,1456.9,1485.8,1444.7,-1.773,2026-01-13 23:17,1196227
RELIANCE,2026-01-27,1720.0,0.7,373500.0,145500.0,241.45,153000.0,0.0,1456.9,1485.8,1444.7,-1.773,2026-01-13 23:17,1283925
RELIANCE,2026-01-27,1740.0,0.6,277000.0,44500.0,282.0,1500.0,1000.0,1456.9,1485.8,1444.7,-1.773,2026-01-13 23:17,1456698
RELIANCE,2026-01-27,1760.0,0.5,171500.0,128000.0,304.7,81000.0,17500.0,1456.9,1485.8,1444.7,-1.773,2026-01-13 23:17,1633670
RELIANCE,2026-01-27,1780.0,0.5,720500.0,142500.0,323.0,682000.0,2500.0,1456.9,1485.8,1444.7,-1.773,2026-01-13 23:17,1808714
RELIANCE,2026-01-27,1800.0,0.4,102000.0,24000.0,327.0,34500.0,2000.0,1456.9,1485.8,1444.7,-1.773,2026-01-13 23:17,1967029
RELIANCE,2026-01-27,1820.0,0.3,500.0,0.0,0.0,0.0,0.0,1456.9,1485.8,1444.7,-1.773,2026-01-13 23:17,2146486
RELIANCE,2026-01-27,1840.0,0.0,0.0,0.0,0.0,0.0,0.0,1456.9,1485.8,1444.7,-1.773,2026-01-13 23:17,2327068
RVNL,2026-01-27,260.0,48.0,10675.0,0.0,0.3,115900.0,54900.0,329.55,337.65,325.05,-0.633,2026-01-13 23:17,107601
RVNL,2026-01-27,270.0,83.0,15250.0,0.0,0.5,260775.0,25925.0,329.55,337.65,325.05,-0.633,2026-01-13 23:17,90919
RVNL,2026-01-27,275.0,97.15,4575.0,0.0,0.75,13725.0,0.0,329.55,337.65,325.05,-0.633,2026-01-13 23:17,82806
RVNL,2026-01-27,280.0,81.5,1525.0,0.0,0.9,599325.0,256200.0,329.55,337.65,325.05,-0.633,2026-01-13 23:17,74632
RVNL,2026-01-27,285.0,55.7,3050.0,0.0,1.4,111325.0,0.0,329.55,337.65,325.05,-0.633,2026-01-13 23:17,66674
RVNL,2026-01-27,290.0,0.0,0.0,0.0,1.6,497150.0,387350.0,329.55,337.65,325.05,-0.633,2026-01-13 23:17,58815
RVNL,2026-01-27,295.0,0.0,0.0,0.0,1.95,288225.0,362950.0,329.55,337.65,325.05,-0.633,2026-01-13 23:17,51124
RVNL,2026-01-27,300.0,30.4,248575.0,114375.0,2.75,1938275.0,1082750.0,329.55,337.65,325.05,-0.633,2026-01-13 23:17,43601
RVNL,2026-01-27,305.0,31.15,9150.0,0.0,3.45,378200.0,111325.0,329.55,337.65,325.05,-0.633,2026-01-13 23:17,37450
RVNL,2026-01-27,310.0,20.6,186050.0,96075.0,4.45,1041575.0,950075.0,329.55,337.65,325.05,-0.633,2026-01-13 23:17,31168
RVNL,2026-01-27,315.0,15.6,25925.0,38125.0,5.75,384300.0,698450.0,329.55,337.65,325.05,-0.633,2026-01-13 23:17,25521
RVNL,2026-01-27,320.0,15.0,308050.0,378200.0,7.25,1735450.0,1357250.0,329.55,337.65,325.05,-0.633,2026-01-13 23:17,19980
RVNL,2026-01-27,325.0,12.1,308050.0,744200.0,9.2,658800.0,1616500.0,329.55,337.65,325.05,-0.633,2026-01-13 23:17,14844
RVNL,2026-01-27,330.0,9.35,1059875.0,5640975.0,11.95,1296250.0,1628700.0,329.55,337.65,325.05,-0.633,2026-01-13 23:17,10755
RVNL,2026-01-27,335.0,7.35,538325.0,2346975.0,14.85,318725.0,117425.0,329.55,337.65,325.05,-0.633,2026-01-13 23:17,7519
RVNL,2026-01-27,340.0,5.8,1550925.0,3640175.0,17.75,1820850.0,381250.0,329.55,337.65,325.05,-0.633,2026-01-13 23:17,5192
RVNL,2026-01-27,345.0,4.5,1274900.0,2133475.0,24.95,510875.0,47275.0,329.55,337.65,325.05,-0.633,2026-01-13 23:17,2296
RVNL,2026-01-27,350.0,3.55,2661125.0,5547950.0,25.35,1204750.0,184525.0,329.55,337.65,325.05,-0.633,2026-01-13 23:17,1924
RVNL,2026-01-27,355.0,2.85,968375.0,1660725.0,29.95,454450.0,27450.0,329.55,337.65,325.05,-0.633,2026-01-13 23:17,2077
RVNL,2026-01-27,360.0,2.35,4119025.0,3978725.0,34.85,825025.0,446825.0,329.55,337.65,325.05,-0.633,2026-01-13 23:17,3966
RVNL,2026-01-27,365.0,2.0,1900150.0,809775.0,38.9,213500.0,6100.0,329.55,337.65,325.05,-0.633,2026-01-13 23:17,7505
RVNL,2026-01-27,370.0,1.55,4623800.0,2371375.0,43.0,678625.0,3050.0,329.55,337.65,325.05,-0.633,2026-01-13 23:17,13557
RVNL,2026-01-27,375.0,1.4,1191025.0,349225.0,46.0,211975.0,0.0,329.55,337.65,325.05,-0.633,2026-01-13 23:17,20509
RVNL,2026-01-27,380.0,1.1,4742750.0,2247850.0,55.0,527650.0,18300.0,329.55,337.65,325.05,-0.633,2026-01-13 23:17,29556
RVNL,2026-01-27,385.0,1.05,1125450.0,600850.0,51.1,167750.0,0.0,329.55,337.65,325.05,-0.633,2026-01-13 23:17,39666
RVNL,2026-01-27,390.0,0.85,3411425.0,1370975.0,62.5,234850.0,0.0,329.55,337.65,325.05,-0.633,2026-01-13 23:17,52064
RVNL,2026-01-27,395.0,0.8,1526525.0,292800.0,45.5,18300.0,0.0,329.55,337.65,325.05,-0.633,2026-01-13 23:17,65847
RVNL,2026-01-27,400.0,0.65,11030325.0,3181150.0,75.3,309575.0,9150.0,329.55,337.65,325.05,-0.633,2026-01-13 23:17,81618
RVNL,2026-01-27,405.0,0.55,462075.0,80825.0,0.0,0.0,0.0,329.55,337.65,325.05,-0.633,2026-01-13 23:17,101407
RVNL,2026-01-27,410.0,0.55,1497550.0,329400.0,83.6,30500.0,6100.0,329.55,337.65,325.05,-0.633,2026-01-13 23:17,123066
RVNL,2026-01-27,415.0,0.5,428525.0,196725.0,0.0,0.0,0.0,329.55,337.65,325.05,-0.633,2026-01-13 23:17,145291
RVNL,2026-01-27,420.0,0.4,2586400.0,440725.0,67.0,7625.0,0.0,329.55,337.65,325.05,-0.633,2026-01-13 23:17,167924
RVNL,2026-01-27,425.0,0.45,483425.0,129625.0,0.0,0.0,0.0,329.55,337.65,325.05,-0.633,2026-01-13 23:17,191886
RVNL,2026-01-27,430.0,0.4,1494500.0,372100.0,0.0,0.0,0.0,329.55,337.65,325.05,-0.633,2026-01-13 23:17,216058
RVNL,2026-01-27,440.0,0.35,1058350.0,137250.0,106.7,1525.0,6100.0,329.55,337.65,325.05,-0.633,2026-01-13 23:17,265914
SAIL,2026-01-27,106.0,0.0,0.0,0.0,0.1,51700.0,0.0,147.62,150.36,146.51,-1.072,2026-01-13 23:17,74661
SAIL,2026-01-27,108.0,0.0,0.0,0.0,0.02,310200.0,0.0,147.62,150.36,146.51,-1.072,2026-01-13 23:17,67855
SAIL,2026-01-27,110.0,0.0,0.0,0.0,0.02,352500.0,0.0,147.62,150.36,146.51,-1.072,2026-01-13 23:17,61111
SAIL,2026-01-27,112.0,0.0,0.0,0.0,0.4,183300.0,0.0,147.62,150.36,146.51,-1.072,2026-01-13 23:17,54437
SAIL,2026-01-27,114.0,0.0,0.0,0.0,0.17,75200.0,0.0,147.62,150.36,146.51,-1.072,2026-01-13 23:17,47794
SAIL,2026-01-27,115.0,0.0,0.0,0.0,0.04,277300.0,0.0,147.62,150.36,146.51,-1.072,2026-01-13 23:17,44482
SAIL,2026-01-27,116.0,0.0,0.0,0.0,1.47,70500.0,0.0,147.62,150.36,146.51,-1.072,2026-01-13 23:17,41198
SAIL,2026-01-27,117.0,0.0,0.0,0.0,0.18,150400.0,0.0,147.62,150.36,146.51,-1.072,2026-01-13 23:17,37911
SAIL,2026-01-27,118.0,0.0,0.0,0.0,0.29,286700.0,0.0,147.62,150.36,146.51,-1.072,2026-01-13 23:17,34648
SAIL,2026-01-27,119.0,0.0,0.0,0.0,1.05,42300.0,0.0,147.62,150.36,146.51,-1.072,2026-01-13 23:17,31407
SAIL,2026-01-27,120.0,29.98,258500.0,0.0,0.12,2439300.0,0.0,147.62,150.36,146.51,-1.072,2026-01-13 23:17,28175
SAIL,2026-01-27,121.0,0.0,0.0,0.0,0.21,126900.0,0.0,147.62,150.36,146.51,-1.072,2026-01-13 23:17,25962
SAIL,2026-01-27,122.0,0.0,0.0,0.0,6.75,902400.0,0.0,147.62,150.36,146.51,-1.072,2026-01-13 23:17,23014
SAIL,2026-01-27,123.0,0.0,0.0,0.0,0.65,108100.0,0.0,147.62,150.36,146.51,-1.072,2026-01-13 23:17,19550
SAIL,2026-01-27,124.0,0.0,0.0,0.0,0.74,65800.0,0.0,147.62,150.36,146.51,-1.072,2026-01-13 23:17,16698
SAIL,2026-01-27,125.0,25.29,376000.0,0.0,0.02,1748400.0,23500.0,147.62,150.36,146.51,-1.072,2026-01-13 23:17,13856
SAIL,2026-01-27,126.0,18.01,235000.0,0.0,0.1,460600.0,0.0,147.62,150.36,146.51,-1.072,2026-01-13 23:17,12178
SAIL,2026-01-27,127.0,20.0,37600.0,0.0,0.04,183300.0,0.0,147.62,150.36,146.51,-1.072,2026-01-13 23:17,10040
SAIL,2026-01-27,128.0,21.8,79900.0,0.0,0.2,347800.0,0.0,147.62,150.36,146.51,-1.072,2026-01-13 23:17,7581
SAIL,2026-01-27,129.0,14.25,211500.0,0.0,0.63,314900.0,0.0,147.62,150.36,146.51,-1.072,2026-01-13 23:17,5257
SAIL,2026-01-27,130.0,20.0,1861200.0,14100.0,0.2,3698900.0,126900.0,147.62,150.36,146.51,-1.072,2026-01-13 23:17,3101
SAIL,2026-01-27,131.0,13.0,70500.0,0.0,0.65,418300.0,0.0,147.62,150.36,146.51,-1.072,2026-01-13 23:17,4867
SAIL,2026-01-27,132.0,15.0,178600.0,0.0,0.4,324300.0,0.0,147.62,150.36,146.51,-1.072,2026-01-13 23:17,3098
SAIL,2026-01-27,133.0,15.59,305500.0,0.0,0.11,940000.0,9400.0,147.62,150.36,146.51,-1.072,2026-01-13 23:17,1569
SAIL,2026-01-27,134.0,16.6,399500.0,0.0,0.25,1005800.0,14100.0,147.62,150.36,146.51,-1.072,2026-01-13 23:17,377
SAIL,2026-01-27,135.0,14.45,2486300.0,23500.0,0.38,2241900.0,61100.0,147.62,150.36,146.51,-1.072,2026-01-13 23:17,-502
SAIL,2026-01-27,136.0,16.9,695600.0,0.0,0.96,930600.0,0.0,147.62,150.36,146.51,-1.072,2026-01-13 23:17,1959
SAIL,2026-01-27,137.0,13.43,267900.0,0.0,0.66,766100.0,0.0,147.62,150.36,146.51,-1.072,2026-01-13 23:17,2162
SAIL,2026-01-27,138.0,7.5,220900.0,0.0,0.3,1142100.0,14100.0,147.62,150.36,146.51,-1.072,2026-01-13 23:17,1692
SAIL,2026-01-27,139.0,11.92,188000.0,0.0,0.6,432400.0,263200.0,147.62,150.36,146.51,-1.072,2026-01-13 23:17,1181
SAIL,2026-01-27,140.0,8.2,5179400.0,28200.0,0.99,3741200.0,141000.0,147.62,150.36,146.51,-1.072,2026-01-13 23:17,798
SAIL,2026-01-27,141.0,10.0,347800.0,0.0,0.9,343100.0,0.0,147.62,150.36,146.51,-1.072,2026-01-13 23:17,4986
SAIL,2026-01-27,142.0,9.55,582800.0,0.0,1.0,831900.0,4700.0,147.62,150.36,146.51,-1.072,2026-01-13 23:17,5683
SAIL,2026-01-27,143.0,4.26,225600.0,0.0,1.96,390100.0,0.0,147.62,150.36,146.51,-1.072,2026-01-13 23:17,6678
SAIL,2026-01-27,144.0,6.0,173900.0,9400.0,1.13,578100.0,4700.0,147.62,150.36,146.51,-1.072,2026-01-13 23:17,7281
SAIL,2026-01-27,145.0,5.0,2406400.0,28200.0,2.25,2072700.0,94000.0,147.62,150.36,146.51,-1.072,2026-01-13 23:17,7979
SAIL,2026-01-27,146.0,4.8,1419400.0,4700.0,2.01,723800.0,4700.0,147.62,150.36,146.51,-1.072,2026-01-13 23:17,9822
SAIL,2026-01-27,147.0,3.4,756700.0,9400.0,3.0,676800.0,0.0,147.62,150.36,146.51,-1.072,2026-01-13 23:17,11678
SAIL,2026-01-27,148.0,2.51,714400.0,18800.0,3.81,549900.0,0.0,147.62,150.36,146.51,-1.072,2026-01-13 23:17,13197
SAIL,2026-01-27,149.0,3.8,752000.0,0.0,6.81,380700.0,0.0,147.62,150.36,146.51,-1.072,2026-01-13 23:17,14757
SAIL,2026-01-27,150.0,2.26,7252100.0,136300.0,4.49,2143200.0,37600.0,147.62,150.36,146.51,-1.072,2026-01-13 23:17,16487
SAIL,2026-01-27,151.0,2.02,780200.0,9400.0,7.99,178600.0,0.0,147.62,150.36,146.51,-1.072,2026-01-13 23:17,19807
SAIL,2026-01-27,152.0,1.7,940000.0,4700.0,6.7,131600.0,0.0,147.62,150.36,146.51,-1.072,2026-01-13 23:17,22561
SAIL,2026-01-27,153.0,3.0,366600.0,0.0,7.5,150400.0,0.0,147.62,150.36,146.51,-1.072,2026-01-13 23:17,25479
SAIL,2026-01-27,154.0,3.15,587500.0,0.0,8.18,70500.0,0.0,147.62,150.36,146.51,-1.072,2026-01-13 23:17,28374
SAIL,2026-01-27,155.0,0.9,2726000.0,23500.0,11.0,296100.0,0.0,147.62,150.36,146.51,-1.072,2026-01-13 23:17,31465
SAIL,2026-01-27,156.0,1.68,531100.0,0.0,9.31,103400.0,0.0,147.62,150.36,146.51,-1.072,2026-01-13 23:17,34651
SAIL,2026-01-27,157.0,0.68,488800.0,0.0,11.39,79900.0,0.0,147.62,150.36,146.51,-1.072,2026-01-13 23:17,37974
SAIL,2026-01-27,158.0,0.9,324300.0,4700.0,0.0,0.0,0.0,147.62,150.36,146.51,-1.072,2026-01-13 23:17,41302
SAIL,2026-01-27,159.0,0.9,258500.0,0.0,0.0,0.0,0.0,147.62,150.36,146.51,-1.072,2026-01-13 23:17,44750
SAIL,2026-01-27,160.0,0.9,5762200.0,47000.0,15.98,122200.0,0.0,147.62,150.36,146.51,-1.072,2026-01-13 23:17,48218
SAIL,2026-01-27,161.0,0.0,0.0,0.0,0.0,0.0,0.0,147.62,150.36,146.51,-1.072,2026-01-13 23:17,52574
SAIL,2026-01-27,162.0,0.36,1532200.0,0.0,0.0,0.0,0.0,147.62,150.36,146.51,-1.072,2026-01-13 23:17,56607
SAIL,2026-01-27,163.0,0.0,0.0,0.0,0.0,0.0,0.0,147.62,150.36,146.51,-1.072,2026-01-13 23:17,60849
SAIL,2026-01-27,164.0,1.29,89300.0,0.0,15.68,117500.0,0.0,147.62,150.36,146.51,-1.072,2026-01-13 23:17,65035
SAIL,2026-01-27,165.0,0.5,709700.0,0.0,0.0,0.0,0.0,147.62,150.36,146.51,-1.072,2026-01-13 23:17,69069
SAIL,2026-01-27,166.0,0.99,188000.0,0.0,0.0,0.0,0.0,147.62,150.36,146.51,-1.072,2026-01-13 23:17,73383
SAIL,2026-01-27,168.0,0.3,935300.0,0.0,0.0,0.0,0.0,147.62,150.36,146.51,-1.072,2026-01-13 23:17,81995
SAIL,2026-01-27,169.0,1.0,554600.0,0.0,0.0,0.0,0.0,147.62,150.36,146.51,-1.072,2026-01-13 23:17,86413
SAIL,2026-01-27,170.0,0.0,0.0,0.0,0.0,0.0,0.0,147.62,150.36,146.51,-1.072,2026-01-13 23:17,90914
SAMMAANCAP,2026-01-27,117.5,0.0,0.0,0.0,0.02,68800.0,0.0,142.0,144.7,140.5,-0.651,2026-01-13 23:17,56012
SAMMAANCAP,2026-01-27,120.0,33.57,17200.0,0.0,0.02,361200.0,0.0,142.0,144.7,140.5,-0.651,2026-01-13 23:17,50206
SAMMAANCAP,2026-01-27,122.5,0.0,0.0,0.0,2.05,25800.0,0.0,142.0,144.7,140.5,-0.651,2026-01-13 23:17,44551
SAMMAANCAP,2026-01-27,125.0,22.5,4300.0,0.0,0.15,137600.0,0.0,142.0,144.7,140.5,-0.651,2026-01-13 23:17,38841
SAMMAANCAP,2026-01-27,127.5,0.0,0.0,0.0,0.54,133300.0,0.0,142.0,144.7,140.5,-0.651,2026-01-13 23:17,33179
SAMMAANCAP,2026-01-27,130.0,0.0,0.0,0.0,0.42,1367400.0,8600.0,142.0,144.7,140.5,-0.651,2026-01-13 23:17,27536
SAMMAANCAP,2026-01-27,132.5,20.25,0.0,0.0,0.0,0.0,0.0,142.0,144.7,140.5,-0.651,2026-01-13 23:17,22184
SAMMAANCAP,2026-01-27,135.0,13.31,240800.0,0.0,1.3,3586200.0,4300.0,142.0,144.7,140.5,-0.651,2026-01-13 23:17,16890
SAMMAANCAP,2026-01-27,137.5,0.0,0.0,0.0,1.56,1406100.0,0.0,142.0,144.7,140.5,-0.651,2026-01-13 23:17,12406
SAMMAANCAP,2026-01-27,140.0,4.72,1410400.0,0.0,2.85,4334400.0,17200.0,142.0,144.7,140.5,-0.651,2026-01-13 23:17,8201
SAMMAANCAP,2026-01-27,142.5,6.48,232200.0,0.0,4.0,696600.0,129000.0,142.0,144.7,140.5,-0.651,2026-01-13 23:17,5081
SAMMAANCAP,2026-01-27,145.0,2.5,2975600.0,17200.0,5.5,3302400.0,51600.0,142.0,144.7,140.5,-0.651,2026-01-13 23:17,2635
SAMMAANCAP,2026-01-27,147.5,1.89,933100.0,17200.0,6.15,1229800.0,0.0,142.0,144.7,140.5,-0.651,2026-01-13 23:17,815
SAMMAANCAP,2026-01-27,150.0,1.02,6613400.0,30100.0,12.34,3362600.0,12900.0,142.0,144.7,140.5,-0.651,2026-01-13 23:17,27
SAMMAANCAP,2026-01-27,152.5,1.79,662200.0,0.0,8.16,421400.0,0.0,142.0,144.7,140.5,-0.651,2026-01-13 23:17,-1160
SAMMAANCAP,2026-01-27,155.0,0.77,3323900.0,4300.0,12.0,1483500.0,0.0,142.0,144.7,140.5,-0.651,2026-01-13 23:17,1171
SAMMAANCAP,2026-01-27,157.5,4.54,253700.0,0.0,0.0,0.0,0.0,142.0,144.7,140.5,-0.651,2026-01-13 23:17,3406
SAMMAANCAP,2026-01-27,160.0,0.35,6880000.0,30100.0,10.77,1023400.0,0.0,142.0,144.7,140.5,-0.651,2026-01-13 23:17,7344
SAMMAANCAP,2026-01-27,162.5,2.0,391300.0,0.0,0.0,0.0,0.0,142.0,144.7,140.5,-0.651,2026-01-13 23:17,12281
SAMMAANCAP,2026-01-27,165.0,0.32,2012400.0,21500.0,19.5,4300.0,0.0,142.0,144.7,140.5,-0.651,2026-01-13 23:17,18256
SAMMAANCAP,2026-01-27,167.5,0.9,219300.0,0.0,0.0,0.0,0.0,142.0,144.7,140.5,-0.651,2026-01-13 23:17,24712
SAMMAANCAP,2026-01-27,170.0,0.12,3452900.0,8600.0,20.06,146200.0,0.0,142.0,144.7,140.5,-0.651,2026-01-13 23:17,31187
SAMMAANCAP,2026-01-27,175.0,0.06,580500.0,12900.0,23.64,21500.0,0.0,142.0,144.7,140.5,-0.651,2026-01-13 23:17,45646
SAMMAANCAP,2026-01-27,180.0,0.09,718100.0,0.0,28.16,163400.0,0.0,142.0,144.7,140.5,-0.651,2026-01-13 23:17,60610
SAMMAANCAP,2026-01-27,185.0,0.55,73100.0,0.0,35.5,17200.0,0.0,142.0,144.7,140.5,-0.651,2026-01-13 23:17,75608
SAMMAANCAP,2026-01-27,200.0,0.16,266600.0,0.0,0.0,0.0,0.0,142.0,144.7,140.5,-0.651,2026-01-13 23:17,122043
SAMMAANCAP,2026-01-27,210.0,0.12,232200.0,0.0,0.0,0.0,0.0,142.0,144.7,140.5,-0.651,2026-01-13 23:17,153308
SBICARD,2026-01-27,700.0,0.0,0.0,0.0,0.2,16000.0,0.0,858.0,862.05,846.0,0.263,2026-01-13 23:17,48746
SBICARD,2026-01-27,720.0,0.0,0.0,0.0,0.25,18400.0,0.0,858.0,862.05,846.0,0.263,2026-01-13 23:17,40202
SBICARD,2026-01-27,740.0,0.0,0.0,0.0,0.45,25600.0,5600.0,858.0,862.05,846.0,0.263,2026-01-13 23:17,31694
SBICARD,2026-01-27,750.0,131.4,6400.0,0.0,0.35,78400.0,1600.0,858.0,862.05,846.0,0.263,2026-01-13 23:17,27465
SBICARD,2026-01-27,760.0,79.8,800.0,0.0,0.8,273600.0,52800.0,858.0,862.05,846.0,0.263,2026-01-13 23:17,23403
SBICARD,2026-01-27,770.0,126.5,1600.0,0.0,0.95,222400.0,40800.0,858.0,862.05,846.0,0.263,2026-01-13 23:17,19519
SBICARD,2026-01-27,780.0,82.0,800.0,0.0,1.3,246400.0,103200.0,858.0,862.05,846.0,0.263,2026-01-13 23:17,15873
SBICARD,2026-01-27,790.0,0.0,0.0,0.0,1.85,161600.0,44000.0,858.0,862.05,846.0,0.263,2026-01-13 23:17,12450
SBICARD,2026-01-27,800.0,59.95,32800.0,0.0,2.65,838400.0,262400.0,858.0,862.05,846.0,0.263,2026-01-13 23:17,9185
SBICARD,2026-01-27,810.0,0.0,0.0,0.0,3.8,269600.0,105600.0,858.0,862.05,846.0,0.263,2026-01-13 23:17,6794
SBICARD,2026-01-27,820.0,43.65,20000.0,0.0,5.7,278400.0,103200.0,858.0,862.05,846.0,0.263,2026-01-13 23:17,4597
SBICARD,2026-01-27,830.0,33.0,33600.0,5600.0,7.7,224000.0,92800.0,858.0,862.05,846.0,0.263,2026-01-13 23:17,2728
SBICARD,2026-01-27,840.0,27.8,80000.0,25600.0,11.3,270400.0,188000.0,858.0,862.05,846.0,0.263,2026-01-13 23:17,1128
SBICARD,2026-01-27,850.0,23.35,344800.0,384000.0,15.0,356800.0,329600.0,858.0,862.05,846.0,0.263,2026-01-13 23:17,-143
SBICARD,2026-01-27,860.0,18.25,264000.0,675200.0,19.95,179200.0,290400.0,858.0,862.05,846.0,0.263,2026-01-13 23:17,-361
SBICARD,2026-01-27,870.0,13.5,346400.0,271200.0,25.55,197600.0,29600.0,858.0,862.05,846.0,0.263,2026-01-13 23:17,-280
SBICARD,2026-01-27,880.0,10.2,396000.0,224000.0,33.3,207200.0,10400.0,858.0,862.05,846.0,0.263,2026-01-13 23:17,181
SBICARD,2026-01-27,890.0,7.6,275200.0,186400.0,44.4,85600.0,8000.0,858.0,862.05,846.0,0.263,2026-01-13 23:17,999
SBICARD,2026-01-27,900.0,5.45,953600.0,748000.0,52.0,187200.0,14400.0,858.0,862.05,846.0,0.263,2026-01-13 23:17,2292
SBICARD,2026-01-27,910.0,4.2,320000.0,88000.0,57.35,20800.0,0.0,858.0,862.05,846.0,0.263,2026-01-13 23:17,4443
SBICARD,2026-01-27,920.0,3.15,468000.0,244800.0,65.85,25600.0,0.0,858.0,862.05,846.0,0.263,2026-01-13 23:17,7403
SBICARD,2026-01-27,930.0,2.45,200800.0,60800.0,41.0,8000.0,0.0,858.0,862.05,846.0,0.263,2026-01-13 23:17,10821
SBICARD,2026-01-27,940.0,1.8,248000.0,175200.0,84.45,4800.0,0.0,858.0,862.05,846.0,0.263,2026-01-13 23:17,14486
SBICARD,2026-01-27,950.0,1.35,526400.0,166400.0,98.9,43200.0,9600.0,858.0,862.05,846.0,0.263,2026-01-13 23:17,18391
SBICARD,2026-01-27,960.0,1.15,437600.0,84800.0,110.45,23200.0,0.0,858.0,862.05,846.0,0.263,2026-01-13 23:17,22505
SBICARD,2026-01-27,970.0,0.9,103200.0,61600.0,74.3,18400.0,0.0,858.0,862.05,846.0,0.263,2026-01-13 23:17,27230
SBICARD,2026-01-27,980.0,0.75,188800.0,47200.0,142.0,3200.0,0.0,858.0,862.05,846.0,0.263,2026-01-13 23:17,32156
SBICARD,2026-01-27,990.0,0.55,31200.0,1600.0,0.0,0.0,0.0,858.0,862.05,846.0,0.263,2026-01-13 23:17,37369
SBICARD,2026-01-27,1000.0,0.45,398400.0,29600.0,120.05,2400.0,0.0,858.0,862.05,846.0,0.263,2026-01-13 23:17,42647
SBICARD,2026-01-27,1020.0,0.35,128800.0,8800.0,126.0,1600.0,0.0,858.0,862.05,846.0,0.263,2026-01-13 23:17,53990
SBICARD,2026-01-27,1040.0,0.25,7200.0,2400.0,0.0,0.0,0.0,858.0,862.05,846.0,0.263,2026-01-13 23:17,65588
SBILIFE,2026-01-27,1720.0,382.2,3750.0,0.0,0.05,2625.0,0.0,2076.9,2102.1,2071.7,-1.006,2026-01-13 23:17,71956
SBILIFE,2026-01-27,1760.0,342.3,1125.0,0.0,0.05,4875.0,0.0,2076.9,2102.1,2071.7,-1.006,2026-01-13 23:17,61003
SBILIFE,2026-01-27,1780.0,0.0,0.0,0.0,0.05,375.0,0.0,2076.9,2102.1,2071.7,-1.006,2026-01-13 23:17,55505
SBILIFE,2026-01-27,1800.0,302.45,1875.0,0.0,0.45,39000.0,3000.0,2076.9,2102.1,2071.7,-1.006,2026-01-13 23:17,49969
SBILIFE,2026-01-27,1820.0,0.0,0.0,0.0,0.25,1875.0,750.0,2076.9,2102.1,2071.7,-1.006,2026-01-13 23:17,44570
SBILIFE,2026-01-27,1840.0,262.6,750.0,0.0,0.25,218250.0,25125.0,2076.9,2102.1,2071.7,-1.006,2026-01-13 23:17,39120
SBILIFE,2026-01-27,1860.0,242.7,3750.0,0.0,0.55,25125.0,5250.0,2076.9,2102.1,2071.7,-1.006,2026-01-13 23:17,34121
SBILIFE,2026-01-27,1880.0,0.0,0.0,0.0,0.55,1500.0,6375.0,2076.9,2102.1,2071.7,-1.006,2026-01-13 23:17,29257
SBILIFE,2026-01-27,1900.0,203.3,2250.0,0.0,0.6,264000.0,84375.0,2076.9,2102.1,2071.7,-1.006,2026-01-13 23:17,24305
SBILIFE,2026-01-27,1920.0,0.0,0.0,0.0,0.9,25125.0,1125.0,2076.9,2102.1,2071.7,-1.006,2026-01-13 23:17,19916
SBILIFE,2026-01-27,1940.0,164.7,375.0,0.0,1.35,86625.0,28875.0,2076.9,2102.1,2071.7,-1.006,2026-01-13 23:17,15545
SBILIFE,2026-01-27,1960.0,145.95,14250.0,0.0,1.8,90750.0,81000.0,2076.9,2102.1,2071.7,-1.006,2026-01-13 23:17,11345
SBILIFE,2026-01-27,1980.0,119.3,10500.0,0.0,2.95,75375.0,37125.0,2076.9,2102.1,2071.7,-1.006,2026-01-13 23:17,7552
SBILIFE,2026-01-27,2000.0,93.0,65625.0,4125.0,4.75,223500.0,173625.0,2076.9,2102.1,2071.7,-1.006,2026-01-13 23:17,3842
SBILIFE,2026-01-27,2020.0,71.0,75750.0,6375.0,7.25,132750.0,61875.0,2076.9,2102.1,2071.7,-1.006,2026-01-13 23:17,1111
SBILIFE,2026-01-27,2040.0,64.0,112500.0,13875.0,10.75,231000.0,236625.0,2076.9,2102.1,2071.7,-1.006,2026-01-13 23:17,-1264
SBILIFE,2026-01-27,2060.0,43.4,156750.0,36000.0,16.5,210375.0,330750.0,2076.9,2102.1,2071.7,-1.006,2026-01-13 23:17,-2923
SBILIFE,2026-01-27,2080.0,29.9,494625.0,349875.0,23.75,342750.0,319125.0,2076.9,2102.1,2071.7,-1.006,2026-01-13 23:17,-3987
SBILIFE,2026-01-27,2100.0,19.0,1479750.0,1503750.0,34.4,535500.0,473625.0,2076.9,2102.1,2071.7,-1.006,2026-01-13 23:17,-3043
SBILIFE,2026-01-27,2120.0,11.7,1437375.0,469500.0,49.3,166125.0,14250.0,2076.9,2102.1,2071.7,-1.006,2026-01-13 23:17,2234
SBILIFE,2026-01-27,2140.0,7.35,2321625.0,805125.0,60.0,72000.0,8250.0,2076.9,2102.1,2071.7,-1.006,2026-01-13 23:17,10612
SBILIFE,2026-01-27,2160.0,4.5,241875.0,355875.0,84.9,15000.0,8250.0,2076.9,2102.1,2071.7,-1.006,2026-01-13 23:17,24190
SBILIFE,2026-01-27,2180.0,3.05,228375.0,245250.0,90.45,4500.0,0.0,2076.9,2102.1,2071.7,-1.006,2026-01-13 23:17,36988
SBILIFE,2026-01-27,2200.0,1.9,402000.0,302625.0,106.5,6375.0,0.0,2076.9,2102.1,2071.7,-1.006,2026-01-13 23:17,50299
SBILIFE,2026-01-27,2220.0,1.4,161250.0,58500.0,0.0,0.0,0.0,2076.9,2102.1,2071.7,-1.006,2026-01-13 23:17,64407
SBILIFE,2026-01-27,2240.0,0.7,513750.0,67500.0,141.3,3375.0,0.0,2076.9,2102.1,2071.7,-1.006,2026-01-13 23:17,78851
SBILIFE,2026-01-27,2260.0,0.5,86625.0,6000.0,0.0,0.0,0.0,2076.9,2102.1,2071.7,-1.006,2026-01-13 23:17,94296
SBILIFE,2026-01-27,2280.0,0.55,87000.0,35250.0,0.0,0.0,0.0,2076.9,2102.1,2071.7,-1.006,2026-01-13 23:17,109929
SBILIFE,2026-01-27,2300.0,0.0,0.0,0.0,0.0,0.0,0.0,2076.9,2102.1,2071.7,-1.006,2026-01-13 23:17,125737
SBILIFE,2026-01-27,2320.0,0.7,110625.0,38625.0,217.2,1875.0,0.0,2076.9,2102.1,2071.7,-1.006,2026-01-13 23:17,141540
SBILIFE,2026-01-27,2360.0,0.0,0.0,0.0,0.0,0.0,0.0,2076.9,2102.1,2071.7,-1.006,2026-01-13 23:17,173564
SBILIFE,2026-01-27,2400.0,0.0,0.0,0.0,0.0,0.0,0.0,2076.9,2102.1,2071.7,-1.006,2026-01-13 23:17,205621
SBIN,2026-01-27,820.0,143.0,72750.0,0.0,0.0,0.0,0.0,1028.5,1029.5,1016.0,1.315,2026-01-13 23:17,422876
SBIN,2026-01-27,830.0,140.75,3750.0,0.0,0.2,39750.0,16500.0,1028.5,1029.5,1016.0,1.315,2026-01-13 23:17,392753
SBIN,2026-01-27,840.0,134.0,12000.0,0.0,0.3,8250.0,3750.0,1028.5,1029.5,1016.0,1.315,2026-01-13 23:17,361685
SBIN,2026-01-27,850.0,156.0,50250.0,0.0,0.2,60000.0,1500.0,1028.5,1029.5,1016.0,1.315,2026-01-13 23:17,330746
SBIN,2026-01-27,860.0,134.1,18750.0,0.0,0.2,84750.0,750.0,1028.5,1029.5,1016.0,1.315,2026-01-13 23:17,300540
SBIN,2026-01-27,870.0,114.0,8250.0,0.0,0.25,63000.0,3000.0,1028.5,1029.5,1016.0,1.315,2026-01-13 23:17,269904
SBIN,2026-01-27,880.0,91.5,21750.0,0.0,0.35,78750.0,3000.0,1028.5,1029.5,1016.0,1.315,2026-01-13 23:17,239182
SBIN,2026-01-27,890.0,85.6,17250.0,0.0,0.35,186750.0,20250.0,1028.5,1029.5,1016.0,1.315,2026-01-13 23:17,208664
SBIN,2026-01-27,895.0,0.0,0.0,0.0,0.45,39750.0,12750.0,1028.5,1029.5,1016.0,1.315,2026-01-13 23:17,193550
SBIN,2026-01-27,900.0,128.9,703500.0,36000.0,0.35,955500.0,370500.0,1028.5,1029.5,1016.0,1.315,2026-01-13 23:17,178313
SBIN,2026-01-27,905.0,75.7,1500.0,0.0,0.4,529500.0,12000.0,1028.5,1029.5,1016.0,1.315,2026-01-13 23:17,172942
SBIN,2026-01-27,910.0,115.65,3750.0,750.0,0.45,484500.0,98250.0,1028.5,1029.5,1016.0,1.315,2026-01-13 23:17,158792
SBIN,2026-01-27,915.0,0.0,0.0,0.0,0.55,45000.0,22500.0,1028.5,1029.5,1016.0,1.315,2026-01-13 23:17,144918
SBIN,2026-01-27,920.0,96.1,41250.0,0.0,0.55,564000.0,403500.0,1028.5,1029.5,1016.0,1.315,2026-01-13 23:17,131042
SBIN,2026-01-27,925.0,100.0,0.0,750.0,0.6,104250.0,3000.0,1028.5,1029.5,1016.0,1.315,2026-01-13 23:17,117836
SBIN,2026-01-27,930.0,78.5,20250.0,0.0,0.55,1193250.0,236250.0,1028.5,1029.5,1016.0,1.315,2026-01-13 23:17,104311
SBIN,2026-01-27,935.0,54.9,5250.0,0.0,0.7,282000.0,81750.0,1028.5,1029.5,1016.0,1.315,2026-01-13 23:17,91493
SBIN,2026-01-27,940.0,77.75,83250.0,0.0,0.75,781500.0,567000.0,1028.5,1029.5,1016.0,1.315,2026-01-13 23:17,78733
SBIN,2026-01-27,945.0,65.55,6750.0,0.0,0.85,142500.0,25500.0,1028.5,1029.5,1016.0,1.315,2026-01-13 23:17,66986
SBIN,2026-01-27,950.0,80.0,414000.0,96750.0,0.95,1476000.0,981000.0,1028.5,1029.5,1016.0,1.315,2026-01-13 23:17,54757
SBIN,2026-01-27,955.0,71.0,25500.0,3000.0,1.05,478500.0,530250.0,1028.5,1029.5,1016.0,1.315,2026-01-13 23:17,46612
SBIN,2026-01-27,960.0,70.1,303000.0,24000.0,1.2,1874250.0,1898250.0,1028.5,1029.5,1016.0,1.315,2026-01-13 23:17,35678
SBIN,2026-01-27,965.0,64.75,246750.0,24750.0,1.4,254250.0,243000.0,1028.5,1029.5,1016.0,1.315,2026-01-13 23:17,27602
SBIN,2026-01-27,970.0,60.6,546000.0,35250.0,1.6,1956000.0,1557000.0,1028.5,1029.5,1016.0,1.315,2026-01-13 23:17,19439
SBIN,2026-01-27,975.0,55.6,169500.0,22500.0,1.85,353250.0,364500.0,1028.5,1029.5,1016.0,1.315,2026-01-13 23:17,13960
SBIN,2026-01-27,980.0,50.7,631500.0,286500.0,2.15,2058750.0,2106000.0,1028.5,1029.5,1016.0,1.315,2026-01-13 23:17,6624
SBIN,2026-01-27,985.0,45.55,321000.0,21750.0,2.55,742500.0,576000.0,1028.5,1029.5,1016.0,1.315,2026-01-13 23:17,2516
SBIN,2026-01-27,990.0,42.2,822000.0,242250.0,3.05,2439750.0,2986500.0,1028.5,1029.5,1016.0,1.315,2026-01-13 23:17,-2546
SBIN,2026-01-27,995.0,37.55,570000.0,54000.0,3.6,983250.0,1653000.0,1028.5,1029.5,1016.0,1.315,2026-01-13 23:17,-4527
SBIN,2026-01-27,1000.0,33.45,3218250.0,2565750.0,4.4,4452000.0,10405500.0,1028.5,1029.5,1016.0,1.315,2026-01-13 23:17,-6669
SBIN,2026-01-27,1005.0,29.15,870750.0,499500.0,5.25,618000.0,2387250.0,1028.5,1029.5,1016.0,1.315,2026-01-13 23:17,2043
SBIN,2026-01-27,1010.0,25.15,1918500.0,3055500.0,6.25,1623750.0,6159000.0,1028.5,1029.5,1016.0,1.315,2026-01-13 23:17,4908
SBIN,2026-01-27,1015.0,21.6,894750.0,2626500.0,7.7,672750.0,3039000.0,1028.5,1029.5,1016.0,1.315,2026-01-13 23:17,11140
SBIN,2026-01-27,1020.0,18.5,4199250.0,12129000.0,9.55,1986750.0,11636250.0,1028.5,1029.5,1016.0,1.315,2026-01-13 23:17,15760
SBIN,2026-01-27,1025.0,15.6,1115250.0,7617750.0,11.65,882750.0,4673250.0,1028.5,1029.5,1016.0,1.315,2026-01-13 23:17,27931
SBIN,2026-01-27,1030.0,13.0,4964250.0,15565500.0,14.0,1173000.0,3946500.0,1028.5,1029.5,1016.0,1.315,2026-01-13 23:17,35940
SBIN,2026-01-27,1035.0,10.8,522750.0,3905250.0,16.75,165750.0,464250.0,1028.5,1029.5,1016.0,1.315,2026-01-13 23:17,51118
SBIN,2026-01-27,1040.0,8.9,1610250.0,9584250.0,19.95,414000.0,664500.0,1028.5,1029.5,1016.0,1.315,2026-01-13 23:17,62115
SBIN,2026-01-27,1045.0,7.25,776250.0,2477250.0,23.3,102750.0,121500.0,1028.5,1029.5,1016.0,1.315,2026-01-13 23:17,74445
SBIN,2026-01-27,1050.0,6.1,6727500.0,8852250.0,27.1,658500.0,1056750.0,1028.5,1029.5,1016.0,1.315,2026-01-13 23:17,86931
SBIN,2026-01-27,1055.0,4.95,577500.0,2140500.0,30.2,11250.0,7500.0,1028.5,1029.5,1016.0,1.315,2026-01-13 23:17,105106
SBIN,2026-01-27,1060.0,3.95,2184000.0,5366250.0,35.0,99750.0,128250.0,1028.5,1029.5,1016.0,1.315,2026-01-13 23:17,121507
SBIN,2026-01-27,1065.0,3.1,261000.0,625500.0,39.5,7500.0,10500.0,1028.5,1029.5,1016.0,1.315,2026-01-13 23:17,139313
SBIN,2026-01-27,1070.0,2.5,1266000.0,2618250.0,0.0,0.0,0.0,1028.5,1029.5,1016.0,1.315,2026-01-13 23:17,156790
SBIN,2026-01-27,1075.0,2.15,203250.0,640500.0,0.0,0.0,0.0,1028.5,1029.5,1016.0,1.315,2026-01-13 23:17,175165
SBIN,2026-01-27,1080.0,1.7,1129500.0,1104750.0,0.0,0.0,0.0,1028.5,1029.5,1016.0,1.315,2026-01-13 23:17,193369
SBIN,2026-01-27,1090.0,1.2,253500.0,846750.0,88.0,1500.0,0.0,1028.5,1029.5,1016.0,1.315,2026-01-13 23:17,231012
SBIN,2026-01-27,1100.0,1.0,1398000.0,1987500.0,71.5,105750.0,7500.0,1028.5,1029.5,1016.0,1.315,2026-01-13 23:17,268735
SBIN,2026-01-27,1110.0,0.8,213000.0,90000.0,97.0,750.0,0.0,1028.5,1029.5,1016.0,1.315,2026-01-13 23:17,307328
SBIN,2026-01-27,1120.0,0.6,247500.0,207000.0,0.0,0.0,0.0,1028.5,1029.5,1016.0,1.315,2026-01-13 23:17,346760
SBIN,2026-01-27,1130.0,0.55,144000.0,206250.0,0.0,0.0,0.0,1028.5,1029.5,1016.0,1.315,2026-01-13 23:17,386446
SBIN,2026-01-27,1140.0,0.45,36000.0,54750.0,0.0,0.0,0.0,1028.5,1029.5,1016.0,1.315,2026-01-13 23:17,426268
SHREECEM,2026-01-27,22500.0,4719.9,75.0,0.0,18.65,50.0,0.0,27100.0,27400.0,26920.0,-0.239,2026-01-13 23:17,19017
SHREECEM,2026-01-27,23000.0,4221.2,75.0,0.0,17.5,575.0,25.0,27100.0,27400.0,26920.0,-0.239,2026-01-13 23:17,16223
SHREECEM,2026-01-27,23250.0,0.0,0.0,0.0,0.2,50.0,0.0,27100.0,27400.0,26920.0,-0.239,2026-01-13 23:17,14856
SHREECEM,2026-01-27,23500.0,0.0,0.0,0.0,22.0,3775.0,17700.0,27100.0,27400.0,26920.0,-0.239,2026-01-13 23:17,13459
SHREECEM,2026-01-27,23750.0,0.0,0.0,0.0,1.0,0.0,0.0,27100.0,27400.0,26920.0,-0.239,2026-01-13 23:17,12148
SHREECEM,2026-01-27,24000.0,3225.45,25.0,0.0,1.95,925.0,0.0,27100.0,27400.0,26920.0,-0.239,2026-01-13 23:17,10846
SHREECEM,2026-01-27,24250.0,0.0,0.0,0.0,3.75,400.0,0.0,27100.0,27400.0,26920.0,-0.239,2026-01-13 23:17,9575
SHREECEM,2026-01-27,24500.0,0.0,0.0,0.0,27.7,1925.0,0.0,27100.0,27400.0,26920.0,-0.239,2026-01-13 23:17,8306
SHREECEM,2026-01-27,24750.0,2487.6,50.0,0.0,12.25,275.0,0.0,27100.0,27400.0,26920.0,-0.239,2026-01-13 23:17,7080
SHREECEM,2026-01-27,25000.0,0.0,0.0,0.0,41.6,4000.0,3200.0,27100.0,27400.0,26920.0,-0.239,2026-01-13 23:17,5880
SHREECEM,2026-01-27,25250.0,0.0,0.0,0.0,52.0,650.0,0.0,27100.0,27400.0,26920.0,-0.239,2026-01-13 23:17,4751
SHREECEM,2026-01-27,25500.0,1780.7,50.0,0.0,58.15,4025.0,1300.0,27100.0,27400.0,26920.0,-0.239,2026-01-13 23:17,3651
SHREECEM,2026-01-27,25750.0,1559.25,25.0,0.0,81.45,575.0,0.0,27100.0,27400.0,26920.0,-0.239,2026-01-13 23:17,2642
SHREECEM,2026-01-27,26000.0,1348.35,1150.0,0.0,98.3,9475.0,9075.0,27100.0,27400.0,26920.0,-0.239,2026-01-13 23:17,1662
SHREECEM,2026-01-27,26250.0,1140.0,1025.0,50.0,132.05,2025.0,650.0,27100.0,27400.0,26920.0,-0.239,2026-01-13 23:17,1010
SHREECEM,2026-01-27,26500.0,788.4,2625.0,3350.0,173.45,7100.0,2275.0,27100.0,27400.0,26920.0,-0.239,2026-01-13 23:17,463
SHREECEM,2026-01-27,26750.0,695.15,1425.0,300.0,282.0,3025.0,400.0,27100.0,27400.0,26920.0,-0.239,2026-01-13 23:17,152
SHREECEM,2026-01-27,27000.0,554.25,4825.0,7825.0,340.3,7075.0,2650.0,27100.0,27400.0,26920.0,-0.239,2026-01-13 23:17,-116
SHREECEM,2026-01-27,27250.0,421.35,2575.0,2450.0,460.0,1775.0,1150.0,27100.0,27400.0,26920.0,-0.239,2026-01-13 23:17,-75
SHREECEM,2026-01-27,27500.0,308.35,11025.0,23350.0,562.0,4325.0,300.0,27100.0,27400.0,26920.0,-0.239,2026-01-13 23:17,74
SHREECEM,2026-01-27,27750.0,240.0,1325.0,400.0,752.1,175.0,25.0,27100.0,27400.0,26920.0,-0.239,2026-01-13 23:17,677
SHREECEM,2026-01-27,28000.0,171.65,12500.0,9075.0,1048.35,1700.0,100.0,27100.0,27400.0,26920.0,-0.239,2026-01-13 23:17,1240
SHREECEM,2026-01-27,28250.0,125.0,1250.0,1150.0,1348.3,475.0,0.0,27100.0,27400.0,26920.0,-0.239,2026-01-13 23:17,2176
SHREECEM,2026-01-27,28500.0,90.0,4725.0,3625.0,1713.3,1425.0,0.0,27100.0,27400.0,26920.0,-0.239,2026-01-13 23:17,3070
SHREECEM,2026-01-27,28750.0,66.95,1825.0,450.0,1607.0,0.0,0.0,27100.0,27400.0,26920.0,-0.239,2026-01-13 23:17,3965
SHREECEM,2026-01-27,29000.0,47.35,7600.0,7375.0,1828.65,525.0,0.0,27100.0,27400.0,26920.0,-0.239,2026-01-13 23:17,5119
SHREECEM,2026-01-27,29250.0,25.05,1050.0,100.0,0.0,0.0,0.0,27100.0,27400.0,26920.0,-0.239,2026-01-13 23:17,6404
SHREECEM,2026-01-27,29500.0,19.1,11800.0,625.0,2292.65,100.0,0.0,27100.0,27400.0,26920.0,-0.239,2026-01-13 23:17,7778
SHREECEM,2026-01-27,29750.0,0.0,0.0,0.0,2531.9,25.0,0.0,27100.0,27400.0,26920.0,-0.239,2026-01-13 23:17,9446
SHREECEM,2026-01-27,30000.0,17.75,13050.0,53275.0,2774.4,150.0,0.0,27100.0,27400.0,26920.0,-0.239,2026-01-13 23:17,11109
SHREECEM,2026-01-27,30250.0,0.0,0.0,0.0,0.0,0.0,0.0,27100.0,27400.0,26920.0,-0.239,2026-01-13 23:17,13090
SHREECEM,2026-01-27,30500.0,12.45,1875.0,7275.0,0.0,0.0,0.0,27100.0,27400.0,26920.0,-0.239,2026-01-13 23:17,15090
SHREECEM,2026-01-27,31000.0,8.8,1275.0,1150.0,3761.2,50.0,0.0,27100.0,27400.0,26920.0,-0.239,2026-01-13 23:17,19184
SHREECEM,2026-01-27,31500.0,14.0,150.0,0.0,0.0,0.0,0.0,27100.0,27400.0,26920.0,-0.239,2026-01-13 23:17,23325
SHREECEM,2026-01-27,32000.0,0.0,0.0,0.0,4831.85,50.0,0.0,27100.0,27400.0,26920.0,-0.239,2026-01-13 23:17,27492
SHREECEM,2026-01-27,33000.0,0.05,475.0,0.0,0.0,0.0,0.0,27100.0,27400.0,26920.0,-0.239,2026-01-13 23:17,35805
SHRIRAMFIN,2026-01-27,700.0,270.0,44550.0,0.0,0.1,5775.0,0.0,980.0,987.65,969.2,0.74,2026-01-13 23:17,199022
SHRIRAMFIN,2026-01-27,720.0,256.7,11550.0,0.0,0.0,0.0,0.0,980.0,987.65,969.2,0.74,2026-01-13 23:17,180619
SHRIRAMFIN,2026-01-27,740.0,237.2,4950.0,0.0,0.0,0.0,0.0,980.0,987.65,969.2,0.74,2026-01-13 23:17,161334
SHRIRAMFIN,2026-01-27,760.0,214.0,2475.0,0.0,0.4,67650.0,0.0,980.0,987.65,969.2,0.74,2026-01-13 23:17,141879
SHRIRAMFIN,2026-01-27,770.0,0.0,0.0,0.0,0.5,36300.0,0.0,980.0,987.65,969.2,0.74,2026-01-13 23:17,132213
SHRIRAMFIN,2026-01-27,780.0,189.5,825.0,0.0,0.45,26400.0,0.0,980.0,987.65,969.2,0.74,2026-01-13 23:17,122531
SHRIRAMFIN,2026-01-27,790.0,0.0,0.0,0.0,0.95,25575.0,0.0,980.0,987.65,969.2,0.74,2026-01-13 23:17,112893
SHRIRAMFIN,2026-01-27,800.0,171.15,39600.0,0.0,0.4,312675.0,84975.0,980.0,987.65,969.2,0.74,2026-01-13 23:17,103264
SHRIRAMFIN,2026-01-27,810.0,0.0,0.0,0.0,0.8,51975.0,825.0,980.0,987.65,969.2,0.74,2026-01-13 23:17,94655
SHRIRAMFIN,2026-01-27,820.0,195.7,28875.0,0.0,0.7,121275.0,0.0,980.0,987.65,969.2,0.74,2026-01-13 23:17,85428
SHRIRAMFIN,2026-01-27,830.0,152.0,6600.0,0.0,0.7,195525.0,1650.0,980.0,987.65,969.2,0.74,2026-01-13 23:17,76912
SHRIRAMFIN,2026-01-27,840.0,140.0,24750.0,3300.0,1.0,104775.0,9900.0,980.0,987.65,969.2,0.74,2026-01-13 23:17,68128
SHRIRAMFIN,2026-01-27,850.0,135.0,70125.0,1650.0,1.15,537075.0,87450.0,980.0,987.65,969.2,0.74,2026-01-13 23:17,59723
SHRIRAMFIN,2026-01-27,860.0,113.1,35475.0,0.0,1.4,183150.0,22275.0,980.0,987.65,969.2,0.74,2026-01-13 23:17,52474
SHRIRAMFIN,2026-01-27,870.0,116.3,61050.0,2475.0,1.6,305250.0,118800.0,980.0,987.65,969.2,0.74,2026-01-13 23:17,44935
SHRIRAMFIN,2026-01-27,880.0,101.3,214500.0,0.0,2.0,195525.0,71775.0,980.0,987.65,969.2,0.74,2026-01-13 23:17,38047
SHRIRAMFIN,2026-01-27,890.0,111.85,31350.0,0.0,2.35,184800.0,87450.0,980.0,987.65,969.2,0.74,2026-01-13 23:17,33043
SHRIRAMFIN,2026-01-27,900.0,88.25,399300.0,13200.0,3.05,1023000.0,724350.0,980.0,987.65,969.2,0.74,2026-01-13 23:17,26427
SHRIRAMFIN,2026-01-27,910.0,71.0,85800.0,0.0,4.0,202950.0,172425.0,980.0,987.65,969.2,0.74,2026-01-13 23:17,24139
SHRIRAMFIN,2026-01-27,920.0,66.0,158400.0,13200.0,5.0,386925.0,424050.0,980.0,987.65,969.2,0.74,2026-01-13 23:17,19455
SHRIRAMFIN,2026-01-27,930.0,58.0,87450.0,10725.0,6.9,320100.0,335775.0,980.0,987.65,969.2,0.74,2026-01-13 23:17,15641
SHRIRAMFIN,2026-01-27,940.0,48.4,226050.0,33000.0,8.65,803550.0,956175.0,980.0,987.65,969.2,0.74,2026-01-13 23:17,11669
SHRIRAMFIN,2026-01-27,950.0,41.25,256575.0,358050.0,11.1,622875.0,1191300.0,980.0,987.65,969.2,0.74,2026-01-13 23:17,8839
SHRIRAMFIN,2026-01-27,960.0,33.9,553575.0,440550.0,14.1,785400.0,942975.0,980.0,987.65,969.2,0.74,2026-01-13 23:17,6856
SHRIRAMFIN,2026-01-27,970.0,29.0,346500.0,2016300.0,18.0,598950.0,1468500.0,980.0,987.65,969.2,0.74,2026-01-13 23:17,6615
SHRIRAMFIN,2026-01-27,980.0,23.6,826650.0,5553075.0,23.15,853875.0,1679700.0,980.0,987.65,969.2,0.74,2026-01-13 23:17,6476
SHRIRAMFIN,2026-01-27,990.0,19.0,783750.0,2016300.0,28.55,375375.0,553575.0,980.0,987.65,969.2,0.74,2026-01-13 23:17,8066
SHRIRAMFIN,2026-01-27,1000.0,15.25,2381775.0,4671975.0,35.35,733425.0,579975.0,980.0,987.65,969.2,0.74,2026-01-13 23:17,11258
SHRIRAMFIN,2026-01-27,1010.0,11.85,608025.0,1032900.0,40.5,104775.0,35475.0,980.0,987.65,969.2,0.74,2026-01-13 23:17,18187
SHRIRAMFIN,2026-01-27,1020.0,9.5,1218525.0,1676400.0,50.8,372075.0,105600.0,980.0,987.65,969.2,0.74,2026-01-13 23:17,25085
SHRIRAMFIN,2026-01-27,1030.0,6.95,583275.0,560175.0,64.0,96525.0,1650.0,980.0,987.65,969.2,0.74,2026-01-13 23:17,32546
SHRIRAMFIN,2026-01-27,1040.0,5.5,627000.0,715275.0,69.0,97350.0,9900.0,980.0,987.65,969.2,0.74,2026-01-13 23:17,41206
SHRIRAMFIN,2026-01-27,1050.0,4.55,852225.0,858825.0,74.55,67650.0,8250.0,980.0,987.65,969.2,0.74,2026-01-13 23:17,50477
SHRIRAMFIN,2026-01-27,1060.0,3.65,515625.0,409200.0,63.5,8250.0,0.0,980.0,987.65,969.2,0.74,2026-01-13 23:17,60877
SHRIRAMFIN,2026-01-27,1070.0,2.9,240075.0,95700.0,93.85,18150.0,0.0,980.0,987.65,969.2,0.74,2026-01-13 23:17,72054
SHRIRAMFIN,2026-01-27,1080.0,2.35,563475.0,225225.0,106.2,1650.0,0.0,980.0,987.65,969.2,0.74,2026-01-13 23:17,83253
SHRIRAMFIN,2026-01-27,1090.0,1.95,141900.0,127875.0,0.0,0.0,0.0,980.0,987.65,969.2,0.74,2026-01-13 23:17,95232
SHRIRAMFIN,2026-01-27,1100.0,1.6,798600.0,405900.0,128.1,26400.0,0.0,980.0,987.65,969.2,0.74,2026-01-13 23:17,107266
SHRIRAMFIN,2026-01-27,1110.0,1.35,112200.0,27225.0,0.0,0.0,0.0,980.0,987.65,969.2,0.74,2026-01-13 23:17,119887
SHRIRAMFIN,2026-01-27,1120.0,1.15,398475.0,122100.0,0.0,0.0,0.0,980.0,987.65,969.2,0.74,2026-01-13 23:17,132845
SHRIRAMFIN,2026-01-27,1140.0,0.7,348150.0,35475.0,0.0,0.0,0.0,980.0,987.65,969.2,0.74,2026-01-13 23:17,159575
SIEMENS,2026-01-27,2500.0,0.0,0.0,0.0,2.2,22925.0,3675.0,2942.1,3015.1,2930.4,-1.298,2026-01-13 23:17,33118
SIEMENS,2026-01-27,2600.0,514.5,1050.0,0.0,4.05,28000.0,9100.0,2942.1,3015.1,2930.4,-1.298,2026-01-13 23:17,25213
SIEMENS,2026-01-27,2650.0,0.0,0.0,0.0,5.95,27475.0,25200.0,2942.1,3015.1,2930.4,-1.298,2026-01-13 23:17,21451
SIEMENS,2026-01-27,2700.0,508.55,175.0,0.0,8.3,41125.0,45675.0,2942.1,3015.1,2930.4,-1.298,2026-01-13 23:17,17768
SIEMENS,2026-01-27,2750.0,210.0,10325.0,5075.0,12.4,38675.0,39200.0,2942.1,3015.1,2930.4,-1.298,2026-01-13 23:17,14282
SIEMENS,2026-01-27,2800.0,202.1,2975.0,0.0,19.3,108150.0,129325.0,2942.1,3015.1,2930.4,-1.298,2026-01-13 23:17,11235
SIEMENS,2026-01-27,2850.0,132.15,8750.0,7875.0,30.9,32725.0,111825.0,2942.1,3015.1,2930.4,-1.298,2026-01-13 23:17,8427
SIEMENS,2026-01-27,2900.0,92.95,18375.0,52500.0,47.6,72275.0,186550.0,2942.1,3015.1,2930.4,-1.298,2026-01-13 23:17,5989
SIEMENS,2026-01-27,2950.0,66.75,67725.0,119700.0,67.55,54075.0,144375.0,2942.1,3015.1,2930.4,-1.298,2026-01-13 23:17,3816
SIEMENS,2026-01-27,3000.0,44.6,118475.0,469175.0,96.0,91000.0,138250.0,2942.1,3015.1,2930.4,-1.298,2026-01-13 23:17,2512
SIEMENS,2026-01-27,3050.0,29.8,95900.0,144200.0,125.95,72800.0,10500.0,2942.1,3015.1,2930.4,-1.298,2026-01-13 23:17,1824
SIEMENS,2026-01-27,3100.0,19.0,249725.0,408800.0,170.2,91700.0,7875.0,2942.1,3015.1,2930.4,-1.298,2026-01-13 23:17,1694
SIEMENS,2026-01-27,3150.0,11.8,210875.0,193900.0,224.75,58625.0,2800.0,2942.1,3015.1,2930.4,-1.298,2026-01-13 23:17,2815
SIEMENS,2026-01-27,3200.0,8.4,246400.0,236425.0,254.3,38500.0,1225.0,2942.1,3015.1,2930.4,-1.298,2026-01-13 23:17,5301
SIEMENS,2026-01-27,3250.0,5.75,75775.0,85575.0,181.0,2625.0,0.0,2942.1,3015.1,2930.4,-1.298,2026-01-13 23:17,9509
SIEMENS,2026-01-27,3300.0,4.0,176050.0,124950.0,322.95,11200.0,0.0,2942.1,3015.1,2930.4,-1.298,2026-01-13 23:17,14876
SIEMENS,2026-01-27,3350.0,3.15,29750.0,41125.0,142.5,350.0,0.0,2942.1,3015.1,2930.4,-1.298,2026-01-13 23:17,20893
SIEMENS,2026-01-27,3400.0,2.6,61425.0,53200.0,325.0,875.0,0.0,2942.1,3015.1,2930.4,-1.298,2026-01-13 23:17,27356
SIEMENS,2026-01-27,3450.0,2.75,39025.0,0.0,390.05,2800.0,0.0,2942.1,3015.1,2930.4,-1.298,2026-01-13 23:17,34113
SIEMENS,2026-01-27,3500.0,1.75,83650.0,6475.0,515.0,9275.0,0.0,2942.1,3015.1,2930.4,-1.298,2026-01-13 23:17,40994
SIEMENS,2026-01-27,3550.0,0.0,0.0,0.0,438.0,875.0,0.0,2942.1,3015.1,2930.4,-1.298,2026-01-13 23:17,47974
SIEMENS,2026-01-27,3600.0,1.2,14525.0,4375.0,527.8,1050.0,0.0,2942.1,3015.1,2930.4,-1.298,2026-01-13 23:17,55384
SIEMENS,2026-01-27,3650.0,0.0,0.0,0.0,343.75,175.0,0.0,2942.1,3015.1,2930.4,-1.298,2026-01-13 23:17,62856
SIEMENS,2026-01-27,3700.0,1.2,700.0,0.0,0.0,0.0,0.0,2942.1,3015.1,2930.4,-1.298,2026-01-13 23:17,70377
SIEMENS,2026-01-27,3800.0,0.6,1400.0,0.0,700.0,5600.0,0.0,2942.1,3015.1,2930.4,-1.298,2026-01-13 23:17,85438
SIEMENS,2026-01-27,3900.0,0.35,1925.0,700.0,0.0,0.0,0.0,2942.1,3015.1,2930.4,-1.298,2026-01-13 23:17,100176
SOLARINDS,2026-01-27,10000.0,0.0,0.0,0.0,14.2,2500.0,500.0,12640.0,13175.0,12552.0,-3.082,2026-01-13 23:17,75085
SOLARINDS,2026-01-27,10250.0,0.0,0.0,0.0,9.0,50.0,0.0,12640.0,13175.0,12552.0,-3.082,2026-01-13 23:17,66972
SOLARINDS,2026-01-27,10400.0,0.0,0.0,0.0,0.0,0.0,0.0,12640.0,13175.0,12552.0,-3.082,2026-01-13 23:17,62108
SOLARINDS,2026-01-27,10500.0,0.0,0.0,0.0,10.0,2600.0,250.0,12640.0,13175.0,12552.0,-3.082,2026-01-13 23:17,58865
SOLARINDS,2026-01-27,10600.0,0.0,0.0,0.0,0.0,0.0,0.0,12640.0,13175.0,12552.0,-3.082,2026-01-13 23:17,55645
SOLARINDS,2026-01-27,10750.0,0.0,0.0,0.0,15.0,150.0,100.0,12640.0,13175.0,12552.0,-3.082,2026-01-13 23:17,50820
SOLARINDS,2026-01-27,10800.0,0.0,0.0,0.0,2.55,0.0,0.0,12640.0,13175.0,12552.0,-3.082,2026-01-13 23:17,49212
SOLARINDS,2026-01-27,11000.0,0.0,0.0,0.0,22.0,9350.0,7050.0,12640.0,13175.0,12552.0,-3.082,2026-01-13 23:17,42781
SOLARINDS,2026-01-27,11100.0,0.0,0.0,0.0,6.95,200.0,0.0,12640.0,13175.0,12552.0,-3.082,2026-01-13 23:17,39638
SOLARINDS,2026-01-27,11200.0,0.0,0.0,0.0,0.0,0.0,0.0,12640.0,13175.0,12552.0,-3.082,2026-01-13 23:17,36518
SOLARINDS,2026-01-27,11250.0,858.25,300.0,0.0,29.05,3250.0,1100.0,12640.0,13175.0,12552.0,-3.082,2026-01-13 23:17,34958
SOLARINDS,2026-01-27,11300.0,0.0,0.0,0.0,0.0,0.0,0.0,12640.0,13175.0,12552.0,-3.082,2026-01-13 23:17,33432
SOLARINDS,2026-01-27,11400.0,0.0,0.0,0.0,17.15,250.0,0.0,12640.0,13175.0,12552.0,-3.082,2026-01-13 23:17,30348
SOLARINDS,2026-01-27,11500.0,1151.95,850.0,900.0,46.75,15250.0,34250.0,12640.0,13175.0,12552.0,-3.082,2026-01-13 23:17,27265
SOLARINDS,2026-01-27,11600.0,0.0,0.0,0.0,0.0,0.0,0.0,12640.0,13175.0,12552.0,-3.082,2026-01-13 23:17,24371
SOLARINDS,2026-01-27,11700.0,0.0,0.0,0.0,36.3,50.0,0.0,12640.0,13175.0,12552.0,-3.082,2026-01-13 23:17,21450
SOLARINDS,2026-01-27,11750.0,1460.3,1050.0,0.0,60.95,10600.0,12250.0,12640.0,13175.0,12552.0,-3.082,2026-01-13 23:17,19989
SOLARINDS,2026-01-27,11800.0,0.0,0.0,0.0,69.4,2450.0,3550.0,12640.0,13175.0,12552.0,-3.082,2026-01-13 23:17,18676
SOLARINDS,2026-01-27,11900.0,0.0,0.0,0.0,101.9,8650.0,12250.0,12640.0,13175.0,12552.0,-3.082,2026-01-13 23:17,15879
SOLARINDS,2026-01-27,12000.0,734.0,22100.0,950.0,104.85,56300.0,127100.0,12640.0,13175.0,12552.0,-3.082,2026-01-13 23:17,13098
SOLARINDS,2026-01-27,12100.0,1058.9,1400.0,0.0,115.75,8200.0,10700.0,12640.0,13175.0,12552.0,-3.082,2026-01-13 23:17,12221
SOLARINDS,2026-01-27,12200.0,1037.45,1850.0,100.0,142.4,12200.0,17100.0,12640.0,13175.0,12552.0,-3.082,2026-01-13 23:17,10462
SOLARINDS,2026-01-27,12250.0,544.55,7850.0,50.0,165.4,12300.0,42950.0,12640.0,13175.0,12552.0,-3.082,2026-01-13 23:17,9643
SOLARINDS,2026-01-27,12300.0,511.05,950.0,100.0,181.05,5750.0,15850.0,12640.0,13175.0,12552.0,-3.082,2026-01-13 23:17,9132
SOLARINDS,2026-01-27,12400.0,454.9,2450.0,750.0,228.3,4950.0,16650.0,12640.0,13175.0,12552.0,-3.082,2026-01-13 23:17,7672
SOLARINDS,2026-01-27,12500.0,422.0,19900.0,5550.0,257.95,31200.0,81050.0,12640.0,13175.0,12552.0,-3.082,2026-01-13 23:17,6341
SOLARINDS,2026-01-27,12600.0,366.0,2450.0,11050.0,297.5,6150.0,16850.0,12640.0,13175.0,12552.0,-3.082,2026-01-13 23:17,5557
SOLARINDS,2026-01-27,12700.0,333.0,4300.0,16900.0,345.15,15850.0,24300.0,12640.0,13175.0,12552.0,-3.082,2026-01-13 23:17,4731
SOLARINDS,2026-01-27,12750.0,302.9,5650.0,6450.0,358.25,3950.0,19050.0,12640.0,13175.0,12552.0,-3.082,2026-01-13 23:17,4061
SOLARINDS,2026-01-27,12800.0,501.2,4250.0,0.0,380.0,3900.0,8000.0,12640.0,13175.0,12552.0,-3.082,2026-01-13 23:17,3873
SOLARINDS,2026-01-27,12900.0,229.15,5100.0,11700.0,457.3,5750.0,6400.0,12640.0,13175.0,12552.0,-3.082,2026-01-13 23:17,3584
SOLARINDS,2026-01-27,13000.0,204.95,44950.0,186250.0,503.25,38250.0,71700.0,12640.0,13175.0,12552.0,-3.082,2026-01-13 23:17,3192
SOLARINDS,2026-01-27,13100.0,163.2,9500.0,51550.0,603.3,6050.0,17700.0,12640.0,13175.0,12552.0,-3.082,2026-01-13 23:17,2775
SOLARINDS,2026-01-27,13200.0,121.6,9250.0,50050.0,656.75,3050.0,5650.0,12640.0,13175.0,12552.0,-3.082,2026-01-13 23:17,3307
SOLARINDS,2026-01-27,13250.0,133.0,9850.0,28400.0,720.0,4150.0,1250.0,12640.0,13175.0,12552.0,-3.082,2026-01-13 23:17,3652
SOLARINDS,2026-01-27,13300.0,122.15,9700.0,12350.0,775.0,3300.0,950.0,12640.0,13175.0,12552.0,-3.082,2026-01-13 23:17,3986
SOLARINDS,2026-01-27,13400.0,100.0,7250.0,12850.0,509.7,4150.0,0.0,12640.0,13175.0,12552.0,-3.082,2026-01-13 23:17,4984
SOLARINDS,2026-01-27,13500.0,84.3,60950.0,120850.0,895.5,13900.0,750.0,12640.0,13175.0,12552.0,-3.082,2026-01-13 23:17,6094
SOLARINDS,2026-01-27,13600.0,58.25,24100.0,48000.0,668.45,8850.0,200.0,12640.0,13175.0,12552.0,-3.082,2026-01-13 23:17,7361
SOLARINDS,2026-01-27,13700.0,60.0,21800.0,31450.0,1100.0,2250.0,450.0,12640.0,13175.0,12552.0,-3.082,2026-01-13 23:17,9236
SOLARINDS,2026-01-27,13750.0,57.1,11200.0,5000.0,826.55,1600.0,300.0,12640.0,13175.0,12552.0,-3.082,2026-01-13 23:17,10403
SOLARINDS,2026-01-27,13800.0,52.0,13100.0,9400.0,882.2,500.0,0.0,12640.0,13175.0,12552.0,-3.082,2026-01-13 23:17,11683
SOLARINDS,2026-01-27,13900.0,48.15,5200.0,900.0,821.5,200.0,0.0,12640.0,13175.0,12552.0,-3.082,2026-01-13 23:17,14538
SOLARINDS,2026-01-27,14000.0,40.0,93250.0,170000.0,1400.0,9500.0,950.0,12640.0,13175.0,12552.0,-3.082,2026-01-13 23:17,17432
SOLARINDS,2026-01-27,14100.0,36.35,13550.0,8800.0,0.0,0.0,0.0,12640.0,13175.0,12552.0,-3.082,2026-01-13 23:17,20388
SOLARINDS,2026-01-27,14200.0,27.55,5100.0,7000.0,1206.9,250.0,0.0,12640.0,13175.0,12552.0,-3.082,2026-01-13 23:17,24486
SOLARINDS,2026-01-27,14250.0,29.0,12250.0,3900.0,0.0,0.0,0.0,12640.0,13175.0,12552.0,-3.082,2026-01-13 23:17,26521
SOLARINDS,2026-01-27,14300.0,20.0,5400.0,550.0,1293.65,50.0,0.0,12640.0,13175.0,12552.0,-3.082,2026-01-13 23:17,28669
SOLARINDS,2026-01-27,14400.0,25.0,2300.0,2750.0,0.0,0.0,0.0,12640.0,13175.0,12552.0,-3.082,2026-01-13 23:17,32952
SOLARINDS,2026-01-27,14500.0,20.95,31050.0,58950.0,1858.55,1150.0,350.0,12640.0,13175.0,12552.0,-3.082,2026-01-13 23:17,37260
SOLARINDS,2026-01-27,14600.0,22.05,3150.0,1200.0,0.0,0.0,0.0,12640.0,13175.0,12552.0,-3.082,2026-01-13 23:17,41735
SOLARINDS,2026-01-27,14700.0,41.6,100.0,0.0,0.0,0.0,0.0,12640.0,13175.0,12552.0,-3.082,2026-01-13 23:17,46398
SOLARINDS,2026-01-27,14750.0,14.05,7300.0,4350.0,2680.0,1050.0,0.0,12640.0,13175.0,12552.0,-3.082,2026-01-13 23:17,48726
SOLARINDS,2026-01-27,14800.0,42.05,650.0,0.0,0.0,0.0,0.0,12640.0,13175.0,12552.0,-3.082,2026-01-13 23:17,50825
SOLARINDS,2026-01-27,14900.0,23.05,50.0,0.0,0.0,0.0,0.0,12640.0,13175.0,12552.0,-3.082,2026-01-13 23:17,55574
SOLARINDS,2026-01-27,15000.0,13.0,43800.0,88150.0,2380.0,4750.0,150.0,12640.0,13175.0,12552.0,-3.082,2026-01-13 23:17,60322
SOLARINDS,2026-01-27,15100.0,0.0,0.0,0.0,0.0,0.0,0.0,12640.0,13175.0,12552.0,-3.082,2026-01-13 23:17,64481
SOLARINDS,2026-01-27,15200.0,0.0,0.0,0.0,0.0,0.0,0.0,12640.0,13175.0,12552.0,-3.082,2026-01-13 23:17,69713
SOLARINDS,2026-01-27,15300.0,0.0,0.0,0.0,0.0,0.0,0.0,12640.0,13175.0,12552.0,-3.082,2026-01-13 23:17,74946
SOLARINDS,2026-01-27,15400.0,11.4,2950.0,950.0,0.0,0.0,0.0,12640.0,13175.0,12552.0,-3.082,2026-01-13 23:17,80178
SOLARINDS,2026-01-27,15500.0,9.2,17850.0,34200.0,2500.0,2000.0,50.0,12640.0,13175.0,12552.0,-3.082,2026-01-13 23:17,85443
SONACOMS,2026-01-27,390.0,68.05,2450.0,0.0,0.0,0.0,0.0,456.95,462.95,454.1,0.022,2026-01-13 23:17,20736
SONACOMS,2026-01-27,400.0,0.0,0.0,0.0,0.6,85750.0,23275.0,456.95,462.95,454.1,0.022,2026-01-13 23:17,17093
SONACOMS,2026-01-27,405.0,0.0,0.0,0.0,0.0,0.0,0.0,456.95,462.95,454.1,0.022,2026-01-13 23:17,15300
SONACOMS,2026-01-27,410.0,0.0,0.0,0.0,0.95,96775.0,89425.0,456.95,462.95,454.1,0.022,2026-01-13 23:17,13513
SONACOMS,2026-01-27,415.0,0.0,0.0,0.0,1.35,62475.0,56350.0,456.95,462.95,454.1,0.022,2026-01-13 23:17,11765
SONACOMS,2026-01-27,420.0,40.1,0.0,0.0,1.65,193550.0,66150.0,456.95,462.95,454.1,0.022,2026-01-13 23:17,10049
SONACOMS,2026-01-27,425.0,0.0,0.0,0.0,2.5,18375.0,41650.0,456.95,462.95,454.1,0.022,2026-01-13 23:17,8406
SONACOMS,2026-01-27,430.0,29.65,3675.0,0.0,2.95,390775.0,308700.0,456.95,462.95,454.1,0.022,2026-01-13 23:17,6800
SONACOMS,2026-01-27,435.0,0.0,0.0,0.0,3.9,26950.0,31850.0,456.95,462.95,454.1,0.022,2026-01-13 23:17,5291
SONACOMS,2026-01-27,440.0,24.5,22050.0,13475.0,5.05,344225.0,213150.0,456.95,462.95,454.1,0.022,2026-01-13 23:17,3889
SONACOMS,2026-01-27,445.0,20.25,3675.0,4900.0,7.5,94325.0,9800.0,456.95,462.95,454.1,0.022,2026-01-13 23:17,2562
SONACOMS,2026-01-27,450.0,17.5,102900.0,57575.0,9.05,438550.0,319725.0,456.95,462.95,454.1,0.022,2026-01-13 23:17,1340
SONACOMS,2026-01-27,455.0,14.2,129850.0,93100.0,10.9,180075.0,83300.0,456.95,462.95,454.1,0.022,2026-01-13 23:17,235
SONACOMS,2026-01-27,460.0,11.1,512050.0,572075.0,13.55,791350.0,169050.0,456.95,462.95,454.1,0.022,2026-01-13 23:17,-509
SONACOMS,2026-01-27,465.0,8.85,287875.0,216825.0,13.95,93100.0,14700.0,456.95,462.95,454.1,0.022,2026-01-13 23:17,-1095
SONACOMS,2026-01-27,470.0,7.15,452025.0,300125.0,20.25,183750.0,0.0,456.95,462.95,454.1,0.022,2026-01-13 23:17,-861
SONACOMS,2026-01-27,475.0,5.65,161700.0,72275.0,22.75,66150.0,0.0,456.95,462.95,454.1,0.022,2026-01-13 23:17,-483
SONACOMS,2026-01-27,480.0,4.35,650475.0,594125.0,25.55,230300.0,9800.0,456.95,462.95,454.1,0.022,2026-01-13 23:17,-1
SONACOMS,2026-01-27,485.0,3.8,149450.0,42875.0,31.75,49000.0,0.0,456.95,462.95,454.1,0.022,2026-01-13 23:17,674
SONACOMS,2026-01-27,490.0,3.1,303800.0,176400.0,33.0,98000.0,4900.0,456.95,462.95,454.1,0.022,2026-01-13 23:17,1655
SONACOMS,2026-01-27,495.0,2.4,172725.0,23275.0,39.95,20825.0,0.0,456.95,462.95,454.1,0.022,2026-01-13 23:17,2707
SONACOMS,2026-01-27,500.0,1.8,976325.0,267050.0,42.2,115150.0,4900.0,456.95,462.95,454.1,0.022,2026-01-13 23:17,4044
SONACOMS,2026-01-27,505.0,1.35,98000.0,13475.0,48.7,11025.0,0.0,456.95,462.95,454.1,0.022,2026-01-13 23:17,5658
SONACOMS,2026-01-27,510.0,1.2,202125.0,140875.0,57.5,23275.0,0.0,456.95,462.95,454.1,0.022,2026-01-13 23:17,7595
SONACOMS,2026-01-27,515.0,1.05,24500.0,0.0,0.0,0.0,0.0,456.95,462.95,454.1,0.022,2026-01-13 23:17,9577
SONACOMS,2026-01-27,520.0,0.8,162925.0,37975.0,62.15,34300.0,0.0,456.95,462.95,454.1,0.022,2026-01-13 23:17,11683
SONACOMS,2026-01-27,525.0,0.6,34300.0,1225.0,0.0,0.0,0.0,456.95,462.95,454.1,0.022,2026-01-13 23:17,13685
SONACOMS,2026-01-27,530.0,0.45,327075.0,0.0,72.3,6125.0,0.0,456.95,462.95,454.1,0.022,2026-01-13 23:17,15906
SONACOMS,2026-01-27,535.0,0.0,0.0,0.0,0.0,0.0,0.0,456.95,462.95,454.1,0.022,2026-01-13 23:17,18262
SONACOMS,2026-01-27,540.0,0.45,162925.0,0.0,82.05,1225.0,0.0,456.95,462.95,454.1,0.022,2026-01-13 23:17,20648
SONACOMS,2026-01-27,545.0,0.2,3675.0,0.0,0.0,0.0,0.0,456.95,462.95,454.1,0.022,2026-01-13 23:17,23113
SONACOMS,2026-01-27,550.0,0.3,127400.0,6125.0,91.95,3675.0,0.0,456.95,462.95,454.1,0.022,2026-01-13 23:17,25582
SONACOMS,2026-01-27,555.0,0.1,1225.0,0.0,0.0,0.0,0.0,456.95,462.95,454.1,0.022,2026-01-13 23:17,28087
SONACOMS,2026-01-27,560.0,0.05,3675.0,0.0,0.0,0.0,0.0,456.95,462.95,454.1,0.022,2026-01-13 23:17,30623
SONACOMS,2026-01-27,570.0,0.25,26950.0,2450.0,111.8,3675.0,0.0,456.95,462.95,454.1,0.022,2026-01-13 23:17,35698
SONACOMS,2026-01-27,580.0,0.05,17150.0,0.0,0.0,0.0,0.0,456.95,462.95,454.1,0.022,2026-01-13 23:17,40764
SRF,2026-01-27,2400.0,0.0,0.0,0.0,0.35,200.0,0.0,3026.9,3066.8,3024.0,-0.627,2026-01-13 23:17,45884
SRF,2026-01-27,2500.0,592.0,1000.0,0.0,0.8,1200.0,1800.0,3026.9,3066.8,3024.0,-0.627,2026-01-13 23:17,37606
SRF,2026-01-27,2550.0,0.0,0.0,0.0,2.0,200.0,0.0,3026.9,3066.8,3024.0,-0.627,2026-01-13 23:17,33537
SRF,2026-01-27,2600.0,448.0,400.0,0.0,1.9,3800.0,0.0,3026.9,3066.8,3024.0,-0.627,2026-01-13 23:17,29410
SRF,2026-01-27,2640.0,0.0,0.0,0.0,1.5,11200.0,400.0,3026.9,3066.8,3024.0,-0.627,2026-01-13 23:17,26142
SRF,2026-01-27,2680.0,373.6,1400.0,0.0,0.0,0.0,0.0,3026.9,3066.8,3024.0,-0.627,2026-01-13 23:17,22900
SRF,2026-01-27,2700.0,309.75,5600.0,0.0,3.55,12000.0,0.0,3026.9,3066.8,3024.0,-0.627,2026-01-13 23:17,21336
SRF,2026-01-27,2720.0,0.0,0.0,0.0,2.05,2200.0,0.0,3026.9,3066.8,3024.0,-0.627,2026-01-13 23:17,19923
SRF,2026-01-27,2750.0,336.85,2000.0,0.0,3.0,11200.0,0.0,3026.9,3066.8,3024.0,-0.627,2026-01-13 23:17,17556
SRF,2026-01-27,2760.0,0.0,0.0,0.0,3.7,400.0,0.0,3026.9,3066.8,3024.0,-0.627,2026-01-13 23:17,16844
SRF,2026-01-27,2780.0,0.0,0.0,0.0,0.0,0.0,0.0,3026.9,3066.8,3024.0,-0.627,2026-01-13 23:17,15294
SRF,2026-01-27,2800.0,230.9,8200.0,0.0,4.7,38000.0,16200.0,3026.9,3066.8,3024.0,-0.627,2026-01-13 23:17,13743
SRF,2026-01-27,2820.0,0.0,0.0,0.0,0.0,0.0,0.0,3026.9,3066.8,3024.0,-0.627,2026-01-13 23:17,12457
SRF,2026-01-27,2840.0,0.0,0.0,0.0,6.85,200.0,200.0,3026.9,3066.8,3024.0,-0.627,2026-01-13 23:17,10999
SRF,2026-01-27,2850.0,282.1,200.0,0.0,7.55,28600.0,16400.0,3026.9,3066.8,3024.0,-0.627,2026-01-13 23:17,10270
SRF,2026-01-27,2860.0,0.0,0.0,0.0,8.2,22200.0,24600.0,3026.9,3066.8,3024.0,-0.627,2026-01-13 23:17,9554
SRF,2026-01-27,2880.0,0.0,0.0,0.0,0.0,0.0,0.0,3026.9,3066.8,3024.0,-0.627,2026-01-13 23:17,8180
SRF,2026-01-27,2900.0,152.5,16400.0,600.0,13.9,58400.0,44800.0,3026.9,3066.8,3024.0,-0.627,2026-01-13 23:17,6825
SRF,2026-01-27,2920.0,157.95,2600.0,0.0,24.85,3800.0,0.0,3026.9,3066.8,3024.0,-0.627,2026-01-13 23:17,5787
SRF,2026-01-27,2940.0,143.2,5400.0,0.0,30.0,9400.0,0.0,3026.9,3066.8,3024.0,-0.627,2026-01-13 23:17,4626
SRF,2026-01-27,2950.0,129.0,14000.0,0.0,21.55,29000.0,6600.0,3026.9,3066.8,3024.0,-0.627,2026-01-13 23:17,4093
SRF,2026-01-27,2960.0,96.3,5400.0,0.0,22.9,14400.0,2200.0,3026.9,3066.8,3024.0,-0.627,2026-01-13 23:17,3673
SRF,2026-01-27,2980.0,86.0,8000.0,1200.0,31.2,14400.0,5000.0,3026.9,3066.8,3024.0,-0.627,2026-01-13 23:17,2654
SRF,2026-01-27,3000.0,72.25,84200.0,24800.0,40.9,113400.0,92800.0,3026.9,3066.8,3024.0,-0.627,2026-01-13 23:17,1684
SRF,2026-01-27,3020.0,64.95,16400.0,5600.0,44.75,27800.0,3800.0,3026.9,3066.8,3024.0,-0.627,2026-01-13 23:17,1231
SRF,2026-01-27,3040.0,51.2,26600.0,13800.0,55.05,20200.0,800.0,3026.9,3066.8,3024.0,-0.627,2026-01-13 23:17,703
SRF,2026-01-27,3050.0,48.0,104600.0,58400.0,60.0,164600.0,51800.0,3026.9,3066.8,3024.0,-0.627,2026-01-13 23:17,520
SRF,2026-01-27,3060.0,44.85,19200.0,7800.0,70.65,14600.0,1000.0,3026.9,3066.8,3024.0,-0.627,2026-01-13 23:17,96
SRF,2026-01-27,3080.0,37.55,29000.0,4000.0,90.9,16400.0,0.0,3026.9,3066.8,3024.0,-0.627,2026-01-13 23:17,269
SRF,2026-01-27,3100.0,27.95,294800.0,153400.0,88.0,103200.0,5600.0,3026.9,3066.8,3024.0,-0.627,2026-01-13 23:17,510
SRF,2026-01-27,3120.0,23.5,29800.0,1400.0,102.0,44600.0,200.0,3026.9,3066.8,3024.0,-0.627,2026-01-13 23:17,1502
SRF,2026-01-27,3140.0,19.45,17600.0,4600.0,125.0,400.0,600.0,3026.9,3066.8,3024.0,-0.627,2026-01-13 23:17,2343
SRF,2026-01-27,3150.0,17.2,91600.0,13200.0,122.05,28600.0,0.0,3026.9,3066.8,3024.0,-0.627,2026-01-13 23:17,3003
SRF,2026-01-27,3160.0,22.8,10400.0,0.0,140.45,2000.0,0.0,3026.9,3066.8,3024.0,-0.627,2026-01-13 23:17,3562
SRF,2026-01-27,3180.0,12.9,8400.0,0.0,155.35,400.0,0.0,3026.9,3066.8,3024.0,-0.627,2026-01-13 23:17,5085
SRF,2026-01-27,3200.0,9.8,153400.0,128200.0,192.0,13800.0,0.0,3026.9,3066.8,3024.0,-0.627,2026-01-13 23:17,6634
SRF,2026-01-27,3220.0,0.0,0.0,0.0,0.0,0.0,0.0,3026.9,3066.8,3024.0,-0.627,2026-01-13 23:17,8398
SRF,2026-01-27,3240.0,7.3,1800.0,200.0,0.0,0.0,0.0,3026.9,3066.8,3024.0,-0.627,2026-01-13 23:17,10277
SRF,2026-01-27,3250.0,5.9,82600.0,18200.0,0.0,0.0,0.0,3026.9,3066.8,3024.0,-0.627,2026-01-13 23:17,11219
SRF,2026-01-27,3260.0,10.45,400.0,0.0,0.0,0.0,0.0,3026.9,3066.8,3024.0,-0.627,2026-01-13 23:17,12292
SRF,2026-01-27,3280.0,11.65,7000.0,0.0,0.0,0.0,0.0,3026.9,3066.8,3024.0,-0.627,2026-01-13 23:17,14341
SRF,2026-01-27,3300.0,4.35,73600.0,22600.0,266.25,7800.0,800.0,3026.9,3066.8,3024.0,-0.627,2026-01-13 23:17,16411
SRF,2026-01-27,3320.0,7.75,5600.0,0.0,0.0,0.0,0.0,3026.9,3066.8,3024.0,-0.627,2026-01-13 23:17,18461
SRF,2026-01-27,3340.0,0.0,0.0,0.0,0.0,0.0,0.0,3026.9,3066.8,3024.0,-0.627,2026-01-13 23:17,20702
SRF,2026-01-27,3350.0,4.6,32600.0,14800.0,288.2,800.0,0.0,3026.9,3066.8,3024.0,-0.627,2026-01-13 23:17,21820
SRF,2026-01-27,3360.0,5.0,5200.0,0.0,0.0,0.0,0.0,3026.9,3066.8,3024.0,-0.627,2026-01-13 23:17,22963
SRF,2026-01-27,3400.0,4.1,51600.0,22000.0,264.0,3800.0,0.0,3026.9,3066.8,3024.0,-0.627,2026-01-13 23:17,27593
SRF,2026-01-27,3440.0,1.95,800.0,0.0,0.0,0.0,0.0,3026.9,3066.8,3024.0,-0.627,2026-01-13 23:17,32363
SRF,2026-01-27,3480.0,1.2,3200.0,0.0,0.0,0.0,0.0,3026.9,3066.8,3024.0,-0.627,2026-01-13 23:17,37215
SRF,2026-01-27,3500.0,1.5,28000.0,3000.0,440.0,4800.0,200.0,3026.9,3066.8,3024.0,-0.627,2026-01-13 23:17,39648
SRF,2026-01-27,3520.0,0.7,0.0,0.0,0.0,0.0,0.0,3026.9,3066.8,3024.0,-0.627,2026-01-13 23:17,41939
SUNPHARMA,2026-01-27,1480.0,264.5,4900.0,0.0,0.0,0.0,0.0,1727.9,1743.8,1712.1,-0.467,2026-01-13 23:17,74700
SUNPHARMA,2026-01-27,1500.0,225.3,350.0,350.0,0.8,9450.0,14000.0,1727.9,1743.8,1712.1,-0.467,2026-01-13 23:17,67252
SUNPHARMA,2026-01-27,1520.0,208.0,1400.0,0.0,1.0,38150.0,1400.0,1727.9,1743.8,1712.1,-0.467,2026-01-13 23:17,59701
SUNPHARMA,2026-01-27,1540.0,0.0,0.0,0.0,1.3,22050.0,32900.0,1727.9,1743.8,1712.1,-0.467,2026-01-13 23:17,52248
SUNPHARMA,2026-01-27,1560.0,225.35,2450.0,0.0,1.4,46200.0,15400.0,1727.9,1743.8,1712.1,-0.467,2026-01-13 23:17,44810
SUNPHARMA,2026-01-27,1580.0,0.0,0.0,0.0,1.75,41650.0,47950.0,1727.9,1743.8,1712.1,-0.467,2026-01-13 23:17,37522
SUNPHARMA,2026-01-27,1600.0,148.0,5600.0,0.0,2.15,385700.0,180600.0,1727.9,1743.8,1712.1,-0.467,2026-01-13 23:17,30260
SUNPHARMA,2026-01-27,1610.0,0.0,0.0,0.0,2.9,1750.0,0.0,1727.9,1743.8,1712.1,-0.467,2026-01-13 23:17,27024
SUNPHARMA,2026-01-27,1620.0,0.0,0.0,0.0,2.65,380100.0,142450.0,1727.9,1743.8,1712.1,-0.467,2026-01-13 23:17,23790
SUNPHARMA,2026-01-27,1630.0,0.0,0.0,0.0,3.75,26600.0,34650.0,1727.9,1743.8,1712.1,-0.467,2026-01-13 23:17,20835
SUNPHARMA,2026-01-27,1640.0,132.7,10850.0,0.0,3.5,161000.0,89250.0,1727.9,1743.8,1712.1,-0.467,2026-01-13 23:17,17998
SUNPHARMA,2026-01-27,1650.0,80.0,700.0,0.0,0.0,0.0,0.0,1727.9,1743.8,1712.1,-0.467,2026-01-13 23:17,15430
SUNPHARMA,2026-01-27,1660.0,75.1,8400.0,1400.0,5.1,150150.0,145250.0,1727.9,1743.8,1712.1,-0.467,2026-01-13 23:17,12781
SUNPHARMA,2026-01-27,1670.0,0.0,0.0,0.0,6.2,62650.0,106400.0,1727.9,1743.8,1712.1,-0.467,2026-01-13 23:17,10271
SUNPHARMA,2026-01-27,1680.0,57.75,24150.0,4900.0,7.55,143500.0,205450.0,1727.9,1743.8,1712.1,-0.467,2026-01-13 23:17,7799
SUNPHARMA,2026-01-27,1690.0,77.75,3850.0,0.0,9.15,106400.0,220150.0,1727.9,1743.8,1712.1,-0.467,2026-01-13 23:17,5564
SUNPHARMA,2026-01-27,1700.0,44.95,72100.0,235550.0,11.5,309750.0,923300.0,1727.9,1743.8,1712.1,-0.467,2026-01-13 23:17,3341
SUNPHARMA,2026-01-27,1710.0,37.05,51800.0,317800.0,14.7,103250.0,504000.0,1727.9,1743.8,1712.1,-0.467,2026-01-13 23:17,1535
SUNPHARMA,2026-01-27,1720.0,29.85,173950.0,817250.0,18.25,194600.0,620200.0,1727.9,1743.8,1712.1,-0.467,2026-01-13 23:17,-42
SUNPHARMA,2026-01-27,1730.0,24.1,204750.0,819000.0,21.75,185500.0,718200.0,1727.9,1743.8,1712.1,-0.467,2026-01-13 23:17,-1129
SUNPHARMA,2026-01-27,1740.0,18.95,527800.0,857500.0,27.2,214200.0,495250.0,1727.9,1743.8,1712.1,-0.467,2026-01-13 23:17,-1899
SUNPHARMA,2026-01-27,1750.0,14.65,781200.0,1354850.0,31.75,210350.0,280350.0,1727.9,1743.8,1712.1,-0.467,2026-01-13 23:17,-1599
SUNPHARMA,2026-01-27,1760.0,11.0,1749650.0,881650.0,38.25,293300.0,378350.0,1727.9,1743.8,1712.1,-0.467,2026-01-13 23:17,-249
SUNPHARMA,2026-01-27,1770.0,8.5,444500.0,543550.0,45.5,132300.0,63700.0,1727.9,1743.8,1712.1,-0.467,2026-01-13 23:17,3470
SUNPHARMA,2026-01-27,1780.0,6.55,588000.0,364000.0,54.35,172900.0,18550.0,1727.9,1743.8,1712.1,-0.467,2026-01-13 23:17,6739
SUNPHARMA,2026-01-27,1790.0,5.2,1255800.0,262150.0,59.45,147350.0,0.0,1727.9,1743.8,1712.1,-0.467,2026-01-13 23:17,10438
SUNPHARMA,2026-01-27,1800.0,3.85,1934800.0,847000.0,71.25,156100.0,20300.0,1727.9,1743.8,1712.1,-0.467,2026-01-13 23:17,15873
SUNPHARMA,2026-01-27,1810.0,3.0,88200.0,154700.0,54.4,15750.0,0.0,1727.9,1743.8,1712.1,-0.467,2026-01-13 23:17,23254
SUNPHARMA,2026-01-27,1820.0,2.5,187250.0,234850.0,93.85,24150.0,9100.0,1727.9,1743.8,1712.1,-0.467,2026-01-13 23:17,31047
SUNPHARMA,2026-01-27,1830.0,2.2,51100.0,53900.0,0.0,0.0,0.0,1727.9,1743.8,1712.1,-0.467,2026-01-13 23:17,38931
SUNPHARMA,2026-01-27,1840.0,2.05,113750.0,111300.0,105.85,23100.0,0.0,1727.9,1743.8,1712.1,-0.467,2026-01-13 23:17,47057
SUNPHARMA,2026-01-27,1850.0,1.75,95900.0,109550.0,0.0,0.0,0.0,1727.9,1743.8,1712.1,-0.467,2026-01-13 23:17,55087
SUNPHARMA,2026-01-27,1860.0,1.55,198100.0,80850.0,0.0,0.0,0.0,1727.9,1743.8,1712.1,-0.467,2026-01-13 23:17,63451
SUNPHARMA,2026-01-27,1870.0,1.6,10850.0,0.0,0.0,0.0,0.0,1727.9,1743.8,1712.1,-0.467,2026-01-13 23:17,72028
SUNPHARMA,2026-01-27,1880.0,1.4,91000.0,68950.0,0.0,0.0,0.0,1727.9,1743.8,1712.1,-0.467,2026-01-13 23:17,80586
SUNPHARMA,2026-01-27,1890.0,0.0,0.0,0.0,0.0,0.0,0.0,1727.9,1743.8,1712.1,-0.467,2026-01-13 23:17,89246
SUNPHARMA,2026-01-27,1900.0,1.15,519400.0,108150.0,166.35,16800.0,0.0,1727.9,1743.8,1712.1,-0.467,2026-01-13 23:17,97894
SUNPHARMA,2026-01-27,1920.0,0.95,59150.0,3150.0,0.0,0.0,0.0,1727.9,1743.8,1712.1,-0.467,2026-01-13 23:17,116041
SUNPHARMA,2026-01-27,1940.0,0.7,113050.0,0.0,150.0,1400.0,0.0,1727.9,1743.8,1712.1,-0.467,2026-01-13 23:17,134532
SUNPHARMA,2026-01-27,1960.0,0.5,68250.0,2100.0,144.8,6300.0,0.0,1727.9,1743.8,1712.1,-0.467,2026-01-13 23:17,153234
SUNPHARMA,2026-01-27,1980.0,0.0,0.0,0.0,0.0,0.0,0.0,1727.9,1743.8,1712.1,-0.467,2026-01-13 23:17,172010
SUNPHARMA,2026-01-27,2000.0,0.6,201950.0,32900.0,265.05,11200.0,0.0,1727.9,1743.8,1712.1,-0.467,2026-01-13 23:17,190873
SUNPHARMA,2026-01-27,2020.0,0.0,0.0,0.0,0.0,0.0,0.0,1727.9,1743.8,1712.1,-0.467,2026-01-13 23:17,209878
SUNPHARMA,2026-01-27,2040.0,0.65,29400.0,0.0,0.0,0.0,0.0,1727.9,1743.8,1712.1,-0.467,2026-01-13 23:17,229168
SUNPHARMA,2026-01-27,2080.0,0.35,15400.0,2450.0,0.0,0.0,0.0,1727.9,1743.8,1712.1,-0.467,2026-01-13 23:17,267867
SUPREMEIND,2026-01-27,2500.0,0.0,0.0,0.0,0.4,4200.0,9625.0,3475.0,3530.8,3426.7,-0.677,2026-01-13 23:17,49026
SUPREMEIND,2026-01-27,2600.0,754.65,350.0,0.0,0.0,0.0,0.0,3475.0,3530.8,3426.7,-0.677,2026-01-13 23:17,43041
SUPREMEIND,2026-01-27,2750.0,606.55,175.0,0.0,0.0,0.0,0.0,3475.0,3530.8,3426.7,-0.677,2026-01-13 23:17,34095
SUPREMEIND,2026-01-27,2800.0,0.0,0.0,0.0,0.65,4375.0,0.0,3475.0,3530.8,3426.7,-0.677,2026-01-13 23:17,31116
SUPREMEIND,2026-01-27,2850.0,0.0,0.0,0.0,8.4,3150.0,0.0,3475.0,3530.8,3426.7,-0.677,2026-01-13 23:17,28147
SUPREMEIND,2026-01-27,2900.0,733.6,525.0,0.0,0.3,700.0,0.0,3475.0,3530.8,3426.7,-0.677,2026-01-13 23:17,25192
SUPREMEIND,2026-01-27,2950.0,0.0,0.0,0.0,1.95,4375.0,0.0,3475.0,3530.8,3426.7,-0.677,2026-01-13 23:17,22285
SUPREMEIND,2026-01-27,3000.0,595.9,525.0,0.0,3.5,15050.0,5600.0,3475.0,3530.8,3426.7,-0.677,2026-01-13 23:17,19360
SUPREMEIND,2026-01-27,3050.0,485.6,350.0,0.0,0.0,0.0,0.0,3475.0,3530.8,3426.7,-0.677,2026-01-13 23:17,16539
SUPREMEIND,2026-01-27,3100.0,0.0,0.0,0.0,5.85,30800.0,18375.0,3475.0,3530.8,3426.7,-0.677,2026-01-13 23:17,13712
SUPREMEIND,2026-01-27,3150.0,0.0,0.0,0.0,8.2,16100.0,14700.0,3475.0,3530.8,3426.7,-0.677,2026-01-13 23:17,11003
SUPREMEIND,2026-01-27,3200.0,313.25,4900.0,0.0,13.2,36050.0,15400.0,3475.0,3530.8,3426.7,-0.677,2026-01-13 23:17,8380
SUPREMEIND,2026-01-27,3250.0,380.1,7350.0,0.0,18.0,42875.0,46025.0,3475.0,3530.8,3426.7,-0.677,2026-01-13 23:17,6080
SUPREMEIND,2026-01-27,3300.0,198.05,27825.0,2100.0,25.15,107450.0,36750.0,3475.0,3530.8,3426.7,-0.677,2026-01-13 23:17,4128
SUPREMEIND,2026-01-27,3350.0,157.3,17500.0,5075.0,35.5,31675.0,42175.0,3475.0,3530.8,3426.7,-0.677,2026-01-13 23:17,2931
SUPREMEIND,2026-01-27,3400.0,136.75,25725.0,5250.0,52.5,61600.0,41125.0,3475.0,3530.8,3426.7,-0.677,2026-01-13 23:17,1862
SUPREMEIND,2026-01-27,3450.0,95.45,23625.0,18550.0,72.1,51625.0,53375.0,3475.0,3530.8,3426.7,-0.677,2026-01-13 23:17,1095
SUPREMEIND,2026-01-27,3500.0,81.0,63350.0,99050.0,98.3,77525.0,82425.0,3475.0,3530.8,3426.7,-0.677,2026-01-13 23:17,529
SUPREMEIND,2026-01-27,3550.0,61.25,41825.0,26775.0,123.65,23100.0,2275.0,3475.0,3530.8,3426.7,-0.677,2026-01-13 23:17,565
SUPREMEIND,2026-01-27,3600.0,45.75,83825.0,107800.0,163.2,47075.0,11375.0,3475.0,3530.8,3426.7,-0.677,2026-01-13 23:17,1146
SUPREMEIND,2026-01-27,3650.0,32.4,32725.0,30625.0,210.9,12950.0,700.0,3475.0,3530.8,3426.7,-0.677,2026-01-13 23:17,2025
SUPREMEIND,2026-01-27,3700.0,22.6,74200.0,52675.0,255.55,15750.0,1400.0,3475.0,3530.8,3426.7,-0.677,2026-01-13 23:17,3351
SUPREMEIND,2026-01-27,3750.0,13.9,24325.0,8750.0,0.0,0.0,0.0,3475.0,3530.8,3426.7,-0.677,2026-01-13 23:17,5059
SUPREMEIND,2026-01-27,3800.0,11.3,65100.0,62300.0,340.9,8575.0,700.0,3475.0,3530.8,3426.7,-0.677,2026-01-13 23:17,7157
SUPREMEIND,2026-01-27,3850.0,7.75,35525.0,2800.0,253.25,875.0,0.0,3475.0,3530.8,3426.7,-0.677,2026-01-13 23:17,9371
SUPREMEIND,2026-01-27,3900.0,5.8,71575.0,40775.0,285.5,1225.0,0.0,3475.0,3530.8,3426.7,-0.677,2026-01-13 23:17,11990
SUPREMEIND,2026-01-27,3950.0,6.0,175.0,0.0,0.0,0.0,0.0,3475.0,3530.8,3426.7,-0.677,2026-01-13 23:17,14975
SUPREMEIND,2026-01-27,4000.0,3.5,47250.0,12600.0,473.75,3500.0,0.0,3475.0,3530.8,3426.7,-0.677,2026-01-13 23:17,17955
SUPREMEIND,2026-01-27,4100.0,2.0,12075.0,350.0,0.0,0.0,0.0,3475.0,3530.8,3426.7,-0.677,2026-01-13 23:17,24272
SUPREMEIND,2026-01-27,4200.0,2.25,11025.0,0.0,900.0,2100.0,0.0,3475.0,3530.8,3426.7,-0.677,2026-01-13 23:17,30861
SUZLON,2026-01-27,42.0,0.0,0.0,0.0,0.1,929575.0,1552300.0,48.56,49.7,47.8,-1.301,2026-01-13 23:17,69468
SUZLON,2026-01-27,44.0,0.0,0.0,0.0,0.19,839325.0,1155200.0,48.56,49.7,47.8,-1.301,2026-01-13 23:17,54703
SUZLON,2026-01-27,45.0,4.2,451250.0,171475.0,0.28,5378900.0,5297675.0,48.56,49.7,47.8,-1.301,2026-01-13 23:17,47393
SUZLON,2026-01-27,46.0,0.0,0.0,0.0,0.44,2824825.0,2418700.0,48.56,49.7,47.8,-1.301,2026-01-13 23:17,40721
SUZLON,2026-01-27,47.0,2.5,469300.0,821275.0,0.68,3230950.0,12662075.0,48.56,49.7,47.8,-1.301,2026-01-13 23:17,34168
SUZLON,2026-01-27,48.0,1.72,1588400.0,3980025.0,1.01,3429500.0,6389700.0,48.56,49.7,47.8,-1.301,2026-01-13 23:17,28007
SUZLON,2026-01-27,49.0,1.22,4025150.0,21705125.0,1.53,3059475.0,8303000.0,48.56,49.7,47.8,-1.301,2026-01-13 23:17,22377
SUZLON,2026-01-27,50.0,0.82,14719775.0,29195875.0,2.15,6425800.0,3402425.0,48.56,49.7,47.8,-1.301,2026-01-13 23:17,17552
SUZLON,2026-01-27,51.0,0.57,7256100.0,16542825.0,2.87,3239975.0,541500.0,48.56,49.7,47.8,-1.301,2026-01-13 23:17,14644
SUZLON,2026-01-27,52.0,0.39,12147650.0,7608075.0,3.65,6146025.0,830300.0,48.56,49.7,47.8,-1.301,2026-01-13 23:17,12444
SUZLON,2026-01-27,53.0,0.26,21019225.0,12869650.0,4.5,5712825.0,379050.0,48.56,49.7,47.8,-1.301,2026-01-13 23:17,10819
SUZLON,2026-01-27,54.0,0.2,27002800.0,7689300.0,6.0,19394725.0,45125.0,48.56,49.7,47.8,-1.301,2026-01-13 23:17,11614
SUZLON,2026-01-27,55.0,0.15,27643575.0,16660150.0,6.32,4575675.0,207575.0,48.56,49.7,47.8,-1.301,2026-01-13 23:17,7975
SUZLON,2026-01-27,56.0,0.13,7382450.0,3664150.0,7.4,1922325.0,90250.0,48.56,49.7,47.8,-1.301,2026-01-13 23:17,16178
SUZLON,2026-01-27,57.0,0.1,6398725.0,1868175.0,5.61,911525.0,0.0,48.56,49.7,47.8,-1.301,2026-01-13 23:17,26462
SUZLON,2026-01-27,58.0,0.08,7021450.0,1588400.0,9.79,911525.0,18050.0,48.56,49.7,47.8,-1.301,2026-01-13 23:17,38356
SUZLON,2026-01-27,59.0,0.08,3348275.0,1046900.0,7.35,243675.0,0.0,48.56,49.7,47.8,-1.301,2026-01-13 23:17,50655
SUZLON,2026-01-27,60.0,0.07,34304025.0,11308325.0,11.69,4503475.0,81225.0,48.56,49.7,47.8,-1.301,2026-01-13 23:17,63997
SUZLON,2026-01-27,61.0,0.05,2346500.0,1046900.0,12.65,27075.0,9025.0,48.56,49.7,47.8,-1.301,2026-01-13 23:17,76348
SUZLON,2026-01-27,62.0,0.04,5433050.0,451250.0,13.27,288800.0,72200.0,48.56,49.7,47.8,-1.301,2026-01-13 23:17,93937
SUZLON,2026-01-27,64.0,0.04,2310400.0,117325.0,15.2,712975.0,27075.0,48.56,49.7,47.8,-1.301,2026-01-13 23:17,129945
SUZLON,2026-01-27,68.0,0.02,4575675.0,108300.0,0.0,0.0,0.0,48.56,49.7,47.8,-1.301,2026-01-13 23:17,202818
SWIGGY,2026-01-27,290.0,0.0,0.0,0.0,0.0,0.0,0.0,350.2,355.55,345.15,0.172,2026-01-13 23:17,23868
SWIGGY,2026-01-27,300.0,0.0,0.0,0.0,0.5,101400.0,49400.0,350.2,355.55,345.15,0.172,2026-01-13 23:17,19786
SWIGGY,2026-01-27,305.0,0.0,0.0,0.0,0.0,0.0,0.0,350.2,355.55,345.15,0.172,2026-01-13 23:17,17790
SWIGGY,2026-01-27,310.0,0.0,0.0,0.0,1.2,1300.0,0.0,350.2,355.55,345.15,0.172,2026-01-13 23:17,15800
SWIGGY,2026-01-27,315.0,0.0,0.0,0.0,1.35,45500.0,59800.0,350.2,355.55,345.15,0.172,2026-01-13 23:17,13810
SWIGGY,2026-01-27,320.0,0.0,0.0,0.0,1.2,373100.0,139100.0,350.2,355.55,345.15,0.172,2026-01-13 23:17,11837
SWIGGY,2026-01-27,325.0,0.0,0.0,0.0,1.95,124800.0,71500.0,350.2,355.55,345.15,0.172,2026-01-13 23:17,10012
SWIGGY,2026-01-27,330.0,0.0,0.0,0.0,2.45,468000.0,287300.0,350.2,355.55,345.15,0.172,2026-01-13 23:17,8270
SWIGGY,2026-01-27,335.0,18.5,3900.0,3900.0,5.0,15600.0,10400.0,350.2,355.55,345.15,0.172,2026-01-13 23:17,6671
SWIGGY,2026-01-27,340.0,16.3,55900.0,102700.0,5.3,365300.0,460200.0,350.2,355.55,345.15,0.172,2026-01-13 23:17,5196
SWIGGY,2026-01-27,345.0,12.5,72800.0,75400.0,6.65,97500.0,257400.0,350.2,355.55,345.15,0.172,2026-01-13 23:17,3830
SWIGGY,2026-01-27,350.0,10.0,180700.0,735800.0,9.2,240500.0,318500.0,350.2,355.55,345.15,0.172,2026-01-13 23:17,2678
SWIGGY,2026-01-27,355.0,7.55,234000.0,383500.0,11.45,136500.0,114400.0,350.2,355.55,345.15,0.172,2026-01-13 23:17,1670
SWIGGY,2026-01-27,360.0,5.95,738400.0,1267500.0,14.95,963300.0,93600.0,350.2,355.55,345.15,0.172,2026-01-13 23:17,907
SWIGGY,2026-01-27,365.0,4.5,205400.0,361400.0,18.95,97500.0,105300.0,350.2,355.55,345.15,0.172,2026-01-13 23:17,-24
SWIGGY,2026-01-27,370.0,3.45,672100.0,633100.0,23.95,210600.0,58500.0,350.2,355.55,345.15,0.172,2026-01-13 23:17,102
SWIGGY,2026-01-27,375.0,2.7,617500.0,94900.0,28.7,74100.0,0.0,350.2,355.55,345.15,0.172,2026-01-13 23:17,491
SWIGGY,2026-01-27,380.0,2.0,830700.0,612300.0,29.95,269100.0,7800.0,350.2,355.55,345.15,0.172,2026-01-13 23:17,1452
SWIGGY,2026-01-27,385.0,1.7,314600.0,57200.0,36.95,35100.0,0.0,350.2,355.55,345.15,0.172,2026-01-13 23:17,2369
SWIGGY,2026-01-27,390.0,1.2,773500.0,128700.0,41.15,218400.0,1300.0,350.2,355.55,345.15,0.172,2026-01-13 23:17,4024
SWIGGY,2026-01-27,395.0,1.05,293800.0,59800.0,45.85,18200.0,0.0,350.2,355.55,345.15,0.172,2026-01-13 23:17,5446
SWIGGY,2026-01-27,400.0,0.8,1394900.0,395200.0,48.7,217100.0,3900.0,350.2,355.55,345.15,0.172,2026-01-13 23:17,7777
SWIGGY,2026-01-27,405.0,0.75,59800.0,19500.0,0.0,0.0,0.0,350.2,355.55,345.15,0.172,2026-01-13 23:17,10020
SWIGGY,2026-01-27,410.0,0.6,158600.0,85800.0,0.0,0.0,0.0,350.2,355.55,345.15,0.172,2026-01-13 23:17,13244
SWIGGY,2026-01-27,415.0,0.25,250900.0,13000.0,64.8,3900.0,0.0,350.2,355.55,345.15,0.172,2026-01-13 23:17,16553
SWIGGY,2026-01-27,420.0,0.45,195000.0,13000.0,69.65,2600.0,0.0,350.2,355.55,345.15,0.172,2026-01-13 23:17,19960
SWIGGY,2026-01-27,425.0,0.2,27300.0,0.0,0.0,0.0,0.0,350.2,355.55,345.15,0.172,2026-01-13 23:17,23475
SWIGGY,2026-01-27,430.0,0.35,154700.0,0.0,79.5,1300.0,0.0,350.2,355.55,345.15,0.172,2026-01-13 23:17,27015
SWIGGY,2026-01-27,440.0,0.25,59800.0,3900.0,89.4,1300.0,0.0,350.2,355.55,345.15,0.172,2026-01-13 23:17,34243
SWIGGY,2026-01-27,450.0,0.05,37700.0,0.0,0.0,0.0,0.0,350.2,355.55,345.15,0.172,2026-01-13 23:17,41527
SYNGENE,2026-01-27,520.0,105.4,5000.0,10000.0,0.0,0.0,0.0,631.1,636.35,621.35,-0.426,2026-01-13 23:17,29230
SYNGENE,2026-01-27,540.0,87.45,5000.0,10000.0,0.75,30000.0,39000.0,631.1,636.35,621.35,-0.426,2026-01-13 23:17,23509
SYNGENE,2026-01-27,560.0,70.05,0.0,1000.0,1.45,135000.0,118000.0,631.1,636.35,621.35,-0.426,2026-01-13 23:17,17846
SYNGENE,2026-01-27,570.0,0.0,0.0,0.0,2.1,34000.0,48000.0,631.1,636.35,621.35,-0.426,2026-01-13 23:17,15110
SYNGENE,2026-01-27,580.0,0.0,0.0,0.0,2.8,155000.0,49000.0,631.1,636.35,621.35,-0.426,2026-01-13 23:17,12420
SYNGENE,2026-01-27,590.0,0.0,0.0,0.0,4.1,230000.0,212000.0,631.1,636.35,621.35,-0.426,2026-01-13 23:17,9848
SYNGENE,2026-01-27,600.0,38.45,19000.0,0.0,7.05,193000.0,97000.0,631.1,636.35,621.35,-0.426,2026-01-13 23:17,7456
SYNGENE,2026-01-27,610.0,26.9,2000.0,4000.0,8.85,169000.0,87000.0,631.1,636.35,621.35,-0.426,2026-01-13 23:17,5307
SYNGENE,2026-01-27,620.0,24.25,96000.0,609000.0,11.2,269000.0,273000.0,631.1,636.35,621.35,-0.426,2026-01-13 23:17,3248
SYNGENE,2026-01-27,630.0,18.25,189000.0,382000.0,15.5,328000.0,146000.0,631.1,636.35,621.35,-0.426,2026-01-13 23:17,1629
SYNGENE,2026-01-27,640.0,14.15,167000.0,111000.0,20.0,238000.0,75000.0,631.1,636.35,621.35,-0.426,2026-01-13 23:17,433
SYNGENE,2026-01-27,650.0,9.95,358000.0,439000.0,27.5,262000.0,10000.0,631.1,636.35,621.35,-0.426,2026-01-13 23:17,-434
SYNGENE,2026-01-27,660.0,6.85,693000.0,501000.0,33.15,297000.0,34000.0,631.1,636.35,621.35,-0.426,2026-01-13 23:17,-806
SYNGENE,2026-01-27,670.0,4.5,634000.0,209000.0,47.1,160000.0,14000.0,631.1,636.35,621.35,-0.426,2026-01-13 23:17,-334
SYNGENE,2026-01-27,680.0,3.6,1770000.0,384000.0,57.75,210000.0,2000.0,631.1,636.35,621.35,-0.426,2026-01-13 23:17,973
SYNGENE,2026-01-27,690.0,2.5,348000.0,234000.0,67.15,13000.0,8000.0,631.1,636.35,621.35,-0.426,2026-01-13 23:17,4153
SYNGENE,2026-01-27,700.0,1.9,895000.0,261000.0,70.0,107000.0,5000.0,631.1,636.35,621.35,-0.426,2026-01-13 23:17,8270
SYNGENE,2026-01-27,710.0,1.45,189000.0,47000.0,0.0,0.0,0.0,631.1,636.35,621.35,-0.426,2026-01-13 23:17,12810
SYNGENE,2026-01-27,720.0,1.1,250000.0,44000.0,92.9,24000.0,7000.0,631.1,636.35,621.35,-0.426,2026-01-13 23:17,18145
SYNGENE,2026-01-27,730.0,1.1,134000.0,0.0,102.6,2000.0,18000.0,631.1,636.35,621.35,-0.426,2026-01-13 23:17,23532
SYNGENE,2026-01-27,740.0,0.65,121000.0,5000.0,83.4,27000.0,0.0,631.1,636.35,621.35,-0.426,2026-01-13 23:17,29244
SYNGENE,2026-01-27,760.0,0.5,487000.0,44000.0,135.75,9000.0,6000.0,631.1,636.35,621.35,-0.426,2026-01-13 23:17,40759
TATACONSUM,2026-01-27,980.0,0.0,0.0,0.0,1.2,73700.0,0.0,1188.8,1198.3,1181.3,-0.294,2026-01-13 23:17,41912
TATACONSUM,2026-01-27,1000.0,194.75,2200.0,0.0,0.05,3850.0,0.0,1188.8,1198.3,1181.3,-0.294,2026-01-13 23:17,35855
TATACONSUM,2026-01-27,1020.0,0.0,0.0,0.0,0.05,1650.0,0.0,1188.8,1198.3,1181.3,-0.294,2026-01-13 23:17,29861
TATACONSUM,2026-01-27,1030.0,0.0,0.0,0.0,1.15,4950.0,0.0,1188.8,1198.3,1181.3,-0.294,2026-01-13 23:17,26844
TATACONSUM,2026-01-27,1040.0,0.0,0.0,0.0,0.1,1100.0,0.0,1188.8,1198.3,1181.3,-0.294,2026-01-13 23:17,23831
TATACONSUM,2026-01-27,1050.0,0.0,0.0,0.0,0.4,9900.0,0.0,1188.8,1198.3,1181.3,-0.294,2026-01-13 23:17,20821
TATACONSUM,2026-01-27,1060.0,135.1,11000.0,0.0,0.5,61050.0,53350.0,1188.8,1198.3,1181.3,-0.294,2026-01-13 23:17,17819
TATACONSUM,2026-01-27,1070.0,0.0,0.0,0.0,0.5,71500.0,27500.0,1188.8,1198.3,1181.3,-0.294,2026-01-13 23:17,15036
TATACONSUM,2026-01-27,1080.0,0.0,0.0,0.0,0.7,1042250.0,25850.0,1188.8,1198.3,1181.3,-0.294,2026-01-13 23:17,12175
TATACONSUM,2026-01-27,1090.0,0.0,0.0,0.0,1.1,11550.0,5500.0,1188.8,1198.3,1181.3,-0.294,2026-01-13 23:17,10288
TATACONSUM,2026-01-27,1100.0,92.0,3850.0,1100.0,1.4,189200.0,15950.0,1188.8,1198.3,1181.3,-0.294,2026-01-13 23:17,8483
TATACONSUM,2026-01-27,1110.0,0.0,0.0,0.0,1.85,83600.0,4400.0,1188.8,1198.3,1181.3,-0.294,2026-01-13 23:17,6881
TATACONSUM,2026-01-27,1120.0,82.0,1100.0,550.0,2.35,116600.0,75350.0,1188.8,1198.3,1181.3,-0.294,2026-01-13 23:17,5339
TATACONSUM,2026-01-27,1130.0,60.8,1100.0,0.0,3.35,96800.0,46750.0,1188.8,1198.3,1181.3,-0.294,2026-01-13 23:17,3912
TATACONSUM,2026-01-27,1140.0,61.1,18150.0,0.0,4.6,159500.0,105050.0,1188.8,1198.3,1181.3,-0.294,2026-01-13 23:17,2575
TATACONSUM,2026-01-27,1150.0,47.7,23650.0,1100.0,6.3,77000.0,109450.0,1188.8,1198.3,1181.3,-0.294,2026-01-13 23:17,1479
TATACONSUM,2026-01-27,1160.0,39.0,21450.0,3850.0,8.55,150150.0,118250.0,1188.8,1198.3,1181.3,-0.294,2026-01-13 23:17,510
TATACONSUM,2026-01-27,1170.0,30.5,36850.0,2200.0,11.5,100650.0,92400.0,1188.8,1198.3,1181.3,-0.294,2026-01-13 23:17,-395
TATACONSUM,2026-01-27,1180.0,25.8,117150.0,83050.0,15.25,184800.0,220000.0,1188.8,1198.3,1181.3,-0.294,2026-01-13 23:17,-1122
TATACONSUM,2026-01-27,1190.0,20.4,179850.0,210650.0,19.65,130900.0,210650.0,1188.8,1198.3,1181.3,-0.294,2026-01-13 23:17,-1524
TATACONSUM,2026-01-27,1200.0,15.95,525800.0,700150.0,24.7,192500.0,202950.0,1188.8,1198.3,1181.3,-0.294,2026-01-13 23:17,-1525
TATACONSUM,2026-01-27,1210.0,12.1,162800.0,134750.0,32.85,82500.0,33000.0,1188.8,1198.3,1181.3,-0.294,2026-01-13 23:17,-555
TATACONSUM,2026-01-27,1220.0,9.1,948200.0,352000.0,41.3,144650.0,1650.0,1188.8,1198.3,1181.3,-0.294,2026-01-13 23:17,223
TATACONSUM,2026-01-27,1230.0,6.9,127050.0,91300.0,43.8,28600.0,0.0,1188.8,1198.3,1181.3,-0.294,2026-01-13 23:17,2434
TATACONSUM,2026-01-27,1240.0,5.15,157300.0,163900.0,50.4,19800.0,0.0,1188.8,1198.3,1181.3,-0.294,2026-01-13 23:17,4497
TATACONSUM,2026-01-27,1250.0,4.05,469150.0,193600.0,63.0,28600.0,2750.0,1188.8,1198.3,1181.3,-0.294,2026-01-13 23:17,6756
TATACONSUM,2026-01-27,1260.0,3.1,199100.0,135850.0,69.85,15400.0,0.0,1188.8,1198.3,1181.3,-0.294,2026-01-13 23:17,9542
TATACONSUM,2026-01-27,1270.0,2.4,113300.0,19250.0,0.0,0.0,0.0,1188.8,1198.3,1181.3,-0.294,2026-01-13 23:17,12487
TATACONSUM,2026-01-27,1280.0,2.0,75900.0,17600.0,0.0,0.0,0.0,1188.8,1198.3,1181.3,-0.294,2026-01-13 23:17,15617
TATACONSUM,2026-01-27,1290.0,1.5,28050.0,550.0,0.0,0.0,0.0,1188.8,1198.3,1181.3,-0.294,2026-01-13 23:17,18812
TATACONSUM,2026-01-27,1300.0,1.35,509300.0,79750.0,0.0,0.0,0.0,1188.8,1198.3,1181.3,-0.294,2026-01-13 23:17,22024
TATACONSUM,2026-01-27,1310.0,0.9,3850.0,0.0,0.0,0.0,0.0,1188.8,1198.3,1181.3,-0.294,2026-01-13 23:17,25810
TATACONSUM,2026-01-27,1320.0,1.1,269500.0,81950.0,125.2,15400.0,0.0,1188.8,1198.3,1181.3,-0.294,2026-01-13 23:17,29531
TATACONSUM,2026-01-27,1330.0,0.0,0.0,0.0,0.0,0.0,0.0,1188.8,1198.3,1181.3,-0.294,2026-01-13 23:17,33373
TATACONSUM,2026-01-27,1340.0,0.6,170500.0,1650.0,0.0,0.0,0.0,1188.8,1198.3,1181.3,-0.294,2026-01-13 23:17,37379
TATACONSUM,2026-01-27,1360.0,0.4,29150.0,550.0,0.0,0.0,0.0,1188.8,1198.3,1181.3,-0.294,2026-01-13 23:17,45741
TATACONSUM,2026-01-27,1380.0,0.1,0.0,0.0,0.0,0.0,0.0,1188.8,1198.3,1181.3,-0.294,2026-01-13 23:17,54153
TATACONSUM,2026-01-27,1400.0,0.0,0.0,0.0,0.0,0.0,0.0,1188.8,1198.3,1181.3,-0.294,2026-01-13 23:17,62564
TATAELXSI,2026-01-27,4000.0,1703.25,200.0,0.0,0.05,200.0,0.0,5793.0,5824.0,5681.0,1.748,2026-01-13 23:17,142425
TATAELXSI,2026-01-27,4300.0,0.0,0.0,0.0,1.9,600.0,100.0,5793.0,5824.0,5681.0,1.748,2026-01-13 23:17,107914
TATAELXSI,2026-01-27,4400.0,1304.25,100.0,0.0,0.9,1500.0,200.0,5793.0,5824.0,5681.0,1.748,2026-01-13 23:17,96405
TATAELXSI,2026-01-27,4500.0,0.0,0.0,0.0,4.0,7600.0,400.0,5793.0,5824.0,5681.0,1.748,2026-01-13 23:17,84925
TATAELXSI,2026-01-27,4600.0,1104.95,100.0,0.0,4.7,7500.0,800.0,5793.0,5824.0,5681.0,1.748,2026-01-13 23:17,73505
TATAELXSI,2026-01-27,4700.0,0.0,0.0,0.0,5.35,10700.0,900.0,5793.0,5824.0,5681.0,1.748,2026-01-13 23:17,62171
TATAELXSI,2026-01-27,4750.0,1042.25,0.0,200.0,0.0,0.0,0.0,5793.0,5824.0,5681.0,1.748,2026-01-13 23:17,56549
TATAELXSI,2026-01-27,4800.0,942.1,200.0,800.0,6.9,19900.0,26500.0,5793.0,5824.0,5681.0,1.748,2026-01-13 23:17,50932
TATAELXSI,2026-01-27,4850.0,0.0,0.0,0.0,0.0,0.0,0.0,5793.0,5824.0,5681.0,1.748,2026-01-13 23:17,45420
TATAELXSI,2026-01-27,4900.0,856.35,700.0,600.0,8.9,23300.0,16000.0,5793.0,5824.0,5681.0,1.748,2026-01-13 23:17,39904
TATAELXSI,2026-01-27,4950.0,759.7,300.0,0.0,0.0,0.0,0.0,5793.0,5824.0,5681.0,1.748,2026-01-13 23:17,34546
TATAELXSI,2026-01-27,5000.0,760.2,11300.0,500.0,9.0,84200.0,191500.0,5793.0,5824.0,5681.0,1.748,2026-01-13 23:17,29174
TATAELXSI,2026-01-27,5050.0,697.15,800.0,1000.0,12.0,7700.0,5500.0,5793.0,5824.0,5681.0,1.748,2026-01-13 23:17,25040
TATAELXSI,2026-01-27,5100.0,662.25,4000.0,800.0,11.5,47100.0,39600.0,5793.0,5824.0,5681.0,1.748,2026-01-13 23:17,20211
TATAELXSI,2026-01-27,5150.0,571.25,2400.0,0.0,12.8,13200.0,3600.0,5793.0,5824.0,5681.0,1.748,2026-01-13 23:17,15803
TATAELXSI,2026-01-27,5200.0,605.95,15300.0,1300.0,16.2,81400.0,123300.0,5793.0,5824.0,5681.0,1.748,2026-01-13 23:17,11381
TATAELXSI,2026-01-27,5250.0,541.15,4000.0,1300.0,22.0,22200.0,16600.0,5793.0,5824.0,5681.0,1.748,2026-01-13 23:17,8119
TATAELXSI,2026-01-27,5300.0,511.0,51700.0,20600.0,23.3,88800.0,236200.0,5793.0,5824.0,5681.0,1.748,2026-01-13 23:17,4359
TATAELXSI,2026-01-27,5350.0,490.0,12200.0,700.0,31.5,32200.0,14600.0,5793.0,5824.0,5681.0,1.748,2026-01-13 23:17,3570
TATAELXSI,2026-01-27,5400.0,430.0,37500.0,3700.0,37.0,69900.0,111600.0,5793.0,5824.0,5681.0,1.748,2026-01-13 23:17,1064
TATAELXSI,2026-01-27,5450.0,398.15,5100.0,2100.0,46.45,13300.0,30000.0,5793.0,5824.0,5681.0,1.748,2026-01-13 23:17,-47
TATAELXSI,2026-01-27,5500.0,360.0,70700.0,19800.0,55.65,136700.0,317700.0,5793.0,5824.0,5681.0,1.748,2026-01-13 23:17,-2279
TATAELXSI,2026-01-27,5550.0,306.05,14100.0,3000.0,65.0,32000.0,85600.0,5793.0,5824.0,5681.0,1.748,2026-01-13 23:17,-1831
TATAELXSI,2026-01-27,5600.0,291.95,45500.0,87300.0,83.9,88300.0,253600.0,5793.0,5824.0,5681.0,1.748,2026-01-13 23:17,-2714
TATAELXSI,2026-01-27,5650.0,267.55,11200.0,54700.0,96.0,27900.0,59400.0,5793.0,5824.0,5681.0,1.748,2026-01-13 23:17,-2563
TATAELXSI,2026-01-27,5700.0,222.0,59300.0,454500.0,116.75,104700.0,325100.0,5793.0,5824.0,5681.0,1.748,2026-01-13 23:17,-2773
TATAELXSI,2026-01-27,5750.0,199.0,33400.0,363900.0,140.85,32400.0,102300.0,5793.0,5824.0,5681.0,1.748,2026-01-13 23:17,-2100
TATAELXSI,2026-01-27,5800.0,167.0,204500.0,1079800.0,170.4,76700.0,181800.0,5793.0,5824.0,5681.0,1.748,2026-01-13 23:17,-985
TATAELXSI,2026-01-27,5850.0,139.9,46200.0,190000.0,179.9,28300.0,13300.0,5793.0,5824.0,5681.0,1.748,2026-01-13 23:17,3436
TATAELXSI,2026-01-27,5900.0,124.95,115900.0,491700.0,223.75,31000.0,35100.0,5793.0,5824.0,5681.0,1.748,2026-01-13 23:17,6259
TATAELXSI,2026-01-27,5950.0,108.15,31800.0,102000.0,247.35,11000.0,1600.0,5793.0,5824.0,5681.0,1.748,2026-01-13 23:17,10434
TATAELXSI,2026-01-27,6000.0,88.0,252300.0,964900.0,273.7,35800.0,29200.0,5793.0,5824.0,5681.0,1.748,2026-01-13 23:17,14141
TATAELXSI,2026-01-27,6050.0,74.0,22500.0,47400.0,319.6,800.0,1600.0,5793.0,5824.0,5681.0,1.748,2026-01-13 23:17,20456
TATAELXSI,2026-01-27,6100.0,63.75,91900.0,278500.0,435.65,3400.0,0.0,5793.0,5824.0,5681.0,1.748,2026-01-13 23:17,25789
TATAELXSI,2026-01-27,6150.0,49.75,10500.0,15400.0,421.4,600.0,1100.0,5793.0,5824.0,5681.0,1.748,2026-01-13 23:17,31894
TATAELXSI,2026-01-27,6200.0,43.95,138300.0,317300.0,450.0,2100.0,600.0,5793.0,5824.0,5681.0,1.748,2026-01-13 23:17,37645
TATAELXSI,2026-01-27,6250.0,37.55,17200.0,14600.0,530.15,400.0,700.0,5793.0,5824.0,5681.0,1.748,2026-01-13 23:17,44584
TATAELXSI,2026-01-27,6300.0,29.6,70400.0,268000.0,575.05,1000.0,200.0,5793.0,5824.0,5681.0,1.748,2026-01-13 23:17,51140
TATAELXSI,2026-01-27,6350.0,23.95,9000.0,11900.0,0.0,0.0,0.0,5793.0,5824.0,5681.0,1.748,2026-01-13 23:17,58162
TATAELXSI,2026-01-27,6400.0,22.0,103800.0,183300.0,618.0,3500.0,1100.0,5793.0,5824.0,5681.0,1.748,2026-01-13 23:17,65099
TATAELXSI,2026-01-27,6450.0,19.0,5800.0,9000.0,703.35,1300.0,1500.0,5793.0,5824.0,5681.0,1.748,2026-01-13 23:17,72563
TATAELXSI,2026-01-27,6500.0,14.5,84500.0,283900.0,761.85,2700.0,600.0,5793.0,5824.0,5681.0,1.748,2026-01-13 23:17,79970
TATAELXSI,2026-01-27,6550.0,14.5,6100.0,8300.0,0.0,0.0,0.0,5793.0,5824.0,5681.0,1.748,2026-01-13 23:17,87810
TATAELXSI,2026-01-27,6600.0,10.9,25200.0,103500.0,0.0,0.0,0.0,5793.0,5824.0,5681.0,1.748,2026-01-13 23:17,95773
TATAELXSI,2026-01-27,6650.0,11.3,18600.0,15400.0,0.0,0.0,0.0,5793.0,5824.0,5681.0,1.748,2026-01-13 23:17,103881
TATAELXSI,2026-01-27,6700.0,7.0,85500.0,173700.0,0.0,0.0,0.0,5793.0,5824.0,5681.0,1.748,2026-01-13 23:17,112075
TATAPOWER,2026-01-27,310.0,61.4,18850.0,0.0,0.05,1450.0,0.0,367.9,372.2,365.15,-0.729,2026-01-13 23:17,204602
TATAPOWER,2026-01-27,315.0,0.0,0.0,0.0,0.0,0.0,0.0,367.9,372.2,365.15,-0.729,2026-01-13 23:17,190377
TATAPOWER,2026-01-27,320.0,51.45,23200.0,0.0,0.25,71050.0,27550.0,367.9,372.2,365.15,-0.729,2026-01-13 23:17,176037
TATAPOWER,2026-01-27,325.0,0.0,0.0,0.0,0.0,0.0,0.0,367.9,372.2,365.15,-0.729,2026-01-13 23:17,161861
TATAPOWER,2026-01-27,330.0,39.4,56550.0,0.0,0.45,290000.0,152250.0,367.9,372.2,365.15,-0.729,2026-01-13 23:17,147568
TATAPOWER,2026-01-27,335.0,0.0,0.0,0.0,0.4,34800.0,14500.0,367.9,372.2,365.15,-0.729,2026-01-13 23:17,133657
TATAPOWER,2026-01-27,337.5,0.0,0.0,0.0,0.0,0.0,0.0,367.9,372.2,365.15,-0.729,2026-01-13 23:17,126604
TATAPOWER,2026-01-27,340.0,32.0,101500.0,0.0,0.6,414700.0,27550.0,367.9,372.2,365.15,-0.729,2026-01-13 23:17,119553
TATAPOWER,2026-01-27,342.5,0.0,0.0,0.0,0.0,0.0,0.0,367.9,372.2,365.15,-0.729,2026-01-13 23:17,112931
TATAPOWER,2026-01-27,345.0,20.7,5800.0,0.0,0.95,361050.0,182700.0,367.9,372.2,365.15,-0.729,2026-01-13 23:17,106008
TATAPOWER,2026-01-27,347.5,0.0,0.0,0.0,1.0,187050.0,133400.0,367.9,372.2,365.15,-0.729,2026-01-13 23:17,99156
TATAPOWER,2026-01-27,350.0,19.5,295800.0,739500.0,1.4,897550.0,481400.0,367.9,372.2,365.15,-0.729,2026-01-13 23:17,92353
TATAPOWER,2026-01-27,352.5,17.45,4350.0,7250.0,1.6,166750.0,53650.0,367.9,372.2,365.15,-0.729,2026-01-13 23:17,86319
TATAPOWER,2026-01-27,355.0,15.4,24650.0,7250.0,2.1,432100.0,305950.0,367.9,372.2,365.15,-0.729,2026-01-13 23:17,79857
TATAPOWER,2026-01-27,357.5,0.0,0.0,0.0,2.55,162400.0,140650.0,367.9,372.2,365.15,-0.729,2026-01-13 23:17,73476
TATAPOWER,2026-01-27,360.0,11.85,588700.0,313200.0,3.2,2237350.0,1323850.0,367.9,372.2,365.15,-0.729,2026-01-13 23:17,67146
TATAPOWER,2026-01-27,362.5,9.95,155150.0,95700.0,3.95,332050.0,1647200.0,367.9,372.2,365.15,-0.729,2026-01-13 23:17,61546
TATAPOWER,2026-01-27,365.0,8.2,1210750.0,1760300.0,4.95,2188050.0,4205000.0,367.9,372.2,365.15,-0.729,2026-01-13 23:17,56110
TATAPOWER,2026-01-27,367.5,6.9,408900.0,1086050.0,5.9,416150.0,1489150.0,367.9,372.2,365.15,-0.729,2026-01-13 23:17,51410
TATAPOWER,2026-01-27,370.0,5.5,3423450.0,5539000.0,7.3,1985050.0,2354800.0,367.9,372.2,365.15,-0.729,2026-01-13 23:17,47043
TATAPOWER,2026-01-27,372.5,4.6,529250.0,2589700.0,8.3,366850.0,575650.0,367.9,372.2,365.15,-0.729,2026-01-13 23:17,44425
TATAPOWER,2026-01-27,375.0,3.7,2338850.0,3063850.0,10.1,1502200.0,133400.0,367.9,372.2,365.15,-0.729,2026-01-13 23:17,41537
TATAPOWER,2026-01-27,377.5,3.0,609000.0,1093300.0,14.25,350900.0,15950.0,367.9,372.2,365.15,-0.729,2026-01-13 23:17,39017
TATAPOWER,2026-01-27,380.0,2.45,4679150.0,3648200.0,13.4,3656900.0,175450.0,367.9,372.2,365.15,-0.729,2026-01-13 23:17,37073
TATAPOWER,2026-01-27,382.5,2.0,743850.0,825050.0,13.5,294350.0,0.0,367.9,372.2,365.15,-0.729,2026-01-13 23:17,33776
TATAPOWER,2026-01-27,385.0,1.65,2636100.0,980200.0,18.6,1783500.0,233450.0,367.9,372.2,365.15,-0.729,2026-01-13 23:17,34243
TATAPOWER,2026-01-27,387.5,1.4,568400.0,143550.0,17.65,333500.0,0.0,367.9,372.2,365.15,-0.729,2026-01-13 23:17,33182
TATAPOWER,2026-01-27,390.0,1.25,6223400.0,1708100.0,22.15,2027100.0,1450.0,367.9,372.2,365.15,-0.729,2026-01-13 23:17,34720
TATAPOWER,2026-01-27,392.5,1.0,452400.0,220400.0,24.45,314650.0,11600.0,367.9,372.2,365.15,-0.729,2026-01-13 23:17,35117
TATAPOWER,2026-01-27,395.0,0.95,1844400.0,378450.0,28.95,413250.0,10150.0,367.9,372.2,365.15,-0.729,2026-01-13 23:17,38694
TATAPOWER,2026-01-27,397.5,0.75,305950.0,111650.0,27.55,49300.0,0.0,367.9,372.2,365.15,-0.729,2026-01-13 23:17,42538
TATAPOWER,2026-01-27,400.0,0.7,6642450.0,1689250.0,34.45,1945900.0,14500.0,367.9,372.2,365.15,-0.729,2026-01-13 23:17,47380
TATAPOWER,2026-01-27,402.5,0.55,155150.0,18850.0,32.0,10150.0,0.0,367.9,372.2,365.15,-0.729,2026-01-13 23:17,48243
TATAPOWER,2026-01-27,405.0,0.5,780100.0,494450.0,35.0,33350.0,0.0,367.9,372.2,365.15,-0.729,2026-01-13 23:17,55361
TATAPOWER,2026-01-27,407.5,0.4,66700.0,21750.0,0.0,0.0,0.0,367.9,372.2,365.15,-0.729,2026-01-13 23:17,62630
TATAPOWER,2026-01-27,410.0,0.35,1641400.0,468350.0,38.95,897550.0,0.0,367.9,372.2,365.15,-0.729,2026-01-13 23:17,69995
TATAPOWER,2026-01-27,412.5,0.55,76850.0,1450.0,0.0,0.0,0.0,367.9,372.2,365.15,-0.729,2026-01-13 23:17,74554
TATAPOWER,2026-01-27,415.0,0.35,510400.0,243600.0,46.45,147900.0,2900.0,367.9,372.2,365.15,-0.729,2026-01-13 23:17,82575
TATAPOWER,2026-01-27,417.5,0.3,36250.0,0.0,0.0,0.0,0.0,367.9,372.2,365.15,-0.729,2026-01-13 23:17,90087
TATAPOWER,2026-01-27,420.0,0.25,1769000.0,131950.0,51.4,1470300.0,7250.0,367.9,372.2,365.15,-0.729,2026-01-13 23:17,98279
TATAPOWER,2026-01-27,422.5,0.0,0.0,0.0,0.0,0.0,0.0,367.9,372.2,365.15,-0.729,2026-01-13 23:17,99766
TATAPOWER,2026-01-27,425.0,0.25,98600.0,7250.0,56.3,88450.0,1450.0,367.9,372.2,365.15,-0.729,2026-01-13 23:17,108766
TATAPOWER,2026-01-27,430.0,0.15,568400.0,23200.0,58.45,617700.0,0.0,367.9,372.2,365.15,-0.729,2026-01-13 23:17,126364
TATAPOWER,2026-01-27,435.0,0.15,155150.0,8700.0,60.7,1450.0,0.0,367.9,372.2,365.15,-0.729,2026-01-13 23:17,141449
TATAPOWER,2026-01-27,440.0,0.1,681500.0,26100.0,68.35,1175950.0,0.0,367.9,372.2,365.15,-0.729,2026-01-13 23:17,160208
TATAPOWER,2026-01-27,445.0,0.1,42050.0,1450.0,0.0,0.0,0.0,367.9,372.2,365.15,-0.729,2026-01-13 23:17,171871
TATAPOWER,2026-01-27,450.0,0.1,194300.0,0.0,85.55,288550.0,0.0,367.9,372.2,365.15,-0.729,2026-01-13 23:17,191586
TATAPOWER,2026-01-27,460.0,0.05,178350.0,1450.0,88.3,754000.0,0.0,367.9,372.2,365.15,-0.729,2026-01-13 23:17,229032
TATASTEEL,2026-01-27,135.0,43.9,104500.0,0.0,0.0,0.0,0.0,182.45,184.39,181.1,-0.431,2026-01-13 23:17,325429
TATASTEEL,2026-01-27,140.0,43.58,286000.0,0.0,0.06,1023000.0,0.0,182.45,184.39,181.1,-0.431,2026-01-13 23:17,279118
TATASTEEL,2026-01-27,142.5,0.0,0.0,0.0,0.01,11000.0,0.0,182.45,184.39,181.1,-0.431,2026-01-13 23:17,257301
TATASTEEL,2026-01-27,145.0,38.59,264000.0,0.0,0.05,379500.0,0.0,182.45,184.39,181.1,-0.431,2026-01-13 23:17,234246
TATASTEEL,2026-01-27,147.5,0.0,0.0,0.0,0.01,104500.0,0.0,182.45,184.39,181.1,-0.431,2026-01-13 23:17,212369
TATASTEEL,2026-01-27,150.0,32.43,500500.0,44000.0,0.07,1540000.0,313500.0,182.45,184.39,181.1,-0.431,2026-01-13 23:17,189502
TATASTEEL,2026-01-27,152.5,0.0,0.0,0.0,0.12,214500.0,0.0,182.45,184.39,181.1,-0.431,2026-01-13 23:17,168757
TATASTEEL,2026-01-27,154.0,0.0,0.0,0.0,0.0,0.0,0.0,182.45,184.39,181.1,-0.431,2026-01-13 23:17,155372
TATASTEEL,2026-01-27,155.0,27.0,242000.0,5500.0,0.08,1947000.0,638000.0,182.45,184.39,181.1,-0.431,2026-01-13 23:17,146450
TATASTEEL,2026-01-27,156.0,0.0,0.0,0.0,0.0,0.0,0.0,182.45,184.39,181.1,-0.431,2026-01-13 23:17,138385
TATASTEEL,2026-01-27,157.5,26.16,16500.0,0.0,0.07,638000.0,49500.0,182.45,184.39,181.1,-0.431,2026-01-13 23:17,125331
TATASTEEL,2026-01-27,158.0,0.0,0.0,0.0,0.04,22000.0,0.0,182.45,184.39,181.1,-0.431,2026-01-13 23:17,121051
TATASTEEL,2026-01-27,160.0,23.4,1039500.0,5500.0,0.12,5417500.0,2304500.0,182.45,184.39,181.1,-0.431,2026-01-13 23:17,103781
TATASTEEL,2026-01-27,162.0,0.0,0.0,0.0,0.16,242000.0,143000.0,182.45,184.39,181.1,-0.431,2026-01-13 23:17,90170
TATASTEEL,2026-01-27,162.5,21.27,121000.0,0.0,0.15,2090000.0,363000.0,182.45,184.39,181.1,-0.431,2026-01-13 23:17,86184
TATASTEEL,2026-01-27,164.0,0.0,0.0,0.0,0.18,121000.0,269500.0,182.45,184.39,181.1,-0.431,2026-01-13 23:17,74794
TATASTEEL,2026-01-27,165.0,19.13,1732500.0,16500.0,0.2,5027000.0,2233000.0,182.45,184.39,181.1,-0.431,2026-01-13 23:17,67060
TATASTEEL,2026-01-27,166.0,0.0,0.0,0.0,0.24,264000.0,539000.0,182.45,184.39,181.1,-0.431,2026-01-13 23:17,63217
TATASTEEL,2026-01-27,167.0,0.0,0.0,0.0,0.0,0.0,0.0,182.45,184.39,181.1,-0.431,2026-01-13 23:17,56182
TATASTEEL,2026-01-27,167.5,14.92,544500.0,5500.0,0.29,2200000.0,588500.0,182.45,184.39,181.1,-0.431,2026-01-13 23:17,52667
TATASTEEL,2026-01-27,168.0,0.0,0.0,0.0,0.33,577500.0,1017500.0,182.45,184.39,181.1,-0.431,2026-01-13 23:17,50038
TATASTEEL,2026-01-27,169.0,0.0,0.0,0.0,0.35,522500.0,269500.0,182.45,184.39,181.1,-0.431,2026-01-13 23:17,43321
TATASTEEL,2026-01-27,170.0,13.3,3344000.0,407000.0,0.42,10620500.0,3938000.0,182.45,184.39,181.1,-0.431,2026-01-13 23:17,36658
TATASTEEL,2026-01-27,171.0,11.2,49500.0,11000.0,0.5,676500.0,907500.0,182.45,184.39,181.1,-0.431,2026-01-13 23:17,35411
TATASTEEL,2026-01-27,172.0,0.0,0.0,0.0,0.57,742500.0,715000.0,182.45,184.39,181.1,-0.431,2026-01-13 23:17,30256
TATASTEEL,2026-01-27,172.5,10.21,1958000.0,44000.0,0.63,4086500.0,968000.0,182.45,184.39,181.1,-0.431,2026-01-13 23:17,27663
TATASTEEL,2026-01-27,173.0,0.0,0.0,0.0,0.62,572000.0,462000.0,182.45,184.39,181.1,-0.431,2026-01-13 23:17,27156
TATASTEEL,2026-01-27,174.0,11.0,104500.0,0.0,0.81,478500.0,1237500.0,182.45,184.39,181.1,-0.431,2026-01-13 23:17,22681
TATASTEEL,2026-01-27,175.0,8.8,4411000.0,357500.0,0.97,8464500.0,7568000.0,182.45,184.39,181.1,-0.431,2026-01-13 23:17,18375
TATASTEEL,2026-01-27,176.0,8.93,671000.0,0.0,1.19,1925000.0,1177000.0,182.45,184.39,181.1,-0.431,2026-01-13 23:17,18341
TATASTEEL,2026-01-27,177.0,7.1,594000.0,66000.0,1.43,1677500.0,660000.0,182.45,184.39,181.1,-0.431,2026-01-13 23:17,15877
TATASTEEL,2026-01-27,177.5,6.0,2728000.0,44000.0,1.5,2145000.0,979000.0,182.45,184.39,181.1,-0.431,2026-01-13 23:17,14755
TATASTEEL,2026-01-27,178.0,6.37,775500.0,231000.0,1.62,2167000.0,1672000.0,182.45,184.39,181.1,-0.431,2026-01-13 23:17,15010
TATASTEEL,2026-01-27,179.0,5.92,803000.0,522500.0,1.99,1644500.0,1298000.0,182.45,184.39,181.1,-0.431,2026-01-13 23:17,13327
TATASTEEL,2026-01-27,180.0,5.0,9124500.0,9718500.0,2.3,10835000.0,12666500.0,182.45,184.39,181.1,-0.431,2026-01-13 23:17,11894
TATASTEEL,2026-01-27,181.0,4.38,1479500.0,3778500.0,2.73,1160500.0,3591500.0,182.45,184.39,181.1,-0.431,2026-01-13 23:17,14378
TATASTEEL,2026-01-27,182.0,3.85,4422000.0,4317500.0,3.17,1655500.0,5868500.0,182.45,184.39,181.1,-0.431,2026-01-13 23:17,15388
TATASTEEL,2026-01-27,182.5,3.6,3954500.0,3679500.0,3.44,2480500.0,5593500.0,182.45,184.39,181.1,-0.431,2026-01-13 23:17,17209
TATASTEEL,2026-01-27,183.0,3.37,2992000.0,10675500.0,3.65,2040500.0,4383500.0,182.45,184.39,181.1,-0.431,2026-01-13 23:17,18745
TATASTEEL,2026-01-27,184.0,2.9,3514500.0,9597500.0,4.22,951500.0,1864500.0,182.45,184.39,181.1,-0.431,2026-01-13 23:17,21441
TATASTEEL,2026-01-27,185.0,2.56,15867500.0,27153500.0,4.86,6165500.0,5329500.0,182.45,184.39,181.1,-0.431,2026-01-13 23:17,24939
TATASTEEL,2026-01-27,186.0,2.22,3085500.0,6693500.0,5.69,621500.0,374000.0,182.45,184.39,181.1,-0.431,2026-01-13 23:17,31087
TATASTEEL,2026-01-27,187.0,1.87,3624500.0,6770500.0,6.1,1435500.0,143000.0,182.45,184.39,181.1,-0.431,2026-01-13 23:17,36873
TATASTEEL,2026-01-27,187.5,1.75,2073500.0,2502500.0,5.69,1210000.0,49500.0,182.45,184.39,181.1,-0.431,2026-01-13 23:17,39655
TATASTEEL,2026-01-27,188.0,1.64,1705000.0,4229500.0,7.29,214500.0,0.0,182.45,184.39,181.1,-0.431,2026-01-13 23:17,42473
TATASTEEL,2026-01-27,189.0,1.4,1298000.0,1490500.0,7.79,286000.0,22000.0,182.45,184.39,181.1,-0.431,2026-01-13 23:17,49076
TATASTEEL,2026-01-27,190.0,1.23,16098500.0,22143000.0,8.46,4559500.0,1567500.0,182.45,184.39,181.1,-0.431,2026-01-13 23:17,55674
TATASTEEL,2026-01-27,191.0,1.08,687500.0,1859000.0,9.67,264000.0,247500.0,182.45,184.39,181.1,-0.431,2026-01-13 23:17,62501
TATASTEEL,2026-01-27,192.0,0.92,1672000.0,1826000.0,9.05,231000.0,11000.0,182.45,184.39,181.1,-0.431,2026-01-13 23:17,71119
TATASTEEL,2026-01-27,193.0,0.81,929500.0,506000.0,10.89,126500.0,0.0,182.45,184.39,181.1,-0.431,2026-01-13 23:17,80054
TATASTEEL,2026-01-27,194.0,0.71,957000.0,671000.0,11.68,192500.0,0.0,182.45,184.39,181.1,-0.431,2026-01-13 23:17,89087
TATASTEEL,2026-01-27,195.0,0.62,7271000.0,8118000.0,12.73,456500.0,11000.0,182.45,184.39,181.1,-0.431,2026-01-13 23:17,98140
TATASTEEL,2026-01-27,196.0,0.55,990000.0,808500.0,0.0,0.0,0.0,182.45,184.39,181.1,-0.431,2026-01-13 23:17,107993
TATASTEEL,2026-01-27,197.0,0.49,698500.0,682000.0,14.19,16500.0,0.0,182.45,184.39,181.1,-0.431,2026-01-13 23:17,118129
TATASTEEL,2026-01-27,198.0,0.44,1193500.0,792000.0,0.0,0.0,0.0,182.45,184.39,181.1,-0.431,2026-01-13 23:17,128294
TATASTEEL,2026-01-27,200.0,0.36,15647500.0,9383000.0,17.95,748000.0,55000.0,182.45,184.39,181.1,-0.431,2026-01-13 23:17,148892
TATASTEEL,2026-01-27,202.0,0.28,1221000.0,1485000.0,0.0,0.0,0.0,182.45,184.39,181.1,-0.431,2026-01-13 23:17,171938
TATASTEEL,2026-01-27,204.0,0.23,1886500.0,1479500.0,0.0,0.0,0.0,182.45,184.39,181.1,-0.431,2026-01-13 23:17,196041
TATASTEEL,2026-01-27,206.0,0.18,1006500.0,962500.0,0.0,0.0,0.0,182.45,184.39,181.1,-0.431,2026-01-13 23:17,220531
TATASTEEL,2026-01-27,208.0,0.15,390500.0,379500.0,0.0,0.0,0.0,182.45,184.39,181.1,-0.431,2026-01-13 23:17,245197
TATASTEEL,2026-01-27,210.0,0.12,9157500.0,3195500.0,26.34,451000.0,0.0,182.45,184.39,181.1,-0.431,2026-01-13 23:17,269928
TATATECH,2026-01-27,540.0,0.0,0.0,0.0,0.15,15200.0,0.0,659.85,661.7,647.5,1.095,2026-01-13 23:17,50725
TATATECH,2026-01-27,550.0,0.0,0.0,0.0,0.5,800.0,0.0,659.85,661.7,647.5,1.095,2026-01-13 23:17,45468
TATATECH,2026-01-27,560.0,0.0,0.0,0.0,0.0,0.0,0.0,659.85,661.7,647.5,1.095,2026-01-13 23:17,40212
TATATECH,2026-01-27,570.0,0.0,0.0,0.0,0.65,22400.0,0.0,659.85,661.7,647.5,1.095,2026-01-13 23:17,34956
TATATECH,2026-01-27,580.0,76.8,4000.0,0.0,0.5,139200.0,27200.0,659.85,661.7,647.5,1.095,2026-01-13 23:17,29720
TATATECH,2026-01-27,585.0,0.0,0.0,0.0,0.0,0.0,0.0,659.85,661.7,647.5,1.095,2026-01-13 23:17,27199
TATATECH,2026-01-27,590.0,0.0,0.0,0.0,0.85,114400.0,100000.0,659.85,661.7,647.5,1.095,2026-01-13 23:17,24654
TATATECH,2026-01-27,595.0,0.0,0.0,0.0,1.9,2400.0,0.0,659.85,661.7,647.5,1.095,2026-01-13 23:17,22156
TATATECH,2026-01-27,600.0,62.0,19200.0,4800.0,0.95,263200.0,167200.0,659.85,661.7,647.5,1.095,2026-01-13 23:17,19669
TATATECH,2026-01-27,605.0,0.0,0.0,0.0,0.85,0.0,1600.0,659.85,661.7,647.5,1.095,2026-01-13 23:17,17417
TATATECH,2026-01-27,610.0,74.95,4000.0,0.0,1.5,288800.0,109600.0,659.85,661.7,647.5,1.095,2026-01-13 23:17,15072
TATATECH,2026-01-27,615.0,0.0,0.0,0.0,1.9,157600.0,49600.0,659.85,661.7,647.5,1.095,2026-01-13 23:17,12859
TATATECH,2026-01-27,620.0,39.05,9600.0,0.0,2.45,415200.0,266400.0,659.85,661.7,647.5,1.095,2026-01-13 23:17,10709
TATATECH,2026-01-27,625.0,34.15,5600.0,0.0,3.15,112000.0,100800.0,659.85,661.7,647.5,1.095,2026-01-13 23:17,8737
TATATECH,2026-01-27,630.0,35.8,78400.0,52000.0,4.25,281600.0,188800.0,659.85,661.7,647.5,1.095,2026-01-13 23:17,6871
TATATECH,2026-01-27,635.0,28.45,2400.0,0.0,4.8,62400.0,8000.0,659.85,661.7,647.5,1.095,2026-01-13 23:17,5363
TATATECH,2026-01-27,640.0,28.95,70400.0,22400.0,6.4,420800.0,284000.0,659.85,661.7,647.5,1.095,2026-01-13 23:17,3703
TATATECH,2026-01-27,645.0,26.55,36000.0,15200.0,6.6,92000.0,22400.0,659.85,661.7,647.5,1.095,2026-01-13 23:17,2246
TATATECH,2026-01-27,650.0,22.85,409600.0,544800.0,9.75,503200.0,383200.0,659.85,661.7,647.5,1.095,2026-01-13 23:17,954
TATATECH,2026-01-27,655.0,19.4,171200.0,201600.0,11.95,117600.0,60000.0,659.85,661.7,647.5,1.095,2026-01-13 23:17,529
TATATECH,2026-01-27,660.0,17.05,1194400.0,2550400.0,14.65,382400.0,247200.0,659.85,661.7,647.5,1.095,2026-01-13 23:17,-5
TATATECH,2026-01-27,665.0,14.75,89600.0,164800.0,16.55,61600.0,34400.0,659.85,661.7,647.5,1.095,2026-01-13 23:17,1532
TATATECH,2026-01-27,670.0,12.35,460800.0,621600.0,19.15,328000.0,59200.0,659.85,661.7,647.5,1.095,2026-01-13 23:17,1700
TATATECH,2026-01-27,675.0,10.6,316000.0,171200.0,24.5,211200.0,9600.0,659.85,661.7,647.5,1.095,2026-01-13 23:17,2173
TATATECH,2026-01-27,680.0,8.35,1099200.0,1105600.0,24.6,385600.0,28000.0,659.85,661.7,647.5,1.095,2026-01-13 23:17,2786
TATATECH,2026-01-27,685.0,7.2,159200.0,120800.0,32.0,144000.0,800.0,659.85,661.7,647.5,1.095,2026-01-13 23:17,4293
TATATECH,2026-01-27,690.0,5.95,463200.0,408000.0,33.55,120000.0,100000.0,659.85,661.7,647.5,1.095,2026-01-13 23:17,5637
TATATECH,2026-01-27,695.0,4.95,70400.0,84800.0,37.6,19200.0,800.0,659.85,661.7,647.5,1.095,2026-01-13 23:17,7491
TATATECH,2026-01-27,700.0,4.25,1505600.0,941600.0,41.0,373600.0,9600.0,659.85,661.7,647.5,1.095,2026-01-13 23:17,9479
TATATECH,2026-01-27,705.0,3.55,152800.0,41600.0,31.95,800.0,0.0,659.85,661.7,647.5,1.095,2026-01-13 23:17,11553
TATATECH,2026-01-27,710.0,3.0,337600.0,96800.0,40.8,24000.0,0.0,659.85,661.7,647.5,1.095,2026-01-13 23:17,14647
TATATECH,2026-01-27,715.0,2.6,196800.0,8000.0,0.0,0.0,0.0,659.85,661.7,647.5,1.095,2026-01-13 23:17,17874
TATATECH,2026-01-27,720.0,2.15,511200.0,240000.0,68.0,67200.0,0.0,659.85,661.7,647.5,1.095,2026-01-13 23:17,21247
TATATECH,2026-01-27,725.0,1.0,72000.0,0.0,57.1,800.0,0.0,659.85,661.7,647.5,1.095,2026-01-13 23:17,24510
TATATECH,2026-01-27,730.0,1.6,337600.0,85600.0,71.6,15200.0,1600.0,659.85,661.7,647.5,1.095,2026-01-13 23:17,28160
TATATECH,2026-01-27,735.0,0.85,5600.0,800.0,0.0,0.0,0.0,659.85,661.7,647.5,1.095,2026-01-13 23:17,31929
TATATECH,2026-01-27,740.0,1.5,243200.0,17600.0,76.65,16800.0,0.0,659.85,661.7,647.5,1.095,2026-01-13 23:17,35756
TATATECH,2026-01-27,745.0,0.0,0.0,0.0,0.0,0.0,0.0,659.85,661.7,647.5,1.095,2026-01-13 23:17,39620
TATATECH,2026-01-27,750.0,1.0,965600.0,318400.0,94.05,51200.0,0.0,659.85,661.7,647.5,1.095,2026-01-13 23:17,43576
TATATECH,2026-01-27,755.0,0.35,7200.0,0.0,0.0,0.0,0.0,659.85,661.7,647.5,1.095,2026-01-13 23:17,47656
TATATECH,2026-01-27,760.0,0.75,176000.0,28000.0,115.1,4000.0,0.0,659.85,661.7,647.5,1.095,2026-01-13 23:17,52125
TATATECH,2026-01-27,765.0,0.0,0.0,0.0,0.0,0.0,0.0,659.85,661.7,647.5,1.095,2026-01-13 23:17,56650
TATATECH,2026-01-27,770.0,0.0,0.0,0.0,0.0,0.0,0.0,659.85,661.7,647.5,1.095,2026-01-13 23:17,61209
TATATECH,2026-01-27,775.0,1.6,2400.0,0.0,0.0,0.0,0.0,659.85,661.7,647.5,1.095,2026-01-13 23:17,65767
TATATECH,2026-01-27,780.0,0.55,88800.0,35200.0,134.8,4000.0,0.0,659.85,661.7,647.5,1.095,2026-01-13 23:17,70327
TATATECH,2026-01-27,800.0,0.4,302400.0,147200.0,136.05,53600.0,0.0,659.85,661.7,647.5,1.095,2026-01-13 23:17,88702
TCS,2026-01-27,2640.0,568.45,13125.0,175.0,0.0,0.0,0.0,3263.0,3280.0,3210.5,0.722,2026-01-13 23:17,357314
TCS,2026-01-27,2720.0,0.0,0.0,0.0,1.15,26775.0,30450.0,3263.0,3280.0,3210.5,0.722,2026-01-13 23:17,299394
TCS,2026-01-27,2760.0,484.4,525.0,175.0,1.0,22225.0,8925.0,3263.0,3280.0,3210.5,0.722,2026-01-13 23:17,270166
TCS,2026-01-27,2800.0,446.5,1400.0,0.0,1.0,119350.0,191800.0,3263.0,3280.0,3210.5,0.722,2026-01-13 23:17,241054
TCS,2026-01-27,2840.0,0.0,0.0,0.0,1.05,60550.0,178325.0,3263.0,3280.0,3210.5,0.722,2026-01-13 23:17,212453
TCS,2026-01-27,2880.0,0.0,0.0,0.0,1.35,49875.0,127750.0,3263.0,3280.0,3210.5,0.722,2026-01-13 23:17,184037
TCS,2026-01-27,2900.0,319.0,3325.0,350.0,1.4,259700.0,668500.0,3263.0,3280.0,3210.5,0.722,2026-01-13 23:17,169925
TCS,2026-01-27,2920.0,253.5,700.0,350.0,1.65,53550.0,195125.0,3263.0,3280.0,3210.5,0.722,2026-01-13 23:17,156416
TCS,2026-01-27,2940.0,0.0,0.0,0.0,2.0,105350.0,200550.0,3263.0,3280.0,3210.5,0.722,2026-01-13 23:17,142955
TCS,2026-01-27,2960.0,288.25,2975.0,0.0,2.25,114275.0,226625.0,3263.0,3280.0,3210.5,0.722,2026-01-13 23:17,129674
TCS,2026-01-27,2980.0,268.9,175.0,0.0,2.7,91700.0,375900.0,3263.0,3280.0,3210.5,0.722,2026-01-13 23:17,116709
TCS,2026-01-27,3000.0,215.0,140525.0,17500.0,3.25,684775.0,2777600.0,3263.0,3280.0,3210.5,0.722,2026-01-13 23:17,103847
TCS,2026-01-27,3020.0,186.85,1050.0,1575.0,4.1,120925.0,386225.0,3263.0,3280.0,3210.5,0.722,2026-01-13 23:17,95455
TCS,2026-01-27,3040.0,166.1,14525.0,6125.0,5.2,145950.0,481075.0,3263.0,3280.0,3210.5,0.722,2026-01-13 23:17,84478
TCS,2026-01-27,3060.0,168.6,12775.0,3675.0,6.6,124250.0,479325.0,3263.0,3280.0,3210.5,0.722,2026-01-13 23:17,74017
TCS,2026-01-27,3080.0,142.55,18200.0,9100.0,8.55,209475.0,766500.0,3263.0,3280.0,3210.5,0.722,2026-01-13 23:17,63799
TCS,2026-01-27,3100.0,124.8,153650.0,287700.0,10.75,748475.0,4503975.0,3263.0,3280.0,3210.5,0.722,2026-01-13 23:17,53982
TCS,2026-01-27,3120.0,105.05,27125.0,70700.0,14.0,181125.0,1538425.0,3263.0,3280.0,3210.5,0.722,2026-01-13 23:17,47003
TCS,2026-01-27,3140.0,89.2,40075.0,183925.0,18.05,214375.0,1826825.0,3263.0,3280.0,3210.5,0.722,2026-01-13 23:17,39359
TCS,2026-01-27,3160.0,76.5,57400.0,443100.0,23.3,284375.0,1713600.0,3263.0,3280.0,3210.5,0.722,2026-01-13 23:17,32162
TCS,2026-01-27,3180.0,62.75,110075.0,817425.0,29.7,257600.0,1781850.0,3263.0,3280.0,3210.5,0.722,2026-01-13 23:17,25455
TCS,2026-01-27,3200.0,50.0,851375.0,5107900.0,37.4,1100925.0,4767350.0,3263.0,3280.0,3210.5,0.722,2026-01-13 23:17,19633
TCS,2026-01-27,3220.0,39.5,355775.0,3409700.0,46.4,262675.0,1911700.0,3263.0,3280.0,3210.5,0.722,2026-01-13 23:17,17929
TCS,2026-01-27,3240.0,31.0,586600.0,5504625.0,58.0,288400.0,1514975.0,3263.0,3280.0,3210.5,0.722,2026-01-13 23:17,17509
TCS,2026-01-27,3260.0,24.35,1110900.0,5632725.0,71.2,200550.0,681800.0,3263.0,3280.0,3210.5,0.722,2026-01-13 23:17,18798
TCS,2026-01-27,3280.0,18.8,945350.0,3020150.0,85.0,136500.0,176225.0,3263.0,3280.0,3210.5,0.722,2026-01-13 23:17,23841
TCS,2026-01-27,3300.0,14.9,2951200.0,11860100.0,100.35,515550.0,399350.0,3263.0,3280.0,3210.5,0.722,2026-01-13 23:17,30389
TCS,2026-01-27,3320.0,11.35,360150.0,2098775.0,118.0,102200.0,12950.0,3263.0,3280.0,3210.5,0.722,2026-01-13 23:17,42476
TCS,2026-01-27,3340.0,8.8,917525.0,1790775.0,139.15,51100.0,13475.0,3263.0,3280.0,3210.5,0.722,2026-01-13 23:17,55467
TCS,2026-01-27,3360.0,7.15,370125.0,1381100.0,149.0,36225.0,4900.0,3263.0,3280.0,3210.5,0.722,2026-01-13 23:17,71289
TCS,2026-01-27,3380.0,5.95,198625.0,1108100.0,174.0,12075.0,3150.0,3263.0,3280.0,3210.5,0.722,2026-01-13 23:17,87552
TCS,2026-01-27,3400.0,4.85,1572725.0,4807950.0,190.9,293650.0,17850.0,3263.0,3280.0,3210.5,0.722,2026-01-13 23:17,104420
TCS,2026-01-27,3420.0,4.0,149450.0,927325.0,210.85,7175.0,350.0,3263.0,3280.0,3210.5,0.722,2026-01-13 23:17,120269
TCS,2026-01-27,3440.0,3.5,184800.0,576800.0,200.65,13300.0,0.0,3263.0,3280.0,3210.5,0.722,2026-01-13 23:17,141183
TCS,2026-01-27,3460.0,3.05,304500.0,480200.0,240.0,6475.0,3675.0,3263.0,3280.0,3210.5,0.722,2026-01-13 23:17,162383
TCS,2026-01-27,3480.0,2.7,139650.0,315175.0,237.05,22925.0,0.0,3263.0,3280.0,3210.5,0.722,2026-01-13 23:17,184344
TCS,2026-01-27,3500.0,2.35,862575.0,1812475.0,281.0,57225.0,0.0,3263.0,3280.0,3210.5,0.722,2026-01-13 23:17,206187
TCS,2026-01-27,3520.0,2.0,170100.0,336000.0,274.75,19950.0,0.0,3263.0,3280.0,3210.5,0.722,2026-01-13 23:17,228970
TCS,2026-01-27,3540.0,1.7,117950.0,150500.0,0.0,0.0,0.0,3263.0,3280.0,3210.5,0.722,2026-01-13 23:17,253025
TCS,2026-01-27,3560.0,1.05,323925.0,282450.0,363.7,95900.0,1925.0,3263.0,3280.0,3210.5,0.722,2026-01-13 23:17,277849
TCS,2026-01-27,3600.0,1.1,424025.0,335475.0,394.95,173775.0,525.0,3263.0,3280.0,3210.5,0.722,2026-01-13 23:17,325684
TCS,2026-01-27,3640.0,1.05,51625.0,87150.0,392.0,20825.0,0.0,3263.0,3280.0,3210.5,0.722,2026-01-13 23:17,372547
TCS,2026-01-27,3680.0,0.85,37100.0,28175.0,462.0,6300.0,0.0,3263.0,3280.0,3210.5,0.722,2026-01-13 23:17,425705
TCS,2026-01-27,3720.0,0.8,46200.0,20300.0,460.0,24325.0,175.0,3263.0,3280.0,3210.5,0.722,2026-01-13 23:17,479560
TCS,2026-01-27,3760.0,0.65,10675.0,9800.0,511.3,1750.0,0.0,3263.0,3280.0,3210.5,0.722,2026-01-13 23:17,532870
TCS,2026-01-27,3800.0,0.45,68075.0,89950.0,578.05,21875.0,0.0,3263.0,3280.0,3210.5,0.722,2026-01-13 23:17,587256
TECHM,2026-01-27,1120.0,0.0,0.0,0.0,0.05,1800.0,0.0,1610.0,1622.9,1582.0,1.507,2026-01-13 23:17,115544
TECHM,2026-01-27,1280.0,0.0,0.0,0.0,0.65,4800.0,0.0,1610.0,1622.9,1582.0,1.507,2026-01-13 23:17,66373
TECHM,2026-01-27,1320.0,253.5,9600.0,0.0,0.45,16800.0,1800.0,1610.0,1622.9,1582.0,1.507,2026-01-13 23:17,54099
TECHM,2026-01-27,1360.0,0.0,0.0,0.0,1.65,32400.0,0.0,1610.0,1622.9,1582.0,1.507,2026-01-13 23:17,42173
TECHM,2026-01-27,1400.0,200.7,14400.0,3600.0,1.0,109200.0,37800.0,1610.0,1622.9,1582.0,1.507,2026-01-13 23:17,30130
TECHM,2026-01-27,1420.0,0.0,0.0,0.0,1.3,148200.0,18000.0,1610.0,1622.9,1582.0,1.507,2026-01-13 23:17,24636
TECHM,2026-01-27,1440.0,155.0,1800.0,0.0,1.75,311400.0,127200.0,1610.0,1622.9,1582.0,1.507,2026-01-13 23:17,19141
TECHM,2026-01-27,1460.0,132.25,10200.0,0.0,2.75,129000.0,163200.0,1610.0,1622.9,1582.0,1.507,2026-01-13 23:17,14265
TECHM,2026-01-27,1480.0,142.0,4800.0,1800.0,4.2,94200.0,112200.0,1610.0,1622.9,1582.0,1.507,2026-01-13 23:17,9794
TECHM,2026-01-27,1500.0,123.0,76200.0,10800.0,5.9,447000.0,475800.0,1610.0,1622.9,1582.0,1.507,2026-01-13 23:17,5449
TECHM,2026-01-27,1520.0,83.35,9600.0,0.0,8.35,143400.0,167400.0,1610.0,1622.9,1582.0,1.507,2026-01-13 23:17,2796
TECHM,2026-01-27,1540.0,87.05,12000.0,1800.0,11.7,196200.0,227400.0,1610.0,1622.9,1582.0,1.507,2026-01-13 23:17,-263
TECHM,2026-01-27,1560.0,74.5,66000.0,38400.0,16.1,244200.0,355800.0,1610.0,1622.9,1582.0,1.507,2026-01-13 23:17,-2992
TECHM,2026-01-27,1580.0,58.8,139200.0,406200.0,22.35,209400.0,513000.0,1610.0,1622.9,1582.0,1.507,2026-01-13 23:17,-4877
TECHM,2026-01-27,1600.0,45.65,580200.0,2361600.0,30.25,450600.0,818400.0,1610.0,1622.9,1582.0,1.507,2026-01-13 23:17,-5813
TECHM,2026-01-27,1620.0,35.55,819000.0,2528400.0,39.4,286800.0,251400.0,1610.0,1622.9,1582.0,1.507,2026-01-13 23:17,-3752
TECHM,2026-01-27,1640.0,26.7,443400.0,1083600.0,51.1,121200.0,52200.0,1610.0,1622.9,1582.0,1.507,2026-01-13 23:17,1015
TECHM,2026-01-27,1660.0,19.65,462000.0,798000.0,65.6,41400.0,8400.0,1610.0,1622.9,1582.0,1.507,2026-01-13 23:17,5696
TECHM,2026-01-27,1680.0,14.15,280200.0,913800.0,76.0,30000.0,4200.0,1610.0,1622.9,1582.0,1.507,2026-01-13 23:17,11455
TECHM,2026-01-27,1700.0,9.8,370800.0,891600.0,92.5,30000.0,18600.0,1610.0,1622.9,1582.0,1.507,2026-01-13 23:17,17367
TECHM,2026-01-27,1720.0,6.9,178800.0,249600.0,133.35,6600.0,0.0,1610.0,1622.9,1582.0,1.507,2026-01-13 23:17,23997
TECHM,2026-01-27,1740.0,4.7,192000.0,400800.0,151.95,600.0,0.0,1610.0,1622.9,1582.0,1.507,2026-01-13 23:17,30948
TECHM,2026-01-27,1760.0,3.2,255600.0,330000.0,171.05,600.0,0.0,1610.0,1622.9,1582.0,1.507,2026-01-13 23:17,38330
TECHM,2026-01-27,1780.0,2.3,144600.0,125400.0,0.0,0.0,0.0,1610.0,1622.9,1582.0,1.507,2026-01-13 23:17,46215
TECHM,2026-01-27,1800.0,1.2,674400.0,322800.0,210.05,9000.0,0.0,1610.0,1622.9,1582.0,1.507,2026-01-13 23:17,54351
TECHM,2026-01-27,1840.0,0.65,3600.0,6000.0,0.0,0.0,0.0,1610.0,1622.9,1582.0,1.507,2026-01-13 23:17,73181
TECHM,2026-01-27,1880.0,0.15,7800.0,600.0,258.0,10200.0,3000.0,1610.0,1622.9,1582.0,1.507,2026-01-13 23:17,92134
TIINDIA,2026-01-27,2000.0,0.0,0.0,0.0,0.0,0.0,0.0,2381.8,2447.2,2360.1,-1.117,2026-01-13 23:17,38836
TIINDIA,2026-01-27,2040.0,0.0,0.0,0.0,0.0,0.0,0.0,2381.8,2447.2,2360.1,-1.117,2026-01-13 23:17,35594
TIINDIA,2026-01-27,2080.0,0.0,0.0,0.0,0.0,0.0,0.0,2381.8,2447.2,2360.1,-1.117,2026-01-13 23:17,32351
TIINDIA,2026-01-27,2100.0,344.6,800.0,1400.0,3.55,24400.0,23200.0,2381.8,2447.2,2360.1,-1.117,2026-01-13 23:17,30730
TIINDIA,2026-01-27,2120.0,0.0,0.0,0.0,0.0,0.0,0.0,2381.8,2447.2,2360.1,-1.117,2026-01-13 23:17,29178
TIINDIA,2026-01-27,2160.0,0.0,0.0,0.0,6.75,400.0,0.0,2381.8,2447.2,2360.1,-1.117,2026-01-13 23:17,26037
TIINDIA,2026-01-27,2180.0,0.0,0.0,0.0,0.0,0.0,0.0,2381.8,2447.2,2360.1,-1.117,2026-01-13 23:17,24466
TIINDIA,2026-01-27,2200.0,190.65,3400.0,0.0,7.75,52800.0,58400.0,2381.8,2447.2,2360.1,-1.117,2026-01-13 23:17,22896
TIINDIA,2026-01-27,2220.0,0.0,0.0,0.0,0.0,0.0,0.0,2381.8,2447.2,2360.1,-1.117,2026-01-13 23:17,21463
TIINDIA,2026-01-27,2240.0,0.0,0.0,0.0,0.0,0.0,0.0,2381.8,2447.2,2360.1,-1.117,2026-01-13 23:17,20005
TIINDIA,2026-01-27,2260.0,0.0,0.0,0.0,14.25,11000.0,11800.0,2381.8,2447.2,2360.1,-1.117,2026-01-13 23:17,18547
TIINDIA,2026-01-27,2280.0,0.0,0.0,0.0,17.55,18800.0,42000.0,2381.8,2447.2,2360.1,-1.117,2026-01-13 23:17,17096
TIINDIA,2026-01-27,2300.0,103.95,2000.0,800.0,22.85,35400.0,44400.0,2381.8,2447.2,2360.1,-1.117,2026-01-13 23:17,15665
TIINDIA,2026-01-27,2320.0,0.0,0.0,0.0,27.05,800.0,0.0,2381.8,2447.2,2360.1,-1.117,2026-01-13 23:17,14282
TIINDIA,2026-01-27,2340.0,0.0,0.0,0.0,0.0,0.0,0.0,2381.8,2447.2,2360.1,-1.117,2026-01-13 23:17,12958
TIINDIA,2026-01-27,2350.0,0.0,0.0,0.0,36.65,40800.0,26800.0,2381.8,2447.2,2360.1,-1.117,2026-01-13 23:17,12297
TIINDIA,2026-01-27,2360.0,75.0,200.0,0.0,43.25,5000.0,6800.0,2381.8,2447.2,2360.1,-1.117,2026-01-13 23:17,11528
TIINDIA,2026-01-27,2380.0,62.05,18800.0,39600.0,51.9,16200.0,19800.0,2381.8,2447.2,2360.1,-1.117,2026-01-13 23:17,10278
TIINDIA,2026-01-27,2400.0,47.0,66200.0,122800.0,61.2,44000.0,66400.0,2381.8,2447.2,2360.1,-1.117,2026-01-13 23:17,9151
TIINDIA,2026-01-27,2420.0,40.95,9600.0,4000.0,73.95,2600.0,4000.0,2381.8,2447.2,2360.1,-1.117,2026-01-13 23:17,8254
TIINDIA,2026-01-27,2440.0,30.0,6600.0,17000.0,90.0,1600.0,2000.0,2381.8,2447.2,2360.1,-1.117,2026-01-13 23:17,7359
TIINDIA,2026-01-27,2460.0,27.55,32800.0,23400.0,90.3,10800.0,2600.0,2381.8,2447.2,2360.1,-1.117,2026-01-13 23:17,6466
TIINDIA,2026-01-27,2480.0,22.35,28000.0,9000.0,125.0,9600.0,200.0,2381.8,2447.2,2360.1,-1.117,2026-01-13 23:17,5648
TIINDIA,2026-01-27,2500.0,16.3,119600.0,248000.0,126.5,219400.0,10600.0,2381.8,2447.2,2360.1,-1.117,2026-01-13 23:17,4854
TIINDIA,2026-01-27,2520.0,13.85,13600.0,4200.0,141.8,5400.0,0.0,2381.8,2447.2,2360.1,-1.117,2026-01-13 23:17,2216
TIINDIA,2026-01-27,2540.0,10.4,27200.0,17800.0,152.7,12000.0,200.0,2381.8,2447.2,2360.1,-1.117,2026-01-13 23:17,2138
TIINDIA,2026-01-27,2550.0,10.5,37600.0,12200.0,171.0,33800.0,1200.0,2381.8,2447.2,2360.1,-1.117,2026-01-13 23:17,2012
TIINDIA,2026-01-27,2560.0,8.35,48600.0,38600.0,158.3,22600.0,0.0,2381.8,2447.2,2360.1,-1.117,2026-01-13 23:17,1574
TIINDIA,2026-01-27,2580.0,8.05,23600.0,11200.0,194.0,5200.0,0.0,2381.8,2447.2,2360.1,-1.117,2026-01-13 23:17,1601
TIINDIA,2026-01-27,2600.0,6.7,245600.0,122600.0,230.0,109400.0,2800.0,2381.8,2447.2,2360.1,-1.117,2026-01-13 23:17,1920
TIINDIA,2026-01-27,2620.0,5.6,23200.0,10000.0,220.85,4800.0,0.0,2381.8,2447.2,2360.1,-1.117,2026-01-13 23:17,680
TIINDIA,2026-01-27,2640.0,5.7,19800.0,5200.0,238.15,3600.0,0.0,2381.8,2447.2,2360.1,-1.117,2026-01-13 23:17,1754
TIINDIA,2026-01-27,2650.0,5.2,45600.0,13000.0,247.8,27400.0,0.0,2381.8,2447.2,2360.1,-1.117,2026-01-13 23:17,2286
TIINDIA,2026-01-27,2660.0,4.7,9800.0,10800.0,286.25,1200.0,0.0,2381.8,2447.2,2360.1,-1.117,2026-01-13 23:17,2311
TIINDIA,2026-01-27,2680.0,6.0,12600.0,1800.0,0.0,0.0,0.0,2381.8,2447.2,2360.1,-1.117,2026-01-13 23:17,3663
TIINDIA,2026-01-27,2700.0,3.8,151600.0,68800.0,300.0,21800.0,1800.0,2381.8,2447.2,2360.1,-1.117,2026-01-13 23:17,5078
TIINDIA,2026-01-27,2720.0,0.0,0.0,0.0,0.0,0.0,0.0,2381.8,2447.2,2360.1,-1.117,2026-01-13 23:17,6236
TIINDIA,2026-01-27,2740.0,4.95,400.0,0.0,0.0,0.0,0.0,2381.8,2447.2,2360.1,-1.117,2026-01-13 23:17,7990
TIINDIA,2026-01-27,2750.0,3.45,19000.0,3200.0,339.05,3800.0,0.0,2381.8,2447.2,2360.1,-1.117,2026-01-13 23:17,8867
TIINDIA,2026-01-27,2760.0,0.0,0.0,0.0,0.0,0.0,0.0,2381.8,2447.2,2360.1,-1.117,2026-01-13 23:17,9645
TIINDIA,2026-01-27,2780.0,3.2,600.0,0.0,0.0,0.0,0.0,2381.8,2447.2,2360.1,-1.117,2026-01-13 23:17,11446
TIINDIA,2026-01-27,2800.0,2.5,84200.0,93000.0,387.05,32000.0,0.0,2381.8,2447.2,2360.1,-1.117,2026-01-13 23:17,13247
TIINDIA,2026-01-27,2820.0,0.0,0.0,0.0,0.0,0.0,0.0,2381.8,2447.2,2360.1,-1.117,2026-01-13 23:17,14064
TIINDIA,2026-01-27,2840.0,0.0,0.0,0.0,0.0,0.0,0.0,2381.8,2447.2,2360.1,-1.117,2026-01-13 23:17,16098
TIINDIA,2026-01-27,2850.0,0.0,0.0,0.0,435.8,4000.0,0.0,2381.8,2447.2,2360.1,-1.117,2026-01-13 23:17,17115
TIINDIA,2026-01-27,2860.0,1.3,1200.0,0.0,0.0,0.0,0.0,2381.8,2447.2,2360.1,-1.117,2026-01-13 23:17,17962
TIINDIA,2026-01-27,2880.0,0.0,0.0,0.0,0.0,0.0,0.0,2381.8,2447.2,2360.1,-1.117,2026-01-13 23:17,20006
TIINDIA,2026-01-27,2900.0,2.2,52000.0,400.0,485.0,13200.0,0.0,2381.8,2447.2,2360.1,-1.117,2026-01-13 23:17,22050
TIINDIA,2026-01-27,2920.0,0.0,0.0,0.0,0.0,0.0,0.0,2381.8,2447.2,2360.1,-1.117,2026-01-13 23:17,23597
TIINDIA,2026-01-27,2950.0,0.45,600.0,0.0,534.55,600.0,0.0,2381.8,2447.2,2360.1,-1.117,2026-01-13 23:17,26859
TIINDIA,2026-01-27,2960.0,0.0,0.0,0.0,0.0,0.0,0.0,2381.8,2447.2,2360.1,-1.117,2026-01-13 23:17,27915
TIINDIA,2026-01-27,3000.0,1.5,28200.0,600.0,584.2,12600.0,0.0,2381.8,2447.2,2360.1,-1.117,2026-01-13 23:17,32270
TIINDIA,2026-01-27,3040.0,0.0,0.0,0.0,0.0,0.0,0.0,2381.8,2447.2,2360.1,-1.117,2026-01-13 23:17,36055
TIINDIA,2026-01-27,3050.0,0.1,1600.0,0.0,0.0,0.0,0.0,2381.8,2447.2,2360.1,-1.117,2026-01-13 23:17,37185
TIINDIA,2026-01-27,3100.0,0.05,600.0,0.0,683.8,800.0,0.0,2381.8,2447.2,2360.1,-1.117,2026-01-13 23:17,42840
TIINDIA,2026-01-27,3150.0,0.05,5400.0,0.0,733.65,800.0,0.0,2381.8,2447.2,2360.1,-1.117,2026-01-13 23:17,48447
TIINDIA,2026-01-27,3200.0,0.05,400.0,0.0,783.55,400.0,0.0,2381.8,2447.2,2360.1,-1.117,2026-01-13 23:17,54081
TIINDIA,2026-01-27,3250.0,0.0,0.0,0.0,833.4,400.0,0.0,2381.8,2447.2,2360.1,-1.117,2026-01-13 23:17,59747
TIINDIA,2026-01-27,3300.0,0.05,400.0,0.0,883.3,800.0,0.0,2381.8,2447.2,2360.1,-1.117,2026-01-13 23:17,65413
TIINDIA,2026-01-27,3400.0,0.05,200.0,0.0,983.05,400.0,0.0,2381.8,2447.2,2360.1,-1.117,2026-01-13 23:17,76752
TIINDIA,2026-01-27,3600.0,0.05,3600.0,0.0,0.0,0.0,0.0,2381.8,2447.2,2360.1,-1.117,2026-01-13 23:17,99545
TITAN,2026-01-27,3280.0,0.0,0.0,0.0,0.05,175.0,0.0,4233.5,4267.6,4210.0,0.045,2026-01-13 23:17,245694
TITAN,2026-01-27,3320.0,919.7,1400.0,0.0,0.05,175.0,0.0,4233.5,4267.6,4210.0,0.045,2026-01-13 23:17,230541
TITAN,2026-01-27,3520.0,0.0,0.0,0.0,0.8,11550.0,3150.0,4233.5,4267.6,4210.0,0.045,2026-01-13 23:17,154941
TITAN,2026-01-27,3560.0,0.0,0.0,0.0,0.0,0.0,0.0,4233.5,4267.6,4210.0,0.045,2026-01-13 23:17,139840
TITAN,2026-01-27,3600.0,640.45,5075.0,0.0,0.8,85400.0,77175.0,4233.5,4267.6,4210.0,0.045,2026-01-13 23:17,124740
TITAN,2026-01-27,3620.0,0.0,0.0,0.0,1.4,5250.0,1050.0,4233.5,4267.6,4210.0,0.045,2026-01-13 23:17,117690
TITAN,2026-01-27,3640.0,0.0,0.0,0.0,0.75,40600.0,0.0,4233.5,4267.6,4210.0,0.045,2026-01-13 23:17,110331
TITAN,2026-01-27,3660.0,0.0,0.0,0.0,1.0,8925.0,0.0,4233.5,4267.6,4210.0,0.045,2026-01-13 23:17,103050
TITAN,2026-01-27,3680.0,0.0,0.0,0.0,0.8,123200.0,1750.0,4233.5,4267.6,4210.0,0.045,2026-01-13 23:17,95790
TITAN,2026-01-27,3700.0,540.85,51800.0,0.0,1.5,80150.0,5425.0,4233.5,4267.6,4210.0,0.045,2026-01-13 23:17,88767
TITAN,2026-01-27,3720.0,0.0,0.0,0.0,1.6,8575.0,10675.0,4233.5,4267.6,4210.0,0.045,2026-01-13 23:17,84808
TITAN,2026-01-27,3740.0,501.15,875.0,0.0,1.65,11200.0,700.0,4233.5,4267.6,4210.0,0.045,2026-01-13 23:17,78075
TITAN,2026-01-27,3760.0,0.0,0.0,0.0,1.8,11375.0,2625.0,4233.5,4267.6,4210.0,0.045,2026-01-13 23:17,71409
TITAN,2026-01-27,3780.0,0.0,0.0,0.0,2.2,87500.0,0.0,4233.5,4267.6,4210.0,0.045,2026-01-13 23:17,64722
TITAN,2026-01-27,3800.0,444.35,82775.0,0.0,2.3,163800.0,81550.0,4233.5,4267.6,4210.0,0.045,2026-01-13 23:17,58193
TITAN,2026-01-27,3820.0,422.3,700.0,0.0,2.3,29400.0,0.0,4233.5,4267.6,4210.0,0.045,2026-01-13 23:17,55816
TITAN,2026-01-27,3840.0,402.8,175.0,0.0,2.6,10325.0,1575.0,4233.5,4267.6,4210.0,0.045,2026-01-13 23:17,49882
TITAN,2026-01-27,3860.0,383.45,175.0,0.0,2.2,22575.0,0.0,4233.5,4267.6,4210.0,0.045,2026-01-13 23:17,43951
TITAN,2026-01-27,3880.0,364.2,1050.0,0.0,4.3,21175.0,14700.0,4233.5,4267.6,4210.0,0.045,2026-01-13 23:17,38063
TITAN,2026-01-27,3900.0,335.0,78400.0,0.0,3.4,308700.0,116025.0,4233.5,4267.6,4210.0,0.045,2026-01-13 23:17,32246
TITAN,2026-01-27,3920.0,315.8,12950.0,0.0,3.1,28700.0,6475.0,4233.5,4267.6,4210.0,0.045,2026-01-13 23:17,29696
TITAN,2026-01-27,3940.0,300.05,28350.0,350.0,3.75,43225.0,7875.0,4233.5,4267.6,4210.0,0.045,2026-01-13 23:17,25108
TITAN,2026-01-27,3960.0,218.0,22750.0,0.0,4.15,78575.0,6300.0,4233.5,4267.6,4210.0,0.045,2026-01-13 23:17,21097
TITAN,2026-01-27,3980.0,220.0,22925.0,0.0,5.15,56175.0,30975.0,4233.5,4267.6,4210.0,0.045,2026-01-13 23:17,16918
TITAN,2026-01-27,4000.0,235.0,216125.0,4725.0,6.1,561925.0,220675.0,4233.5,4267.6,4210.0,0.045,2026-01-13 23:17,12909
TITAN,2026-01-27,4020.0,220.5,29750.0,175.0,7.0,81025.0,26250.0,4233.5,4267.6,4210.0,0.045,2026-01-13 23:17,14717
TITAN,2026-01-27,4040.0,206.55,43575.0,0.0,8.65,110075.0,59325.0,4233.5,4267.6,4210.0,0.045,2026-01-13 23:17,12610
TITAN,2026-01-27,4060.0,192.0,43925.0,2975.0,10.1,97300.0,58450.0,4233.5,4267.6,4210.0,0.045,2026-01-13 23:17,11016
TITAN,2026-01-27,4080.0,181.15,53725.0,0.0,12.0,84875.0,35175.0,4233.5,4267.6,4210.0,0.045,2026-01-13 23:17,9644
TITAN,2026-01-27,4100.0,152.65,379750.0,8750.0,15.85,305900.0,199325.0,4233.5,4267.6,4210.0,0.045,2026-01-13 23:17,8676
TITAN,2026-01-27,4120.0,129.75,27650.0,875.0,18.15,47600.0,63875.0,4233.5,4267.6,4210.0,0.045,2026-01-13 23:17,13519
TITAN,2026-01-27,4140.0,124.7,67900.0,2800.0,25.1,68950.0,137200.0,4233.5,4267.6,4210.0,0.045,2026-01-13 23:17,13474
TITAN,2026-01-27,4160.0,110.55,183750.0,24850.0,30.8,98700.0,134050.0,4233.5,4267.6,4210.0,0.045,2026-01-13 23:17,14104
TITAN,2026-01-27,4180.0,94.0,34475.0,36750.0,37.5,50225.0,246750.0,4233.5,4267.6,4210.0,0.045,2026-01-13 23:17,16352
TITAN,2026-01-27,4200.0,79.45,272650.0,539350.0,45.0,215075.0,575575.0,4233.5,4267.6,4210.0,0.045,2026-01-13 23:17,17178
TITAN,2026-01-27,4220.0,69.0,84700.0,225225.0,54.4,61250.0,199150.0,4233.5,4267.6,4210.0,0.045,2026-01-13 23:17,20042
TITAN,2026-01-27,4240.0,58.0,173250.0,836500.0,64.7,127750.0,282975.0,4233.5,4267.6,4210.0,0.045,2026-01-13 23:17,22250
TITAN,2026-01-27,4260.0,49.15,162575.0,482825.0,75.25,157150.0,150675.0,4233.5,4267.6,4210.0,0.045,2026-01-13 23:17,24988
TITAN,2026-01-27,4280.0,41.45,235375.0,197050.0,86.6,127400.0,29400.0,4233.5,4267.6,4210.0,0.045,2026-01-13 23:17,27804
TITAN,2026-01-27,4300.0,35.6,665875.0,781550.0,101.0,239400.0,120925.0,4233.5,4267.6,4210.0,0.045,2026-01-13 23:17,31601
TITAN,2026-01-27,4320.0,29.2,171500.0,164675.0,110.3,46550.0,7000.0,4233.5,4267.6,4210.0,0.045,2026-01-13 23:17,37288
TITAN,2026-01-27,4340.0,23.5,186375.0,157150.0,124.2,28175.0,4550.0,4233.5,4267.6,4210.0,0.045,2026-01-13 23:17,43447
TITAN,2026-01-27,4360.0,20.0,122150.0,141750.0,140.55,17850.0,3500.0,4233.5,4267.6,4210.0,0.045,2026-01-13 23:17,50135
TITAN,2026-01-27,4380.0,16.65,25725.0,59675.0,0.0,0.0,0.0,4233.5,4267.6,4210.0,0.045,2026-01-13 23:17,57009
TITAN,2026-01-27,4400.0,13.3,498925.0,467775.0,169.0,18200.0,1925.0,4233.5,4267.6,4210.0,0.045,2026-01-13 23:17,63984
TITAN,2026-01-27,4420.0,11.15,6475.0,11725.0,0.0,0.0,0.0,4233.5,4267.6,4210.0,0.045,2026-01-13 23:17,72306
TITAN,2026-01-27,4440.0,9.7,126175.0,81375.0,208.0,875.0,350.0,4233.5,4267.6,4210.0,0.045,2026-01-13 23:17,80292
TITAN,2026-01-27,4460.0,7.6,18725.0,23975.0,0.0,0.0,0.0,4233.5,4267.6,4210.0,0.045,2026-01-13 23:17,88629
TITAN,2026-01-27,4480.0,6.2,263375.0,55300.0,322.0,1575.0,0.0,4233.5,4267.6,4210.0,0.045,2026-01-13 23:17,96914
TITAN,2026-01-27,4500.0,5.95,64750.0,95025.0,0.0,0.0,0.0,4233.5,4267.6,4210.0,0.045,2026-01-13 23:17,105827
TITAN,2026-01-27,4520.0,5.35,237125.0,64750.0,230.0,175.0,0.0,4233.5,4267.6,4210.0,0.045,2026-01-13 23:17,114795
TITAN,2026-01-27,4560.0,4.2,80150.0,75775.0,0.0,0.0,0.0,4233.5,4267.6,4210.0,0.045,2026-01-13 23:17,133727
TITAN,2026-01-27,4600.0,3.6,168700.0,45500.0,355.0,3500.0,0.0,4233.5,4267.6,4210.0,0.045,2026-01-13 23:17,152890
TITAN,2026-01-27,4640.0,3.05,37450.0,29400.0,0.0,0.0,0.0,4233.5,4267.6,4210.0,0.045,2026-01-13 23:17,172645
TITAN,2026-01-27,4680.0,2.2,175.0,0.0,0.0,0.0,0.0,4233.5,4267.6,4210.0,0.045,2026-01-13 23:17,192625
TITAN,2026-01-27,4720.0,0.0,0.0,0.0,0.0,0.0,0.0,4233.5,4267.6,4210.0,0.045,2026-01-13 23:17,212594
TITAN,2026-01-27,4760.0,1.4,10675.0,9275.0,0.0,0.0,0.0,4233.5,4267.6,4210.0,0.045,2026-01-13 23:17,232563
TMPV,2026-01-27,280.0,0.0,0.0,0.0,0.1,12000.0,4000.0,348.45,351.9,345.6,-0.599,2026-01-13 23:17,182829
TMPV,2026-01-27,300.0,50.75,148000.0,28000.0,0.25,853600.0,307200.0,348.45,351.9,345.6,-0.599,2026-01-13 23:17,129394
TMPV,2026-01-27,310.0,41.2,49600.0,5600.0,0.35,759200.0,268000.0,348.45,351.9,345.6,-0.599,2026-01-13 23:17,104408
TMPV,2026-01-27,315.0,0.0,0.0,0.0,0.55,48800.0,59200.0,348.45,351.9,345.6,-0.599,2026-01-13 23:17,92132
TMPV,2026-01-27,320.0,31.0,231200.0,53600.0,0.65,1616000.0,1193600.0,348.45,351.9,345.6,-0.599,2026-01-13 23:17,79700
TMPV,2026-01-27,325.0,0.0,0.0,0.0,0.95,852800.0,1072000.0,348.45,351.9,345.6,-0.599,2026-01-13 23:17,68806
TMPV,2026-01-27,330.0,22.15,108000.0,170400.0,1.5,3690400.0,3436000.0,348.45,351.9,345.6,-0.599,2026-01-13 23:17,57646
TMPV,2026-01-27,335.0,16.5,88000.0,129600.0,2.35,504000.0,1378400.0,348.45,351.9,345.6,-0.599,2026-01-13 23:17,48152
TMPV,2026-01-27,340.0,13.0,1075200.0,1069600.0,3.6,2606400.0,6005600.0,348.45,351.9,345.6,-0.599,2026-01-13 23:17,39294
TMPV,2026-01-27,345.0,9.8,584800.0,1559200.0,5.4,1607200.0,5201600.0,348.45,351.9,345.6,-0.599,2026-01-13 23:17,32711
TMPV,2026-01-27,350.0,7.55,2792800.0,6319200.0,7.85,3372000.0,4499200.0,348.45,351.9,345.6,-0.599,2026-01-13 23:17,26469
TMPV,2026-01-27,355.0,5.45,1549600.0,4852800.0,10.8,1028000.0,1344000.0,348.45,351.9,345.6,-0.599,2026-01-13 23:17,23065
TMPV,2026-01-27,360.0,4.2,7781600.0,12533600.0,14.55,2963200.0,1007200.0,348.45,351.9,345.6,-0.599,2026-01-13 23:17,21224
TMPV,2026-01-27,365.0,3.05,5527200.0,8530400.0,18.75,860800.0,180000.0,348.45,351.9,345.6,-0.599,2026-01-13 23:17,23977
TMPV,2026-01-27,370.0,2.35,11053600.0,13536000.0,22.85,1583200.0,524000.0,348.45,351.9,345.6,-0.599,2026-01-13 23:17,31039
TMPV,2026-01-27,375.0,1.7,4392800.0,6079200.0,26.0,399200.0,32800.0,348.45,351.9,345.6,-0.599,2026-01-13 23:17,43328
TMPV,2026-01-27,380.0,1.25,5478400.0,8588000.0,30.95,734400.0,21600.0,348.45,351.9,345.6,-0.599,2026-01-13 23:17,58742
TMPV,2026-01-27,385.0,0.95,1144000.0,1408800.0,34.15,144800.0,0.0,348.45,351.9,345.6,-0.599,2026-01-13 23:17,75965
TMPV,2026-01-27,390.0,0.75,3788800.0,3192000.0,40.5,332000.0,24800.0,348.45,351.9,345.6,-0.599,2026-01-13 23:17,95034
TMPV,2026-01-27,395.0,0.6,324000.0,692000.0,35.4,132000.0,0.0,348.45,351.9,345.6,-0.599,2026-01-13 23:17,115490
TMPV,2026-01-27,400.0,0.5,6665600.0,10652800.0,49.3,853600.0,14400.0,348.45,351.9,345.6,-0.599,2026-01-13 23:17,136786
TMPV,2026-01-27,405.0,0.4,392000.0,291200.0,0.0,0.0,0.0,348.45,351.9,345.6,-0.599,2026-01-13 23:17,158415
TMPV,2026-01-27,410.0,0.3,3062400.0,3028000.0,59.5,160800.0,29600.0,348.45,351.9,345.6,-0.599,2026-01-13 23:17,184130
TMPV,2026-01-27,420.0,0.15,2016800.0,428800.0,69.25,174400.0,6400.0,348.45,351.9,345.6,-0.599,2026-01-13 23:17,237887
TMPV,2026-01-27,430.0,0.2,692800.0,14400.0,79.0,57600.0,0.0,348.45,351.9,345.6,-0.599,2026-01-13 23:17,293524
TMPV,2026-01-27,440.0,0.2,449600.0,31200.0,89.7,184000.0,0.0,348.45,351.9,345.6,-0.599,2026-01-13 23:17,350646
TMPV,2026-01-27,460.0,0.1,630400.0,28800.0,99.35,359200.0,0.0,348.45,351.9,345.6,-0.599,2026-01-13 23:17,465400
TMPV,2026-01-27,480.0,0.05,27200.0,0.0,0.0,0.0,0.0,348.45,351.9,345.6,-0.599,2026-01-13 23:17,580212
TMPV,2026-01-27,500.0,0.05,134400.0,14400.0,148.2,840000.0,8800.0,348.45,351.9,345.6,-0.599,2026-01-13 23:17,698641
TMPV,2026-01-27,520.0,0.05,47200.0,0.0,0.0,0.0,0.0,348.45,351.9,345.6,-0.599,2026-01-13 23:17,806571
TORNTPHARM,2026-01-27,3200.0,565.4,750.0,0.0,2.0,1250.0,0.0,3933.1,3959.9,3903.7,-0.423,2026-01-13 23:17,18269
TORNTPHARM,2026-01-27,3300.0,0.0,0.0,0.0,4.6,1500.0,0.0,3933.1,3959.9,3903.7,-0.423,2026-01-13 23:17,15046
TORNTPHARM,2026-01-27,3350.0,0.0,0.0,0.0,7.65,2750.0,0.0,3933.1,3959.9,3903.7,-0.423,2026-01-13 23:17,13420
TORNTPHARM,2026-01-27,3360.0,0.0,0.0,0.0,0.0,0.0,0.0,3933.1,3959.9,3903.7,-0.423,2026-01-13 23:17,13096
TORNTPHARM,2026-01-27,3400.0,437.8,2250.0,0.0,1.65,12500.0,0.0,3933.1,3959.9,3903.7,-0.423,2026-01-13 23:17,11807
TORNTPHARM,2026-01-27,3440.0,0.0,0.0,0.0,0.0,0.0,0.0,3933.1,3959.9,3903.7,-0.423,2026-01-13 23:17,10673
TORNTPHARM,2026-01-27,3480.0,0.0,0.0,0.0,0.0,0.0,0.0,3933.1,3959.9,3903.7,-0.423,2026-01-13 23:17,9443
TORNTPHARM,2026-01-27,3500.0,479.0,750.0,0.0,2.5,8500.0,0.0,3933.1,3959.9,3903.7,-0.423,2026-01-13 23:17,8828
TORNTPHARM,2026-01-27,3520.0,0.0,0.0,0.0,0.0,0.0,0.0,3933.1,3959.9,3903.7,-0.423,2026-01-13 23:17,8265
TORNTPHARM,2026-01-27,3550.0,257.8,500.0,0.0,3.2,9250.0,0.0,3933.1,3959.9,3903.7,-0.423,2026-01-13 23:17,7371
TORNTPHARM,2026-01-27,3560.0,0.0,0.0,0.0,0.0,0.0,0.0,3933.1,3959.9,3903.7,-0.423,2026-01-13 23:17,7092
TORNTPHARM,2026-01-27,3600.0,0.0,0.0,0.0,4.5,11500.0,21750.0,3933.1,3959.9,3903.7,-0.423,2026-01-13 23:17,5938
TORNTPHARM,2026-01-27,3620.0,0.0,0.0,0.0,0.0,0.0,0.0,3933.1,3959.9,3903.7,-0.423,2026-01-13 23:17,5379
TORNTPHARM,2026-01-27,3640.0,0.0,0.0,0.0,0.0,0.0,0.0,3933.1,3959.9,3903.7,-0.423,2026-01-13 23:17,4825
TORNTPHARM,2026-01-27,3650.0,0.0,0.0,0.0,1.85,3500.0,0.0,3933.1,3959.9,3903.7,-0.423,2026-01-13 23:17,4548
TORNTPHARM,2026-01-27,3660.0,0.0,0.0,0.0,0.0,0.0,0.0,3933.1,3959.9,3903.7,-0.423,2026-01-13 23:17,4274
TORNTPHARM,2026-01-27,3680.0,0.0,0.0,0.0,1.35,500.0,0.0,3933.1,3959.9,3903.7,-0.423,2026-01-13 23:17,3727
TORNTPHARM,2026-01-27,3700.0,240.0,7750.0,0.0,6.6,32750.0,41500.0,3933.1,3959.9,3903.7,-0.423,2026-01-13 23:17,3181
TORNTPHARM,2026-01-27,3720.0,0.0,0.0,0.0,0.0,0.0,0.0,3933.1,3959.9,3903.7,-0.423,2026-01-13 23:17,2880
TORNTPHARM,2026-01-27,3740.0,0.0,0.0,0.0,0.0,0.0,0.0,3933.1,3959.9,3903.7,-0.423,2026-01-13 23:17,2415
TORNTPHARM,2026-01-27,3750.0,125.0,1500.0,0.0,7.5,9250.0,0.0,3933.1,3959.9,3903.7,-0.423,2026-01-13 23:17,2183
TORNTPHARM,2026-01-27,3760.0,0.0,0.0,0.0,0.0,0.0,0.0,3933.1,3959.9,3903.7,-0.423,2026-01-13 23:17,1973
TORNTPHARM,2026-01-27,3780.0,181.45,750.0,0.0,17.0,7500.0,0.0,3933.1,3959.9,3903.7,-0.423,2026-01-13 23:17,1529
TORNTPHARM,2026-01-27,3800.0,178.1,40250.0,0.0,16.7,44000.0,34000.0,3933.1,3959.9,3903.7,-0.423,2026-01-13 23:17,1103
TORNTPHARM,2026-01-27,3820.0,227.55,2250.0,0.0,56.35,250.0,0.0,3933.1,3959.9,3903.7,-0.423,2026-01-13 23:17,1488
TORNTPHARM,2026-01-27,3840.0,189.8,1000.0,0.0,21.4,3500.0,0.0,3933.1,3959.9,3903.7,-0.423,2026-01-13 23:17,1284
TORNTPHARM,2026-01-27,3850.0,110.0,19750.0,250.0,25.0,16750.0,4750.0,3933.1,3959.9,3903.7,-0.423,2026-01-13 23:17,1173
TORNTPHARM,2026-01-27,3860.0,191.6,2500.0,0.0,0.0,0.0,0.0,3933.1,3959.9,3903.7,-0.423,2026-01-13 23:17,1263
TORNTPHARM,2026-01-27,3880.0,148.95,3000.0,0.0,38.0,6000.0,0.0,3933.1,3959.9,3903.7,-0.423,2026-01-13 23:17,1144
TORNTPHARM,2026-01-27,3900.0,96.3,40000.0,31500.0,37.0,40000.0,91500.0,3933.1,3959.9,3903.7,-0.423,2026-01-13 23:17,1018
TORNTPHARM,2026-01-27,3920.0,87.4,5000.0,3250.0,0.0,0.0,0.0,3933.1,3959.9,3903.7,-0.423,2026-01-13 23:17,1267
TORNTPHARM,2026-01-27,3940.0,73.0,7750.0,3750.0,53.8,1250.0,0.0,3933.1,3959.9,3903.7,-0.423,2026-01-13 23:17,1332
TORNTPHARM,2026-01-27,3950.0,131.1,8250.0,0.0,57.3,14250.0,6250.0,3933.1,3959.9,3903.7,-0.423,2026-01-13 23:17,1401
TORNTPHARM,2026-01-27,3960.0,58.7,250.0,2000.0,75.5,1500.0,0.0,3933.1,3959.9,3903.7,-0.423,2026-01-13 23:17,1470
TORNTPHARM,2026-01-27,3980.0,50.25,15500.0,20500.0,0.0,0.0,0.0,3933.1,3959.9,3903.7,-0.423,2026-01-13 23:17,1548
TORNTPHARM,2026-01-27,4000.0,42.85,47750.0,99750.0,84.05,27250.0,3250.0,3933.1,3959.9,3903.7,-0.423,2026-01-13 23:17,1745
TORNTPHARM,2026-01-27,4020.0,41.45,9500.0,1000.0,0.0,0.0,0.0,3933.1,3959.9,3903.7,-0.423,2026-01-13 23:17,1990
TORNTPHARM,2026-01-27,4040.0,32.0,38250.0,9500.0,114.85,38750.0,0.0,3933.1,3959.9,3903.7,-0.423,2026-01-13 23:17,2317
TORNTPHARM,2026-01-27,4050.0,26.0,18250.0,2000.0,117.85,19000.0,0.0,3933.1,3959.9,3903.7,-0.423,2026-01-13 23:17,2215
TORNTPHARM,2026-01-27,4060.0,22.55,3000.0,2250.0,82.15,250.0,0.0,3933.1,3959.9,3903.7,-0.423,2026-01-13 23:17,2297
TORNTPHARM,2026-01-27,4080.0,20.2,10750.0,5250.0,85.5,1000.0,0.0,3933.1,3959.9,3903.7,-0.423,2026-01-13 23:17,2825
TORNTPHARM,2026-01-27,4100.0,16.95,55000.0,81000.0,164.75,5500.0,250.0,3933.1,3959.9,3903.7,-0.423,2026-01-13 23:17,3385
TORNTPHARM,2026-01-27,4120.0,10.65,13000.0,4250.0,109.45,750.0,0.0,3933.1,3959.9,3903.7,-0.423,2026-01-13 23:17,4055
TORNTPHARM,2026-01-27,4140.0,0.0,0.0,0.0,0.0,0.0,0.0,3933.1,3959.9,3903.7,-0.423,2026-01-13 23:17,4755
TORNTPHARM,2026-01-27,4150.0,17.6,23000.0,0.0,0.0,0.0,0.0,3933.1,3959.9,3903.7,-0.423,2026-01-13 23:17,5103
TORNTPHARM,2026-01-27,4160.0,19.75,2250.0,0.0,0.0,0.0,0.0,3933.1,3959.9,3903.7,-0.423,2026-01-13 23:17,5514
TORNTPHARM,2026-01-27,4180.0,0.0,0.0,0.0,0.0,0.0,0.0,3933.1,3959.9,3903.7,-0.423,2026-01-13 23:17,6264
TORNTPHARM,2026-01-27,4200.0,5.7,65750.0,77000.0,213.75,1750.0,0.0,3933.1,3959.9,3903.7,-0.423,2026-01-13 23:17,7009
TORNTPHARM,2026-01-27,4220.0,0.0,0.0,0.0,0.0,0.0,0.0,3933.1,3959.9,3903.7,-0.423,2026-01-13 23:17,7890
TORNTPHARM,2026-01-27,4240.0,20.0,3000.0,0.0,0.0,0.0,0.0,3933.1,3959.9,3903.7,-0.423,2026-01-13 23:17,8770
TORNTPHARM,2026-01-27,4260.0,4.1,1750.0,2250.0,0.0,0.0,0.0,3933.1,3959.9,3903.7,-0.423,2026-01-13 23:17,9663
TORNTPHARM,2026-01-27,4280.0,4.3,4500.0,1500.0,0.0,0.0,0.0,3933.1,3959.9,3903.7,-0.423,2026-01-13 23:17,10554
TORNTPHARM,2026-01-27,4300.0,3.95,30750.0,19500.0,464.3,6000.0,0.0,3933.1,3959.9,3903.7,-0.423,2026-01-13 23:17,11455
TORNTPHARM,2026-01-27,4320.0,5.6,8500.0,0.0,0.0,0.0,0.0,3933.1,3959.9,3903.7,-0.423,2026-01-13 23:17,12161
TORNTPHARM,2026-01-27,4340.0,0.0,0.0,0.0,0.0,0.0,0.0,3933.1,3959.9,3903.7,-0.423,2026-01-13 23:17,13155
TORNTPHARM,2026-01-27,4360.0,2.0,6500.0,1000.0,0.0,0.0,0.0,3933.1,3959.9,3903.7,-0.423,2026-01-13 23:17,14144
TORNTPHARM,2026-01-27,4400.0,2.5,48250.0,0.0,0.0,0.0,0.0,3933.1,3959.9,3903.7,-0.423,2026-01-13 23:17,16151
TORNTPHARM,2026-01-27,4440.0,0.0,0.0,0.0,0.0,0.0,0.0,3933.1,3959.9,3903.7,-0.423,2026-01-13 23:17,18361
TORNTPHARM,2026-01-27,4480.0,0.0,0.0,0.0,0.0,0.0,0.0,3933.1,3959.9,3903.7,-0.423,2026-01-13 23:17,20559
TORNTPHARM,2026-01-27,4520.0,0.0,0.0,0.0,0.0,0.0,0.0,3933.1,3959.9,3903.7,-0.423,2026-01-13 23:17,22757
TORNTPHARM,2026-01-27,4560.0,0.0,0.0,0.0,0.0,0.0,0.0,3933.1,3959.9,3903.7,-0.423,2026-01-13 23:17,24955
TORNTPOWER,2026-01-27,1100.0,0.0,0.0,0.0,0.0,0.0,0.0,1335.5,1361.0,1333.4,-1.155,2026-01-13 23:17,17107
TORNTPOWER,2026-01-27,1120.0,180.35,425.0,0.0,0.0,0.0,0.0,1335.5,1361.0,1333.4,-1.155,2026-01-13 23:17,15391
TORNTPOWER,2026-01-27,1140.0,0.0,0.0,0.0,3.0,0.0,0.0,1335.5,1361.0,1333.4,-1.155,2026-01-13 23:17,13683
TORNTPOWER,2026-01-27,1160.0,190.0,1275.0,0.0,0.15,22100.0,850.0,1335.5,1361.0,1333.4,-1.155,2026-01-13 23:17,11968
TORNTPOWER,2026-01-27,1180.0,169.5,1275.0,0.0,1.1,9775.0,4250.0,1335.5,1361.0,1333.4,-1.155,2026-01-13 23:17,10323
TORNTPOWER,2026-01-27,1190.0,160.5,2550.0,0.0,0.0,0.0,0.0,1335.5,1361.0,1333.4,-1.155,2026-01-13 23:17,9521
TORNTPOWER,2026-01-27,1200.0,0.0,0.0,0.0,1.5,45475.0,36975.0,1335.5,1361.0,1333.4,-1.155,2026-01-13 23:17,8741
TORNTPOWER,2026-01-27,1210.0,140.7,1275.0,0.0,0.0,0.0,0.0,1335.5,1361.0,1333.4,-1.155,2026-01-13 23:17,7959
TORNTPOWER,2026-01-27,1220.0,0.0,0.0,0.0,2.0,18700.0,22525.0,1335.5,1361.0,1333.4,-1.155,2026-01-13 23:17,7203
TORNTPOWER,2026-01-27,1230.0,0.0,0.0,0.0,2.05,20400.0,8075.0,1335.5,1361.0,1333.4,-1.155,2026-01-13 23:17,6444
TORNTPOWER,2026-01-27,1240.0,101.15,1275.0,1275.0,5.0,17850.0,0.0,1335.5,1361.0,1333.4,-1.155,2026-01-13 23:17,5705
TORNTPOWER,2026-01-27,1250.0,0.0,0.0,0.0,8.85,1275.0,0.0,1335.5,1361.0,1333.4,-1.155,2026-01-13 23:17,4993
TORNTPOWER,2026-01-27,1260.0,133.85,6800.0,0.0,4.0,117300.0,82450.0,1335.5,1361.0,1333.4,-1.155,2026-01-13 23:17,4278
TORNTPOWER,2026-01-27,1270.0,88.3,1275.0,0.0,5.15,28050.0,1275.0,1335.5,1361.0,1333.4,-1.155,2026-01-13 23:17,3731
TORNTPOWER,2026-01-27,1280.0,66.65,35275.0,425.0,8.0,59075.0,2125.0,1335.5,1361.0,1333.4,-1.155,2026-01-13 23:17,3167
TORNTPOWER,2026-01-27,1290.0,72.5,2550.0,0.0,17.8,1700.0,0.0,1335.5,1361.0,1333.4,-1.155,2026-01-13 23:17,2888
TORNTPOWER,2026-01-27,1300.0,58.1,78625.0,2125.0,9.8,88825.0,25925.0,1335.5,1361.0,1333.4,-1.155,2026-01-13 23:17,2442
TORNTPOWER,2026-01-27,1310.0,52.95,3825.0,0.0,0.0,0.0,0.0,1335.5,1361.0,1333.4,-1.155,2026-01-13 23:17,2516
TORNTPOWER,2026-01-27,1320.0,37.55,20400.0,3400.0,15.8,42925.0,12750.0,1335.5,1361.0,1333.4,-1.155,2026-01-13 23:17,2245
TORNTPOWER,2026-01-27,1330.0,35.65,13175.0,1700.0,18.1,1700.0,0.0,1335.5,1361.0,1333.4,-1.155,2026-01-13 23:17,2026
TORNTPOWER,2026-01-27,1340.0,27.45,30600.0,14875.0,25.35,55250.0,15300.0,1335.5,1361.0,1333.4,-1.155,2026-01-13 23:17,1857
TORNTPOWER,2026-01-27,1350.0,22.4,22950.0,48025.0,27.25,15725.0,9775.0,1335.5,1361.0,1333.4,-1.155,2026-01-13 23:17,1674
TORNTPOWER,2026-01-27,1360.0,19.3,34425.0,29750.0,38.65,37825.0,2125.0,1335.5,1361.0,1333.4,-1.155,2026-01-13 23:17,1594
TORNTPOWER,2026-01-27,1370.0,15.05,17850.0,11475.0,36.85,18275.0,0.0,1335.5,1361.0,1333.4,-1.155,2026-01-13 23:17,1499
TORNTPOWER,2026-01-27,1380.0,12.5,59500.0,9775.0,47.7,32725.0,0.0,1335.5,1361.0,1333.4,-1.155,2026-01-13 23:17,1478
TORNTPOWER,2026-01-27,1390.0,9.7,31875.0,2975.0,58.95,13600.0,2125.0,1335.5,1361.0,1333.4,-1.155,2026-01-13 23:17,1508
TORNTPOWER,2026-01-27,1400.0,7.2,277525.0,121975.0,60.05,77775.0,8500.0,1335.5,1361.0,1333.4,-1.155,2026-01-13 23:17,1617
TORNTPOWER,2026-01-27,1410.0,5.5,53975.0,5100.0,75.9,11475.0,3825.0,1335.5,1361.0,1333.4,-1.155,2026-01-13 23:17,1863
TORNTPOWER,2026-01-27,1420.0,5.1,151725.0,118150.0,99.1,21675.0,0.0,1335.5,1361.0,1333.4,-1.155,2026-01-13 23:17,2384
TORNTPOWER,2026-01-27,1430.0,4.05,24650.0,5525.0,92.2,425.0,0.0,1335.5,1361.0,1333.4,-1.155,2026-01-13 23:17,2998
TORNTPOWER,2026-01-27,1440.0,3.25,102000.0,44625.0,99.75,61625.0,0.0,1335.5,1361.0,1333.4,-1.155,2026-01-13 23:17,3781
TORNTPOWER,2026-01-27,1450.0,3.05,49725.0,10625.0,0.0,0.0,0.0,1335.5,1361.0,1333.4,-1.155,2026-01-13 23:17,4140
TORNTPOWER,2026-01-27,1460.0,2.4,48025.0,53975.0,105.2,34850.0,0.0,1335.5,1361.0,1333.4,-1.155,2026-01-13 23:17,5145
TORNTPOWER,2026-01-27,1470.0,2.05,8075.0,4250.0,0.0,0.0,0.0,1335.5,1361.0,1333.4,-1.155,2026-01-13 23:17,5863
TORNTPOWER,2026-01-27,1480.0,1.8,139400.0,87975.0,0.0,0.0,0.0,1335.5,1361.0,1333.4,-1.155,2026-01-13 23:17,6946
TORNTPOWER,2026-01-27,1490.0,0.0,0.0,0.0,0.0,0.0,0.0,1335.5,1361.0,1333.4,-1.155,2026-01-13 23:17,8192
TORNTPOWER,2026-01-27,1500.0,1.5,82450.0,3400.0,100.0,425.0,0.0,1335.5,1361.0,1333.4,-1.155,2026-01-13 23:17,9413
TORNTPOWER,2026-01-27,1510.0,0.0,0.0,0.0,0.0,0.0,0.0,1335.5,1361.0,1333.4,-1.155,2026-01-13 23:17,10724
TORNTPOWER,2026-01-27,1520.0,1.5,96050.0,28475.0,132.0,1275.0,0.0,1335.5,1361.0,1333.4,-1.155,2026-01-13 23:17,12028
TORNTPOWER,2026-01-27,1530.0,0.0,0.0,0.0,0.0,0.0,0.0,1335.5,1361.0,1333.4,-1.155,2026-01-13 23:17,13426
TORNTPOWER,2026-01-27,1540.0,0.0,0.0,0.0,0.0,0.0,0.0,1335.5,1361.0,1333.4,-1.155,2026-01-13 23:17,14827
TORNTPOWER,2026-01-27,1550.0,0.0,0.0,0.0,0.0,0.0,0.0,1335.5,1361.0,1333.4,-1.155,2026-01-13 23:17,16228
TORNTPOWER,2026-01-27,1560.0,1.1,17425.0,0.0,0.0,0.0,0.0,1335.5,1361.0,1333.4,-1.155,2026-01-13 23:17,17628
TORNTPOWER,2026-01-27,1570.0,0.0,0.0,0.0,0.0,0.0,0.0,1335.5,1361.0,1333.4,-1.155,2026-01-13 23:17,19049
TORNTPOWER,2026-01-27,1580.0,1.4,11050.0,0.0,0.0,0.0,0.0,1335.5,1361.0,1333.4,-1.155,2026-01-13 23:17,20467
TORNTPOWER,2026-01-27,1590.0,1.05,425.0,0.0,0.0,0.0,0.0,1335.5,1361.0,1333.4,-1.155,2026-01-13 23:17,21898
TORNTPOWER,2026-01-27,1600.0,0.0,0.0,0.0,0.0,0.0,0.0,1335.5,1361.0,1333.4,-1.155,2026-01-13 23:17,23327
TRENT,2026-01-27,3400.0,0.0,0.0,0.0,8.0,103200.0,265700.0,3906.0,4060.0,3827.8,-3.708,2026-01-13 23:17,204684
TRENT,2026-01-27,3500.0,440.0,2300.0,2600.0,11.95,215500.0,450600.0,3906.0,4060.0,3827.8,-3.708,2026-01-13 23:17,171732
TRENT,2026-01-27,3550.0,336.7,0.0,100.0,13.5,16100.0,62700.0,3906.0,4060.0,3827.8,-3.708,2026-01-13 23:17,156230
TRENT,2026-01-27,3600.0,316.0,2100.0,2000.0,19.35,91200.0,406500.0,3906.0,4060.0,3827.8,-3.708,2026-01-13 23:17,140943
TRENT,2026-01-27,3650.0,0.0,0.0,0.0,23.65,37200.0,164400.0,3906.0,4060.0,3827.8,-3.708,2026-01-13 23:17,126035
TRENT,2026-01-27,3700.0,249.0,7500.0,13100.0,31.65,184900.0,648800.0,3906.0,4060.0,3827.8,-3.708,2026-01-13 23:17,111334
TRENT,2026-01-27,3750.0,217.55,5800.0,15600.0,42.15,32600.0,280600.0,3906.0,4060.0,3827.8,-3.708,2026-01-13 23:17,97285
TRENT,2026-01-27,3800.0,166.6,45700.0,132000.0,55.1,251500.0,1055000.0,3906.0,4060.0,3827.8,-3.708,2026-01-13 23:17,83816
TRENT,2026-01-27,3850.0,132.75,70900.0,211900.0,73.85,87700.0,588600.0,3906.0,4060.0,3827.8,-3.708,2026-01-13 23:17,71219
TRENT,2026-01-27,3900.0,103.0,143400.0,942200.0,91.75,283300.0,1311300.0,3906.0,4060.0,3827.8,-3.708,2026-01-13 23:17,60333
TRENT,2026-01-27,3950.0,79.05,83800.0,551700.0,119.65,92300.0,433100.0,3906.0,4060.0,3827.8,-3.708,2026-01-13 23:17,50165
TRENT,2026-01-27,4000.0,61.0,514200.0,1832800.0,150.45,333800.0,929700.0,3906.0,4060.0,3827.8,-3.708,2026-01-13 23:17,41557
TRENT,2026-01-27,4050.0,45.95,312700.0,836300.0,182.75,155800.0,250500.0,3906.0,4060.0,3827.8,-3.708,2026-01-13 23:17,35746
TRENT,2026-01-27,4100.0,34.8,766000.0,1493100.0,219.3,326800.0,242800.0,3906.0,4060.0,3827.8,-3.708,2026-01-13 23:17,32753
TRENT,2026-01-27,4150.0,26.05,219900.0,600700.0,257.0,65100.0,12500.0,3906.0,4060.0,3827.8,-3.708,2026-01-13 23:17,32133
TRENT,2026-01-27,4200.0,20.2,1113800.0,2343500.0,300.0,204400.0,51200.0,3906.0,4060.0,3827.8,-3.708,2026-01-13 23:17,36339
TRENT,2026-01-27,4250.0,15.3,244400.0,388800.0,334.0,63200.0,10500.0,3906.0,4060.0,3827.8,-3.708,2026-01-13 23:17,44353
TRENT,2026-01-27,4300.0,11.85,768500.0,1040600.0,399.7,254700.0,5900.0,3906.0,4060.0,3827.8,-3.708,2026-01-13 23:17,56052
TRENT,2026-01-27,4350.0,10.0,103900.0,329400.0,446.4,40700.0,1200.0,3906.0,4060.0,3827.8,-3.708,2026-01-13 23:17,65333
TRENT,2026-01-27,4400.0,7.95,619600.0,688600.0,489.6,134900.0,14800.0,3906.0,4060.0,3827.8,-3.708,2026-01-13 23:17,82894
TRENT,2026-01-27,4450.0,6.8,131600.0,122400.0,514.95,36400.0,2700.0,3906.0,4060.0,3827.8,-3.708,2026-01-13 23:17,99828
TRENT,2026-01-27,4500.0,5.6,660900.0,549600.0,602.0,75800.0,4300.0,3906.0,4060.0,3827.8,-3.708,2026-01-13 23:17,121930
TRENT,2026-01-27,4550.0,5.1,53000.0,65900.0,528.0,21500.0,0.0,3906.0,4060.0,3827.8,-3.708,2026-01-13 23:17,145307
TRENT,2026-01-27,4600.0,4.0,276300.0,273300.0,536.0,32700.0,0.0,3906.0,4060.0,3827.8,-3.708,2026-01-13 23:17,172141
TRENT,2026-01-27,4650.0,3.45,46300.0,57600.0,0.0,0.0,0.0,3906.0,4060.0,3827.8,-3.708,2026-01-13 23:17,199986
TRENT,2026-01-27,4700.0,3.05,154700.0,105500.0,802.4,33700.0,3000.0,3906.0,4060.0,3827.8,-3.708,2026-01-13 23:17,229721
TRENT,2026-01-27,4750.0,2.1,100.0,100.0,759.1,300.0,600.0,3906.0,4060.0,3827.8,-3.708,2026-01-13 23:17,257725
TRENT,2026-01-27,4800.0,2.25,152400.0,77200.0,747.75,29300.0,0.0,3906.0,4060.0,3827.8,-3.708,2026-01-13 23:17,288366
TRENT,2026-01-27,4850.0,0.0,0.0,0.0,0.0,0.0,0.0,3906.0,4060.0,3827.8,-3.708,2026-01-13 23:17,317781
TRENT,2026-01-27,4900.0,1.8,103800.0,56600.0,834.0,4100.0,0.0,3906.0,4060.0,3827.8,-3.708,2026-01-13 23:17,349352
TRENT,2026-01-27,5000.0,1.6,372800.0,117300.0,1085.0,181400.0,8100.0,3906.0,4060.0,3827.8,-3.708,2026-01-13 23:17,413251
TVSMOTOR,2026-01-27,3000.0,762.15,11025.0,0.0,1.1,7525.0,0.0,3748.0,3771.0,3699.5,-0.181,2026-01-13 23:17,62820
TVSMOTOR,2026-01-27,3100.0,605.0,2450.0,0.0,1.0,8050.0,525.0,3748.0,3771.0,3699.5,-0.181,2026-01-13 23:17,52071
TVSMOTOR,2026-01-27,3150.0,612.6,700.0,0.0,0.85,1925.0,0.0,3748.0,3771.0,3699.5,-0.181,2026-01-13 23:17,46477
TVSMOTOR,2026-01-27,3160.0,0.0,0.0,0.0,0.1,2100.0,0.0,3748.0,3771.0,3699.5,-0.181,2026-01-13 23:17,45374
TVSMOTOR,2026-01-27,3200.0,562.8,10325.0,0.0,0.2,3675.0,0.0,3748.0,3771.0,3699.5,-0.181,2026-01-13 23:17,40799
TVSMOTOR,2026-01-27,3240.0,0.0,0.0,0.0,0.0,0.0,0.0,3748.0,3771.0,3699.5,-0.181,2026-01-13 23:17,36862
TVSMOTOR,2026-01-27,3250.0,513.2,1400.0,0.0,0.45,19075.0,0.0,3748.0,3771.0,3699.5,-0.181,2026-01-13 23:17,35732
TVSMOTOR,2026-01-27,3280.0,0.0,0.0,0.0,0.0,0.0,0.0,3748.0,3771.0,3699.5,-0.181,2026-01-13 23:17,32475
TVSMOTOR,2026-01-27,3300.0,420.0,34300.0,2450.0,1.9,28700.0,1400.0,3748.0,3771.0,3699.5,-0.181,2026-01-13 23:17,30257
TVSMOTOR,2026-01-27,3320.0,0.0,0.0,0.0,3.2,525.0,350.0,3748.0,3771.0,3699.5,-0.181,2026-01-13 23:17,29600
TVSMOTOR,2026-01-27,3350.0,0.0,0.0,0.0,3.4,14525.0,875.0,3748.0,3771.0,3699.5,-0.181,2026-01-13 23:17,26463
TVSMOTOR,2026-01-27,3360.0,0.0,0.0,0.0,2.0,4200.0,2275.0,3748.0,3771.0,3699.5,-0.181,2026-01-13 23:17,25427
TVSMOTOR,2026-01-27,3400.0,370.0,15400.0,2275.0,3.7,103600.0,10325.0,3748.0,3771.0,3699.5,-0.181,2026-01-13 23:17,21318
TVSMOTOR,2026-01-27,3440.0,0.0,0.0,0.0,10.7,3150.0,0.0,3748.0,3771.0,3699.5,-0.181,2026-01-13 23:17,18218
TVSMOTOR,2026-01-27,3450.0,319.95,875.0,0.0,11.0,19250.0,0.0,3748.0,3771.0,3699.5,-0.181,2026-01-13 23:17,17310
TVSMOTOR,2026-01-27,3460.0,0.0,0.0,0.0,7.5,3675.0,0.0,3748.0,3771.0,3699.5,-0.181,2026-01-13 23:17,16432
TVSMOTOR,2026-01-27,3480.0,0.0,0.0,0.0,6.55,18200.0,875.0,3748.0,3771.0,3699.5,-0.181,2026-01-13 23:17,14668
TVSMOTOR,2026-01-27,3500.0,233.0,40075.0,875.0,7.2,135450.0,142275.0,3748.0,3771.0,3699.5,-0.181,2026-01-13 23:17,12930
TVSMOTOR,2026-01-27,3520.0,0.0,0.0,0.0,6.95,12425.0,15575.0,3748.0,3771.0,3699.5,-0.181,2026-01-13 23:17,12392
TVSMOTOR,2026-01-27,3540.0,0.0,0.0,0.0,14.0,17675.0,8050.0,3748.0,3771.0,3699.5,-0.181,2026-01-13 23:17,11034
TVSMOTOR,2026-01-27,3550.0,231.95,6650.0,0.0,9.0,22750.0,3675.0,3748.0,3771.0,3699.5,-0.181,2026-01-13 23:17,10352
TVSMOTOR,2026-01-27,3560.0,223.7,0.0,0.0,9.7,15225.0,9625.0,3748.0,3771.0,3699.5,-0.181,2026-01-13 23:17,9858
TVSMOTOR,2026-01-27,3580.0,0.0,0.0,0.0,14.0,10850.0,4900.0,3748.0,3771.0,3699.5,-0.181,2026-01-13 23:17,8618
TVSMOTOR,2026-01-27,3600.0,180.0,67900.0,3150.0,17.2,88375.0,77000.0,3748.0,3771.0,3699.5,-0.181,2026-01-13 23:17,7400
TVSMOTOR,2026-01-27,3620.0,0.0,0.0,0.0,20.3,10150.0,16450.0,3748.0,3771.0,3699.5,-0.181,2026-01-13 23:17,7579
TVSMOTOR,2026-01-27,3640.0,162.75,1225.0,0.0,39.65,2100.0,0.0,3748.0,3771.0,3699.5,-0.181,2026-01-13 23:17,6688
TVSMOTOR,2026-01-27,3650.0,140.0,42000.0,1400.0,27.6,49000.0,69650.0,3748.0,3771.0,3699.5,-0.181,2026-01-13 23:17,6268
TVSMOTOR,2026-01-27,3660.0,135.3,3500.0,0.0,28.9,20475.0,54425.0,3748.0,3771.0,3699.5,-0.181,2026-01-13 23:17,6380
TVSMOTOR,2026-01-27,3680.0,110.0,7700.0,525.0,36.3,15575.0,14525.0,3748.0,3771.0,3699.5,-0.181,2026-01-13 23:17,5734
TVSMOTOR,2026-01-27,3700.0,100.0,174125.0,242725.0,43.0,88375.0,191625.0,3748.0,3771.0,3699.5,-0.181,2026-01-13 23:17,5175
TVSMOTOR,2026-01-27,3720.0,83.35,14875.0,38150.0,50.1,12075.0,46200.0,3748.0,3771.0,3699.5,-0.181,2026-01-13 23:17,6474
TVSMOTOR,2026-01-27,3740.0,72.95,15400.0,51625.0,58.8,16975.0,30100.0,3748.0,3771.0,3699.5,-0.181,2026-01-13 23:17,6529
TVSMOTOR,2026-01-27,3750.0,72.95,44625.0,138075.0,64.35,46375.0,82075.0,3748.0,3771.0,3699.5,-0.181,2026-01-13 23:17,6570
TVSMOTOR,2026-01-27,3760.0,65.0,20650.0,42000.0,70.9,21000.0,22225.0,3748.0,3771.0,3699.5,-0.181,2026-01-13 23:17,6716
TVSMOTOR,2026-01-27,3780.0,57.0,10325.0,26425.0,80.05,16625.0,5950.0,3748.0,3771.0,3699.5,-0.181,2026-01-13 23:17,7023
TVSMOTOR,2026-01-27,3800.0,50.0,158550.0,235900.0,92.5,90650.0,40250.0,3748.0,3771.0,3699.5,-0.181,2026-01-13 23:17,7324
TVSMOTOR,2026-01-27,3820.0,42.85,22225.0,57750.0,100.0,19425.0,525.0,3748.0,3771.0,3699.5,-0.181,2026-01-13 23:17,8152
TVSMOTOR,2026-01-27,3840.0,36.35,53550.0,35175.0,121.9,46725.0,3500.0,3748.0,3771.0,3699.5,-0.181,2026-01-13 23:17,9011
TVSMOTOR,2026-01-27,3850.0,33.6,65100.0,72975.0,115.65,20125.0,1225.0,3748.0,3771.0,3699.5,-0.181,2026-01-13 23:17,9215
TVSMOTOR,2026-01-27,3860.0,29.9,41125.0,56350.0,127.6,22925.0,0.0,3748.0,3771.0,3699.5,-0.181,2026-01-13 23:17,9865
TVSMOTOR,2026-01-27,3880.0,26.6,72275.0,41300.0,146.8,23975.0,0.0,3748.0,3771.0,3699.5,-0.181,2026-01-13 23:17,11152
TVSMOTOR,2026-01-27,3900.0,22.55,274050.0,134225.0,162.0,80150.0,350.0,3748.0,3771.0,3699.5,-0.181,2026-01-13 23:17,12641
TVSMOTOR,2026-01-27,3920.0,20.35,39200.0,25900.0,217.7,10850.0,0.0,3748.0,3771.0,3699.5,-0.181,2026-01-13 23:17,14318
TVSMOTOR,2026-01-27,3940.0,16.0,30275.0,6825.0,275.0,12250.0,0.0,3748.0,3771.0,3699.5,-0.181,2026-01-13 23:17,16618
TVSMOTOR,2026-01-27,3950.0,16.0,32200.0,26775.0,0.0,0.0,0.0,3748.0,3771.0,3699.5,-0.181,2026-01-13 23:17,17601
TVSMOTOR,2026-01-27,3960.0,10.5,14700.0,4900.0,0.0,0.0,0.0,3748.0,3771.0,3699.5,-0.181,2026-01-13 23:17,18956
TVSMOTOR,2026-01-27,3980.0,9.2,10675.0,5075.0,236.8,525.0,0.0,3748.0,3771.0,3699.5,-0.181,2026-01-13 23:17,21608
TVSMOTOR,2026-01-27,4000.0,10.4,190575.0,95375.0,285.95,8750.0,0.0,3748.0,3771.0,3699.5,-0.181,2026-01-13 23:17,24264
TVSMOTOR,2026-01-27,4020.0,9.85,20300.0,3850.0,270.9,525.0,0.0,3748.0,3771.0,3699.5,-0.181,2026-01-13 23:17,27269
TVSMOTOR,2026-01-27,4040.0,5.65,6125.0,1750.0,288.5,700.0,0.0,3748.0,3771.0,3699.5,-0.181,2026-01-13 23:17,30374
TVSMOTOR,2026-01-27,4050.0,5.8,13475.0,24325.0,0.0,0.0,0.0,3748.0,3771.0,3699.5,-0.181,2026-01-13 23:17,31913
TVSMOTOR,2026-01-27,4060.0,5.0,1050.0,175.0,0.0,0.0,0.0,3748.0,3771.0,3699.5,-0.181,2026-01-13 23:17,33491
TVSMOTOR,2026-01-27,4080.0,6.8,14875.0,31850.0,0.0,0.0,0.0,3748.0,3771.0,3699.5,-0.181,2026-01-13 23:17,36633
TVSMOTOR,2026-01-27,4100.0,5.55,92750.0,32725.0,0.0,0.0,0.0,3748.0,3771.0,3699.5,-0.181,2026-01-13 23:17,39814
TVSMOTOR,2026-01-27,4120.0,4.8,10675.0,3850.0,0.0,0.0,0.0,3748.0,3771.0,3699.5,-0.181,2026-01-13 23:17,43223
TVSMOTOR,2026-01-27,4160.0,4.25,16275.0,1225.0,0.0,0.0,0.0,3748.0,3771.0,3699.5,-0.181,2026-01-13 23:17,49984
TVSMOTOR,2026-01-27,4200.0,3.85,67725.0,24850.0,437.95,175.0,0.0,3748.0,3771.0,3699.5,-0.181,2026-01-13 23:17,56813
TVSMOTOR,2026-01-27,4240.0,3.0,15575.0,2100.0,0.0,0.0,0.0,3748.0,3771.0,3699.5,-0.181,2026-01-13 23:17,63924
TVSMOTOR,2026-01-27,4280.0,2.4,33075.0,350.0,0.0,0.0,0.0,3748.0,3771.0,3699.5,-0.181,2026-01-13 23:17,71084
TVSMOTOR,2026-01-27,4320.0,0.85,700.0,0.0,0.0,0.0,0.0,3748.0,3771.0,3699.5,-0.181,2026-01-13 23:17,78380
TVSMOTOR,2026-01-27,4360.0,0.0,0.0,0.0,0.0,0.0,0.0,3748.0,3771.0,3699.5,-0.181,2026-01-13 23:17,85670
ULTRACEMCO,2026-01-27,9800.0,0.0,0.0,0.0,0.05,50.0,0.0,12015.0,12199.0,11936.0,-0.686,2026-01-13 23:17,64361
ULTRACEMCO,2026-01-27,10000.0,2122.4,50.0,0.0,2.0,1900.0,100.0,12015.0,12199.0,11936.0,-0.686,2026-01-13 23:17,56612
ULTRACEMCO,2026-01-27,10200.0,0.0,0.0,0.0,0.05,150.0,0.0,12015.0,12199.0,11936.0,-0.686,2026-01-13 23:17,48912
ULTRACEMCO,2026-01-27,10300.0,0.0,0.0,0.0,0.05,100.0,0.0,12015.0,12199.0,11936.0,-0.686,2026-01-13 23:17,45059
ULTRACEMCO,2026-01-27,10400.0,0.0,0.0,0.0,0.1,1600.0,0.0,12015.0,12199.0,11936.0,-0.686,2026-01-13 23:17,41206
ULTRACEMCO,2026-01-27,10500.0,0.0,0.0,0.0,2.3,5200.0,200.0,12015.0,12199.0,11936.0,-0.686,2026-01-13 23:17,37370
ULTRACEMCO,2026-01-27,10600.0,0.0,0.0,0.0,13.4,750.0,200.0,12015.0,12199.0,11936.0,-0.686,2026-01-13 23:17,33584
ULTRACEMCO,2026-01-27,10700.0,0.0,0.0,0.0,0.75,1650.0,0.0,12015.0,12199.0,11936.0,-0.686,2026-01-13 23:17,29806
ULTRACEMCO,2026-01-27,10800.0,0.0,0.0,0.0,6.4,8350.0,3100.0,12015.0,12199.0,11936.0,-0.686,2026-01-13 23:17,26045
ULTRACEMCO,2026-01-27,10900.0,1203.3,0.0,0.0,3.95,16550.0,200.0,12015.0,12199.0,11936.0,-0.686,2026-01-13 23:17,22363
ULTRACEMCO,2026-01-27,11000.0,1200.0,1750.0,200.0,7.9,27800.0,12800.0,12015.0,12199.0,11936.0,-0.686,2026-01-13 23:17,18845
ULTRACEMCO,2026-01-27,11100.0,0.0,0.0,0.0,9.25,4400.0,1250.0,12015.0,12199.0,11936.0,-0.686,2026-01-13 23:17,15817
ULTRACEMCO,2026-01-27,11200.0,0.0,0.0,0.0,13.0,12550.0,2050.0,12015.0,12199.0,11936.0,-0.686,2026-01-13 23:17,12641
ULTRACEMCO,2026-01-27,11300.0,842.6,150.0,0.0,19.0,23700.0,10950.0,12015.0,12199.0,11936.0,-0.686,2026-01-13 23:17,9578
ULTRACEMCO,2026-01-27,11400.0,751.5,900.0,0.0,24.5,15950.0,14850.0,12015.0,12199.0,11936.0,-0.686,2026-01-13 23:17,6738
ULTRACEMCO,2026-01-27,11500.0,645.9,10000.0,0.0,35.5,59400.0,68550.0,12015.0,12199.0,11936.0,-0.686,2026-01-13 23:17,4127
ULTRACEMCO,2026-01-27,11600.0,556.25,2500.0,0.0,48.75,15300.0,12650.0,12015.0,12199.0,11936.0,-0.686,2026-01-13 23:17,2616
ULTRACEMCO,2026-01-27,11700.0,428.0,7100.0,550.0,68.0,20650.0,22800.0,12015.0,12199.0,11936.0,-0.686,2026-01-13 23:17,913
ULTRACEMCO,2026-01-27,11800.0,361.05,14050.0,7300.0,93.85,26650.0,35700.0,12015.0,12199.0,11936.0,-0.686,2026-01-13 23:17,-412
ULTRACEMCO,2026-01-27,11900.0,285.5,15750.0,10550.0,122.5,20500.0,38950.0,12015.0,12199.0,11936.0,-0.686,2026-01-13 23:17,-1238
ULTRACEMCO,2026-01-27,12000.0,215.0,62450.0,136900.0,171.25,51050.0,94750.0,12015.0,12199.0,11936.0,-0.686,2026-01-13 23:17,-1760
ULTRACEMCO,2026-01-27,12100.0,165.65,34650.0,151950.0,217.45,22000.0,53550.0,12015.0,12199.0,11936.0,-0.686,2026-01-13 23:17,-877
ULTRACEMCO,2026-01-27,12200.0,128.0,100950.0,204600.0,274.35,20550.0,28300.0,12015.0,12199.0,11936.0,-0.686,2026-01-13 23:17,198
ULTRACEMCO,2026-01-27,12300.0,98.85,26400.0,81300.0,348.4,11050.0,3900.0,12015.0,12199.0,11936.0,-0.686,2026-01-13 23:17,3123
ULTRACEMCO,2026-01-27,12400.0,73.6,29950.0,72650.0,405.1,5900.0,650.0,12015.0,12199.0,11936.0,-0.686,2026-01-13 23:17,5569
ULTRACEMCO,2026-01-27,12500.0,52.15,67200.0,152550.0,489.05,5250.0,850.0,12015.0,12199.0,11936.0,-0.686,2026-01-13 23:17,8480
ULTRACEMCO,2026-01-27,12600.0,40.0,17250.0,43350.0,541.8,1950.0,0.0,12015.0,12199.0,11936.0,-0.686,2026-01-13 23:17,12227
ULTRACEMCO,2026-01-27,12700.0,26.95,31050.0,23100.0,0.0,0.0,0.0,12015.0,12199.0,11936.0,-0.686,2026-01-13 23:17,16036
ULTRACEMCO,2026-01-27,12800.0,22.05,17750.0,26650.0,0.0,0.0,0.0,12015.0,12199.0,11936.0,-0.686,2026-01-13 23:17,20275
ULTRACEMCO,2026-01-27,12900.0,16.5,41050.0,7650.0,798.0,50.0,0.0,12015.0,12199.0,11936.0,-0.686,2026-01-13 23:17,24648
ULTRACEMCO,2026-01-27,13000.0,14.1,68950.0,96950.0,976.9,6500.0,350.0,12015.0,12199.0,11936.0,-0.686,2026-01-13 23:17,29456
ULTRACEMCO,2026-01-27,13100.0,7.0,16400.0,0.0,0.0,0.0,0.0,12015.0,12199.0,11936.0,-0.686,2026-01-13 23:17,34418
ULTRACEMCO,2026-01-27,13200.0,9.15,12150.0,7500.0,0.0,0.0,0.0,12015.0,12199.0,11936.0,-0.686,2026-01-13 23:17,40092
ULTRACEMCO,2026-01-27,13300.0,7.7,3150.0,3300.0,0.0,0.0,0.0,12015.0,12199.0,11936.0,-0.686,2026-01-13 23:17,45888
ULTRACEMCO,2026-01-27,13400.0,6.0,4450.0,5250.0,0.0,0.0,0.0,12015.0,12199.0,11936.0,-0.686,2026-01-13 23:17,51706
ULTRACEMCO,2026-01-27,13600.0,5.5,1500.0,400.0,0.0,0.0,0.0,12015.0,12199.0,11936.0,-0.686,2026-01-13 23:17,63430
ULTRACEMCO,2026-01-27,13800.0,5.35,0.0,100.0,0.0,0.0,0.0,12015.0,12199.0,11936.0,-0.686,2026-01-13 23:17,75182
ULTRACEMCO,2026-01-27,14000.0,0.0,0.0,0.0,0.0,0.0,0.0,12015.0,12199.0,11936.0,-0.686,2026-01-13 23:17,86933
UNIONBANK,2026-01-27,125.0,0.0,0.0,0.0,0.01,26550.0,0.0,166.2,166.78,163.57,1.354,2026-01-13 23:17,66941
UNIONBANK,2026-01-27,130.0,34.3,53100.0,0.0,0.05,473475.0,0.0,166.2,166.78,163.57,1.354,2026-01-13 23:17,53128
UNIONBANK,2026-01-27,135.0,29.34,8850.0,0.0,0.07,1283250.0,269925.0,166.2,166.78,163.57,1.354,2026-01-13 23:17,39758
UNIONBANK,2026-01-27,137.5,26.87,17700.0,0.0,0.12,177000.0,0.0,166.2,166.78,163.57,1.354,2026-01-13 23:17,33324
UNIONBANK,2026-01-27,140.0,26.25,172575.0,22125.0,0.11,1168200.0,252225.0,166.2,166.78,163.57,1.354,2026-01-13 23:17,26966
UNIONBANK,2026-01-27,142.5,22.01,4425.0,0.0,0.25,367275.0,0.0,166.2,166.78,163.57,1.354,2026-01-13 23:17,21338
UNIONBANK,2026-01-27,145.0,22.0,376125.0,17700.0,0.26,1699200.0,548700.0,166.2,166.78,163.57,1.354,2026-01-13 23:17,15364
UNIONBANK,2026-01-27,147.5,17.35,181425.0,0.0,0.38,1044300.0,154875.0,166.2,166.78,163.57,1.354,2026-01-13 23:17,10691
UNIONBANK,2026-01-27,150.0,17.45,1044300.0,84075.0,0.53,3889575.0,2283300.0,166.2,166.78,163.57,1.354,2026-01-13 23:17,5817
UNIONBANK,2026-01-27,152.5,13.05,561975.0,0.0,0.73,1469100.0,672600.0,166.2,166.78,163.57,1.354,2026-01-13 23:17,3517
UNIONBANK,2026-01-27,155.0,12.88,1955850.0,168150.0,1.02,1995675.0,1845225.0,166.2,166.78,163.57,1.354,2026-01-13 23:17,735
UNIONBANK,2026-01-27,157.5,9.4,570825.0,35400.0,1.48,1411575.0,1557600.0,166.2,166.78,163.57,1.354,2026-01-13 23:17,630
UNIONBANK,2026-01-27,160.0,8.8,2880675.0,2208075.0,2.06,4787850.0,5407350.0,166.2,166.78,163.57,1.354,2026-01-13 23:17,-966
UNIONBANK,2026-01-27,162.5,7.08,827475.0,911550.0,2.82,946950.0,1305375.0,166.2,166.78,163.57,1.354,2026-01-13 23:17,574
UNIONBANK,2026-01-27,165.0,5.51,4057725.0,12580275.0,3.79,3433800.0,4637400.0,166.2,166.78,163.57,1.354,2026-01-13 23:17,1328
UNIONBANK,2026-01-27,167.5,4.3,2017800.0,8044650.0,4.94,429225.0,902700.0,166.2,166.78,163.57,1.354,2026-01-13 23:17,4571
UNIONBANK,2026-01-27,170.0,3.25,6863175.0,16837125.0,6.48,2004525.0,2230200.0,166.2,166.78,163.57,1.354,2026-01-13 23:17,8147
UNIONBANK,2026-01-27,172.5,2.42,1416000.0,2690400.0,9.95,132750.0,0.0,166.2,166.78,163.57,1.354,2026-01-13 23:17,14217
UNIONBANK,2026-01-27,175.0,1.81,3792225.0,6402975.0,9.78,637200.0,212400.0,166.2,166.78,163.57,1.354,2026-01-13 23:17,19952
UNIONBANK,2026-01-27,177.5,1.35,1898325.0,1345200.0,0.0,0.0,0.0,166.2,166.78,163.57,1.354,2026-01-13 23:17,26647
UNIONBANK,2026-01-27,180.0,1.02,3478050.0,6048975.0,14.02,84075.0,17700.0,166.2,166.78,163.57,1.354,2026-01-13 23:17,34010
UNIONBANK,2026-01-27,182.5,0.0,0.0,0.0,0.0,0.0,0.0,166.2,166.78,163.57,1.354,2026-01-13 23:17,42244
UNIONBANK,2026-01-27,185.0,0.59,1637250.0,1615125.0,0.0,0.0,0.0,166.2,166.78,163.57,1.354,2026-01-13 23:17,50241
UNIONBANK,2026-01-27,190.0,0.37,606225.0,1013325.0,24.2,190275.0,199125.0,166.2,166.78,163.57,1.354,2026-01-13 23:17,67150
UNITDSPR,2026-01-27,1100.0,0.0,0.0,0.0,0.0,0.0,0.0,1318.0,1334.4,1313.8,-0.723,2026-01-13 23:17,84973
UNITDSPR,2026-01-27,1120.0,0.0,0.0,0.0,0.0,0.0,0.0,1318.0,1334.4,1313.8,-0.723,2026-01-13 23:17,78549
UNITDSPR,2026-01-27,1140.0,0.0,0.0,0.0,0.0,0.0,0.0,1318.0,1334.4,1313.8,-0.723,2026-01-13 23:17,72125
UNITDSPR,2026-01-27,1160.0,0.0,0.0,0.0,0.0,0.0,0.0,1318.0,1334.4,1313.8,-0.723,2026-01-13 23:17,65701
UNITDSPR,2026-01-27,1180.0,0.0,0.0,0.0,0.0,0.0,0.0,1318.0,1334.4,1313.8,-0.723,2026-01-13 23:17,59277
UNITDSPR,2026-01-27,1200.0,0.0,0.0,0.0,1.5,4000.0,0.0,1318.0,1334.4,1313.8,-0.723,2026-01-13 23:17,52853
UNITDSPR,2026-01-27,1210.0,0.0,0.0,0.0,0.0,0.0,0.0,1318.0,1334.4,1313.8,-0.723,2026-01-13 23:17,49644
UNITDSPR,2026-01-27,1220.0,0.0,0.0,0.0,2.55,19600.0,14000.0,1318.0,1334.4,1313.8,-0.723,2026-01-13 23:17,46436
UNITDSPR,2026-01-27,1230.0,0.0,0.0,0.0,0.0,0.0,0.0,1318.0,1334.4,1313.8,-0.723,2026-01-13 23:17,43243
UNITDSPR,2026-01-27,1240.0,0.0,0.0,0.0,4.35,87600.0,115600.0,1318.0,1334.4,1313.8,-0.723,2026-01-13 23:17,40055
UNITDSPR,2026-01-27,1250.0,0.0,0.0,0.0,0.0,0.0,0.0,1318.0,1334.4,1313.8,-0.723,2026-01-13 23:17,36916
UNITDSPR,2026-01-27,1260.0,65.85,1600.0,3200.0,7.0,150000.0,32400.0,1318.0,1334.4,1313.8,-0.723,2026-01-13 23:17,33815
UNITDSPR,2026-01-27,1270.0,0.0,0.0,0.0,0.0,0.0,0.0,1318.0,1334.4,1313.8,-0.723,2026-01-13 23:17,30771
UNITDSPR,2026-01-27,1280.0,63.15,2000.0,0.0,11.7,221600.0,33600.0,1318.0,1334.4,1313.8,-0.723,2026-01-13 23:17,27822
UNITDSPR,2026-01-27,1290.0,0.0,0.0,0.0,11.0,28800.0,0.0,1318.0,1334.4,1313.8,-0.723,2026-01-13 23:17,24850
UNITDSPR,2026-01-27,1300.0,35.0,49200.0,4400.0,19.0,308800.0,110800.0,1318.0,1334.4,1313.8,-0.723,2026-01-13 23:17,22121
UNITDSPR,2026-01-27,1310.0,30.65,18400.0,8000.0,23.9,114000.0,25200.0,1318.0,1334.4,1313.8,-0.723,2026-01-13 23:17,19368
UNITDSPR,2026-01-27,1320.0,24.5,181600.0,303200.0,28.85,184800.0,168800.0,1318.0,1334.4,1313.8,-0.723,2026-01-13 23:17,16945
UNITDSPR,2026-01-27,1330.0,19.5,98800.0,109200.0,35.05,67600.0,30800.0,1318.0,1334.4,1313.8,-0.723,2026-01-13 23:17,15017
UNITDSPR,2026-01-27,1340.0,16.2,130800.0,126400.0,41.05,120400.0,9200.0,1318.0,1334.4,1313.8,-0.723,2026-01-13 23:17,13299
UNITDSPR,2026-01-27,1350.0,13.25,155200.0,78800.0,46.95,129600.0,4400.0,1318.0,1334.4,1313.8,-0.723,2026-01-13 23:17,11595
UNITDSPR,2026-01-27,1360.0,10.9,194800.0,97200.0,44.45,123200.0,0.0,1318.0,1334.4,1313.8,-0.723,2026-01-13 23:17,10054
UNITDSPR,2026-01-27,1370.0,9.0,99600.0,47600.0,57.3,59600.0,6800.0,1318.0,1334.4,1313.8,-0.723,2026-01-13 23:17,8899
UNITDSPR,2026-01-27,1380.0,7.6,236800.0,123600.0,71.3,130000.0,6400.0,1318.0,1334.4,1313.8,-0.723,2026-01-13 23:17,7987
UNITDSPR,2026-01-27,1390.0,6.35,112800.0,37200.0,74.0,101600.0,1200.0,1318.0,1334.4,1313.8,-0.723,2026-01-13 23:17,6947
UNITDSPR,2026-01-27,1400.0,5.15,586400.0,526400.0,86.0,359200.0,5200.0,1318.0,1334.4,1313.8,-0.723,2026-01-13 23:17,6187
UNITDSPR,2026-01-27,1410.0,4.45,142800.0,102800.0,83.55,66400.0,0.0,1318.0,1334.4,1313.8,-0.723,2026-01-13 23:17,4266
UNITDSPR,2026-01-27,1420.0,3.75,280800.0,92800.0,94.2,141600.0,0.0,1318.0,1334.4,1313.8,-0.723,2026-01-13 23:17,4851
UNITDSPR,2026-01-27,1430.0,3.1,160400.0,68000.0,112.0,126400.0,0.0,1318.0,1334.4,1313.8,-0.723,2026-01-13 23:17,5120
UNITDSPR,2026-01-27,1440.0,2.65,765600.0,84800.0,107.75,189200.0,0.0,1318.0,1334.4,1313.8,-0.723,2026-01-13 23:17,5539
UNITDSPR,2026-01-27,1450.0,2.35,373600.0,157200.0,130.6,105200.0,0.0,1318.0,1334.4,1313.8,-0.723,2026-01-13 23:17,6443
UNITDSPR,2026-01-27,1460.0,2.05,222000.0,153600.0,125.0,20000.0,0.0,1318.0,1334.4,1313.8,-0.723,2026-01-13 23:17,8375
UNITDSPR,2026-01-27,1470.0,1.75,175600.0,17600.0,93.35,9600.0,0.0,1318.0,1334.4,1313.8,-0.723,2026-01-13 23:17,11631
UNITDSPR,2026-01-27,1480.0,1.5,120800.0,6800.0,77.95,4800.0,0.0,1318.0,1334.4,1313.8,-0.723,2026-01-13 23:17,15218
UNITDSPR,2026-01-27,1490.0,2.05,27600.0,0.0,0.0,0.0,0.0,1318.0,1334.4,1313.8,-0.723,2026-01-13 23:17,18970
UNITDSPR,2026-01-27,1500.0,1.15,545600.0,218000.0,179.25,201200.0,0.0,1318.0,1334.4,1313.8,-0.723,2026-01-13 23:17,22774
UNITDSPR,2026-01-27,1510.0,0.6,29600.0,1600.0,0.0,0.0,0.0,1318.0,1334.4,1313.8,-0.723,2026-01-13 23:17,23776
UNITDSPR,2026-01-27,1520.0,1.0,71200.0,1600.0,191.95,15600.0,1200.0,1318.0,1334.4,1313.8,-0.723,2026-01-13 23:17,28353
UNITDSPR,2026-01-27,1530.0,2.05,8400.0,0.0,0.0,0.0,0.0,1318.0,1334.4,1313.8,-0.723,2026-01-13 23:17,32723
UNITDSPR,2026-01-27,1540.0,1.15,16800.0,0.0,211.7,1600.0,1200.0,1318.0,1334.4,1313.8,-0.723,2026-01-13 23:17,37395
UNITDSPR,2026-01-27,1550.0,0.8,69200.0,1200.0,0.0,0.0,0.0,1318.0,1334.4,1313.8,-0.723,2026-01-13 23:17,42052
UNITDSPR,2026-01-27,1560.0,1.05,25600.0,0.0,0.0,0.0,0.0,1318.0,1334.4,1313.8,-0.723,2026-01-13 23:17,46815
UNITDSPR,2026-01-27,1570.0,0.45,58800.0,800.0,0.0,0.0,0.0,1318.0,1334.4,1313.8,-0.723,2026-01-13 23:17,51601
UNITDSPR,2026-01-27,1580.0,0.9,30800.0,0.0,0.0,0.0,0.0,1318.0,1334.4,1313.8,-0.723,2026-01-13 23:17,56446
UNITDSPR,2026-01-27,1600.0,0.5,125200.0,400.0,271.3,119600.0,1200.0,1318.0,1334.4,1313.8,-0.723,2026-01-13 23:17,66196
UNITDSPR,2026-01-27,1620.0,1.4,7600.0,0.0,0.0,0.0,0.0,1318.0,1334.4,1313.8,-0.723,2026-01-13 23:17,73193
UNITDSPR,2026-01-27,1640.0,1.0,400.0,0.0,0.0,0.0,0.0,1318.0,1334.4,1313.8,-0.723,2026-01-13 23:17,83445
UNITDSPR,2026-01-27,1660.0,0.2,6800.0,7600.0,221.0,400.0,0.0,1318.0,1334.4,1313.8,-0.723,2026-01-13 23:17,93697
UNOMINDA,2026-01-27,1000.0,0.0,0.0,0.0,0.0,0.0,0.0,1200.9,1222.6,1188.3,-0.752,2026-01-13 23:17,22531
UNOMINDA,2026-01-27,1040.0,238.35,0.0,0.0,1.7,32450.0,40700.0,1200.9,1222.6,1188.3,-0.752,2026-01-13 23:17,18608
UNOMINDA,2026-01-27,1080.0,0.0,0.0,0.0,2.35,12100.0,22550.0,1200.9,1222.6,1188.3,-0.752,2026-01-13 23:17,14810
UNOMINDA,2026-01-27,1100.0,0.0,0.0,0.0,3.3,17050.0,11000.0,1200.9,1222.6,1188.3,-0.752,2026-01-13 23:17,12935
UNOMINDA,2026-01-27,1120.0,188.6,0.0,0.0,4.65,49500.0,69300.0,1200.9,1222.6,1188.3,-0.752,2026-01-13 23:17,11091
UNOMINDA,2026-01-27,1140.0,65.15,1650.0,4400.0,7.05,52800.0,32450.0,1200.9,1222.6,1188.3,-0.752,2026-01-13 23:17,9329
UNOMINDA,2026-01-27,1160.0,52.05,1650.0,4400.0,11.0,45650.0,96800.0,1200.9,1222.6,1188.3,-0.752,2026-01-13 23:17,7672
UNOMINDA,2026-01-27,1180.0,37.4,5500.0,17600.0,17.2,35200.0,43450.0,1200.9,1222.6,1188.3,-0.752,2026-01-13 23:17,6095
UNOMINDA,2026-01-27,1200.0,26.25,61050.0,111100.0,26.0,134750.0,336050.0,1200.9,1222.6,1188.3,-0.752,2026-01-13 23:17,4601
UNOMINDA,2026-01-27,1220.0,18.0,62700.0,111650.0,36.35,56650.0,111100.0,1200.9,1222.6,1188.3,-0.752,2026-01-13 23:17,3348
UNOMINDA,2026-01-27,1240.0,11.9,50050.0,99550.0,45.95,92950.0,4400.0,1200.9,1222.6,1188.3,-0.752,2026-01-13 23:17,2431
UNOMINDA,2026-01-27,1260.0,6.8,97350.0,120450.0,63.0,87450.0,6050.0,1200.9,1222.6,1188.3,-0.752,2026-01-13 23:17,1526
UNOMINDA,2026-01-27,1280.0,4.5,149050.0,70950.0,78.0,50600.0,4400.0,1200.9,1222.6,1188.3,-0.752,2026-01-13 23:17,873
UNOMINDA,2026-01-27,1300.0,2.8,215050.0,161700.0,87.75,96250.0,0.0,1200.9,1222.6,1188.3,-0.752,2026-01-13 23:17,776
UNOMINDA,2026-01-27,1320.0,2.1,205700.0,137500.0,103.05,47300.0,0.0,1200.9,1222.6,1188.3,-0.752,2026-01-13 23:17,845
UNOMINDA,2026-01-27,1340.0,1.65,222750.0,35750.0,141.15,130350.0,550.0,1200.9,1222.6,1188.3,-0.752,2026-01-13 23:17,1761
UNOMINDA,2026-01-27,1360.0,1.25,157850.0,24200.0,143.25,32450.0,0.0,1200.9,1222.6,1188.3,-0.752,2026-01-13 23:17,2023
UNOMINDA,2026-01-27,1380.0,1.3,99550.0,0.0,66.75,0.0,0.0,1200.9,1222.6,1188.3,-0.752,2026-01-13 23:17,4025
UNOMINDA,2026-01-27,1400.0,1.0,254650.0,22000.0,110.8,3850.0,0.0,1200.9,1222.6,1188.3,-0.752,2026-01-13 23:17,6683
UNOMINDA,2026-01-27,1420.0,0.55,176000.0,12650.0,219.8,3300.0,1650.0,1200.9,1222.6,1188.3,-0.752,2026-01-13 23:17,9828
UNOMINDA,2026-01-27,1440.0,0.75,57750.0,550.0,0.0,0.0,0.0,1200.9,1222.6,1188.3,-0.752,2026-01-13 23:17,13287
UNOMINDA,2026-01-27,1460.0,1.05,2750.0,1100.0,0.0,0.0,0.0,1200.9,1222.6,1188.3,-0.752,2026-01-13 23:17,16927
UNOMINDA,2026-01-27,1480.0,0.4,25300.0,22550.0,0.0,0.0,0.0,1200.9,1222.6,1188.3,-0.752,2026-01-13 23:17,20570
UNOMINDA,2026-01-27,1520.0,0.45,2200.0,0.0,195.1,0.0,0.0,1200.9,1222.6,1188.3,-0.752,2026-01-13 23:17,27956
UPL,2026-01-27,600.0,183.0,9485.0,0.0,0.0,0.0,0.0,770.3,780.5,764.7,-0.459,2026-01-13 23:17,111113
UPL,2026-01-27,640.0,144.9,31165.0,0.0,0.0,0.0,0.0,770.3,780.5,764.7,-0.459,2026-01-13 23:17,81954
UPL,2026-01-27,660.0,148.7,9485.0,0.0,0.3,16260.0,0.0,770.3,780.5,764.7,-0.459,2026-01-13 23:17,67801
UPL,2026-01-27,670.0,0.0,0.0,0.0,0.45,81300.0,0.0,770.3,780.5,764.7,-0.459,2026-01-13 23:17,60665
UPL,2026-01-27,680.0,103.0,4065.0,0.0,0.6,111110.0,4065.0,770.3,780.5,764.7,-0.459,2026-01-13 23:17,53467
UPL,2026-01-27,690.0,91.0,2710.0,0.0,0.95,74525.0,81300.0,770.3,780.5,764.7,-0.459,2026-01-13 23:17,46422
UPL,2026-01-27,700.0,70.0,131435.0,5420.0,0.9,478315.0,254740.0,770.3,780.5,764.7,-0.459,2026-01-13 23:17,39437
UPL,2026-01-27,710.0,0.0,0.0,0.0,1.3,165310.0,37940.0,770.3,780.5,764.7,-0.459,2026-01-13 23:17,33921
UPL,2026-01-27,720.0,60.35,71815.0,0.0,1.8,318425.0,189700.0,770.3,780.5,764.7,-0.459,2026-01-13 23:17,27672
UPL,2026-01-27,730.0,50.05,13550.0,0.0,2.7,329265.0,230350.0,770.3,780.5,764.7,-0.459,2026-01-13 23:17,22211
UPL,2026-01-27,740.0,34.2,98915.0,40650.0,4.1,495930.0,295390.0,770.3,780.5,764.7,-0.459,2026-01-13 23:17,16695
UPL,2026-01-27,750.0,32.5,161245.0,86720.0,6.3,708665.0,475605.0,770.3,780.5,764.7,-0.459,2026-01-13 23:17,11930
UPL,2026-01-27,760.0,24.45,144985.0,165310.0,9.05,462055.0,575875.0,770.3,780.5,764.7,-0.459,2026-01-13 23:17,7978
UPL,2026-01-27,770.0,17.85,345525.0,913270.0,13.0,509480.0,644980.0,770.3,780.5,764.7,-0.459,2026-01-13 23:17,4492
UPL,2026-01-27,780.0,13.25,1120585.0,1833315.0,18.35,834680.0,737120.0,770.3,780.5,764.7,-0.459,2026-01-13 23:17,1879
UPL,2026-01-27,790.0,9.55,775060.0,1082645.0,24.3,527095.0,90785.0,770.3,780.5,764.7,-0.459,2026-01-13 23:17,1219
UPL,2026-01-27,800.0,6.65,4318385.0,3586685.0,32.45,1311640.0,521675.0,770.3,780.5,764.7,-0.459,2026-01-13 23:17,1368
UPL,2026-01-27,810.0,4.75,1579930.0,1176140.0,43.5,460700.0,52845.0,770.3,780.5,764.7,-0.459,2026-01-13 23:17,6304
UPL,2026-01-27,820.0,3.4,1364485.0,623300.0,50.85,197830.0,18970.0,770.3,780.5,764.7,-0.459,2026-01-13 23:17,13410
UPL,2026-01-27,830.0,2.55,582650.0,283195.0,65.0,128725.0,0.0,770.3,780.5,764.7,-0.459,2026-01-13 23:17,22791
UPL,2026-01-27,840.0,1.75,499995.0,188345.0,62.85,65040.0,0.0,770.3,780.5,764.7,-0.459,2026-01-13 23:17,32737
UPL,2026-01-27,850.0,1.5,1212725.0,429535.0,79.0,43360.0,2710.0,770.3,780.5,764.7,-0.459,2026-01-13 23:17,43615
UPL,2026-01-27,860.0,1.05,376690.0,60975.0,63.5,21680.0,0.0,770.3,780.5,764.7,-0.459,2026-01-13 23:17,55909
UPL,2026-01-27,870.0,0.8,210025.0,32520.0,0.0,0.0,0.0,770.3,780.5,764.7,-0.459,2026-01-13 23:17,68665
UPL,2026-01-27,880.0,0.75,685630.0,173440.0,104.0,1355.0,0.0,770.3,780.5,764.7,-0.459,2026-01-13 23:17,81745
UPL,2026-01-27,890.0,0.5,18970.0,0.0,0.0,0.0,0.0,770.3,780.5,764.7,-0.459,2026-01-13 23:17,95533
UPL,2026-01-27,900.0,0.45,472895.0,40650.0,0.0,0.0,0.0,770.3,780.5,764.7,-0.459,2026-01-13 23:17,109303
UPL,2026-01-27,920.0,0.5,39295.0,6775.0,0.0,0.0,0.0,770.3,780.5,764.7,-0.459,2026-01-13 23:17,137809
VBL,2026-01-27,400.0,76.0,5625.0,0.0,0.1,16875.0,0.0,500.75,502.1,489.3,1.407,2026-01-13 23:17,50337
VBL,2026-01-27,410.0,0.0,0.0,0.0,0.2,75375.0,0.0,500.75,502.1,489.3,1.407,2026-01-13 23:17,42185
VBL,2026-01-27,420.0,78.9,4500.0,0.0,0.2,147375.0,21375.0,500.75,502.1,489.3,1.407,2026-01-13 23:17,34064
VBL,2026-01-27,425.0,0.0,0.0,0.0,0.2,2250.0,0.0,500.75,502.1,489.3,1.407,2026-01-13 23:17,30113
VBL,2026-01-27,430.0,69.7,6750.0,0.0,0.35,92250.0,2250.0,500.75,502.1,489.3,1.407,2026-01-13 23:17,26131
VBL,2026-01-27,435.0,0.0,0.0,0.0,0.55,34875.0,0.0,500.75,502.1,489.3,1.407,2026-01-13 23:17,22241
VBL,2026-01-27,440.0,60.75,207000.0,2250.0,0.5,235125.0,31500.0,500.75,502.1,489.3,1.407,2026-01-13 23:17,18324
VBL,2026-01-27,445.0,0.0,0.0,0.0,0.6,147375.0,100125.0,500.75,502.1,489.3,1.407,2026-01-13 23:17,15875
VBL,2026-01-27,450.0,49.0,33750.0,1125.0,0.7,312750.0,135000.0,500.75,502.1,489.3,1.407,2026-01-13 23:17,12246
VBL,2026-01-27,455.0,39.0,7875.0,0.0,0.75,138375.0,18000.0,500.75,502.1,489.3,1.407,2026-01-13 23:17,8942
VBL,2026-01-27,460.0,34.45,42750.0,2250.0,1.15,1049625.0,196875.0,500.75,502.1,489.3,1.407,2026-01-13 23:17,5587
VBL,2026-01-27,465.0,0.0,0.0,0.0,1.4,123750.0,90000.0,500.75,502.1,489.3,1.407,2026-01-13 23:17,2786
VBL,2026-01-27,470.0,26.3,220500.0,13500.0,1.9,964125.0,990000.0,500.75,502.1,489.3,1.407,2026-01-13 23:17,2
VBL,2026-01-27,475.0,26.05,40500.0,4500.0,2.4,1740375.0,1104750.0,500.75,502.1,489.3,1.407,2026-01-13 23:17,-1774
VBL,2026-01-27,480.0,23.75,534375.0,227250.0,3.25,1150875.0,1110375.0,500.75,502.1,489.3,1.407,2026-01-13 23:17,-3370
VBL,2026-01-27,485.0,20.0,277875.0,794250.0,4.3,393750.0,459000.0,500.75,502.1,489.3,1.407,2026-01-13 23:17,-2916
VBL,2026-01-27,490.0,16.05,451125.0,778500.0,5.65,437625.0,960750.0,500.75,502.1,489.3,1.407,2026-01-13 23:17,-2635
VBL,2026-01-27,495.0,12.7,489375.0,775125.0,7.55,137250.0,479250.0,500.75,502.1,489.3,1.407,2026-01-13 23:17,-1819
VBL,2026-01-27,500.0,10.6,2256750.0,3489750.0,9.9,649125.0,499500.0,500.75,502.1,489.3,1.407,2026-01-13 23:17,-648
VBL,2026-01-27,505.0,8.05,385875.0,1010250.0,12.55,75375.0,160875.0,500.75,502.1,489.3,1.407,2026-01-13 23:17,3206
VBL,2026-01-27,510.0,6.4,1054125.0,1737000.0,15.7,131625.0,126000.0,500.75,502.1,489.3,1.407,2026-01-13 23:17,5758
VBL,2026-01-27,515.0,4.8,221625.0,433125.0,27.85,42750.0,0.0,500.75,502.1,489.3,1.407,2026-01-13 23:17,9155
VBL,2026-01-27,520.0,3.65,831375.0,1819125.0,22.9,58500.0,4500.0,500.75,502.1,489.3,1.407,2026-01-13 23:17,12203
VBL,2026-01-27,525.0,2.75,285750.0,198000.0,0.0,0.0,0.0,500.75,502.1,489.3,1.407,2026-01-13 23:17,15879
VBL,2026-01-27,530.0,2.1,569250.0,590625.0,31.2,22500.0,0.0,500.75,502.1,489.3,1.407,2026-01-13 23:17,19606
VBL,2026-01-27,535.0,1.85,55125.0,25875.0,0.0,0.0,0.0,500.75,502.1,489.3,1.407,2026-01-13 23:17,23600
VBL,2026-01-27,540.0,1.3,497250.0,320625.0,40.85,18000.0,2250.0,500.75,502.1,489.3,1.407,2026-01-13 23:17,27583
VBL,2026-01-27,545.0,1.2,20250.0,15750.0,0.0,0.0,0.0,500.75,502.1,489.3,1.407,2026-01-13 23:17,31804
VBL,2026-01-27,550.0,1.05,916875.0,162000.0,61.65,18000.0,0.0,500.75,502.1,489.3,1.407,2026-01-13 23:17,36047
VBL,2026-01-27,555.0,0.0,0.0,0.0,0.0,0.0,0.0,500.75,502.1,489.3,1.407,2026-01-13 23:17,40739
VBL,2026-01-27,560.0,0.65,1193625.0,405000.0,73.0,1125.0,0.0,500.75,502.1,489.3,1.407,2026-01-13 23:17,45447
VBL,2026-01-27,570.0,0.6,63000.0,36000.0,0.0,0.0,0.0,500.75,502.1,489.3,1.407,2026-01-13 23:17,56126
VBL,2026-01-27,580.0,0.2,13500.0,0.0,0.0,0.0,0.0,500.75,502.1,489.3,1.407,2026-01-13 23:17,66803
VEDL,2026-01-27,440.0,191.0,134550.0,16100.0,0.2,119600.0,14950.0,637.0,642.5,629.1,1.538,2026-01-13 23:17,255786
VEDL,2026-01-27,450.0,151.55,9200.0,0.0,0.25,86250.0,33350.0,637.0,642.5,629.1,1.538,2026-01-13 23:17,233450
VEDL,2026-01-27,460.0,160.35,44850.0,0.0,0.25,136850.0,0.0,637.0,642.5,629.1,1.538,2026-01-13 23:17,208779
VEDL,2026-01-27,465.0,0.0,0.0,0.0,0.3,23000.0,0.0,637.0,642.5,629.1,1.538,2026-01-13 23:17,197182
VEDL,2026-01-27,470.0,147.5,21850.0,0.0,0.3,212750.0,1150.0,637.0,642.5,629.1,1.538,2026-01-13 23:17,184880
VEDL,2026-01-27,475.0,122.0,9200.0,0.0,0.3,80500.0,0.0,637.0,642.5,629.1,1.538,2026-01-13 23:17,173011
VEDL,2026-01-27,480.0,124.2,49450.0,0.0,0.25,446200.0,10350.0,637.0,642.5,629.1,1.538,2026-01-13 23:17,160982
VEDL,2026-01-27,485.0,121.0,5750.0,0.0,0.35,27600.0,0.0,637.0,642.5,629.1,1.538,2026-01-13 23:17,149693
VEDL,2026-01-27,490.0,115.0,1150.0,0.0,0.3,189750.0,13800.0,637.0,642.5,629.1,1.538,2026-01-13 23:17,137887
VEDL,2026-01-27,495.0,118.5,8050.0,0.0,0.4,49450.0,0.0,637.0,642.5,629.1,1.538,2026-01-13 23:17,126115
VEDL,2026-01-27,500.0,137.0,104650.0,3450.0,0.4,1480050.0,211600.0,637.0,642.5,629.1,1.538,2026-01-13 23:17,114458
VEDL,2026-01-27,505.0,98.5,3450.0,0.0,0.5,41400.0,0.0,637.0,642.5,629.1,1.538,2026-01-13 23:17,104874
VEDL,2026-01-27,510.0,130.6,565800.0,1150.0,0.4,182850.0,48300.0,637.0,642.5,629.1,1.538,2026-01-13 23:17,93970
VEDL,2026-01-27,515.0,120.1,3450.0,1150.0,0.55,65550.0,0.0,637.0,642.5,629.1,1.538,2026-01-13 23:17,90790
VEDL,2026-01-27,520.0,111.95,524400.0,12650.0,0.45,626750.0,39100.0,637.0,642.5,629.1,1.538,2026-01-13 23:17,80301
VEDL,2026-01-27,525.0,71.25,4600.0,0.0,0.5,102350.0,16100.0,637.0,642.5,629.1,1.538,2026-01-13 23:17,76192
VEDL,2026-01-27,530.0,107.0,142600.0,3450.0,0.6,795800.0,75900.0,637.0,642.5,629.1,1.538,2026-01-13 23:17,66322
VEDL,2026-01-27,535.0,0.0,0.0,0.0,0.7,98900.0,51750.0,637.0,642.5,629.1,1.538,2026-01-13 23:17,58371
VEDL,2026-01-27,540.0,102.5,200100.0,10350.0,0.7,1032700.0,119600.0,637.0,642.5,629.1,1.538,2026-01-13 23:17,48984
VEDL,2026-01-27,545.0,75.4,8050.0,0.0,0.75,118450.0,14950.0,637.0,642.5,629.1,1.538,2026-01-13 23:17,42200
VEDL,2026-01-27,550.0,87.2,649750.0,44850.0,0.85,1846900.0,673900.0,637.0,642.5,629.1,1.538,2026-01-13 23:17,33552
VEDL,2026-01-27,555.0,52.65,14950.0,0.0,1.05,182850.0,78200.0,637.0,642.5,629.1,1.538,2026-01-13 23:17,31610
VEDL,2026-01-27,560.0,74.0,307050.0,20700.0,1.05,772800.0,569250.0,637.0,642.5,629.1,1.538,2026-01-13 23:17,24317
VEDL,2026-01-27,565.0,75.1,67850.0,3450.0,1.15,189750.0,194350.0,637.0,642.5,629.1,1.538,2026-01-13 23:17,19695
VEDL,2026-01-27,570.0,67.5,596850.0,49450.0,1.35,902750.0,565800.0,637.0,642.5,629.1,1.538,2026-01-13 23:17,13499
VEDL,2026-01-27,575.0,66.0,151800.0,1150.0,1.6,236900.0,461150.0,637.0,642.5,629.1,1.538,2026-01-13 23:17,11472
VEDL,2026-01-27,580.0,58.6,558900.0,353050.0,1.8,1505350.0,1695100.0,637.0,642.5,629.1,1.538,2026-01-13 23:17,6696
VEDL,2026-01-27,585.0,49.2,72450.0,12650.0,2.2,491050.0,589950.0,637.0,642.5,629.1,1.538,2026-01-13 23:17,4993
VEDL,2026-01-27,590.0,48.7,671600.0,70150.0,2.55,1621500.0,1367350.0,637.0,642.5,629.1,1.538,2026-01-13 23:17,816
VEDL,2026-01-27,595.0,45.35,288650.0,11500.0,3.05,539350.0,579600.0,637.0,642.5,629.1,1.538,2026-01-13 23:17,394
VEDL,2026-01-27,600.0,40.05,2438000.0,2003300.0,3.8,3243000.0,3682300.0,637.0,642.5,629.1,1.538,2026-01-13 23:17,-1326
VEDL,2026-01-27,605.0,35.5,287500.0,58650.0,4.6,417450.0,907350.0,637.0,642.5,629.1,1.538,2026-01-13 23:17,7180
VEDL,2026-01-27,610.0,32.15,1266150.0,677350.0,5.4,1060300.0,2710550.0,637.0,642.5,629.1,1.538,2026-01-13 23:17,8336
VEDL,2026-01-27,615.0,28.3,577300.0,361100.0,6.85,408250.0,1470850.0,637.0,642.5,629.1,1.538,2026-01-13 23:17,13325
VEDL,2026-01-27,620.0,24.4,1940050.0,4000850.0,8.35,1394950.0,4989850.0,637.0,642.5,629.1,1.538,2026-01-13 23:17,16663
VEDL,2026-01-27,625.0,21.4,677350.0,2323000.0,10.1,686550.0,3045200.0,637.0,642.5,629.1,1.538,2026-01-13 23:17,23883
VEDL,2026-01-27,630.0,18.4,2525400.0,7993650.0,12.25,1159200.0,5758050.0,637.0,642.5,629.1,1.538,2026-01-13 23:17,28973
VEDL,2026-01-27,635.0,15.9,953350.0,7992500.0,14.65,366850.0,2892250.0,637.0,642.5,629.1,1.538,2026-01-13 23:17,38375
VEDL,2026-01-27,640.0,13.75,5982300.0,14376150.0,17.3,1393800.0,4925450.0,637.0,642.5,629.1,1.538,2026-01-13 23:17,46189
VEDL,2026-01-27,645.0,11.5,859050.0,4953050.0,20.25,167900.0,540500.0,637.0,642.5,629.1,1.538,2026-01-13 23:17,62527
VEDL,2026-01-27,650.0,9.85,4619550.0,13092750.0,23.4,405950.0,761300.0,637.0,642.5,629.1,1.538,2026-01-13 23:17,74212
VEDL,2026-01-27,655.0,8.2,345000.0,1633000.0,26.2,19550.0,60950.0,637.0,642.5,629.1,1.538,2026-01-13 23:17,91362
VEDL,2026-01-27,660.0,6.8,1948100.0,6158250.0,30.0,62100.0,62100.0,637.0,642.5,629.1,1.538,2026-01-13 23:17,105326
VEDL,2026-01-27,665.0,5.75,271400.0,1163800.0,33.5,11500.0,17250.0,637.0,642.5,629.1,1.538,2026-01-13 23:17,121202
VEDL,2026-01-27,670.0,4.8,2373600.0,4263050.0,38.25,95450.0,48300.0,637.0,642.5,629.1,1.538,2026-01-13 23:17,136198
VEDL,2026-01-27,675.0,4.05,192050.0,439300.0,0.0,0.0,0.0,637.0,642.5,629.1,1.538,2026-01-13 23:17,153085
VEDL,2026-01-27,680.0,3.3,1427150.0,2314950.0,0.0,0.0,0.0,637.0,642.5,629.1,1.538,2026-01-13 23:17,169372
VEDL,2026-01-27,690.0,2.5,1292600.0,1520300.0,65.0,25300.0,0.0,637.0,642.5,629.1,1.538,2026-01-13 23:17,203689
VEDL,2026-01-27,700.0,1.85,1459350.0,3275200.0,64.2,33350.0,10350.0,637.0,642.5,629.1,1.538,2026-01-13 23:17,239011
VEDL,2026-01-27,710.0,1.35,330050.0,910800.0,0.0,0.0,0.0,637.0,642.5,629.1,1.538,2026-01-13 23:17,275723
VOLTAS,2026-01-27,1120.0,361.7,1500.0,0.0,0.05,750.0,0.0,1455.0,1479.8,1445.5,-0.899,2026-01-13 23:17,54945
VOLTAS,2026-01-27,1160.0,311.05,750.0,0.0,0.45,15750.0,4125.0,1455.0,1479.8,1445.5,-0.899,2026-01-13 23:17,45635
VOLTAS,2026-01-27,1180.0,0.0,0.0,0.0,0.5,63750.0,0.0,1455.0,1479.8,1445.5,-0.899,2026-01-13 23:17,41009
VOLTAS,2026-01-27,1200.0,255.85,8250.0,2250.0,0.5,86250.0,375.0,1455.0,1479.8,1445.5,-0.899,2026-01-13 23:17,36484
VOLTAS,2026-01-27,1220.0,0.0,0.0,0.0,0.15,42000.0,0.0,1455.0,1479.8,1445.5,-0.899,2026-01-13 23:17,32358
VOLTAS,2026-01-27,1240.0,231.55,2250.0,0.0,0.65,36375.0,3750.0,1455.0,1479.8,1445.5,-0.899,2026-01-13 23:17,28108
VOLTAS,2026-01-27,1260.0,222.1,9000.0,0.0,0.85,71250.0,6750.0,1455.0,1479.8,1445.5,-0.899,2026-01-13 23:17,23986
VOLTAS,2026-01-27,1280.0,177.5,10125.0,2250.0,1.05,79500.0,9000.0,1455.0,1479.8,1445.5,-0.899,2026-01-13 23:17,20169
VOLTAS,2026-01-27,1300.0,173.2,18375.0,0.0,1.2,118875.0,37500.0,1455.0,1479.8,1445.5,-0.899,2026-01-13 23:17,16509
VOLTAS,2026-01-27,1320.0,154.45,16125.0,0.0,1.7,71625.0,36750.0,1455.0,1479.8,1445.5,-0.899,2026-01-13 23:17,13256
VOLTAS,2026-01-27,1340.0,118.65,21000.0,7125.0,2.2,102000.0,32250.0,1455.0,1479.8,1445.5,-0.899,2026-01-13 23:17,10111
VOLTAS,2026-01-27,1360.0,95.05,35625.0,3750.0,3.3,208500.0,36375.0,1455.0,1479.8,1445.5,-0.899,2026-01-13 23:17,7202
VOLTAS,2026-01-27,1380.0,100.2,72375.0,0.0,5.0,269625.0,83250.0,1455.0,1479.8,1445.5,-0.899,2026-01-13 23:17,4824
VOLTAS,2026-01-27,1400.0,69.95,116625.0,80250.0,7.95,319125.0,339750.0,1455.0,1479.8,1445.5,-0.899,2026-01-13 23:17,3451
VOLTAS,2026-01-27,1420.0,54.95,76500.0,9375.0,12.3,129375.0,98250.0,1455.0,1479.8,1445.5,-0.899,2026-01-13 23:17,2921
VOLTAS,2026-01-27,1440.0,42.45,78750.0,114750.0,18.75,166125.0,306000.0,1455.0,1479.8,1445.5,-0.899,2026-01-13 23:17,2502
VOLTAS,2026-01-27,1460.0,29.7,201375.0,337500.0,27.55,182250.0,296250.0,1455.0,1479.8,1445.5,-0.899,2026-01-13 23:17,2334
VOLTAS,2026-01-27,1480.0,20.0,189000.0,309000.0,39.0,147750.0,126750.0,1455.0,1479.8,1445.5,-0.899,2026-01-13 23:17,3007
VOLTAS,2026-01-27,1500.0,13.95,476250.0,639375.0,51.75,107625.0,39375.0,1455.0,1479.8,1445.5,-0.899,2026-01-13 23:17,4059
VOLTAS,2026-01-27,1520.0,9.15,205875.0,249000.0,58.3,32625.0,0.0,1455.0,1479.8,1445.5,-0.899,2026-01-13 23:17,6585
VOLTAS,2026-01-27,1540.0,6.2,259875.0,189375.0,88.5,30375.0,3000.0,1455.0,1479.8,1445.5,-0.899,2026-01-13 23:17,9478
VOLTAS,2026-01-27,1560.0,3.85,215250.0,158250.0,101.25,18750.0,0.0,1455.0,1479.8,1445.5,-0.899,2026-01-13 23:17,12846
VOLTAS,2026-01-27,1580.0,3.0,124875.0,97875.0,123.85,1500.0,1125.0,1455.0,1479.8,1445.5,-0.899,2026-01-13 23:17,16682
VOLTAS,2026-01-27,1600.0,1.95,414000.0,177750.0,134.9,34125.0,0.0,1455.0,1479.8,1445.5,-0.899,2026-01-13 23:17,20897
VOLTAS,2026-01-27,1620.0,1.6,46875.0,8625.0,0.0,0.0,0.0,1455.0,1479.8,1445.5,-0.899,2026-01-13 23:17,25610
VOLTAS,2026-01-27,1640.0,1.1,123000.0,26250.0,171.25,7500.0,0.0,1455.0,1479.8,1445.5,-0.899,2026-01-13 23:17,30804
VOLTAS,2026-01-27,1680.0,0.7,52125.0,5625.0,0.0,0.0,0.0,1455.0,1479.8,1445.5,-0.899,2026-01-13 23:17,41583
VOLTAS,2026-01-27,1720.0,0.3,375.0,0.0,0.0,0.0,0.0,1455.0,1479.8,1445.5,-0.899,2026-01-13 23:17,52690
WAAREEENER,2026-01-27,2000.0,0.0,0.0,0.0,1.6,0.0,350.0,2595.0,2611.8,2538.4,0.702,2026-01-13 23:17,57403
WAAREEENER,2026-01-27,2100.0,0.0,0.0,0.0,2.45,127400.0,333550.0,2595.0,2611.8,2538.4,0.702,2026-01-13 23:17,44516
WAAREEENER,2026-01-27,2200.0,0.0,0.0,0.0,3.95,104475.0,43400.0,2595.0,2611.8,2538.4,0.702,2026-01-13 23:17,32872
WAAREEENER,2026-01-27,2250.0,0.0,0.0,0.0,8.8,5075.0,0.0,2595.0,2611.8,2538.4,0.702,2026-01-13 23:17,27547
WAAREEENER,2026-01-27,2300.0,320.0,875.0,0.0,7.75,83650.0,71925.0,2595.0,2611.8,2538.4,0.702,2026-01-13 23:17,22283
WAAREEENER,2026-01-27,2350.0,0.0,0.0,0.0,11.95,42875.0,46900.0,2595.0,2611.8,2538.4,0.702,2026-01-13 23:17,17410
WAAREEENER,2026-01-27,2400.0,199.5,1750.0,0.0,18.15,218575.0,140875.0,2595.0,2611.8,2538.4,0.702,2026-01-13 23:17,12737
WAAREEENER,2026-01-27,2450.0,0.0,0.0,0.0,26.9,34125.0,20475.0,2595.0,2611.8,2538.4,0.702,2026-01-13 23:17,8856
WAAREEENER,2026-01-27,2500.0,146.05,19950.0,16975.0,40.0,136500.0,68600.0,2595.0,2611.8,2538.4,0.702,2026-01-13 23:17,5414
WAAREEENER,2026-01-27,2550.0,115.0,56525.0,59850.0,56.5,48125.0,39725.0,2595.0,2611.8,2538.4,0.702,2026-01-13 23:17,2592
WAAREEENER,2026-01-27,2600.0,85.05,116900.0,292425.0,80.0,115500.0,109375.0,2595.0,2611.8,2538.4,0.702,2026-01-13 23:17,927
WAAREEENER,2026-01-27,2650.0,61.85,88025.0,129675.0,100.15,42525.0,13475.0,2595.0,2611.8,2538.4,0.702,2026-01-13 23:17,115
WAAREEENER,2026-01-27,2700.0,45.55,319025.0,341775.0,139.9,118650.0,17150.0,2595.0,2611.8,2538.4,0.702,2026-01-13 23:17,4
WAAREEENER,2026-01-27,2750.0,32.5,97475.0,110425.0,212.0,35350.0,1050.0,2595.0,2611.8,2538.4,0.702,2026-01-13 23:17,1756
WAAREEENER,2026-01-27,2800.0,22.7,294525.0,334425.0,205.9,80150.0,6475.0,2595.0,2611.8,2538.4,0.702,2026-01-13 23:17,3947
WAAREEENER,2026-01-27,2850.0,16.4,117775.0,79275.0,307.1,19075.0,525.0,2595.0,2611.8,2538.4,0.702,2026-01-13 23:17,7462
WAAREEENER,2026-01-27,2900.0,12.2,239225.0,249900.0,343.45,21350.0,1750.0,2595.0,2611.8,2538.4,0.702,2026-01-13 23:17,12250
WAAREEENER,2026-01-27,2950.0,9.7,89425.0,48650.0,380.0,8925.0,525.0,2595.0,2611.8,2538.4,0.702,2026-01-13 23:17,18293
WAAREEENER,2026-01-27,3000.0,7.1,428750.0,221725.0,396.8,39900.0,1050.0,2595.0,2611.8,2538.4,0.702,2026-01-13 23:17,25016
WAAREEENER,2026-01-27,3050.0,5.35,53375.0,18025.0,391.0,875.0,0.0,2595.0,2611.8,2538.4,0.702,2026-01-13 23:17,33056
WAAREEENER,2026-01-27,3100.0,4.95,211050.0,88200.0,536.0,1400.0,700.0,2595.0,2611.8,2538.4,0.702,2026-01-13 23:17,42640
WAAREEENER,2026-01-27,3150.0,4.0,18725.0,2625.0,544.8,2275.0,0.0,2595.0,2611.8,2538.4,0.702,2026-01-13 23:17,53322
WAAREEENER,2026-01-27,3200.0,3.0,128450.0,63350.0,0.0,0.0,0.0,2595.0,2611.8,2538.4,0.702,2026-01-13 23:17,63962
WAAREEENER,2026-01-27,3250.0,3.45,5250.0,350.0,0.0,0.0,0.0,2595.0,2611.8,2538.4,0.702,2026-01-13 23:17,75400
WAAREEENER,2026-01-27,3300.0,2.3,56525.0,10500.0,0.0,0.0,0.0,2595.0,2611.8,2538.4,0.702,2026-01-13 23:17,86828
WAAREEENER,2026-01-27,3400.0,2.45,14000.0,1575.0,793.25,1050.0,0.0,2595.0,2611.8,2538.4,0.702,2026-01-13 23:17,110258
WAAREEENER,2026-01-27,3500.0,1.7,127400.0,7350.0,897.65,875.0,350.0,2595.0,2611.8,2538.4,0.702,2026-01-13 23:17,133745
WIPRO,2026-01-27,210.0,0.0,0.0,0.0,0.15,144000.0,27000.0,264.4,264.85,261.3,0.494,2026-01-13 23:17,116268
WIPRO,2026-01-27,215.0,0.0,0.0,0.0,0.15,87000.0,6000.0,264.4,264.85,261.3,0.494,2026-01-13 23:17,101890
WIPRO,2026-01-27,220.0,43.65,57000.0,0.0,0.25,357000.0,6000.0,264.4,264.85,261.3,0.494,2026-01-13 23:17,87556
WIPRO,2026-01-27,225.0,35.65,0.0,18000.0,0.25,282000.0,60000.0,264.4,264.85,261.3,0.494,2026-01-13 23:17,73671
WIPRO,2026-01-27,227.5,0.0,0.0,0.0,0.3,66000.0,81000.0,264.4,264.85,261.3,0.494,2026-01-13 23:17,66671
WIPRO,2026-01-27,230.0,30.55,84000.0,0.0,0.35,1848000.0,150000.0,264.4,264.85,261.3,0.494,2026-01-13 23:17,59694
WIPRO,2026-01-27,232.5,0.0,0.0,0.0,0.1,48000.0,0.0,264.4,264.85,261.3,0.494,2026-01-13 23:17,53393
WIPRO,2026-01-27,235.0,28.85,15000.0,0.0,0.5,909000.0,267000.0,264.4,264.85,261.3,0.494,2026-01-13 23:17,46912
WIPRO,2026-01-27,237.5,0.0,0.0,0.0,0.65,180000.0,63000.0,264.4,264.85,261.3,0.494,2026-01-13 23:17,40660
WIPRO,2026-01-27,240.0,22.5,285000.0,0.0,0.85,1962000.0,513000.0,264.4,264.85,261.3,0.494,2026-01-13 23:17,34443
WIPRO,2026-01-27,242.5,20.0,36000.0,39000.0,0.95,576000.0,96000.0,264.4,264.85,261.3,0.494,2026-01-13 23:17,29275
WIPRO,2026-01-27,245.0,19.5,474000.0,0.0,1.4,2022000.0,303000.0,264.4,264.85,261.3,0.494,2026-01-13 23:17,23802
WIPRO,2026-01-27,247.5,16.2,45000.0,18000.0,1.75,699000.0,405000.0,264.4,264.85,261.3,0.494,2026-01-13 23:17,19577
WIPRO,2026-01-27,250.0,14.45,471000.0,99000.0,2.3,4014000.0,2814000.0,264.4,264.85,261.3,0.494,2026-01-13 23:17,14848
WIPRO,2026-01-27,252.5,10.6,84000.0,3000.0,2.8,543000.0,426000.0,264.4,264.85,261.3,0.494,2026-01-13 23:17,11046
WIPRO,2026-01-27,255.0,10.45,465000.0,246000.0,3.6,1494000.0,1626000.0,264.4,264.85,261.3,0.494,2026-01-13 23:17,7581
WIPRO,2026-01-27,257.5,9.2,630000.0,264000.0,4.55,939000.0,600000.0,264.4,264.85,261.3,0.494,2026-01-13 23:17,4617
WIPRO,2026-01-27,260.0,7.5,2028000.0,3687000.0,5.6,4422000.0,3558000.0,264.4,264.85,261.3,0.494,2026-01-13 23:17,2250
WIPRO,2026-01-27,262.5,6.4,1437000.0,1407000.0,6.8,1257000.0,1287000.0,264.4,264.85,261.3,0.494,2026-01-13 23:17,387
WIPRO,2026-01-27,265.0,5.15,4656000.0,5643000.0,8.2,1791000.0,573000.0,264.4,264.85,261.3,0.494,2026-01-13 23:17,218
WIPRO,2026-01-27,267.5,4.3,1230000.0,1221000.0,9.8,558000.0,51000.0,264.4,264.85,261.3,0.494,2026-01-13 23:17,2525
WIPRO,2026-01-27,270.0,3.5,4566000.0,4278000.0,11.55,1776000.0,5223000.0,264.4,264.85,261.3,0.494,2026-01-13 23:17,4332
WIPRO,2026-01-27,272.5,2.85,1101000.0,987000.0,13.85,369000.0,27000.0,264.4,264.85,261.3,0.494,2026-01-13 23:17,7289
WIPRO,2026-01-27,275.0,2.25,2343000.0,2820000.0,16.55,411000.0,3000.0,264.4,264.85,261.3,0.494,2026-01-13 23:17,10869
WIPRO,2026-01-27,277.5,1.85,603000.0,354000.0,15.45,30000.0,0.0,264.4,264.85,261.3,0.494,2026-01-13 23:17,15182
WIPRO,2026-01-27,280.0,1.4,3582000.0,2085000.0,20.95,600000.0,15000.0,264.4,264.85,261.3,0.494,2026-01-13 23:17,19872
WIPRO,2026-01-27,282.5,1.15,513000.0,198000.0,19.7,24000.0,0.0,264.4,264.85,261.3,0.494,2026-01-13 23:17,24786
WIPRO,2026-01-27,285.0,0.9,1650000.0,315000.0,21.95,63000.0,0.0,264.4,264.85,261.3,0.494,2026-01-13 23:17,30602
WIPRO,2026-01-27,287.5,0.7,381000.0,24000.0,24.25,6000.0,0.0,264.4,264.85,261.3,0.494,2026-01-13 23:17,36845
WIPRO,2026-01-27,290.0,0.6,1854000.0,1392000.0,28.4,534000.0,15000.0,264.4,264.85,261.3,0.494,2026-01-13 23:17,43187
WIPRO,2026-01-27,292.5,0.5,285000.0,42000.0,28.95,3000.0,0.0,264.4,264.85,261.3,0.494,2026-01-13 23:17,48707
WIPRO,2026-01-27,295.0,0.4,1974000.0,180000.0,31.4,342000.0,0.0,264.4,264.85,261.3,0.494,2026-01-13 23:17,55711
WIPRO,2026-01-27,297.5,0.15,45000.0,0.0,0.0,0.0,0.0,264.4,264.85,261.3,0.494,2026-01-13 23:17,62294
WIPRO,2026-01-27,300.0,0.3,3240000.0,579000.0,39.4,273000.0,12000.0,264.4,264.85,261.3,0.494,2026-01-13 23:17,69883
WIPRO,2026-01-27,305.0,0.25,510000.0,54000.0,41.2,3000.0,0.0,264.4,264.85,261.3,0.494,2026-01-13 23:17,85838
WIPRO,2026-01-27,310.0,0.1,861000.0,111000.0,46.2,264000.0,0.0,264.4,264.85,261.3,0.494,2026-01-13 23:17,103028
YESBANK,2026-01-27,18.0,5.0,622000.0,0.0,0.01,4789400.0,248800.0,22.78,23.12,22.6,-0.784,2026-01-13 23:17,60077
YESBANK,2026-01-27,19.0,4.01,1088500.0,0.0,0.02,6810900.0,2363600.0,22.78,23.12,22.6,-0.784,2026-01-13 23:17,40899
YESBANK,2026-01-27,20.0,2.88,9454400.0,964100.0,0.04,33525800.0,11786900.0,22.78,23.12,22.6,-0.784,2026-01-13 23:17,22627
YESBANK,2026-01-27,21.0,1.93,12440000.0,3794200.0,0.09,37568800.0,21272400.0,22.78,23.12,22.6,-0.784,2026-01-13 23:17,10820
YESBANK,2026-01-27,22.0,1.09,44441900.0,13901700.0,0.24,47365300.0,24351300.0,22.78,23.12,22.6,-0.784,2026-01-13 23:17,3487
YESBANK,2026-01-27,23.0,0.48,71063500.0,72774000.0,0.67,45748100.0,20712600.0,22.78,23.12,22.6,-0.784,2026-01-13 23:17,6980
YESBANK,2026-01-27,24.0,0.22,79273900.0,76070600.0,1.37,13217500.0,7121900.0,22.78,23.12,22.6,-0.784,2026-01-13 23:17,18793
YESBANK,2026-01-27,25.0,0.11,55047000.0,48453800.0,2.27,6126700.0,995200.0,22.78,23.12,22.6,-0.784,2026-01-13 23:17,39442
YESBANK,2026-01-27,26.0,0.05,32375100.0,21894400.0,2.96,5100400.0,0.0,22.78,23.12,22.6,-0.784,2026-01-13 23:17,65490
YESBANK,2026-01-27,27.0,0.03,3483200.0,1897100.0,0.0,0.0,0.0,22.78,23.12,22.6,-0.784,2026-01-13 23:17,94722
YESBANK,2026-01-27,28.0,0.03,11911300.0,2830100.0,0.0,0.0,0.0,22.78,23.12,22.6,-0.784,2026-01-13 23:17,125662
YESBANK,2026-01-27,30.0,0.02,7650600.0,0.0,0.0,0.0,0.0,22.78,23.12,22.6,-0.784,2026-01-13 23:17,189938
ZYDUSLIFE,2026-01-27,760.0,139.55,0.0,2700.0,0.15,11700.0,0.0,900.1,902.05,885.45,0.564,2026-01-13 23:17,43917
ZYDUSLIFE,2026-01-27,780.0,0.0,0.0,0.0,0.25,900.0,0.0,900.1,902.05,885.45,0.564,2026-01-13 23:17,37520
ZYDUSLIFE,2026-01-27,800.0,0.0,0.0,0.0,0.7,55800.0,50400.0,900.1,902.05,885.45,0.564,2026-01-13 23:17,31124
ZYDUSLIFE,2026-01-27,810.0,0.0,0.0,0.0,0.95,15300.0,18900.0,900.1,902.05,885.45,0.564,2026-01-13 23:17,27979
ZYDUSLIFE,2026-01-27,820.0,0.0,0.0,0.0,1.0,69300.0,56700.0,900.1,902.05,885.45,0.564,2026-01-13 23:17,24850
ZYDUSLIFE,2026-01-27,830.0,0.0,0.0,0.0,0.7,18000.0,0.0,900.1,902.05,885.45,0.564,2026-01-13 23:17,21786
ZYDUSLIFE,2026-01-27,840.0,0.0,0.0,0.0,1.95,326700.0,187200.0,900.1,902.05,885.45,0.564,2026-01-13 23:17,18746
ZYDUSLIFE,2026-01-27,850.0,54.7,41400.0,900.0,2.4,202500.0,81000.0,900.1,902.05,885.45,0.564,2026-01-13 23:17,15969
ZYDUSLIFE,2026-01-27,860.0,59.85,2700.0,0.0,3.65,64800.0,9900.0,900.1,902.05,885.45,0.564,2026-01-13 23:17,13679
ZYDUSLIFE,2026-01-27,870.0,35.25,6300.0,0.0,5.0,69300.0,44100.0,900.1,902.05,885.45,0.564,2026-01-13 23:17,11270
ZYDUSLIFE,2026-01-27,880.0,30.0,28800.0,15300.0,7.5,172800.0,83700.0,900.1,902.05,885.45,0.564,2026-01-13 23:17,8932
ZYDUSLIFE,2026-01-27,890.0,21.9,85500.0,148500.0,11.0,126900.0,234900.0,900.1,902.05,885.45,0.564,2026-01-13 23:17,6765
ZYDUSLIFE,2026-01-27,900.0,16.0,325800.0,670500.0,15.45,984600.0,219600.0,900.1,902.05,885.45,0.564,2026-01-13 23:17,4901
ZYDUSLIFE,2026-01-27,910.0,11.45,205200.0,172800.0,19.4,237600.0,75600.0,900.1,902.05,885.45,0.564,2026-01-13 23:17,3300
ZYDUSLIFE,2026-01-27,920.0,7.75,390600.0,194400.0,30.0,190800.0,10800.0,900.1,902.05,885.45,0.564,2026-01-13 23:17,2915
ZYDUSLIFE,2026-01-27,930.0,5.4,347400.0,305100.0,40.0,140400.0,12600.0,900.1,902.05,885.45,0.564,2026-01-13 23:17,3068
ZYDUSLIFE,2026-01-27,940.0,3.55,675900.0,430200.0,41.2,87300.0,1800.0,900.1,902.05,885.45,0.564,2026-01-13 23:17,3605
ZYDUSLIFE,2026-01-27,950.0,2.6,349200.0,146700.0,49.75,82800.0,900.0,900.1,902.05,885.45,0.564,2026-01-13 23:17,5160
ZYDUSLIFE,2026-01-27,960.0,2.0,240300.0,33300.0,64.75,29700.0,0.0,900.1,902.05,885.45,0.564,2026-01-13 23:17,6944
ZYDUSLIFE,2026-01-27,970.0,1.4,252900.0,84600.0,60.5,6300.0,0.0,900.1,902.05,885.45,0.564,2026-01-13 23:17,9176
ZYDUSLIFE,2026-01-27,980.0,1.1,222300.0,127800.0,75.5,13500.0,0.0,900.1,902.05,885.45,0.564,2026-01-13 23:17,11809
ZYDUSLIFE,2026-01-27,990.0,1.05,153000.0,63900.0,103.2,1800.0,0.0,900.1,902.05,885.45,0.564,2026-01-13 23:17,14602
ZYDUSLIFE,2026-01-27,1000.0,0.8,580500.0,65700.0,78.0,93600.0,0.0,900.1,902.05,885.45,0.564,2026-01-13 23:17,17625
ZYDUSLIFE,2026-01-27,1010.0,1.1,19800.0,3600.0,102.0,1800.0,0.0,900.1,902.05,885.45,0.564,2026-01-13 23:17,20642
ZYDUSLIFE,2026-01-27,1020.0,0.5,44100.0,900.0,90.2,18000.0,0.0,900.1,902.05,885.45,0.564,2026-01-13 23:17,24347
ZYDUSLIFE,2026-01-27,1030.0,0.0,0.0,0.0,118.0,900.0,0.0,900.1,902.05,885.45,0.564,2026-01-13 23:17,27970
ZYDUSLIFE,2026-01-27,1040.0,0.35,32400.0,0.0,117.0,45900.0,0.0,900.1,902.05,885.45,0.564,2026-01-13 23:17,31744
ZYDUSLIFE,2026-01-27,1060.0,0.5,20700.0,0.0,139.6,18000.0,0.0,900.1,902.05,885.45,0.564,2026-01-13 23:17,38934
ZYDUSLIFE,2026-01-27,1080.0,0.1,6300.0,900.0,0.0,0.0,0.0,900.1,902.05,885.45,0.564,2026-01-13 23:17,46487
ZYDUSLIFE,2026-01-27,1100.0,0.25,38700.0,0.0,181.2,123300.0,0.0,900.1,902.05,885.45,0.564,2026-01-13 23:17,54302
